1920 480
1920 480
767.9375 460.8923
767.9802 460.9222
767.9515 460.9159
768.0143 460.9253
768.0046 460.9233
768.0075 460.918
767.9863 460.9147
768.0065 460.9131
767.9951 460.9061
768.0032 460.8898
767.9785 460.8973
768.0104 460.881
768.0566 460.8826
768.055 460.9053
768.1107 460.8898
768.0605 460.904
768.0156 460.9199
768.0394 460.922
768.0342 460.9269
768.0892 460.9429
768.0176 460.9531
768.0469 460.9318
767.9727 460.9453
768.0042 460.9632
768.0228 460.9119
768.0472 460.9115
768.1045 460.949
768.002 460.9334
767.9642 460.9238
768.0137 460.9294
768.0554 460.9108
768.0378 460.917
768.0996 460.8954
768.0527 460.8949
768.0352 460.901
768.0648 460.9063
768.0524 460.877
768.0257 460.8846
768.0511 460.8792
768.0179 460.9025
768.002 460.8838
767.9814 460.9014
768.03 460.8716
768.0403 460.8895
768.0169 460.9009
767.9717 460.9189
768.0068 460.8874
768.0218 460.8849
768.0198 460.89
768.0205 460.8766
768.0515 460.8652
768.0495 460.8678
768.0469 460.8835
768.0283 460.8845
768.0349 460.8828
768.0254 460.8896
768.0436 460.8773
768.0511 460.8699
768.0654 460.8685
768.0566 460.8763
768.0654 460.8857
768.0726 460.8914
768.0856 460.901
768.0703 460.8936
768.0635 460.8957
768.0729 460.8908
768.0628 460.8919
768.0657 460.8898
768.0784 460.8825
768.0508 460.9014
768.043 460.9071
768.0498 460.9066
768.0417 460.9141
768.0117 460.9055
767.9993 460.8921
767.9944 460.8874
767.9759 460.8937
767.971 460.8921
767.9759 460.89
767.9661 460.8898
767.9739 460.89
767.9645 460.8919
767.944 460.8888
767.9437 460.8887
767.9557 460.895
767.9417 460.9048
767.9219 460.9139
767.9378 460.9162
767.9189 460.9202
767.8877 460.9175
767.8655 460.9103
767.8623 460.9105
767.8532 460.9274
767.8646 460.9263
767.8776 460.9227
767.8779 460.9264
767.8757 460.9276
767.8655 460.9271
767.874 460.936
767.8724 460.9408
767.889 460.9334
767.8884 460.931
767.8704 460.937
767.8721 460.9456
767.8685 460.9381
767.8535 460.9399
767.8298 460.9412
767.8161 460.9431
767.8157 460.9383
767.803 460.9476
767.7855 460.9466
767.7822 460.9386
767.7991 460.9328
767.8011 460.9348
767.8177 460.928
767.8294 460.9352
767.7959 460.9426
767.777 460.9487
767.7725 460.944
767.7897 460.9404
767.8024 460.9403
767.8216 460.9426
767.8145 460.9453
767.8148 460.9461
767.8275 460.9437
767.8301 460.9538
767.8239 460.96
767.8024 460.9619
767.7946 460.9668
767.7881 460.9621
767.7776 460.9591
767.7884 460.963
767.7927 460.9608
767.8044 460.9557
767.7728 460.9546
767.7549 460.95
767.75 460.9473
767.7503 460.9507
767.7523 460.9473
767.7939 460.9386
767.7871 460.9359
767.7907 460.9279
767.8157 460.9201
767.8457 460.9178
767.86 460.933
767.875 460.9391
767.8835 460.9417
767.9111 460.9325
767.9232 460.9264
767.9232 460.931
767.9225 460.9277
767.9372 460.9295
767.9421 460.9227
767.9424 460.9175
767.9167 460.909
767.9095 460.9082
767.8936 460.9227
767.8796 460.9312
767.8727 460.9383
767.886 460.9484
767.8867 460.9482
767.8841 460.9419
767.9082 460.9348
767.8919 460.929
767.886 460.9202
767.8854 460.9149
767.8789 460.9063
767.8792 460.9134
767.9056 460.9157
767.8884 460.9061
767.8688 460.9071
767.8828 460.9133
767.8884 460.9175
767.8659 460.9173
767.8447 460.9088
767.8311 460.9014
767.82 460.8979
767.8167 460.9037
767.8362 460.9102
767.8327 460.9071
767.8125 460.9072
767.8206 460.8983
767.8434 460.8971
767.8737 460.904
767.9026 460.9015
767.8952 460.91
767.8867 460.9138
767.8916 460.9206
767.916 460.9178
767.8958 460.9245
767.8799 460.9264
767.8522 460.9274
767.8294 460.9362
767.8206 460.9391
767.8034 460.932
767.8171 460.9248
767.8477 460.9211
767.8613 460.9233
767.8926 460.9077
767.9271 460.9033
767.9359 460.9044
767.944 460.8957
767.9567 460.8961
767.9573 460.8978
767.9391 460.9035
767.9476 460.9066
767.9313 460.9146
767.9329 460.9253
767.9485 460.9233
767.9499 460.9294
767.9661 460.9307
767.9902 460.9302
768.0046 460.9277
767.9766 460.9229
767.9905 460.9061
768.0254 460.9017
768.0605 460.8932
768.0664 460.8942
768.0781 460.8888
768.084 460.8836
768.0853 460.8947
768.0886 460.895
768.0941 460.8949
768.0879 460.8994
768.0762 460.8976
768.0837 460.8937
768.0931 460.9019
768.0993 460.9025
768.1198 460.8954
768.1273 460.8954
768.112 460.9071
768.1204 460.905
768.1367 460.901
768.1429 460.9001
768.1426 460.8992
768.1406 460.9033
768.1208 460.9061
768.1263 460.9061
768.1136 460.9126
768.1097 460.9165
768.0938 460.9331
768.0732 460.9334
768.0632 460.932
768.0759 460.9341
768.0703 460.9461
768.0674 460.9437
768.0554 460.9285
768.0254 460.9277
768.0352 460.9207
768.029 460.9233
768.0254 460.93
768.0189 460.9287
768.0182 460.9343
768.0173 460.9386
768.0042 460.9303
768.0192 460.9274
768.0182 460.9312
768.0218 460.9292
768.0202 460.9303
768.0241 460.9404
768.0062 460.9417
767.985 460.9474
767.9792 460.9427
767.9655 460.9442
767.9434 460.9375
767.9518 460.9238
767.9622 460.9238
767.9548 460.9242
767.9421 460.9207
767.9294 460.9222
767.9235 460.9266
767.9245 460.9188
767.9268 460.9123
767.9131 460.9204
767.9147 460.9128
767.902 460.9118
767.8968 460.9248
767.8825 460.9251
767.8623 460.9259
767.8594 460.9238
767.8506 460.9282
767.8682 460.9199
767.8626 460.9164
767.8626 460.9211
767.833 460.9351
767.8444 460.9325
767.8235 460.9346
767.8083 460.9339
767.8206 460.9458
767.7917 460.9476
767.7627 460.9452
767.7471 460.9318
767.7637 460.9181
767.7568 460.9211
767.7425 460.9303
767.7318 460.93
767.7337 460.9398
767.7318 460.9487
1920 480
1920 480
767.9375 460.8923
767.9802 460.9222
767.9515 460.9159
768.0143 460.9253
768.0046 460.9233
768.0075 460.918
767.9863 460.9147
768.0065 460.9131
767.9951 460.9061
768.0032 460.8898
767.9785 460.8973
768.0104 460.881
768.0566 460.8826
768.055 460.9053
768.1107 460.8898
768.0605 460.904
768.0156 460.9199
768.0394 460.922
768.0342 460.9269
768.0892 460.9429
768.0176 460.9531
768.0469 460.9318
767.9727 460.9453
768.0042 460.9632
768.0228 460.9119
768.0472 460.9115
768.1045 460.949
768.002 460.9334
767.9642 460.9238
768.0137 460.9294
768.0554 460.9108
768.0378 460.917
768.0996 460.8954
768.0527 460.8949
768.0352 460.901
768.0648 460.9063
768.0524 460.877
768.0257 460.8846
768.0511 460.8792
768.0179 460.9025
768.002 460.8838
767.9814 460.9014
768.03 460.8716
768.0403 460.8895
768.0169 460.9009
767.9717 460.9189
768.0068 460.8874
768.0218 460.8849
768.0198 460.89
768.0205 460.8766
768.0515 460.8652
768.0495 460.8678
768.0469 460.8835
768.0283 460.8845
768.0349 460.8828
768.0254 460.8896
768.0436 460.8773
768.0511 460.8699
768.0654 460.8685
768.0566 460.8763
768.0654 460.8857
768.0726 460.8914
768.0856 460.901
768.0703 460.8936
768.0635 460.8957
768.0729 460.8908
768.0628 460.8919
768.0657 460.8898
768.0784 460.8825
768.0508 460.9014
768.043 460.9071
768.0498 460.9066
768.0417 460.9141
768.0117 460.9055
767.9993 460.8921
767.9944 460.8874
767.9759 460.8937
767.971 460.8921
767.9759 460.89
767.9661 460.8898
767.9739 460.89
767.9645 460.8919
767.944 460.8888
767.9437 460.8887
767.9557 460.895
767.9417 460.9048
767.9219 460.9139
767.9378 460.9162
767.9189 460.9202
767.8877 460.9175
767.8655 460.9103
767.8623 460.9105
767.8532 460.9274
767.8646 460.9263
767.8776 460.9227
767.8779 460.9264
767.8757 460.9276
767.8655 460.9271
767.874 460.936
767.8724 460.9408
767.889 460.9334
767.8884 460.931
767.8704 460.937
767.8721 460.9456
767.8685 460.9381
767.8535 460.9399
767.8298 460.9412
767.8161 460.9431
767.8157 460.9383
767.803 460.9476
767.7855 460.9466
767.7822 460.9386
767.7991 460.9328
767.8011 460.9348
767.8177 460.928
767.8294 460.9352
767.7959 460.9426
767.777 460.9487
767.7725 460.944
767.7897 460.9404
767.8024 460.9403
767.8216 460.9426
767.8145 460.9453
767.8148 460.9461
767.8275 460.9437
767.8301 460.9538
767.8239 460.96
767.8024 460.9619
767.7946 460.9668
767.7881 460.9621
767.7776 460.9591
767.7884 460.963
767.7927 460.9608
767.8044 460.9557
767.7728 460.9546
767.7549 460.95
767.75 460.9473
767.7503 460.9507
767.7523 460.9473
767.7939 460.9386
767.7871 460.9359
767.7907 460.9279
767.8157 460.9201
767.8457 460.9178
767.86 460.933
767.875 460.9391
767.8835 460.9417
767.9111 460.9325
767.9232 460.9264
767.9232 460.931
767.9225 460.9277
767.9372 460.9295
767.9421 460.9227
767.9424 460.9175
767.9167 460.909
767.9095 460.9082
767.8936 460.9227
767.8796 460.9312
767.8727 460.9383
767.886 460.9484
767.8867 460.9482
767.8841 460.9419
767.9082 460.9348
767.8919 460.929
767.886 460.9202
767.8854 460.9149
767.8789 460.9063
767.8792 460.9134
767.9056 460.9157
767.8884 460.9061
767.8688 460.9071
767.8828 460.9133
767.8884 460.9175
767.8659 460.9173
767.8447 460.9088
767.8311 460.9014
767.82 460.8979
767.8167 460.9037
767.8362 460.9102
767.8327 460.9071
767.8125 460.9072
767.8206 460.8983
767.8434 460.8971
767.8737 460.904
767.9026 460.9015
767.8952 460.91
767.8867 460.9138
767.8916 460.9206
767.916 460.9178
767.8958 460.9245
767.8799 460.9264
767.8522 460.9274
767.8294 460.9362
767.8206 460.9391
767.8034 460.932
767.8171 460.9248
767.8477 460.9211
767.8613 460.9233
767.8926 460.9077
767.9271 460.9033
767.9359 460.9044
767.944 460.8957
767.9567 460.8961
767.9573 460.8978
767.9391 460.9035
767.9476 460.9066
767.9313 460.9146
767.9329 460.9253
767.9485 460.9233
767.9499 460.9294
767.9661 460.9307
767.9902 460.9302
768.0046 460.9277
767.9766 460.9229
767.9905 460.9061
768.0254 460.9017
768.0605 460.8932
768.0664 460.8942
768.0781 460.8888
768.084 460.8836
768.0853 460.8947
768.0886 460.895
768.0941 460.8949
768.0879 460.8994
768.0762 460.8976
768.0837 460.8937
768.0931 460.9019
768.0993 460.9025
768.1198 460.8954
768.1273 460.8954
768.112 460.9071
768.1204 460.905
768.1367 460.901
768.1429 460.9001
768.1426 460.8992
768.1406 460.9033
768.1208 460.9061
768.1263 460.9061
768.1136 460.9126
768.1097 460.9165
768.0938 460.9331
768.0732 460.9334
768.0632 460.932
768.0759 460.9341
768.0703 460.9461
768.0674 460.9437
768.0554 460.9285
768.0254 460.9277
768.0352 460.9207
768.029 460.9233
768.0254 460.93
768.0189 460.9287
768.0182 460.9343
768.0173 460.9386
768.0042 460.9303
768.0192 460.9274
768.0182 460.9312
768.0218 460.9292
768.0202 460.9303
768.0241 460.9404
768.0062 460.9417
767.985 460.9474
767.9792 460.9427
767.9655 460.9442
767.9434 460.9375
767.9518 460.9238
767.9622 460.9238
767.9548 460.9242
767.9421 460.9207
767.9294 460.9222
767.9235 460.9266
767.9245 460.9188
767.9268 460.9123
767.9131 460.9204
767.9147 460.9128
767.902 460.9118
767.8968 460.9248
767.8825 460.9251
767.8623 460.9259
767.8594 460.9238
767.8506 460.9282
767.8682 460.9199
767.8626 460.9164
767.8626 460.9211
767.833 460.9351
767.8444 460.9325
767.8235 460.9346
767.8083 460.9339
767.8206 460.9458
767.7917 460.9476
767.7627 460.9452
767.7471 460.9318
767.7637 460.9181
767.7568 460.9211
767.7425 460.9303
767.7318 460.93
767.7337 460.9398
767.7318 460.9487
