1920 480
757.6416 457.0361
757.5661 457.0234
757.5713 457.0083
757.57 457.021
757.569 457.0355
757.5557 457.0194
757.596 457.0109
757.5898 457.0002
757.596 456.9889
757.5735 456.9876
757.5703 456.9839
757.5329 456.9969
757.5586 457.0103
757.572 457.0164
757.5742 456.9854
757.489 456.9951
757.5417 456.9673
757.4411 456.9564
757.4479 456.9769
757.4352 456.9701
757.4075 456.978
757.3513 457.0012
757.4004 456.9724
757.3854 456.987
757.3132 457.0016
757.3167 456.9683
757.3444 456.9754
757.3259 456.971
757.3102 456.9572
757.3177 456.9583
757.3555 456.9536
757.3047 456.9365
757.2477 456.9587
757.2656 456.9419
757.1895 456.9743
757.2793 456.973
757.2549 456.9719
757.28 456.9832
757.2344 456.9629
757.2507 456.9243
757.2057 456.9647
757.1605 456.9669
757.209 456.9546
757.2204 456.9336
757.2236 456.9349
757.2526 456.9141
757.1745 456.9227
757.2376 456.9518
757.2093 456.9334
757.2233 456.9445
757.2249 456.9445
757.2178 456.9455
757.1946 456.9408
757.2044 456.9355
757.2246 456.9321
757.2549 456.9303
757.2571 456.9346
757.2562 456.9381
757.2643 456.942
757.2708 456.9422
757.264 456.9495
757.2813 456.9469
757.279 456.9447
757.2708 456.9434
757.2673 456.9487
757.2659 456.9458
757.2656 456.9468
757.2624 456.9491
757.8069 456.9565
766.5251 456.9707
768.9265 456.9759
775.5075 456.9754
782.5915 456.9756
789.8802 456.9761
796.8245 456.9785
803.721 456.9802
810.697 456.9756
817.9105 456.9748
824.8545 456.9728
832.2773 456.9665
842.0403 456.9761
849.2018 456.9795
856.3828 456.9759
863.6849 456.98
870.5752 456.979
877.7151 456.9779
884.7233 456.9757
892.488 456.9821
899.2627 456.9805
906.7663 456.9782
913.9658 456.9756
921.6732 456.986
928.25 456.9919
935.6367 456.9956
942.5254 456.9976
949.6693 456.9994
956.6497 456.9977
963.6558 456.9922
970.8797 456.9894
978.0679 456.9951
984.8142 457.0027
992.3568 457.0073
999.0843 457.0169
1006.434 457.0204
1013.591 457.0204
1021.056 457.0228
1027.691 457.0231
1034.922 457.0326
1042.077 457.0283
1049.203 457.0277
1056.506 457.0267
1064.053 457.0244
1070.396 457.0264
1077.04 457.0221
1084.16 457.0254
1091.714 457.0305
1098.514 457.0257
1105.734 457.0186
1112.521 457.0121
1118.329 457.002
1122.665 456.9935
1125.873 456.9873
1128.495 456.9899
1131.067 456.9795
1133.585 456.9779
1136.163 456.9793
1138.569 456.9766
1140.926 456.9734
1143.398 456.9779
1145.108 456.9775
1145.145 456.9831
1145.206 456.9814
1145.176 456.9883
1145.174 456.9878
1145.176 456.9807
1145.177 456.9754
1145.162 456.9777
1145.156 456.9798
1145.15 456.9818
1145.129 456.9896
1145.129 456.9961
1145.135 456.9937
1145.136 456.9974
1145.132 457.0015
1145.152 456.9979
1145.17 457.0106
1145.15 457.0151
1145.152 457.0086
1145.153 457.0095
1145.163 457.0052
1145.175 456.999
1145.171 457.0023
1145.164 457.0021
1145.141 457.0023
1145.139 457.009
1145.174 457.0121
1145.176 457.0127
1145.193 457.0189
1145.194 457.0163
1145.211 457.0038
1145.211 457.002
1145.204 457.0023
1145.191 457.0052
1145.18 456.9948
1145.181 456.9897
1145.181 456.9885
1145.175 456.9902
1145.185 456.9858
1145.201 456.9702
1145.218 456.9696
1145.215 456.966
1145.214 456.9679
1145.218 456.9681
1145.21 456.9676
1145.216 456.9666
1145.224 456.9715
1145.228 456.9655
1145.245 456.9655
1145.245 456.9676
1145.266 456.96
1145.285 456.9582
1145.295 456.9556
1145.29 456.9578
1145.295 456.952
1145.301 456.9621
1145.307 456.9749
1145.335 456.9738
1145.332 456.9836
1145.316 456.9985
1145.295 457.0047
1145.28 457.0128
1145.287 457.0112
1145.285 457.0098
1145.265 457.0088
1145.296 457.0049
1145.296 457.0073
1145.299 457.0086
1145.284 457.013
1145.298 457.0142
1145.305 457.0194
1145.297 457.0257
1145.308 457.0269
1145.319 457.0211
1145.328 457.0142
1145.335 457.0106
1145.32 457.0173
1145.333 457.0133
1145.331 457.0106
1145.324 457.0127
1145.353 457.0021
1145.367 456.9964
1145.375 457.0015
1145.364 457.0034
1145.326 457.0021
1145.307 457.0055
1145.307 457.0044
1145.321 457.005
1145.313 457.0072
1145.297 457.0101
1145.299 457.0052
1145.314 456.9969
1145.33 457
1145.311 457.0002
1145.279 457.0081
1145.275 457.0083
1145.275 457.0098
1145.286 457.0018
1145.305 457.0063
1145.305 457.0038
1145.289 457.0041
1145.28 457.0013
1145.256 457.0016
1145.249 457.0117
1145.249 457.0096
1145.244 457.0098
1145.239 457.0077
1145.244 457.0093
1145.248 457.0124
1145.257 457.0067
1145.278 456.9984
1145.284 457.0016
1145.293 457.001
1145.284 457.002
1145.283 456.9917
1145.269 456.9906
1145.259 456.9866
1145.25 456.9828
1145.247 456.9855
1145.25 456.9878
1145.259 456.988
1145.264 456.9893
1145.25 456.9861
1145.253 456.9865
1145.249 456.9917
1145.278 456.9979
1145.28 456.9954
1145.294 456.9964
1145.294 456.9958
1145.287 456.9989
1145.271 457.0008
1145.29 457.0013
1145.325 457.0052
1145.341 457.0041
1145.321 457.0085
1145.309 457.0093
1145.312 457.0119
1145.331 457.0073
1145.319 457.0018
1145.321 457.0099
1145.327 457.0034
1145.334 456.9962
1145.317 456.9949
1145.312 456.9902
1145.316 456.9873
1145.33 456.9854
1145.304 456.9863
1145.31 456.9875
1145.315 456.9798
1145.319 456.9802
1145.343 456.9803
1145.338 456.9785
1145.32 456.9842
1145.305 456.9932
1145.309 456.9854
1145.295 456.9897
1145.309 456.9842
1145.308 456.9845
1145.319 456.9873
1145.317 456.9915
1145.329 456.9899
1145.32 456.9901
1145.318 456.9964
1145.306 457.0006
1145.304 457.0016
1145.302 456.9977
1145.317 457.0052
1145.328 457.008
1145.33 457.0103
1145.324 457.0085
1920 480
757.6416 457.0361
757.5661 457.0234
757.5713 457.0083
757.57 457.021
757.569 457.0355
757.5557 457.0194
757.596 457.0109
757.5898 457.0002
757.596 456.9889
757.5735 456.9876
757.5703 456.9839
757.5329 456.9969
757.5586 457.0103
757.572 457.0164
757.5742 456.9854
757.489 456.9951
757.5417 456.9673
757.4411 456.9564
757.4479 456.9769
757.4352 456.9701
757.4075 456.978
757.3513 457.0012
757.4004 456.9724
757.3854 456.987
757.3132 457.0016
757.3167 456.9683
757.3444 456.9754
757.3259 456.971
757.3102 456.9572
757.3177 456.9583
757.3555 456.9536
757.3047 456.9365
757.2477 456.9587
757.2656 456.9419
757.1895 456.9743
757.2793 456.973
757.2549 456.9719
757.28 456.9832
757.2344 456.9629
757.2507 456.9243
757.2057 456.9647
757.1605 456.9669
757.209 456.9546
757.2204 456.9336
757.2236 456.9349
757.2526 456.9141
757.1745 456.9227
757.2376 456.9518
757.2093 456.9334
757.2233 456.9445
757.2249 456.9445
757.2178 456.9455
757.1946 456.9408
757.2044 456.9355
757.2246 456.9321
757.2549 456.9303
757.2571 456.9346
757.2562 456.9381
757.2643 456.942
757.2708 456.9422
757.264 456.9495
757.2813 456.9469
757.279 456.9447
757.2708 456.9434
757.2673 456.9487
757.2659 456.9458
757.2656 456.9468
757.2624 456.9491
757.8069 456.9565
766.5251 456.9707
768.9265 456.9759
775.5075 456.9754
782.5915 456.9756
789.8802 456.9761
796.8245 456.9785
803.721 456.9802
810.697 456.9756
817.9105 456.9748
824.8545 456.9728
832.2773 456.9665
842.0403 456.9761
849.2018 456.9795
856.3828 456.9759
863.6849 456.98
870.5752 456.979
877.7151 456.9779
884.7233 456.9757
892.488 456.9821
899.2627 456.9805
906.7663 456.9782
913.9658 456.9756
921.6732 456.986
928.25 456.9919
935.6367 456.9956
942.5254 456.9976
949.6693 456.9994
956.6497 456.9977
963.6558 456.9922
970.8797 456.9894
978.0679 456.9951
984.8142 457.0027
992.3568 457.0073
999.0843 457.0169
1006.434 457.0204
1013.591 457.0204
1021.056 457.0228
1027.691 457.0231
1034.922 457.0326
1042.077 457.0283
1049.203 457.0277
1056.506 457.0267
1064.053 457.0244
1070.396 457.0264
1077.04 457.0221
1084.16 457.0254
1091.714 457.0305
1098.514 457.0257
1105.734 457.0186
1112.521 457.0121
1118.329 457.002
1122.665 456.9935
1125.873 456.9873
1128.495 456.9899
1131.067 456.9795
1133.585 456.9779
1136.163 456.9793
1138.569 456.9766
1140.926 456.9734
1143.398 456.9779
1145.108 456.9775
1145.145 456.9831
1145.206 456.9814
1145.176 456.9883
1145.174 456.9878
1145.176 456.9807
1145.177 456.9754
1145.162 456.9777
1145.156 456.9798
1145.15 456.9818
1145.129 456.9896
1145.129 456.9961
1145.135 456.9937
1145.136 456.9974
1145.132 457.0015
1145.152 456.9979
1145.17 457.0106
1145.15 457.0151
1145.152 457.0086
1145.153 457.0095
1145.163 457.0052
1145.175 456.999
1145.171 457.0023
1145.164 457.0021
1145.141 457.0023
1145.139 457.009
1145.174 457.0121
1145.176 457.0127
1145.193 457.0189
1145.194 457.0163
1145.211 457.0038
1145.211 457.002
1145.204 457.0023
1145.191 457.0052
1145.18 456.9948
1145.181 456.9897
1145.181 456.9885
1145.175 456.9902
1145.185 456.9858
1145.201 456.9702
1145.218 456.9696
1145.215 456.966
1145.214 456.9679
1145.218 456.9681
1145.21 456.9676
1145.216 456.9666
1145.224 456.9715
1145.228 456.9655
1145.245 456.9655
1145.245 456.9676
1145.266 456.96
1145.285 456.9582
1145.295 456.9556
1145.29 456.9578
1145.295 456.952
1145.301 456.9621
1145.307 456.9749
1145.335 456.9738
1145.332 456.9836
1145.316 456.9985
1145.295 457.0047
1145.28 457.0128
1145.287 457.0112
1145.285 457.0098
1145.265 457.0088
1145.296 457.0049
1145.296 457.0073
1145.299 457.0086
1145.284 457.013
1145.298 457.0142
1145.305 457.0194
1145.297 457.0257
1145.308 457.0269
1145.319 457.0211
1145.328 457.0142
1145.335 457.0106
1145.32 457.0173
1145.333 457.0133
1145.331 457.0106
1145.324 457.0127
1145.353 457.0021
1145.367 456.9964
1145.375 457.0015
1145.364 457.0034
1145.326 457.0021
1145.307 457.0055
1145.307 457.0044
1145.321 457.005
1145.313 457.0072
1145.297 457.0101
1145.299 457.0052
1145.314 456.9969
1145.33 457
1145.311 457.0002
1145.279 457.0081
1145.275 457.0083
1145.275 457.0098
1145.286 457.0018
1145.305 457.0063
1145.305 457.0038
1145.289 457.0041
1145.28 457.0013
1145.256 457.0016
1145.249 457.0117
1145.249 457.0096
1145.244 457.0098
1145.239 457.0077
1145.244 457.0093
1145.248 457.0124
1145.257 457.0067
1145.278 456.9984
1145.284 457.0016
1145.293 457.001
1145.284 457.002
1145.283 456.9917
1145.269 456.9906
1145.259 456.9866
1145.25 456.9828
1145.247 456.9855
1145.25 456.9878
1145.259 456.988
1145.264 456.9893
1145.25 456.9861
1145.253 456.9865
1145.249 456.9917
1145.278 456.9979
1145.28 456.9954
1145.294 456.9964
1145.294 456.9958
1145.287 456.9989
1145.271 457.0008
1145.29 457.0013
1145.325 457.0052
1145.341 457.0041
1145.321 457.0085
1145.309 457.0093
1145.312 457.0119
1145.331 457.0073
1145.319 457.0018
1145.321 457.0099
1145.327 457.0034
1145.334 456.9962
1145.317 456.9949
1145.312 456.9902
1145.316 456.9873
1145.33 456.9854
1145.304 456.9863
1145.31 456.9875
1145.315 456.9798
1145.319 456.9802
1145.343 456.9803
1145.338 456.9785
1145.32 456.9842
1145.305 456.9932
1145.309 456.9854
1145.295 456.9897
1145.309 456.9842
1145.308 456.9845
1145.319 456.9873
1145.317 456.9915
1145.329 456.9899
1145.32 456.9901
1145.318 456.9964
1145.306 457.0006
1145.304 457.0016
1145.302 456.9977
1145.317 457.0052
1145.328 457.008
1145.33 457.0103
1145.324 457.0085
1145.342 457.005
1145.345 457.0023
1145.339 457
1145.346 456.9989
1145.354 457.001
1145.366 457.007
1145.386 457.0033
1145.385 456.9987
1145.375 456.9977
1145.375 457.0047
1145.372 457.0161
1145.389 457.0159
1145.4 457.0111
1145.402 457.0029
1145.397 457.0026
1145.427 457.0015
1145.421 456.9987
1145.427 457.0008
1145.441 456.9956
1145.446 456.9834
1145.432 456.9906
1145.425 456.9883
1145.411 456.9896
1145.405 456.9954
1145.4 456.9974
1145.41 456.9995
1145.41 456.9845
1145.399 456.978
1145.413 456.9715
1145.406 456.9761
1145.387 456.985
1145.41 456.9793
1145.391 456.9771
1145.407 456.9717
1145.425 456.9624
1145.429 456.9521
1145.42 456.9497
1145.39 456.9538
1148.577 456.9543
1149.468 456.951
1151.74 456.9479
1154.621 456.9557
1157.375 456.958
1160.182 456.958
1162.943 456.9635
1165.571 456.9606
1168.417 456.9681
1171.129 456.9632
1174.015 456.9665
1177.002 456.973
1180.784 456.9885
1184.184 456.9967
1188.229 456.9985
1191.919 456.9972
1195.932 456.9956
1199.837 456.9925
1203.641 457
1207.17 457.0078
1208.998 457.0045
1209.461 457.0078
1209.447 457.0054
1209.443 457.0088
1209.456 457.0121
1209.457 457.0247
1209.455 457.0211
1209.455 457.0143
1209.447 457.0137
1209.431 457.0018
1209.452 456.9917
1209.453 456.9932
1209.447 456.9886
1209.446 456.9961
1209.43 457.0006
1209.415 456.9984
1209.41 456.9998
1209.401 457.0024
1209.396 457.0052
1209.392 457.0045
1209.394 457.0122
1209.403 457.0117
1209.397 457.0187
1209.397 457.0255
1209.413 457.0264
1209.429 457.0257
1209.434 457.0208
1209.453 457.0133
1209.455 457.0166
1209.453 457.0205
1209.473 457.022
1209.474 457.0303
1209.452 457.0324
1209.467 457.0305
1209.483 457.0293
1209.472 457.0239
1209.473 457.0153
1209.474 457.015
1209.454 457.0164
1209.455 457.0103
1209.479 457.0018
1209.5 456.9994
1209.505 457.0068
1209.479 457.0018
1209.445 456.994
1209.427 457.0042
1209.394 457.0103
1209.383 457.0156
1209.353 457.0132
1209.326 457.0161
1209.31 457.0104
1209.318 457.0178
1209.359 457.0156
1209.365 457.0145
1209.345 457.0065
1209.344 457.0088
1209.335 457
1209.33 456.9982
1209.344 456.9922
1209.341 456.9878
1209.338 456.988
1209.345 456.9959
1209.361 456.9927
1209.363 456.9896
1209.349 456.9919
1209.331 456.9949
1209.351 456.9944
1209.374 456.9954
1209.363 457
1209.358 457.0077
1209.347 457.0055
1209.339 456.9982
1211.558 457.006
1215.029 457.0039
1220.338 457.0068
1226.443 457.0006
1232.96 456.9881
1239.605 456.9821
1246.139 456.9731
1252.257 456.9604
1258.717 456.9593
1265.644 456.9632
1272.002 456.971
1278.428 456.9681
1284.676 456.9676
1291.257 456.9665
1297.325 456.9669
1302.662 456.9645
1306.715 456.9688
1309.984 456.9793
1311.659 456.9785
1312.638 456.9795
1313.099 456.9866
1313.307 456.9866
1313.396 456.987
1313.392 456.9881
1313.388 456.9886
1313.38 456.9842
1313.372 456.9842
1313.38 456.9969
1313.365 457.0024
1313.375 457.0052
1313.396 457.0104
1313.391 457.0218
1313.385 457.0326
1313.384 457.0306
1313.392 457.0237
1313.41 457.02
1313.419 457.0192
1313.44 457.0096
1313.442 457.0049
1313.448 457.0059
1313.446 457.0042
1313.447 457.0138
1313.451 457.0047
1313.47 456.9958
1313.474 456.9954
1313.467 456.9868
1313.472 456.9852
1313.474 456.9849
1313.46 456.9793
1313.449 456.9724
1313.25 456.9757
1312.758 456.9839
1311.798 456.9928
1310.409 456.998
1309.269 457.0112
1308.072 457.0021
1306.79 457.0106
1305.453 457.0199
1304.224 457.026
1302.896 457.0355
1301.435 457.0309
1299.618 457.0373
1297.268 457.0311
1294.507 457.0386
1291.58 457.0262
1288.048 457.0355
1283.905 457.0452
1280.761 457.0447
1276.759 457.0446
1272.169 457.0435
1267.432 457.0438
1262.35 457.0617
1257.563 457.0636
1253.186 457.0664
1248.384 457.0664
1243.532 457.0768
1238.7 457.0804
1233.91 457.0856
1230.276 457.0879
1227.776 457.0856
1226.048 457.0877
1225.349 457.0856
1225.119 457.0858
1225.095 457.0871
1225.104 457.0916
1225.122 457.0869
1225.157 457.0892
1225.17 457.096
1225.171 457.0885
1225.175 457.0812
1225.158 457.0771
1225.132 457.0666
1225.131 457.0565
1225.137 457.056
1225.128 457.054
1225.107 457.0584
1225.142 457.0547
1225.15 457.0558
1225.173 457.0545
1225.188 457.0488
1225.212 457.0487
1225.215 457.0488
1225.221 457.0415
1225.209 457.0483
1225.195 457.0487
1225.165 457.0452
1225.172 457.0417
1225.179 457.0449
1225.185 457.0449
1225.208 457.0479
1225.21 457.0495
1225.193 457.0509
1225.194 457.0452
1225.207 457.0331
1225.204 457.0335
1225.219 457.0252
1225.201 457.0142
1225.188 457.0179
1225.172 457.0269
1225.165 457.0396
1225.132 457.0423
1225.107 457.0464
1225.093 457.0493
1225.093 457.055
1225.12 457.0555
1225.137 457.0587
1225.143 457.0563
1225.143 457.0605
1225.124 457.0636
1225.114 457.0643
1225.126 457.0646
1225.136 457.0562
1225.16 457.0497
1225.182 457.0435
1225.195 457.0381
1225.197 457.0383
1225.208 457.0322
1225.225 457.0311
1225.218 457.0273
1225.219 457.0278
1225.226 457.0275
1225.221 457.0296
1225.243 457.0342
1225.259 457.0374
1225.277 457.0386
1225.284 457.0331
1225.303 457.0252
1225.322 457.0288
1225.339 457.0285
1225.34 457.0311
1225.362 457.0269
1225.367 457.0262
1225.379 457.0262
1225.452 457.0247
1226.802 457.0265
1229.246 457.0329
1232.134 457.0285
1234.984 457.0187
1237.894 457.0225
1240.676 457.0127
1246.888 457.0006
1249.767 456.993
1251.395 456.9937
1254.654 456.9866
1258.037 456.9816
1261.331 456.9868
1264.686 456.9972
1268.055 457.006
1271.253 457.0044
1274.553 457.0077
1145.342 457.005
1145.345 457.0023
1145.339 457
1145.346 456.9989
1145.354 457.001
1145.366 457.007
1145.386 457.0033
1145.385 456.9987
1145.375 456.9977
1145.375 457.0047
1145.372 457.0161
1145.389 457.0159
1145.4 457.0111
1145.402 457.0029
1145.397 457.0026
1145.427 457.0015
1145.421 456.9987
1145.427 457.0008
1145.441 456.9956
1145.446 456.9834
1145.432 456.9906
1145.425 456.9883
1145.411 456.9896
1145.405 456.9954
1145.4 456.9974
1145.41 456.9995
1145.41 456.9845
1145.399 456.978
1145.413 456.9715
1145.406 456.9761
1145.387 456.985
1145.41 456.9793
1145.391 456.9771
1145.407 456.9717
1145.425 456.9624
1145.429 456.9521
1145.42 456.9497
1145.39 456.9538
1148.577 456.9543
1149.468 456.951
1151.74 456.9479
1154.621 456.9557
1157.375 456.958
1160.182 456.958
1162.943 456.9635
1165.571 456.9606
1168.417 456.9681
1171.129 456.9632
1174.015 456.9665
1177.002 456.973
1180.784 456.9885
1184.184 456.9967
1188.229 456.9985
1191.919 456.9972
1195.932 456.9956
1199.837 456.9925
1203.641 457
1207.17 457.0078
1208.998 457.0045
1209.461 457.0078
1209.447 457.0054
1209.443 457.0088
1209.456 457.0121
1209.457 457.0247
1209.455 457.0211
1209.455 457.0143
1209.447 457.0137
1209.431 457.0018
1209.452 456.9917
1209.453 456.9932
1209.447 456.9886
1209.446 456.9961
1209.43 457.0006
1209.415 456.9984
1209.41 456.9998
1209.401 457.0024
1209.396 457.0052
1209.392 457.0045
1209.394 457.0122
1209.403 457.0117
1209.397 457.0187
1209.397 457.0255
1209.413 457.0264
1209.429 457.0257
1209.434 457.0208
1209.453 457.0133
1209.455 457.0166
1209.453 457.0205
1209.473 457.022
1209.474 457.0303
1209.452 457.0324
1209.467 457.0305
1209.483 457.0293
1209.472 457.0239
1209.473 457.0153
1209.474 457.015
1209.454 457.0164
1209.455 457.0103
1209.479 457.0018
1209.5 456.9994
1209.505 457.0068
1209.479 457.0018
1209.445 456.994
1209.427 457.0042
1209.394 457.0103
1209.383 457.0156
1209.353 457.0132
1209.326 457.0161
1209.31 457.0104
1209.318 457.0178
1209.359 457.0156
1209.365 457.0145
1209.345 457.0065
1209.344 457.0088
1209.335 457
1209.33 456.9982
1209.344 456.9922
1209.341 456.9878
1209.338 456.988
1209.345 456.9959
1209.361 456.9927
1209.363 456.9896
1209.349 456.9919
1209.331 456.9949
1209.351 456.9944
1209.374 456.9954
1209.363 457
1209.358 457.0077
1209.347 457.0055
1209.339 456.9982
1211.558 457.006
1215.029 457.0039
1220.338 457.0068
1226.443 457.0006
1232.96 456.9881
1239.605 456.9821
1246.139 456.9731
1252.257 456.9604
1258.717 456.9593
1265.644 456.9632
1272.002 456.971
1278.428 456.9681
1284.676 456.9676
1291.257 456.9665
1297.325 456.9669
1302.662 456.9645
1306.715 456.9688
1309.984 456.9793
1311.659 456.9785
1312.638 456.9795
1313.099 456.9866
1313.307 456.9866
1313.396 456.987
1313.392 456.9881
1313.388 456.9886
1313.38 456.9842
1313.372 456.9842
1313.38 456.9969
1313.365 457.0024
1313.375 457.0052
1313.396 457.0104
1313.391 457.0218
1313.385 457.0326
1313.384 457.0306
1313.392 457.0237
1313.41 457.02
1313.419 457.0192
1313.44 457.0096
1313.442 457.0049
1313.448 457.0059
1313.446 457.0042
1313.447 457.0138
1313.451 457.0047
1313.47 456.9958
1313.474 456.9954
1313.467 456.9868
1313.472 456.9852
1313.474 456.9849
1313.46 456.9793
1313.449 456.9724
1313.25 456.9757
1312.758 456.9839
1311.798 456.9928
1310.409 456.998
1309.269 457.0112
1308.072 457.0021
1306.79 457.0106
1305.453 457.0199
1304.224 457.026
1302.896 457.0355
1301.435 457.0309
1299.618 457.0373
1297.268 457.0311
1294.507 457.0386
1291.58 457.0262
1288.048 457.0355
1283.905 457.0452
1280.761 457.0447
1276.759 457.0446
1272.169 457.0435
1267.432 457.0438
1262.35 457.0617
1257.563 457.0636
1253.186 457.0664
1248.384 457.0664
1243.532 457.0768
1238.7 457.0804
1233.91 457.0856
1230.276 457.0879
1227.776 457.0856
1226.048 457.0877
1225.349 457.0856
1225.119 457.0858
1225.095 457.0871
1225.104 457.0916
1225.122 457.0869
1225.157 457.0892
1225.17 457.096
1225.171 457.0885
1225.175 457.0812
1225.158 457.0771
1225.132 457.0666
1225.131 457.0565
1225.137 457.056
1225.128 457.054
1225.107 457.0584
1225.142 457.0547
1225.15 457.0558
1225.173 457.0545
1225.188 457.0488
1225.212 457.0487
1225.215 457.0488
1225.221 457.0415
1225.209 457.0483
1225.195 457.0487
1225.165 457.0452
1225.172 457.0417
1225.179 457.0449
1225.185 457.0449
1225.208 457.0479
1225.21 457.0495
1225.193 457.0509
1225.194 457.0452
1225.207 457.0331
1225.204 457.0335
1225.219 457.0252
1225.201 457.0142
1225.188 457.0179
1225.172 457.0269
1225.165 457.0396
1225.132 457.0423
1225.107 457.0464
1225.093 457.0493
1225.093 457.055
1225.12 457.0555
1225.137 457.0587
1225.143 457.0563
1225.143 457.0605
1225.124 457.0636
1225.114 457.0643
1225.126 457.0646
1225.136 457.0562
1225.16 457.0497
1225.182 457.0435
1225.195 457.0381
1225.197 457.0383
1225.208 457.0322
1225.225 457.0311
1225.218 457.0273
1225.219 457.0278
1225.226 457.0275
1225.221 457.0296
1225.243 457.0342
1225.259 457.0374
1225.277 457.0386
1225.284 457.0331
1225.303 457.0252
1225.322 457.0288
1225.339 457.0285
1225.34 457.0311
1225.362 457.0269
1225.367 457.0262
1225.379 457.0262
1225.452 457.0247
1226.802 457.0265
1229.246 457.0329
1232.134 457.0285
1234.984 457.0187
1237.894 457.0225
1240.676 457.0127
1246.888 457.0006
1249.767 456.993
1251.395 456.9937
1254.654 456.9866
1258.037 456.9816
1261.331 456.9868
1264.686 456.9972
1268.055 457.006
1271.253 457.0044
1274.553 457.0077
1278.008 457.0114
1281.515 457.0154
1286.775 457.0269
1290.329 457.0275
1294.59 457.0331
1298.222 457.0338
1302.027 457.0342
1304.708 457.0371
1305.859 457.0459
1305.997 457.0474
1306.009 457.0457
1306.02 457.048
1306.013 457.0482
1306.002 457.0487
1305.996 457.0394
1305.996 457.0313
1305.976 457.0376
1305.953 457.0389
1305.94 457.0439
1305.946 457.0435
1305.949 457.0466
1305.947 457.0433
1305.956 457.0326
1305.963 457.0213
1305.975 457.0215
1305.963 457.0138
1305.954 457.0142
1305.932 457.0169
1305.909 457.027
1305.942 457.0249
1305.948 457.0293
1305.944 457.0306
1305.966 457.0237
1305.993 457.0228
1306.023 457.0138
1306.024 457.0063
1306.046 456.9949
1306.038 456.998
1306.042 456.9982
1306.047 456.9933
1306.08 456.9893
1306.096 456.9949
1306.089 456.994
1306.098 456.9997
1306.095 457.0085
1306.101 457.0106
1306.111 457.0059
1306.106 456.999
1306.107 456.9967
1306.121 456.999
1306.156 456.9969
1306.161 456.9997
1306.17 457.005
1306.175 457.0088
1306.19 457.0096
1306.192 457.0091
1306.184 457.0104
1306.165 457.0104
1306.155 457.0075
1306.163 456.999
1306.17 456.9959
1306.164 456.9976
1306.155 457.0024
1306.161 457.0098
1306.156 457.0096
1306.143 457.0164
1306.132 457.0272
1306.139 457.0265
1306.143 457.0324
1306.135 457.0374
1306.133 457.0251
1306.133 457.0236
1306.15 457.0226
1306.151 457.0186
1306.148 457.0095
1306.141 457.0063
1306.132 456.9967
1306.118 456.9972
1306.122 456.9962
1306.11 456.9948
1306.098 457.0023
1306.115 457.008
1306.139 457.0135
1306.153 457.0047
1306.169 456.9972
1306.187 456.9962
1306.184 457.0036
1306.17 457.0036
1306.191 456.9944
1306.226 456.9865
1306.237 456.9897
1306.252 457.002
1306.272 457.0023
1306.269 457.0073
1306.281 457.009
1306.289 457.0031
1306.274 457.007
1306.273 456.9927
1306.282 456.9767
1306.271 456.9699
1306.241 456.9661
1306.22 456.9683
1306.23 456.9573
1306.245 456.9484
1306.252 456.9419
1306.252 456.944
1306.28 456.9575
1306.279 456.9751
1306.276 456.9767
1306.268 456.9797
1306.264 456.988
1306.28 456.9927
1306.317 456.9858
1306.31 456.9922
1306.284 456.9995
1306.27 457.0111
1306.294 457.013
1306.29 457.0106
1306.276 457.0153
1306.281 457.0207
1306.289 457.0173
1306.288 457.0095
1306.279 457.0095
1306.273 457.008
1306.27 457.0116
1306.26 457.0154
1306.247 457.0156
1306.215 457.0176
1306.193 457.0173
1306.163 457.0174
1306.158 457.0168
1306.165 457.0168
1306.142 457.0277
1306.124 457.0412
1306.114 457.0353
1306.105 457.0291
1306.105 457.0399
1306.097 457.0384
1306.091 457.0332
1306.106 457.0187
1306.111 457.0146
1306.08 457.0103
1306.057 456.9977
1306.044 456.992
1306.041 456.9832
1306.022 456.9756
1306.022 456.9745
1305.992 456.9785
1305.977 456.9713
1305.974 456.9706
1305.932 456.9767
1305.907 456.9788
1305.902 456.987
1305.896 456.9925
1305.91 456.9896
1305.924 456.9897
1305.909 456.9891
1305.925 456.9928
1305.919 456.9972
1305.901 457.0086
1305.892 457.0145
1305.875 457.0176
1305.883 457.0173
1305.898 457.0133
1305.892 457.013
1305.892 457.0023
1305.873 457.0041
1305.863 457.0062
1305.861 457.0075
1305.86 457.0029
1305.862 457.0114
1305.849 457.0173
1305.84 457.0215
1305.844 457.0244
1305.848 457.0174
1305.87 457.0096
1305.906 457.0086
1305.932 457.0008
1305.917 456.9966
1305.92 456.9954
1305.92 456.9881
1305.928 456.978
1305.931 456.9727
1305.947 456.9674
1305.928 456.9663
1305.946 456.9562
1305.949 456.9564
1305.952 456.9539
1305.97 456.9413
1305.993 456.9347
1306.011 456.9331
1306.012 456.9303
1306 456.9352
1306.011 456.9388
1306.007 456.9359
1306.013 456.9395
1306.013 456.9398
1306.022 456.9372
1306.028 456.9302
1306.023 456.9349
1306.017 456.9357
1306.034 456.9388
1306.055 456.9466
1306.04 456.9469
1306.043 456.9515
1306.059 456.953
1306.072 456.9583
1306.087 456.9561
1306.109 456.9634
1306.102 456.9696
1306.09 456.9734
1306.083 456.966
1306.067 456.9635
1306.03 456.9627
1306.018 456.9564
1306.018 456.9559
1306.019 456.9648
1306.025 456.9696
1306.019 456.9756
1306 456.9816
1305.988 456.9875
1306.007 456.9743
1306.013 456.9788
1306.005 456.9871
1306.01 456.9873
1306.018 456.9858
1306.009 456.9828
1306.031 456.9784
1306.062 456.9727
1306.071 456.9782
1306.057 456.9754
1306.035 456.9717
1306.034 456.9647
1306.026 456.9592
1306.031 456.958
1306.039 456.9614
1306.015 456.9684
1306.048 456.9621
1306.039 456.964
1306.031 456.9679
1306.022 456.9713
1306.03 456.9784
1306.018 456.9909
1306.005 457.0049
1306.009 457.0063
1306.008 457.0098
1305.997 457.0052
1305.973 457.0067
1305.943 457.0138
1305.919 457.028
1305.913 457.0313
1305.906 457.027
1305.902 457.0272
1305.909 457.0161
1305.932 457
1305.949 456.9889
1305.974 456.9661
1305.987 456.9564
1305.99 456.9627
1305.987 456.9707
1305.99 456.9666
1306.026 456.9637
1306.06 456.9609
1306.073 456.9575
1306.061 456.9494
1306.05 456.9546
1306.073 456.9573
1306.097 456.9556
1306.108 456.9442
1306.109 456.9362
1306.085 456.9337
1306.073 456.9313
1306.086 456.9219
1306.104 456.9175
1306.099 456.9164
1306.103 456.9164
1306.076 456.9242
1306.088 456.9222
1306.117 456.9185
1306.123 456.9155
1306.093 456.9238
1306.092 456.9235
1306.114 456.9131
1306.128 456.9217
1306.115 456.9316
1306.093 456.9404
1306.104 456.9401
1306.126 456.9209
1306.118 456.9167
1306.136 456.9134
1306.111 456.9196
1306.106 456.9201
1306.134 456.9206
1306.128 456.9202
1306.116 456.9268
1306.104 456.9173
1306.105 456.9142
1306.106 456.9264
1306.128 456.9227
1306.148 456.9214
1278.008 457.0114
1281.515 457.0154
1286.775 457.0269
1290.329 457.0275
1294.59 457.0331
1298.222 457.0338
1302.027 457.0342
1304.708 457.0371
1305.859 457.0459
1305.997 457.0474
1306.009 457.0457
1306.02 457.048
1306.013 457.0482
1306.002 457.0487
1305.996 457.0394
1305.996 457.0313
1305.976 457.0376
1305.953 457.0389
1305.94 457.0439
1305.946 457.0435
1305.949 457.0466
1305.947 457.0433
1305.956 457.0326
1305.963 457.0213
1305.975 457.0215
1305.963 457.0138
1305.954 457.0142
1305.932 457.0169
1305.909 457.027
1305.942 457.0249
1305.948 457.0293
1305.944 457.0306
1305.966 457.0237
1305.993 457.0228
1306.023 457.0138
1306.024 457.0063
1306.046 456.9949
1306.038 456.998
1306.042 456.9982
1306.047 456.9933
1306.08 456.9893
1306.096 456.9949
1306.089 456.994
1306.098 456.9997
1306.095 457.0085
1306.101 457.0106
1306.111 457.0059
1306.106 456.999
1306.107 456.9967
1306.121 456.999
1306.156 456.9969
1306.161 456.9997
1306.17 457.005
1306.175 457.0088
1306.19 457.0096
1306.192 457.0091
1306.184 457.0104
1306.165 457.0104
1306.155 457.0075
1306.163 456.999
1306.17 456.9959
1306.164 456.9976
1306.155 457.0024
1306.161 457.0098
1306.156 457.0096
1306.143 457.0164
1306.132 457.0272
1306.139 457.0265
1306.143 457.0324
1306.135 457.0374
1306.133 457.0251
1306.133 457.0236
1306.15 457.0226
1306.151 457.0186
1306.148 457.0095
1306.141 457.0063
1306.132 456.9967
1306.118 456.9972
1306.122 456.9962
1306.11 456.9948
1306.098 457.0023
1306.115 457.008
1306.139 457.0135
1306.153 457.0047
1306.169 456.9972
1306.187 456.9962
1306.184 457.0036
1306.17 457.0036
1306.191 456.9944
1306.226 456.9865
1306.237 456.9897
1306.252 457.002
1306.272 457.0023
1306.269 457.0073
1306.281 457.009
1306.289 457.0031
1306.274 457.007
1306.273 456.9927
1306.282 456.9767
1306.271 456.9699
1306.241 456.9661
1306.22 456.9683
1306.23 456.9573
1306.245 456.9484
1306.252 456.9419
1306.252 456.944
1306.28 456.9575
1306.279 456.9751
1306.276 456.9767
1306.268 456.9797
1306.264 456.988
1306.28 456.9927
1306.317 456.9858
1306.31 456.9922
1306.284 456.9995
1306.27 457.0111
1306.294 457.013
1306.29 457.0106
1306.276 457.0153
1306.281 457.0207
1306.289 457.0173
1306.288 457.0095
1306.279 457.0095
1306.273 457.008
1306.27 457.0116
1306.26 457.0154
1306.247 457.0156
1306.215 457.0176
1306.193 457.0173
1306.163 457.0174
1306.158 457.0168
1306.165 457.0168
1306.142 457.0277
1306.124 457.0412
1306.114 457.0353
1306.105 457.0291
1306.105 457.0399
1306.097 457.0384
1306.091 457.0332
1306.106 457.0187
1306.111 457.0146
1306.08 457.0103
1306.057 456.9977
1306.044 456.992
1306.041 456.9832
1306.022 456.9756
1306.022 456.9745
1305.992 456.9785
1305.977 456.9713
1305.974 456.9706
1305.932 456.9767
1305.907 456.9788
1305.902 456.987
1305.896 456.9925
1305.91 456.9896
1305.924 456.9897
1305.909 456.9891
1305.925 456.9928
1305.919 456.9972
1305.901 457.0086
1305.892 457.0145
1305.875 457.0176
1305.883 457.0173
1305.898 457.0133
1305.892 457.013
1305.892 457.0023
1305.873 457.0041
1305.863 457.0062
1305.861 457.0075
1305.86 457.0029
1305.862 457.0114
1305.849 457.0173
1305.84 457.0215
1305.844 457.0244
1305.848 457.0174
1305.87 457.0096
1305.906 457.0086
1305.932 457.0008
1305.917 456.9966
1305.92 456.9954
1305.92 456.9881
1305.928 456.978
1305.931 456.9727
1305.947 456.9674
1305.928 456.9663
1305.946 456.9562
1305.949 456.9564
1305.952 456.9539
1305.97 456.9413
1305.993 456.9347
1306.011 456.9331
1306.012 456.9303
1306 456.9352
1306.011 456.9388
1306.007 456.9359
1306.013 456.9395
1306.013 456.9398
1306.022 456.9372
1306.028 456.9302
1306.023 456.9349
1306.017 456.9357
1306.034 456.9388
1306.055 456.9466
1306.04 456.9469
1306.043 456.9515
1306.059 456.953
1306.072 456.9583
1306.087 456.9561
1306.109 456.9634
1306.102 456.9696
1306.09 456.9734
1306.083 456.966
1306.067 456.9635
1306.03 456.9627
1306.018 456.9564
1306.018 456.9559
1306.019 456.9648
1306.025 456.9696
1306.019 456.9756
1306 456.9816
1305.988 456.9875
1306.007 456.9743
1306.013 456.9788
1306.005 456.9871
1306.01 456.9873
1306.018 456.9858
1306.009 456.9828
1306.031 456.9784
1306.062 456.9727
1306.071 456.9782
1306.057 456.9754
1306.035 456.9717
1306.034 456.9647
1306.026 456.9592
1306.031 456.958
1306.039 456.9614
1306.015 456.9684
1306.048 456.9621
1306.039 456.964
1306.031 456.9679
1306.022 456.9713
1306.03 456.9784
1306.018 456.9909
1306.005 457.0049
1306.009 457.0063
1306.008 457.0098
1305.997 457.0052
1305.973 457.0067
1305.943 457.0138
1305.919 457.028
1305.913 457.0313
1305.906 457.027
1305.902 457.0272
1305.909 457.0161
1305.932 457
1305.949 456.9889
1305.974 456.9661
1305.987 456.9564
1305.99 456.9627
1305.987 456.9707
1305.99 456.9666
1306.026 456.9637
1306.06 456.9609
1306.073 456.9575
1306.061 456.9494
1306.05 456.9546
1306.073 456.9573
1306.097 456.9556
1306.108 456.9442
1306.109 456.9362
1306.085 456.9337
1306.073 456.9313
1306.086 456.9219
1306.104 456.9175
1306.099 456.9164
1306.103 456.9164
1306.076 456.9242
1306.088 456.9222
1306.117 456.9185
1306.123 456.9155
1306.093 456.9238
1306.092 456.9235
1306.114 456.9131
1306.128 456.9217
1306.115 456.9316
1306.093 456.9404
1306.104 456.9401
1306.126 456.9209
1306.118 456.9167
1306.136 456.9134
1306.111 456.9196
1306.106 456.9201
1306.134 456.9206
1306.128 456.9202
1306.116 456.9268
1306.104 456.9173
1306.105 456.9142
1306.106 456.9264
1306.128 456.9227
1306.148 456.9214
