1920 480
1920 480
1804.465 243.8268
1807.486 231.4982
1808.429 221.0549
1800.61 209.6091
1806.321 211.9188
1807.137 218.576
1819.281 222.4274
1823.349 225.9032
1832.478 229.5778
1835.579 259.4217
1835.254 260.3335
1837.238 258.0405
1840.531 253.7703
1840.008 253.2425
1843.082 241.125
1841.904 237.4606
1845.677 233.2148
1837.794 217.278
1836.23 211.64
1837.03 209.21
1834.354 208.5314
1836.087 209.049
1832.943 230.1499
1833.518 230.2326
1833.661 230.3239
1834.002 230.486
1834.051 230.522
1834.318 230.5856
1834.934 230.7207
1835.726 230.818
1837.668 230.9071
1838.442 230.953
1839.635 231.0589
1840.71 231.2117
1841.893 231.5049
1842.871 231.9793
1843.653 232.5633
1843.766 233.2529
1843.556 234.1952
1842.574 235.4906
1840.922 236.8698
1838.729 238.4714
1833.167 242.1261
1828.192 245.4079
1823.217 248.6946
1819.045 251.4551
1815.365 253.6333
1813.521 254.5741
1811.634 255.4401
1810.107 256.0687
1808.279 256.7621
1806.921 257.2275
1805.879 257.5656
1804.906 257.8332
1804.115 257.9941
1803.461 258.0859
1803.039 258.1004
1802.726 258.0842
1802.54 258.0397
1802.487 257.9901
1802.565 257.9619
1802.922 257.9661
1803.561 258.0345
1804.379 258.1673
1805.248 258.3503
1806.233 258.5651
1807.26 258.7767
1808.342 259.0448
1809.211 259.2917
1810.039 259.5433
1810.955 259.8198
1811.73 260.0565
1812.56 260.2777
1813.582 260.4938
1814.454 260.6252
1815.332 260.7466
1816.169 260.8283
1816.98 260.8967
1817.811 260.931
1818.664 260.9486
1819.45 260.9201
1820.275 260.8821
1820.971 260.8821
1821.52 260.9164
1822.038 260.9863
1822.588 261.0803
1823.018 261.1424
1823.572 261.2303
1824.552 261.4907
1825.193 261.7804
1825.595 261.9668
1826.005 262.1776
1826.411 262.401
1826.795 262.6608
1827.154 262.9629
1827.436 263.307
1827.61 263.6997
1827.729 264.0818
1827.791 264.4352
1827.77 264.7729
1827.581 265.1058
1826.798 265.8327
1825.371 266.7383
1823.285 268.0192
1822.419 268.6361
1821.04 269.4935
1819.608 270.5127
1818.215 271.4694
1816.693 272.3898
1815.098 273.2917
1813.073 274.5062
1811.525 275.4292
1810.049 276.4025
1808.73 277.3302
1807.585 278.2184
1806.578 279.0664
1805.668 279.895
1804.896 280.6665
1803.755 282.0439
1803.396 282.6035
1803.102 283.146
1802.834 283.6526
1802.632 284.1395
1802.467 284.5964
1802.312 285.0275
1802.402 285.2464
1802.452 285.527
1802.547 285.7484
1802.701 285.924
1802.868 286.1343
1802.982 286.2516
1803.155 286.3626
1803.349 286.3851
1803.638 286.3694
1803.898 286.3413
1804.592 286.2467
1805.21 286.1549
1806.183 285.9865
1806.982 285.8327
1807.833 285.6375
1808.606 285.4437
1809.312 285.2681
1810.875 284.9237
1811.633 284.7891
1812.522 284.654
1813.423 284.5462
1814.079 284.4906
1814.932 284.4487
1815.803 284.4284
1816.629 284.4437
1817.327 284.5047
1817.939 284.5837
1818.511 284.6667
1819.066 284.7297
1819.586 284.7826
1820.053 284.8336
1820.698 284.9401
1820.963 285.0934
1820.979 285.1533
1820.945 285.2508
1820.812 285.3682
1820.649 285.4666
1820.233 285.6488
1819.918 285.752
1819.438 285.8665
1818.675 285.9819
1818.078 286.0197
1817.301 286.0461
1816.739 286.0591
1816.296 286.0868
1815.766 286.1388
1815.32 286.1956
1815.009 286.2383
1814.681 286.3047
1814.388 286.3851
1814.125 286.4774
1813.891 286.5687
1813.541 286.7672
1813.304 286.9225
1813.173 287.0306
1813.083 287.1131
1813.017 287.1126
1812.992 287.0721
1813.013 286.9912
1813.104 286.8569
1813.247 286.7017
1813.673 286.4079
1814.287 286.2319
1814.529 286.1768
1814.748 286.1551
1815.016 286.1639
1815.782 286.4798
1815.989 286.6328
1816.158 286.8206
1816.25 287.0542
1816.246 287.3187
1816.213 287.5711
1816.137 287.8148
1816.051 288.0392
1815.94 288.2575
1815.741 288.4808
1815.463 288.6883
1815.108 288.8711
1814.367 289.1325
1811.905 289.6099
1810.822 289.7565
1808.992 290.0081
1805.367 290.6003
1802.893 291.0555
1799.613 291.6763
1795.654 292.4298
1790.935 293.3512
1785.426 294.4929
1779.746 295.7521
1771.658 297.6901
1764.753 299.5195
1756.298 301.9883
1747.273 304.9164
1737.853 308.3021
1725.594 313.0762
1714.823 317.4909
1705.078 321.6437
1693.264 326.9319
1682.206 332.1712
1671.774 337.3582
1659.346 343.9132
1648.463 349.9977
1638.516 355.9837
1627.146 363.2139
1616.501 370.2704
1606.936 376.6079
1595.762 383.7808
1584.467 390.6077
1573.142 397.0174
1559.896 404.2393
1547.985 410.7762
1536.435 417.4502
1525.057 424.5068
1514.756 431.2168
1504.25 438.3167
1493.662 445.6333
1484.742 451.9569
1476.733 457.755
1468.428 464.0713
1461.658 469.5938
1455.52 474.9966
1449.516 480.5675
1444.492 485.3474
1439.706 489.7778
1435.319 493.641
1431.555 496.7892
1427.989 499.5605
1424.489 501.9767
1421.601 503.6577
1419.078 504.9001
1416.352 505.9893
1413.85 506.7098
1411.654 507.0459
1409.084 507.098
1406.514 506.8289
1403.77 506.3698
1400.62 505.7917
1397.137 505.2005
1393.294 504.6276
1389.445 504.1415
1385.171 503.6766
1380.937 503.2828
1375.678 502.9084
1370.422 502.6805
1365.097 502.556
1359.264 502.501
1353.522 502.5046
1348.045 502.5385
1342.289 502.5962
1337.172 502.6177
1332.453 502.6271
1327.399 502.6474
1319.599 502.9647
1316.415 503.2447
1313.36 503.5927
1311.028 503.9333
1308.935 504.2805
1307.086 504.6757
1305.698 505.0706
1304.578 505.5288
1303.789 505.9648
1303.156 506.4277
1302.708 506.8735
1302.457 507.3154
1302.388 507.7367
1302.474 508.1986
1302.681 508.6332
1302.961 509.0052
1303.36 509.3713
1303.87 509.7279
1304.399 510.0913
1304.936 510.4873
1305.468 510.9012
1920 480
1920 480
1804.465 243.8268
1807.486 231.4982
1808.429 221.0549
1800.61 209.6091
1806.321 211.9188
1807.137 218.576
1819.281 222.4274
1823.349 225.9032
1832.478 229.5778
1835.579 259.4217
1835.254 260.3335
1837.238 258.0405
1840.531 253.7703
1840.008 253.2425
1843.082 241.125
1841.904 237.4606
1845.677 233.2148
1837.794 217.278
1836.23 211.64
1837.03 209.21
1834.354 208.5314
1836.087 209.049
1832.943 230.1499
1833.518 230.2326
1833.661 230.3239
1834.002 230.486
1834.051 230.522
1834.318 230.5856
1834.934 230.7207
1835.726 230.818
1837.668 230.9071
1838.442 230.953
1839.635 231.0589
1840.71 231.2117
1841.893 231.5049
1842.871 231.9793
1843.653 232.5633
1843.766 233.2529
1843.556 234.1952
1842.574 235.4906
1840.922 236.8698
1838.729 238.4714
1833.167 242.1261
1828.192 245.4079
1823.217 248.6946
1819.045 251.4551
1815.365 253.6333
1813.521 254.5741
1811.634 255.4401
1810.107 256.0687
1808.279 256.7621
1806.921 257.2275
1805.879 257.5656
1804.906 257.8332
1804.115 257.9941
1803.461 258.0859
1803.039 258.1004
1802.726 258.0842
1802.54 258.0397
1802.487 257.9901
1802.565 257.9619
1802.922 257.9661
1803.561 258.0345
1804.379 258.1673
1805.248 258.3503
1806.233 258.5651
1807.26 258.7767
1808.342 259.0448
1809.211 259.2917
1810.039 259.5433
1810.955 259.8198
1811.73 260.0565
1812.56 260.2777
1813.582 260.4938
1814.454 260.6252
1815.332 260.7466
1816.169 260.8283
1816.98 260.8967
1817.811 260.931
1818.664 260.9486
1819.45 260.9201
1820.275 260.8821
1820.971 260.8821
1821.52 260.9164
1822.038 260.9863
1822.588 261.0803
1823.018 261.1424
1823.572 261.2303
1824.552 261.4907
1825.193 261.7804
1825.595 261.9668
1826.005 262.1776
1826.411 262.401
1826.795 262.6608
1827.154 262.9629
1827.436 263.307
1827.61 263.6997
1827.729 264.0818
1827.791 264.4352
1827.77 264.7729
1827.581 265.1058
1826.798 265.8327
1825.371 266.7383
1823.285 268.0192
1822.419 268.6361
1821.04 269.4935
1819.608 270.5127
1818.215 271.4694
1816.693 272.3898
1815.098 273.2917
1813.073 274.5062
1811.525 275.4292
1810.049 276.4025
1808.73 277.3302
1807.585 278.2184
1806.578 279.0664
1805.668 279.895
1804.896 280.6665
1803.755 282.0439
1803.396 282.6035
1803.102 283.146
1802.834 283.6526
1802.632 284.1395
1802.467 284.5964
1802.312 285.0275
1802.402 285.2464
1802.452 285.527
1802.547 285.7484
1802.701 285.924
1802.868 286.1343
1802.982 286.2516
1803.155 286.3626
1803.349 286.3851
1803.638 286.3694
1803.898 286.3413
1804.592 286.2467
1805.21 286.1549
1806.183 285.9865
1806.982 285.8327
1807.833 285.6375
1808.606 285.4437
1809.312 285.2681
1810.875 284.9237
1811.633 284.7891
1812.522 284.654
1813.423 284.5462
1814.079 284.4906
1814.932 284.4487
1815.803 284.4284
1816.629 284.4437
1817.327 284.5047
1817.939 284.5837
1818.511 284.6667
1819.066 284.7297
1819.586 284.7826
1820.053 284.8336
1820.698 284.9401
1820.963 285.0934
1820.979 285.1533
1820.945 285.2508
1820.812 285.3682
1820.649 285.4666
1820.233 285.6488
1819.918 285.752
1819.438 285.8665
1818.675 285.9819
1818.078 286.0197
1817.301 286.0461
1816.739 286.0591
1816.296 286.0868
1815.766 286.1388
1815.32 286.1956
1815.009 286.2383
1814.681 286.3047
1814.388 286.3851
1814.125 286.4774
1813.891 286.5687
1813.541 286.7672
1813.304 286.9225
1813.173 287.0306
1813.083 287.1131
1813.017 287.1126
1812.992 287.0721
1813.013 286.9912
1813.104 286.8569
1813.247 286.7017
1813.673 286.4079
1814.287 286.2319
1814.529 286.1768
1814.748 286.1551
1815.016 286.1639
1815.782 286.4798
1815.989 286.6328
1816.158 286.8206
1816.25 287.0542
1816.246 287.3187
1816.213 287.5711
1816.137 287.8148
1816.051 288.0392
1815.94 288.2575
1815.741 288.4808
1815.463 288.6883
1815.108 288.8711
1814.367 289.1325
1811.905 289.6099
1810.822 289.7565
1808.992 290.0081
1805.367 290.6003
1802.893 291.0555
1799.613 291.6763
1795.654 292.4298
1790.935 293.3512
1785.426 294.4929
1779.746 295.7521
1771.658 297.6901
1764.753 299.5195
1756.298 301.9883
1747.273 304.9164
1737.853 308.3021
1725.594 313.0762
1714.823 317.4909
1705.078 321.6437
1693.264 326.9319
1682.206 332.1712
1671.774 337.3582
1659.346 343.9132
1648.463 349.9977
1638.516 355.9837
1627.146 363.2139
1616.501 370.2704
1606.936 376.6079
1595.762 383.7808
1584.467 390.6077
1573.142 397.0174
1559.896 404.2393
1547.985 410.7762
1536.435 417.4502
1525.057 424.5068
1514.756 431.2168
1504.25 438.3167
1493.662 445.6333
1484.742 451.9569
1476.733 457.755
1468.428 464.0713
1461.658 469.5938
1455.52 474.9966
1449.516 480.5675
1444.492 485.3474
1439.706 489.7778
1435.319 493.641
1431.555 496.7892
1427.989 499.5605
1424.489 501.9767
1421.601 503.6577
1419.078 504.9001
1416.352 505.9893
1413.85 506.7098
1411.654 507.0459
1409.084 507.098
1406.514 506.8289
1403.77 506.3698
1400.62 505.7917
1397.137 505.2005
1393.294 504.6276
1389.445 504.1415
1385.171 503.6766
1380.937 503.2828
1375.678 502.9084
1370.422 502.6805
1365.097 502.556
1359.264 502.501
1353.522 502.5046
1348.045 502.5385
1342.289 502.5962
1337.172 502.6177
1332.453 502.6271
1327.399 502.6474
1319.599 502.9647
1316.415 503.2447
1313.36 503.5927
1311.028 503.9333
1308.935 504.2805
1307.086 504.6757
1305.698 505.0706
1304.578 505.5288
1303.789 505.9648
1303.156 506.4277
1302.708 506.8735
1302.457 507.3154
1302.388 507.7367
1302.474 508.1986
1302.681 508.6332
1302.961 509.0052
1303.36 509.3713
1303.87 509.7279
1304.399 510.0913
1304.936 510.4873
1305.468 510.9012
1305.899 511.3137
1306.313 511.7718
1306.623 512.1745
1306.876 512.5042
1307.16 512.8926
1307.409 513.2725
1307.6 513.6817
1307.845 514.1433
1308.084 514.5863
1308.349 514.9954
1308.761 515.4144
1309.191 515.7293
1309.642 515.9992
1310.199 516.2761
1310.698 516.478
1311.143 516.6271
1311.542 516.7667
1311.867 516.8619
1312.058 516.9144
1312.221 516.9291
1312.335 516.8922
1312.409 516.8264
1312.485 516.7328
1312.561 516.6602
1312.574 516.6163
1312.599 516.6106
1312.594 516.6353
1312.649 516.665
1312.656 516.7117
1312.666 516.7711
1312.674 516.8419
1312.667 516.9639
1312.612 517.122
1312.581 517.3127
1312.526 517.5213
1312.526 517.6946
1312.507 517.8282
1312.559 517.9619
1312.593 518.0598
1312.613 518.1429
1312.598 518.1888
1312.61 518.213
1312.58 518.2335
1312.542 518.2655
1312.488 518.2982
1312.467 518.355
1312.456 518.4376
1312.495 518.5131
1312.559 518.5942
1312.657 518.7047
1312.693 518.8345
1312.735 519.031
1312.775 519.2286
1312.833 519.3926
1312.934 519.5248
1313.056 519.6243
1313.191 519.7083
1313.35 519.7659
1313.494 519.7921
1313.659 519.781
1313.844 519.7387
1314.041 519.6888
1314.198 519.64
1314.35 519.5947
1314.405 519.5628
1314.439 519.538
1314.476 519.511
1314.567 519.4865
1314.692 519.4616
1314.835 519.447
1315.001 519.4341
1315.207 519.4257
1315.473 519.3941
1315.778 519.3521
1316.067 519.3002
1316.316 519.2601
1316.557 519.233
1316.744 519.212
1316.844 519.2104
1316.951 519.2046
1317.022 519.1956
1317.128 519.1738
1317.259 519.141
1317.423 519.1121
1317.508 519.1071
1317.644 519.096
1317.785 519.0709
1317.927 519.0258
1318.074 518.9776
1318.202 518.9649
1318.269 518.9828
1318.335 519.0237
1318.421 519.0685
1318.539 519.1174
1318.688 519.1801
1318.868 519.2343
1318.999 519.2967
1319.111 519.3553
1319.125 519.415
1319.076 519.479
1318.933 519.565
1318.781 519.6414
1318.597 519.7077
1318.394 519.7688
1318.239 519.8232
1318.099 519.8833
1317.955 519.9523
1317.818 520.0269
1317.715 520.1006
1317.636 520.1644
1317.621 520.1875
1317.618 520.1674
1317.601 520.1065
1317.618 520.037
1317.657 519.9716
1317.699 519.8929
1317.751 519.812
1317.765 519.7416
1317.745 519.6631
1317.735 519.5873
1317.74 519.5251
1317.714 519.4777
1317.653 519.4512
1317.594 519.4351
1317.537 519.4339
1317.458 519.447
1317.44 519.4452
1317.434 519.4497
1317.462 519.4625
1317.539 519.475
1317.586 519.5215
1317.636 519.5779
1317.686 519.6447
1317.722 519.7172
1317.773 519.7739
1317.836 519.803
1318.016 519.7841
1318.083 519.7662
1318.176 519.7439
1318.228 519.7216
1318.256 519.6971
1318.277 519.6744
1318.305 519.6304
1318.269 519.5735
1318.283 519.4932
1318.326 519.4108
1318.376 519.3408
1318.452 519.2723
1318.54 519.2089
1318.604 519.0551
1318.745 518.8328
1319.021 518.5313
1319.247 518.1927
1319.38 517.8911
1319.525 517.594
1319.63 517.4542
1319.75 517.3309
1319.899 517.2145
1319.983 517.1577
1320.079 517.0886
1320.191 517.0143
1320.313 516.913
1320.436 516.8039
1320.583 516.683
1320.713 516.5904
1320.836 516.513
1320.981 516.4441
1321.122 516.3788
1321.321 516.2964
1321.504 516.2167
1321.639 516.1472
1321.842 516.0369
1322.052 515.9292
1322.186 515.8515
1322.299 515.7887
1322.386 515.7474
1322.458 515.7187
1322.497 515.6899
1322.484 515.6868
1322.506 515.6519
1322.541 515.6351
1322.689 515.6109
1322.838 515.6008
1323.061 515.5776
1323.259 515.5558
1323.503 515.5187
1323.725 515.502
1323.908 515.4937
1324.104 515.4928
1324.306 515.4804
1324.481 515.4663
1324.658 515.4406
1324.837 515.4186
1324.931 515.4121
1324.938 515.4161
1324.881 515.4332
1324.806 515.4699
1324.683 515.5195
1324.593 515.5739
1324.556 515.614
1324.523 515.6639
1324.472 515.7039
1324.411 515.7421
1324.345 515.7791
1324.246 515.7917
1324.183 515.7916
1324.152 515.7758
1324.139 515.7404
1324.161 515.7102
1324.212 515.6729
1324.265 515.6165
1324.342 515.5804
1324.423 515.5363
1324.484 515.5178
1324.526 515.5006
1324.577 515.4999
1324.589 515.4991
1324.623 515.502
1324.654 515.4699
1324.708 515.4241
1324.774 515.3478
1324.858 515.252
1324.877 515.152
1324.863 515.0847
1324.792 515.0343
1324.714 515.0146
1324.66 514.9999
1324.674 514.9887
1324.758 514.9562
1324.912 514.9217
1325.064 514.8959
1325.222 514.9028
1325.378 514.9094
1325.6 514.9159
1325.834 514.8923
1326.023 514.8662
1326.22 514.8046
1326.426 514.7441
1326.621 514.6765
1326.884 514.6186
1327.153 514.5388
1327.486 514.447
1327.812 514.3257
1328.092 514.2205
1328.254 514.1353
1328.379 514.0776
1328.411 514.0429
1328.431 514.0383
1328.635 514.0288
1328.758 513.9384
1328.727 513.9053
1328.626 513.8929
1328.48 513.892
1328.355 513.9012
1328.21 513.8789
1328.089 513.8472
1327.929 513.7855
1327.786 513.7228
1327.634 513.6425
1327.517 513.5486
1327.407 513.4315
1327.352 513.2927
1327.416 513.2312
1327.577 513.2482
1327.757 513.2916
1327.917 513.3641
1328.11 513.4756
1328.279 513.5963
1328.467 513.7227
1328.666 513.848
1328.868 513.9526
1329.013 514.0494
1329.159 514.1328
1329.274 514.1913
1329.407 514.2938
1329.426 514.3691
1329.463 514.3308
1329.577 514.1873
1329.66 514.1176
1329.742 514.0443
1329.836 513.9508
1329.952 513.8321
1330.075 513.7095
1330.203 513.5652
1330.33 513.4487
1330.446 513.3254
1330.536 513.2195
1330.57 513.1233
1330.58 513.0423
1330.59 512.9399
1330.625 512.8121
1330.652 512.6507
1330.708 512.502
1330.764 512.3414
1330.792 512.2038
1330.795 512.0632
1330.8 511.9537
1330.843 511.8232
1330.901 511.7183
1330.945 511.5879
1305.899 511.3137
1306.313 511.7718
1306.623 512.1745
1306.876 512.5042
1307.16 512.8926
1307.409 513.2725
1307.6 513.6817
1307.845 514.1433
1308.084 514.5863
1308.349 514.9954
1308.761 515.4144
1309.191 515.7293
1309.642 515.9992
1310.199 516.2761
1310.698 516.478
1311.143 516.6271
1311.542 516.7667
1311.867 516.8619
1312.058 516.9144
1312.221 516.9291
1312.335 516.8922
1312.409 516.8264
1312.485 516.7328
1312.561 516.6602
1312.574 516.6163
1312.599 516.6106
1312.594 516.6353
1312.649 516.665
1312.656 516.7117
1312.666 516.7711
1312.674 516.8419
1312.667 516.9639
1312.612 517.122
1312.581 517.3127
1312.526 517.5213
1312.526 517.6946
1312.507 517.8282
1312.559 517.9619
1312.593 518.0598
1312.613 518.1429
1312.598 518.1888
1312.61 518.213
1312.58 518.2335
1312.542 518.2655
1312.488 518.2982
1312.467 518.355
1312.456 518.4376
1312.495 518.5131
1312.559 518.5942
1312.657 518.7047
1312.693 518.8345
1312.735 519.031
1312.775 519.2286
1312.833 519.3926
1312.934 519.5248
1313.056 519.6243
1313.191 519.7083
1313.35 519.7659
1313.494 519.7921
1313.659 519.781
1313.844 519.7387
1314.041 519.6888
1314.198 519.64
1314.35 519.5947
1314.405 519.5628
1314.439 519.538
1314.476 519.511
1314.567 519.4865
1314.692 519.4616
1314.835 519.447
1315.001 519.4341
1315.207 519.4257
1315.473 519.3941
1315.778 519.3521
1316.067 519.3002
1316.316 519.2601
1316.557 519.233
1316.744 519.212
1316.844 519.2104
1316.951 519.2046
1317.022 519.1956
1317.128 519.1738
1317.259 519.141
1317.423 519.1121
1317.508 519.1071
1317.644 519.096
1317.785 519.0709
1317.927 519.0258
1318.074 518.9776
1318.202 518.9649
1318.269 518.9828
1318.335 519.0237
1318.421 519.0685
1318.539 519.1174
1318.688 519.1801
1318.868 519.2343
1318.999 519.2967
1319.111 519.3553
1319.125 519.415
1319.076 519.479
1318.933 519.565
1318.781 519.6414
1318.597 519.7077
1318.394 519.7688
1318.239 519.8232
1318.099 519.8833
1317.955 519.9523
1317.818 520.0269
1317.715 520.1006
1317.636 520.1644
1317.621 520.1875
1317.618 520.1674
1317.601 520.1065
1317.618 520.037
1317.657 519.9716
1317.699 519.8929
1317.751 519.812
1317.765 519.7416
1317.745 519.6631
1317.735 519.5873
1317.74 519.5251
1317.714 519.4777
1317.653 519.4512
1317.594 519.4351
1317.537 519.4339
1317.458 519.447
1317.44 519.4452
1317.434 519.4497
1317.462 519.4625
1317.539 519.475
1317.586 519.5215
1317.636 519.5779
1317.686 519.6447
1317.722 519.7172
1317.773 519.7739
1317.836 519.803
1318.016 519.7841
1318.083 519.7662
1318.176 519.7439
1318.228 519.7216
1318.256 519.6971
1318.277 519.6744
1318.305 519.6304
1318.269 519.5735
1318.283 519.4932
1318.326 519.4108
1318.376 519.3408
1318.452 519.2723
1318.54 519.2089
1318.604 519.0551
1318.745 518.8328
1319.021 518.5313
1319.247 518.1927
1319.38 517.8911
1319.525 517.594
1319.63 517.4542
1319.75 517.3309
1319.899 517.2145
1319.983 517.1577
1320.079 517.0886
1320.191 517.0143
1320.313 516.913
1320.436 516.8039
1320.583 516.683
1320.713 516.5904
1320.836 516.513
1320.981 516.4441
1321.122 516.3788
1321.321 516.2964
1321.504 516.2167
1321.639 516.1472
1321.842 516.0369
1322.052 515.9292
1322.186 515.8515
1322.299 515.7887
1322.386 515.7474
1322.458 515.7187
1322.497 515.6899
1322.484 515.6868
1322.506 515.6519
1322.541 515.6351
1322.689 515.6109
1322.838 515.6008
1323.061 515.5776
1323.259 515.5558
1323.503 515.5187
1323.725 515.502
1323.908 515.4937
1324.104 515.4928
1324.306 515.4804
1324.481 515.4663
1324.658 515.4406
1324.837 515.4186
1324.931 515.4121
1324.938 515.4161
1324.881 515.4332
1324.806 515.4699
1324.683 515.5195
1324.593 515.5739
1324.556 515.614
1324.523 515.6639
1324.472 515.7039
1324.411 515.7421
1324.345 515.7791
1324.246 515.7917
1324.183 515.7916
1324.152 515.7758
1324.139 515.7404
1324.161 515.7102
1324.212 515.6729
1324.265 515.6165
1324.342 515.5804
1324.423 515.5363
1324.484 515.5178
1324.526 515.5006
1324.577 515.4999
1324.589 515.4991
1324.623 515.502
1324.654 515.4699
1324.708 515.4241
1324.774 515.3478
1324.858 515.252
1324.877 515.152
1324.863 515.0847
1324.792 515.0343
1324.714 515.0146
1324.66 514.9999
1324.674 514.9887
1324.758 514.9562
1324.912 514.9217
1325.064 514.8959
1325.222 514.9028
1325.378 514.9094
1325.6 514.9159
1325.834 514.8923
1326.023 514.8662
1326.22 514.8046
1326.426 514.7441
1326.621 514.6765
1326.884 514.6186
1327.153 514.5388
1327.486 514.447
1327.812 514.3257
1328.092 514.2205
1328.254 514.1353
1328.379 514.0776
1328.411 514.0429
1328.431 514.0383
1328.635 514.0288
1328.758 513.9384
1328.727 513.9053
1328.626 513.8929
1328.48 513.892
1328.355 513.9012
1328.21 513.8789
1328.089 513.8472
1327.929 513.7855
1327.786 513.7228
1327.634 513.6425
1327.517 513.5486
1327.407 513.4315
1327.352 513.2927
1327.416 513.2312
1327.577 513.2482
1327.757 513.2916
1327.917 513.3641
1328.11 513.4756
1328.279 513.5963
1328.467 513.7227
1328.666 513.848
1328.868 513.9526
1329.013 514.0494
1329.159 514.1328
1329.274 514.1913
1329.407 514.2938
1329.426 514.3691
1329.463 514.3308
1329.577 514.1873
1329.66 514.1176
1329.742 514.0443
1329.836 513.9508
1329.952 513.8321
1330.075 513.7095
1330.203 513.5652
1330.33 513.4487
1330.446 513.3254
1330.536 513.2195
1330.57 513.1233
1330.58 513.0423
1330.59 512.9399
1330.625 512.8121
1330.652 512.6507
1330.708 512.502
1330.764 512.3414
1330.792 512.2038
1330.795 512.0632
1330.8 511.9537
1330.843 511.8232
1330.901 511.7183
1330.945 511.5879
1331.024 511.4461
1331.074 511.3452
1331.121 511.2668
1331.181 511.1832
1331.26 511.1303
1331.319 511.0772
1331.405 511.0678
1331.472 511.075
1331.541 511.1236
1331.566 511.1881
1331.556 511.2891
1331.472 511.399
1331.366 511.5522
1331.241 511.7094
1331.102 511.895
1330.955 512.0992
1330.837 512.2953
1330.708 512.4636
1330.567 512.6849
1330.458 512.8874
1330.344 513.0876
1330.232 513.2817
1330.156 513.4329
1330.089 513.5644
1330.035 513.7398
1330.037 513.8707
1330.093 514.0022
1330.216 514.1461
1330.433 514.2668
1330.675 514.3492
1330.967 514.4158
1331.277 514.4453
1331.53 514.4432
1331.777 514.4193
1331.93 514.3922
1332.015 514.3574
1332.02 514.324
1332.021 514.2378
1332.033 514.2132
1332.012 514.1871
1331.989 514.158
1331.915 514.1426
1331.835 514.1216
1331.781 514.0917
1331.765 514.0511
1331.854 513.9482
1331.958 513.8358
1332.045 513.7215
1332.162 513.5931
1332.281 513.4874
1332.432 513.3694
1332.567 513.2775
1332.671 513.2042
1332.776 513.1385
1332.851 513.0909
1332.966 513.0367
1333.145 512.9408
1333.271 512.8634
1333.41 512.7706
1333.604 512.6837
1333.777 512.608
1333.97 512.5402
1334.147 512.4673
1334.344 512.3951
1334.624 512.3077
1335.029 512.1706
1335.477 511.9511
1336.081 511.6704
1336.862 511.2413
1337.697 510.776
1338.543 510.2229
1339.543 509.5096
1340.539 508.7081
1341.53 507.8921
1342.537 506.9769
1343.41 506.1353
1344.224 505.2862
1345.057 504.3633
1345.695 503.5562
1346.211 502.7994
1346.649 502.0245
1346.966 501.2667
1347.188 500.6578
1347.366 500.1829
1347.58 499.6726
1347.823 499.2365
1348.146 498.7729
1349.06 497.7478
1349.538 497.2708
1350.314 496.5547
1351.289 495.6974
1352.42 494.7665
1353.785 493.6522
1355.302 492.2893
1357.045 490.5293
1359.564 487.8011
1361.412 485.6909
1364.187 482.2785
1367.315 478.2837
1376.229 467.1221
1387.012 454.4025
1400.244 440.1787
1416.192 424.192
1434.951 406.5576
1454.204 388.876
1474.55 371.478
1484.141 363.7427
1494.092 355.9162
1503.896 348.2437
1514.745 339.8174
1523.864 332.6525
1532.164 325.9909
1542.186 317.859
1549.597 311.8013
1556.542 305.9512
1563.155 300.4215
1569.474 295.035
1574.944 290.5923
1581.46 285.7526
1588.01 281.5604
1595.707 277.3553
1604.51 273.3063
1622.255 266.7289
1631.834 263.8403
1643.017 260.9132
1663.652 256.3322
1686.502 252.2515
1708.346 249.3218
1727.911 247.5713
1737.923 247.0639
1747.388 246.8081
1755.629 246.6012
1763.256 246.3629
1770.082 245.9987
1776.163 245.5446
1781.385 245.0342
1785.842 244.4878
1789.601 243.9426
1794.813 242.7059
1797.997 240.8783
1798.368 240.1886
1798.43 239.5125
1798.33 238.9253
1798.116 238.4037
1797.911 237.9452
1797.676 237.5433
1797.392 237.2246
1797.09 237.0316
1796.684 236.9556
1796.176 237.0049
1795.588 237.1559
1794.444 237.5311
1792.783 238.063
1791.64 238.4404
1790.312 238.9334
1788.732 239.5251
1787.058 240.1824
1785.094 240.9427
1782.903 241.7914
1780.347 242.8192
1777.548 244.0555
1774.302 245.7419
1770.718 248.0293
1766.27 251.7217
1759.204 259.91
1751.045 272.4258
1744.172 285.8433
1740.628 294.2381
1737.36 303.4456
1734.745 313.0111
1732.751 322.9191
1731.31 333.3937
1730.411 344.5178
1730.014 356.6984
1730.181 369.5457
1730.87 382.7646
1731.835 396.1553
1732.294 402.2464
1734.268 425.3818
1737.093 451.9452
1740.217 473.514
1745.007 492.1789
1748.297 500.4527
1751.488 507.2702
1755.455 514.6873
1758.985 520.7277
1762.667 526.4331
1766.4 531.6302
1769.866 535.8403
1773.663 540.0657
1777.34 543.8453
1780.801 547.3679
1784.118 550.8212
1787.781 554.8629
1791.026 558.4455
1794.967 562.6467
1798.965 566.4666
1803.603 570.3632
1809.462 574.4767
1815.466 578.1476
1821.566 581.4202
1828.92 585.3831
1836.007 589.1073
1842.971 592.9234
1850.735 597.3343
1857.529 601.5842
1863.437 605.6648
1869.399 610.32
1874.237 614.4993
1878.386 618.653
1882.396 623.2366
1885.795 627.6364
1888.647 631.6959
1891.34 635.9577
1893.619 639.8436
1895.617 643.4984
1900.179 656.4565
1900.243 660.2774
1899.758 663.5948
1898.784 666.8695
1897.387 670.009
1895.687 672.7382
1893.734 675.228
1891.493 677.3604
1888.95 679.3972
1886.263 681.201
1883.45 683.0082
1880.518 684.6583
1877.886 686.0505
1872.973 687.9977
1869.07 689.1948
1866.2 690.2
1864.594 690.9098
1863.876 691.3962
1864.09 691.5649
1864.565 691.5933
1865.196 691.4238
1866.084 691.1843
1867.095 690.8711
1868.267 690.5665
1869.437 690.2111
1870.657 689.8466
1871.902 689.3604
1872.228 688.9137
1872.792 688.4027
1872.812 687.8914
1873.195 687.3722
1873.133 686.8079
1873.192 686.3123
1872.776 685.8893
1872.7 685.5829
1872.387 685.1174
1871.93 684.6772
1871.615 684.2905
1871.107 683.9121
1870.97 683.575
1870.617 683.2693
1870.514 682.993
1870.607 682.7399
1870.885 682.5367
1870.979 682.3687
1871.229 682.2385
1871.361 682.1566
1871.668 682.1089
1871.713 682.0754
1871.904 682.0544
1871.882 682.0277
1871.939 682.0283
1871.809 682.0492
1871.758 682.0782
1871.527 682.092
1871.368 682.0649
1871.039 681.9731
1870.679 681.8237
1870.371 681.6513
1870.061 681.4639
1869.793 681.2647
1869.533 681.0476
1869.304 680.749
1869.12 680.4372
1869.097 680.1074
1869.128 679.7421
1869.297 679.4318
1869.445 679.1126
1869.588 678.7706
1869.738 678.4683
1869.959 678.1302
1870.2 677.7906
1870.476 677.4828
1870.762 677.1447
1871.013 676.804
1871.174 676.4969
1871.316 676.15
1871.424 675.8007
1871.579 675.48
1871.754 675.1039
1871.969 674.7245
1872.149 674.3307
1872.316 673.9039
1872.441 673.4769
1331.024 511.4461
1331.074 511.3452
1331.121 511.2668
1331.181 511.1832
1331.26 511.1303
1331.319 511.0772
1331.405 511.0678
1331.472 511.075
1331.541 511.1236
1331.566 511.1881
1331.556 511.2891
1331.472 511.399
1331.366 511.5522
1331.241 511.7094
1331.102 511.895
1330.955 512.0992
1330.837 512.2953
1330.708 512.4636
1330.567 512.6849
1330.458 512.8874
1330.344 513.0876
1330.232 513.2817
1330.156 513.4329
1330.089 513.5644
1330.035 513.7398
1330.037 513.8707
1330.093 514.0022
1330.216 514.1461
1330.433 514.2668
1330.675 514.3492
1330.967 514.4158
1331.277 514.4453
1331.53 514.4432
1331.777 514.4193
1331.93 514.3922
1332.015 514.3574
1332.02 514.324
1332.021 514.2378
1332.033 514.2132
1332.012 514.1871
1331.989 514.158
1331.915 514.1426
1331.835 514.1216
1331.781 514.0917
1331.765 514.0511
1331.854 513.9482
1331.958 513.8358
1332.045 513.7215
1332.162 513.5931
1332.281 513.4874
1332.432 513.3694
1332.567 513.2775
1332.671 513.2042
1332.776 513.1385
1332.851 513.0909
1332.966 513.0367
1333.145 512.9408
1333.271 512.8634
1333.41 512.7706
1333.604 512.6837
1333.777 512.608
1333.97 512.5402
1334.147 512.4673
1334.344 512.3951
1334.624 512.3077
1335.029 512.1706
1335.477 511.9511
1336.081 511.6704
1336.862 511.2413
1337.697 510.776
1338.543 510.2229
1339.543 509.5096
1340.539 508.7081
1341.53 507.8921
1342.537 506.9769
1343.41 506.1353
1344.224 505.2862
1345.057 504.3633
1345.695 503.5562
1346.211 502.7994
1346.649 502.0245
1346.966 501.2667
1347.188 500.6578
1347.366 500.1829
1347.58 499.6726
1347.823 499.2365
1348.146 498.7729
1349.06 497.7478
1349.538 497.2708
1350.314 496.5547
1351.289 495.6974
1352.42 494.7665
1353.785 493.6522
1355.302 492.2893
1357.045 490.5293
1359.564 487.8011
1361.412 485.6909
1364.187 482.2785
1367.315 478.2837
1376.229 467.1221
1387.012 454.4025
1400.244 440.1787
1416.192 424.192
1434.951 406.5576
1454.204 388.876
1474.55 371.478
1484.141 363.7427
1494.092 355.9162
1503.896 348.2437
1514.745 339.8174
1523.864 332.6525
1532.164 325.9909
1542.186 317.859
1549.597 311.8013
1556.542 305.9512
1563.155 300.4215
1569.474 295.035
1574.944 290.5923
1581.46 285.7526
1588.01 281.5604
1595.707 277.3553
1604.51 273.3063
1622.255 266.7289
1631.834 263.8403
1643.017 260.9132
1663.652 256.3322
1686.502 252.2515
1708.346 249.3218
1727.911 247.5713
1737.923 247.0639
1747.388 246.8081
1755.629 246.6012
1763.256 246.3629
1770.082 245.9987
1776.163 245.5446
1781.385 245.0342
1785.842 244.4878
1789.601 243.9426
1794.813 242.7059
1797.997 240.8783
1798.368 240.1886
1798.43 239.5125
1798.33 238.9253
1798.116 238.4037
1797.911 237.9452
1797.676 237.5433
1797.392 237.2246
1797.09 237.0316
1796.684 236.9556
1796.176 237.0049
1795.588 237.1559
1794.444 237.5311
1792.783 238.063
1791.64 238.4404
1790.312 238.9334
1788.732 239.5251
1787.058 240.1824
1785.094 240.9427
1782.903 241.7914
1780.347 242.8192
1777.548 244.0555
1774.302 245.7419
1770.718 248.0293
1766.27 251.7217
1759.204 259.91
1751.045 272.4258
1744.172 285.8433
1740.628 294.2381
1737.36 303.4456
1734.745 313.0111
1732.751 322.9191
1731.31 333.3937
1730.411 344.5178
1730.014 356.6984
1730.181 369.5457
1730.87 382.7646
1731.835 396.1553
1732.294 402.2464
1734.268 425.3818
1737.093 451.9452
1740.217 473.514
1745.007 492.1789
1748.297 500.4527
1751.488 507.2702
1755.455 514.6873
1758.985 520.7277
1762.667 526.4331
1766.4 531.6302
1769.866 535.8403
1773.663 540.0657
1777.34 543.8453
1780.801 547.3679
1784.118 550.8212
1787.781 554.8629
1791.026 558.4455
1794.967 562.6467
1798.965 566.4666
1803.603 570.3632
1809.462 574.4767
1815.466 578.1476
1821.566 581.4202
1828.92 585.3831
1836.007 589.1073
1842.971 592.9234
1850.735 597.3343
1857.529 601.5842
1863.437 605.6648
1869.399 610.32
1874.237 614.4993
1878.386 618.653
1882.396 623.2366
1885.795 627.6364
1888.647 631.6959
1891.34 635.9577
1893.619 639.8436
1895.617 643.4984
1900.179 656.4565
1900.243 660.2774
1899.758 663.5948
1898.784 666.8695
1897.387 670.009
1895.687 672.7382
1893.734 675.228
1891.493 677.3604
1888.95 679.3972
1886.263 681.201
1883.45 683.0082
1880.518 684.6583
1877.886 686.0505
1872.973 687.9977
1869.07 689.1948
1866.2 690.2
1864.594 690.9098
1863.876 691.3962
1864.09 691.5649
1864.565 691.5933
1865.196 691.4238
1866.084 691.1843
1867.095 690.8711
1868.267 690.5665
1869.437 690.2111
1870.657 689.8466
1871.902 689.3604
1872.228 688.9137
1872.792 688.4027
1872.812 687.8914
1873.195 687.3722
1873.133 686.8079
1873.192 686.3123
1872.776 685.8893
1872.7 685.5829
1872.387 685.1174
1871.93 684.6772
1871.615 684.2905
1871.107 683.9121
1870.97 683.575
1870.617 683.2693
1870.514 682.993
1870.607 682.7399
1870.885 682.5367
1870.979 682.3687
1871.229 682.2385
1871.361 682.1566
1871.668 682.1089
1871.713 682.0754
1871.904 682.0544
1871.882 682.0277
1871.939 682.0283
1871.809 682.0492
1871.758 682.0782
1871.527 682.092
1871.368 682.0649
1871.039 681.9731
1870.679 681.8237
1870.371 681.6513
1870.061 681.4639
1869.793 681.2647
1869.533 681.0476
1869.304 680.749
1869.12 680.4372
1869.097 680.1074
1869.128 679.7421
1869.297 679.4318
1869.445 679.1126
1869.588 678.7706
1869.738 678.4683
1869.959 678.1302
1870.2 677.7906
1870.476 677.4828
1870.762 677.1447
1871.013 676.804
1871.174 676.4969
1871.316 676.15
1871.424 675.8007
1871.579 675.48
1871.754 675.1039
1871.969 674.7245
1872.149 674.3307
1872.316 673.9039
1872.441 673.4769
1872.593 673.0254
1872.685 672.4814
1872.669 671.9474
1872.528 671.4362
1872.325 670.8786
1871.908 670.405
1871.519 669.9775
1871.093 669.5597
1870.696 669.1768
1870.337 668.7993
1870.066 668.4425
1869.842 668.1332
1869.672 667.9047
1869.478 667.6809
1869.309 667.5035
1869.143 667.355
1869.029 667.1996
1869.009 667.0513
1869.106 666.9048
1869.346 666.7587
1869.692 666.6228
1870.076 666.4779
1870.551 666.3113
1871.102 666.1398
1871.701 665.9531
1872.366 665.6965
1872.909 665.4438
1873.322 665.1858
1873.663 664.8969
1873.889 664.6175
1874.045 664.3736
1874.182 664.0635
1874.308 663.7321
1874.451 663.4555
1874.592 663.1055
1874.742 662.7868
1874.87 662.5078
1874.933 662.2193
1874.891 661.9611
1874.822 661.7565
1874.723 661.5491
1874.641 661.3685
1874.534 661.1988
1874.351 661.0081
1874.039 660.7728
1873.843 660.6666
1873.464 660.4805
1873.131 660.3373
1872.812 660.2101
1872.456 660.124
1872.108 660.0243
1871.799 659.9121
1871.537 659.7804
1871.356 659.6235
1871.203 659.4141
1871.045 659.113
1870.932 658.8021
1870.838 658.4584
1870.754 658.0535
1870.725 657.5994
1870.763 657.1624
1870.829 656.7217
1870.928 656.2764
1871.047 655.9147
1871.168 655.5516
1871.359 655.1816
1871.583 654.9057
1871.857 654.6188
1872.115 654.3913
1872.365 654.2147
1872.599 654.1066
1872.818 654.0898
1873.068 654.1586
1873.411 654.3065
1873.835 654.4701
1875.15 654.8964
1875.815 655.0861
1876.558 655.304
1877.37 655.5436
1878.201 655.8035
1879.004 656.0234
1879.89 656.1952
1880.77 656.3193
1881.662 656.3895
1882.5 656.3958
1883.312 656.3556
1884.264 656.2393
1885.06 656.0651
1885.833 655.8157
1886.541 655.509
1887.267 655.0982
1887.861 654.6321
1888.296 654.1182
1888.682 653.4699
1888.954 652.8748
1889.196 652.2653
1889.4 651.6025
1889.487 650.9184
1889.45 650.3643
1889.355 649.793
1889.247 649.359
1889.259 649.006
1889.437 648.7032
1889.782 648.3828
1890.206 648.1109
1890.798 647.7874
1891.449 647.4751
1892.167 647.1656
1892.968 646.8444
1893.687 646.5894
1894.375 646.3635
1894.967 646.1787
1895.552 646.0426
1895.966 645.9783
1896.264 645.9603
1896.347 645.9733
1896.231 646.0031
1895.81 646.077
1895.206 646.1646
1894.366 646.2851
1893.144 646.4424
1891.578 646.612
1889.926 646.7766
1887.9 646.9405
1885.407 647.1112
1882.765 647.2767
1879.367 647.4747
1875.746 647.6851
1871.929 647.9255
1867.174 648.2573
1862.384 648.6016
1857.548 648.9224
1851.573 649.259
1845.521 649.555
1839.661 649.8143
1833.186 650.0605
1820.22 650.3395
1815.929 650.3873
1808.934 650.4337
1801.877 650.4694
1795.369 650.5095
1788.18 650.5842
1781.407 650.6624
1775.312 650.7514
1768.95 650.8528
1762.585 651.03
1757.148 651.2174
1749.769 651.5073
1744.137 651.7275
1739.316 651.9744
1734.309 652.1837
1729.391 652.3855
1724.824 652.5911
1719.973 652.8209
1715.038 653.088
1710.255 653.373
1705.722 653.642
1700.75 653.9428
1696.301 654.1757
1691.595 654.3724
1686.572 654.5128
1682.03 654.6151
1677.343 654.7139
1672.724 654.8265
1668.202 654.9263
1663.757 655.0098
1659.381 655.0383
1655.292 655.0306
1651.646 654.9736
1648.539 654.9076
1645.824 654.8416
1643.383 654.8102
1641.277 654.8066
1639.72 654.8135
1638.567 654.8222
1637.787 654.856
1637.435 654.8629
1637.307 654.8613
1637.744 654.6639
1638.133 654.545
1638.779 654.402
1639.571 654.2083
1640.387 654.0157
1641.201 653.7977
1642.016 653.6001
1642.884 653.3937
1643.764 653.2205
1644.672 653.0591
1645.516 652.9226
1646.312 652.7701
1646.872 652.6415
1647.383 652.5132
1647.839 652.4108
1648.264 652.3041
1648.682 652.2038
1648.989 652.1183
1649.29 652.0374
1649.551 651.9627
1650.007 651.8669
1650.64 651.8083
1651.105 651.7947
1651.812 651.7538
1652.652 651.7076
1653.646 651.6476
1654.918 651.5351
1656.583 651.3245
1658.453 651.0247
1660.721 650.5993
1663.763 649.9623
1667.006 649.251
1670.824 648.3752
1675.395 647.249
1679.883 646.0472
1685.658 644.3972
1691.638 642.657
1698.504 640.5566
1706.751 638.0498
1723.169 633.1882
1729.8 631.3157
1738.641 628.9595
1747.664 626.7818
1756.928 624.8262
1766.284 623.1496
1775.886 621.7467
1784.911 620.705
1803.506 619.3279
1811.978 619.0916
1822.137 619.0456
1829.894 619.194
1837.257 619.4977
1844.215 619.9701
1851.04 620.5633
1859.253 621.269
1864.681 621.6172
1869.472 621.8289
1874.501 622.009
1877.973 622.1247
1880.735 622.1915
1882.934 622.2375
1883.918 622.256
1884.078 622.28
1883.25 622.3567
1881.723 622.4997
1879.621 622.7285
1875.183 623.2869
1871.545 623.785
1866.665 624.5138
1862.165 625.2233
1857.477 626.0074
1850.888 627.2138
1845.759 628.2057
1840.819 629.3115
1834.584 630.895
1829.863 632.2668
1825.435 633.6754
1821.176 635.2485
1817.421 636.786
1814.256 638.3186
1811.038 640.0988
1808.718 641.7427
1806.888 643.3591
1805.477 645.0422
1804.478 646.7289
1803.909 648.5298
1803.913 651.1475
1805.295 654.4048
1807.855 657.34
1810.745 659.8635
1812.518 661.2427
1814.959 662.9706
1816.809 664.1727
1818.581 665.2223
1820.285 666.1949
1821.761 667.0062
1823.135 667.7652
1824.8 668.6384
1825.909 669.1667
1826.861 669.5677
1827.824 669.9421
1828.792 670.3162
1829.081 670.3175
1829.36 670.355
1829.563 670.3015
1829.679 670.0612
1829.646 669.7881
1829.606 669.483
1829.572 669.1498
1829.599 668.7378
1829.68 668.2759
1829.883 667.8063
1830.209 667.2972
1830.689 666.743
1831.219 666.2421
1833.063 665.0912
1834.836 664.1353
1836.145 663.3448
1838.154 662.0385
1839.856 660.965
1841.781 659.8134
1843.88 658.622
1872.593 673.0254
1872.685 672.4814
1872.669 671.9474
1872.528 671.4362
1872.325 670.8786
1871.908 670.405
1871.519 669.9775
1871.093 669.5597
1870.696 669.1768
1870.337 668.7993
1870.066 668.4425
1869.842 668.1332
1869.672 667.9047
1869.478 667.6809
1869.309 667.5035
1869.143 667.355
1869.029 667.1996
1869.009 667.0513
1869.106 666.9048
1869.346 666.7587
1869.692 666.6228
1870.076 666.4779
1870.551 666.3113
1871.102 666.1398
1871.701 665.9531
1872.366 665.6965
1872.909 665.4438
1873.322 665.1858
1873.663 664.8969
1873.889 664.6175
1874.045 664.3736
1874.182 664.0635
1874.308 663.7321
1874.451 663.4555
1874.592 663.1055
1874.742 662.7868
1874.87 662.5078
1874.933 662.2193
1874.891 661.9611
1874.822 661.7565
1874.723 661.5491
1874.641 661.3685
1874.534 661.1988
1874.351 661.0081
1874.039 660.7728
1873.843 660.6666
1873.464 660.4805
1873.131 660.3373
1872.812 660.2101
1872.456 660.124
1872.108 660.0243
1871.799 659.9121
1871.537 659.7804
1871.356 659.6235
1871.203 659.4141
1871.045 659.113
1870.932 658.8021
1870.838 658.4584
1870.754 658.0535
1870.725 657.5994
1870.763 657.1624
1870.829 656.7217
1870.928 656.2764
1871.047 655.9147
1871.168 655.5516
1871.359 655.1816
1871.583 654.9057
1871.857 654.6188
1872.115 654.3913
1872.365 654.2147
1872.599 654.1066
1872.818 654.0898
1873.068 654.1586
1873.411 654.3065
1873.835 654.4701
1875.15 654.8964
1875.815 655.0861
1876.558 655.304
1877.37 655.5436
1878.201 655.8035
1879.004 656.0234
1879.89 656.1952
1880.77 656.3193
1881.662 656.3895
1882.5 656.3958
1883.312 656.3556
1884.264 656.2393
1885.06 656.0651
1885.833 655.8157
1886.541 655.509
1887.267 655.0982
1887.861 654.6321
1888.296 654.1182
1888.682 653.4699
1888.954 652.8748
1889.196 652.2653
1889.4 651.6025
1889.487 650.9184
1889.45 650.3643
1889.355 649.793
1889.247 649.359
1889.259 649.006
1889.437 648.7032
1889.782 648.3828
1890.206 648.1109
1890.798 647.7874
1891.449 647.4751
1892.167 647.1656
1892.968 646.8444
1893.687 646.5894
1894.375 646.3635
1894.967 646.1787
1895.552 646.0426
1895.966 645.9783
1896.264 645.9603
1896.347 645.9733
1896.231 646.0031
1895.81 646.077
1895.206 646.1646
1894.366 646.2851
1893.144 646.4424
1891.578 646.612
1889.926 646.7766
1887.9 646.9405
1885.407 647.1112
1882.765 647.2767
1879.367 647.4747
1875.746 647.6851
1871.929 647.9255
1867.174 648.2573
1862.384 648.6016
1857.548 648.9224
1851.573 649.259
1845.521 649.555
1839.661 649.8143
1833.186 650.0605
1820.22 650.3395
1815.929 650.3873
1808.934 650.4337
1801.877 650.4694
1795.369 650.5095
1788.18 650.5842
1781.407 650.6624
1775.312 650.7514
1768.95 650.8528
1762.585 651.03
1757.148 651.2174
1749.769 651.5073
1744.137 651.7275
1739.316 651.9744
1734.309 652.1837
1729.391 652.3855
1724.824 652.5911
1719.973 652.8209
1715.038 653.088
1710.255 653.373
1705.722 653.642
1700.75 653.9428
1696.301 654.1757
1691.595 654.3724
1686.572 654.5128
1682.03 654.6151
1677.343 654.7139
1672.724 654.8265
1668.202 654.9263
1663.757 655.0098
1659.381 655.0383
1655.292 655.0306
1651.646 654.9736
1648.539 654.9076
1645.824 654.8416
1643.383 654.8102
1641.277 654.8066
1639.72 654.8135
1638.567 654.8222
1637.787 654.856
1637.435 654.8629
1637.307 654.8613
1637.744 654.6639
1638.133 654.545
1638.779 654.402
1639.571 654.2083
1640.387 654.0157
1641.201 653.7977
1642.016 653.6001
1642.884 653.3937
1643.764 653.2205
1644.672 653.0591
1645.516 652.9226
1646.312 652.7701
1646.872 652.6415
1647.383 652.5132
1647.839 652.4108
1648.264 652.3041
1648.682 652.2038
1648.989 652.1183
1649.29 652.0374
1649.551 651.9627
1650.007 651.8669
1650.64 651.8083
1651.105 651.7947
1651.812 651.7538
1652.652 651.7076
1653.646 651.6476
1654.918 651.5351
1656.583 651.3245
1658.453 651.0247
1660.721 650.5993
1663.763 649.9623
1667.006 649.251
1670.824 648.3752
1675.395 647.249
1679.883 646.0472
1685.658 644.3972
1691.638 642.657
1698.504 640.5566
1706.751 638.0498
1723.169 633.1882
1729.8 631.3157
1738.641 628.9595
1747.664 626.7818
1756.928 624.8262
1766.284 623.1496
1775.886 621.7467
1784.911 620.705
1803.506 619.3279
1811.978 619.0916
1822.137 619.0456
1829.894 619.194
1837.257 619.4977
1844.215 619.9701
1851.04 620.5633
1859.253 621.269
1864.681 621.6172
1869.472 621.8289
1874.501 622.009
1877.973 622.1247
1880.735 622.1915
1882.934 622.2375
1883.918 622.256
1884.078 622.28
1883.25 622.3567
1881.723 622.4997
1879.621 622.7285
1875.183 623.2869
1871.545 623.785
1866.665 624.5138
1862.165 625.2233
1857.477 626.0074
1850.888 627.2138
1845.759 628.2057
1840.819 629.3115
1834.584 630.895
1829.863 632.2668
1825.435 633.6754
1821.176 635.2485
1817.421 636.786
1814.256 638.3186
1811.038 640.0988
1808.718 641.7427
1806.888 643.3591
1805.477 645.0422
1804.478 646.7289
1803.909 648.5298
1803.913 651.1475
1805.295 654.4048
1807.855 657.34
1810.745 659.8635
1812.518 661.2427
1814.959 662.9706
1816.809 664.1727
1818.581 665.2223
1820.285 666.1949
1821.761 667.0062
1823.135 667.7652
1824.8 668.6384
1825.909 669.1667
1826.861 669.5677
1827.824 669.9421
1828.792 670.3162
1829.081 670.3175
1829.36 670.355
1829.563 670.3015
1829.679 670.0612
1829.646 669.7881
1829.606 669.483
1829.572 669.1498
1829.599 668.7378
1829.68 668.2759
1829.883 667.8063
1830.209 667.2972
1830.689 666.743
1831.219 666.2421
1833.063 665.0912
1834.836 664.1353
1836.145 663.3448
1838.154 662.0385
1839.856 660.965
1841.781 659.8134
1843.88 658.622
1846.17 657.385
1848.691 656.1069
1851.399 654.7806
1854.445 653.3514
1857.764 651.8958
1861.27 650.5084
1865.031 649.2066
1869.055 647.9821
1874.683 646.5023
1879.304 645.4066
1883.883 644.3684
1888.544 643.3145
1893.562 642.1964
1898.705 641.0657
1903.834 639.9852
1908.932 638.9421
1913.957 637.9615
1918.752 637.0342
1923.249 636.1528
1927.327 635.3341
1930.716 634.6501
1936.665 633.4297
1940.227 632.6542
1941.082 632.2609
1940.444 632.1985
1939.165 632.2589
1937.115 632.4532
1934.415 632.7256
1930.903 633.0457
1926.649 633.3472
1921.688 633.6202
1915.845 633.8606
1907.643 634.1498
1901.002 634.3513
1893.978 634.4915
1886.586 634.5063
1882.555 634.4545
1865.691 633.7612
1847.527 632.3237
1828.65 630.5184
1818.368 629.4241
1803.933 627.7932
1794.19 626.6336
1782.274 625.1616
1768.053 623.3636
1757.49 621.986
1744.615 620.2528
1729.242 618.1016
1717.778 616.4379
1704.717 614.5057
1685.799 611.6917
1669.199 609.2214
1657.012 607.39
1642.912 605.3146
1628.053 603.0974
1613.221 600.8268
1572.211 593.9379
1553.891 590.6449
1540.34 588.1825
1526.929 585.7708
1514.335 583.4278
1501.862 581.0909
1489.973 578.7687
1478.432 576.506
1467.236 574.2664
1457.426 572.3517
1447.111 570.3141
1436.394 568.2488
1425.827 566.2207
1393.445 559.8274
1375.399 556.1548
1364.956 554.0098
1351.531 551.0848
1340.825 548.6818
1330.087 546.2177
1315.193 542.7143
1303.306 539.8709
1291.577 537.1311
1279.923 534.548
1268.274 531.9915
1256.593 529.4418
1244.879 526.8797
1233.177 524.4383
1221.614 522.1904
1210.103 520.1387
1198.789 518.3566
1187.359 516.8046
1176.397 515.5165
1165.736 514.4769
1155.958 513.7466
1146.66 513.3341
1138.084 513.1496
1127.668 513.0834
1120.716 513.0954
1114.588 513.2901
1106.741 513.874
1102.453 514.3434
1097.097 514.9276
1094.238 515.1912
1091.778 515.357
1090.385 515.4127
1087.165 515.5321
1086.382 515.5504
1086.153 515.5043
1086.493 515.4139
1087.485 515.2576
1089.124 515.0841
1091.376 514.9407
1093.987 514.8868
1097.209 514.8781
1100.843 514.926
1105.105 514.8989
1109.584 514.9188
1114.961 514.86
1131.404 514.8308
1150.254 514.8902
1161.858 514.9629
1174.744 515.2048
1188.308 515.5625
1203.105 515.8947
1217.933 515.9639
1234.049 516.0497
1251.092 516.4503
1268.85 516.8138
1286.926 517.0749
1305.784 516.9154
1325.251 516.4293
1349.288 515.3094
1388.633 513.475
1413.28 512.3522
1431.861 511.4892
1475.971 509.0552
1492.668 508.3432
1512.857 507.7712
1528.956 507.3223
1549.03 506.6938
1568.253 506.1385
1582.921 505.7498
1598.437 505.5515
1611.685 505.4835
1624.385 505.6104
1637.834 505.9386
1649.565 506.3175
1661.183 506.6487
1674.934 507.0005
1684.299 507.2841
1692.559 507.6215
1702.247 508.3393
1707.704 508.974
1713.553 509.934
1717.143 510.7214
1719.792 511.4221
1722.442 512.3475
1723.592 512.9332
1724.164 513.4009
1724.194 513.7441
1723.826 513.9135
1722.995 513.9371
1721.585 513.8098
1719.698 513.5849
1716.89 513.228
1714.152 512.8823
1710.745 512.3966
1706.997 511.8104
1698.173 510.5037
1685.206 509.2108
1671.434 508.2596
1663.404 507.7245
1652.044 506.9535
1641.304 506.1331
1624.483 504.8495
1611.156 503.9451
1593.669 502.9612
1578.316 502.3259
1561.915 501.9669
1538.531 501.9738
1520.844 502.3846
1499.66 503.1865
1480.878 503.9291
1464.333 504.4326
1441.409 504.9021
1426.178 505.0261
1412.662 505.2063
1391.893 505.6295
1376.465 505.9475
1358.986 505.8744
1346.995 505.285
1335.667 504.1782
1322.033 502.1523
1311.257 500.3489
1296.484 498.4124
1285.314 497.685
1273.795 497.4243
1261.032 497.3295
1249.246 497.2345
1237.467 496.8717
1227.058 496.2158
1216.703 495.1674
1206.927 493.9232
1197.728 492.4528
1190.123 491.0496
1183.408 489.4869
1178.107 488.1122
1172.124 486.237
1173.486 484.6995
1180.767 483.2417
1187.081 482.3645
1194.417 481.5538
1203.442 480.7822
1212.063 480.1134
1220.25 479.5518
1228.934 479.1208
1237.993 478.8027
1247.212 478.6396
1258.475 478.5981
1267.916 478.7166
1277.522 478.8545
1287.264 479.0402
1297.342 479.1431
1307.437 479.2054
1335.202 478.6128
1343.906 478.2227
1353.349 477.7269
1362.962 477.285
1373.339 476.8903
1384.944 476.6639
1397.4 476.5218
1409.391 476.4764
1422.274 476.4019
1435.806 476.3102
1449.654 476.2293
1463.505 476.2288
1477.455 476.2923
1490.843 476.3613
1503.666 476.2808
1515.977 475.895
1527.994 475.3329
1539.538 474.2469
1549.636 472.7738
1559.587 471.36
1568.335 469.8867
1575.737 468.4385
1581.945 466.9879
1586.481 465.653
1590.094 464.1763
1592.535 462.7166
1594.22 461.3018
1595.17 459.9706
1595.219 458.1354
1594.125 457.1535
1592.025 456.4219
1587.838 455.894
1583.36 455.7939
1577.502 455.8783
1570.749 455.9961
1562.622 456.0854
1553.216 456.1178
1539.569 456.1247
1527.422 456.1517
1513.841 456.1082
1500.992 455.8398
1487.587 455.1922
1474.434 454.1493
1461.55 452.7908
1448.979 451.2557
1437.383 449.7256
1413.307 446.4054
1398.572 444.4105
1385.755 442.9766
1374.489 441.8792
1347.815 440.0083
1324.018 439.1064
1307.95 438.7715
1294.495 438.6392
1273.675 438.633
1260.972 438.7974
1248.637 439.0156
1234.204 439.3723
1222.901 439.5181
1210.019 439.7038
1200.531 439.9307
1192.127 440.1665
1182.522 440.6123
1177.561 441.0947
1173.909 441.4968
1171.725 441.8815
1171.09 442.312
1172.309 442.7086
1175.147 443.0135
1179.268 443.333
1185.895 443.5313
1208.004 444.3659
1228.723 445.4183
1241.457 446.12
1257.845 447.0635
1286.743 448.8688
1303.85 449.9679
1320.069 450.9854
1337.444 451.9513
1355.133 452.735
1846.17 657.385
1848.691 656.1069
1851.399 654.7806
1854.445 653.3514
1857.764 651.8958
1861.27 650.5084
1865.031 649.2066
1869.055 647.9821
1874.683 646.5023
1879.304 645.4066
1883.883 644.3684
1888.544 643.3145
1893.562 642.1964
1898.705 641.0657
1903.834 639.9852
1908.932 638.9421
1913.957 637.9615
1918.752 637.0342
1923.249 636.1528
1927.327 635.3341
1930.716 634.6501
1936.665 633.4297
1940.227 632.6542
1941.082 632.2609
1940.444 632.1985
1939.165 632.2589
1937.115 632.4532
1934.415 632.7256
1930.903 633.0457
1926.649 633.3472
1921.688 633.6202
1915.845 633.8606
1907.643 634.1498
1901.002 634.3513
1893.978 634.4915
1886.586 634.5063
1882.555 634.4545
1865.691 633.7612
1847.527 632.3237
1828.65 630.5184
1818.368 629.4241
1803.933 627.7932
1794.19 626.6336
1782.274 625.1616
1768.053 623.3636
1757.49 621.986
1744.615 620.2528
1729.242 618.1016
1717.778 616.4379
1704.717 614.5057
1685.799 611.6917
1669.199 609.2214
1657.012 607.39
1642.912 605.3146
1628.053 603.0974
1613.221 600.8268
1572.211 593.9379
1553.891 590.6449
1540.34 588.1825
1526.929 585.7708
1514.335 583.4278
1501.862 581.0909
1489.973 578.7687
1478.432 576.506
1467.236 574.2664
1457.426 572.3517
1447.111 570.3141
1436.394 568.2488
1425.827 566.2207
1393.445 559.8274
1375.399 556.1548
1364.956 554.0098
1351.531 551.0848
1340.825 548.6818
1330.087 546.2177
1315.193 542.7143
1303.306 539.8709
1291.577 537.1311
1279.923 534.548
1268.274 531.9915
1256.593 529.4418
1244.879 526.8797
1233.177 524.4383
1221.614 522.1904
1210.103 520.1387
1198.789 518.3566
1187.359 516.8046
1176.397 515.5165
1165.736 514.4769
1155.958 513.7466
1146.66 513.3341
1138.084 513.1496
1127.668 513.0834
1120.716 513.0954
1114.588 513.2901
1106.741 513.874
1102.453 514.3434
1097.097 514.9276
1094.238 515.1912
1091.778 515.357
1090.385 515.4127
1087.165 515.5321
1086.382 515.5504
1086.153 515.5043
1086.493 515.4139
1087.485 515.2576
1089.124 515.0841
1091.376 514.9407
1093.987 514.8868
1097.209 514.8781
1100.843 514.926
1105.105 514.8989
1109.584 514.9188
1114.961 514.86
1131.404 514.8308
1150.254 514.8902
1161.858 514.9629
1174.744 515.2048
1188.308 515.5625
1203.105 515.8947
1217.933 515.9639
1234.049 516.0497
1251.092 516.4503
1268.85 516.8138
1286.926 517.0749
1305.784 516.9154
1325.251 516.4293
1349.288 515.3094
1388.633 513.475
1413.28 512.3522
1431.861 511.4892
1475.971 509.0552
1492.668 508.3432
1512.857 507.7712
1528.956 507.3223
1549.03 506.6938
1568.253 506.1385
1582.921 505.7498
1598.437 505.5515
1611.685 505.4835
1624.385 505.6104
1637.834 505.9386
1649.565 506.3175
1661.183 506.6487
1674.934 507.0005
1684.299 507.2841
1692.559 507.6215
1702.247 508.3393
1707.704 508.974
1713.553 509.934
1717.143 510.7214
1719.792 511.4221
1722.442 512.3475
1723.592 512.9332
1724.164 513.4009
1724.194 513.7441
1723.826 513.9135
1722.995 513.9371
1721.585 513.8098
1719.698 513.5849
1716.89 513.228
1714.152 512.8823
1710.745 512.3966
1706.997 511.8104
1698.173 510.5037
1685.206 509.2108
1671.434 508.2596
1663.404 507.7245
1652.044 506.9535
1641.304 506.1331
1624.483 504.8495
1611.156 503.9451
1593.669 502.9612
1578.316 502.3259
1561.915 501.9669
1538.531 501.9738
1520.844 502.3846
1499.66 503.1865
1480.878 503.9291
1464.333 504.4326
1441.409 504.9021
1426.178 505.0261
1412.662 505.2063
1391.893 505.6295
1376.465 505.9475
1358.986 505.8744
1346.995 505.285
1335.667 504.1782
1322.033 502.1523
1311.257 500.3489
1296.484 498.4124
1285.314 497.685
1273.795 497.4243
1261.032 497.3295
1249.246 497.2345
1237.467 496.8717
1227.058 496.2158
1216.703 495.1674
1206.927 493.9232
1197.728 492.4528
1190.123 491.0496
1183.408 489.4869
1178.107 488.1122
1172.124 486.237
1173.486 484.6995
1180.767 483.2417
1187.081 482.3645
1194.417 481.5538
1203.442 480.7822
1212.063 480.1134
1220.25 479.5518
1228.934 479.1208
1237.993 478.8027
1247.212 478.6396
1258.475 478.5981
1267.916 478.7166
1277.522 478.8545
1287.264 479.0402
1297.342 479.1431
1307.437 479.2054
1335.202 478.6128
1343.906 478.2227
1353.349 477.7269
1362.962 477.285
1373.339 476.8903
1384.944 476.6639
1397.4 476.5218
1409.391 476.4764
1422.274 476.4019
1435.806 476.3102
1449.654 476.2293
1463.505 476.2288
1477.455 476.2923
1490.843 476.3613
1503.666 476.2808
1515.977 475.895
1527.994 475.3329
1539.538 474.2469
1549.636 472.7738
1559.587 471.36
1568.335 469.8867
1575.737 468.4385
1581.945 466.9879
1586.481 465.653
1590.094 464.1763
1592.535 462.7166
1594.22 461.3018
1595.17 459.9706
1595.219 458.1354
1594.125 457.1535
1592.025 456.4219
1587.838 455.894
1583.36 455.7939
1577.502 455.8783
1570.749 455.9961
1562.622 456.0854
1553.216 456.1178
1539.569 456.1247
1527.422 456.1517
1513.841 456.1082
1500.992 455.8398
1487.587 455.1922
1474.434 454.1493
1461.55 452.7908
1448.979 451.2557
1437.383 449.7256
1413.307 446.4054
1398.572 444.4105
1385.755 442.9766
1374.489 441.8792
1347.815 440.0083
1324.018 439.1064
1307.95 438.7715
1294.495 438.6392
1273.675 438.633
1260.972 438.7974
1248.637 439.0156
1234.204 439.3723
1222.901 439.5181
1210.019 439.7038
1200.531 439.9307
1192.127 440.1665
1182.522 440.6123
1177.561 441.0947
1173.909 441.4968
1171.725 441.8815
1171.09 442.312
1172.309 442.7086
1175.147 443.0135
1179.268 443.333
1185.895 443.5313
1208.004 444.3659
1228.723 445.4183
1241.457 446.12
1257.845 447.0635
1286.743 448.8688
1303.85 449.9679
1320.069 450.9854
1337.444 451.9513
1355.133 452.735
1372.961 453.255
1390.862 453.5949
1407.948 453.709
1423.973 453.5521
1439.517 453.022
1454.678 452.1745
1469.329 451.1458
1483.392 450.0656
1503.191 448.3177
1515.273 447.1001
1553.271 442.5861
1581.325 439.2272
1590.905 437.7856
1598.266 436.8237
1605.116 436.1429
1612.527 435.7969
1627.271 436.2505
1630.562 436.3777
1633.399 436.4622
1635.1 436.5383
1636.398 436.5941
1637.43 436.5838
1638.233 436.5755
1637.079 436.2751
1636.024 435.8843
1634.965 435.4398
1634.028 435.0313
1632.219 434.6284
1630.57 434.255
1628.655 433.9349
1626.59 433.6245
1624.829 433.4238
1622.551 433.2393
1620.165 433.1541
1618.319 433.1496
1615.827 433.2031
1613.589 433.2859
1608.793 433.4766
1604.075 433.6595
1602.426 433.7137
1599.682 433.8044
1597.558 433.8839
1595.501 433.9733
1593.478 434.0731
1591.271 434.175
1589.179 434.2545
1587.065 434.332
1584.916 434.3866
1582.823 434.4247
1580.721 434.4637
1579.38 434.4967
1577.184 434.5654
1572.064 434.6785
1568.565 434.6395
1566.508 434.5322
1564.599 434.3711
1562.745 434.1478
1561.027 433.8773
1559.393 433.5139
1557.885 433.0614
1556.57 432.5208
1555.425 431.9139
1554.38 431.188
1553.457 430.3853
1552.682 429.4388
1551.959 427.9899
1551.626 426.8363
1551.521 425.6331
1551.987 423.7152
1552.756 422.2808
1553.87 420.8539
1555.345 419.341
1557.09 417.8833
1559.135 416.3617
1561.352 414.8655
1563.428 413.5441
1565.508 412.2264
1567.826 411.0695
1570.085 409.9087
1572.596 408.6787
1574.852 407.6675
1576.964 406.7056
1578.898 405.8566
1581.05 404.9108
1582.494 404.3089
1583.513 403.8809
1584.717 403.4051
1586.235 402.8524
1587.056 402.588
1588.311 402.215
1589.124 402.0439
1589.867 401.9557
1590.423 401.9902
1590.891 402.064
1591.258 402.1751
1591.529 402.3009
1591.635 402.4552
1591.727 402.638
1591.729 402.7648
1591.639 402.8744
1591.612 402.9323
1591.657 402.9378
1591.76 402.902
1591.92 402.8512
1592.154 402.7918
1592.405 402.7542
1592.701 402.7397
1592.779 402.8146
1592.733 402.9461
1592.516 403.2174
1592.29 403.5231
1592.224 403.8563
1592.218 404.0718
1592.158 404.2721
1591.926 404.605
1591.565 404.9896
1591.14 405.388
1590.755 405.7391
1590.415 406.0358
1590.125 406.2737
1589.855 406.4683
1589.575 406.6362
1589.309 406.7866
1589.043 406.9229
1588.229 407.2887
1587.49 407.6198
1587.051 407.8324
1586.748 407.9642
1586.09 408.1421
1585.235 408.3871
1584.896 408.495
1584.608 408.5702
1584.465 408.5892
1584.18 408.5695
1583.934 408.5687
1583.474 408.603
1582.923 408.6873
1582.337 408.8005
1581.883 408.9429
1581.557 409.0518
1581.4 409.1354
1581.292 409.1899
1581.23 409.2311
1581.166 409.2557
1581.176 409.2586
1581.215 409.2236
1581.49 409.1276
1581.778 409.0176
1582.105 408.8789
1582.451 408.6673
1582.554 408.5049
1582.469 408.3552
1582.126 408.2314
1581.469 408.1606
1580.438 408.1457
1579.079 408.1891
1577.328 408.3009
1575.15 408.5199
1568.037 409.5013
1563.484 410.1969
1558.26 411.0145
1545.294 413.0002
1536.274 414.1815
1528.01 415.0913
1519.055 415.9787
1509.026 416.8053
1498.958 417.4263
1488.482 417.8042
1465.295 417.7785
1439.618 416.6769
1421.454 415.5669
1400.721 414.4647
1386.724 414.1499
1372.684 414.2207
1359.305 414.6136
1346.078 415.2064
1333.915 416.0142
1322.353 416.9873
1311.188 418.223
1298.85 419.9863
1290.171 421.5991
1282.243 423.3496
1272.419 425.9347
1262.162 429.0255
1256.563 430.771
1251.251 432.4321
1246.101 434.0443
1241.149 435.6351
1236.354 437.1846
1231.9 438.6619
1226.468 440.4969
1222.738 441.8698
1219.284 443.3379
1216.331 444.8237
1212.909 447.1747
1211.742 448.8579
1211.756 449.7095
1211.872 449.9837
1212.039 450.1335
1212.346 450.2513
1212.791 450.3039
1213.376 450.3429
1214.136 450.3428
1214.781 450.3229
1215.591 450.2972
1216.274 450.2957
1216.871 450.2991
1217.41 450.2438
1217.756 450.0903
1218.044 449.8579
1218.356 449.5501
1218.684 449.1992
1219.14 448.826
1219.927 448.321
1220.578 447.9435
1221.27 447.5553
1221.957 447.1519
1222.561 446.7734
1223.107 446.4178
1223.624 446.0823
1224.118 445.7603
1224.624 445.453
1226.15 444.5856
1227.153 444.3159
1228.21 444.2446
1229.807 444.314
1231.919 444.5324
1235.061 444.9319
1238.914 445.4295
1244.114 446.0931
1250.47 446.8444
1260.553 447.8978
1270.427 448.79
1281.479 449.5628
1295.204 450.1553
1307.99 450.4177
1321.387 450.4695
1335.442 450.3729
1349.66 450.0804
1364.258 449.4826
1384.808 447.9181
1399.485 446.3057
1415.444 444.1662
1430.971 441.7223
1446.719 438.9111
1462.07 435.9183
1475.75 433.0942
1489.761 430.0763
1503.043 427.1579
1526.562 422.0378
1550.007 416.723
1562.381 413.7277
1575.771 410.4399
1603.485 404.0127
1628.801 398.4551
1653.809 393.0192
1676.294 387.9225
1695.598 382.8052
1704.812 379.9987
1713.314 377.0208
1721.02 373.8477
1727.157 370.7835
1733.057 367.1108
1737.989 363.1341
1741.988 358.963
1745.446 354.4658
1748.651 349.6413
1751.556 344.6691
1754.714 338.8008
1760.106 327.2502
1763.262 317.0822
1764.355 312.3942
1765.325 307.9749
1766.688 303.6781
1768.719 299.5778
1771.513 295.7132
1774.662 292.4102
1778.271 289.3387
1781.899 286.7883
1786.189 284.2785
1790.393 282.1439
1795.002 280.2977
1799.917 278.6908
1805.187 277.2437
1810.964 275.801
1816.385 274.4465
1822.223 273.0121
1828.338 271.5619
1839.043 269.1982
1843.929 268.1614
1848.716 267.0952
1853.395 266.0199
1858.294 264.7824
1867.796 262.1458
1874.931 260.0519
1878.612 258.9134
1881.679 257.9004
1884.274 257.0083
1886.745 256.1823
1888.972 255.4997
1372.961 453.255
1390.862 453.5949
1407.948 453.709
1423.973 453.5521
1439.517 453.022
1454.678 452.1745
1469.329 451.1458
1483.392 450.0656
1503.191 448.3177
1515.273 447.1001
1553.271 442.5861
1581.325 439.2272
1590.905 437.7856
1598.266 436.8237
1605.116 436.1429
1612.527 435.7969
1627.271 436.2505
1630.562 436.3777
1633.399 436.4622
1635.1 436.5383
1636.398 436.5941
1637.43 436.5838
1638.233 436.5755
1637.079 436.2751
1636.024 435.8843
1634.965 435.4398
1634.028 435.0313
1632.219 434.6284
1630.57 434.255
1628.655 433.9349
1626.59 433.6245
1624.829 433.4238
1622.551 433.2393
1620.165 433.1541
1618.319 433.1496
1615.827 433.2031
1613.589 433.2859
1608.793 433.4766
1604.075 433.6595
1602.426 433.7137
1599.682 433.8044
1597.558 433.8839
1595.501 433.9733
1593.478 434.0731
1591.271 434.175
1589.179 434.2545
1587.065 434.332
1584.916 434.3866
1582.823 434.4247
1580.721 434.4637
1579.38 434.4967
1577.184 434.5654
1572.064 434.6785
1568.565 434.6395
1566.508 434.5322
1564.599 434.3711
1562.745 434.1478
1561.027 433.8773
1559.393 433.5139
1557.885 433.0614
1556.57 432.5208
1555.425 431.9139
1554.38 431.188
1553.457 430.3853
1552.682 429.4388
1551.959 427.9899
1551.626 426.8363
1551.521 425.6331
1551.987 423.7152
1552.756 422.2808
1553.87 420.8539
1555.345 419.341
1557.09 417.8833
1559.135 416.3617
1561.352 414.8655
1563.428 413.5441
1565.508 412.2264
1567.826 411.0695
1570.085 409.9087
1572.596 408.6787
1574.852 407.6675
1576.964 406.7056
1578.898 405.8566
1581.05 404.9108
1582.494 404.3089
1583.513 403.8809
1584.717 403.4051
1586.235 402.8524
1587.056 402.588
1588.311 402.215
1589.124 402.0439
1589.867 401.9557
1590.423 401.9902
1590.891 402.064
1591.258 402.1751
1591.529 402.3009
1591.635 402.4552
1591.727 402.638
1591.729 402.7648
1591.639 402.8744
1591.612 402.9323
1591.657 402.9378
1591.76 402.902
1591.92 402.8512
1592.154 402.7918
1592.405 402.7542
1592.701 402.7397
1592.779 402.8146
1592.733 402.9461
1592.516 403.2174
1592.29 403.5231
1592.224 403.8563
1592.218 404.0718
1592.158 404.2721
1591.926 404.605
1591.565 404.9896
1591.14 405.388
1590.755 405.7391
1590.415 406.0358
1590.125 406.2737
1589.855 406.4683
1589.575 406.6362
1589.309 406.7866
1589.043 406.9229
1588.229 407.2887
1587.49 407.6198
1587.051 407.8324
1586.748 407.9642
1586.09 408.1421
1585.235 408.3871
1584.896 408.495
1584.608 408.5702
1584.465 408.5892
1584.18 408.5695
1583.934 408.5687
1583.474 408.603
1582.923 408.6873
1582.337 408.8005
1581.883 408.9429
1581.557 409.0518
1581.4 409.1354
1581.292 409.1899
1581.23 409.2311
1581.166 409.2557
1581.176 409.2586
1581.215 409.2236
1581.49 409.1276
1581.778 409.0176
1582.105 408.8789
1582.451 408.6673
1582.554 408.5049
1582.469 408.3552
1582.126 408.2314
1581.469 408.1606
1580.438 408.1457
1579.079 408.1891
1577.328 408.3009
1575.15 408.5199
1568.037 409.5013
1563.484 410.1969
1558.26 411.0145
1545.294 413.0002
1536.274 414.1815
1528.01 415.0913
1519.055 415.9787
1509.026 416.8053
1498.958 417.4263
1488.482 417.8042
1465.295 417.7785
1439.618 416.6769
1421.454 415.5669
1400.721 414.4647
1386.724 414.1499
1372.684 414.2207
1359.305 414.6136
1346.078 415.2064
1333.915 416.0142
1322.353 416.9873
1311.188 418.223
1298.85 419.9863
1290.171 421.5991
1282.243 423.3496
1272.419 425.9347
1262.162 429.0255
1256.563 430.771
1251.251 432.4321
1246.101 434.0443
1241.149 435.6351
1236.354 437.1846
1231.9 438.6619
1226.468 440.4969
1222.738 441.8698
1219.284 443.3379
1216.331 444.8237
1212.909 447.1747
1211.742 448.8579
1211.756 449.7095
1211.872 449.9837
1212.039 450.1335
1212.346 450.2513
1212.791 450.3039
1213.376 450.3429
1214.136 450.3428
1214.781 450.3229
1215.591 450.2972
1216.274 450.2957
1216.871 450.2991
1217.41 450.2438
1217.756 450.0903
1218.044 449.8579
1218.356 449.5501
1218.684 449.1992
1219.14 448.826
1219.927 448.321
1220.578 447.9435
1221.27 447.5553
1221.957 447.1519
1222.561 446.7734
1223.107 446.4178
1223.624 446.0823
1224.118 445.7603
1224.624 445.453
1226.15 444.5856
1227.153 444.3159
1228.21 444.2446
1229.807 444.314
1231.919 444.5324
1235.061 444.9319
1238.914 445.4295
1244.114 446.0931
1250.47 446.8444
1260.553 447.8978
1270.427 448.79
1281.479 449.5628
1295.204 450.1553
1307.99 450.4177
1321.387 450.4695
1335.442 450.3729
1349.66 450.0804
1364.258 449.4826
1384.808 447.9181
1399.485 446.3057
1415.444 444.1662
1430.971 441.7223
1446.719 438.9111
1462.07 435.9183
1475.75 433.0942
1489.761 430.0763
1503.043 427.1579
1526.562 422.0378
1550.007 416.723
1562.381 413.7277
1575.771 410.4399
1603.485 404.0127
1628.801 398.4551
1653.809 393.0192
1676.294 387.9225
1695.598 382.8052
1704.812 379.9987
1713.314 377.0208
1721.02 373.8477
1727.157 370.7835
1733.057 367.1108
1737.989 363.1341
1741.988 358.963
1745.446 354.4658
1748.651 349.6413
1751.556 344.6691
1754.714 338.8008
1760.106 327.2502
1763.262 317.0822
1764.355 312.3942
1765.325 307.9749
1766.688 303.6781
1768.719 299.5778
1771.513 295.7132
1774.662 292.4102
1778.271 289.3387
1781.899 286.7883
1786.189 284.2785
1790.393 282.1439
1795.002 280.2977
1799.917 278.6908
1805.187 277.2437
1810.964 275.801
1816.385 274.4465
1822.223 273.0121
1828.338 271.5619
1839.043 269.1982
1843.929 268.1614
1848.716 267.0952
1853.395 266.0199
1858.294 264.7824
1867.796 262.1458
1874.931 260.0519
1878.612 258.9134
1881.679 257.9004
1884.274 257.0083
1886.745 256.1823
1888.972 255.4997
1892.159 254.5794
1894.405 253.9463
1896.425 253.3014
1898.295 252.679
1900.078 252.0197
1901.887 251.3711
1903.425 250.7889
1907.218 249.2713
1911.987 247.6613
1916.102 246.3309
1919.115 245.5745
1922.639 244.7694
1926.128 244.0723
1929.991 243.4915
1933.978 243.069
1937.973 242.7697
1941.818 242.5862
1945.692 242.5439
1949.662 242.5663
1953.783 242.6086
1957.862 242.5921
1961.77 242.5283
1965.553 242.4295
1967.221 242.3792
1973.189 242.141
1978.574 241.8428
1982.743 241.4162
1984.814 241.0394
1987.04 240.4867
1988.573 240.0462
1990.3 239.5184
1991.589 239.1273
1992.922 238.7713
1994.38 238.4176
1995.79 238.0916
1997.183 237.7962
1998.516 237.592
1999.767 237.4198
2000.839 237.2383
2002.373 236.9176
2003.446 236.6968
2005.032 236.3354
2006.257 235.9723
2007.285 235.5913
2008.1 235.1859
2008.797 234.7209
2009.184 234.3135
2009.61 233.6712
2009.725 233.3428
2009.755 233.0565
2009.72 232.8325
2009.684 232.6577
2009.659 232.5038
2009.653 232.4066
2009.633 232.3268
2009.532 232.2972
2009.354 232.3031
2009.228 232.327
2009.248 232.3937
2009.303 232.4521
2009.603 232.6245
2009.478 232.8306
2008.902 233.1133
2008.059 233.5394
2007.689 233.8662
2007.439 234.1497
2007.177 234.5036
2006.929 234.7474
2006.524 234.9937
2005.923 235.2218
2005.238 235.4323
2004.53 235.6164
2003.589 235.8267
2002.885 235.986
2002.205 236.1449
2001.5 236.2998
2000.777 236.4486
2000.101 236.5749
1999.473 236.6821
1998.979 236.7461
1998.576 236.8008
1998.155 236.8498
1997.507 236.8901
1997.187 236.8856
1996.906 236.8618
1996.463 236.7301
1996.294 236.5124
1996.245 236.3114
1996.068 236.1395
1995.983 236.0037
1996.296 235.8138
1996.454 235.7669
1996.588 235.7272
1996.688 235.6758
1996.88 235.5934
1997.06 235.5236
1997.219 235.4819
1997.312 235.4827
1997.38 235.5308
1997.497 235.6261
1998.043 235.9442
1998.31 236.0501
1998.66 236.207
1998.873 236.2843
1999.024 236.3423
1999.215 236.4147
1999.343 236.4297
1999.621 236.4167
1999.791 236.3861
1999.903 236.3008
1999.903 236.214
1999.846 236.1351
1999.703 236.0557
1999.677 236.0384
1999.661 236.0397
1999.628 236.0456
1999.465 236.0365
1999.022 236.0194
1998.47 235.9762
1997.419 235.9175
1996.504 235.8906
1995.484 235.8774
1994.089 235.9001
1992.852 235.9378
1991.521 236.0018
1989.219 236.1803
1987.414 236.3709
1984.124 236.8281
1981.196 237.3035
1977.616 237.9616
1971.243 239.0641
1965.406 240.1058
1955.678 242.077
1946.866 244.0749
1939.711 245.8363
1925.824 249.6066
1914.038 252.9562
1898.09 257.4901
1885.263 261.1717
1873.221 264.7295
1855.006 270.3384
1841.502 274.6123
1826.622 279.3957
1814.138 283.4993
1801.339 287.7109
1785.793 292.9678
1773.03 297.4388
1761.06 301.9197
1744.932 308.8159
1733.53 314.4014
1723.713 319.7474
1714.191 325.4435
1704.609 331.7686
1695.429 338.2502
1682.95 347.7882
1673.232 355.6063
1659.633 366.9497
1650.235 374.9464
1640.447 383.1209
1624.34 395.9438
1613.328 404.1437
1597.471 415.2894
1585.812 422.986
1573.707 430.4826
1558.539 439.1089
1546.18 445.7415
1533.922 451.9736
1515.404 460.8841
1503.186 466.5653
1484.94 474.8177
1473.549 479.9868
1463.194 484.7571
1452.969 489.6297
1443.343 494.5395
1434.07 499.5562
1422.326 506.4159
1414.263 511.428
1404.243 517.8536
1397.203 522.6435
1390.523 527.3711
1381.936 533.7702
1375.909 538.4642
1370.577 542.7552
1364.16 548.0587
1359.902 551.6202
1354.918 555.8373
1351.608 558.6457
1348.882 561.0064
1346.08 563.3723
1344.362 564.8126
1343.046 565.9116
1341.611 567.1743
1340.999 567.8597
1340.355 568.6533
1339.993 569.1198
1339.699 569.528
1339.673 569.6942
1339.499 569.8762
1339.201 570.0886
1338.952 570.1634
1338.628 570.2181
1338.159 570.1943
1337.715 570.2221
1337.297 570.2271
1336.894 570.3112
1336.437 570.4385
1335.638 570.7089
1335.045 570.9782
1334.435 571.2809
1333.122 572.0471
1332.216 572.5854
1325.745 575.6056
1322.687 576.9448
1318.597 578.7581
1315.434 580.2065
1312.142 581.728
1307.992 583.6701
1304.812 585.189
1302.299 586.4152
1297.277 588.959
1294.001 590.6578
1290.87 592.254
1286.273 594.5501
1283.228 596.0474
1278.584 598.2545
1276.109 599.3587
1273.143 600.5031
1271.365 601.0146
1270.107 601.2598
1268.416 601.5485
1267.469 601.3019
1266.539 601.1251
1265.58 600.7833
1265.11 600.4878
1264.633 600.1275
1264.833 599.8865
1265.074 599.6646
1265.815 599.4673
1266.516 599.4478
1267.322 599.5317
1268.604 599.8477
1269.626 600.2258
1270.896 600.7693
1272.044 601.2546
1273.194 601.6772
1274.692 602.1191
1275.885 602.3827
1276.647 602.4905
1277.473 602.4659
1278.011 602.2097
1278.515 601.624
1278.78 601.0503
1278.864 599.3678
1277.494 598.0887
1276.894 597.7184
1276.306 597.4884
1275.337 597.3553
1274.649 597.4722
1274.05 597.7284
1273.311 598.265
1272.839 598.8778
1272.454 599.7497
1272.364 600.4587
1272.445 601.177
1272.735 602.3779
1273.004 603.0629
1273.276 603.6413
1273.673 604.2104
1274.073 604.5743
1274.645 604.9446
1275.101 605.1719
1275.475 605.3343
1275.824 605.5141
1276.013 605.6081
1276.171 605.6877
1276.427 605.7651
1276.668 605.806
1277.065 605.8393
1277.386 605.8571
1277.676 605.8768
1278.058 605.9164
1278.309 605.9485
1278.555 605.9863
1278.714 606.0135
1278.853 606.0363
1278.904 606.0659
1278.987 606.0773
1279.003 606.1179
1279.083 606.2136
1279.13 606.2954
1279.193 606.4064
1279.235 606.4775
1279.262 606.549
1279.262 606.6372
1279.238 606.6924
1279.21 606.7626
1279.186 606.7503
1279.087 606.6518
1279.091 606.3828
1279.242 606.1307
1892.159 254.5794
1894.405 253.9463
1896.425 253.3014
1898.295 252.679
1900.078 252.0197
1901.887 251.3711
1903.425 250.7889
1907.218 249.2713
1911.987 247.6613
1916.102 246.3309
1919.115 245.5745
1922.639 244.7694
1926.128 244.0723
1929.991 243.4915
1933.978 243.069
1937.973 242.7697
1941.818 242.5862
1945.692 242.5439
1949.662 242.5663
1953.783 242.6086
1957.862 242.5921
1961.77 242.5283
1965.553 242.4295
1967.221 242.3792
1973.189 242.141
1978.574 241.8428
1982.743 241.4162
1984.814 241.0394
1987.04 240.4867
1988.573 240.0462
1990.3 239.5184
1991.589 239.1273
1992.922 238.7713
1994.38 238.4176
1995.79 238.0916
1997.183 237.7962
1998.516 237.592
1999.767 237.4198
2000.839 237.2383
2002.373 236.9176
2003.446 236.6968
2005.032 236.3354
2006.257 235.9723
2007.285 235.5913
2008.1 235.1859
2008.797 234.7209
2009.184 234.3135
2009.61 233.6712
2009.725 233.3428
2009.755 233.0565
2009.72 232.8325
2009.684 232.6577
2009.659 232.5038
2009.653 232.4066
2009.633 232.3268
2009.532 232.2972
2009.354 232.3031
2009.228 232.327
2009.248 232.3937
2009.303 232.4521
2009.603 232.6245
2009.478 232.8306
2008.902 233.1133
2008.059 233.5394
2007.689 233.8662
2007.439 234.1497
2007.177 234.5036
2006.929 234.7474
2006.524 234.9937
2005.923 235.2218
2005.238 235.4323
2004.53 235.6164
2003.589 235.8267
2002.885 235.986
2002.205 236.1449
2001.5 236.2998
2000.777 236.4486
2000.101 236.5749
1999.473 236.6821
1998.979 236.7461
1998.576 236.8008
1998.155 236.8498
1997.507 236.8901
1997.187 236.8856
1996.906 236.8618
1996.463 236.7301
1996.294 236.5124
1996.245 236.3114
1996.068 236.1395
1995.983 236.0037
1996.296 235.8138
1996.454 235.7669
1996.588 235.7272
1996.688 235.6758
1996.88 235.5934
1997.06 235.5236
1997.219 235.4819
1997.312 235.4827
1997.38 235.5308
1997.497 235.6261
1998.043 235.9442
1998.31 236.0501
1998.66 236.207
1998.873 236.2843
1999.024 236.3423
1999.215 236.4147
1999.343 236.4297
1999.621 236.4167
1999.791 236.3861
1999.903 236.3008
1999.903 236.214
1999.846 236.1351
1999.703 236.0557
1999.677 236.0384
1999.661 236.0397
1999.628 236.0456
1999.465 236.0365
1999.022 236.0194
1998.47 235.9762
1997.419 235.9175
1996.504 235.8906
1995.484 235.8774
1994.089 235.9001
1992.852 235.9378
1991.521 236.0018
1989.219 236.1803
1987.414 236.3709
1984.124 236.8281
1981.196 237.3035
1977.616 237.9616
1971.243 239.0641
1965.406 240.1058
1955.678 242.077
1946.866 244.0749
1939.711 245.8363
1925.824 249.6066
1914.038 252.9562
1898.09 257.4901
1885.263 261.1717
1873.221 264.7295
1855.006 270.3384
1841.502 274.6123
1826.622 279.3957
1814.138 283.4993
1801.339 287.7109
1785.793 292.9678
1773.03 297.4388
1761.06 301.9197
1744.932 308.8159
1733.53 314.4014
1723.713 319.7474
1714.191 325.4435
1704.609 331.7686
1695.429 338.2502
1682.95 347.7882
1673.232 355.6063
1659.633 366.9497
1650.235 374.9464
1640.447 383.1209
1624.34 395.9438
1613.328 404.1437
1597.471 415.2894
1585.812 422.986
1573.707 430.4826
1558.539 439.1089
1546.18 445.7415
1533.922 451.9736
1515.404 460.8841
1503.186 466.5653
1484.94 474.8177
1473.549 479.9868
1463.194 484.7571
1452.969 489.6297
1443.343 494.5395
1434.07 499.5562
1422.326 506.4159
1414.263 511.428
1404.243 517.8536
1397.203 522.6435
1390.523 527.3711
1381.936 533.7702
1375.909 538.4642
1370.577 542.7552
1364.16 548.0587
1359.902 551.6202
1354.918 555.8373
1351.608 558.6457
1348.882 561.0064
1346.08 563.3723
1344.362 564.8126
1343.046 565.9116
1341.611 567.1743
1340.999 567.8597
1340.355 568.6533
1339.993 569.1198
1339.699 569.528
1339.673 569.6942
1339.499 569.8762
1339.201 570.0886
1338.952 570.1634
1338.628 570.2181
1338.159 570.1943
1337.715 570.2221
1337.297 570.2271
1336.894 570.3112
1336.437 570.4385
1335.638 570.7089
1335.045 570.9782
1334.435 571.2809
1333.122 572.0471
1332.216 572.5854
1325.745 575.6056
1322.687 576.9448
1318.597 578.7581
1315.434 580.2065
1312.142 581.728
1307.992 583.6701
1304.812 585.189
1302.299 586.4152
1297.277 588.959
1294.001 590.6578
1290.87 592.254
1286.273 594.5501
1283.228 596.0474
1278.584 598.2545
1276.109 599.3587
1273.143 600.5031
1271.365 601.0146
1270.107 601.2598
1268.416 601.5485
1267.469 601.3019
1266.539 601.1251
1265.58 600.7833
1265.11 600.4878
1264.633 600.1275
1264.833 599.8865
1265.074 599.6646
1265.815 599.4673
1266.516 599.4478
1267.322 599.5317
1268.604 599.8477
1269.626 600.2258
1270.896 600.7693
1272.044 601.2546
1273.194 601.6772
1274.692 602.1191
1275.885 602.3827
1276.647 602.4905
1277.473 602.4659
1278.011 602.2097
1278.515 601.624
1278.78 601.0503
1278.864 599.3678
1277.494 598.0887
1276.894 597.7184
1276.306 597.4884
1275.337 597.3553
1274.649 597.4722
1274.05 597.7284
1273.311 598.265
1272.839 598.8778
1272.454 599.7497
1272.364 600.4587
1272.445 601.177
1272.735 602.3779
1273.004 603.0629
1273.276 603.6413
1273.673 604.2104
1274.073 604.5743
1274.645 604.9446
1275.101 605.1719
1275.475 605.3343
1275.824 605.5141
1276.013 605.6081
1276.171 605.6877
1276.427 605.7651
1276.668 605.806
1277.065 605.8393
1277.386 605.8571
1277.676 605.8768
1278.058 605.9164
1278.309 605.9485
1278.555 605.9863
1278.714 606.0135
1278.853 606.0363
1278.904 606.0659
1278.987 606.0773
1279.003 606.1179
1279.083 606.2136
1279.13 606.2954
1279.193 606.4064
1279.235 606.4775
1279.262 606.549
1279.262 606.6372
1279.238 606.6924
1279.21 606.7626
1279.186 606.7503
1279.087 606.6518
1279.091 606.3828
1279.242 606.1307
