1920 480
1741.411 455.3979
1741.626 456.0589
1741.698 456.0654
1741.651 455.9966
1741.652 455.9621
1741.666 455.9603
1741.66 455.9466
1741.627 455.9513
1741.669 455.9497
1741.632 455.944
1741.663 455.9606
1741.647 455.9279
1741.607 455.9328
1741.635 455.9391
1741.627 455.9438
1741.595 455.9341
1745.179 452.1976
1745.99 453.3571
1744.972 455.9793
1746.277 457.0605
1746.579 459.5394
1745.734 461.757
1745.641 464.0204
1745.092 477.4365
1745.083 477.666
1745.012 479.3724
1743.21 480.4458
1745.175 503.4135
1736.41 508.252
1726.21 513.2984
1724.411 517.5239
1731.484 524.0349
1733.062 525.7214
1732.705 530.196
1728.717 534.9651
1724.256 539.541
1716.33 543.9575
1702.477 553.2247
1698.989 558.1302
1698.273 561.2435
1700.112 564.66
1701.219 568.2683
1702.837 572.2356
1702.548 575.8737
1700.838 579.3027
1698.923 582.6174
1698.897 584.5185
1700.004 586.6161
1703.352 588.9302
1708.994 590.8563
1714.255 592.129
1718.772 593.1524
1721.86 593.3246
1724.464 593.8262
1727.955 594.1482
1733.44 593.5143
1739.064 592.6367
1746.886 590.2117
1758.812 585.5222
1770.101 579.3658
1775.918 575.877
1781.985 572.1667
1789.484 567.921
1796.917 563.2913
1803.311 558.9854
1809.24 554.1367
1815.879 549.2386
1822.324 544.7722
1829.084 539.8646
1836.56 534.025
1844.1 527.9566
1855.133 518.8976
1859.853 515.1061
1864.505 511.8008
1870.303 508.1167
1875.433 504.9742
1880.908 501.3982
1887.533 497.3935
1891.802 494.87
1896.335 492.2074
1901.694 489.1109
1905.714 486.7107
1909.589 484.5407
1912.529 482.9717
1915.92 481.306
1918.931 480.6463
1922.223 480.0601
1925.038 479.7949
1927.575 480.3686
1929.336 480.7639
1930.327 481.3869
1930.935 482.4692
1932.077 483.6893
1933.1 487.4872
1933.483 492.506
1933.608 502.5909
1931.379 506.9617
1929.307 512.1025
1927.595 516.1583
1926.582 519.447
1926.076 522.8148
1925.682 526.2055
1924.157 530.0446
1921.63 533.9916
1918.466 537.293
1914.392 539.4571
1911.12 541.6928
1908.616 544.1858
1900.936 550.7426
1895.198 553.1782
1888.844 554.2396
1884.982 555.0588
1882.237 555.1611
1880.342 555.4366
1877.866 555.6955
1875.161 555.937
1871.28 555.0209
1866.466 553.124
1863.313 552.874
1860.97 550.2271
1859.954 547.7748
1858.911 545.4482
1856.556 543.9327
1855.673 540.4149
1854.067 537.8525
1853.601 534.8715
1853.856 531.4897
1852.829 529.0645
1851.789 526.6501
1857.218 521.9061
1858.406 518.9379
1859.874 515.9623
1861.612 513.0959
1863.768 510.2242
1867.141 507.3936
1870.693 504.1481
1874.502 501.3048
1878.395 498.9588
1884.97 495.3042
1889.106 493.295
1893.226 491.0781
1898.988 488.3049
1903.557 486.1915
1908.728 484.4795
1913.825 482.9176
1926.688 479.5853
1930.741 478.4782
1935.341 476.9346
1939.241 475.4634
1942.224 474.458
1945.927 473.3395
1948.541 473.2821
1951.325 473.0407
1953.899 472.848
1955.694 472.6115
1957.106 472.0529
1958.109 471.4286
1957.481 471.0638
1957.766 470.7878
1957.646 470.72
1956.883 470.8332
1954.671 471.8618
1950.181 473.7038
1947.948 474.6147
1946.552 475.1937
1942.999 476.7827
1939.212 479.7302
1934.643 482.892
1930.233 485.4525
1925.903 487.8247
1920.079 491.2352
1916.149 493.9106
1913.121 496.7024
1908.403 501.0906
1905.035 503.8025
1901.003 507.1194
1897.555 510.5227
1894.368 513.616
1891.426 516.5922
1888.689 519.7882
1886.895 522.7405
1884.515 526.3979
1882.857 529.2626
1881.849 531.7268
1880.884 534.0485
1880.771 535.911
1880.713 538.92
1881.049 540.9549
1881.467 542.8267
1882.584 544.2847
1883.608 545.5131
1884.849 546.958
1885.869 547.8605
1887.231 548.3127
1889.073 548.5593
1890.677 548.628
1891.966 548.7947
1893.147 548.9702
1894.906 549.4144
1895.455 548.5847
1896.39 547.9276
1897.431 547.3838
1897.83 546.6654
1898.122 546.0511
1898.128 545.4021
1897.441 544.6212
1897.12 543.9069
1896.292 542.8766
1895.709 541.7672
1892.107 538.0429
1890.756 536.8842
1889.24 535.5513
1887.664 534.1742
1886.062 532.7208
1884.325 531.0617
1883.116 529.798
1881.903 528.6713
1880.4 527.4526
1878.84 526.2819
1876.867 524.8469
1875.367 523.6194
1873.906 522.4182
1871.843 520.6946
1870.122 519.2197
1869.123 518.4766
1868.152 517.6177
1867.394 516.722
1866.74 515.7612
1866.145 514.0097
1866.11 513.2383
1866.3 512.3129
1866.387 511.4214
1866.526 510.7137
1866.69 509.7643
1867.17 509.0337
1869.48 507.237
1870.178 507.311
1870.68 507.2624
1871.034 507.5403
1871.302 507.7946
1871.557 508.0588
1871.808 508.399
1872.211 509.0218
1872.679 509.5497
1872.86 510.335
1873.001 511.0092
1872.952 511.6965
1872.938 512.3616
1873.046 514.2787
1873.435 516.3384
1873.841 518.0186
1874.02 518.8923
1874.394 520.438
1874.523 521.0775
1874.906 521.9609
1875.153 522.6638
1875.569 523.4409
1875.98 524.1642
1876.346 524.9558
1876.529 525.5321
1876.808 526.1616
1876.941 526.4574
1876.821 526.7083
1876.418 527.0183
1875.602 526.9167
1875.013 527.0613
1873.981 527.2399
1872.816 527.3735
1871.096 527.3267
1869.174 527.3307
1866.716 527.1549
1864.297 527.1193
1859.378 526.886
1856.161 526.92
1852.67 527.0173
1849.284 527.3257
1845.791 527.6594
1840.745 528.0927
1836.777 528.4351
1832.3 528.7847
1828.646 529.0289
1825.178 529.2866
1820.544 529.5611
1817.095 529.6521
1813.857 529.6022
1809.898 529.4412
1806.878 529.3758
1804.318 529.3257
1801.019 529.3226
1798.57 529.4252
1795.69 529.4528
1793.552 529.4033
1792.083 529.1182
1790.266 528.9541
1788.678 528.6733
1787.327 528.732
1785.713 528.7451
1784.584 528.662
1783.806 528.6195
1920 480
1741.411 455.3979
1741.626 456.0589
1741.698 456.0654
1741.651 455.9966
1741.652 455.9621
1741.666 455.9603
1741.66 455.9466
1741.627 455.9513
1741.669 455.9497
1741.632 455.944
1741.663 455.9606
1741.647 455.9279
1741.607 455.9328
1741.635 455.9391
1741.627 455.9438
1741.595 455.9341
1745.179 452.1976
1745.99 453.3571
1744.972 455.9793
1746.277 457.0605
1746.579 459.5394
1745.734 461.757
1745.641 464.0204
1745.092 477.4365
1745.083 477.666
1745.012 479.3724
1743.21 480.4458
1745.175 503.4135
1736.41 508.252
1726.21 513.2984
1724.411 517.5239
1731.484 524.0349
1733.062 525.7214
1732.705 530.196
1728.717 534.9651
1724.256 539.541
1716.33 543.9575
1702.477 553.2247
1698.989 558.1302
1698.273 561.2435
1700.112 564.66
1701.219 568.2683
1702.837 572.2356
1702.548 575.8737
1700.838 579.3027
1698.923 582.6174
1698.897 584.5185
1700.004 586.6161
1703.352 588.9302
1708.994 590.8563
1714.255 592.129
1718.772 593.1524
1721.86 593.3246
1724.464 593.8262
1727.955 594.1482
1733.44 593.5143
1739.064 592.6367
1746.886 590.2117
1758.812 585.5222
1770.101 579.3658
1775.918 575.877
1781.985 572.1667
1789.484 567.921
1796.917 563.2913
1803.311 558.9854
1809.24 554.1367
1815.879 549.2386
1822.324 544.7722
1829.084 539.8646
1836.56 534.025
1844.1 527.9566
1855.133 518.8976
1859.853 515.1061
1864.505 511.8008
1870.303 508.1167
1875.433 504.9742
1880.908 501.3982
1887.533 497.3935
1891.802 494.87
1896.335 492.2074
1901.694 489.1109
1905.714 486.7107
1909.589 484.5407
1912.529 482.9717
1915.92 481.306
1918.931 480.6463
1922.223 480.0601
1925.038 479.7949
1927.575 480.3686
1929.336 480.7639
1930.327 481.3869
1930.935 482.4692
1932.077 483.6893
1933.1 487.4872
1933.483 492.506
1933.608 502.5909
1931.379 506.9617
1929.307 512.1025
1927.595 516.1583
1926.582 519.447
1926.076 522.8148
1925.682 526.2055
1924.157 530.0446
1921.63 533.9916
1918.466 537.293
1914.392 539.4571
1911.12 541.6928
1908.616 544.1858
1900.936 550.7426
1895.198 553.1782
1888.844 554.2396
1884.982 555.0588
1882.237 555.1611
1880.342 555.4366
1877.866 555.6955
1875.161 555.937
1871.28 555.0209
1866.466 553.124
1863.313 552.874
1860.97 550.2271
1859.954 547.7748
1858.911 545.4482
1856.556 543.9327
1855.673 540.4149
1854.067 537.8525
1853.601 534.8715
1853.856 531.4897
1852.829 529.0645
1851.789 526.6501
1857.218 521.9061
1858.406 518.9379
1859.874 515.9623
1861.612 513.0959
1863.768 510.2242
1867.141 507.3936
1870.693 504.1481
1874.502 501.3048
1878.395 498.9588
1884.97 495.3042
1889.106 493.295
1893.226 491.0781
1898.988 488.3049
1903.557 486.1915
1908.728 484.4795
1913.825 482.9176
1926.688 479.5853
1930.741 478.4782
1935.341 476.9346
1939.241 475.4634
1942.224 474.458
1945.927 473.3395
1948.541 473.2821
1951.325 473.0407
1953.899 472.848
1955.694 472.6115
1957.106 472.0529
1958.109 471.4286
1957.481 471.0638
1957.766 470.7878
1957.646 470.72
1956.883 470.8332
1954.671 471.8618
1950.181 473.7038
1947.948 474.6147
1946.552 475.1937
1942.999 476.7827
1939.212 479.7302
1934.643 482.892
1930.233 485.4525
1925.903 487.8247
1920.079 491.2352
1916.149 493.9106
1913.121 496.7024
1908.403 501.0906
1905.035 503.8025
1901.003 507.1194
1897.555 510.5227
1894.368 513.616
1891.426 516.5922
1888.689 519.7882
1886.895 522.7405
1884.515 526.3979
1882.857 529.2626
1881.849 531.7268
1880.884 534.0485
1880.771 535.911
1880.713 538.92
1881.049 540.9549
1881.467 542.8267
1882.584 544.2847
1883.608 545.5131
1884.849 546.958
1885.869 547.8605
1887.231 548.3127
1889.073 548.5593
1890.677 548.628
1891.966 548.7947
1893.147 548.9702
1894.906 549.4144
1895.455 548.5847
1896.39 547.9276
1897.431 547.3838
1897.83 546.6654
1898.122 546.0511
1898.128 545.4021
1897.441 544.6212
1897.12 543.9069
1896.292 542.8766
1895.709 541.7672
1892.107 538.0429
1890.756 536.8842
1889.24 535.5513
1887.664 534.1742
1886.062 532.7208
1884.325 531.0617
1883.116 529.798
1881.903 528.6713
1880.4 527.4526
1878.84 526.2819
1876.867 524.8469
1875.367 523.6194
1873.906 522.4182
1871.843 520.6946
1870.122 519.2197
1869.123 518.4766
1868.152 517.6177
1867.394 516.722
1866.74 515.7612
1866.145 514.0097
1866.11 513.2383
1866.3 512.3129
1866.387 511.4214
1866.526 510.7137
1866.69 509.7643
1867.17 509.0337
1869.48 507.237
1870.178 507.311
1870.68 507.2624
1871.034 507.5403
1871.302 507.7946
1871.557 508.0588
1871.808 508.399
1872.211 509.0218
1872.679 509.5497
1872.86 510.335
1873.001 511.0092
1872.952 511.6965
1872.938 512.3616
1873.046 514.2787
1873.435 516.3384
1873.841 518.0186
1874.02 518.8923
1874.394 520.438
1874.523 521.0775
1874.906 521.9609
1875.153 522.6638
1875.569 523.4409
1875.98 524.1642
1876.346 524.9558
1876.529 525.5321
1876.808 526.1616
1876.941 526.4574
1876.821 526.7083
1876.418 527.0183
1875.602 526.9167
1875.013 527.0613
1873.981 527.2399
1872.816 527.3735
1871.096 527.3267
1869.174 527.3307
1866.716 527.1549
1864.297 527.1193
1859.378 526.886
1856.161 526.92
1852.67 527.0173
1849.284 527.3257
1845.791 527.6594
1840.745 528.0927
1836.777 528.4351
1832.3 528.7847
1828.646 529.0289
1825.178 529.2866
1820.544 529.5611
1817.095 529.6521
1813.857 529.6022
1809.898 529.4412
1806.878 529.3758
1804.318 529.3257
1801.019 529.3226
1798.57 529.4252
1795.69 529.4528
1793.552 529.4033
1792.083 529.1182
1790.266 528.9541
1788.678 528.6733
1787.327 528.732
1785.713 528.7451
1784.584 528.662
1783.806 528.6195
1782.976 528.4949
1782.471 528.4135
1782.174 528.365
1781.795 528.4004
1781.736 528.441
1781.944 528.5118
1782.288 528.6183
1782.575 528.6772
1783.333 528.5609
1783.955 528.4965
1784.748 528.4107
1786.066 528.2759
1787.444 528.1241
1788.988 527.9161
1790.072 527.8244
1791.021 527.7659
1791.965 527.6727
1792.84 527.6674
1793.755 527.6664
1794.917 527.5727
1795.464 527.5478
1796.132 527.5208
1796.579 527.486
1796.859 527.5599
1797.004 527.6887
1797.145 527.7493
1797.267 527.7434
1797.486 527.7002
1797.575 527.723
1797.786 527.8629
1797.879 527.976
1797.902 528.162
1798.045 528.3759
1798.008 528.533
1798.083 528.6714
1798.235 528.8032
1798.375 528.8975
1798.482 528.9326
1798.574 529.0142
1798.745 529.118
1798.946 529.2259
1799.084 529.3536
1799.307 529.4105
1799.478 529.5229
1799.588 529.5761
1799.744 529.5603
1799.835 529.4364
1799.949 529.3638
1800.121 529.2493
1800.587 529.0444
1800.708 528.9217
1800.692 528.7427
1800.527 528.4473
1800.362 528.1963
1800.189 527.8206
1800.188 527.5199
1800.25 527.2014
1800.215 526.9048
1800.077 526.6491
1800.008 526.363
1799.861 525.9565
1799.76 525.6671
1799.641 525.3496
1799.49 525.155
1799.433 525.0786
1799.447 525.0424
1799.37 525.1935
1799.449 525.4058
1799.648 525.7494
1800.156 526.0027
1800.937 526.4177
1801.11 526.6997
1801.129 526.9874
1801.228 527.3737
1801.366 527.7858
1801.347 528.1782
1801.284 528.5674
1801.407 528.8876
1801.596 529.1888
1801.75 529.5594
1801.717 529.6986
1801.452 529.8748
1801.173 530.1074
1800.639 530.2469
1800.416 530.4641
1800.646 530.6337
1801.156 530.7196
1801.472 530.8112
1801.476 530.8837
1801.314 530.9984
1801.152 531.1578
1800.815 531.6593
1800.682 531.8153
1800.41 531.9121
1799.803 531.995
1799.34 532.0585
1798.866 532.1088
1798.453 532.2933
1798.155 532.4651
1797.829 532.5975
1797.69 532.9352
1797.565 533.1096
1797.51 533.3118
1797.471 533.5442
1797.588 533.7383
1797.699 533.9416
1797.901 534.0273
1798.127 534.1754
1798.356 534.2814
1798.601 534.3491
1798.989 534.4032
1799.273 534.4882
1799.619 534.5482
1799.994 534.4993
1800.438 534.5957
1800.829 534.6711
1801.328 534.6785
1801.571 534.602
1801.778 534.3666
1802.12 534.108
1802.251 533.8166
1802.59 533.5231
1803.032 533.3224
1803.585 533.162
1804.293 532.8081
1804.663 532.3579
1805.021 531.7741
1805.423 530.8224
1805.494 529.9478
1805.569 529.1748
1805.401 528.2523
1805.581 527.483
1805.872 526.6349
1806.657 525.6151
1807.195 524.8313
1807.627 524.028
1809.176 521.8765
1809.754 521.0677
1810.395 520.4764
1811.702 519.2649
1812.696 518.4829
1813.657 517.6462
1814.822 516.8394
1816.191 516.2332
1817.371 515.6407
1818.949 514.8082
1820.487 513.9246
1821.853 513.1314
1823.169 512.4248
1824.637 511.6899
1827.042 510.8387
1828.484 510.3726
1829.709 509.9581
1831.18 509.3633
1832.108 509.0966
1832.718 508.8833
1833.642 508.5352
1834.145 508.3435
1833.972 508.2701
1833.923 508.2616
1833.481 508.3632
1832.625 508.7375
1831.464 509.1747
1830.451 509.5685
1828.822 510.0842
1827.301 510.4738
1825.179 510.8964
1822.608 511.4149
1820.314 511.8959
1818.043 512.4556
1814.958 513.2239
1812.248 513.7888
1808.872 514.3318
1805.998 514.7742
1802.988 515.019
1798.851 515.3065
1795.846 515.3925
1793.207 515.5142
1789.813 515.7934
1787.118 515.9634
1783.15 516.0178
1780.245 516.1217
1777.693 516.0764
1774.453 516.1732
1772.145 516.2811
1770.387 516.3448
1767.617 516.4058
1765.626 516.3842
1763.243 516.3291
1760.387 517.1939
1758.803 517.7473
1759.052 517.8383
1760.642 517.7352
1762.003 517.5468
1761.894 517.6016
1761.227 517.7321
1760.773 517.8549
1760.099 518.0889
1759.146 518.3727
1757.746 518.8923
1756.535 519.2549
1755.413 519.5323
1754.406 519.6982
1753.619 519.8231
1752.832 519.9183
1752.088 519.9568
1751.54 519.7285
1750.778 519.6154
1749.988 519.5306
1749.447 519.3754
1749.267 519.1814
1750.097 518.8344
1750.744 518.8369
1751.155 518.8232
1752.22 519.1073
1753.024 519.484
1754.491 520.3119
1755.656 520.8373
1756.815 521.3807
1757.964 521.7999
1758.482 521.9708
1758.981 522.1498
1758.973 522.3102
1759.108 522.5209
1759.301 522.7283
1759.724 522.8228
1760.551 522.6357
1761.484 522.3581
1762.262 522.0715
1762.811 522.0313
1763.552 522.0928
1763.735 522.3411
1764.106 522.3745
1764 522.0845
1764.057 521.7609
1764.401 521.5076
1765.042 521.4648
1765.626 521.603
1766.476 521.9695
1767.246 522.2023
1767.848 522.321
1768.319 522.0295
1768.505 521.6788
1768.601 521.3889
1768.899 521.1055
1769.563 520.9104
1770.298 520.6435
1771.133 520.1663
1771.515 519.5214
1771.709 518.9821
1771.789 518.329
1772.009 517.8714
1772.098 517.6125
1771.904 516.9667
1770.771 516.6992
1769.167 516.4893
1767.588 516.1958
1764.005 516.2225
1762.715 516.4686
1761.774 516.5249
1760.705 516.491
1759.714 516.502
1758.842 516.5022
1757.734 516.6399
1757.115 516.7806
1756.931 517.2195
1756.739 517.3839
1756.653 517.3912
1756.386 517.3945
1756.238 517.3383
1756.095 517.3297
1756.062 517.5003
1756.283 517.6974
1756.853 518.2925
1757.327 518.735
1758.221 519.3213
1759.373 520.0423
1760.11 520.537
1760.656 520.8732
1761.246 521.1739
1761.691 521.4407
1762.266 521.6805
1762.886 521.9874
1764.448 522.6835
1765.324 523.1096
1765.587 523.2638
1765.819 523.3405
1766.227 523.5452
1766.02 523.7312
1766.398 524.0378
1766.635 524.4155
1766.749 524.6947
1766.358 524.9301
1766.148 525.3666
1765.967 526.1177
1766.248 527.0165
1766.96 528.7155
1767.587 530.3416
1768.384 532.1646
1769.166 533.6384
1782.976 528.4949
1782.471 528.4135
1782.174 528.365
1781.795 528.4004
1781.736 528.441
1781.944 528.5118
1782.288 528.6183
1782.575 528.6772
1783.333 528.5609
1783.955 528.4965
1784.748 528.4107
1786.066 528.2759
1787.444 528.1241
1788.988 527.9161
1790.072 527.8244
1791.021 527.7659
1791.965 527.6727
1792.84 527.6674
1793.755 527.6664
1794.917 527.5727
1795.464 527.5478
1796.132 527.5208
1796.579 527.486
1796.859 527.5599
1797.004 527.6887
1797.145 527.7493
1797.267 527.7434
1797.486 527.7002
1797.575 527.723
1797.786 527.8629
1797.879 527.976
1797.902 528.162
1798.045 528.3759
1798.008 528.533
1798.083 528.6714
1798.235 528.8032
1798.375 528.8975
1798.482 528.9326
1798.574 529.0142
1798.745 529.118
1798.946 529.2259
1799.084 529.3536
1799.307 529.4105
1799.478 529.5229
1799.588 529.5761
1799.744 529.5603
1799.835 529.4364
1799.949 529.3638
1800.121 529.2493
1800.587 529.0444
1800.708 528.9217
1800.692 528.7427
1800.527 528.4473
1800.362 528.1963
1800.189 527.8206
1800.188 527.5199
1800.25 527.2014
1800.215 526.9048
1800.077 526.6491
1800.008 526.363
1799.861 525.9565
1799.76 525.6671
1799.641 525.3496
1799.49 525.155
1799.433 525.0786
1799.447 525.0424
1799.37 525.1935
1799.449 525.4058
1799.648 525.7494
1800.156 526.0027
1800.937 526.4177
1801.11 526.6997
1801.129 526.9874
1801.228 527.3737
1801.366 527.7858
1801.347 528.1782
1801.284 528.5674
1801.407 528.8876
1801.596 529.1888
1801.75 529.5594
1801.717 529.6986
1801.452 529.8748
1801.173 530.1074
1800.639 530.2469
1800.416 530.4641
1800.646 530.6337
1801.156 530.7196
1801.472 530.8112
1801.476 530.8837
1801.314 530.9984
1801.152 531.1578
1800.815 531.6593
1800.682 531.8153
1800.41 531.9121
1799.803 531.995
1799.34 532.0585
1798.866 532.1088
1798.453 532.2933
1798.155 532.4651
1797.829 532.5975
1797.69 532.9352
1797.565 533.1096
1797.51 533.3118
1797.471 533.5442
1797.588 533.7383
1797.699 533.9416
1797.901 534.0273
1798.127 534.1754
1798.356 534.2814
1798.601 534.3491
1798.989 534.4032
1799.273 534.4882
1799.619 534.5482
1799.994 534.4993
1800.438 534.5957
1800.829 534.6711
1801.328 534.6785
1801.571 534.602
1801.778 534.3666
1802.12 534.108
1802.251 533.8166
1802.59 533.5231
1803.032 533.3224
1803.585 533.162
1804.293 532.8081
1804.663 532.3579
1805.021 531.7741
1805.423 530.8224
1805.494 529.9478
1805.569 529.1748
1805.401 528.2523
1805.581 527.483
1805.872 526.6349
1806.657 525.6151
1807.195 524.8313
1807.627 524.028
1809.176 521.8765
1809.754 521.0677
1810.395 520.4764
1811.702 519.2649
1812.696 518.4829
1813.657 517.6462
1814.822 516.8394
1816.191 516.2332
1817.371 515.6407
1818.949 514.8082
1820.487 513.9246
1821.853 513.1314
1823.169 512.4248
1824.637 511.6899
1827.042 510.8387
1828.484 510.3726
1829.709 509.9581
1831.18 509.3633
1832.108 509.0966
1832.718 508.8833
1833.642 508.5352
1834.145 508.3435
1833.972 508.2701
1833.923 508.2616
1833.481 508.3632
1832.625 508.7375
1831.464 509.1747
1830.451 509.5685
1828.822 510.0842
1827.301 510.4738
1825.179 510.8964
1822.608 511.4149
1820.314 511.8959
1818.043 512.4556
1814.958 513.2239
1812.248 513.7888
1808.872 514.3318
1805.998 514.7742
1802.988 515.019
1798.851 515.3065
1795.846 515.3925
1793.207 515.5142
1789.813 515.7934
1787.118 515.9634
1783.15 516.0178
1780.245 516.1217
1777.693 516.0764
1774.453 516.1732
1772.145 516.2811
1770.387 516.3448
1767.617 516.4058
1765.626 516.3842
1763.243 516.3291
1760.387 517.1939
1758.803 517.7473
1759.052 517.8383
1760.642 517.7352
1762.003 517.5468
1761.894 517.6016
1761.227 517.7321
1760.773 517.8549
1760.099 518.0889
1759.146 518.3727
1757.746 518.8923
1756.535 519.2549
1755.413 519.5323
1754.406 519.6982
1753.619 519.8231
1752.832 519.9183
1752.088 519.9568
1751.54 519.7285
1750.778 519.6154
1749.988 519.5306
1749.447 519.3754
1749.267 519.1814
1750.097 518.8344
1750.744 518.8369
1751.155 518.8232
1752.22 519.1073
1753.024 519.484
1754.491 520.3119
1755.656 520.8373
1756.815 521.3807
1757.964 521.7999
1758.482 521.9708
1758.981 522.1498
1758.973 522.3102
1759.108 522.5209
1759.301 522.7283
1759.724 522.8228
1760.551 522.6357
1761.484 522.3581
1762.262 522.0715
1762.811 522.0313
1763.552 522.0928
1763.735 522.3411
1764.106 522.3745
1764 522.0845
1764.057 521.7609
1764.401 521.5076
1765.042 521.4648
1765.626 521.603
1766.476 521.9695
1767.246 522.2023
1767.848 522.321
1768.319 522.0295
1768.505 521.6788
1768.601 521.3889
1768.899 521.1055
1769.563 520.9104
1770.298 520.6435
1771.133 520.1663
1771.515 519.5214
1771.709 518.9821
1771.789 518.329
1772.009 517.8714
1772.098 517.6125
1771.904 516.9667
1770.771 516.6992
1769.167 516.4893
1767.588 516.1958
1764.005 516.2225
1762.715 516.4686
1761.774 516.5249
1760.705 516.491
1759.714 516.502
1758.842 516.5022
1757.734 516.6399
1757.115 516.7806
1756.931 517.2195
1756.739 517.3839
1756.653 517.3912
1756.386 517.3945
1756.238 517.3383
1756.095 517.3297
1756.062 517.5003
1756.283 517.6974
1756.853 518.2925
1757.327 518.735
1758.221 519.3213
1759.373 520.0423
1760.11 520.537
1760.656 520.8732
1761.246 521.1739
1761.691 521.4407
1762.266 521.6805
1762.886 521.9874
1764.448 522.6835
1765.324 523.1096
1765.587 523.2638
1765.819 523.3405
1766.227 523.5452
1766.02 523.7312
1766.398 524.0378
1766.635 524.4155
1766.749 524.6947
1766.358 524.9301
1766.148 525.3666
1765.967 526.1177
1766.248 527.0165
1766.96 528.7155
1767.587 530.3416
1768.384 532.1646
1769.166 533.6384
1769.931 534.5391
1770.52 535.4914
1770.531 535.9503
1770.543 536.2969
1770.34 536.4476
1770.02 536.3992
1769.185 535.8981
1768.133 535.2382
1767.005 534.5491
1766.104 534.0917
1764.218 532.3342
1764.041 530.919
1764.282 529.7225
1765.323 528.7456
1766.07 527.9803
1767.615 527.0139
1769.536 525.9592
1771.827 524.0359
1773.393 522.6898
1774.959 521.559
1777.378 520.2789
1779.483 519.2609
1781.753 518.3052
1784.471 517.1066
1786.549 516.2224
1788.486 515.5233
1790.671 514.8727
1792.741 514.5148
1795.27 514.2692
1797.104 514.1566
1798.776 514.1921
1801.109 514.7064
1802.947 514.9271
1804.901 515.3213
1807.019 515.8239
1808.643 516.0784
1810.188 516.2401
1811.872 516.4863
1813.323 516.7859
1815.169 517.0731
1816.979 517.3776
1818.793 517.5007
1820.781 517.6555
1822.387 517.6512
1823.918 517.5275
1826.503 517.0796
1828.047 516.8392
1829.857 516.6765
1831.437 516.6736
1832.773 516.7264
1834.487 516.785
1835.58 516.7534
1836.063 516.7328
1836.666 516.7842
1837.198 516.9448
1837.481 517.2464
1837.741 517.4904
1837.938 517.5663
1838.143 517.6536
1837.021 517.6814
1835.525 517.7249
1831.588 517.4854
1828.609 517.3771
1824.56 517.2235
1819.453 517.2881
1814.481 517.3503
1810.088 517.4988
1802.907 517.8425
1797.05 518.1243
1791.207 518.4992
1784.302 518.8314
1778.997 518.8602
1772.084 518.899
1765.561 518.9395
1759.405 519.0063
1750.463 518.9469
1743.517 518.7595
1732.379 518.1171
1725.285 517.729
1718.061 517.4094
1709.342 517.101
1701.563 516.6971
1692.791 515.8574
1679.234 514.3071
1670.919 512.9352
1661.678 511.683
1653.653 510.7733
1645.345 509.9922
1634.024 508.842
1624.826 507.8985
1615.933 506.9651
1605.208 505.5742
1595.83 504.3633
1587.918 503.0677
1576.235 501.4958
1567.697 500.5076
1558.52 499.407
1548.986 498.5737
1539.775 497.5969
1530.005 496.5558
1520.901 495.3139
1505.536 493.4708
1497.136 492.6339
1488.385 491.7673
1477.215 490.9622
1468.026 490.5485
1458.713 490.3058
1446.65 490.3031
1436.57 490.2062
1427.553 489.9025
1417.155 489.2282
1408.098 488.585
1393.654 488.4007
1383.838 488.64
1373.805 488.7855
1360.768 488.3114
1352.463 487.8447
1340.354 487.6584
1333.06 488.0211
1325.288 488.4105
1315.299 489.1115
1307.441 489.3497
1300.635 489.5586
1293.735 489.8088
1287.836 490.1238
1282.883 490.4954
1276.401 491.1528
1271.707 491.463
1266.567 491.6758
1263.902 492.1207
1261.666 492.6304
1260.205 493.6338
1259.161 494.2763
1259.622 494.9029
1259.77 495.3581
1261.196 495.8732
1262.733 496.5402
1264.503 497.2137
1267.568 497.9912
1271.112 498.8064
1275.451 499.8004
1278.822 500.5024
1284.562 501.7174
1289.6 502.4945
1294.852 503.1238
1301.829 504.0162
1307.766 504.7348
1313.499 505.1827
1321.165 505.9519
1328.508 506.7033
1334.809 507.3055
1342.276 508.1269
1349.304 508.7299
1357.938 509.1923
1365.821 509.6311
1374.292 510.0915
1385.058 510.8201
1393.591 511.5065
1401.69 512.1803
1413.65 513.0981
1422.808 513.6263
1431.9 513.9802
1444.056 514.1544
1454.963 513.9674
1468.789 513.6017
1478.533 513.4896
1488.195 513.568
1501.252 513.3904
1511.404 512.929
1527.251 511.9577
1537.519 511.3516
1546.72 510.7298
1579.368 507.7078
1595 506.5289
1607.575 505.5958
1626.479 503.8131
1637.559 502.8991
1650.336 501.7189
1666.012 500.7758
1679.203 500.3417
1690.46 500.0846
1710.587 499.138
1723.091 498.5496
1743.914 497.6158
1758.92 497.1867
1770.497 497.1501
1789.484 497.4664
1803.545 497.6303
1819.751 498.016
1834.042 498.315
1848.176 498.8661
1869.137 499.8515
1883.407 500.5245
1895.573 501.1963
1916.107 502.3877
1927.506 503.243
1943.176 504.4641
1955.321 505.418
1975.601 507.2693
1985.781 508.2383
1996.416 509.1611
2009.095 510.3089
2019.48 511.1506
2028.378 512.0023
2038.245 512.9155
2046.659 513.6732
2060.194 515.1124
2067.111 515.9452
2073.673 516.5978
2081.114 517.2312
2085.479 517.3561
2090.279 517.5631
2094.248 517.8433
2097.178 518.2612
2100.272 518.6246
2101.302 518.7261
2102.761 518.7848
2103.188 518.8498
2102.602 518.8088
2100.975 518.5835
2099.477 518.4726
2096.916 518.2217
2093.746 517.9244
2091.203 517.5522
2087.999 517.1416
2084.456 516.6751
2080.168 516.2326
2076.356 515.8327
2071.897 515.2709
2067.807 514.7003
2062.615 513.8196
2058.657 513.1003
2054.656 512.3495
2049.015 511.4258
2044.731 510.7711
2039.714 510.187
2034.332 509.5707
2029.042 509.0748
2024.103 508.381
2018.484 507.6007
2013.977 507.001
2009.544 506.4467
2005.147 506.0205
1999.348 505.4858
1995.056 505.4755
1986.309 505.2578
1978.517 505.0512
1972.293 504.8187
1967.752 504.8105
1962.302 504.7517
1957.607 504.7561
1953.171 504.7591
1946.42 505.1485
1942.301 505.381
1936.612 505.2941
1932.387 505.0586
1928.176 505.0443
1923.622 505.2782
1920.015 505.5631
1916.836 505.7236
1910.943 505.905
1906.672 505.8831
1901.513 506.1331
1897.123 506.5354
1893.25 507.0677
1888.573 507.6435
1884.392 508.0042
1880.481 508.2571
1872.795 508.6891
1867.251 508.7421
1861.202 508.4136
1856.208 508.2834
1851.865 508.307
1845.198 508.3292
1839.094 508.067
1833.284 507.651
1823.715 506.3916
1818.388 505.3339
1812.56 504.6623
1806.879 504.2464
1801.254 503.8172
1793.51 502.649
1787.228 501.6344
1781.664 500.6482
1774.781 499.7899
1769.016 499.3995
1762.761 498.837
1756.818 498.3365
1750.92 497.8246
1743.433 497.2369
1737.188 496.9134
1731.318 496.7884
1725.177 496.7466
1719.166 497.0191
1709.395 497.5013
1702.725 497.7945
1695.728 498.0493
1687.264 498.5628
1680.66 499.1284
1674.559 499.8632
1769.931 534.5391
1770.52 535.4914
1770.531 535.9503
1770.543 536.2969
1770.34 536.4476
1770.02 536.3992
1769.185 535.8981
1768.133 535.2382
1767.005 534.5491
1766.104 534.0917
1764.218 532.3342
1764.041 530.919
1764.282 529.7225
1765.323 528.7456
1766.07 527.9803
1767.615 527.0139
1769.536 525.9592
1771.827 524.0359
1773.393 522.6898
1774.959 521.559
1777.378 520.2789
1779.483 519.2609
1781.753 518.3052
1784.471 517.1066
1786.549 516.2224
1788.486 515.5233
1790.671 514.8727
1792.741 514.5148
1795.27 514.2692
1797.104 514.1566
1798.776 514.1921
1801.109 514.7064
1802.947 514.9271
1804.901 515.3213
1807.019 515.8239
1808.643 516.0784
1810.188 516.2401
1811.872 516.4863
1813.323 516.7859
1815.169 517.0731
1816.979 517.3776
1818.793 517.5007
1820.781 517.6555
1822.387 517.6512
1823.918 517.5275
1826.503 517.0796
1828.047 516.8392
1829.857 516.6765
1831.437 516.6736
1832.773 516.7264
1834.487 516.785
1835.58 516.7534
1836.063 516.7328
1836.666 516.7842
1837.198 516.9448
1837.481 517.2464
1837.741 517.4904
1837.938 517.5663
1838.143 517.6536
1837.021 517.6814
1835.525 517.7249
1831.588 517.4854
1828.609 517.3771
1824.56 517.2235
1819.453 517.2881
1814.481 517.3503
1810.088 517.4988
1802.907 517.8425
1797.05 518.1243
1791.207 518.4992
1784.302 518.8314
1778.997 518.8602
1772.084 518.899
1765.561 518.9395
1759.405 519.0063
1750.463 518.9469
1743.517 518.7595
1732.379 518.1171
1725.285 517.729
1718.061 517.4094
1709.342 517.101
1701.563 516.6971
1692.791 515.8574
1679.234 514.3071
1670.919 512.9352
1661.678 511.683
1653.653 510.7733
1645.345 509.9922
1634.024 508.842
1624.826 507.8985
1615.933 506.9651
1605.208 505.5742
1595.83 504.3633
1587.918 503.0677
1576.235 501.4958
1567.697 500.5076
1558.52 499.407
1548.986 498.5737
1539.775 497.5969
1530.005 496.5558
1520.901 495.3139
1505.536 493.4708
1497.136 492.6339
1488.385 491.7673
1477.215 490.9622
1468.026 490.5485
1458.713 490.3058
1446.65 490.3031
1436.57 490.2062
1427.553 489.9025
1417.155 489.2282
1408.098 488.585
1393.654 488.4007
1383.838 488.64
1373.805 488.7855
1360.768 488.3114
1352.463 487.8447
1340.354 487.6584
1333.06 488.0211
1325.288 488.4105
1315.299 489.1115
1307.441 489.3497
1300.635 489.5586
1293.735 489.8088
1287.836 490.1238
1282.883 490.4954
1276.401 491.1528
1271.707 491.463
1266.567 491.6758
1263.902 492.1207
1261.666 492.6304
1260.205 493.6338
1259.161 494.2763
1259.622 494.9029
1259.77 495.3581
1261.196 495.8732
1262.733 496.5402
1264.503 497.2137
1267.568 497.9912
1271.112 498.8064
1275.451 499.8004
1278.822 500.5024
1284.562 501.7174
1289.6 502.4945
1294.852 503.1238
1301.829 504.0162
1307.766 504.7348
1313.499 505.1827
1321.165 505.9519
1328.508 506.7033
1334.809 507.3055
1342.276 508.1269
1349.304 508.7299
1357.938 509.1923
1365.821 509.6311
1374.292 510.0915
1385.058 510.8201
1393.591 511.5065
1401.69 512.1803
1413.65 513.0981
1422.808 513.6263
1431.9 513.9802
1444.056 514.1544
1454.963 513.9674
1468.789 513.6017
1478.533 513.4896
1488.195 513.568
1501.252 513.3904
1511.404 512.929
1527.251 511.9577
1537.519 511.3516
1546.72 510.7298
1579.368 507.7078
1595 506.5289
1607.575 505.5958
1626.479 503.8131
1637.559 502.8991
1650.336 501.7189
1666.012 500.7758
1679.203 500.3417
1690.46 500.0846
1710.587 499.138
1723.091 498.5496
1743.914 497.6158
1758.92 497.1867
1770.497 497.1501
1789.484 497.4664
1803.545 497.6303
1819.751 498.016
1834.042 498.315
1848.176 498.8661
1869.137 499.8515
1883.407 500.5245
1895.573 501.1963
1916.107 502.3877
1927.506 503.243
1943.176 504.4641
1955.321 505.418
1975.601 507.2693
1985.781 508.2383
1996.416 509.1611
2009.095 510.3089
2019.48 511.1506
2028.378 512.0023
2038.245 512.9155
2046.659 513.6732
2060.194 515.1124
2067.111 515.9452
2073.673 516.5978
2081.114 517.2312
2085.479 517.3561
2090.279 517.5631
2094.248 517.8433
2097.178 518.2612
2100.272 518.6246
2101.302 518.7261
2102.761 518.7848
2103.188 518.8498
2102.602 518.8088
2100.975 518.5835
2099.477 518.4726
2096.916 518.2217
2093.746 517.9244
2091.203 517.5522
2087.999 517.1416
2084.456 516.6751
2080.168 516.2326
2076.356 515.8327
2071.897 515.2709
2067.807 514.7003
2062.615 513.8196
2058.657 513.1003
2054.656 512.3495
2049.015 511.4258
2044.731 510.7711
2039.714 510.187
2034.332 509.5707
2029.042 509.0748
2024.103 508.381
2018.484 507.6007
2013.977 507.001
2009.544 506.4467
2005.147 506.0205
1999.348 505.4858
1995.056 505.4755
1986.309 505.2578
1978.517 505.0512
1972.293 504.8187
1967.752 504.8105
1962.302 504.7517
1957.607 504.7561
1953.171 504.7591
1946.42 505.1485
1942.301 505.381
1936.612 505.2941
1932.387 505.0586
1928.176 505.0443
1923.622 505.2782
1920.015 505.5631
1916.836 505.7236
1910.943 505.905
1906.672 505.8831
1901.513 506.1331
1897.123 506.5354
1893.25 507.0677
1888.573 507.6435
1884.392 508.0042
1880.481 508.2571
1872.795 508.6891
1867.251 508.7421
1861.202 508.4136
1856.208 508.2834
1851.865 508.307
1845.198 508.3292
1839.094 508.067
1833.284 507.651
1823.715 506.3916
1818.388 505.3339
1812.56 504.6623
1806.879 504.2464
1801.254 503.8172
1793.51 502.649
1787.228 501.6344
1781.664 500.6482
1774.781 499.7899
1769.016 499.3995
1762.761 498.837
1756.818 498.3365
1750.92 497.8246
1743.433 497.2369
1737.188 496.9134
1731.318 496.7884
1725.177 496.7466
1719.166 497.0191
1709.395 497.5013
1702.725 497.7945
1695.728 498.0493
1687.264 498.5628
1680.66 499.1284
1674.559 499.8632
1666.826 500.7493
1659.857 501.1505
1649.461 501.6176
1642.887 501.9929
1636.436 502.2611
1629.197 502.5941
1623.655 502.7146
1618.317 502.7752
1611.244 502.6253
1605.948 502.4872
1601.182 502.0884
1595.26 501.558
1590.789 501.0565
1585.981 500.4438
1582.39 499.868
1580.129 499.056
1577.53 498.1993
1575.248 497.5337
1573.049 496.972
1570.854 496.4654
1569.755 496.1995
1569.13 495.9863
1569.405 495.8979
1570.084 495.9476
1570.807 496.011
1572.504 496.4738
1573.9 496.762
1576.49 497.3631
1579.415 497.9158
1582.19 498.4563
1586.951 499.1313
1590.566 499.6409
1594.914 500.099
1599.984 500.6602
1604.305 501.1996
1610.801 502.1212
1615.766 502.8967
1621.284 503.8839
1628.045 505.106
1633.858 506.03
1638.834 506.9023
1646.061 507.874
1651.299 508.5051
1657.141 509.2408
1662.63 510.0025
1668.606 510.8441
1674.916 511.7714
1679.981 512.548
1684.672 513.0921
1689.98 513.3988
1694.272 513.6456
1699.709 513.741
1703.355 513.8566
1706.168 513.8685
1709.876 513.9337
1711.766 513.8767
1713.714 513.8477
1714.926 513.655
1716.137 513.5391
1716.599 513.3303
1716.067 512.8344
1715.596 512.4486
1714.074 511.6738
1712.422 511.1209
1711.061 510.5821
1709.071 509.9712
1706.843 509.3923
1704.915 508.8277
1702.327 508.3152
1699.893 507.8845
1696.941 507.5508
1693.683 507.1984
1691.302 507.2409
1688.99 507.2085
1686.44 507.3557
1684.331 507.4287
1682.246 507.4621
1680.329 507.4653
1678.566 507.4813
1676.645 507.5096
1675.545 507.5114
1674.727 507.5309
1673.666 507.6175
1673.234 507.6956
1673.436 507.748
1673.536 507.6423
1673.891 507.4974
1674.229 507.3408
1674.953 507.2464
1675.574 507.2036
1676.847 507.2285
1678.105 507.2448
1679.624 507.2414
1681.419 507.2208
1682.785 507.1976
1684.491 507.1972
1685.921 507.2479
1687.679 507.4147
1689.883 507.5728
1692.157 507.7328
1694.09 507.8571
1696.847 508.0547
1699.275 508.2162
1701.601 508.4327
1703.894 508.5911
1706.115 508.7293
1708.634 508.8884
1712.914 508.9341
1716.061 508.8645
1720.388 508.7849
1723.476 508.6954
1725.993 508.6032
1729.397 508.4285
1732.049 508.3208
1735.072 508.2263
1738.125 508.3575
1740.403 508.4594
1742.344 508.6115
1741.868 508.5102
1741.683 508.3663
1740.757 508.3235
1739.986 508.4454
1738.549 508.658
1734.53 508.8578
1730.093 508.6501
1724.352 508.6282
1716.568 508.3135
1708.528 508.3113
1696.215 509.0323
1687.344 509.4164
1677.528 510.0003
1666.576 510.369
1655.747 510.2451
1644.684 509.8397
1629.75 509.3957
1618.496 509.0061
1603.176 508.484
1592.283 508.1593
1583.453 507.4238
1576.779 506.3767
1571.133 504.3312
1563.942 502.6759
1556.116 501.024
1550.063 499.9933
1546.236 498.825
1543.225 497.7219
1541.884 496.3569
1543.251 494.857
1543.647 493.5059
1545.357 492.2547
1546.212 490.6845
1548.481 489.9197
1551.077 489.2039
1555.376 488.9316
1560.765 489.2903
1565.502 489.7003
1572.157 490.8264
1577.353 491.7772
1584.419 493.0881
1590.801 494.1387
1597.368 495.1878
1606.221 496.7651
1613.739 498.009
1622.199 499.3056
1630.014 500.3778
1640.214 501.7994
1648.031 502.9164
1658.848 504.4091
1669.012 505.8887
1678.892 507.3997
1690.486 509.1891
1700.688 510.7957
1716.685 513.3837
1726.435 514.8643
1736.187 516.213
1747.354 517.6971
1757.862 519.1298
1767.678 520.6636
1779.491 522.5685
1787.763 523.6747
1796.36 524.8239
1805.591 525.9425
1814.702 526.9291
1822.755 527.7804
1833.041 528.9821
1841.324 529.9574
1850.66 530.9482
1857.797 531.6241
1864.541 532.0989
1871.731 532.3678
1878.594 532.7742
1889.8 533.6884
1896.234 534.1574
1901.281 534.4927
1908.315 534.8534
1912.875 534.8698
1916.883 534.7628
1922.484 534.6246
1927.487 534.6838
1934.541 534.4447
1937.698 534.0741
1940.202 533.7429
1942.914 533.0685
1945.056 532.5973
1949.232 531.6513
1951.797 530.9557
1953.714 530.3404
1954.928 529.4417
1955.692 528.6574
1956.299 527.8344
1957.982 526.8422
1958.526 525.75
1958.918 524.8517
1959.405 523.8708
1959.544 522.9892
1959.609 522.1119
1959.297 521.1602
1959.193 520.3907
1958.938 519.4521
1958.967 518.6568
1959.13 518.0289
1959.356 517.533
1959.496 517.1053
1959.603 516.8427
1959.87 516.6011
1960.036 516.2484
1960.363 515.7869
1960.912 515.3605
1962.015 515.1735
1963.021 514.9163
1964.549 514.9761
1965.708 514.8308
1967.078 514.6665
1968.339 514.4971
1969.71 514.3589
1972.001 514.0414
1973.364 513.955
1975.112 513.9343
1977.69 514.0219
1979.659 514.1344
1981.293 514.2025
1983.152 514.2988
1984.837 514.3613
1987.125 514.4036
1989.142 514.5668
1991.511 514.9902
1992.916 515.308
1994.968 515.7666
1996.083 516.1246
1997.172 516.5195
1998.173 516.9709
1998.621 517.2972
1999.352 517.5709
1999.899 517.7536
2000.384 517.9883
2000.597 518.3563
2000.559 518.6376
2000.604 518.8364
2000.569 519.0145
2000.413 518.9825
2000.212 518.9895
1999.852 519.0057
1999.443 519.0186
1999.025 519.0179
1998.463 519.0161
1998.089 519.0035
1997.54 519.0491
1997.028 518.9534
1996.587 518.9502
1996.054 518.9107
1995.492 518.8849
1994.925 518.7075
1994.504 518.5043
1994.452 518.4848
1994.493 518.4673
1994.507 518.4116
1994.471 518.4144
1994.489 518.4451
1994.484 518.4151
1994.535 518.3838
1994.455 518.1512
1994.443 518.0495
1994.339 518.0514
1993.567 518.3818
1992.115 518.7043
1986.233 519.449
1980.944 519.7949
1972.497 519.7324
1963.663 519.3725
1958.012 519.0795
1951.505 519.0627
1944.138 519.4078
1935.427 519.5659
1923.139 519.5887
1908.925 519.1779
1899.688 518.9172
1887.173 518.4552
1878.638 518.0773
1867.32 517.3872
1858.708 516.6545
1666.826 500.7493
1659.857 501.1505
1649.461 501.6176
1642.887 501.9929
1636.436 502.2611
1629.197 502.5941
1623.655 502.7146
1618.317 502.7752
1611.244 502.6253
1605.948 502.4872
1601.182 502.0884
1595.26 501.558
1590.789 501.0565
1585.981 500.4438
1582.39 499.868
1580.129 499.056
1577.53 498.1993
1575.248 497.5337
1573.049 496.972
1570.854 496.4654
1569.755 496.1995
1569.13 495.9863
1569.405 495.8979
1570.084 495.9476
1570.807 496.011
1572.504 496.4738
1573.9 496.762
1576.49 497.3631
1579.415 497.9158
1582.19 498.4563
1586.951 499.1313
1590.566 499.6409
1594.914 500.099
1599.984 500.6602
1604.305 501.1996
1610.801 502.1212
1615.766 502.8967
1621.284 503.8839
1628.045 505.106
1633.858 506.03
1638.834 506.9023
1646.061 507.874
1651.299 508.5051
1657.141 509.2408
1662.63 510.0025
1668.606 510.8441
1674.916 511.7714
1679.981 512.548
1684.672 513.0921
1689.98 513.3988
1694.272 513.6456
1699.709 513.741
1703.355 513.8566
1706.168 513.8685
1709.876 513.9337
1711.766 513.8767
1713.714 513.8477
1714.926 513.655
1716.137 513.5391
1716.599 513.3303
1716.067 512.8344
1715.596 512.4486
1714.074 511.6738
1712.422 511.1209
1711.061 510.5821
1709.071 509.9712
1706.843 509.3923
1704.915 508.8277
1702.327 508.3152
1699.893 507.8845
1696.941 507.5508
1693.683 507.1984
1691.302 507.2409
1688.99 507.2085
1686.44 507.3557
1684.331 507.4287
1682.246 507.4621
1680.329 507.4653
1678.566 507.4813
1676.645 507.5096
1675.545 507.5114
1674.727 507.5309
1673.666 507.6175
1673.234 507.6956
1673.436 507.748
1673.536 507.6423
1673.891 507.4974
1674.229 507.3408
1674.953 507.2464
1675.574 507.2036
1676.847 507.2285
1678.105 507.2448
1679.624 507.2414
1681.419 507.2208
1682.785 507.1976
1684.491 507.1972
1685.921 507.2479
1687.679 507.4147
1689.883 507.5728
1692.157 507.7328
1694.09 507.8571
1696.847 508.0547
1699.275 508.2162
1701.601 508.4327
1703.894 508.5911
1706.115 508.7293
1708.634 508.8884
1712.914 508.9341
1716.061 508.8645
1720.388 508.7849
1723.476 508.6954
1725.993 508.6032
1729.397 508.4285
1732.049 508.3208
1735.072 508.2263
1738.125 508.3575
1740.403 508.4594
1742.344 508.6115
1741.868 508.5102
1741.683 508.3663
1740.757 508.3235
1739.986 508.4454
1738.549 508.658
1734.53 508.8578
1730.093 508.6501
1724.352 508.6282
1716.568 508.3135
1708.528 508.3113
1696.215 509.0323
1687.344 509.4164
1677.528 510.0003
1666.576 510.369
1655.747 510.2451
1644.684 509.8397
1629.75 509.3957
1618.496 509.0061
1603.176 508.484
1592.283 508.1593
1583.453 507.4238
1576.779 506.3767
1571.133 504.3312
1563.942 502.6759
1556.116 501.024
1550.063 499.9933
1546.236 498.825
1543.225 497.7219
1541.884 496.3569
1543.251 494.857
1543.647 493.5059
1545.357 492.2547
1546.212 490.6845
1548.481 489.9197
1551.077 489.2039
1555.376 488.9316
1560.765 489.2903
1565.502 489.7003
1572.157 490.8264
1577.353 491.7772
1584.419 493.0881
1590.801 494.1387
1597.368 495.1878
1606.221 496.7651
1613.739 498.009
1622.199 499.3056
1630.014 500.3778
1640.214 501.7994
1648.031 502.9164
1658.848 504.4091
1669.012 505.8887
1678.892 507.3997
1690.486 509.1891
1700.688 510.7957
1716.685 513.3837
1726.435 514.8643
1736.187 516.213
1747.354 517.6971
1757.862 519.1298
1767.678 520.6636
1779.491 522.5685
1787.763 523.6747
1796.36 524.8239
1805.591 525.9425
1814.702 526.9291
1822.755 527.7804
1833.041 528.9821
1841.324 529.9574
1850.66 530.9482
1857.797 531.6241
1864.541 532.0989
1871.731 532.3678
1878.594 532.7742
1889.8 533.6884
1896.234 534.1574
1901.281 534.4927
1908.315 534.8534
1912.875 534.8698
1916.883 534.7628
1922.484 534.6246
1927.487 534.6838
1934.541 534.4447
1937.698 534.0741
1940.202 533.7429
1942.914 533.0685
1945.056 532.5973
1949.232 531.6513
1951.797 530.9557
1953.714 530.3404
1954.928 529.4417
1955.692 528.6574
1956.299 527.8344
1957.982 526.8422
1958.526 525.75
1958.918 524.8517
1959.405 523.8708
1959.544 522.9892
1959.609 522.1119
1959.297 521.1602
1959.193 520.3907
1958.938 519.4521
1958.967 518.6568
1959.13 518.0289
1959.356 517.533
1959.496 517.1053
1959.603 516.8427
1959.87 516.6011
1960.036 516.2484
1960.363 515.7869
1960.912 515.3605
1962.015 515.1735
1963.021 514.9163
1964.549 514.9761
1965.708 514.8308
1967.078 514.6665
1968.339 514.4971
1969.71 514.3589
1972.001 514.0414
1973.364 513.955
1975.112 513.9343
1977.69 514.0219
1979.659 514.1344
1981.293 514.2025
1983.152 514.2988
1984.837 514.3613
1987.125 514.4036
1989.142 514.5668
1991.511 514.9902
1992.916 515.308
1994.968 515.7666
1996.083 516.1246
1997.172 516.5195
1998.173 516.9709
1998.621 517.2972
1999.352 517.5709
1999.899 517.7536
2000.384 517.9883
2000.597 518.3563
2000.559 518.6376
2000.604 518.8364
2000.569 519.0145
2000.413 518.9825
2000.212 518.9895
1999.852 519.0057
1999.443 519.0186
1999.025 519.0179
1998.463 519.0161
1998.089 519.0035
1997.54 519.0491
1997.028 518.9534
1996.587 518.9502
1996.054 518.9107
1995.492 518.8849
1994.925 518.7075
1994.504 518.5043
1994.452 518.4848
1994.493 518.4673
1994.507 518.4116
1994.471 518.4144
1994.489 518.4451
1994.484 518.4151
1994.535 518.3838
1994.455 518.1512
1994.443 518.0495
1994.339 518.0514
1993.567 518.3818
1992.115 518.7043
1986.233 519.449
1980.944 519.7949
1972.497 519.7324
1963.663 519.3725
1958.012 519.0795
1951.505 519.0627
1944.138 519.4078
1935.427 519.5659
1923.139 519.5887
1908.925 519.1779
1899.688 518.9172
1887.173 518.4552
1878.638 518.0773
1867.32 517.3872
1858.708 516.6545
