1920 480
2101.539 481.9862
2101.5 481.968
2101.51 481.9825
2101.49 481.9575
2101.508 481.987
2101.492 481.9977
2101.49 481.997
2101.496 482.0153
2101.511 482.0106
2101.559 482.0017
2101.516 482.0096
2101.544 482.0043
2101.503 481.9983
2101.521 482.0095
2101.506 481.9765
2101.488 481.9823
2101.475 481.9836
2101.462 481.9848
2101.491 481.9998
2101.506 481.9711
2101.465 481.98
2101.464 481.9573
2101.464 481.9811
2101.533 481.9791
2101.475 481.9779
2101.519 481.9862
2101.524 481.9902
2101.529 481.9944
2101.534 481.9985
2101.525 482.0108
2101.527 481.9988
2101.525 481.9609
2101.504 481.9796
2101.552 481.9995
2101.47 482.0333
2101.535 481.9779
2101.544 481.988
2101.53 482.0204
2101.478 481.9842
2101.431 481.9731
2101.532 481.986
2101.541 481.9664
2101.503 481.9489
2101.486 481.9858
2101.494 481.9819
2101.535 481.9599
2101.474 481.9396
2101.428 481.9518
2101.499 481.9581
2101.478 481.9573
2101.515 481.9598
2101.48 481.9786
2101.462 481.9752
2101.46 481.9223
2101.469 481.9965
2101.409 481.9402
2101.522 481.9484
2101.461 481.9227
2101.437 481.9596
2101.481 481.9555
2101.432 481.9939
2101.47 481.959
2101.435 481.9308
2101.495 481.9641
2101.494 481.9815
2101.414 481.9972
2101.479 481.9755
2101.509 481.9357
2101.509 481.9051
2101.49 481.9489
2101.484 481.9362
2101.496 481.9831
2101.491 481.9414
2101.435 481.9503
2101.425 481.9516
2101.457 481.9366
2101.474 481.969
2101.454 481.99
2101.462 481.976
2101.464 481.9539
2101.449 481.8862
2101.434 481.9376
2101.483 481.9272
2101.47 481.9732
2101.472 481.9728
2101.475 481.9511
2101.45 481.9823
2101.471 481.9723
2101.523 481.9903
2101.458 481.9636
2101.5 481.9773
2101.503 481.9782
2101.515 481.9859
2101.577 481.9658
2101.441 481.9778
2101.412 481.9507
2101.452 481.976
2101.467 481.9755
2101.426 481.9915
2101.462 481.9438
2101.511 481.945
2101.484 481.9581
2101.49 481.9666
2101.433 481.9587
2101.488 481.9947
2101.476 481.9807
2101.466 481.9809
2101.459 481.9925
2101.49 482.0198
2101.527 481.9786
2101.52 481.9845
2101.553 481.9703
2101.542 481.98
2101.552 481.9923
2101.525 481.9773
2101.568 481.9699
2101.653 481.9558
2101.559 481.9803
2101.557 482.0079
2101.579 481.9988
2101.586 482.0183
2101.577 482.0092
2101.599 481.9965
2101.585 482.0098
2101.589 481.9849
2101.56 482.0293
2101.526 482.0363
2101.574 482.0146
2101.521 482.0016
2101.508 482.0146
2101.601 481.9859
2101.607 481.9679
2101.582 482.0272
2101.587 482.0163
2101.512 482.0049
2101.501 482.0089
2101.495 482.0052
2101.533 481.9671
2101.497 481.9957
2101.496 482.007
2101.525 482.0002
2101.526 482.0041
2101.462 482.0124
2101.545 481.9707
2101.54 482.039
2101.454 482.0132
2101.571 481.9528
2101.474 481.9908
2101.527 481.9983
2101.52 481.9799
2101.569 481.9769
2101.551 481.9738
2101.472 481.996
2101.55 481.9557
2101.61 481.9508
2101.561 482.0083
2101.579 481.9793
2101.557 481.9559
2101.589 481.9945
2101.48 481.9946
2101.592 481.9568
2101.55 481.972
2101.462 482.0216
2101.506 481.9777
2101.507 481.9552
2101.459 481.9735
2101.541 481.9571
2101.577 481.9499
2101.541 481.9446
2101.521 481.9796
2101.516 481.9851
2101.574 481.959
2101.601 481.9471
2101.55 481.9484
2101.585 481.9454
2101.563 481.9414
2101.565 481.9359
2101.536 481.952
2101.506 481.98
2101.492 481.9708
2101.474 481.9754
2101.618 481.9324
2101.561 481.9316
2101.596 481.8926
2101.597 481.9503
2101.586 481.949
2101.603 481.9533
2101.639 481.959
2101.641 481.9647
2101.61 481.9346
2101.572 481.9183
2101.624 481.9449
2101.705 481.9299
2101.665 481.9307
2101.68 481.955
2101.68 481.9551
2101.652 481.9461
2101.672 481.9699
2101.709 481.9482
2101.707 481.9646
2101.703 481.9735
2101.729 481.9435
2101.718 481.9309
2101.705 481.9586
2101.721 481.9581
2101.705 481.9703
2101.698 482.0098
2101.659 481.9667
2101.697 481.966
2101.679 481.9081
2101.671 481.8951
2101.697 481.9573
2101.693 481.9548
2101.749 481.9005
2101.702 481.91
2101.691 481.9184
2101.677 481.9379
2101.673 481.9322
2101.728 481.9457
2101.635 481.9471
2101.732 481.9647
2101.683 481.9842
2101.559 481.9537
2101.716 481.9543
2101.716 481.9761
2101.64 481.9557
2101.697 481.9626
2101.67 481.9619
2101.705 481.9349
2101.717 481.9203
2101.67 481.9647
2101.622 481.9625
2101.635 481.9834
2101.728 481.9469
2101.644 481.9837
2101.64 481.9493
2101.65 481.9584
2101.609 481.9785
2101.645 481.9503
2101.66 481.962
2101.645 481.9774
2101.656 481.9297
2101.674 481.9379
2101.618 481.954
2101.643 481.9403
2101.676 481.918
2101.654 481.9375
2101.596 481.9655
2101.641 481.9214
2101.611 481.9393
2101.647 481.9301
2101.612 481.9457
2101.628 481.9668
2101.611 481.939
2101.59 481.9498
2101.594 481.941
2101.587 481.9611
2101.632 481.9463
2101.628 481.9866
2101.598 481.9972
2101.569 481.9628
2101.661 481.956
2101.645 481.9565
2101.683 481.9623
2101.585 481.9708
2101.7 481.9487
2101.681 481.9766
2101.646 481.9777
2101.743 481.9589
2101.71 481.9996
2101.723 481.9718
2101.749 481.9641
2101.685 481.9446
2101.672 481.9793
2101.675 481.9979
2101.663 481.9649
2101.667 481.966
2101.679 482.0094
2101.721 481.9753
2101.695 481.9807
2101.689 481.9671
2101.664 481.9806
2101.821 481.9579
2101.784 482.006
2101.779 481.9937
2101.763 482.0056
2101.706 481.9946
2101.654 482.0221
2101.705 482.0084
2101.722 482.0258
2101.725 482.0146
2101.663 482.0178
2101.737 482.0214
2101.66 482.0475
2101.695 482.031
2101.655 482.0308
2101.7 482.0137
2101.678 482.0435
2101.669 482.0201
1920 480
2101.539 481.9862
2101.5 481.968
2101.51 481.9825
2101.49 481.9575
2101.508 481.987
2101.492 481.9977
2101.49 481.997
2101.496 482.0153
2101.511 482.0106
2101.559 482.0017
2101.516 482.0096
2101.544 482.0043
2101.503 481.9983
2101.521 482.0095
2101.506 481.9765
2101.488 481.9823
2101.475 481.9836
2101.462 481.9848
2101.491 481.9998
2101.506 481.9711
2101.465 481.98
2101.464 481.9573
2101.464 481.9811
2101.533 481.9791
2101.475 481.9779
2101.519 481.9862
2101.524 481.9902
2101.529 481.9944
2101.534 481.9985
2101.525 482.0108
2101.527 481.9988
2101.525 481.9609
2101.504 481.9796
2101.552 481.9995
2101.47 482.0333
2101.535 481.9779
2101.544 481.988
2101.53 482.0204
2101.478 481.9842
2101.431 481.9731
2101.532 481.986
2101.541 481.9664
2101.503 481.9489
2101.486 481.9858
2101.494 481.9819
2101.535 481.9599
2101.474 481.9396
2101.428 481.9518
2101.499 481.9581
2101.478 481.9573
2101.515 481.9598
2101.48 481.9786
2101.462 481.9752
2101.46 481.9223
2101.469 481.9965
2101.409 481.9402
2101.522 481.9484
2101.461 481.9227
2101.437 481.9596
2101.481 481.9555
2101.432 481.9939
2101.47 481.959
2101.435 481.9308
2101.495 481.9641
2101.494 481.9815
2101.414 481.9972
2101.479 481.9755
2101.509 481.9357
2101.509 481.9051
2101.49 481.9489
2101.484 481.9362
2101.496 481.9831
2101.491 481.9414
2101.435 481.9503
2101.425 481.9516
2101.457 481.9366
2101.474 481.969
2101.454 481.99
2101.462 481.976
2101.464 481.9539
2101.449 481.8862
2101.434 481.9376
2101.483 481.9272
2101.47 481.9732
2101.472 481.9728
2101.475 481.9511
2101.45 481.9823
2101.471 481.9723
2101.523 481.9903
2101.458 481.9636
2101.5 481.9773
2101.503 481.9782
2101.515 481.9859
2101.577 481.9658
2101.441 481.9778
2101.412 481.9507
2101.452 481.976
2101.467 481.9755
2101.426 481.9915
2101.462 481.9438
2101.511 481.945
2101.484 481.9581
2101.49 481.9666
2101.433 481.9587
2101.488 481.9947
2101.476 481.9807
2101.466 481.9809
2101.459 481.9925
2101.49 482.0198
2101.527 481.9786
2101.52 481.9845
2101.553 481.9703
2101.542 481.98
2101.552 481.9923
2101.525 481.9773
2101.568 481.9699
2101.653 481.9558
2101.559 481.9803
2101.557 482.0079
2101.579 481.9988
2101.586 482.0183
2101.577 482.0092
2101.599 481.9965
2101.585 482.0098
2101.589 481.9849
2101.56 482.0293
2101.526 482.0363
2101.574 482.0146
2101.521 482.0016
2101.508 482.0146
2101.601 481.9859
2101.607 481.9679
2101.582 482.0272
2101.587 482.0163
2101.512 482.0049
2101.501 482.0089
2101.495 482.0052
2101.533 481.9671
2101.497 481.9957
2101.496 482.007
2101.525 482.0002
2101.526 482.0041
2101.462 482.0124
2101.545 481.9707
2101.54 482.039
2101.454 482.0132
2101.571 481.9528
2101.474 481.9908
2101.527 481.9983
2101.52 481.9799
2101.569 481.9769
2101.551 481.9738
2101.472 481.996
2101.55 481.9557
2101.61 481.9508
2101.561 482.0083
2101.579 481.9793
2101.557 481.9559
2101.589 481.9945
2101.48 481.9946
2101.592 481.9568
2101.55 481.972
2101.462 482.0216
2101.506 481.9777
2101.507 481.9552
2101.459 481.9735
2101.541 481.9571
2101.577 481.9499
2101.541 481.9446
2101.521 481.9796
2101.516 481.9851
2101.574 481.959
2101.601 481.9471
2101.55 481.9484
2101.585 481.9454
2101.563 481.9414
2101.565 481.9359
2101.536 481.952
2101.506 481.98
2101.492 481.9708
2101.474 481.9754
2101.618 481.9324
2101.561 481.9316
2101.596 481.8926
2101.597 481.9503
2101.586 481.949
2101.603 481.9533
2101.639 481.959
2101.641 481.9647
2101.61 481.9346
2101.572 481.9183
2101.624 481.9449
2101.705 481.9299
2101.665 481.9307
2101.68 481.955
2101.68 481.9551
2101.652 481.9461
2101.672 481.9699
2101.709 481.9482
2101.707 481.9646
2101.703 481.9735
2101.729 481.9435
2101.718 481.9309
2101.705 481.9586
2101.721 481.9581
2101.705 481.9703
2101.698 482.0098
2101.659 481.9667
2101.697 481.966
2101.679 481.9081
2101.671 481.8951
2101.697 481.9573
2101.693 481.9548
2101.749 481.9005
2101.702 481.91
2101.691 481.9184
2101.677 481.9379
2101.673 481.9322
2101.728 481.9457
2101.635 481.9471
2101.732 481.9647
2101.683 481.9842
2101.559 481.9537
2101.716 481.9543
2101.716 481.9761
2101.64 481.9557
2101.697 481.9626
2101.67 481.9619
2101.705 481.9349
2101.717 481.9203
2101.67 481.9647
2101.622 481.9625
2101.635 481.9834
2101.728 481.9469
2101.644 481.9837
2101.64 481.9493
2101.65 481.9584
2101.609 481.9785
2101.645 481.9503
2101.66 481.962
2101.645 481.9774
2101.656 481.9297
2101.674 481.9379
2101.618 481.954
2101.643 481.9403
2101.676 481.918
2101.654 481.9375
2101.596 481.9655
2101.641 481.9214
2101.611 481.9393
2101.647 481.9301
2101.612 481.9457
2101.628 481.9668
2101.611 481.939
2101.59 481.9498
2101.594 481.941
2101.587 481.9611
2101.632 481.9463
2101.628 481.9866
2101.598 481.9972
2101.569 481.9628
2101.661 481.956
2101.645 481.9565
2101.683 481.9623
2101.585 481.9708
2101.7 481.9487
2101.681 481.9766
2101.646 481.9777
2101.743 481.9589
2101.71 481.9996
2101.723 481.9718
2101.749 481.9641
2101.685 481.9446
2101.672 481.9793
2101.675 481.9979
2101.663 481.9649
2101.667 481.966
2101.679 482.0094
2101.721 481.9753
2101.695 481.9807
2101.689 481.9671
2101.664 481.9806
2101.821 481.9579
2101.784 482.006
2101.779 481.9937
2101.763 482.0056
2101.706 481.9946
2101.654 482.0221
2101.705 482.0084
2101.722 482.0258
2101.725 482.0146
2101.663 482.0178
2101.737 482.0214
2101.66 482.0475
2101.695 482.031
2101.655 482.0308
2101.7 482.0137
2101.678 482.0435
2101.669 482.0201
2101.583 482.0089
2101.623 482.0431
2101.622 482.0313
2101.642 482.0374
2101.693 481.9823
2101.676 481.9962
2101.674 482.0115
2101.664 482.007
2101.648 482.0062
2101.605 481.9885
2101.596 482.0221
2101.643 482.0196
2101.615 481.991
2101.618 482.0467
2101.619 482.0075
2101.613 482.0187
2101.564 482.0167
2101.517 482.0325
2101.545 482.0529
2101.579 482.0119
2101.612 481.9887
2101.565 481.9951
2101.527 482.0451
2101.526 482.0318
2101.562 482.0228
2101.6 482.0284
2101.594 482.0397
2101.542 482.0456
2101.513 481.9995
2101.571 482.0015
2101.593 482.0468
2101.523 482.042
2101.604 482.0233
2101.562 482.0078
2101.509 482.0218
2101.578 482.0267
2101.533 481.9839
2101.505 482.0347
2101.528 482.0457
2101.526 482.0382
2101.527 482.0309
2101.543 482.0491
2101.553 482.0218
2101.597 482.0298
2101.574 482.0416
2101.525 482.0452
2101.553 482.0445
2101.557 482.0761
2101.579 482.0846
2101.616 482.0483
2101.635 482.0706
2101.57 482.0604
2101.607 482.0204
2101.613 482.083
2101.579 482.0714
2101.633 482.0659
2101.627 482.0753
2101.582 482.0705
2101.633 482.0693
2101.631 482.0716
2101.556 482.0608
2101.551 482.0924
2101.63 482.0641
2101.641 482.0942
2101.572 482.067
2101.551 482.0777
2101.607 482.0652
2101.608 482.0478
2101.608 482.0391
2101.586 482.0319
2101.624 482.0375
2101.648 482.0314
2101.615 482.0674
2101.553 482.0368
2101.644 482.0186
2101.642 482.0186
2101.623 482.0198
2101.599 482.0203
2101.601 482.0331
2101.618 482.0255
2101.617 481.9816
2101.612 482.0258
2101.619 481.9996
2101.673 481.9989
2101.688 481.9902
2101.649 482.0459
2101.631 481.9868
2101.633 482.029
2101.653 482.007
2101.662 482.0212
2101.576 482.0219
2101.63 482.0051
2101.645 482.0092
2101.597 482.0266
2101.536 482.0526
2101.608 481.9904
2101.582 481.9861
2101.6 482.0374
2101.561 482.014
2101.59 481.9979
2101.602 481.9943
2101.604 482.0234
2101.552 482.0142
2101.547 481.9842
2101.525 482.0051
2101.552 482.0377
2101.558 481.9986
2101.574 481.9814
2101.592 481.9708
2101.631 481.9464
2101.589 481.9726
2101.577 481.9766
2101.563 481.9965
2101.582 481.9728
2101.6 481.9842
2101.599 481.9921
2101.543 481.9681
2101.539 481.9629
2101.5 481.9719
2101.51 482.0095
2101.468 481.9998
2101.541 481.9777
2101.609 481.9688
2101.617 481.9841
2101.57 481.9591
2101.551 481.953
2101.591 481.9928
2101.529 481.9699
2101.534 481.9393
2101.553 481.9398
2101.566 481.9846
2101.564 481.9467
2101.534 481.9512
2101.54 481.9553
2101.335 481.9833
2099.862 481.9715
2097.175 481.9628
2093.072 481.9751
2086.742 482
2079.588 481.9433
2069.458 482.0013
2065.82 481.9648
2055.87 481.9501
2049.356 481.966
2039.833 481.943
2028.783 481.9662
2021.546 482.0015
2012.605 481.9641
2006.379 481.9373
1996.03 481.9474
1986.359 481.9312
1977.128 481.973
1970.262 481.9437
1960.468 481.9477
1953.63 481.9366
1943.529 481.9388
1939.377 481.9333
1929.222 481.9432
1920.109 481.9227
1912.876 481.9302
1906.776 481.9207
1896.127 481.9352
1889.74 481.9429
1878.957 481.9894
1875.351 481.9924
1865.6 481.9358
1859.498 481.9412
1849.079 481.9236
1842.669 481.9431
1832.423 481.9171
1819.883 481.9754
1810.261 481.9566
1799.386 481.9388
1793.195 481.9697
1783.142 481.9972
1773.402 481.9707
1762.57 481.9341
1751.908 481.9857
1742.247 481.9628
1732.756 481.9246
1723.827 481.9862
1713.872 481.966
1706.868 481.9454
1696.943 481.9553
1687.546 481.9691
1677.078 481.9951
1670.371 481.9632
1660.194 481.9837
1654.46 482.01
1643.923 481.9834
1640.338 482.0345
1629.466 481.9533
1616.397 481.999
1606.565 481.9817
1598.12 482.0337
1590.848 481.9431
1581.278 481.9811
1571.261 481.9928
1564.99 481.96
1555.047 481.9523
1548.864 482
1538.49 482.045
1534.498 482.2859
1524.221 482.2254
1512.442 482.0293
1503.862 481.7528
1494.267 481.6906
1490.128 481.9827
1479.922 481.9987
1473.372 483.1773
1461.025 483.7676
1453.008 484.356
1447.924 484.5699
1445.172 485.0436
1445.19 485.3533
1445.116 485.7207
1444.52 485.6181
1444.829 485.9615
1443.926 487.1556
1438.325 491.915
1435.264 493.956
1435.311 494.9305
1430.854 497.191
1424.507 497.8213
1413.227 497.9726
1400.128 496.269
1382.085 495.1893
1365.856 494.4561
1341.903 494.6131
1303.972 495.5425
1259.573 497.1988
1163.871 499.2624
1119.004 500.2619
1084.766 498.9378
1047.836 497.3957
1019.98 496.593
993.7755 496.3609
960.4146 495.1234
924.3519 493.8595
890.5859 491.436
870.4398 489.9503
845.0954 489.1882
828.5889 488.6877
809.6091 487.877
796.8252 486.8479
775.6647 485.692
758.8936 485.0357
735.4001 482.3369
722.636 480.5555
713.1934 478.7813
693.1735 477.1248
677.3782 475.9795
664.8421 475.1782
653.0443 474.4248
643.8005 473.703
637.3382 473.3957
626.8701 472.8096
618.5771 472.7179
611.0075 472.8761
604.7468 473.9676
596.9082 474.7127
591.8796 475.1956
587.0798 476.9124
584.1074 478.1276
582.0798 479.7495
580.4352 482.2638
579.5198 483.8589
578.8952 485.3672
579.0944 487.0167
578.6543 488.5015
578.3359 490.1541
579.4756 492.166
580.3679 494.029
581.5599 495.5844
583.2139 496.7168
586.6501 497.7291
590.9655 498.921
598.7773 499.7092
606.9079 500.4594
614.8242 501.4657
622.5313 502.414
632.9834 503.15
643.1976 503.7533
654.9518 504.4995
669.5479 505.0764
684.5264 505.6685
700.8086 506.2503
717.8489 506.8039
767.3789 506.9678
791.0931 506.7086
813.6306 506.7722
834.0635 506.5869
862.1497 505.8665
883.5928 505.0876
908.168 504.2964
943.4463 503.3148
963.5852 502.6544
993.1238 501.4141
1015.589 500.4724
1043.259 499.4747
2101.583 482.0089
2101.623 482.0431
2101.622 482.0313
2101.642 482.0374
2101.693 481.9823
2101.676 481.9962
2101.674 482.0115
2101.664 482.007
2101.648 482.0062
2101.605 481.9885
2101.596 482.0221
2101.643 482.0196
2101.615 481.991
2101.618 482.0467
2101.619 482.0075
2101.613 482.0187
2101.564 482.0167
2101.517 482.0325
2101.545 482.0529
2101.579 482.0119
2101.612 481.9887
2101.565 481.9951
2101.527 482.0451
2101.526 482.0318
2101.562 482.0228
2101.6 482.0284
2101.594 482.0397
2101.542 482.0456
2101.513 481.9995
2101.571 482.0015
2101.593 482.0468
2101.523 482.042
2101.604 482.0233
2101.562 482.0078
2101.509 482.0218
2101.578 482.0267
2101.533 481.9839
2101.505 482.0347
2101.528 482.0457
2101.526 482.0382
2101.527 482.0309
2101.543 482.0491
2101.553 482.0218
2101.597 482.0298
2101.574 482.0416
2101.525 482.0452
2101.553 482.0445
2101.557 482.0761
2101.579 482.0846
2101.616 482.0483
2101.635 482.0706
2101.57 482.0604
2101.607 482.0204
2101.613 482.083
2101.579 482.0714
2101.633 482.0659
2101.627 482.0753
2101.582 482.0705
2101.633 482.0693
2101.631 482.0716
2101.556 482.0608
2101.551 482.0924
2101.63 482.0641
2101.641 482.0942
2101.572 482.067
2101.551 482.0777
2101.607 482.0652
2101.608 482.0478
2101.608 482.0391
2101.586 482.0319
2101.624 482.0375
2101.648 482.0314
2101.615 482.0674
2101.553 482.0368
2101.644 482.0186
2101.642 482.0186
2101.623 482.0198
2101.599 482.0203
2101.601 482.0331
2101.618 482.0255
2101.617 481.9816
2101.612 482.0258
2101.619 481.9996
2101.673 481.9989
2101.688 481.9902
2101.649 482.0459
2101.631 481.9868
2101.633 482.029
2101.653 482.007
2101.662 482.0212
2101.576 482.0219
2101.63 482.0051
2101.645 482.0092
2101.597 482.0266
2101.536 482.0526
2101.608 481.9904
2101.582 481.9861
2101.6 482.0374
2101.561 482.014
2101.59 481.9979
2101.602 481.9943
2101.604 482.0234
2101.552 482.0142
2101.547 481.9842
2101.525 482.0051
2101.552 482.0377
2101.558 481.9986
2101.574 481.9814
2101.592 481.9708
2101.631 481.9464
2101.589 481.9726
2101.577 481.9766
2101.563 481.9965
2101.582 481.9728
2101.6 481.9842
2101.599 481.9921
2101.543 481.9681
2101.539 481.9629
2101.5 481.9719
2101.51 482.0095
2101.468 481.9998
2101.541 481.9777
2101.609 481.9688
2101.617 481.9841
2101.57 481.9591
2101.551 481.953
2101.591 481.9928
2101.529 481.9699
2101.534 481.9393
2101.553 481.9398
2101.566 481.9846
2101.564 481.9467
2101.534 481.9512
2101.54 481.9553
2101.335 481.9833
2099.862 481.9715
2097.175 481.9628
2093.072 481.9751
2086.742 482
2079.588 481.9433
2069.458 482.0013
2065.82 481.9648
2055.87 481.9501
2049.356 481.966
2039.833 481.943
2028.783 481.9662
2021.546 482.0015
2012.605 481.9641
2006.379 481.9373
1996.03 481.9474
1986.359 481.9312
1977.128 481.973
1970.262 481.9437
1960.468 481.9477
1953.63 481.9366
1943.529 481.9388
1939.377 481.9333
1929.222 481.9432
1920.109 481.9227
1912.876 481.9302
1906.776 481.9207
1896.127 481.9352
1889.74 481.9429
1878.957 481.9894
1875.351 481.9924
1865.6 481.9358
1859.498 481.9412
1849.079 481.9236
1842.669 481.9431
1832.423 481.9171
1819.883 481.9754
1810.261 481.9566
1799.386 481.9388
1793.195 481.9697
1783.142 481.9972
1773.402 481.9707
1762.57 481.9341
1751.908 481.9857
1742.247 481.9628
1732.756 481.9246
1723.827 481.9862
1713.872 481.966
1706.868 481.9454
1696.943 481.9553
1687.546 481.9691
1677.078 481.9951
1670.371 481.9632
1660.194 481.9837
1654.46 482.01
1643.923 481.9834
1640.338 482.0345
1629.466 481.9533
1616.397 481.999
1606.565 481.9817
1598.12 482.0337
1590.848 481.9431
1581.278 481.9811
1571.261 481.9928
1564.99 481.96
1555.047 481.9523
1548.864 482
1538.49 482.045
1534.498 482.2859
1524.221 482.2254
1512.442 482.0293
1503.862 481.7528
1494.267 481.6906
1490.128 481.9827
1479.922 481.9987
1473.372 483.1773
1461.025 483.7676
1453.008 484.356
1447.924 484.5699
1445.172 485.0436
1445.19 485.3533
1445.116 485.7207
1444.52 485.6181
1444.829 485.9615
1443.926 487.1556
1438.325 491.915
1435.264 493.956
1435.311 494.9305
1430.854 497.191
1424.507 497.8213
1413.227 497.9726
1400.128 496.269
1382.085 495.1893
1365.856 494.4561
1341.903 494.6131
1303.972 495.5425
1259.573 497.1988
1163.871 499.2624
1119.004 500.2619
1084.766 498.9378
1047.836 497.3957
1019.98 496.593
993.7755 496.3609
960.4146 495.1234
924.3519 493.8595
890.5859 491.436
870.4398 489.9503
845.0954 489.1882
828.5889 488.6877
809.6091 487.877
796.8252 486.8479
775.6647 485.692
758.8936 485.0357
735.4001 482.3369
722.636 480.5555
713.1934 478.7813
693.1735 477.1248
677.3782 475.9795
664.8421 475.1782
653.0443 474.4248
643.8005 473.703
637.3382 473.3957
626.8701 472.8096
618.5771 472.7179
611.0075 472.8761
604.7468 473.9676
596.9082 474.7127
591.8796 475.1956
587.0798 476.9124
584.1074 478.1276
582.0798 479.7495
580.4352 482.2638
579.5198 483.8589
578.8952 485.3672
579.0944 487.0167
578.6543 488.5015
578.3359 490.1541
579.4756 492.166
580.3679 494.029
581.5599 495.5844
583.2139 496.7168
586.6501 497.7291
590.9655 498.921
598.7773 499.7092
606.9079 500.4594
614.8242 501.4657
622.5313 502.414
632.9834 503.15
643.1976 503.7533
654.9518 504.4995
669.5479 505.0764
684.5264 505.6685
700.8086 506.2503
717.8489 506.8039
767.3789 506.9678
791.0931 506.7086
813.6306 506.7722
834.0635 506.5869
862.1497 505.8665
883.5928 505.0876
908.168 504.2964
943.4463 503.3148
963.5852 502.6544
993.1238 501.4141
1015.589 500.4724
1043.259 499.4747
1068.879 497.9361
1102.625 496.084
1131.711 494.152
1152.909 492.7507
1179.359 490.6647
1202.169 488.4616
1223.39 485.1556
1251.344 479.9197
1269.847 476.2995
1293.825 471.8755
1322.29 467.0506
1343.898 462.1533
1369.816 456.5993
1402.892 449.8669
1430.648 444.2429
1452.726 439.235
1472.462 432.0685
1493.544 425.9723
1515.809 419.2069
1538.17 411.8246
1560.714 405.8158
1581.942 400.0847
1599.899 394.4005
1618.818 387.9795
1637.225 382.9492
1647.358 386.9886
1650.697 394.1406
1650.52 402.9919
1662.433 412.2964
1682.308 421.0242
1696.577 431.3874
1697.296 433.4154
1700.14 436.5244
1698.244 442.6481
1695.418 447.7673
1695.293 451.7531
1694.182 454.0186
1695.971 457.5171
1700.552 460.3651
1706.946 463.5532
1712.683 467.2145
1714.772 470.9487
1717.04 474.5432
1715.498 477.4546
1715.512 479.1258
1715.252 480.1781
1711.205 478.4277
1710.507 478.4897
1710.849 479.0972
1711.171 479.7609
1711.175 479.8581
1710.904 480.1075
1711.023 479.811
1710.732 479.7762
1709.453 480.0247
1707.527 481.6212
1701.208 483.3716
1694.264 484.3008
1691.365 484.3911
1686.889 482.9154
1681.368 481.3289
1680.913 481.0716
1676.99 482.4301
1676.747 484.6342
1667.693 486.7683
1659.201 489.8473
1643.226 492.4228
1631.723 495.4404
1619.085 496.7022
1616.008 498.3243
1606.245 499.3861
1591.424 496.8705
1576.984 496.6376
1555.193 498.9228
1544.869 501.8008
1530.562 501.2865
1528.781 498.6029
1519.955 494.9454
1508.514 489.9781
1494.554 490.0508
1481.177 490.7894
1473.567 491.822
1459.181 492.0952
1454.861 491.7601
1445.595 490.7528
1438.197 488.7906
1433.192 487.946
1428.645 486.6611
1422.968 485.5823
1422.469 484.5939
1422.861 485.5859
1422.415 487.451
1420.691 488.1756
1419.738 488.138
1419.753 488.1754
1419.802 488.4654
1419.513 488.3842
1419.194 487.6718
1419.424 486.9648
1420.085 486.4748
1420.438 486.3183
1420.693 486.6291
1421.052 487.0133
1421.302 487.1943
1421.396 487.2321
1421.243 487.2801
1420.133 487.375
1419.528 487.6388
1419.327 488.281
1419.193 488.7657
1419.012 488.8447
1418.468 488.8149
1418.273 488.5876
1418.319 488.3851
1418.728 488.1167
1418.9 488.0404
1419.029 488.1058
1419.334 488.1417
1419.429 487.917
1419.473 487.8112
1419.542 487.5628
1419.589 487.4614
1420.017 487.493
1423.218 487.8079
1428.372 487.9907
1437.506 487.9319
1447.314 487.994
1453.547 488.1057
1462.855 488.0648
1468.106 488.0898
1477.971 488.0356
1484.236 487.9988
1493.767 488.0149
1499.555 487.8042
1509.424 487.6089
1514.529 487.529
1523.895 487.4986
1529.743 487.5474
1545.137 487.5675
1553.883 487.2162
1564.258 487.3023
1570.468 487.1624
1581.105 487.1197
1589.874 487.0951
1600.778 487.0002
1609.9 486.9541
1619.04 486.9248
1627.285 486.8992
1635.326 486.9038
1640.749 486.8991
1649.889 486.8597
1653.862 486.8139
1662.298 486.7637
1667.466 486.7558
1676.697 486.7517
1691.113 486.7228
1701.246 486.728
1708.622 486.7013
1716.319 486.6333
1725.916 486.6604
1731.517 486.6602
1741.905 486.6667
1751.468 486.6301
1761.605 486.6406
1769.587 486.6337
1796.857 486.6382
1805.549 486.6122
1815.032 486.6165
1820.034 486.6055
1829.432 486.663
1835.408 486.6909
1845.658 486.6414
1855.263 486.6703
1865.229 486.6831
1872.495 486.6708
1882.2 486.6572
1889.647 486.6155
1899.734 486.632
1903.761 486.6423
1914.109 486.6586
1919.091 486.6587
1939.007 486.6588
1947.755 486.6903
1957.842 486.6654
1963.388 486.6758
1973.253 486.7137
1982.076 486.7318
1992.682 486.7454
1998.3 486.7421
2008.576 486.749
2015.228 486.7419
2024.809 486.7396
2030.918 486.7877
2040.846 486.7839
2049.774 486.7827
2062.136 486.8198
2071.375 486.8895
2080.137 486.8899
2088.957 486.9357
2098.998 486.9952
2104.578 487.0114
2114.351 487.0575
2122.558 487.059
2130.918 487.0814
2136.774 487.1076
2146.604 487.1692
2155.134 487.1819
2164.998 487.1679
2170.929 487.2489
2181.438 487.2388
2187.765 487.2885
2197.134 487.2935
2201.529 487.2599
2213.35 487.2728
2224.868 487.2828
2233.146 487.3449
2241.039 487.3093
2245.621 487.3022
2254.906 487.3599
2260.259 487.3848
2269.504 487.3999
2276.306 487.3848
2285.132 487.3691
2290.432 487.4301
2299.877 487.4172
2306.563 487.4262
2316.07 487.4297
2326.593 487.4278
2334.501 487.424
2343.179 487.4574
2349.355 487.4748
2359.332 487.5124
2367.055 487.4989
2396.677 487.5036
2405.152 487.4861
2414.942 487.5653
2423.805 487.5718
2437.53 487.5217
2445.327 487.4542
2456.119 487.4897
2460.695 487.4912
2471.026 487.4091
2478.549 487.4546
2489.725 487.4962
2500.087 487.4639
2509.068 487.5133
2521.445 487.4637
2528.995 487.4587
2540.223 487.4583
2544.471 487.4579
2565.702 487.4525
2578.972 487.4062
2588.511 487.4405
2599.26 487.4373
2607.323 487.4591
2618.106 487.4273
2632.218 487.4662
2652.006 487.4352
2665.228 487.4373
2675.782 487.4503
2684.435 487.4767
2712.743 487.4853
2723.188 487.4767
2737.749 487.4633
2747.024 487.4705
2756.355 487.4664
2760.06 487.4708
2770.705 487.4733
2777.424 487.4758
2787.718 487.468
2795.73 487.4063
2806.14 487.4689
2814.205 487.4507
2825.306 487.4578
2835.431 487.4617
2843.764 487.4096
2853.718 487.4413
2868.025 487.4603
2875.133 487.4649
2884.53 487.4357
2888.45 487.4349
2898.864 487.4783
2906.534 487.4547
2914.609 487.4901
2919.777 487.4745
2929.3 487.4847
2937.484 487.4701
2948.039 487.4483
2951.141 487.4723
2961.572 487.4851
2968.382 487.4936
2977.874 487.4548
2986.987 487.4763
2998.157 487.4795
3008.37 487.4635
3016.728 487.5337
3023.908 487.4992
3032.782 487.5262
3037.894 487.5266
3042.479 487.4638
1068.879 497.9361
1102.625 496.084
1131.711 494.152
1152.909 492.7507
1179.359 490.6647
1202.169 488.4616
1223.39 485.1556
1251.344 479.9197
1269.847 476.2995
1293.825 471.8755
1322.29 467.0506
1343.898 462.1533
1369.816 456.5993
1402.892 449.8669
1430.648 444.2429
1452.726 439.235
1472.462 432.0685
1493.544 425.9723
1515.809 419.2069
1538.17 411.8246
1560.714 405.8158
1581.942 400.0847
1599.899 394.4005
1618.818 387.9795
1637.225 382.9492
1647.358 386.9886
1650.697 394.1406
1650.52 402.9919
1662.433 412.2964
1682.308 421.0242
1696.577 431.3874
1697.296 433.4154
1700.14 436.5244
1698.244 442.6481
1695.418 447.7673
1695.293 451.7531
1694.182 454.0186
1695.971 457.5171
1700.552 460.3651
1706.946 463.5532
1712.683 467.2145
1714.772 470.9487
1717.04 474.5432
1715.498 477.4546
1715.512 479.1258
1715.252 480.1781
1711.205 478.4277
1710.507 478.4897
1710.849 479.0972
1711.171 479.7609
1711.175 479.8581
1710.904 480.1075
1711.023 479.811
1710.732 479.7762
1709.453 480.0247
1707.527 481.6212
1701.208 483.3716
1694.264 484.3008
1691.365 484.3911
1686.889 482.9154
1681.368 481.3289
1680.913 481.0716
1676.99 482.4301
1676.747 484.6342
1667.693 486.7683
1659.201 489.8473
1643.226 492.4228
1631.723 495.4404
1619.085 496.7022
1616.008 498.3243
1606.245 499.3861
1591.424 496.8705
1576.984 496.6376
1555.193 498.9228
1544.869 501.8008
1530.562 501.2865
1528.781 498.6029
1519.955 494.9454
1508.514 489.9781
1494.554 490.0508
1481.177 490.7894
1473.567 491.822
1459.181 492.0952
1454.861 491.7601
1445.595 490.7528
1438.197 488.7906
1433.192 487.946
1428.645 486.6611
1422.968 485.5823
1422.469 484.5939
1422.861 485.5859
1422.415 487.451
1420.691 488.1756
1419.738 488.138
1419.753 488.1754
1419.802 488.4654
1419.513 488.3842
1419.194 487.6718
1419.424 486.9648
1420.085 486.4748
1420.438 486.3183
1420.693 486.6291
1421.052 487.0133
1421.302 487.1943
1421.396 487.2321
1421.243 487.2801
1420.133 487.375
1419.528 487.6388
1419.327 488.281
1419.193 488.7657
1419.012 488.8447
1418.468 488.8149
1418.273 488.5876
1418.319 488.3851
1418.728 488.1167
1418.9 488.0404
1419.029 488.1058
1419.334 488.1417
1419.429 487.917
1419.473 487.8112
1419.542 487.5628
1419.589 487.4614
1420.017 487.493
1423.218 487.8079
1428.372 487.9907
1437.506 487.9319
1447.314 487.994
1453.547 488.1057
1462.855 488.0648
1468.106 488.0898
1477.971 488.0356
1484.236 487.9988
1493.767 488.0149
1499.555 487.8042
1509.424 487.6089
1514.529 487.529
1523.895 487.4986
1529.743 487.5474
1545.137 487.5675
1553.883 487.2162
1564.258 487.3023
1570.468 487.1624
1581.105 487.1197
1589.874 487.0951
1600.778 487.0002
1609.9 486.9541
1619.04 486.9248
1627.285 486.8992
1635.326 486.9038
1640.749 486.8991
1649.889 486.8597
1653.862 486.8139
1662.298 486.7637
1667.466 486.7558
1676.697 486.7517
1691.113 486.7228
1701.246 486.728
1708.622 486.7013
1716.319 486.6333
1725.916 486.6604
1731.517 486.6602
1741.905 486.6667
1751.468 486.6301
1761.605 486.6406
1769.587 486.6337
1796.857 486.6382
1805.549 486.6122
1815.032 486.6165
1820.034 486.6055
1829.432 486.663
1835.408 486.6909
1845.658 486.6414
1855.263 486.6703
1865.229 486.6831
1872.495 486.6708
1882.2 486.6572
1889.647 486.6155
1899.734 486.632
1903.761 486.6423
1914.109 486.6586
1919.091 486.6587
1939.007 486.6588
1947.755 486.6903
1957.842 486.6654
1963.388 486.6758
1973.253 486.7137
1982.076 486.7318
1992.682 486.7454
1998.3 486.7421
2008.576 486.749
2015.228 486.7419
2024.809 486.7396
2030.918 486.7877
2040.846 486.7839
2049.774 486.7827
2062.136 486.8198
2071.375 486.8895
2080.137 486.8899
2088.957 486.9357
2098.998 486.9952
2104.578 487.0114
2114.351 487.0575
2122.558 487.059
2130.918 487.0814
2136.774 487.1076
2146.604 487.1692
2155.134 487.1819
2164.998 487.1679
2170.929 487.2489
2181.438 487.2388
2187.765 487.2885
2197.134 487.2935
2201.529 487.2599
2213.35 487.2728
2224.868 487.2828
2233.146 487.3449
2241.039 487.3093
2245.621 487.3022
2254.906 487.3599
2260.259 487.3848
2269.504 487.3999
2276.306 487.3848
2285.132 487.3691
2290.432 487.4301
2299.877 487.4172
2306.563 487.4262
2316.07 487.4297
2326.593 487.4278
2334.501 487.424
2343.179 487.4574
2349.355 487.4748
2359.332 487.5124
2367.055 487.4989
2396.677 487.5036
2405.152 487.4861
2414.942 487.5653
2423.805 487.5718
2437.53 487.5217
2445.327 487.4542
2456.119 487.4897
2460.695 487.4912
2471.026 487.4091
2478.549 487.4546
2489.725 487.4962
2500.087 487.4639
2509.068 487.5133
2521.445 487.4637
2528.995 487.4587
2540.223 487.4583
2544.471 487.4579
2565.702 487.4525
2578.972 487.4062
2588.511 487.4405
2599.26 487.4373
2607.323 487.4591
2618.106 487.4273
2632.218 487.4662
2652.006 487.4352
2665.228 487.4373
2675.782 487.4503
2684.435 487.4767
2712.743 487.4853
2723.188 487.4767
2737.749 487.4633
2747.024 487.4705
2756.355 487.4664
2760.06 487.4708
2770.705 487.4733
2777.424 487.4758
2787.718 487.468
2795.73 487.4063
2806.14 487.4689
2814.205 487.4507
2825.306 487.4578
2835.431 487.4617
2843.764 487.4096
2853.718 487.4413
2868.025 487.4603
2875.133 487.4649
2884.53 487.4357
2888.45 487.4349
2898.864 487.4783
2906.534 487.4547
2914.609 487.4901
2919.777 487.4745
2929.3 487.4847
2937.484 487.4701
2948.039 487.4483
2951.141 487.4723
2961.572 487.4851
2968.382 487.4936
2977.874 487.4548
2986.987 487.4763
2998.157 487.4795
3008.37 487.4635
3016.728 487.5337
3023.908 487.4992
3032.782 487.5262
3037.894 487.5266
3042.479 487.4638
