1920 480
2042.574 553.3775
2030.769 627.2034
2030.956 627.3097
1989.89 871.804
2427.378 863.5152
2427.373 863.5612
2485.894 867.6863
2457.924 875.7838
2457.977 875.855
2458.001 875.9197
2457.838 875.9763
2457.702 876.0282
2431.428 883.8086
2431.347 883.8879
2431.237 883.9528
2441.469 882.3051
2322.702 636.7164
2466.057 877.7569
2411.955 885.2431
2514.417 866.0454
2453.537 880.3647
2453.203 880.5151
2548.474 854.6051
2401.895 888.6044
2401.996 888.7197
2402.104 888.8152
2402.267 888.9242
1903.499 742.726
1952.239 549.0471
1990.556 464.3037
1990.844 464.2047
2037.739 444.9526
2049.466 589.4414
2013.305 643.2748
1946.643 487.7071
1927.378 483.2428
1921.036 478.6349
1917.812 457.6999
1931.463 454.5793
1942.354 444.64
1947.38 467.0394
1914.693 469.1751
1888.766 451.9399
1940.818 419.4514
1945.268 394.6673
1943.619 416.8867
1910.972 529.5663
1915.296 563.7916
1918.557 472.1629
1859.559 628.7727
1799.346 672.7449
1783.661 679.5615
1783.789 679.3574
1808.663 596.869
1839.817 423.5296
1805.98 533.1395
1811.821 589.3647
1830.663 576.355
1886.804 577.9717
1872.2 623.2405
1916.65 627.077
1949.203 627.8582
1944.189 522.0349
1889.992 576.1177
1880.975 438.5345
1901.424 441.1188
1888.892 454.2313
1855.539 583.0974
1832.866 571.8231
1868.275 588.8834
1906.816 503.1505
1918.312 563.9617
1917.193 639.6888
1916.673 659.6129
1879.483 639.2363
1883.017 651.222
1848.911 604.4542
1869.947 579.8765
1884.883 625.5854
1832.533 554.8305
1830.113 496.0084
1785.845 482.7471
1789.525 502.5073
1768.905 488.9459
1775.087 523.832
1838.089 574.3348
1842.953 596.6419
1883.963 639.6301
1856.47 523.3343
1839.853 488.4407
1826.487 508.4775
1800.477 512.5834
1775.679 504.8971
1768.822 546.6716
1815.725 604.1671
1820.695 608.3203
1870.86 635.3347
1862.607 605.0052
1871.491 572.6419
1859.196 569.3092
1848.975 528.5492
1830.312 522.6287
1846.724 613.2733
1937.763 581.3844
1929.05 577.4055
1823.081 576.109
1755.155 577.5568
1779.68 579.7668
1861.216 573.9352
1901.171 559.8408
1886.354 553.8375
1839.954 549.9582
1851.464 550.3792
1843.64 549.6504
1874.883 550.1431
1933.982 550.4433
1926.736 550.5232
1975.481 551.5628
1982.836 552.2678
1954.353 605.0836
1960.102 593.6265
1964.917 576.0201
1968.452 564.7628
1971.044 560.3096
1973.621 558.9603
1974.727 558.8466
1976.192 564.8616
1972.194 567.2512
1981.141 569.7147
1980.258 571.7999
1980.798 621.6942
1979.799 617.7687
1977.974 668.8373
1972.728 676.5202
1958.503 621.4935
1961.265 703.1287
1961.787 701.772
1885.061 728.371
1906.42 734.808
1923.475 741.8135
1926.618 743.4905
1928.68 744.2104
1934.012 744.9176
1940.089 744.559
1949.414 739.2715
1949.659 736.959
1937.155 732.3519
1957.805 724.5801
1965.145 722.5641
1975.331 719.4406
1981.672 717.2216
1986.402 715.1344
1980.861 720.5471
1975.011 727.3655
1948.093 520.3158
1930.724 475.5894
1939.545 442.2173
1992.623 442.2088
1990.063 408.9669
2004.971 422.8484
2026.217 417.1906
2025.429 407.7778
2020.568 374.8327
1991.67 490.5165
1938.272 538.4279
1899.804 450.7995
1884.662 435.904
1878.414 443.6449
1937.297 478.8226
1941.119 508.1914
1945.77 448.0604
1919.97 428.9762
1919.921 422.6276
1972.927 572.1007
2010.599 592.7572
2010.443 467.4912
1998.836 518.9036
2005.734 582.0536
2014.673 630.2755
2018.929 639.334
2019.75 639.9994
2020.957 641.2202
2020.713 639.8546
2020.472 639.6284
2015.204 555.7963
2010.96 471.7402
2010.389 458.5983
2010.413 457.6129
2010.279 451.2454
2011.651 487.7162
2012.72 519.2949
1942.441 364.0065
1959.495 366.9121
1963.637 317.9108
1933.381 350.6588
1891.67 502.2249
1859.574 571.1793
1823.214 609.8188
1876.091 516.3018
1881.352 523.4278
1852.499 582.6701
1947.694 543.8622
1953.958 531.2929
2030.441 466.4069
2041.209 491.5776
1922.039 555.3797
1847.363 590.7673
1820.649 601.1093
1867.305 567.9319
1892.828 544.5746
1863.364 569.0801
1854.144 597.2014
1854.525 596.0844
1854.864 594.8331
1852.436 606.6313
1894.692 499.6222
1891.925 441.3096
1905.526 462.0321
1937.159 437.5233
1929.464 508.051
1938.31 485.6198
1956.422 440.0732
1962.194 452.3062
1966.391 459.6641
1967.964 469.9987
1927.121 461.2886
1931.419 450.8613
1933.749 444.0872
1934.899 440.9271
1946.195 469.3475
1951.424 481.0941
1962.567 499.6165
1946.506 539.8471
1941.67 573.6664
1945.206 553.6006
1949.215 546.3129
1955.839 534.2005
1962.313 522.0872
1967.254 515.2017
1971.762 512.3278
1969.688 485.3138
1966.665 484.0267
1962.168 482.0076
1915.458 481.7174
1859.245 479.569
1876.267 474.6828
1817.827 470.5964
1862.203 474.4899
1887.214 473.5003
1918.917 472.651
1907.695 471.1274
1906.376 470.0264
1932.411 504.8354
1947.99 521.3494
1956.277 528.5325
1959.379 531.8243
1960.744 534.4545
1961.451 535.3381
1961.606 535.7524
1962.341 535.1034
1962.98 535.0928
1963.212 535.4833
1962.967 535.9703
1962.437 536.797
1962.815 537.0562
1962.635 537.5901
1962.47 537.8571
1958.81 530.5635
1958.797 526.0908
1955.444 533.6857
1959.459 514.8475
1961.492 516.8127
1956.09 614.5037
1942.743 719.4254
1940.166 724.1929
1937.844 728.3094
1942.105 694.9363
1938.399 692.856
1948.99 581.995
1953.183 517.5222
1953.128 505.1502
1955.209 504.482
1956.669 505.1994
1958.637 505.533
1961.036 517.0482
1961.452 525.4182
1961.372 525.3804
1963.222 522.0889
1964.17 519.4216
1955.39 616.5233
1947.503 679.198
1942.179 714.1743
1947.491 681.6335
1951.023 658.0529
1954.24 635.3982
1943.066 711.2117
1946.711 688.7443
1938.803 682.6318
1938.322 691.5449
1893.172 485.087
1930.494 535.8019
1905.202 614.8478
1918.563 910.0523
2300.846 897.8146
2300.847 897.8561
2019.087 909.6219
2092.104 908.3123
2122.321 905.4713
2059.434 907.6346
2007.812 908.9102
2011.605 909.1759
1955.893 910.3113
1985.828 909.6226
1921.856 910.1608
1927.492 910.2834
1901.157 910.1516
1898.681 910.2034
1906.752 910.3212
1872.754 910.2001
1884.757 910.3458
1862.83 910.2277
1890.154 910.4976
1888.574 910.5452
2039.047 886.2615
1896.857 899.6319
1911.594 469.2256
1909.981 700.5327
1831.322 518.0858
1826.63 462.5929
1826.896 462.6194
1821.746 446.5187
1807.381 476.222
1800.096 483.2939
1798.799 471.2844
1792.432 480.701
1790.733 479.0871
1796.552 459.3271
1797.074 456.397
1800.675 447.7052
1795.098 466.0573
1792.825 468.9951
1791.602 432.1129
1785.461 415.7515
1788.164 395.9323
1784.5 410.2969
1758.901 529.6532
1754.787 561.7668
1774.649 473.9224
1738.625 627.3624
1726.251 669.0085
1724.434 675.7711
1724.572 675.5674
1748.879 594.251
1787.535 424.7627
1764.739 532.614
1753.008 587.3165
1757.58 574.2861
1758.037 574.9841
1785.425 620.5859
1865.463 626.5924
1881.573 627.7025
1860.946 522.0433
1836.499 575.4069
1795.465 439.7175
1769.857 442.8534
1759.684 455.5861
1723.995 578.5622
1725.603 568.2173
1721.417 583.7372
1743.718 502.4871
1744.977 497.585
1715.832 606.6838
1703.805 645.0688
1710.948 624.0056
1705.229 641.9407
1713.865 615.228
1723.694 581.4487
1712.776 619.0453
1732.737 548.2405
1746.042 494.8455
1749.02 482.6141
1744.311 501.5173
1747.423 488.7821
1738.549 524.4395
1726.335 571.3438
1720.618 591.9583
1708.866 631.4976
1739.097 521.7222
1747.278 488.3543
1742.395 507.8786
1741.395 511.4967
1743.161 504.2333
1732.809 545.366
1718.169 599.8315
1717.057 603.4894
1709.686 627.8934
1717.863 599.4603
1726.396 568.7552
1727.429 565.7
1737.083 527.0378
1738.047 521.4725
1845.335 613.158
1796.442 579.5861
1770.192 574.8006
1747.891 573.6307
1735.438 576.5802
1728.93 577.5499
1729.076 570.0776
1731.891 556.4629
1733.477 550.8409
1734.465 547.5376
1734.853 547.8182
1735.318 547.2146
1735.553 547.4196
1735.749 547.647
1735.877 547.6893
1735.634 548.9904
1736.635 549.759
1730.648 599.618
1743.186 589.3194
1755.449 572.9427
1763.54 562.3953
1768.049 558.2488
1770.965 557.0535
1771.878 556.9731
1768.294 562.7043
1766.5 564.915
1765.55 567.3651
1764.885 569.3388
1800.849 619.5173
1808.427 615.9233
1791.573 665.5302
1781.554 672.4554
1780.75 618.0724
1755.435 696.8772
1751.905 695.2746
1741.182 721.1875
1738.34 727.0615
1734.699 733.6457
1733.917 735.2321
1733.536 735.9129
1733.314 736.5733
1733.417 736.2145
1750.368 732.298
1775.434 731.7897
1832.957 730.2651
1854.935 723.4412
1858.226 721.6356
1862.395 718.8174
1864.246 716.8835
1866.062 714.8474
1854.469 716.1575
1929.704 652.3121
1853.074 507.3017
1818.145 474.8397
1803.955 374.0757
1789.463 391.3337
1784.466 399.257
1783.404 400.34
1783.535 400.0181
1784.363 400.6818
1797.441 375.5944
1797.914 407.2404
1879.305 434.0591
1842.208 417.2437
1790.571 469.3718
1777.704 467.6776
1761.526 486.4511
1832.481 516.9184
1868.507 443.0939
1851.536 428.1248
1823.444 426.1353
1769.828 567.3344
1777.02 588.6182
1794.811 466.9964
1806.752 516.7168
1822.71 578.9204
1854.926 628.9699
1871.256 639.0409
1874.882 639.9806
1879.148 641.3801
1879.919 639.9939
1880.044 639.8288
1954.622 556.2927
1989.117 472.2083
1995.237 459.2376
1995.209 458.3055
1999.906 451.9577
1948.015 488.0789
1936.232 519.6047
1822.431 365.8999
1879.714 367.7741
1916.444 318.5742
1904.526 351.5719
1884.089 503.1862
1869.146 572.5878
1838.656 611.6617
1866.28 517.1924
1877.426 524.3619
1861.944 584.0547
1889.794 543.6506
1884.97 530.8031
1948.144 465.6996
1918.895 490.2868
1857.018 554.3381
1828.184 590.6953
1815.943 601.7399
1851.714 568.1937
1869.36 544.813
1860.395 569.9445
1833.218 597.1397
1833.644 596.1691
1834.054 595.054
1832.811 606.9164
1804.664 498.5001
1785.362 441.5819
1767.822 461.0425
1768.238 436.8613
1749.855 503.628
1754.969 482.2574
1766.185 438.9035
1801.835 450.6211
1910.351 459.631
1953.339 470.8571
1887.881 461.5584
1832.85 450.0456
1795.695 442.8755
1782.259 439.658
1886.299 468.7651
1921.813 481.0737
1962.873 500.3434
1852.113 537.4653
1836.16 570.3342
1845.381 550.7931
1916.633 545.9943
1950.025 534.5991
1964.832 522.6103
1971.167 515.7068
1974.72 512.774
1964.86 485.5435
1852.208 481.6229
1817.216 478.9261
1847.843 480.4362
1820.161 478.9406
1783.818 473.1353
1776.788 470.1478
1790.304 473.3936
1783.24 471.7915
1778.603 470.2523
1775.524 468.9287
1773.988 467.907
1906.739 504.4887
1948.182 521.6411
1959.911 528.88
1962.029 532.1436
1962.154 534.6958
1962.597 535.5568
1962.482 535.8871
1963.203 535.2446
1963.983 535.2024
1964.055 535.6079
1963.715 536.06
1963.02 536.9141
1963.514 537.1204
1963.282 537.6891
1963.108 537.936
1911.053 529.5411
1866.021 523.7566
1807.368 529.2303
1772.728 509.4891
1763.614 510.9896
1760.181 569.0431
1752.437 660.474
1752.745 666.02
1753.913 670.5997
1769.753 654.0147
1810.556 655.6337
1806.845 584.2291
1802.618 517.7445
1792.087 502.0193
1781.62 499.7818
1778.315 500.147
1776.849 500.349
1769.585 510.512
1778.917 523.7851
1777.427 522.8981
1777.673 518.7413
1778.251 515.3419
1767.398 574.6895
1756.742 627.5319
1749.327 666.3708
1787.76 652.7679
1849.622 644.1631
1833.325 632.1656
1798.586 673.321
1804.272 666.7727
1815.376 664.027
1812.907 668.9983
1828.38 666.931
1939.964 686.8904
1933.068 674.4102
1938.105 655.8484
1930.139 657.2283
1896.261 668.2065
1882.597 670.905
1874.604 675.1519
1868.563 679.8857
1865.765 681.9557
1865.651 681.916
1884.282 625.8747
1891.59 604.2283
1895.545 611.9559
1889.689 643.4652
1881.042 700.6945
1885.911 709.3918
1898.042 681.1516
1908.909 673.4406
1916.281 672.4452
1923.181 661.6318
1923.141 651.3016
1923.75 645.2476
1927.227 642.7817
1924.135 659.1961
1920.781 682.3123
1913.396 705.4
1907.867 705.006
1903.064 705.0031
1901.171 711.183
1884.632 704.6625
1880.336 693.3627
1893.018 663.5483
1896.72 648.7739
1891.523 656.7974
1887.302 662.6385
1890.522 657.4434
1885.776 662.6978
1879.733 670.7954
1882.557 668.0687
1879.139 674.537
1895.084 668.7416
1906.798 663.4503
1906.766 663.4345
1927.492 488.0889
1937.003 442.7946
1936.723 427.7256
1935.674 463.4331
1936.327 465.7972
1934.058 448.083
1934.427 447.4709
1915.73 446.6787
1912.326 446.6751
1918.517 446.6374
1917.264 446.4425
1904.503 445.6636
1912.834 446.1689
1920.448 446.0391
1928.015 446.4487
1925.208 446.6683
1929.984 446.8087
1934.819 446.3644
1931.605 446.2124
1933.675 445.8192
1936.539 445.3551
1940.976 465.0542
1948.992 491.8697
1961.821 526.1082
1963.371 528.3381
1958.715 562.6609
1961.688 550.2682
1963.558 544.5928
1963.869 543.5065
1963.963 542.589
1963.974 542.5841
1963.461 541.8178
1956.903 594.272
1959.003 573.1058
1960.242 558.6552
1956.766 575.478
1958.247 562.3445
1959.818 546.614
1955.37 570.677
1949.81 602.8621
1952.349 588.3425
1955.257 564.9459
1957.046 549.4874
1957.942 543.0745
1958.489 540.9511
1960.434 536.5579
1961.808 535.1793
1962.736 535.1177
1963.057 535.5412
1964.399 534.584
1965.172 534.4503
1965.931 534.3397
1965.865 534.5555
1965.611 534.6927
1965.46 534.9503
1965.222 534.9767
1965.197 535.1328
1965.224 535.2291
1965.24 535.2405
1965.223 535.2255
1973.237 535.4407
1972.073 535.3489
1971.774 535.2997
1971.448 535.2082
1971.004 519.2255
1971.141 520.1622
1985.029 523.1564
1989.54 545.1108
1958.646 587.7101
1936.95 598.0959
1952.667 579.2173
1957.91 570.5305
1956.225 577.6237
1952.167 581.9763
1942.792 584.5951
1948.879 565.465
1942.316 562.8671
1952.84 548.0031
1959.673 537.751
1988.946 536.1013
1981.642 533.9473
1975.509 536.0806
1975.299 535.5609
1975.274 535.4776
1974.985 534.254
1975.267 533.5248
1954.45 539.6655
1820.378 567.1943
1795.352 627.2644
1712.101 625.3238
1652.541 611.0322
1646.738 608.8749
1645.19 607.6752
1644.696 607.372
1644.135 606.7501
1642.822 606.8102
1640.196 607.4082
1639.178 607.6738
1638.435 607.8275
1638.732 607.5756
1650.218 605.8534
1707.293 599.5336
1744.448 593.6949
1759.196 588.7689
1764.782 586.6497
1766.687 586.1887
1767.371 585.7164
1767.45 585.4772
1767.699 584.9949
1760.223 587.4259
1743.554 590.4354
1821.633 593.2446
1912.406 592.2902
1946.299 600.1802
1956.971 607.4937
1982.633 604.0126
1982.55 603.9691
1987.363 600.6908
1988.472 599.2079
1988.377 595.3022
1987.808 593.1141
1987.375 591.8568
1987.1 591.1032
1986.49 592.8099
1986.55 592.0497
1986.627 593.2181
1985.692 594.8182
1985.321 597.9699
1984.113 601.3983
1984.152 602.6876
1984.063 605.0253
1983.556 605.9896
1983.178 606.842
1983.261 606.2557
1983.107 606.0032
1982.987 605.816
1983.146 605.6674
1983.016 605.5398
1982.988 605.5211
1982.795 605.606
1982.62 605.6132
1971.211 606.2681
1957.376 607.0936
1956.909 607.444
1957.496 628.293
1948.637 645.2921
1937.642 645.0654
1927.594 644.3984
1924.646 643.8773
1923.197 643.4188
1921.966 642.8825
1917.428 633.1596
1919.753 635.1416
1921.25 635.8535
1922.254 637.9386
1922.406 640.2866
1922.482 640.9225
1922.211 641.2619
1931.41 582.4708
1901.781 565.4238
1819.55 601.3484
1734.729 607.6687
1672.175 625.6526
1711.641 647.4647
1740.654 656.7054
1745.621 624.2415
1737.897 601.2756
1733.128 588.6827
1733.056 588.7253
1730.128 584.9363
1728.703 583.7179
1728.241 580.7277
1728.065 580.0533
1705.752 578.8237
1674.687 576.639
1682.583 578.7897
1674.744 578.4057
1763.801 587.2334
1768.669 587.6678
1767.155 587.0892
1791.571 589.0436
1787.806 588.5826
1796.168 589.1879
1781.703 588.05
1753.595 585.9322
1743.644 585.2658
1743.626 585.3079
1735.976 584.8237
1730.769 584.5046
1727.202 584.2531
1727.107 584.3043
1722.798 584.0154
1720.489 583.921
1718.758 583.8879
1718.071 583.6431
1717.403 583.0742
1716.471 582.8279
1701.71 581.3272
1677.295 578.9636
1675.48 578.8138
1670.121 578.3338
1672.722 578.5823
1675.072 578.7479
1684.421 579.7191
1693.198 580.6299
1702.402 581.4268
1704.217 581.5252
1696.838 587.1229
1712.665 588.2874
1706.559 586.3866
1670.585 586.8534
1582.141 593.4868
1571.117 595.7845
1581.438 591.2881
1566.066 587.0674
1567.882 578.9352
1584.477 597.8599
1614.816 621.5322
1830.471 513.6543
1712.925 562.2607
1640.04 554.4845
1583.208 548.0068
1588.059 603.12
1588.137 623.7708
1546.554 610.2834
1542.645 563.2656
1573.802 588.8309
1602.879 617.6956
1618.82 626.4995
1625.712 634.4871
1623.753 637.1773
1622.98 638.2023
1540.771 685.5239
1569.97 653.7578
1568.223 558.7036
1515.273 472.3545
1494.578 458.1986
1607.112 478.2869
1721.581 503.66
1681.616 566.0173
1675.039 552.9872
1650.05 547.7563
1641.89 547.072
1636.519 546.975
1634.188 574.5808
1590.382 516.9579
1616.629 529.3573
1654.803 503.1204
1799.301 392.022
1875.64 425.8022
1902.5 439.4857
1904.528 445.8112
1888.246 400.0044
1902.373 415.1956
1904.846 425.9487
1906.535 453.3371
1891.489 456.493
1854.082 659.5526
1871.437 651.0704
1880.326 645.571
1885.801 642.3596
1886.159 641.4675
1879.216 645.323
1811.172 555.884
1784.296 507.5397
1784.172 507.493
1778.629 502.7945
1777.451 500.623
1777.337 499.2447
1776.949 499.0952
1756.196 642.7059
1752.792 668.0429
1804.596 646.2458
1832.206 644.0357
1872.147 642.3369
1881.606 640.8167
1884.644 640.0901
1886.424 639.4741
1885.628 639.722
1876.4 652.2217
1847.308 661.8633
1782.13 672.3801
1766.839 674.582
1761.411 675.3478
1759.18 675.4971
1775.579 672.8515
1809.91 663.1696
1850.708 651.5858
1872.818 645.3982
1884.298 641.9823
1885.419 641.4758
1886.501 641.1398
1887.795 640.4086
1887.9 640.2832
1887.753 640.0867
1887.642 639.8161
1887.139 639.6754
1886.695 639.8149
1886.642 639.794
1885.542 487.7932
1841.321 442.4445
1825.83 426.5797
1782.504 459.7813
1776.762 462.0933
1779.407 445.9276
1779.166 445.2482
1779.365 444.7619
1779.775 444.7946
1780.187 444.6315
1781.26 444.4855
1781.446 443.9984
1781.752 444.3037
1782.013 444.0386
1781.563 444.2617
1781.355 444.5177
1780.92 444.5415
1780.797 444.021
1780.472 443.9298
1780.718 443.5178
1780.78 443.0208
1827.243 462.8597
1889.3 490.4787
1960.261 526.0797
1963.621 528.3549
1945.149 542.5632
1956.148 539.0249
1962.452 537.1712
1963.558 536.9894
1963.97 537.1511
1963.993 537.1472
1963.095 537.442
1939.7 556.5146
1944.422 546.4971
1946.985 544.5388
1923.949 552.6657
1928.773 550.0873
1941.353 547.0734
1928.798 550.3534
1903.668 556.8411
1912.36 554.3999
1925.63 551.4947
1939.487 547.3923
1948.901 544.1984
1954.336 542.368
1961.338 538.3186
1963.943 536.5783
1964.929 536.0046
1964.804 536.0493
1966.153 535.0515
1966.801 534.8138
1967.24 534.6141
1966.862 534.7501
1966.318 534.8329
1966.024 535.0303
1965.655 535.0461
1965.575 535.1752
1965.527 535.2413
1965.485 535.2458
1965.406 535.2284
1965.409 535.2852
1965.653 535.2256
1965.838 535.1979
1965.963 535.133
1930.359 518.2963
1939.403 519.4467
1953.143 522.5381
1964.254 526.8949
1967.039 528.5319
1967.729 529.3917
1968.451 530.6918
1969.06 531.4658
1969.81 532.427
1970.093 533.2515
1970.296 533.4827
1970.721 533.0184
1970.702 533.0641
1970.557 532.9367
1970.404 532.9912
1970.612 533.1104
1970.625 532.851
1970.959 532.6695
1971.173 532.5466
1971.158 532.4578
1971.512 532.1608
1972.922 532.0137
1913.182 540.446
1883.189 548.0923
1624.71 562.3516
1558.928 569.6377
1701.531 571.7855
1715.786 570.7542
1719.68 570.5756
1723.404 570.6915
1734.333 571.5254
1739.267 571.8565
1743.902 572.5615
1745.483 572.8842
1746.832 573.2629
1746.991 573.7001
1747.443 575.7075
1747.295 577.7787
1747.084 580.0084
1747.164 580.7587
1747.227 581.5377
1747.063 582.3412
1747.199 582.7327
1747.537 583.0085
1748.025 583.113
1747.914 583.1566
1766.062 584.9798
1850.475 588.3525
1917.571 587.1329
1852.274 560.5269
1842.386 545.066
1811.593 557.028
1811.536 556.9935
1795.285 568.8661
1789.998 573.5143
1780.466 579.9859
1777.995 580.8246
1776.767 581.348
1776.517 581.6437
1790.869 586.9368
1789.378 585.2101
1821.813 590.6218
1884.17 598.3734
1913.45 602.3171
1923.504 604.6851
1925.591 605.2368
1928.157 605.9572
1928.277 606.2816
1929.615 606.5294
1931.324 605.8807
1932.134 605.6243
1932.737 605.4413
1932.577 605.2379
1932.416 605.0631
1932.294 605.0019
1931.944 605.0367
1931.568 605.0109
1931.229 605.6186
1930.806 606.4954
1930.798 606.8228
1907.51 613.3083
1872.296 620.3368
1861.437 622.6635
1879.782 619.7735
1885.931 618.0402
1897.14 617.5456
1910.796 617.0561
1909.133 610.71
1919.728 610.8715
1926.141 610.0973
1932.982 609.1197
1932.351 609.1131
1932.179 609.0001
1932.868 608.9889
1921.747 554.6085
1781.153 541.9103
1659.809 522.0472
1607.474 537.5856
1505.64 555.3061
1457.029 562.2227
1453.552 563.1615
1562.985 569.223
1604.466 570.9465
1635.063 573.1582
1634.998 573.2139
1647.603 574.6129
1650.983 575.2151
1653.289 574.5664
1653.553 574.3311
1653.511 574.3444
1652.858 574.4324
1652.603 575.2627
1652.806 575.5989
1652.482 577.6739
1652.279 577.9662
1652.391 577.261
1652.17 577.9013
1652.288 577.5869
1652.754 577.7939
1652.862 577.5474
1652.959 577.4655
1653.208 577.5366
1653.197 577.5705
1653.509 577.6724
1653.62 577.7691
1653.721 577.7948
1653.652 577.8426
1653.831 577.905
1653.806 577.9836
1653.568 578.0599
1653.334 577.8872
1653.116 577.3638
1653.002 577.1954
1652.91 576.9203
1652.695 576.7039
1652.666 576.7039
1652.737 576.7249
1652.804 576.7142
1652.952 576.6581
1653.341 576.7717
1653.695 576.917
1654.421 576.952
1654.643 576.9068
1655.484 577.2752
1655.757 578.0138
1655.643 577.6698
1655.133 577.3771
1654.637 575.7377
1654.78 576.0533
1654.537 574.7986
1544.651 559.6035
1417.057 505.3351
1401.302 468.5298
1396.382 446.4789
1393.643 429.9763
1393.156 428.952
1393.328 429.0104
1394.091 429.022
1394.84 429.1463
1396.217 429.4132
1396.613 429.5775
1398.568 430.5374
1399.737 431.0439
1400.796 431.3081
1401.565 431.3761
1402.449 431.3093
1402.686 431.5479
1402.963 431.7627
1403.376 431.7518
1404.058 431.571
1404.624 431.1914
1405.343 430.5299
1406.034 429.6279
1406.703 428.7799
1407.636 427.516
1487.916 453.2866
1575.767 513.4167
1596.276 538.5806
1597.325 542.076
1598.464 543.5387
1570.147 535.1516
1555.202 457.3119
1662.421 434.4386
1683.354 431.5684
1776.196 389.3694
1791.177 434.6896
1779.938 366.2575
1779.528 360.7284
1778.798 356.3522
1779.138 355.516
1779.573 355.3496
1780.77 355.8501
1781.578 356.1378
1781.52 356.6339
1844.948 389.4437
1807.412 365.1167
1792.436 359.2723
1786.574 358.0373
1785.986 357.9022
1795.735 362.1579
1830.101 554.9089
1870.1 518.494
1883.922 528.0043
1901.578 543.3862
1892.749 547.8387
1877.473 581.8349
1874.568 586.6194
1879.476 575.1861
1902.009 580.8021
1899.896 558.1539
1899.369 538.2476
1900.287 520.633
1941.915 539.5215
1924.123 515.8992
1930.662 553.6395
1944.057 568.7542
1938.693 587.1452
1928.016 575.4139
1915.288 554.5875
1905.647 558.5804
1897.576 565.2952
1883.166 581.8309
1879.086 586.9552
1891.375 588.7286
1886.869 589.7979
1929.638 591.4913
1933.25 591.4899
1926.619 591.3066
1942.766 591.5757
1931.32 591.6929
1867.073 350.111
1919.05 322.787
1867.777 373.2961
1898.605 360.5264
1898.503 360.6875
1955.451 347.7487
1969.434 346.1549
1985.183 345.0492
1991.749 344.2764
1996.142 343.6283
1996.896 343.6987
1999.778 344.7204
2001.997 344.4941
2003.646 344.7302
2003.793 344.7222
2005.866 344.5293
2005.976 344.4832
2007.284 344.4115
2007.849 344.5342
2008.61 344.1234
2009.025 343.7705
2009.745 343.8698
2009.953 343.7961
2010.191 343.6585
2010.433 343.4888
2010.784 343.3864
2010.769 346.5239
2024.474 323.1706
2052.167 367.4088
1971.656 509.447
1892.808 536.6415
1882.364 525.982
1801.602 568.9966
1797.153 565.8193
1792.443 564.2798
1794.551 561.8182
1790.966 564.0135
1790.118 564.6476
1789.167 564.3955
1794.589 564.2871
1795.424 564.0542
1796.601 563.8473
1797.569 563.8284
1797.942 563.7227
1798.248 563.6416
1798.515 563.6591
1798.714 563.2266
1798.873 562.9935
1799.054 562.7148
1797.718 562.9894
1795.896 563.2887
1792.463 563.688
1786.594 564.6627
1779.616 564.838
1772.139 566.0518
1764.699 566.4299
1755.905 566.9771
1750.755 566.938
1744.027 567.3731
1736.728 567.7556
1729.473 568.037
1715.377 568.1769
1707.212 568.1656
1702.341 568.2244
1695.206 568.2313
1687.905 568.2751
1680.61 568.2002
1673.287 568.1632
1666.151 568.1277
1659.014 568.1331
1651.455 568.0929
1644.912 567.8748
1637.541 567.5384
1628.593 567.5147
1621.867 566.592
1615.038 565.6503
1608.279 564.5101
1601.652 563.9227
1594.501 563.7776
1587.265 564.0355
1582.227 563.6798
1574.537 564.0139
1567.44 564.1234
1560.29 564.3132
1553.126 564.4118
1546.357 564.6359
1538.832 566.4373
1729.687 433.6268
1685.755 459.9111
1654.219 377.9053
1591.548 462.5368
1584.525 462.5879
1577.072 462.6382
1567.794 462.6855
1562.956 462.7148
1556.199 462.7357
1549.173 462.7526
1511.758 465.3558
1465.832 471.2977
1463.934 464.5033
1424.533 459.2482
1411.009 460.1543
1398.866 464.0119
1385.031 459.6237
1362.705 507.8915
1356.382 500.8938
1355.932 486.802
1343.401 509.8542
1333.059 542.6188
1327.649 563.6473
1325.081 571.3471
1331.437 546.29
1339.602 522.7621
1340.742 516.1848
1341.393 512.9869
1340.294 520.6362
1340.613 521.1846
1341.223 518.7251
1341.328 518.721
1344.67 503.6469
1344.664 503.942
1347.17 496.8432
1340.414 512.0923
1320.389 522.2748
1300.502 527.3854
1285.686 522.1891
1277.225 517.9049
1273.297 515.949
1273.052 509.4412
1273.768 503.7242
1273.736 501.0178
1273.561 501.402
1273.502 501.4358
1273.142 502.4134
1273.005 502.5063
1273.486 502.6002
1274.561 502.8849
1276.38 502.9549
1278.922 502.9651
1283.025 502.8528
1287.752 502.7586
1292.553 502.7202
1298.281 502.6536
1303.165 502.709
1310.33 502.5845
1317.037 502.394
1323.711 502.2673
1329.816 502.243
1338.238 502.0309
1344.305 501.1027
1351.687 500.3416
1359.692 498.5928
1366.834 496.9407
1374.903 495.5915
1384.77 494.6861
1391.488 493.8395
1398.934 493.524
1407.381 493.079
1415.014 492.6635
1422.244 492.5307
1429.937 492.4381
1437.046 492.3574
1444.617 492.4046
1453.95 491.7878
1460.719 491.946
1466.061 493.367
1473.856 493.2975
1480.779 493.2146
1487.553 493.1162
1495.007 493.0338
1501.759 492.9735
1509.173 492.9387
1516.921 492.9221
1523.708 492.9219
1531.785 492.9217
1538.829 492.9245
1545.759 492.9219
1552.786 492.9052
1560.292 492.8748
1567.245 492.8466
1574.881 492.8097
1582.208 492.7579
1589.134 492.6943
1596.04 492.6137
1602.18 492.5337
1609.165 492.4397
1617.97 492.3276
1625.494 492.2131
1630.838 492.0889
1638.365 491.9521
1721.636 517.0376
1772.982 527.8048
1791.37 532.7102
1808.355 537.7202
1821.908 542.6244
1831.847 546.6455
1840.808 548.7054
1848.909 549.8917
1856.554 550.4926
1863.574 551.2689
1870.837 551.1573
1875.631 553.6694
1880.321 551.3008
1886.028 550.1135
1892.899 549.4095
1900.507 544.2825
1908.037 539.1505
1915.41 535.509
1922.74 533.5542
1930.252 532.8676
1936.728 536.9226
1940.582 551.7092
1986.241 537.2584
2029.369 513.2346
2017.188 519.3542
2007.118 544.9624
2065.438 512.2856
2121.921 456.5586
2134.416 447.5807
2140.066 444.8682
2127.967 457.32
2137.395 445.4419
2124.765 455.651
2135.666 447.5775
2135.438 448.3125
2139.809 445.7272
2137.041 447.7183
2139.685 446.4837
2136.996 448.0912
2135.838 448.8166
2133.039 451.2518
2127.514 454.8016
2123.561 457.3545
2124.37 457.37
2124.95 457.2518
2125.13 457.3856
2125.483 457.4279
2125.925 457.5511
2126.198 457.5697
2126.509 457.9313
2015.583 573.383
2024.095 532.7092
1980.262 536.4338
1957.393 588.518
1978.458 554.7574
1987.617 541.1694
1990.094 545.6235
1924.81 591.723
1911.765 604.8582
1902.076 608.654
1925.253 611.9681
1951.053 603.6083
1963.769 587.6833
1969.287 548.2468
1980.886 536.7929
1990.929 522.1319
1996.818 538.1299
1998.111 533.4068
1997.503 537.4881
1997.106 540.7202
1997.092 542.1942
1997.143 542.4863
1996.88 544.6462
1996.92 545.0559
1781.803 356.9253
1782.223 357.0448
1783.068 357.3617
1783.94 357.5233
1796.385 458.5749
1843.507 581.0545
1828.898 537.3651
1854.542 574.5226
1861.089 583.8033
1864.635 587.2664
1867.27 588.5646
1868.618 588.759
1869.979 588.6531
1870.318 588.5305
1870.779 588.3747
1871.231 588.2258
1871.694 588.17
1872.137 588.3816
1872.564 588.5013
1872.853 588.6416
1873.106 588.8216
1873.326 589.244
1873.707 589.6605
1873.984 590.0703
1874.183 590.3166
1874.337 590.5184
1874.431 590.7832
1874.513 590.9515
1874.526 590.9743
1874.532 590.9153
1874.535 590.715
1874.619 590.596
1874.606 590.5339
1874.6 590.4258
1874.393 590.4337
1818.485 348.7339
1829.8 323.3024
1822.162 376.2151
1881.51 361.0965
1881.389 361.1263
1959.483 347.4451
1973.901 345.8608
1988.097 344.8403
1994.021 343.9648
1997.939 343.4905
1997.95 343.5876
2000.124 344.6725
2002.372 344.4557
2003.986 344.7174
2004.153 344.7407
2006.136 344.5651
2006.256 344.5298
2007.507 344.4536
2008.056 344.5776
2008.774 344.1517
2009.181 343.7847
2009.899 343.8991
2010.091 343.8253
2010.301 343.6898
2010.537 343.5078
2010.881 343.4229
2010.839 346.4644
2015.07 322.6561
2000.911 295.5132
1920.626 482.881
1884.648 246.1499
1872.371 386.4256
1801.64 562.7061
1797.709 562.8287
1849.096 295.1768
1854.643 270.951
1810.685 498.9305
1811.341 495.7303
1834.075 346.5871
1855.263 267.7489
1845.71 306.6452
1809.163 521.249
1847.293 302.5026
1823.638 432.9526
1827.65 409.0449
1808.136 533.6833
1804.336 555.4249
1803.143 560.6874
1802.742 561.5093
1802.075 563.0953
1800.01 564.0691
1797.562 565.2278
1793.527 567.0397
1787.808 566.4321
1780.174 567.7839
1772.799 568.0909
1765.159 568.345
1756.514 567.6194
1751.142 568.0752
1744.276 568.3422
1736.9 568.4952
1729.59 568.5974
1715.494 568.5475
1707.293 568.5308
1702.412 568.5184
1695.18 568.5281
1687.927 568.4118
1680.588 568.3449
1673.228 568.2865
1666.066 568.2616
1658.959 568.2021
1651.536 567.9617
1645.034 567.61
1637.55 567.6039
1628.876 566.6527
1622.135 565.7073
1615.428 564.5596
1608.495 563.9662
1601.878 563.8334
1594.488 564.0843
1589.419 563.7053
1582.068 564.0369
1574.518 564.1331
1567.502 564.3146
1560.363 564.3971
1553.088 564.61
1545.993 566.4056
1737.257 433.5786
1716.956 274.6709
1684.398 238.8953
1638.43 263.1984
1631.501 263.2425
1624.494 263.2944
1617.047 263.3451
1607.781 263.3931
1602.943 263.4225
1555.309 301.7328
1471.984 446.5936
1453.712 468.9852
1436.814 459.8675
1423.165 454.9985
1415.129 461.1927
1403.818 467.1141
1391.579 458.5475
1367.008 516.7776
1360.488 504.7466
1358.279 484.6395
1344.134 512.0128
1333.189 545.1735
1327.696 564.8635
1325.123 571.6454
1331.579 545.3456
1339.238 523.3718
1340.404 516.8621
1341.103 513.4379
1340.117 520.5529
1340.435 521.0546
1341.032 518.8742
1341.144 518.8756
1344.493 503.9291
1344.535 504.0997
1347.106 496.9798
1340.477 512.25
1302.446 521.5091
1264.761 525.4343
1242.297 519.8352
1236.381 515.7934
1231.4 513.8313
1222.566 507.0869
1231.552 501.9989
1237.704 499.6354
1231.535 499.7299
1230.052 499.6972
1225.642 500.4575
1225.429 500.5353
1227.738 500.7538
1228.149 501.02
1229.542 501.1034
1229.998 501.0683
1233.519 501.0127
1236.477 500.8894
1239.373 500.7671
1244.721 500.7248
1249.58 500.7309
1254.899 500.639
1263.991 500.5227
1270.056 500.3755
1276.33 500.3245
1282.289 500.0975
1290.501 499.1723
1296.038 498.4262
1303.154 496.7162
1310.262 495.1028
1317.078 493.8037
1324.422 492.9097
1334.457 492.114
1340.415 491.7989
1352.294 491.5158
1363.942 491.226
1372.335 491.1318
1379.049 491.0282
1385.376 490.9164
1391.68 490.9532
1398.049 490.3002
1404.487 490.4043
1392.432 491.1901
1399.284 491.1389
1407.081 491.0629
1414.006 490.9731
1420.781 490.869
1428.236 490.7824
1434.989 490.7211
1442.404 490.6859
1450.152 490.6686
1456.939 490.6656
1465.017 490.6614
1472.062 490.6593
1478.992 490.6524
1486.02 490.6317
1493.526 490.5983
1500.48 490.5668
1508.117 490.5275
1515.445 490.474
1522.372 490.4084
1529.278 490.3253
1535.419 490.2422
1542.405 490.1462
1551.212 490.0323
1558.737 489.9157
1564.083 489.7888
1803.484 301.998
1906.462 269.2974
1869.505 319.3257
1824.729 502.3331
1821.207 542.0851
1827.541 549.1238
1834.248 550.5485
1842.119 551.1747
1849.184 551.3953
1856.614 552.0457
1863.594 551.9186
1868.405 554.4808
1873.719 550.0853
1879.691 548.6327
1886.036 548.0334
1894.864 538.8206
1902.225 536.9307
1909.099 536.2566
1916.029 535.5889
1923.479 534.959
1928.383 538.9303
1932.94 555.8796
1977.602 543.0292
2021.937 515.9797
2010.302 523.8964
2002.792 545.1803
2062.741 508.6385
2120.7 455.8415
2134.208 447.39
2140.131 444.8016
2128.039 457.1479
2137.463 445.4445
2124.833 455.4173
2135.745 447.5676
2135.514 448.2845
2139.889 445.7453
2137.112 447.6848
2139.768 446.4655
2137.076 448.0257
2135.899 448.7428
2133.098 451.2103
2127.557 454.7643
2123.579 457.2824
2124.404 457.2585
2124.958 457.1079
2125.135 457.2292
2125.491 457.2604
2125.935 457.4079
2126.23 457.4303
2126.556 457.8063
1930.458 568.9352
1974.548 530.7705
1970.437 535.9443
1954.028 588.2534
1975.703 554.5723
1982.473 540.9124
1925.719 542.5419
1838.07 584.6367
1825.831 597.0794
1821.035 601.0112
1819.585 602.3343
1839.465 594.6296
1869.389 581.1577
1935.63 546.5759
1975.286 536.5233
1992.96 522.0208
1997.701 538.1217
1999.003 533.3929
1997.948 537.4664
1997.381 540.6873
1997.349 542.1716
1997.401 542.4625
1997.082 544.6279
1997.067 545.0342
1997.376 543.0958
