1920 480
1920 480
1989.786 250.6631
1984.439 249.9528
1957.327 247.3307
1930.949 242.8304
1926.572 241.8063
1922.305 240.7334
1918.357 239.4953
1914.56 238.2642
1911.076 237.0423
1907.933 235.6066
1903.116 233.5954
1899.525 232.1092
1896.174 230.3901
1892.39 228.5353
1889.4 226.591
1886.175 224.5576
1838.397 203.1188
1827.635 203.8338
1823.471 204.5042
1818.717 205.4866
1813.626 206.5687
1808.516 207.7853
1803.268 209.2694
1797.993 210.6204
1785.706 214.1016
1784.935 214.3032
1779.191 215.7944
1773.84 217.1157
1767.978 218.348
1757.582 220.4082
1738.659 223.6974
1728.037 225.4209
1720.565 226.675
1710.483 228.0651
1702.849 229.2332
1695.074 230.4533
1687.645 231.6385
1681.571 232.6058
1674.322 233.8514
1658.356 236.9569
1653.608 237.9496
1648.885 238.946
1645.564 239.6841
1640.734 240.6408
1637.299 241.3161
1633.395 242.1224
1630.06 242.8149
1626.984 243.2656
1625.106 243.5851
1623.038 243.9464
1621.188 244.2578
1620.097 244.4154
1618.937 244.5931
1618.135 244.7152
1617.627 244.7546
1617.278 244.8009
1617.34 244.6537
1618.48 244.221
1620.462 243.6288
1622.928 242.953
1625.667 242.1904
1627.135 241.7373
1628.654 241.2876
1630.067 240.8916
1631.517 240.5192
1632.947 240.1777
1634.154 239.9499
1635.399 239.7819
1636.936 239.6751
1637.926 239.5898
1638.905 239.528
1639.734 239.5018
1641.389 239.6747
1643.622 240.1522
1646.403 240.7334
1649.694 241.5677
1652.036 242.1703
1653.877 242.6039
1655.781 243.0099
1657.701 243.3931
1659.648 243.7876
1661.433 244.1546
1662.958 244.5107
1664.478 244.8203
1666.248 245.1602
1667.695 245.4041
1669.135 245.6126
1670.549 245.7886
1672.026 245.9588
1675.124 246.117
1677.024 246.0889
1678.139 245.9792
1679.839 245.7301
1681.923 245.37
1684.248 244.9645
1686.919 244.4919
1689.99 243.924
1692.675 243.3791
1695.559 242.8008
1698.671 242.1828
1701.688 241.6113
1705.287 240.9398
1708.616 240.3319
1711.97 239.7205
1715.457 239.1045
1719.189 238.459
1722.885 237.8691
1726.824 237.2697
1730.9 236.6789
1734.779 236.1361
1738.802 235.6208
1742.956 235.1149
1746.831 234.6584
1750.832 234.1961
1755.009 233.7108
1758.823 233.242
1762.87 232.7324
1767.326 232.1704
1769.837 231.8543
1773.04 231.4434
1776.498 230.9891
1779.612 230.5521
1782.868 230.0903
1786.063 229.6091
1788.911 229.1826
1791.806 228.7741
1794.721 228.369
1797.393 227.981
1800.599 227.5225
1803.31 227.1172
1808.218 226.4176
1810.011 226.1912
1812.181 225.9377
1814.23 225.7227
1816.15 225.55
1817.872 225.402
1819.416 225.2585
1820.611 225.1484
1821.664 225.0635
1822.542 225.0262
1823.312 225.0264
1823.992 225.0356
1824.475 225.0534
1824.773 225.0973
1824.865 225.1844
1824.672 225.2902
1824.383 225.4237
1823.899 225.5731
1823.391 225.724
1822.674 225.9084
1821.946 226.0944
1820.963 226.3058
1819.894 226.5286
1818.686 226.7751
1815.223 227.4783
1813.773 227.7703
1812.321 228.0687
1810.417 228.4694
1808.939 228.7922
1807.493 229.1081
1806.107 229.4036
1804.727 229.6826
1803.433 229.9442
1802.137 230.2023
1800.938 230.446
1799.898 230.6771
1798.634 230.9325
1797.053 231.2448
1795.196 231.4964
1793.795 231.6543
1792.518 231.7368
1791.123 231.8297
1790.648 231.8599
1790.036 231.9006
1789.567 231.9395
1789.162 231.9692
1788.772 232.0015
1788.477 232.0425
1788.197 232.0759
1787.902 232.1021
1787.573 232.1302
1787.211 232.1784
1786.801 232.2511
1785.85 232.4653
1785.488 232.5532
1784.979 232.6574
1784.398 232.7585
1783.759 232.856
1783.068 232.9945
1782.299 233.1457
1781.347 233.3508
1780.257 233.5925
1779.005 233.8846
1777.491 234.2417
1775.698 234.6815
1773.821 235.1676
1771.503 235.7646
1768.715 236.4826
1765.421 237.3813
1761.895 238.3656
1757.805 239.5431
1753.306 240.8854
1748.386 242.391
1743.115 244.0356
1737.41 245.812
1731.342 247.736
1724.94 249.8073
1718.303 252.0055
1711.526 254.3312
1704.585 256.8024
1697.192 259.529
1687.937 262.9743
1679.716 266.0057
1670.932 269.1828
1661.722 272.4805
1651.97 275.9844
1642.564 279.4315
1632.541 283.1472
1611.192 291.0838
1589.173 299.3724
1568.51 307.5259
1548.081 315.8395
1523.712 325.5646
1502.881 333.9865
1491.942 338.4115
1480.854 342.918
1472.979 346.1621
1461.902 350.7168
1450.178 355.5479
1439.334 360.0172
1428.137 364.7674
1417.929 369.3093
1408.966 373.5316
1398.945 378.333
1390.396 382.5205
1382.535 386.3812
1374.478 390.5396
1367.634 394.3776
1362.113 397.86
1356.888 401.6144
1353.095 404.8294
1350.031 407.8747
1347.25 411.1301
1342.712 417.114
1341.547 419.1589
1340.003 424.5687
1339.922 426.2995
1340.033 428.4183
1340.385 430.8219
1340.791 432.6294
1341.364 434.7215
1341.929 436.1837
1342.457 437.4585
1343.234 438.9624
1344.143 440.1584
1345.202 441.2458
1346.509 442.4414
1347.796 443.5083
1349.172 444.5791
1351.004 445.9154
1352.766 447.0869
1354.543 448.1735
1357.019 449.4998
1359.21 450.5972
1361.927 451.8639
1364.309 452.9271
1366.731 453.9559
1369.813 455.1865
1372.286 456.0918
1374.743 456.9977
1377.65 458.1335
1379.585 458.9481
1381.242 459.7036
1382.884 460.5365
1383.975 461.1825
1384.909 461.8499
1385.374 462.3145
1385.591 462.7204
1385.508 463.1935
1385.059 463.6274
1384.27 464.0838
1382.844 464.7178
1381.347 465.2547
1379.417 465.8333
1370.948 467.9478
1362.896 469.7043
1354.185 471.3857
1349.659 472.3156
1346.144 473.015
1342.864 473.6759
1339.441 474.4092
1336.592 475.054
1333.97 475.666
1330.875 476.404
1328.428 476.9948
1326.258 477.5225
1323.843 478.1475
1322.012 478.6621
1920 480
1920 480
1989.786 250.6631
1984.439 249.9528
1957.327 247.3307
1930.949 242.8304
1926.572 241.8063
1922.305 240.7334
1918.357 239.4953
1914.56 238.2642
1911.076 237.0423
1907.933 235.6066
1903.116 233.5954
1899.525 232.1092
1896.174 230.3901
1892.39 228.5353
1889.4 226.591
1886.175 224.5576
1838.397 203.1188
1827.635 203.8338
1823.471 204.5042
1818.717 205.4866
1813.626 206.5687
1808.516 207.7853
1803.268 209.2694
1797.993 210.6204
1785.706 214.1016
1784.935 214.3032
1779.191 215.7944
1773.84 217.1157
1767.978 218.348
1757.582 220.4082
1738.659 223.6974
1728.037 225.4209
1720.565 226.675
1710.483 228.0651
1702.849 229.2332
1695.074 230.4533
1687.645 231.6385
1681.571 232.6058
1674.322 233.8514
1658.356 236.9569
1653.608 237.9496
1648.885 238.946
1645.564 239.6841
1640.734 240.6408
1637.299 241.3161
1633.395 242.1224
1630.06 242.8149
1626.984 243.2656
1625.106 243.5851
1623.038 243.9464
1621.188 244.2578
1620.097 244.4154
1618.937 244.5931
1618.135 244.7152
1617.627 244.7546
1617.278 244.8009
1617.34 244.6537
1618.48 244.221
1620.462 243.6288
1622.928 242.953
1625.667 242.1904
1627.135 241.7373
1628.654 241.2876
1630.067 240.8916
1631.517 240.5192
1632.947 240.1777
1634.154 239.9499
1635.399 239.7819
1636.936 239.6751
1637.926 239.5898
1638.905 239.528
1639.734 239.5018
1641.389 239.6747
1643.622 240.1522
1646.403 240.7334
1649.694 241.5677
1652.036 242.1703
1653.877 242.6039
1655.781 243.0099
1657.701 243.3931
1659.648 243.7876
1661.433 244.1546
1662.958 244.5107
1664.478 244.8203
1666.248 245.1602
1667.695 245.4041
1669.135 245.6126
1670.549 245.7886
1672.026 245.9588
1675.124 246.117
1677.024 246.0889
1678.139 245.9792
1679.839 245.7301
1681.923 245.37
1684.248 244.9645
1686.919 244.4919
1689.99 243.924
1692.675 243.3791
1695.559 242.8008
1698.671 242.1828
1701.688 241.6113
1705.287 240.9398
1708.616 240.3319
1711.97 239.7205
1715.457 239.1045
1719.189 238.459
1722.885 237.8691
1726.824 237.2697
1730.9 236.6789
1734.779 236.1361
1738.802 235.6208
1742.956 235.1149
1746.831 234.6584
1750.832 234.1961
1755.009 233.7108
1758.823 233.242
1762.87 232.7324
1767.326 232.1704
1769.837 231.8543
1773.04 231.4434
1776.498 230.9891
1779.612 230.5521
1782.868 230.0903
1786.063 229.6091
1788.911 229.1826
1791.806 228.7741
1794.721 228.369
1797.393 227.981
1800.599 227.5225
1803.31 227.1172
1808.218 226.4176
1810.011 226.1912
1812.181 225.9377
1814.23 225.7227
1816.15 225.55
1817.872 225.402
1819.416 225.2585
1820.611 225.1484
1821.664 225.0635
1822.542 225.0262
1823.312 225.0264
1823.992 225.0356
1824.475 225.0534
1824.773 225.0973
1824.865 225.1844
1824.672 225.2902
1824.383 225.4237
1823.899 225.5731
1823.391 225.724
1822.674 225.9084
1821.946 226.0944
1820.963 226.3058
1819.894 226.5286
1818.686 226.7751
1815.223 227.4783
1813.773 227.7703
1812.321 228.0687
1810.417 228.4694
1808.939 228.7922
1807.493 229.1081
1806.107 229.4036
1804.727 229.6826
1803.433 229.9442
1802.137 230.2023
1800.938 230.446
1799.898 230.6771
1798.634 230.9325
1797.053 231.2448
1795.196 231.4964
1793.795 231.6543
1792.518 231.7368
1791.123 231.8297
1790.648 231.8599
1790.036 231.9006
1789.567 231.9395
1789.162 231.9692
1788.772 232.0015
1788.477 232.0425
1788.197 232.0759
1787.902 232.1021
1787.573 232.1302
1787.211 232.1784
1786.801 232.2511
1785.85 232.4653
1785.488 232.5532
1784.979 232.6574
1784.398 232.7585
1783.759 232.856
1783.068 232.9945
1782.299 233.1457
1781.347 233.3508
1780.257 233.5925
1779.005 233.8846
1777.491 234.2417
1775.698 234.6815
1773.821 235.1676
1771.503 235.7646
1768.715 236.4826
1765.421 237.3813
1761.895 238.3656
1757.805 239.5431
1753.306 240.8854
1748.386 242.391
1743.115 244.0356
1737.41 245.812
1731.342 247.736
1724.94 249.8073
1718.303 252.0055
1711.526 254.3312
1704.585 256.8024
1697.192 259.529
1687.937 262.9743
1679.716 266.0057
1670.932 269.1828
1661.722 272.4805
1651.97 275.9844
1642.564 279.4315
1632.541 283.1472
1611.192 291.0838
1589.173 299.3724
1568.51 307.5259
1548.081 315.8395
1523.712 325.5646
1502.881 333.9865
1491.942 338.4115
1480.854 342.918
1472.979 346.1621
1461.902 350.7168
1450.178 355.5479
1439.334 360.0172
1428.137 364.7674
1417.929 369.3093
1408.966 373.5316
1398.945 378.333
1390.396 382.5205
1382.535 386.3812
1374.478 390.5396
1367.634 394.3776
1362.113 397.86
1356.888 401.6144
1353.095 404.8294
1350.031 407.8747
1347.25 411.1301
1342.712 417.114
1341.547 419.1589
1340.003 424.5687
1339.922 426.2995
1340.033 428.4183
1340.385 430.8219
1340.791 432.6294
1341.364 434.7215
1341.929 436.1837
1342.457 437.4585
1343.234 438.9624
1344.143 440.1584
1345.202 441.2458
1346.509 442.4414
1347.796 443.5083
1349.172 444.5791
1351.004 445.9154
1352.766 447.0869
1354.543 448.1735
1357.019 449.4998
1359.21 450.5972
1361.927 451.8639
1364.309 452.9271
1366.731 453.9559
1369.813 455.1865
1372.286 456.0918
1374.743 456.9977
1377.65 458.1335
1379.585 458.9481
1381.242 459.7036
1382.884 460.5365
1383.975 461.1825
1384.909 461.8499
1385.374 462.3145
1385.591 462.7204
1385.508 463.1935
1385.059 463.6274
1384.27 464.0838
1382.844 464.7178
1381.347 465.2547
1379.417 465.8333
1370.948 467.9478
1362.896 469.7043
1354.185 471.3857
1349.659 472.3156
1346.144 473.015
1342.864 473.6759
1339.441 474.4092
1336.592 475.054
1333.97 475.666
1330.875 476.404
1328.428 476.9948
1326.258 477.5225
1323.843 478.1475
1322.012 478.6621
1320.47 479.1133
1318.566 479.6906
1317.128 480.0668
1315.721 480.4412
1314.562 480.7248
1313.618 480.9516
1312.59 481.1732
1311.817 481.3355
1311.198 481.4635
1310.174 481.6378
1309.442 481.7387
1308.836 481.7919
1308.082 481.8486
1307.523 481.8671
1306.885 481.8763
1306.538 481.8588
1306.294 481.8165
1306.034 481.7445
1305.84 481.6534
1305.719 481.5783
1305.619 481.4673
1305.564 481.3668
1305.562 481.2549
1305.65 481.1441
1305.732 481.0598
1305.886 480.9582
1306.052 480.9024
1306.249 480.8501
1306.591 480.8008
1306.869 480.7749
1307.23 480.7454
1307.791 480.7027
1308.267 480.6747
1308.94 480.6205
1309.482 480.6059
1309.992 480.6105
1310.718 480.654
1311.285 480.6991
1311.85 480.7632
1312.615 480.8734
1313.182 480.9734
1313.824 481.1167
1314.386 481.2551
1314.862 481.4312
1315.478 481.694
1315.9 481.9184
1316.276 482.1273
1316.653 482.3693
1316.945 482.6027
1317.157 482.8201
1317.368 483.0686
1317.472 483.2602
1317.457 483.4424
1317.404 483.5532
1317.302 483.6309
1317.151 483.6834
1316.947 483.703
1316.701 483.7132
1316.326 483.6962
1316.006 483.6497
1315.675 483.5845
1315.181 483.4636
1314.772 483.34
1314.267 483.1839
1313.847 483.0602
1313.433 482.9356
1312.886 482.8015
1312.402 482.7147
1312.015 482.6751
1311.345 482.6107
1310.865 482.5784
1310.498 482.5441
1309.674 482.4908
1309.082 482.4668
1308.303 482.4648
1307.627 482.4787
1306.911 482.5261
1305.971 482.6011
1305.152 482.6462
1304.356 482.6975
1302.818 482.8605
1301.429 483.0659
1300.109 483.3108
1298.109 483.8047
1296.411 484.2911
1293.922 485.0943
1291.782 485.8068
1289.467 486.6344
1286.257 487.9236
1283.881 489.0031
1281.477 490.1421
1278.324 491.673
1275.705 492.9776
1273.1 494.33
1269.783 496.0764
1267.1 497.5412
1264.31 499.1501
1262.073 500.5302
1260.112 501.8325
1258.183 503.2169
1256.632 504.4376
1255.282 505.5777
1253.705 506.8936
1252.541 507.9257
1251.611 508.8297
1250.762 509.8779
1250.349 510.5938
1250.051 511.1865
1249.819 511.702
1249.626 512.1422
1249.441 512.4956
1249.333 512.7059
1249.325 512.8943
1249.444 513.0412
1249.969 513.1376
1250.113 513.0814
1250.235 513.0584
1250.386 512.9949
1250.539 512.9159
1250.679 512.8058
1250.875 512.6258
1251.043 512.4757
1251.425 512.2615
1251.815 512.1017
1252.24 511.9372
1252.742 511.7775
1253.104 511.701
1253.421 511.7013
1253.73 511.7419
1253.925 511.8367
1254.063 511.9414
1254.229 512.1459
1254.276 512.3386
1254.247 512.6234
1254.196 512.8774
1254.12 513.1247
1254.043 513.4583
1253.969 513.733
1253.884 514.0172
1253.81 514.3133
1253.807 514.5715
1253.853 514.7977
1253.968 515.082
1254.054 515.2744
1254.133 515.4896
1254.214 515.6696
1254.298 515.8396
1254.406 516.0385
1254.549 516.1859
1254.699 516.3174
1254.875 516.444
1255.068 516.524
1255.246 516.5645
1255.437 516.5656
1255.545 516.5233
1255.662 516.4024
1255.74 516.2689
1255.779 516.0906
1255.783 515.8581
1255.775 515.6869
1255.754 515.4789
1255.736 515.2133
1255.741 515.011
1255.75 514.8076
1255.706 514.5797
1255.671 514.4373
1255.645 514.3257
1255.665 514.2087
1255.719 514.1373
1255.827 514.0572
1255.965 514.0071
1256.101 513.972
1256.294 513.9341
1256.49 513.8993
1256.752 513.8712
1257.048 513.8555
1257.337 513.8549
1257.554 513.8402
1257.882 513.8157
1258.149 513.8011
1258.428 513.8086
1258.706 513.8295
1258.964 513.8546
1259.258 513.8873
1259.49 513.9122
1259.712 513.9373
1259.96 513.9891
1260.126 514.0298
1260.249 514.0797
1260.376 514.1771
1260.461 514.2535
1260.559 514.3354
1260.627 514.4086
1260.669 514.4594
1260.763 514.5122
1260.812 514.53
1260.867 514.5233
1260.949 514.4656
1261.021 514.4029
1261.141 514.2746
1261.26 514.1363
1261.42 513.9587
1261.651 513.6674
1261.849 513.3997
1262.101 513.0217
1262.224 512.786
1262.324 512.5644
1262.532 512.1615
1262.657 511.9358
1262.882 511.6507
1263.03 511.4261
1263.17 511.2206
1263.386 510.9584
1263.533 510.7981
1263.693 510.6519
1263.832 510.5513
1263.978 510.4784
1264.252 510.4559
1264.478 510.4604
1264.761 510.4857
1265.196 510.5612
1265.5 510.6453
1265.903 510.7601
1266.244 510.8474
1266.586 510.9254
1267.141 511.0273
1267.569 511.087
1267.992 511.1219
1268.384 511.1311
1268.765 511.1218
1269.285 511.061
1269.66 510.971
1270.058 510.8497
1270.488 510.6945
1270.837 510.4909
1271.157 510.287
1271.482 510.0251
1271.756 509.7433
1271.951 509.4882
1272.209 509.1098
1272.442 508.7346
1272.658 508.3878
1273.319 507.3113
1273.745 506.5606
1273.959 506.1458
1274.196 505.6072
1274.344 505.1999
1274.43 504.8405
1274.528 504.3489
1274.588 503.9307
1274.608 503.605
1274.601 503.2335
1274.57 502.9436
1274.424 502.6409
1274.266 502.4544
1274.115 502.3047
1273.868 502.1573
1273.683 502.1175
1273.518 502.1314
1273.317 502.1788
1273.242 502.2497
1273.131 502.3582
1273.081 502.461
1273.044 502.6048
1272.997 502.8069
1272.969 502.9975
1272.941 503.1979
1272.901 503.4625
1272.877 503.672
1272.889 503.8831
1272.876 504.0995
1272.859 504.3008
1272.832 504.4782
1272.66 504.845
1272.627 504.9881
1272.621 505.0175
1272.577 505.0135
1272.51 504.9766
1272.466 504.9192
1272.401 504.7835
1272.365 504.6533
1272.341 504.4933
1050.088 477.2449
1047.888 478.2321
1047.699 477.2733
1046.92 477.1195
1046.93 478.1755
1047.828 477.0544
1049.936 477.346
1048.076 477.8706
1048.688 476.9178
1049.15 477.3182
1047.864 477.2975
1046.194 477.7725
1047.212 476.8918
1047.5 477.4437
1046.935 477.1276
1047.024 477.6546
1048.606 476.7583
1046.961 476.9251
1320.47 479.1133
1318.566 479.6906
1317.128 480.0668
1315.721 480.4412
1314.562 480.7248
1313.618 480.9516
1312.59 481.1732
1311.817 481.3355
1311.198 481.4635
1310.174 481.6378
1309.442 481.7387
1308.836 481.7919
1308.082 481.8486
1307.523 481.8671
1306.885 481.8763
1306.538 481.8588
1306.294 481.8165
1306.034 481.7445
1305.84 481.6534
1305.719 481.5783
1305.619 481.4673
1305.564 481.3668
1305.562 481.2549
1305.65 481.1441
1305.732 481.0598
1305.886 480.9582
1306.052 480.9024
1306.249 480.8501
1306.591 480.8008
1306.869 480.7749
1307.23 480.7454
1307.791 480.7027
1308.267 480.6747
1308.94 480.6205
1309.482 480.6059
1309.992 480.6105
1310.718 480.654
1311.285 480.6991
1311.85 480.7632
1312.615 480.8734
1313.182 480.9734
1313.824 481.1167
1314.386 481.2551
1314.862 481.4312
1315.478 481.694
1315.9 481.9184
1316.276 482.1273
1316.653 482.3693
1316.945 482.6027
1317.157 482.8201
1317.368 483.0686
1317.472 483.2602
1317.457 483.4424
1317.404 483.5532
1317.302 483.6309
1317.151 483.6834
1316.947 483.703
1316.701 483.7132
1316.326 483.6962
1316.006 483.6497
1315.675 483.5845
1315.181 483.4636
1314.772 483.34
1314.267 483.1839
1313.847 483.0602
1313.433 482.9356
1312.886 482.8015
1312.402 482.7147
1312.015 482.6751
1311.345 482.6107
1310.865 482.5784
1310.498 482.5441
1309.674 482.4908
1309.082 482.4668
1308.303 482.4648
1307.627 482.4787
1306.911 482.5261
1305.971 482.6011
1305.152 482.6462
1304.356 482.6975
1302.818 482.8605
1301.429 483.0659
1300.109 483.3108
1298.109 483.8047
1296.411 484.2911
1293.922 485.0943
1291.782 485.8068
1289.467 486.6344
1286.257 487.9236
1283.881 489.0031
1281.477 490.1421
1278.324 491.673
1275.705 492.9776
1273.1 494.33
1269.783 496.0764
1267.1 497.5412
1264.31 499.1501
1262.073 500.5302
1260.112 501.8325
1258.183 503.2169
1256.632 504.4376
1255.282 505.5777
1253.705 506.8936
1252.541 507.9257
1251.611 508.8297
1250.762 509.8779
1250.349 510.5938
1250.051 511.1865
1249.819 511.702
1249.626 512.1422
1249.441 512.4956
1249.333 512.7059
1249.325 512.8943
1249.444 513.0412
1249.969 513.1376
1250.113 513.0814
1250.235 513.0584
1250.386 512.9949
1250.539 512.9159
1250.679 512.8058
1250.875 512.6258
1251.043 512.4757
1251.425 512.2615
1251.815 512.1017
1252.24 511.9372
1252.742 511.7775
1253.104 511.701
1253.421 511.7013
1253.73 511.7419
1253.925 511.8367
1254.063 511.9414
1254.229 512.1459
1254.276 512.3386
1254.247 512.6234
1254.196 512.8774
1254.12 513.1247
1254.043 513.4583
1253.969 513.733
1253.884 514.0172
1253.81 514.3133
1253.807 514.5715
1253.853 514.7977
1253.968 515.082
1254.054 515.2744
1254.133 515.4896
1254.214 515.6696
1254.298 515.8396
1254.406 516.0385
1254.549 516.1859
1254.699 516.3174
1254.875 516.444
1255.068 516.524
1255.246 516.5645
1255.437 516.5656
1255.545 516.5233
1255.662 516.4024
1255.74 516.2689
1255.779 516.0906
1255.783 515.8581
1255.775 515.6869
1255.754 515.4789
1255.736 515.2133
1255.741 515.011
1255.75 514.8076
1255.706 514.5797
1255.671 514.4373
1255.645 514.3257
1255.665 514.2087
1255.719 514.1373
1255.827 514.0572
1255.965 514.0071
1256.101 513.972
1256.294 513.9341
1256.49 513.8993
1256.752 513.8712
1257.048 513.8555
1257.337 513.8549
1257.554 513.8402
1257.882 513.8157
1258.149 513.8011
1258.428 513.8086
1258.706 513.8295
1258.964 513.8546
1259.258 513.8873
1259.49 513.9122
1259.712 513.9373
1259.96 513.9891
1260.126 514.0298
1260.249 514.0797
1260.376 514.1771
1260.461 514.2535
1260.559 514.3354
1260.627 514.4086
1260.669 514.4594
1260.763 514.5122
1260.812 514.53
1260.867 514.5233
1260.949 514.4656
1261.021 514.4029
1261.141 514.2746
1261.26 514.1363
1261.42 513.9587
1261.651 513.6674
1261.849 513.3997
1262.101 513.0217
1262.224 512.786
1262.324 512.5644
1262.532 512.1615
1262.657 511.9358
1262.882 511.6507
1263.03 511.4261
1263.17 511.2206
1263.386 510.9584
1263.533 510.7981
1263.693 510.6519
1263.832 510.5513
1263.978 510.4784
1264.252 510.4559
1264.478 510.4604
1264.761 510.4857
1265.196 510.5612
1265.5 510.6453
1265.903 510.7601
1266.244 510.8474
1266.586 510.9254
1267.141 511.0273
1267.569 511.087
1267.992 511.1219
1268.384 511.1311
1268.765 511.1218
1269.285 511.061
1269.66 510.971
1270.058 510.8497
1270.488 510.6945
1270.837 510.4909
1271.157 510.287
1271.482 510.0251
1271.756 509.7433
1271.951 509.4882
1272.209 509.1098
1272.442 508.7346
1272.658 508.3878
1273.319 507.3113
1273.745 506.5606
1273.959 506.1458
1274.196 505.6072
1274.344 505.1999
1274.43 504.8405
1274.528 504.3489
1274.588 503.9307
1274.608 503.605
1274.601 503.2335
1274.57 502.9436
1274.424 502.6409
1274.266 502.4544
1274.115 502.3047
1273.868 502.1573
1273.683 502.1175
1273.518 502.1314
1273.317 502.1788
1273.242 502.2497
1273.131 502.3582
1273.081 502.461
1273.044 502.6048
1272.997 502.8069
1272.969 502.9975
1272.941 503.1979
1272.901 503.4625
1272.877 503.672
1272.889 503.8831
1272.876 504.0995
1272.859 504.3008
1272.832 504.4782
1272.66 504.845
1272.627 504.9881
1272.621 505.0175
1272.577 505.0135
1272.51 504.9766
1272.466 504.9192
1272.401 504.7835
1272.365 504.6533
1272.341 504.4933
1050.088 477.2449
1047.888 478.2321
1047.699 477.2733
1046.92 477.1195
1046.93 478.1755
1047.828 477.0544
1049.936 477.346
1048.076 477.8706
1048.688 476.9178
1049.15 477.3182
1047.864 477.2975
1046.194 477.7725
1047.212 476.8918
1047.5 477.4437
1046.935 477.1276
1047.024 477.6546
1048.606 476.7583
1046.961 476.9251
