1920 480
1920 480
2892.645 507.4495
2892.64 507.4773
2892.606 507.469
2892.629 507.4858
2892.57 507.504
2892.609 507.5161
2892.658 507.5507
2892.699 507.5938
2892.712 507.6319
2892.748 507.6644
2892.772 507.6983
2892.726 507.7202
2892.662 507.7349
2892.646 507.7033
2892.638 507.7246
2892.635 507.7218
2892.63 507.7505
2892.642 507.7115
2892.614 507.7146
2892.546 507.7131
2892.565 507.6728
2892.597 507.662
2892.632 507.681
2892.736 507.6651
2892.805 507.7338
2892.787 507.78
2892.853 507.805
2892.837 507.8144
2892.753 507.8179
2892.746 507.8188
2892.68 507.7661
2892.665 507.7252
2892.642 507.6992
2892.617 507.6716
2892.67 507.6695
2892.681 507.653
2892.583 507.6327
2892.549 507.6064
2892.514 507.597
2892.447 507.5851
2892.445 507.5508
2892.44 507.5503
2892.493 507.5369
2892.483 507.5587
2892.491 507.5875
2892.466 507.5872
2892.423 507.6096
2892.411 507.6131
2892.437 507.5973
2892.429 507.6065
2892.429 507.6215
2892.434 507.642
2892.454 507.6575
2892.478 507.6683
2892.497 507.6781
2892.512 507.691
2892.547 507.7013
2892.583 507.7179
2892.598 507.7281
2892.594 507.7352
2892.594 507.746
2892.599 507.7539
2892.612 507.7635
2892.633 507.7645
2892.648 507.7603
2892.652 507.7394
2892.662 507.7066
2892.646 507.6721
2892.612 507.6393
2892.586 507.6057
2892.559 507.5755
2892.526 507.5594
2892.489 507.5534
2892.479 507.558
2892.475 507.5673
2892.483 507.5723
2892.473 507.5866
2892.466 507.5892
2892.47 507.603
2892.493 507.6194
2892.51 507.6228
2892.545 507.618
2892.582 507.6196
2892.603 507.6183
2892.607 507.6113
2892.625 507.6093
2892.595 507.6149
2892.576 507.6115
2892.555 507.6124
2892.546 507.6207
2892.552 507.6308
2892.564 507.6385
2892.573 507.641
2892.57 507.6334
2892.569 507.6272
2892.566 507.6166
2892.556 507.6115
2892.556 507.6145
2892.575 507.6257
2892.59 507.6312
2892.59 507.6218
2892.557 507.6185
2892.537 507.6009
2892.521 507.5788
2892.516 507.5646
2892.529 507.5502
2892.532 507.5432
2892.521 507.5502
2892.504 507.5607
2892.491 507.5615
2892.469 507.5603
2892.445 507.5506
2892.42 507.5378
2892.393 507.527
2892.39 507.5109
2892.394 507.4888
2892.419 507.478
2892.434 507.4697
2892.468 507.4692
2892.489 507.4733
2892.519 507.4834
2892.582 507.502
2892.649 507.5201
2892.704 507.5357
2892.701 507.5573
2892.671 507.5905
2892.636 507.6277
2892.631 507.6556
2892.647 507.6723
2892.65 507.6818
2892.657 507.6783
2892.651 507.6787
2892.631 507.6743
2892.613 507.6734
2892.615 507.6678
2892.636 507.6659
2892.664 507.6524
2892.685 507.6432
2892.676 507.6306
2892.646 507.619
2892.604 507.5982
2892.58 507.58
2892.549 507.5425
2892.514 507.5128
2892.506 507.4888
2892.5 507.4771
2892.482 507.4688
2892.47 507.4783
2892.465 507.4854
2892.464 507.4941
2892.472 507.506
2892.488 507.5253
2892.49 507.5414
2892.504 507.5693
2892.524 507.592
2892.554 507.6114
2892.577 507.6367
2892.605 507.6645
2892.613 507.6844
2892.625 507.6987
2892.635 507.7075
2892.636 507.7002
2892.635 507.6894
2892.625 507.6866
2892.604 507.6675
2892.58 507.6489
2892.532 507.627
2892.497 507.584
2892.483 507.5524
2892.47 507.5359
2892.454 507.5203
2892.458 507.5178
2892.466 507.525
2892.469 507.5423
2892.465 507.5704
2892.463 507.6
2892.442 507.6345
2892.426 507.664
2892.406 507.691
2892.394 507.706
2892.391 507.7166
2892.398 507.7194
2892.403 507.7014
2892.374 507.6707
2892.347 507.6349
2892.308 507.601
2892.284 507.568
2892.267 507.5479
2892.295 507.537
2892.333 507.5209
2892.359 507.5109
2892.373 507.5045
2892.381 507.4995
2892.39 507.5092
2892.383 507.526
2892.367 507.5462
2892.378 507.5725
2892.375 507.5904
2892.373 507.6035
2892.381 507.6183
2892.398 507.6364
2892.402 507.6362
2892.384 507.6391
2892.362 507.6353
2892.345 507.6225
2892.335 507.6121
2892.325 507.5952
2892.315 507.5686
2892.312 507.5392
2892.308 507.5156
2892.303 507.4887
2892.273 507.4646
2892.244 507.4442
2892.218 507.428
2892.2 507.4094
2892.188 507.3966
2892.174 507.3841
2892.157 507.3744
2892.143 507.383
2892.126 507.3943
2892.116 507.4063
2892.125 507.4243
2892.152 507.439
2892.199 507.4676
2892.231 507.496
2892.258 507.5303
2892.279 507.5626
2892.297 507.5891
2892.296 507.6093
2892.292 507.6295
2892.29 507.6347
2892.277 507.6443
2892.278 507.6465
2892.289 507.6526
2892.296 507.6509
2892.314 507.6466
2892.344 507.6378
2892.36 507.6403
2892.37 507.6447
2892.378 507.6612
2892.369 507.6966
2892.358 507.7373
2892.359 507.7829
2892.359 507.8247
2892.377 507.8609
2892.398 507.896
2892.418 507.9206
2892.428 507.9261
2892.438 507.9208
2892.463 507.9
2892.461 507.8651
2892.461 507.8318
2892.442 507.8073
2892.424 507.779
2892.393 507.7563
2892.377 507.751
2892.355 507.7507
2892.356 507.7426
2892.346 507.7464
2892.331 507.7531
2892.319 507.7641
2892.312 507.7762
2892.312 507.7759
2892.326 507.7632
2892.341 507.745
2892.348 507.7192
2892.341 507.6896
2892.33 507.6714
2892.321 507.66
2892.314 507.6671
2892.308 507.6741
2892.302 507.694
2892.303 507.7154
2892.278 507.7497
2892.247 507.7888
2892.205 507.8246
2892.184 507.8601
2892.155 507.9012
2892.147 507.938
2892.178 507.9744
2892.235 508.0117
2892.293 508.031
2892.338 508.0457
2892.398 508.0574
2892.467 508.0582
2892.53 508.0719
2892.58 508.1188
2892.584 508.2088
2892.542 508.4351
2892.584 508.5493
2892.539 508.6269
2892.49 508.6894
2892.453 508.7642
2892.451 508.9116
2892.504 509.1724
2892.56 509.564
2892.691 509.9356
2893.087 510.2261
1920 480
1920 480
2892.645 507.4495
2892.64 507.4773
2892.606 507.469
2892.629 507.4858
2892.57 507.504
2892.609 507.5161
2892.658 507.5507
2892.699 507.5938
2892.712 507.6319
2892.748 507.6644
2892.772 507.6983
2892.726 507.7202
2892.662 507.7349
2892.646 507.7033
2892.638 507.7246
2892.635 507.7218
2892.63 507.7505
2892.642 507.7115
2892.614 507.7146
2892.546 507.7131
2892.565 507.6728
2892.597 507.662
2892.632 507.681
2892.736 507.6651
2892.805 507.7338
2892.787 507.78
2892.853 507.805
2892.837 507.8144
2892.753 507.8179
2892.746 507.8188
2892.68 507.7661
2892.665 507.7252
2892.642 507.6992
2892.617 507.6716
2892.67 507.6695
2892.681 507.653
2892.583 507.6327
2892.549 507.6064
2892.514 507.597
2892.447 507.5851
2892.445 507.5508
2892.44 507.5503
2892.493 507.5369
2892.483 507.5587
2892.491 507.5875
2892.466 507.5872
2892.423 507.6096
2892.411 507.6131
2892.437 507.5973
2892.429 507.6065
2892.429 507.6215
2892.434 507.642
2892.454 507.6575
2892.478 507.6683
2892.497 507.6781
2892.512 507.691
2892.547 507.7013
2892.583 507.7179
2892.598 507.7281
2892.594 507.7352
2892.594 507.746
2892.599 507.7539
2892.612 507.7635
2892.633 507.7645
2892.648 507.7603
2892.652 507.7394
2892.662 507.7066
2892.646 507.6721
2892.612 507.6393
2892.586 507.6057
2892.559 507.5755
2892.526 507.5594
2892.489 507.5534
2892.479 507.558
2892.475 507.5673
2892.483 507.5723
2892.473 507.5866
2892.466 507.5892
2892.47 507.603
2892.493 507.6194
2892.51 507.6228
2892.545 507.618
2892.582 507.6196
2892.603 507.6183
2892.607 507.6113
2892.625 507.6093
2892.595 507.6149
2892.576 507.6115
2892.555 507.6124
2892.546 507.6207
2892.552 507.6308
2892.564 507.6385
2892.573 507.641
2892.57 507.6334
2892.569 507.6272
2892.566 507.6166
2892.556 507.6115
2892.556 507.6145
2892.575 507.6257
2892.59 507.6312
2892.59 507.6218
2892.557 507.6185
2892.537 507.6009
2892.521 507.5788
2892.516 507.5646
2892.529 507.5502
2892.532 507.5432
2892.521 507.5502
2892.504 507.5607
2892.491 507.5615
2892.469 507.5603
2892.445 507.5506
2892.42 507.5378
2892.393 507.527
2892.39 507.5109
2892.394 507.4888
2892.419 507.478
2892.434 507.4697
2892.468 507.4692
2892.489 507.4733
2892.519 507.4834
2892.582 507.502
2892.649 507.5201
2892.704 507.5357
2892.701 507.5573
2892.671 507.5905
2892.636 507.6277
2892.631 507.6556
2892.647 507.6723
2892.65 507.6818
2892.657 507.6783
2892.651 507.6787
2892.631 507.6743
2892.613 507.6734
2892.615 507.6678
2892.636 507.6659
2892.664 507.6524
2892.685 507.6432
2892.676 507.6306
2892.646 507.619
2892.604 507.5982
2892.58 507.58
2892.549 507.5425
2892.514 507.5128
2892.506 507.4888
2892.5 507.4771
2892.482 507.4688
2892.47 507.4783
2892.465 507.4854
2892.464 507.4941
2892.472 507.506
2892.488 507.5253
2892.49 507.5414
2892.504 507.5693
2892.524 507.592
2892.554 507.6114
2892.577 507.6367
2892.605 507.6645
2892.613 507.6844
2892.625 507.6987
2892.635 507.7075
2892.636 507.7002
2892.635 507.6894
2892.625 507.6866
2892.604 507.6675
2892.58 507.6489
2892.532 507.627
2892.497 507.584
2892.483 507.5524
2892.47 507.5359
2892.454 507.5203
2892.458 507.5178
2892.466 507.525
2892.469 507.5423
2892.465 507.5704
2892.463 507.6
2892.442 507.6345
2892.426 507.664
2892.406 507.691
2892.394 507.706
2892.391 507.7166
2892.398 507.7194
2892.403 507.7014
2892.374 507.6707
2892.347 507.6349
2892.308 507.601
2892.284 507.568
2892.267 507.5479
2892.295 507.537
2892.333 507.5209
2892.359 507.5109
2892.373 507.5045
2892.381 507.4995
2892.39 507.5092
2892.383 507.526
2892.367 507.5462
2892.378 507.5725
2892.375 507.5904
2892.373 507.6035
2892.381 507.6183
2892.398 507.6364
2892.402 507.6362
2892.384 507.6391
2892.362 507.6353
2892.345 507.6225
2892.335 507.6121
2892.325 507.5952
2892.315 507.5686
2892.312 507.5392
2892.308 507.5156
2892.303 507.4887
2892.273 507.4646
2892.244 507.4442
2892.218 507.428
2892.2 507.4094
2892.188 507.3966
2892.174 507.3841
2892.157 507.3744
2892.143 507.383
2892.126 507.3943
2892.116 507.4063
2892.125 507.4243
2892.152 507.439
2892.199 507.4676
2892.231 507.496
2892.258 507.5303
2892.279 507.5626
2892.297 507.5891
2892.296 507.6093
2892.292 507.6295
2892.29 507.6347
2892.277 507.6443
2892.278 507.6465
2892.289 507.6526
2892.296 507.6509
2892.314 507.6466
2892.344 507.6378
2892.36 507.6403
2892.37 507.6447
2892.378 507.6612
2892.369 507.6966
2892.358 507.7373
2892.359 507.7829
2892.359 507.8247
2892.377 507.8609
2892.398 507.896
2892.418 507.9206
2892.428 507.9261
2892.438 507.9208
2892.463 507.9
2892.461 507.8651
2892.461 507.8318
2892.442 507.8073
2892.424 507.779
2892.393 507.7563
2892.377 507.751
2892.355 507.7507
2892.356 507.7426
2892.346 507.7464
2892.331 507.7531
2892.319 507.7641
2892.312 507.7762
2892.312 507.7759
2892.326 507.7632
2892.341 507.745
2892.348 507.7192
2892.341 507.6896
2892.33 507.6714
2892.321 507.66
2892.314 507.6671
2892.308 507.6741
2892.302 507.694
2892.303 507.7154
2892.278 507.7497
2892.247 507.7888
2892.205 507.8246
2892.184 507.8601
2892.155 507.9012
2892.147 507.938
2892.178 507.9744
2892.235 508.0117
2892.293 508.031
2892.338 508.0457
2892.398 508.0574
2892.467 508.0582
2892.53 508.0719
2892.58 508.1188
2892.584 508.2088
2892.542 508.4351
2892.584 508.5493
2892.539 508.6269
2892.49 508.6894
2892.453 508.7642
2892.451 508.9116
2892.504 509.1724
2892.56 509.564
2892.691 509.9356
2893.087 510.2261
2893.64 510.6447
2894.077 511.1465
2894.532 511.5935
2895.108 512.1198
2895.303 512.3284
2895.385 512.3157
2895.325 512.2936
2894.655 512.7073
2891.646 515.2228
2891.115 518.1246
2891.179 519.8789
2891.086 524.0784
2890.951 525.1451
2890.508 526.8148
2889.906 528.5352
2889.477 530.1089
2889.47 531.3787
2890.073 532.4639
2890.967 533.4174
2892.036 534.2211
2893.035 534.8922
2893.994 535.5897
2894.773 536.3699
2895.132 536.9572
2895.077 537.2765
2895.111 537.4283
2895.168 537.4855
2894.935 537.3406
2894.182 537.1384
2893.273 536.8895
2892.503 536.5749
2891.938 536.0674
2891.618 535.4689
2891.294 534.4179
2891.148 533.295
2891.179 532.0187
2891.512 530.5867
2891.978 528.9048
2892.046 527.0159
2891.459 524.86
2890.369 522.4259
2888.684 519.4655
2886.52 516.1832
2883.89 512.6026
2876.899 504.9294
2873.675 501.9232
2869.245 498.0128
2864.837 494.3906
2859.443 490.3394
2853.313 486.1845
2846.332 481.889
2838.917 477.8
2830.911 473.9014
2822.188 470.2135
2812.996 466.6992
2800.766 462.7352
2790.516 460.007
2779.256 457.5132
2768.731 455.6585
2756.851 453.9865
2744.385 452.6294
2731.874 451.6798
2719.152 451.0216
2706.046 450.7326
2692.596 450.7287
2678.071 450.9307
2663.87 451.3499
2651.28 451.8696
2637.895 452.6239
2625.178 453.4733
2612.135 454.4852
2599.074 455.5187
2587.168 456.459
2578.474 457.0497
2567.912 457.5947
2557.338 457.9909
2547.468 458.2223
2537.695 458.3148
2528.38 458.167
2519.408 457.8584
2510.015 457.383
2500.417 456.6717
2490.793 455.6227
2479.705 454.0853
2470.252 452.4245
2462.293 450.7243
2454.382 448.8508
2446.953 446.9419
2439.934 445.0151
2432.666 442.8581
2426.218 440.7778
2420.315 438.7676
2414.171 436.694
2408.088 434.6489
2402.079 432.71
2395.228 430.6479
2388.173 428.7023
2380.813 426.8921
2373.104 425.2344
2365.079 423.6714
2356.912 422.2849
2347.914 420.8872
2339.254 419.748
2330.611 418.7433
2321.317 417.9066
2312.447 417.2498
2303.024 416.7435
2293.242 416.3247
2283.997 416.0239
2274.328 415.7952
2264.662 415.6805
2254.971 415.5659
2245.157 415.5275
2235.651 415.5425
2226.646 415.5999
2217.14 415.6496
2207.506 415.7219
2198.121 415.7621
2188.641 415.8745
2179.411 416.0259
2170.177 416.3011
2162.036 416.6349
2153.258 416.9819
2144.4 417.3766
2135.699 417.7368
2127.532 418.1279
2119.885 418.6279
2112.403 419.2422
2105.678 419.8128
2099.414 420.3622
2093.636 421.0215
2088.495 421.8488
2083.827 422.8491
2080.002 424.0379
2076.419 425.3297
2072.06 426.5181
2067.653 427.3333
2063.512 428.0829
2060.58 428.7799
2058.717 429.3384
2057.348 429.6087
2056.512 429.7634
2056.777 429.7529
2057.741 429.7754
2059.342 429.612
2061.261 429.3918
2063.688 429.1633
2066.412 428.9333
2069.159 428.6691
2072.061 428.3878
2074.542 428.1497
2076.868 428.0916
2079.253 428.1165
2081.476 428.2529
2083.538 428.3306
2085.323 428.3672
2087.005 428.3257
2088.741 428.3001
2090.778 428.2246
2092.809 428.2497
2094.975 428.5298
2097.434 429.1196
2100.222 429.9189
2102.958 430.7508
2106.326 431.8062
2110.353 433.074
2115.661 434.5103
2120.479 435.9844
2124.509 437.3682
2128.538 438.3909
2133.251 439.0692
2138.331 439.6636
2143.765 440.2248
2155.104 440.8802
2159.091 441.0682
2164.495 441.3504
2171.569 441.8364
2179.61 442.4508
2188.287 443.0926
2198.055 443.6608
2206.958 444.0623
2217.6 444.5331
2229.037 445.0921
2241.571 445.8021
2258.746 446.7899
2273.155 447.5374
2286.569 448.1408
2301.198 448.7853
2316.238 449.5605
2331.909 450.529
2348.089 451.6942
2363.049 452.9243
2377.188 453.9937
2391.789 455.0223
2406.061 456.0705
2419.719 457.1926
2434.308 458.3887
2444.917 459.2318
2453.396 459.8048
2460.637 460.411
2466.658 461.1689
2473.018 462.194
2479.692 463.4624
2485.654 464.9102
2489.292 466.1187
2493.807 467.9354
2500.429 470.4338
2507.645 472.8524
2516.089 475.7472
2524.687 479.1929
2532.029 482.4201
2539.527 485.6281
2546.812 488.5147
2553.651 491.2238
2562.265 494.2619
2569.972 496.4666
2576.69 498.4414
2582.353 500.4049
2587.095 502.365
2590.726 504.5894
2592.961 507.1961
2593.893 510.4973
2594.064 513.3049
2593.99 517.3997
2593.544 522.1714
2592.974 527.5828
2592.199 533.3381
2591.121 539.2515
2589.985 544.9931
2588.941 550.2617
2588.008 555.9553
2587.461 561.8348
2587.523 569.5099
2588.206 574.9286
2589.462 580.3649
2590.759 585.0411
2591.903 589.0687
2593.26 593.7662
2594.558 599.1218
2596.153 604.8403
2597.846 610.4401
2599.301 616.2145
2601.362 622.2352
2603.842 628.3079
2606.205 634.7637
2608.285 641.2758
2610.203 647.7602
2612.205 653.9016
2614.495 659.8316
2616.823 665.3679
2619.138 671.5256
2620.879 677.0129
2622.113 681.7736
2623.116 686.9072
2623.738 691.347
2623.927 695.4985
2622.48 703.3588
2621.775 705.4877
2620.868 709.3155
2620.383 712.5543
2620.363 714.8071
2620.306 715.5862
2619.158 715.2095
2616.653 714.775
2615.4 714.678
2615.308 714.9597
2615.757 715.3436
2616.499 715.9194
2617.234 716.4052
2617.888 716.9711
2618.653 717.2149
2618.684 717.6281
2617.548 718.1454
2611.779 720.6055
2609.607 722.4567
2607.852 724.6041
2606.631 727.4818
2606.727 730.7652
2608.4 734.7072
2611.368 738.7
2615.337 742.9974
2619.666 747.3109
2624.286 751.8468
2628.769 756.3654
2633.38 761.7438
2636.512 765.774
2639.994 770.2034
2643.802 774.2581
2647.711 778.3474
2652.235 783.0012
2655.777 787.1503
2658.659 790.7017
2661.557 794.527
2664.916 798.3041
2667.449 801.6021
2669.193 805.2905
2669.839 808.526
2670.227 811.4833
2670.883 814.3096
2672.143 816.9501
2893.64 510.6447
2894.077 511.1465
2894.532 511.5935
2895.108 512.1198
2895.303 512.3284
2895.385 512.3157
2895.325 512.2936
2894.655 512.7073
2891.646 515.2228
2891.115 518.1246
2891.179 519.8789
2891.086 524.0784
2890.951 525.1451
2890.508 526.8148
2889.906 528.5352
2889.477 530.1089
2889.47 531.3787
2890.073 532.4639
2890.967 533.4174
2892.036 534.2211
2893.035 534.8922
2893.994 535.5897
2894.773 536.3699
2895.132 536.9572
2895.077 537.2765
2895.111 537.4283
2895.168 537.4855
2894.935 537.3406
2894.182 537.1384
2893.273 536.8895
2892.503 536.5749
2891.938 536.0674
2891.618 535.4689
2891.294 534.4179
2891.148 533.295
2891.179 532.0187
2891.512 530.5867
2891.978 528.9048
2892.046 527.0159
2891.459 524.86
2890.369 522.4259
2888.684 519.4655
2886.52 516.1832
2883.89 512.6026
2876.899 504.9294
2873.675 501.9232
2869.245 498.0128
2864.837 494.3906
2859.443 490.3394
2853.313 486.1845
2846.332 481.889
2838.917 477.8
2830.911 473.9014
2822.188 470.2135
2812.996 466.6992
2800.766 462.7352
2790.516 460.007
2779.256 457.5132
2768.731 455.6585
2756.851 453.9865
2744.385 452.6294
2731.874 451.6798
2719.152 451.0216
2706.046 450.7326
2692.596 450.7287
2678.071 450.9307
2663.87 451.3499
2651.28 451.8696
2637.895 452.6239
2625.178 453.4733
2612.135 454.4852
2599.074 455.5187
2587.168 456.459
2578.474 457.0497
2567.912 457.5947
2557.338 457.9909
2547.468 458.2223
2537.695 458.3148
2528.38 458.167
2519.408 457.8584
2510.015 457.383
2500.417 456.6717
2490.793 455.6227
2479.705 454.0853
2470.252 452.4245
2462.293 450.7243
2454.382 448.8508
2446.953 446.9419
2439.934 445.0151
2432.666 442.8581
2426.218 440.7778
2420.315 438.7676
2414.171 436.694
2408.088 434.6489
2402.079 432.71
2395.228 430.6479
2388.173 428.7023
2380.813 426.8921
2373.104 425.2344
2365.079 423.6714
2356.912 422.2849
2347.914 420.8872
2339.254 419.748
2330.611 418.7433
2321.317 417.9066
2312.447 417.2498
2303.024 416.7435
2293.242 416.3247
2283.997 416.0239
2274.328 415.7952
2264.662 415.6805
2254.971 415.5659
2245.157 415.5275
2235.651 415.5425
2226.646 415.5999
2217.14 415.6496
2207.506 415.7219
2198.121 415.7621
2188.641 415.8745
2179.411 416.0259
2170.177 416.3011
2162.036 416.6349
2153.258 416.9819
2144.4 417.3766
2135.699 417.7368
2127.532 418.1279
2119.885 418.6279
2112.403 419.2422
2105.678 419.8128
2099.414 420.3622
2093.636 421.0215
2088.495 421.8488
2083.827 422.8491
2080.002 424.0379
2076.419 425.3297
2072.06 426.5181
2067.653 427.3333
2063.512 428.0829
2060.58 428.7799
2058.717 429.3384
2057.348 429.6087
2056.512 429.7634
2056.777 429.7529
2057.741 429.7754
2059.342 429.612
2061.261 429.3918
2063.688 429.1633
2066.412 428.9333
2069.159 428.6691
2072.061 428.3878
2074.542 428.1497
2076.868 428.0916
2079.253 428.1165
2081.476 428.2529
2083.538 428.3306
2085.323 428.3672
2087.005 428.3257
2088.741 428.3001
2090.778 428.2246
2092.809 428.2497
2094.975 428.5298
2097.434 429.1196
2100.222 429.9189
2102.958 430.7508
2106.326 431.8062
2110.353 433.074
2115.661 434.5103
2120.479 435.9844
2124.509 437.3682
2128.538 438.3909
2133.251 439.0692
2138.331 439.6636
2143.765 440.2248
2155.104 440.8802
2159.091 441.0682
2164.495 441.3504
2171.569 441.8364
2179.61 442.4508
2188.287 443.0926
2198.055 443.6608
2206.958 444.0623
2217.6 444.5331
2229.037 445.0921
2241.571 445.8021
2258.746 446.7899
2273.155 447.5374
2286.569 448.1408
2301.198 448.7853
2316.238 449.5605
2331.909 450.529
2348.089 451.6942
2363.049 452.9243
2377.188 453.9937
2391.789 455.0223
2406.061 456.0705
2419.719 457.1926
2434.308 458.3887
2444.917 459.2318
2453.396 459.8048
2460.637 460.411
2466.658 461.1689
2473.018 462.194
2479.692 463.4624
2485.654 464.9102
2489.292 466.1187
2493.807 467.9354
2500.429 470.4338
2507.645 472.8524
2516.089 475.7472
2524.687 479.1929
2532.029 482.4201
2539.527 485.6281
2546.812 488.5147
2553.651 491.2238
2562.265 494.2619
2569.972 496.4666
2576.69 498.4414
2582.353 500.4049
2587.095 502.365
2590.726 504.5894
2592.961 507.1961
2593.893 510.4973
2594.064 513.3049
2593.99 517.3997
2593.544 522.1714
2592.974 527.5828
2592.199 533.3381
2591.121 539.2515
2589.985 544.9931
2588.941 550.2617
2588.008 555.9553
2587.461 561.8348
2587.523 569.5099
2588.206 574.9286
2589.462 580.3649
2590.759 585.0411
2591.903 589.0687
2593.26 593.7662
2594.558 599.1218
2596.153 604.8403
2597.846 610.4401
2599.301 616.2145
2601.362 622.2352
2603.842 628.3079
2606.205 634.7637
2608.285 641.2758
2610.203 647.7602
2612.205 653.9016
2614.495 659.8316
2616.823 665.3679
2619.138 671.5256
2620.879 677.0129
2622.113 681.7736
2623.116 686.9072
2623.738 691.347
2623.927 695.4985
2622.48 703.3588
2621.775 705.4877
2620.868 709.3155
2620.383 712.5543
2620.363 714.8071
2620.306 715.5862
2619.158 715.2095
2616.653 714.775
2615.4 714.678
2615.308 714.9597
2615.757 715.3436
2616.499 715.9194
2617.234 716.4052
2617.888 716.9711
2618.653 717.2149
2618.684 717.6281
2617.548 718.1454
2611.779 720.6055
2609.607 722.4567
2607.852 724.6041
2606.631 727.4818
2606.727 730.7652
2608.4 734.7072
2611.368 738.7
2615.337 742.9974
2619.666 747.3109
2624.286 751.8468
2628.769 756.3654
2633.38 761.7438
2636.512 765.774
2639.994 770.2034
2643.802 774.2581
2647.711 778.3474
2652.235 783.0012
2655.777 787.1503
2658.659 790.7017
2661.557 794.527
2664.916 798.3041
2667.449 801.6021
2669.193 805.2905
2669.839 808.526
2670.227 811.4833
2670.883 814.3096
2672.143 816.9501
2673.422 819.3737
2674.571 821.8009
2675.962 823.8128
2676.308 825.5232
2674.901 827.3863
2671.826 829.2581
2667.42 831.1958
2662.165 833.3029
2655.425 835.2764
2638.064 838.5852
2630.963 839.8007
2619.719 841.6473
2612.194 842.7151
2602.038 843.9182
2591.844 844.8822
2581.425 845.8622
2571.327 846.8381
2561.543 847.6987
2552.343 848.3904
2543.85 848.8521
2536.312 849.1301
2528.874 849.3188
2520.643 849.5809
2515.973 850.2978
2520.867 853.8615
2538.381 857.7437
2556.788 860.1588
2566.017 862.5481
2568.344 863.815
2570.094 864.9376
2570.287 865.6944
2568.625 865.8303
2564.752 865.41
2558.124 864.4788
2549.483 863.2822
2537.758 861.7622
2525.89 860.3207
2513.662 858.8608
2503.074 857.4121
2495.201 856.1294
2489.094 855.0549
2483.556 854.1522
2476.162 853.2824
2457.099 851.2147
2448.595 850.2113
2437.612 848.8334
2426.882 847.488
2416.687 846.2798
2407.416 845.2501
2398.723 844.2632
2389.176 843.218
2379.072 842.103
2368.673 840.9003
2358.465 839.6024
2346.142 837.6936
2336.516 835.8773
2326.982 833.8628
2317.091 831.6293
2307.799 829.3867
2299.108 827.1065
2292.579 825.3097
2287.686 823.9176
2283.669 822.817
2280.127 821.9939
2277.125 821.28
2274.163 820.6035
2271.463 820.1154
2268.953 819.8265
2266.935 819.7663
2264.829 819.9285
2262.807 820.2135
2260.516 820.5331
2257.979 820.7758
2255.774 820.9339
2252.897 821.1429
2250.193 821.4377
2248.02 821.8378
2246.292 822.349
2244.948 823.0019
2243.798 823.819
2242.955 824.9115
2242.681 826.2786
2243.185 827.8739
2244.583 829.9915
2245.719 831.9279
2246.487 833.9981
2247.492 836.2955
2249.504 838.9315
2252.491 841.6882
2256.812 844.657
2261.317 847.2048
2265.835 849.3326
2271.043 851.3196
2276.626 853.0062
2283.396 854.6038
2290.462 855.9591
2297.817 857.0793
2304.779 858.047
2313.461 859.0595
2324.782 860.0495
2337.622 860.7314
2353.436 861.2716
2368.865 861.5201
2385.649 861.7671
2402.268 862.1964
2421.392 862.8914
2439.58 863.5798
2460.418 864.1804
2480.589 864.2939
2501.921 864.1335
2525.018 863.7692
2548.801 863.2274
2568.168 862.5281
2586.969 861.5753
2603.609 860.4152
2619.032 858.9086
2633.261 856.8499
2646.36 854.1583
2657.531 851.0716
2666.479 847.6631
2672.612 843.9127
2676.562 839.7468
2679.931 834.8713
2683.248 829.6387
2686.169 824.4988
2688.582 818.5884
2689.797 812.3635
2690.086 806.002
2690.023 799.4581
2689.794 792.7941
2689.293 786.2718
2688.145 779.9757
2685.921 773.5275
2682.642 767.3292
2678.753 761.06
2675.521 755.4636
2672.835 750.2631
2670.254 745.4131
2667.208 741.0821
2663.205 736.9086
2657.917 732.7742
2651.974 729.0778
2645.98 725.8422
2640.604 723.2041
2636.388 721.3903
2633.74 719.993
2633.5 719.5927
2636.614 720.2606
2641.588 721.9733
2647.647 724.39
2653.828 727.1819
2659.877 729.9357
2664.872 732.1137
2668.431 733.4323
2671.19 734.2242
2673.936 734.8514
2676.745 735.7137
2679.305 736.7286
2681.167 737.8732
2682.38 739.0502
2683.224 740.1337
2683.976 740.9472
2684.781 741.2253
2685.279 740.5414
2685.024 738.6331
2684.267 735.5726
2683.954 732.4656
2685.385 729.4089
2689.749 727.4799
2695.94 726.8837
2701.677 727.0163
2705.339 727.3657
2707.082 727.4396
2707.349 726.8687
2707.564 725.4567
2708.073 723.3083
2707.696 720.2422
2706.155 716.7188
2704.611 713.6829
2703.056 710.5374
2701.625 707.7009
2701.196 705.3824
2701.321 703.3033
2701.392 701.6578
2701.14 700.4851
2700.402 699.7897
2698.718 699.4253
2696.607 699.3354
2694.001 699.2831
2690.84 699.0931
2687.141 698.7078
2682.385 698.3193
2676.982 698.2717
2672.4 698.8613
2669.204 700.2831
2667.69 702.4717
2666.915 704.8508
2665.895 707.0859
2663.777 708.5607
2661.351 709.0943
2659.756 709.0234
2660.098 709.0205
2662.039 709.2563
2664.175 709.8577
2665.728 711.0654
2666.597 713.0273
2667.229 715.7498
2668.342 718.4772
2670.413 721.1144
2673.392 723.8282
2676.703 726.4988
2679.118 729.1375
2679.662 731.7396
2678.012 734.1305
2674.244 736.2413
2668.221 738.0577
2661.375 739.4325
2655.29 740.3521
2649.775 740.651
2644.598 740.1999
2639.348 739.181
2634.231 738.0612
2629.696 737.0624
2626.866 736.3573
2625.259 735.8868
2624.583 735.6465
2625.024 735.6386
2626.054 735.7247
2628.027 735.7435
2630.617 735.5944
2633.328 735.1301
2635.443 734.3737
2636.648 733.4438
2637.553 732.4104
2638.651 731.0923
2639.914 729.3953
2641.77 727.4354
2644.549 725.4261
2648.317 723.9377
2653.472 723.0988
2660.173 722.8421
2666.604 723.1532
2672.926 723.7265
2677.746 724.0609
2680.501 724.0822
2682.99 723.7673
2684.025 723.2949
2683.639 722.9731
2682.338 723.0774
2680.472 723.9037
2678.728 725.4242
2677.849 727.4317
2677.672 729.6035
2677.536 731.6149
2676.496 733.788
2674.129 735.2034
2670.045 736.2881
2664.492 737.0704
2658.641 737.7527
2653.19 738.3286
2648.153 738.9376
2644.27 739.4028
2641.085 739.5522
2637.316 739.225
2632.761 738.601
2626.991 737.7003
2620.245 736.6938
2613.99 735.8575
2608.582 735.3537
2603.686 734.861
2599.727 734.0786
2596.62 732.7944
2594.286 730.9839
2592.473 728.7822
2585.951 719.393
2583.892 717.4867
2581.986 715.9697
2580.173 714.91
2577.833 714.3115
2574.885 714.1581
2571.129 714.3636
2566.59 714.827
2560.71 715.6349
2553.713 716.906
2545.85 718.6449
2537.348 720.7187
2528.914 723.0579
2514.442 727.7751
2500.068 733.4071
2483.903 740.1508
2468.975 747.7534
2462.927 751.1649
2457.803 753.8226
2452.525 756.1343
2439.573 760.3082
2434.231 761.8325
2426.527 764.0607
2419.28 766.2172
2411.953 768.4662
2405.159 770.5843
2673.422 819.3737
2674.571 821.8009
2675.962 823.8128
2676.308 825.5232
2674.901 827.3863
2671.826 829.2581
2667.42 831.1958
2662.165 833.3029
2655.425 835.2764
2638.064 838.5852
2630.963 839.8007
2619.719 841.6473
2612.194 842.7151
2602.038 843.9182
2591.844 844.8822
2581.425 845.8622
2571.327 846.8381
2561.543 847.6987
2552.343 848.3904
2543.85 848.8521
2536.312 849.1301
2528.874 849.3188
2520.643 849.5809
2515.973 850.2978
2520.867 853.8615
2538.381 857.7437
2556.788 860.1588
2566.017 862.5481
2568.344 863.815
2570.094 864.9376
2570.287 865.6944
2568.625 865.8303
2564.752 865.41
2558.124 864.4788
2549.483 863.2822
2537.758 861.7622
2525.89 860.3207
2513.662 858.8608
2503.074 857.4121
2495.201 856.1294
2489.094 855.0549
2483.556 854.1522
2476.162 853.2824
2457.099 851.2147
2448.595 850.2113
2437.612 848.8334
2426.882 847.488
2416.687 846.2798
2407.416 845.2501
2398.723 844.2632
2389.176 843.218
2379.072 842.103
2368.673 840.9003
2358.465 839.6024
2346.142 837.6936
2336.516 835.8773
2326.982 833.8628
2317.091 831.6293
2307.799 829.3867
2299.108 827.1065
2292.579 825.3097
2287.686 823.9176
2283.669 822.817
2280.127 821.9939
2277.125 821.28
2274.163 820.6035
2271.463 820.1154
2268.953 819.8265
2266.935 819.7663
2264.829 819.9285
2262.807 820.2135
2260.516 820.5331
2257.979 820.7758
2255.774 820.9339
2252.897 821.1429
2250.193 821.4377
2248.02 821.8378
2246.292 822.349
2244.948 823.0019
2243.798 823.819
2242.955 824.9115
2242.681 826.2786
2243.185 827.8739
2244.583 829.9915
2245.719 831.9279
2246.487 833.9981
2247.492 836.2955
2249.504 838.9315
2252.491 841.6882
2256.812 844.657
2261.317 847.2048
2265.835 849.3326
2271.043 851.3196
2276.626 853.0062
2283.396 854.6038
2290.462 855.9591
2297.817 857.0793
2304.779 858.047
2313.461 859.0595
2324.782 860.0495
2337.622 860.7314
2353.436 861.2716
2368.865 861.5201
2385.649 861.7671
2402.268 862.1964
2421.392 862.8914
2439.58 863.5798
2460.418 864.1804
2480.589 864.2939
2501.921 864.1335
2525.018 863.7692
2548.801 863.2274
2568.168 862.5281
2586.969 861.5753
2603.609 860.4152
2619.032 858.9086
2633.261 856.8499
2646.36 854.1583
2657.531 851.0716
2666.479 847.6631
2672.612 843.9127
2676.562 839.7468
2679.931 834.8713
2683.248 829.6387
2686.169 824.4988
2688.582 818.5884
2689.797 812.3635
2690.086 806.002
2690.023 799.4581
2689.794 792.7941
2689.293 786.2718
2688.145 779.9757
2685.921 773.5275
2682.642 767.3292
2678.753 761.06
2675.521 755.4636
2672.835 750.2631
2670.254 745.4131
2667.208 741.0821
2663.205 736.9086
2657.917 732.7742
2651.974 729.0778
2645.98 725.8422
2640.604 723.2041
2636.388 721.3903
2633.74 719.993
2633.5 719.5927
2636.614 720.2606
2641.588 721.9733
2647.647 724.39
2653.828 727.1819
2659.877 729.9357
2664.872 732.1137
2668.431 733.4323
2671.19 734.2242
2673.936 734.8514
2676.745 735.7137
2679.305 736.7286
2681.167 737.8732
2682.38 739.0502
2683.224 740.1337
2683.976 740.9472
2684.781 741.2253
2685.279 740.5414
2685.024 738.6331
2684.267 735.5726
2683.954 732.4656
2685.385 729.4089
2689.749 727.4799
2695.94 726.8837
2701.677 727.0163
2705.339 727.3657
2707.082 727.4396
2707.349 726.8687
2707.564 725.4567
2708.073 723.3083
2707.696 720.2422
2706.155 716.7188
2704.611 713.6829
2703.056 710.5374
2701.625 707.7009
2701.196 705.3824
2701.321 703.3033
2701.392 701.6578
2701.14 700.4851
2700.402 699.7897
2698.718 699.4253
2696.607 699.3354
2694.001 699.2831
2690.84 699.0931
2687.141 698.7078
2682.385 698.3193
2676.982 698.2717
2672.4 698.8613
2669.204 700.2831
2667.69 702.4717
2666.915 704.8508
2665.895 707.0859
2663.777 708.5607
2661.351 709.0943
2659.756 709.0234
2660.098 709.0205
2662.039 709.2563
2664.175 709.8577
2665.728 711.0654
2666.597 713.0273
2667.229 715.7498
2668.342 718.4772
2670.413 721.1144
2673.392 723.8282
2676.703 726.4988
2679.118 729.1375
2679.662 731.7396
2678.012 734.1305
2674.244 736.2413
2668.221 738.0577
2661.375 739.4325
2655.29 740.3521
2649.775 740.651
2644.598 740.1999
2639.348 739.181
2634.231 738.0612
2629.696 737.0624
2626.866 736.3573
2625.259 735.8868
2624.583 735.6465
2625.024 735.6386
2626.054 735.7247
2628.027 735.7435
2630.617 735.5944
2633.328 735.1301
2635.443 734.3737
2636.648 733.4438
2637.553 732.4104
2638.651 731.0923
2639.914 729.3953
2641.77 727.4354
2644.549 725.4261
2648.317 723.9377
2653.472 723.0988
2660.173 722.8421
2666.604 723.1532
2672.926 723.7265
2677.746 724.0609
2680.501 724.0822
2682.99 723.7673
2684.025 723.2949
2683.639 722.9731
2682.338 723.0774
2680.472 723.9037
2678.728 725.4242
2677.849 727.4317
2677.672 729.6035
2677.536 731.6149
2676.496 733.788
2674.129 735.2034
2670.045 736.2881
2664.492 737.0704
2658.641 737.7527
2653.19 738.3286
2648.153 738.9376
2644.27 739.4028
2641.085 739.5522
2637.316 739.225
2632.761 738.601
2626.991 737.7003
2620.245 736.6938
2613.99 735.8575
2608.582 735.3537
2603.686 734.861
2599.727 734.0786
2596.62 732.7944
2594.286 730.9839
2592.473 728.7822
2585.951 719.393
2583.892 717.4867
2581.986 715.9697
2580.173 714.91
2577.833 714.3115
2574.885 714.1581
2571.129 714.3636
2566.59 714.827
2560.71 715.6349
2553.713 716.906
2545.85 718.6449
2537.348 720.7187
2528.914 723.0579
2514.442 727.7751
2500.068 733.4071
2483.903 740.1508
2468.975 747.7534
2462.927 751.1649
2457.803 753.8226
2452.525 756.1343
2439.573 760.3082
2434.231 761.8325
2426.527 764.0607
2419.28 766.2172
2411.953 768.4662
2405.159 770.5843
2398.336 772.6113
2391.407 774.3989
2383.199 775.8237
2373.384 776.9012
2361.33 777.8909
2347.117 778.7266
2333.621 779.7422
2321.245 780.8933
2310.087 782.0049
2300.45 782.9046
2291.853 783.4469
2281.759 784.28
2272.096 785.0693
2263.212 785.9093
2255.277 786.5991
2249.437 787.1163
2245.432 787.3933
2242.102 787.4686
2238.912 787.4
2234.818 787.3896
2229.068 787.7092
2221.097 787.9194
2212.729 787.7874
2203.971 787.2112
2196.072 786.1904
2189.345 784.9007
2184.842 783.95
2180.465 783.4403
2175.82 783.4096
2170.479 783.6816
2165.069 784.2497
2159.858 785.1835
2155.601 786.2887
2151.939 787.3276
2149.284 788.1119
2146.885 788.8236
2144.356 789.3023
2140.786 789.4261
2136.436 789.075
2131.067 788.1453
2125.228 786.4329
2119.405 783.9683
2114.83 780.7809
2110.41 777.1257
2106.283 773.6827
2102.902 771.0027
2100.442 769.2121
2099.281 768.353
2098.694 767.6227
2098.275 766.8743
2097.391 765.8723
2095.705 764.4868
2093.739 762.9454
2091.874 761.4044
2090.369 759.976
2089.539 758.5545
2089.336 757.0603
2089.371 754.8564
2088.978 752.6348
2087.792 749.8973
2085.899 746.7483
2083.594 743.3013
2081.238 739.8972
2079.535 736.4177
2078.63 733.8547
2078.023 731.7766
2077.577 730.2592
2077.122 729.1824
2076.362 728.5742
2075.292 728.3779
2074.104 728.4581
2072.734 728.6372
2071.378 728.7948
2070.142 728.7611
2068.973 728.5587
2067.733 728.3267
2066.417 728.2054
2065.138 728.286
2063.852 728.6266
2062.812 729.1508
2062.096 729.8155
2061.855 730.5696
2061.887 731.4188
2062.032 732.3689
2062.184 733.579
2062.34 735.1239
2062.567 736.6318
2063.005 738.3813
2063.819 740.241
2065.036 742.2102
2066.855 744.301
2069.242 746.475
2072.387 748.6821
2076.176 750.5223
2080.436 752.0675
2084.507 753.122
2087.99 753.8374
2090.501 753.8565
2092.698 752.6967
2095.076 750.6689
2098.503 747.6395
2101.259 745.2313
2102.852 745.3568
2103.07 748.4994
2101.449 752.9858
2098.762 758.5191
2095.689 764.46
2092.559 770.4468
2089.376 776.0883
2086.048 781.0834
2082.86 785.2226
2079.924 789.1813
2077.443 792.8535
2075.054 796.3692
2073.632 799.8054
2072.309 802.7781
2071.503 805.5087
2070.859 807.9483
2070.952 810.3544
2072.007 812.1616
2075.057 813.8049
2079.811 815.1057
2085.906 816.3141
2093.061 817.3217
2100.598 817.998
2108.566 818.2501
2116.89 817.9973
2126.779 817.2207
2137.816 816.1339
2149.811 814.8474
2162.077 813.4821
2173.913 812.0225
2185.533 810.2139
2197.108 807.8998
2208.543 805.2828
2221.14 802.4218
2234.453 799.7338
2248.656 797.3875
2264.05 795.2627
2278.588 793.4691
2292.343 791.8636
2305.358 790.2771
2317.754 788.4741
2330.291 786.4916
2343.972 784.3112
2357.4 782.3526
2370.109 780.5895
2382.458 778.6616
2394.122 776.3623
2404.903 773.5524
2415.096 770.0057
2423.683 766.2561
2431.985 762.0109
2439.701 757.4553
2446.877 752.6598
2453.473 747.8964
2460.181 742.8807
2466.342 738.2499
2472.699 733.5355
2478.483 729.1476
2484.052 724.6184
2488.86 720.2554
2493.257 716.1103
2497 712.9093
2500.472 710.3138
2504.317 707.9133
2507.976 705.9795
2511.42 704.2628
2514.001 702.7816
2515.682 701.5361
2516.434 700.4893
2516.659 699.6992
2516.904 699.3223
2517.264 699.225
2517.928 699.2166
2519.503 699.322
2522.21 699.467
2526.02 699.3062
2530.179 698.4911
2534.86 696.7993
2539.379 694.2016
2544.025 690.6298
2548.279 686.93
2552.576 683.502
2557.643 680.8513
2563.571 678.7862
2574.834 674.7917
2577.312 673.4473
2580.294 671.2795
2583.289 668.8481
2586.519 666.7337
2590.185 664.9912
2593.947 663.5646
2597.248 662.2832
2599.456 660.96
2600.87 658.9658
2601.441 656.5259
2602.288 653.1681
2603.858 650.9158
2606.726 649.5577
2610.172 649.2492
2613.981 649.8345
2617.185 651.0524
2619.811 652.5073
2621.681 653.3076
2621.561 652.4834
2622.052 650.6378
2623.771 648.6896
2626.298 646.7476
2628.994 645.016
2631.493 643.4673
2633.054 642.4178
2634.186 641.9219
2634.927 641.9164
2635.198 641.8999
2634.306 640.6415
2633.248 638.5289
2632.526 636.4393
2631.779 634.9486
2630.715 634.6469
2628.932 635.5179
2625.858 637.4629
2622.158 639.7292
2618.293 641.8273
2614.117 643.2949
2609.813 643.6124
2606.316 643.0913
2603.419 642.2386
2601.651 641.8183
2600.69 641.9874
2600.088 642.6182
2599.373 643.494
2598.884 644.5721
2598.701 645.8227
2598.765 646.8688
2598.744 648.0428
2598.6 649.0626
2598.372 649.8336
2598.297 650.2983
2598.514 650.3902
2599.171 650.2126
2600.345 649.7688
2602.326 648.9247
2604.895 647.6871
2608.445 646.382
2612.811 645.065
2617.516 644.1743
2622.374 643.5093
2626.815 642.7498
2630.085 641.5468
2633.033 639.8417
2636.115 638.1113
2640.363 636.8087
2646.035 635.9591
2653.042 635.5789
2660.63 635.3041
2668.053 634.6129
2673.281 633.1169
2676.682 631.6226
2679.356 630.3587
2682.038 629.192
2683.412 627.8034
2682.906 626.4321
2680.901 625.9759
2677.997 626.8516
2674.235 629.0536
2669.194 632.5185
2663.88 636.6033
2658.652 641.2664
2653.449 645.3953
2648.025 648.6163
2642.447 651.4989
2637.128 654.2407
2631.915 657.3865
2626.76 661.2137
2621.567 665.3441
2615.628 669.6143
2608.909 673.6999
2601.229 677.7709
2593.282 681.7452
2585.072 686.0893
2577.486 690.4426
2570.3 694.6965
2562.958 698.8207
2555.204 702.7458
2546.9 706.5192
2538.393 710.2555
2529.804 714.0609
2521.929 717.7153
2515.02 721.1357
2508.59 724.3824
2502.28 727.308
2494.937 730.1769
2487.328 732.6281
2478.3 735.1362
2468.535 737.5745
2458.217 739.9418
2448.216 742.1732
2437.862 744.6392
2428.207 747.1703
2398.336 772.6113
2391.407 774.3989
2383.199 775.8237
2373.384 776.9012
2361.33 777.8909
2347.117 778.7266
2333.621 779.7422
2321.245 780.8933
2310.087 782.0049
2300.45 782.9046
2291.853 783.4469
2281.759 784.28
2272.096 785.0693
2263.212 785.9093
2255.277 786.5991
2249.437 787.1163
2245.432 787.3933
2242.102 787.4686
2238.912 787.4
2234.818 787.3896
2229.068 787.7092
2221.097 787.9194
2212.729 787.7874
2203.971 787.2112
2196.072 786.1904
2189.345 784.9007
2184.842 783.95
2180.465 783.4403
2175.82 783.4096
2170.479 783.6816
2165.069 784.2497
2159.858 785.1835
2155.601 786.2887
2151.939 787.3276
2149.284 788.1119
2146.885 788.8236
2144.356 789.3023
2140.786 789.4261
2136.436 789.075
2131.067 788.1453
2125.228 786.4329
2119.405 783.9683
2114.83 780.7809
2110.41 777.1257
2106.283 773.6827
2102.902 771.0027
2100.442 769.2121
2099.281 768.353
2098.694 767.6227
2098.275 766.8743
2097.391 765.8723
2095.705 764.4868
2093.739 762.9454
2091.874 761.4044
2090.369 759.976
2089.539 758.5545
2089.336 757.0603
2089.371 754.8564
2088.978 752.6348
2087.792 749.8973
2085.899 746.7483
2083.594 743.3013
2081.238 739.8972
2079.535 736.4177
2078.63 733.8547
2078.023 731.7766
2077.577 730.2592
2077.122 729.1824
2076.362 728.5742
2075.292 728.3779
2074.104 728.4581
2072.734 728.6372
2071.378 728.7948
2070.142 728.7611
2068.973 728.5587
2067.733 728.3267
2066.417 728.2054
2065.138 728.286
2063.852 728.6266
2062.812 729.1508
2062.096 729.8155
2061.855 730.5696
2061.887 731.4188
2062.032 732.3689
2062.184 733.579
2062.34 735.1239
2062.567 736.6318
2063.005 738.3813
2063.819 740.241
2065.036 742.2102
2066.855 744.301
2069.242 746.475
2072.387 748.6821
2076.176 750.5223
2080.436 752.0675
2084.507 753.122
2087.99 753.8374
2090.501 753.8565
2092.698 752.6967
2095.076 750.6689
2098.503 747.6395
2101.259 745.2313
2102.852 745.3568
2103.07 748.4994
2101.449 752.9858
2098.762 758.5191
2095.689 764.46
2092.559 770.4468
2089.376 776.0883
2086.048 781.0834
2082.86 785.2226
2079.924 789.1813
2077.443 792.8535
2075.054 796.3692
2073.632 799.8054
2072.309 802.7781
2071.503 805.5087
2070.859 807.9483
2070.952 810.3544
2072.007 812.1616
2075.057 813.8049
2079.811 815.1057
2085.906 816.3141
2093.061 817.3217
2100.598 817.998
2108.566 818.2501
2116.89 817.9973
2126.779 817.2207
2137.816 816.1339
2149.811 814.8474
2162.077 813.4821
2173.913 812.0225
2185.533 810.2139
2197.108 807.8998
2208.543 805.2828
2221.14 802.4218
2234.453 799.7338
2248.656 797.3875
2264.05 795.2627
2278.588 793.4691
2292.343 791.8636
2305.358 790.2771
2317.754 788.4741
2330.291 786.4916
2343.972 784.3112
2357.4 782.3526
2370.109 780.5895
2382.458 778.6616
2394.122 776.3623
2404.903 773.5524
2415.096 770.0057
2423.683 766.2561
2431.985 762.0109
2439.701 757.4553
2446.877 752.6598
2453.473 747.8964
2460.181 742.8807
2466.342 738.2499
2472.699 733.5355
2478.483 729.1476
2484.052 724.6184
2488.86 720.2554
2493.257 716.1103
2497 712.9093
2500.472 710.3138
2504.317 707.9133
2507.976 705.9795
2511.42 704.2628
2514.001 702.7816
2515.682 701.5361
2516.434 700.4893
2516.659 699.6992
2516.904 699.3223
2517.264 699.225
2517.928 699.2166
2519.503 699.322
2522.21 699.467
2526.02 699.3062
2530.179 698.4911
2534.86 696.7993
2539.379 694.2016
2544.025 690.6298
2548.279 686.93
2552.576 683.502
2557.643 680.8513
2563.571 678.7862
2574.834 674.7917
2577.312 673.4473
2580.294 671.2795
2583.289 668.8481
2586.519 666.7337
2590.185 664.9912
2593.947 663.5646
2597.248 662.2832
2599.456 660.96
2600.87 658.9658
2601.441 656.5259
2602.288 653.1681
2603.858 650.9158
2606.726 649.5577
2610.172 649.2492
2613.981 649.8345
2617.185 651.0524
2619.811 652.5073
2621.681 653.3076
2621.561 652.4834
2622.052 650.6378
2623.771 648.6896
2626.298 646.7476
2628.994 645.016
2631.493 643.4673
2633.054 642.4178
2634.186 641.9219
2634.927 641.9164
2635.198 641.8999
2634.306 640.6415
2633.248 638.5289
2632.526 636.4393
2631.779 634.9486
2630.715 634.6469
2628.932 635.5179
2625.858 637.4629
2622.158 639.7292
2618.293 641.8273
2614.117 643.2949
2609.813 643.6124
2606.316 643.0913
2603.419 642.2386
2601.651 641.8183
2600.69 641.9874
2600.088 642.6182
2599.373 643.494
2598.884 644.5721
2598.701 645.8227
2598.765 646.8688
2598.744 648.0428
2598.6 649.0626
2598.372 649.8336
2598.297 650.2983
2598.514 650.3902
2599.171 650.2126
2600.345 649.7688
2602.326 648.9247
2604.895 647.6871
2608.445 646.382
2612.811 645.065
2617.516 644.1743
2622.374 643.5093
2626.815 642.7498
2630.085 641.5468
2633.033 639.8417
2636.115 638.1113
2640.363 636.8087
2646.035 635.9591
2653.042 635.5789
2660.63 635.3041
2668.053 634.6129
2673.281 633.1169
2676.682 631.6226
2679.356 630.3587
2682.038 629.192
2683.412 627.8034
2682.906 626.4321
2680.901 625.9759
2677.997 626.8516
2674.235 629.0536
2669.194 632.5185
2663.88 636.6033
2658.652 641.2664
2653.449 645.3953
2648.025 648.6163
2642.447 651.4989
2637.128 654.2407
2631.915 657.3865
2626.76 661.2137
2621.567 665.3441
2615.628 669.6143
2608.909 673.6999
2601.229 677.7709
2593.282 681.7452
2585.072 686.0893
2577.486 690.4426
2570.3 694.6965
2562.958 698.8207
2555.204 702.7458
2546.9 706.5192
2538.393 710.2555
2529.804 714.0609
2521.929 717.7153
2515.02 721.1357
2508.59 724.3824
2502.28 727.308
2494.937 730.1769
2487.328 732.6281
2478.3 735.1362
2468.535 737.5745
2458.217 739.9418
2448.216 742.1732
2437.862 744.6392
2428.207 747.1703
2419.68 749.4971
2411.111 751.8802
2402.05 753.9611
2394.003 756.3378
2387.954 759.7202
2384.584 764.462
2383.806 770.2823
2384.357 776.986
2384.444 783.9427
2382.307 790.9996
2377.545 798.3047
2369.406 803.9807
2362.026 806.5571
2349.948 808.6874
2337.766 809.4479
2326.709 809.387
2317.631 808.6674
2310.308 807.6233
2304.344 806.6661
2298.822 805.84
2292.467 804.8561
2285.572 803.5353
2276.232 801.1473
2269.627 798.3692
2264.461 795.0388
2261.8 791.9642
2261.285 789.5421
2262.832 788.5669
2264.597 788.8325
2266.008 789.8605
2265.878 790.8788
2263.803 791.5403
2259.213 791.7607
2254.035 791.6409
2247.949 791.2872
2242.185 790.8165
2237.381 790.402
2233.353 790.0176
2229.325 789.5025
2224.522 788.9605
2218.508 788.2938
2211.101 787.3972
2203.718 786.3992
2195.847 785.1108
2189.337 783.8719
2184.389 782.7783
2179.72 781.5706
2175.768 780.28
2171.896 778.685
2168.109 776.5358
2164.599 773.8599
2161.889 771.2737
2160.669 768.4716
2161.854 765.8629
2164.864 763.2338
2168.368 760.2059
2171.381 757.002
2172.688 753.314
2171.595 749.7328
2168.656 746.8588
2165.451 745.2927
2163.22 744.5292
2162.866 743.9589
2164.362 742.8319
2166.891 741.0486
2169.273 738.6355
2170.029 735.8546
2168.78 732.9184
2165.701 729.8942
2162.308 726.985
2158.733 723.5201
2155.938 719.7306
2153.809 715.5985
2151.786 710.9504
2149.378 705.8503
2146.021 700.1765
2142.421 694.8436
2138.445 689.0311
2135.204 683.4817
2132.227 676.9543
2129.53 670.5746
2126.726 664.1197
2123.531 657.4809
2119.638 650.8073
2114.993 644.2371
2110.15 637.8966
2105.595 631.5989
2101.268 625.4629
2096.434 619.3666
2090.896 613.5632
2084.925 608.2678
2078.698 603.4628
2072.468 599.301
2066.315 595.8792
2059.027 592.5928
2051.08 589.9852
2042.763 587.9864
2034.102 586.492
2025.471 585.2878
2017.35 584.2085
2008.409 583.1565
1999.204 582.1471
1989.558 580.973
1978.762 579.4342
1967.456 577.4633
1956.855 575.2859
1945.474 572.6921
1934.495 570.0667
1923.684 567.4675
1911.987 564.6488
1902.364 562.3544
1893.154 560.056
1883.625 557.6323
1874.918 555.3876
1866.714 553.2624
1859.059 551.3539
1851.614 549.732
1844.923 548.4456
1837.943 547.2584
1831.234 546.2163
1824.541 545.1987
1817.895 544.2209
1811.593 543.1844
1805.543 542.2017
1798.951 541.2188
1794.626 540.7372
1791.038 540.3326
1787.942 540.0582
1785.408 539.8417
1783.1 539.7172
1781.202 539.5773
1779.549 539.5043
1777.984 539.5932
1776.833 539.8007
1776.008 540.2433
1775.747 540.8583
1775.886 541.7245
1776.355 542.7818
1777.242 543.8615
1778.272 544.7002
1779.239 545.3278
1779.997 545.7142
1780.625 545.9103
1781.162 545.8665
1781.548 545.6904
1782.381 545.2441
1783.203 544.9342
1784.384 544.4927
1785.671 544.0758
1787.312 543.5685
1789.009 543.1381
1790.876 542.5253
1792.553 541.8561
1794.215 541.0514
1795.836 540.1137
1797.503 539.0502
1799.085 538.0229
1800.736 536.9297
1802.388 535.7778
1804.009 534.6651
1805.865 533.4482
1807.739 532.2766
1809.719 531.0658
1811.79 529.8456
1814.101 528.5615
1816.439 527.3245
1819.017 526.1099
1821.883 524.8766
1824.972 523.683
1828.21 522.5422
1831.526 521.4713
1837.179 519.8524
1840.798 518.9173
1844.622 517.9091
1848.047 517.028
1851.609 516.0869
1855.058 515.2271
1858.392 514.3823
1861.498 513.6361
1864.363 512.9915
1866.834 512.4783
1868.938 512.0313
1870.675 511.6336
1872.078 511.2407
1873.166 510.8943
1874.092 510.5353
1874.908 510.2293
1875.626 509.9124
1876.176 509.5922
1876.511 509.2575
1876.645 508.9611
1876.612 508.6359
1876.444 508.3391
1876.171 508.0294
1875.841 507.7254
1875.426 507.3598
1874.938 507.0185
1874.366 506.6622
1873.819 506.3437
1873.195 505.9728
1872.57 505.5945
1871.935 505.1712
1871.325 504.7492
1870.728 504.3216
1869.999 503.8734
1869.223 503.4611
1868.424 503.0432
1867.675 502.6215
1866.994 502.2188
1866.368 501.8077
1865.792 501.436
1865.23 501.0669
1864.685 500.7251
1864.119 500.3641
1863.595 500.0045
1863.035 499.6501
1862.516 499.3677
1862.058 499.1464
1861.717 499.0073
1861.516 498.927
1861.447 498.8717
1861.455 498.8206
1861.532 498.8138
1861.63 498.8531
1861.714 498.9507
1861.756 499.1044
1861.795 499.2643
1861.839 499.4217
1861.921 499.5792
1862.081 499.725
1862.214 499.8473
1862.404 499.9359
1862.672 499.9762
1862.944 499.9848
1863.145 499.9907
1863.178 500.0465
1862.933 500.1307
1862.46 500.2495
1861.157 500.5526
1860.336 501.0142
1859.73 501.661
1859.018 502.5221
1858.226 503.736
1857.566 505.3159
1857.021 507.1361
1856.42 508.9582
1855.901 510.7777
1855.651 512.3323
1855.509 513.6332
1855.298 514.7468
1854.908 515.8615
1854.549 517.0615
1854.497 518.1821
1854.69 519.2381
1855 520.1999
1855.197 521.2358
1855.211 522.4426
1854.968 523.7609
1854.515 525.1183
1853.858 526.4376
1852.986 527.6617
1852.111 528.7629
1851.385 529.5699
1850.599 530.1282
1849.59 530.5905
1848.421 531.0126
1847.536 531.3278
1847.296 531.3258
1847.387 530.9596
1847.588 530.2338
1847.909 529.3923
1848.161 528.5446
1847.884 527.9033
1848.388 527.2265
1849.662 526.5054
1851.239 525.8494
1852.497 524.5704
1853.503 523.4504
1855.783 521.7373
1860.195 518.5174
1864.838 515.0303
1868.725 511.7437
1872.102 508.8748
1875.49 506.3236
1877.843 504.146
1878.806 502.7542
1879.004 502.5984
1878.688 503.1394
1878.743 503.3299
1880.77 502.8262
1883.423 502.6834
1886.931 502.9988
1890.65 503.6067
1892.969 504.9774
1893.813 507.1044
1893.696 509.1499
1891.382 511.8611
1887.559 514.6364
1884.846 516.972
1882.499 519.0917
2419.68 749.4971
2411.111 751.8802
2402.05 753.9611
2394.003 756.3378
2387.954 759.7202
2384.584 764.462
2383.806 770.2823
2384.357 776.986
2384.444 783.9427
2382.307 790.9996
2377.545 798.3047
2369.406 803.9807
2362.026 806.5571
2349.948 808.6874
2337.766 809.4479
2326.709 809.387
2317.631 808.6674
2310.308 807.6233
2304.344 806.6661
2298.822 805.84
2292.467 804.8561
2285.572 803.5353
2276.232 801.1473
2269.627 798.3692
2264.461 795.0388
2261.8 791.9642
2261.285 789.5421
2262.832 788.5669
2264.597 788.8325
2266.008 789.8605
2265.878 790.8788
2263.803 791.5403
2259.213 791.7607
2254.035 791.6409
2247.949 791.2872
2242.185 790.8165
2237.381 790.402
2233.353 790.0176
2229.325 789.5025
2224.522 788.9605
2218.508 788.2938
2211.101 787.3972
2203.718 786.3992
2195.847 785.1108
2189.337 783.8719
2184.389 782.7783
2179.72 781.5706
2175.768 780.28
2171.896 778.685
2168.109 776.5358
2164.599 773.8599
2161.889 771.2737
2160.669 768.4716
2161.854 765.8629
2164.864 763.2338
2168.368 760.2059
2171.381 757.002
2172.688 753.314
2171.595 749.7328
2168.656 746.8588
2165.451 745.2927
2163.22 744.5292
2162.866 743.9589
2164.362 742.8319
2166.891 741.0486
2169.273 738.6355
2170.029 735.8546
2168.78 732.9184
2165.701 729.8942
2162.308 726.985
2158.733 723.5201
2155.938 719.7306
2153.809 715.5985
2151.786 710.9504
2149.378 705.8503
2146.021 700.1765
2142.421 694.8436
2138.445 689.0311
2135.204 683.4817
2132.227 676.9543
2129.53 670.5746
2126.726 664.1197
2123.531 657.4809
2119.638 650.8073
2114.993 644.2371
2110.15 637.8966
2105.595 631.5989
2101.268 625.4629
2096.434 619.3666
2090.896 613.5632
2084.925 608.2678
2078.698 603.4628
2072.468 599.301
2066.315 595.8792
2059.027 592.5928
2051.08 589.9852
2042.763 587.9864
2034.102 586.492
2025.471 585.2878
2017.35 584.2085
2008.409 583.1565
1999.204 582.1471
1989.558 580.973
1978.762 579.4342
1967.456 577.4633
1956.855 575.2859
1945.474 572.6921
1934.495 570.0667
1923.684 567.4675
1911.987 564.6488
1902.364 562.3544
1893.154 560.056
1883.625 557.6323
1874.918 555.3876
1866.714 553.2624
1859.059 551.3539
1851.614 549.732
1844.923 548.4456
1837.943 547.2584
1831.234 546.2163
1824.541 545.1987
1817.895 544.2209
1811.593 543.1844
1805.543 542.2017
1798.951 541.2188
1794.626 540.7372
1791.038 540.3326
1787.942 540.0582
1785.408 539.8417
1783.1 539.7172
1781.202 539.5773
1779.549 539.5043
1777.984 539.5932
1776.833 539.8007
1776.008 540.2433
1775.747 540.8583
1775.886 541.7245
1776.355 542.7818
1777.242 543.8615
1778.272 544.7002
1779.239 545.3278
1779.997 545.7142
1780.625 545.9103
1781.162 545.8665
1781.548 545.6904
1782.381 545.2441
1783.203 544.9342
1784.384 544.4927
1785.671 544.0758
1787.312 543.5685
1789.009 543.1381
1790.876 542.5253
1792.553 541.8561
1794.215 541.0514
1795.836 540.1137
1797.503 539.0502
1799.085 538.0229
1800.736 536.9297
1802.388 535.7778
1804.009 534.6651
1805.865 533.4482
1807.739 532.2766
1809.719 531.0658
1811.79 529.8456
1814.101 528.5615
1816.439 527.3245
1819.017 526.1099
1821.883 524.8766
1824.972 523.683
1828.21 522.5422
1831.526 521.4713
1837.179 519.8524
1840.798 518.9173
1844.622 517.9091
1848.047 517.028
1851.609 516.0869
1855.058 515.2271
1858.392 514.3823
1861.498 513.6361
1864.363 512.9915
1866.834 512.4783
1868.938 512.0313
1870.675 511.6336
1872.078 511.2407
1873.166 510.8943
1874.092 510.5353
1874.908 510.2293
1875.626 509.9124
1876.176 509.5922
1876.511 509.2575
1876.645 508.9611
1876.612 508.6359
1876.444 508.3391
1876.171 508.0294
1875.841 507.7254
1875.426 507.3598
1874.938 507.0185
1874.366 506.6622
1873.819 506.3437
1873.195 505.9728
1872.57 505.5945
1871.935 505.1712
1871.325 504.7492
1870.728 504.3216
1869.999 503.8734
1869.223 503.4611
1868.424 503.0432
1867.675 502.6215
1866.994 502.2188
1866.368 501.8077
1865.792 501.436
1865.23 501.0669
1864.685 500.7251
1864.119 500.3641
1863.595 500.0045
1863.035 499.6501
1862.516 499.3677
1862.058 499.1464
1861.717 499.0073
1861.516 498.927
1861.447 498.8717
1861.455 498.8206
1861.532 498.8138
1861.63 498.8531
1861.714 498.9507
1861.756 499.1044
1861.795 499.2643
1861.839 499.4217
1861.921 499.5792
1862.081 499.725
1862.214 499.8473
1862.404 499.9359
1862.672 499.9762
1862.944 499.9848
1863.145 499.9907
1863.178 500.0465
1862.933 500.1307
1862.46 500.2495
1861.157 500.5526
1860.336 501.0142
1859.73 501.661
1859.018 502.5221
1858.226 503.736
1857.566 505.3159
1857.021 507.1361
1856.42 508.9582
1855.901 510.7777
1855.651 512.3323
1855.509 513.6332
1855.298 514.7468
1854.908 515.8615
1854.549 517.0615
1854.497 518.1821
1854.69 519.2381
1855 520.1999
1855.197 521.2358
1855.211 522.4426
1854.968 523.7609
1854.515 525.1183
1853.858 526.4376
1852.986 527.6617
1852.111 528.7629
1851.385 529.5699
1850.599 530.1282
1849.59 530.5905
1848.421 531.0126
1847.536 531.3278
1847.296 531.3258
1847.387 530.9596
1847.588 530.2338
1847.909 529.3923
1848.161 528.5446
1847.884 527.9033
1848.388 527.2265
1849.662 526.5054
1851.239 525.8494
1852.497 524.5704
1853.503 523.4504
1855.783 521.7373
1860.195 518.5174
1864.838 515.0303
1868.725 511.7437
1872.102 508.8748
1875.49 506.3236
1877.843 504.146
1878.806 502.7542
1879.004 502.5984
1878.688 503.1394
1878.743 503.3299
1880.77 502.8262
1883.423 502.6834
1886.931 502.9988
1890.65 503.6067
1892.969 504.9774
1893.813 507.1044
1893.696 509.1499
1891.382 511.8611
1887.559 514.6364
1884.846 516.972
1882.499 519.0917
