1920 480
1654.154 542.3348
2129.013 638.9406
2122.175 643.0895
2120.682 643.6382
2117.191 644.05
2116.017 643.9676
2117.218 643.92
2120.047 643.5957
2123.465 642.9628
2127.446 641.8007
2132.687 638.6329
2135.222 637.4361
2138.114 636.6234
2140.56 635.9251
2143.527 635.1796
2152.815 635.2711
2158.392 634.6398
2162.224 632.9521
2169.07 633.4969
2172.074 635.1494
2177.346 635.6125
2185.274 636.2626
2195.811 637.1376
2208.509 638.5341
2214.53 641.0049
2231.043 639.5688
2186.633 645.7289
2171.712 647.0073
2171.92 646.9066
2169.13 645.2678
2161.885 644.5387
2161.677 642.8545
2166.651 641.6158
2170.441 640.6337
2167.057 640.5673
2189.687 634.6749
2180.679 634.7084
2202.426 631.2184
2220.102 626.6155
2228.911 621.6205
2263.524 604.317
2292.407 594.4662
2296.101 594.3239
2295.252 595.7768
2295.879 596.8846
2295.955 599.4573
2298 601.433
2298.29 602.4126
2300.958 603.9292
2300.997 606.4769
2287.032 612.3004
2269.082 614.1783
2263.554 613.4127
2260.432 613.1447
2258.961 612.3693
2259.714 611.0804
2259.729 608.5351
2259.701 606.6384
2258.873 603.7881
2257.7 601.2194
2256.539 601.3038
2255.939 599.6459
2255.517 599.1276
2255.543 598.6385
2256.667 597.5469
2257.462 598.5412
2257.709 598.8196
2258.108 599.4205
2258.79 599.5546
2259.956 599.9096
2261.363 600.2158
2261.644 600.6535
2261.917 601.5857
2262.51 601.7216
2261.475 602.752
2260.507 603.0842
2259.992 603.6248
2259.315 603.7898
2258.599 603.9645
2257.947 605.6566
2256.989 605.9631
2256.614 606.071
2256.292 606.2069
2255.697 606.0761
2255.529 606.8846
2255.188 607.7911
2254.606 607.5118
2254.084 606.9764
2253.978 606.7188
2254.498 606.1481
2255.921 605.7903
2256.775 605.3987
2256.661 605.1281
2257.839 605.3607
2258.883 605.5604
2259.615 605.4267
2312.821 598.861
2305.959 599.491
2301.07 599.5629
2284.777 600.9034
2272.645 602.5272
2270.663 602.8979
2352.822 581.8024
2374.281 570.6206
2351.994 576.2623
2297.537 547.3352
2360.263 533.9341
2359.037 526.5754
2345.225 520.1826
2397.478 531.5776
2154.111 477.132
2100.94 499.7339
2099.688 470.7165
2099.611 454.5417
2095.567 473.4948
2092.033 485.6282
2091.281 498.4008
2091.509 500.4819
2094.124 502.3634
2094.276 503.6963
2093.454 504.2562
2129.21 541.7622
2263.447 562.8323
2273.673 551.3466
2285.919 534.2459
2286.445 533.6172
2286.855 533.0132
2389.379 463.4956
2389.302 462.7772
2389.107 462.0298
2388.635 461.009
2388.086 460.1509
2387.455 459.3346
2386.614 458.4113
2385.785 457.6242
2384.636 456.6895
2383.351 455.8117
2381.77 454.939
2380.242 454.2173
2378.571 453.5389
2376.79 452.9032
2374.872 452.3092
2372.891 451.7536
2371.269 451.3179
2369.134 450.7653
2240.39 444.6009
2209.732 382.5548
2151.802 365.8618
2135.995 364.5325
2128.903 363.4634
2124.802 362.7598
2124.109 363.0386
2123.344 362.9709
2122.916 363.1821
2121.092 363.0373
2119.548 362.9792
2118.328 362.9784
2117.478 363.0386
2130.568 367.675
2119.08 364.4409
2121.455 366.0146
2122.258 371.7231
2124.669 371.9915
2117.831 382.1432
2118.595 382.702
2129.569 384.7144
2133.421 431.6543
2140.246 451.7033
2352.056 522.5829
2356.32 553.6356
2360.643 562.0043
2363.489 562.4163
2366.429 563.8408
2368.743 563.9383
2368.213 561.6662
2367.345 559.7982
2413.839 546.7888
2460.518 536.3181
2481.266 530.6442
2321.473 533.9377
2152.078 510.1953
2135.841 474.1222
2323.65 498.089
2452.61 525.574
2482.755 517.454
2484.87 499.3766
2485.862 488.8788
2486.688 483.4251
2487.614 499.3592
2478.192 522.184
2234.854 495.6853
2129.622 484.1398
2114.832 451.2508
2194.508 464.5737
2170.45 453.6795
2199.831 456.4987
2171.109 499.9516
2138.353 529.0146
2131.728 533.816
2129.968 537.2314
2153.322 522.5853
2168.604 502.1054
2173.844 493.3178
2111.972 500.9379
2007.02 504.5408
1993.901 506.0626
1982.966 478.2117
1975.418 411.2155
1987.099 394.8302
2320.87 451.5221
2441.99 417.4258
2365.538 498.3156
2328.636 508.2598
2359.322 442.3149
2363.407 443.5503
2391.707 295.439
2165.325 455.5791
2301.865 460.6701
2235.737 458.9888
2239.076 459.7671
2242.152 460.4355
2296.427 455.5272
2299.002 451.374
2027.117 451.7813
2009.721 453.6038
1994.497 460.0625
1992.838 463.2967
1991.781 465.6304
1992.383 465.9411
1993.255 468.6408
1993.077 470.5286
2005.584 478.9556
2136.452 493.04
2203.724 499.7235
2208.631 509.3249
2205.215 509.8279
2204.741 512.8489
2118.934 500.3857
2017.055 489.7805
1986.402 482.7781
2048.719 485.7666
2008.452 477.311
1992.877 475.5592
1987.962 475.9372
1984.524 475.6559
1982.544 477.5391
1980.352 477.2658
1977.049 476.8048
1971.693 475.0614
1968.567 474.6624
1963.706 474.8102
1958.917 474.4276
1955.875 472.3999
1951.237 472.4574
1950.915 473.1777
2012.052 476.7264
2074.454 482.2383
2046.32 471.7179
2057.992 426.0122
2058.577 424.4393
2072.862 441.4206
2065.627 445.4754
1930.943 452.2585
1913.239 471.7702
1996.409 458.1999
2138.758 424.9536
2001.178 406.5021
2027.109 415.0659
2034.729 449.9751
2056.291 475.6644
2071.801 479.244
2068.768 485.4734
2082.257 483.848
2076.637 484.8863
2085.294 480.292
2014.95 496.7551
1970.628 509.09
1969.259 524.4604
2003.891 508.853
2098.556 508.8842
2124.968 497.4066
2135.206 487.0424
2146.382 480.5979
2203.576 491.4901
2144.469 502.4725
2143.85 499.8517
2104.544 508.2766
2074.734 515.7853
2044.629 534.5504
2046.341 536.5907
2049.498 537.2926
2101.319 504.5991
2100.204 498.1115
2188.063 501.9442
2092.057 499.276
2079.575 500.0146
2072.348 499.4725
2050.294 500.6009
2302.771 506.2787
2049.53 487.4447
1771.236 506.0651
1756.408 525.0562
1721.323 518.7744
1775.038 524.2723
1836.158 530.4844
1849.437 527.9327
1841.875 525.9069
1857.371 525.7266
1675.028 513.4644
1749.051 479.9426
1759.544 485.4675
1767.527 487.8759
1769.465 487.5778
1771.41 487.2758
1773.769 486.9931
1838.588 501.2929
1819.028 499.7585
1802.906 501.4897
1783.908 504.0545
1771.367 511.1957
1443.487 418.9749
1426.718 389.9634
1520.105 400.7234
1718.273 540.5085
1850.631 532.4814
1933.555 519.8398
1889.173 518.1202
1918.632 525.5629
1915.447 508.439
1660.121 525.377
1657.99 517.191
1691.223 508.6658
1713.439 501.3336
1720.694 488.1507
1729.706 486.5373
1548.15 425.8714
1641.344 431.5226
1658.079 436.1904
1647.876 382.6703
1787.388 405.6878
1790.027 416.2534
1795.409 415.1815
1966.269 429.7651
1992.086 451.9556
1937.793 449.0863
2033.012 472.3311
2073.888 484.7292
2091.075 484.0414
2099.265 484.2654
2095.877 487.0591
2087.58 491.8308
2035.151 487.9508
1891.7 490.412
1760.122 491.6354
1788.82 495.7614
1738.105 496.7784
1729.532 494.7388
1756.309 498.5828
1993.332 511.1572
1832.681 504.2405
1738.877 499.8047
1725.871 498.9124
1757.407 500.7813
2014.377 510.2802
2046.218 509.5801
2050.788 508.7294
2052.925 507.1237
2054.877 507.5979
2055.375 508.6853
2053.247 509.5891
2051.852 510.7745
2047.004 513.1943
2043.71 514.7804
2036.157 518.1796
2033.488 520.3671
2031.119 520.4622
2027.974 522.6048
2024.205 524.0262
2022.081 520.6802
2016.691 519.736
2015.006 519.0443
2008.48 519.0514
2000.397 520.9819
1999.936 526.3662
1998.438 523.7717
1731.665 491.4636
1751.154 484.2586
1835.56 493.2057
1973.597 502.9667
1968.208 500.2425
1812.915 486.5891
1940.731 507.7535
1984.981 519.025
1991.574 514.3329
2011.287 533.9424
2006.922 536.5195
2005.256 535.5207
2001.112 532.0967
1995.851 526.3461
1994.739 518.6583
1994.235 515.2554
2004.238 520.9786
1999.229 519.7397
1997.176 518.2366
1994.467 516.9709
1992.929 515.5494
1990.297 513.4036
1989.967 510.3169
1989.046 513.095
1983.126 481.4323
1989.911 490.4747
1999.175 473.4772
1940.199 470.3221
1958.369 479.3503
1968.743 487.9897
1985.88 495.8093
1990.605 497.1732
1995.899 498.286
2000.075 499.3267
2001.383 499.8333
2003.606 499.8633
2020.482 496.4284
1807.852 454.8241
1932.317 429.8861
1980.163 440.5659
2050.475 448.5418
2075.613 448.2243
2050.276 430.4754
2050.375 427.3639
1907.325 418.4225
1931.853 415.7228
1982.887 408.9561
1999.5 337.1052
1888.041 295.6017
1821.994 283.972
1819.138 284.0394
1816.25 284.1102
1813.07 284.1984
1810.253 284.2396
1807.417 284.231
1804.605 284.1574
1801.764 284.0453
1798.942 283.9144
1796.67 283.8018
1793.705 283.6655
1790.479 283.5156
1786.985 283.3218
1789.482 273.2464
1785.253 274.825
1786.777 272.79
1788.579 272.2744
1824.36 282.6444
1816.854 276.2213
1810.244 274.447
1805.425 274.5768
1804.106 275.0901
1803.778 275.2371
1803.638 275.3447
1803.364 275.6263
1803.465 276.1286
1852.351 307.7604
1847.106 307.1638
1848.899 312.4333
1849.373 313.0449
1855.708 325.9121
1933.587 406.237
1988.476 444.8905
2049.661 515.1011
2027.939 531.0543
1838.058 509.5844
1840.381 510.2824
1847.737 633.6303
1528.36 533.5491
1503.961 520.277
1557.973 527.7122
1527.397 518.0567
1910.246 532.1003
1898.148 531.6189
2015.336 532.169
2028.933 531.4006
2004.831 527.9536
2031.064 535.2901
2056.107 548.4823
2025.532 528.4461
1993.648 513.3254
1969.614 503.9869
1957.602 498.3273
1980.928 512.0877
1988.447 531.7798
1992.343 487.804
2002.001 481.1585
1795.415 451.9641
1684.906 464.4142
1667.538 456.8537
1741.409 457.3682
1737.528 466.8361
1688.757 457.2005
1708.636 460.9401
1740.021 468.7222
1808.803 468.3579
1718.885 464.359
1675.581 472.7096
1899.341 502.9134
1929.014 511.2107
1953.194 511.6817
1895.008 498.3737
1654.85 428.7855
1732.01 454.9739
1804.56 461.8384
1833.107 432.7297
1790.567 476.1422
1770.797 485.0824
1793.592 481.1393
1793.119 482.3963
1784.046 482.6439
1766.68 482.0093
1755.453 481.5323
1736.247 479.8293
1739.744 480.2343
1743.04 480.5505
1738.387 468.3119
1778.695 456.1945
1815.332 472.2399
1726.292 466.9588
1653.338 457.1369
1676.382 459.0426
1844.797 471.9958
1915.373 493.1188
1920.583 498.3397
1922.434 500.1026
1923.464 500.254
1826.163 489.4224
1728.708 475.8952
1826.469 482.4885
1866.788 483.8989
1891.445 488.8963
1778.266 484.1705
1740.818 478.127
1829.06 484.4151
1717.671 471.54
1653.476 459.0055
1648.946 456.813
1647.902 456.3107
1647.096 456.6159
1646.567 457.1149
1644.983 457.8001
1643.726 458.4115
1644.151 457.6751
1637.9 458.4186
1634.689 458.9541
1630.42 459.1263
1788.48 467.8618
1772.771 473.0189
1803.787 476.6061
1778.272 483.9721
1782.817 484.2338
1901.598 489.2827
1664.96 473.9699
1650.782 469.8673
1650.074 463.6844
1650.228 462.3755
1795.447 464.7544
1708.293 462.0301
1726.098 460.0716
1707.708 460.4847
1702.427 461.3976
1700.94 461.8048
1710.883 464.2643
1769.671 479.8679
1817.863 478.1659
1866.838 487.2557
1865.519 492.5651
1864.293 499.6157
1871.387 484.7241
1891.923 490.8999
1898.249 502.7592
1897.772 517.0134
1863.497 507.6514
1727.667 499.82
1653.097 484.0844
1636.993 473.6053
1620.61 467.2077
1728.697 476.554
1789.903 489.554
1847.749 489.1888
1711.827 493.0501
1602.797 495.1204
1781.429 523.0713
1859.446 529.1452
1811.494 526.8389
1709.56 489.523
1704.608 483.23
1831.898 489.4956
1919.42 492.9014
1949.228 495.1682
1951.441 495.0141
1951.642 496.986
1950.498 496.5523
1948.815 495.7108
2215.632 503.6724
2151.512 504.2141
2074.625 502.9797
2241.781 510.9418
2279.898 513.963
2301.292 525.0226
2358.177 525.8061
2382.036 515.9069
2382.291 516.1033
2382.676 516.3438
2383.141 516.5918
2383.615 516.7957
2384.106 516.8606
2384.551 516.7806
2384.866 516.6714
2385.064 516.5951
2385.208 516.5352
2385.267 516.4261
2385.198 516.3236
2385.016 516.1981
2384.762 515.9985
2384.407 515.7451
2384.091 515.4515
2029.749 560.5769
2414.849 464.4087
2325.435 496.9584
2109.334 491.5429
2173.687 477.2684
2233.963 495.0677
2293.705 508.4763
2369.937 501.3682
2387.874 502.1401
2402.403 496.8864
2409.897 488.4125
2409.825 481.6657
2410.189 475.644
2412.353 474.7646
2411.214 470.9857
2312.095 479.1628
2076.484 510.1332
2060.11 540.4597
2249.016 525.6783
2339.759 520.2183
2290.369 522.5068
2396.541 488.879
2408.685 474.8675
2413.22 469.4544
2352.816 490.5253
2256.355 518.197
2339.652 497.733
2176.149 520.7924
2154.231 540.1187
2347.471 498.0726
2387.432 481.575
2340.153 488.2564
2307.266 516.6036
2227.539 552.827
2211.993 560.0128
2202.903 561.8309
2202.584 561.1263
2194.916 558.207
2197.684 548.9601
2197.568 544.7643
2195.494 535.5375
2198.934 526.2347
2198.442 523.7751
2198.767 520.7604
2198.801 518.2156
2198.398 517.586
2198.789 517.738
2201.318 515.8381
2205.066 516.4059
2205.131 516.7995
2204.173 517.106
2203.112 517.4163
2203.754 517.9896
2202.13 513.3577
2200.774 508.6896
2199.188 499.6938
2196.099 494.5242
2193.189 491.8942
2190.517 490.835
2187.965 490.5847
2188.885 490.8401
2190.02 494.4196
2202.294 516.9841
2359.969 529.697
2398.162 539.2494
2405.48 552.9589
2380.842 559.2283
2367.865 561.8974
2309.469 571.459
2310.128 566.6237
2306.726 565.1454
2283.761 569.4136
2261.56 575.5724
2255.603 579.3542
2252.653 581.5488
2251.712 582.6619
2248.227 584.7285
2246.506 586.2959
2244.286 587.7369
2243.971 589.0051
2242.286 589.8192
2239.459 591.0057
2236.645 592.5101
2234.366 593.7233
2232.532 594.3386
2230.604 593.9634
2229.333 593.4449
2281.374 543.212
2266.135 561.5349
2255.645 564.0751
2289.367 540.1122
2283.672 543.1953
2273.644 551.7625
2251.956 568.7098
2237.557 577.9727
2231.357 581.4238
2228.013 584.2462
2226.742 584.5063
2258.646 578.8243
2252.52 580.161
2245.161 580.509
2241.374 580.4049
2239.008 580.2695
2237.866 580.395
2237.253 580.6413
2237.633 581.2601
2238.313 582.2603
2238.934 582.9955
2239.993 582.7974
2241.458 582.2026
2243.233 582.8987
2244.746 582.4465
2246.478 582.0609
2248.072 581.6072
2249.706 581.001
2251.392 580.736
2252.986 580.6878
2254.442 580.6338
2254.6 581.244
2249.343 572.4211
2237.213 548.4318
2239.889 555.6627
2244.75 560.5214
2246.981 570.2027
2248.42 579.6315
2249.884 583.0308
2250.865 584.2773
2370.826 578.106
2372.186 555.7605
2427.397 592.2216
2415.598 627.0588
2432.897 633.7129
2437.575 618.5344
2440.388 618.2025
2441.686 594.2742
2440.775 603.9492
2439.95 623.0871
2440.527 629.2542
2450.422 631.2274
2445.764 633.2383
2444.533 632.844
2443.944 632.0753
2444.008 631.6462
2444.077 630.729
2324.975 639.791
2150.758 623.1672
2281.748 616.6667
2400.44 589.2957
2435.993 599.1073
2441.682 604.766
2441.378 614.5449
2441.917 620.5013
2441.244 623.9884
2446.171 585.3878
2452.112 547.2355
2455.024 532.0873
2455.188 529.4866
2450.37 543.626
2458.484 545.6164
2453.155 537.7817
2449.569 545.1849
2447.373 554.2131
2442.6 556.7351
2439.401 563.8491
2438.171 562.882
2438.244 565.3131
2438.259 566.0134
2439.993 565.4318
2449.835 566.7975
2446.138 566.2071
2444.949 566.1544
2447.926 565.7296
2405.04 573.2575
2275.299 596.8425
2256.679 603.8051
2317.669 593.2454
2354.395 589.9406
2419.232 577.3571
2423.376 573.8394
2438.191 567.8607
2438.308 567.7648
2437.541 568.0259
2434.361 566.517
2435.498 566.7025
2277.919 581.9408
2178.418 598.2417
2128.258 610.4272
2353.673 590.6666
2444.248 571.6713
2453.05 548.2771
2377.941 557.8832
2314.654 562.6907
2274.573 562.24
2277.094 566.3562
2323.639 612.0034
2382.905 634.8188
2406.083 634.4938
2424.013 631.7006
2436.259 624.4076
2437.27 620.1686
2420.038 629.0239
2413.293 629.3327
2439.417 613.0895
2427.783 624.3345
2435.185 639.9191
2444.117 625.6128
2449.912 628.458
2410.949 625.3113
2446.085 626.5773
2445.993 626.5181
2410.501 627.3349
2434.883 627.1288
2421.564 628.0776
2428.511 640.3734
2428.479 640.9719
2430.693 647.0806
2433.301 640.5093
2437.025 638.1541
2439.551 639.4585
2441.307 638.2889
2434.243 620.7224
2440.225 641.4235
2439.081 639.0272
2429.829 638.9078
2432.736 630.9832
2413.825 632.739
2411.478 624.7884
2410.24 620.2692
2411.357 624.8616
2409.93 627.7181
2401.114 629.905
2405.413 630.7496
2412.071 633.0729
2423.252 634.5968
2417.421 636.3246
2430.117 640.4937
2423.485 639.9102
2420.333 637.2681
2418.505 638.3826
2421.469 637.4479
2422.405 642.0383
2423.866 640.6673
2427.136 635.6591
2429.81 631.6381
2432.861 626.6683
2435.383 627.6777
2434.806 613.2076
2419.99 602.338
2420.551 602.4629
2421.08 602.5859
2421.626 602.7214
2314.163 532.9946
2415.486 585.9261
2359.491 545.3878
2297.522 539.0643
2322.163 544.2434
2308.343 541.1595
2328.17 539.0662
2310.385 538.1791
2320.437 536.6382
2290.56 535.8099
2291.001 536.0299
2266.03 523.9844
2266.421 524.205
2266.978 522.2222
2267.415 522.3942
2267.869 522.4878
2268.283 522.558
2268.668 522.6013
2269.042 522.6301
2269.459 522.6649
2269.833 522.7241
2270.221 522.8098
2270.575 522.9117
2270.892 523.0125
2271.194 523.106
2271.44 523.1699
1938.724 497.569
1931.215 498.2906
1927.525 502.5684
1934.521 507.9255
1732.135 509.6467
1789.62 513.506
1608.27 492.2082
1566.859 477.007
1567.142 476.9554
1567.533 477.0037
1567.986 477.1313
1568.453 477.2145
1568.943 477.2428
1569.392 477.2049
1569.721 477.1152
1569.956 476.9463
1570.163 476.6741
1570.301 476.3258
1570.306 475.9961
1570.194 475.6792
1570.002 475.363
1678.871 486.8821
1744.56 499.9455
1435.9 465.7787
1633.007 478.9782
1826.111 500.6304
1852.911 514.3911
1854.691 523.5934
1853.911 526.4304
1853.979 528.1931
1853.833 529.3878
1853.96 530.5031
1854.382 531.2285
1854.971 531.7785
1855.827 531.9921
1857.019 531.9279
1857.952 531.7665
1858.743 531.475
1868.56 505.0036
1872.797 511.5083
1874.996 518.8804
1872.99 520.9753
1871.735 522.7591
1869.388 526.5449
1868.812 527.7063
1868.505 528.3196
1868.317 528.5212
1868.398 528.8004
1868.152 530.1077
1867.803 531.3755
1867.382 532.8765
1866.034 535.8743
1863.639 528.3015
1862.879 532.4183
1861.534 539.1223
1859.018 548.6128
1857.368 553.0452
1928.114 537.9695
1926.129 503.4101
1916.539 513.0251
1910.652 515.2493
1898.828 518.033
1911.076 508.1523
1942.408 498.9807
1953.634 497.6355
1958.746 496.4404
1961.415 495.3793
1964.164 492.5888
1966.408 489.4064
1967.453 486.8264
1967.809 485.5077
1968.132 484.5531
1967.357 484.3583
1966.509 484.1935
1966.106 483.8355
1965.645 483.8392
1965.305 483.757
1965.051 483.8069
1965.114 483.8633
1965.241 483.8809
1965.56 483.9491
1966.427 484.2523
1967.229 484.6118
1967.995 485.0236
1964.116 499.308
1960.65 521.7439
1938.769 538.9213
1921.167 558.0758
1915.108 559.2843
1919.013 562.5709
1922.602 562.3825
1928.176 553.0418
1935.411 549.1858
1936.194 550.2716
1927.551 564.2432
1910.753 574.7135
1897.066 579.6552
1892.291 580.853
1868.487 567.0909
1846.583 561.1616
1744.59 490.4931
1744.421 487.5818
1730.341 487.5581
1688.181 460.1178
1644.052 463.9513
1663.055 494.7919
1660.616 480.9689
1663.139 458.8296
1663.675 450.6268
1665.666 438.9969
1732.883 466.3304
1721.777 458.1379
1704.398 446.423
1694.509 442.2704
1705.683 447.9193
1773.244 499.5407
1807.996 527.432
1783.062 506.3592
1758.015 510.5454
1769.71 515.3194
1797.208 507.5705
1814.328 514.1927
1772.557 494.7028
1752.906 481.4451
1793.619 504.0085
1698.86 458.4769
1677.927 436.6854
1670.832 429.9473
1667.642 427.7752
1666.805 427.5838
1659.291 426.6532
1671.286 428.8604
1682.735 431.646
1735.713 468.7002
1860.63 553.7178
1823.983 523.4341
1772.58 489.362
1734.353 461.8221
1763.02 483.5897
1826.668 533.3415
1838.906 544.6331
1860.434 563.0222
1872.73 572.6127
1889.687 574.0601
1901.069 571.7931
1906.848 570.9736
1907.814 570.372
1901.827 568.6168
1902.195 569.3542
1901.801 570.309
1620.949 513.1381
1625.097 553.5594
1625.395 627.5887
1644.333 619.7905
1655.995 604.0078
1683.637 607.4817
1881.739 645.767
1778.795 637.382
1712.352 628.6528
1687.453 624.6678
1679.044 623.7122
1674.099 622.9764
1674.912 622.6675
1677.783 622.5307
1677.079 622.1401
1679.799 622.0647
1682.266 615.0332
1687.764 591.6811
1686.133 591.1584
1689.38 572.5256
1687.607 586.7792
1684.351 593.9695
1681.589 604.8104
1679.931 611.4932
1679.193 615.3554
1874.477 643.4492
1912.225 647.3466
1863.213 621.2188
1859.328 599.6457
1887.243 612.0186
1905.337 630.0107
1891.171 627.0565
1900.663 638.1595
1894 639.8202
2020.635 635.8809
1962.541 649.3515
1856.389 639.6332
1846.505 622.6643
1865.405 649.0551
1830.708 641.5748
1875.787 654.2784
1896.163 659.9088
1905.194 662.7857
1908.853 664.1345
1909.971 664.6966
1909.799 664.7705
1909.543 664.5543
1908.649 664.3661
1908.573 664.22
1907.687 664.1181
1907.468 663.9724
1906.685 663.8988
1906.85 663.7418
1906.545 663.6446
1906.431 663.6127
1906.374 663.6045
1906.307 663.6683
1906.286 663.6286
1906.024 663.5326
1905.676 663.3965
1905.404 663.2699
1905.024 663.1613
1905.118 663.1098
1905.248 663.094
1905.395 663.0221
1905.598 662.9098
1905.708 662.7285
1905.754 662.5007
1906.067 662.1179
1906.19 661.8538
1906.818 661.3241
1829.506 612.2139
1823.625 609.131
1823.171 608.7292
1819.545 607.4064
1652.2 589.2458
1547.9 575.0421
1605.101 565.3843
1648.909 542.0381
1580.661 556.3605
1556.815 557.72
1548.659 564.8591
1544.639 569.9875
1544.006 572.9925
1576.113 679.1321
1672.965 652.4532
1633.129 663.5416
1606.305 622.4575
1596.665 612.6613
1647.862 662.1185
1667.322 702.5463
1674.224 714.6393
1678.916 718.9391
1699.4 606.2691
1707.833 544.6169
1708.686 534.289
1708.182 533.9935
1707.674 534.2147
1700.456 580.4906
1690.493 637.4966
1685.421 663.2871
1690.507 637.4155
1703.662 562.0021
1707.256 539.5465
1707.573 537.718
1707.897 537.8348
1707.983 536.8774
1708.048 537.1978
1708.05 536.8635
1783.394 558.95
1878.055 633.3329
1909.085 661.4825
1912.143 664.3728
1912.907 665.2106
1912.795 665.7432
1912.757 665.8353
1829.607 615.6404
1812.574 606.6013
1796.346 644.2382
1757.275 513.2541
1794.462 527.1636
1803.794 510.4557
1843.488 536.7715
1886.294 544.7482
1809.893 441.5518
1760.969 441.3135
1753.657 455.1071
1940.441 498.2374
1947.651 532.1158
1950.645 543.2351
1954.492 546.1492
1959.615 545.5724
1955.876 546.9999
1954.938 547.5825
1962.344 538.9739
1961.843 533.374
1974.135 524.5367
1972.54 511.0764
1970.872 506.18
1978.498 495.7792
1983.538 491.1496
1978.621 498.1144
1979.238 498.7886
1975.277 498.6827
1947.435 511.4858
1937.426 518.5616
1929.658 523.1548
1927.643 525.1447
1927.526 525.7582
1926.617 526.6319
2271.671 523.2017
2271.854 523.2083
2271.996 523.1964
2272.127 523.1579
2272.216 523.095
2272.277 523.0118
2272.31 522.929
2272.331 522.8307
2272.347 522.7114
2272.32 522.5934
2272.259 522.4605
2272.128 522.3113
2271.989 522.1561
2271.817 521.9639
2271.575 521.7595
2271.277 521.5461
2270.908 521.3274
2270.485 521.1131
2270.096 520.9174
2269.678 520.7002
2269.299 520.4793
2268.894 520.2408
2268.457 520.0077
2268.078 519.8133
2267.695 519.7029
2267.296 519.6686
2266.938 519.6821
2266.604 519.7133
2266.323 519.7129
2266.14 519.6724
2265.993 519.5989
2265.852 519.4776
2265.722 519.3246
2265.635 519.1439
2265.555 518.9395
2265.532 518.7422
2265.552 518.5606
2265.619 518.3702
2265.731 518.2147
2265.89 518.0815
2266.016 517.9857
2266.113 517.9333
2266.123 517.9203
2266.111 517.9116
2266.13 517.9191
2266.194 517.9323
2266.314 517.9552
2266.398 517.9861
2266.447 518.0294
2266.458 518.0763
2266.443 518.1445
2266.444 518.2128
2266.478 518.3301
2266.551 518.4937
2266.659 518.7066
2266.847 518.9867
2267.051 519.304
2267.351 519.6426
2267.772 519.9869
2268.272 520.2339
2268.827 520.3912
2269.448 520.4781
2270.145 520.4998
2270.809 520.4862
2271.479 520.4788
2272.04 520.4962
2272.516 520.5311
2196.796 587.329
2197.142 587.3873
2197.394 587.4269
2197.554 587.4379
2197.578 587.4584
2197.488 587.4946
2197.303 587.5734
2197.074 587.6755
2196.82 587.8093
2196.539 587.9439
2160.486 600.0495
2160.244 600.1099
2159.992 600.1132
2159.768 600.0663
2136.773 589.0562
2136.557 588.9251
2136.377 588.7861
2136.207 588.6564
2135.999 588.5236
2135.801 588.3806
2135.612 588.2571
2135.371 588.1317
2135.1 587.9949
2134.771 587.8573
2134.421 587.7049
2140.305 596.266
2139.939 596.0911
2139.561 595.9054
2139.229 595.7606
2138.927 595.6579
2154.575 591.1514
2154.283 591.1197
2154.014 591.1342
2153.743 591.164
2160.678 608.1078
2160.429 608.162
2160.216 608.2005
2160.062 608.2286
2159.941 608.2563
2159.848 608.2803
2159.802 608.2829
2159.765 608.276
2159.761 608.2673
2159.769 608.2792
2175.698 599.2899
2165.683 601.6511
2197.444 560.1427
2178.226 583.671
2174.369 590.5958
2174.432 590.6767
2174.55 590.7256
2174.707 590.7637
2159.62 605.0577
2159.796 605.1045
2160.037 605.1611
2160.277 605.2186
2165.389 589.4582
2159.582 591.5716
2176.806 594.3802
2177.148 594.3964
2173.319 600.8528
2173.619 600.842
2173.89 600.8171
2174.198 600.7713
2174.532 600.7198
2159.969 609.8512
2160.334 609.7867
2160.641 609.7247
2171.884 618.8232
2172.082 618.7828
2172.252 618.7463
2172.4 618.701
2172.525 618.6357
2160.844 631.7928
2160.889 631.7061
2160.934 631.5996
2161.039 631.4849
2161.209 631.348
2161.442 631.1697
2161.766 630.9235
2162.079 630.6831
2162.46 630.4044
2162.953 630.0931
2163.45 629.7839
2163.975 629.4282
2164.367 629.1018
2164.661 628.7745
2164.823 628.431
2164.83 628.0646
2164.698 627.7227
2164.405 627.3921
2164.037 627.1115
2163.625 626.8367
2163.239 626.5872
2162.847 626.3259
2162.528 626.0775
2162.24 625.8284
2162 625.6315
2161.778 625.3819
2161.529 625.1317
2161.334 624.8454
2161.167 624.557
2160.996 624.2446
2160.846 623.9672
2160.677 623.6836
2160.488 623.3985
2194.784 657.5104
2194.449 657.2147
2194.097 656.9067
2193.809 656.6251
2193.511 656.3318
2193.176 656.0955
2192.791 655.8954
2192.364 655.7748
2191.883 655.7383
2191.448 655.8099
2191.067 655.9131
2190.754 656.0369
2190.504 656.1556
2190.378 656.3002
2190.375 656.4479
2190.45 656.6351
2190.541 656.7946
2184.916 637.5925
2185.019 637.7532
2185.146 637.8914
2185.306 638.0049
2185.457 638.1196
2202.875 654.4171
2213.355 640.0352
2213.575 640.1765
2224.358 677.5423
2224.712 677.6689
2191.137 656.6302
2191.366 656.7088
2190.982 659.7761
2191.145 659.8136
2221.827 633.1254
2201.115 624.0371
2196.278 630.8331
2222.298 644.4713
2239.204 642.9115
2197.568 646.852
2278.112 637.9935
2278.068 638.1124
2278.001 638.2437
2337.251 667.7415
2337.205 667.8116
2336.717 691.5385
2336.682 691.5587
2361.589 721.7895
2361.703 721.8143
2361.823 721.8342
2362.02 721.8417
2362.277 721.839
2362.549 721.8304
2362.806 721.822
2363.043 721.8323
2363.198 721.8406
2363.313 721.8455
2363.33 721.8302
2363.283 721.7959
2363.172 721.7592
2363.052 721.729
2362.919 721.7199
2362.761 721.7247
2362.58 721.751
2362.37 721.7958
2362.115 721.8564
2361.903 721.9089
2361.699 721.9491
2361.501 721.9664
2361.215 721.9839
2360.923 722.0129
2360.557 722.0751
2360.169 722.1492
2359.791 722.235
2359.448 722.3566
2359.187 722.4885
2359.056 722.6491
2359.02 722.8201
2359.088 722.9774
2359.203 723.1086
2359.408 723.2426
2359.656 723.3629
2359.932 723.4861
2360.231 723.5983
2360.51 723.6795
2360.743 723.7289
2360.968 723.7644
2361.14 723.7871
2361.261 723.8154
2361.323 723.8302
2361.288 723.8192
2361.168 723.7812
2360.992 723.7291
2360.742 723.7067
2360.403 723.7158
2360.054 723.7616
2359.643 723.8029
2359.238 723.8616
2358.843 723.9447
2358.515 724.0522
2358.236 724.1644
2163.37 623.2699
2162.525 622.743
2162.384 622.5621
2177.297 620.4042
2177.121 620.2104
2176.904 620.0586
2176.642 619.9388
2176.322 619.8491
2176.011 619.7633
2175.679 619.633
2175.384 619.4691
2170.066 639.7751
2169.783 639.6304
2169.537 639.5112
2168.976 639.3458
2168.369 639.2402
2185.785 643.0616
2185.633 642.8135
2185.576 642.3863
2279.846 654.5643
2279.672 654.4929
2279.508 654.5121
2174.347 607.9528
2174.155 608.0805
2168.12 631.4106
2168.087 631.6368
2150.251 602.7172
2136.303 631.9037
2136.458 632.1097
1926.896 526.5613
1926.072 526.4507
1924.757 526.8052
1921.409 527.7382
1919.594 528.2197
1919.102 528.3564
1918.889 528.4827
1918.755 529.0857
1918.791 529.5435
1915.907 531.6456
1916.281 532.1126
1918.736 530.7215
1933.427 523.6992
1949.463 514.9325
1946.823 515.112
1939.213 517.8482
1930.185 519.6569
1929.105 526.8836
1928.654 528.9107
1895.169 540.3272
1893.255 542.8017
1894.882 543.3196
1891.278 545.644
1897.656 543.389
1891.525 543.5755
1894.04 540.9414
1895.368 539.0999
1898.074 536.8127
1892.534 534.576
1875.58 533.2906
1860.24 531.8988
1843.809 538.2104
1832.592 536.3576
1836.085 546.163
1517.853 503.379
1640.301 515.8379
1742.994 525.0714
1712.838 514.9581
1521.621 488.5985
1492.792 480.985
1768.651 509.1433
1844.794 548.3604
1838.903 580.0473
1836.698 590.5922
1836.515 593.861
1852.422 573.4539
1854.015 569.5007
1559.547 510.9405
1547.193 500.477
1640.676 511.5094
1567.689 493.2555
1502.208 483.386
1745.023 513.6036
1809.894 520.1694
1819.343 525.7161
1819.025 530.5366
1839.266 538.7908
1841.968 542.1746
1832.575 542.5804
1845.11 546.045
1842.236 544.786
1835.295 554.8149
1834.141 551.7071
1830.808 548.4828
1825.451 546.667
1821.837 544.0919
1820.192 541.2003
1815.687 540.3128
1803.163 540.778
1794.498 539.4648
1787.535 539.6688
1784.773 538.6771
1780.652 538.793
1779.655 538.4387
1780.656 537.9943
1778.177 538.399
1777.65 539.5385
1779.564 539.4678
1780.428 539.0331
1780.913 538.5742
1781.775 538.1367
1782.858 537.6256
1784.703 536.3554
1786.827 534.86
1794.989 534.8612
1795.516 534.899
1802.489 535.5425
1808.116 535.8528
1812.323 536.1509
1815.246 546.1674
1815.504 559.0059
1809.668 559.432
1812.286 580.65
1817.643 575.1801
1822.347 571.7094
1828.62 567.2482
1832.352 558.5374
1835.494 550.1018
1838.143 547.4621
1838.801 547.1793
1842.284 548.0189
1845.168 548.394
1846.648 548.7956
1625.499 520.5058
1497.79 494.6247
1622.039 515.041
1764.646 525.5881
1826.231 559.8155
1829.226 568.0839
1829.782 556.6859
1830.783 560.3359
1828.245 557.2892
1852.049 557.144
1861.109 555.0999
1686.83 530.0583
1793.758 538.6903
1819.092 541.0188
1866.908 546.0637
1874.517 548.7301
1878.322 551.6274
1876.825 555.3134
1875.719 557.4569
1873.734 556.3298
1871.808 557.4551
1871.284 559.0864
1869.571 560.663
1866.266 559.056
1863.431 557.1038
1845.382 552.8865
1840.818 550.204
1842.39 549.4731
1844.199 548.522
1845.123 547.7705
1846.974 547.4594
1847.863 547.0575
1849.168 547.6639
1845.599 558.7933
1852.62 559.0857
1855.655 559.2935
1853.904 557.4094
1847.008 552.5829
1832.945 543.6356
1826.147 539.9526
1819.227 537.5328
1809.92 562.5345
1801.786 590.2784
1796.028 605.0067
1794.556 608.375
1793.493 610.3057
1791.099 613.3307
1789.403 614.9354
1787.711 616.4808
1785.036 618.5677
1784.532 618.9912
1782.062 621.1644
1780.572 622.14
1779.138 622.9894
1777.77 623.6292
1777.046 623.7726
1775.889 625.0073
1774.871 626.4411
1773.796 627.4269
1772.719 628.9366
1772.047 629.9238
1771.633 630.2068
1771.261 630.2635
1770.388 630.7599
1769.882 630.8558
1768.604 632.0909
1767.864 632.7525
1767.5 632.6967
1767.1 632.7829
1766.271 632.9457
1765.741 632.8917
1765.11 632.8833
1764.277 632.9091
1763.652 632.9631
1763.025 633.2098
1762.393 633.5729
1761.768 634.1453
1761.13 634.6758
1760.449 635.2446
1760.025 635.5215
1759.726 635.7682
1759.681 635.8762
1759.666 636.0414
1760.265 636.2961
1760.789 636.5488
1761.342 636.8617
1761.937 637.078
1762.733 637.3333
1762.685 637.5417
1763.82 637.6748
1765.014 637.3997
1766.021 637.0391
1767.083 636.3771
1767.795 636.0699
1768.43 635.7534
1768.979 635.4652
1769.876 634.5363
1770.63 633.8647
1771.543 632.8487
1772.381 632.0186
1773.159 631.3061
1774.216 630.6823
1774.868 630.5558
1775.596 630.3351
1776.319 630.1448
1777.331 629.8404
1778.08 629.8687
1778.575 629.86
1778.909 629.9332
1779.231 630.1378
1780.671 632.7351
1783.02 668.5615
1858.149 672.562
1820.932 701.8052
1807.282 715.5373
1804.235 718.935
1804.062 717.8993
1803.835 717.4368
1805.12 717.0801
1805.919 717.4475
1806.668 717.7904
1808.296 717.882
1808.727 717.5688
1809.004 717.3998
1809.192 717.8601
1809.449 718.9091
1810.94 718.5562
1811.133 718.8222
1811.089 719.5927
1810.878 718.8221
1811.15 718.5508
1811.717 719.1931
1812.225 718.628
1812.49 717.7462
1812.739 717.0505
1812.832 716.7101
1812.773 716.4778
1812.02 716.1979
1811.255 715.954
1810.729 715.7599
1810.229 715.795
1809.672 715.8516
1809.401 716.1897
1809.143 716.5884
1808.925 716.9583
1808.753 717.2667
1808.466 717.3981
1807.419 716.928
1806.735 716.2057
1806.531 715.7421
1805.508 715.6827
1805.487 716.0058
1805.415 716.064
1804.891 715.632
1803.38 714.7436
1802.215 714.8096
1798.874 713.7471
1798.483 711.2991
1794.14 691.9765
1783.979 662.5453
1768.571 632.8893
1756.925 613.8461
1750.503 607.7973
1746.904 606.1332
1745.859 605.7983
1745.801 605.7546
1745.625 605.9019
1746.022 605.7236
1746.504 605.2675
1747.853 603.7602
1748.089 603.5508
1748.354 603.4205
1748.334 603.5996
1748.342 603.7967
1748.286 603.7563
1748.199 603.7017
1748.214 603.6439
1748.72 603.64
1749.196 603.6501
1749.388 603.574
1750.393 603.6548
1750.918 603.6535
1751.934 603.617
1753.014 603.4272
1753.787 603.106
1753.554 602.2561
1753.164 601.2719
1752.184 600.5426
1751.014 599.8928
1750.217 599.5912
1749.735 599.3892
1749.593 598.9147
1749.738 598.2454
1749.849 597.8399
1750.159 596.8285
1750.439 596.0786
1750.706 595.5065
2136.583 632.2675
2136.758 632.375
2137.02 632.4257
2182.804 624.2029
2183.115 624.197
2183.412 624.1984
2183.741 624.1952
2184.016 624.2083
2184.236 624.2189
2184.374 624.2196
2184.462 624.197
2201.265 632.4409
2201.304 632.3972
2201.304 632.385
2201.274 632.4198
2201.225 632.5001
2201.175 632.5959
2201.124 632.7147
2201.088 632.8405
2201.024 632.9569
2189.143 632.9764
2189.095 633.0265
2189.076 633.0638
2189.113 633.1044
2189.192 633.1825
2189.29 633.2938
2189.393 633.4368
2189.489 633.5551
2189.607 633.6501
2189.77 633.7195
2189.996 633.8293
2190.291 633.9645
2182.27 622.1495
2224.118 618.2677
2224.525 618.4211
2224.965 618.5794
2225.383 618.7422
2225.865 618.9249
2226.356 619.111
2219.702 629.8201
2220.189 630.0077
2220.641 630.1981
2213.782 630.226
2214.118 630.3842
2214.377 630.5278
2214.522 630.6656
2214.592 630.8373
2214.575 631.094
2214.573 631.4343
2262.244 635.291
2262.244 635.7532
2172.534 626.0037
2172.401 626.4943
2166.097 632.8531
2165.873 633.1671
2165.674 633.3825
2165.406 633.5837
2165.038 633.8137
2164.664 634.068
2164.245 634.3679
2163.8 634.6234
2194.1 650.6201
2181.951 637.9628
2199.36 629.7137
2198.909 630.0416
2198.403 630.4198
2158.439 631.7856
2158.023 632.165
2175.362 642.1663
2210.062 637.412
2209.703 637.8188
2209.303 638.2036
2208.958 638.5488
2208.654 638.9043
2208.335 639.2979
2207.986 639.6793
2207.66 640.0195
2207.445 640.2778
2207.367 640.4635
2207.363 640.6255
2207.363 640.808
2207.361 641.0421
2207.299 641.3806
2207.112 641.7773
2206.751 642.0665
2206.345 642.2078
2205.939 642.1832
2205.571 642.0062
2205.314 641.7598
2205.184 641.4727
2205.179 641.2312
2205.218 641.026
2205.295 640.8171
2205.441 640.5494
2205.617 640.2333
2205.817 639.911
2205.968 639.7313
2206.087 639.6846
2206.22 639.7355
2206.346 639.8141
2206.472 639.8984
2206.605 639.9769
2206.789 640.0435
2207.047 640.1038
2207.398 640.1594
2207.828 640.1726
2208.408 640.1721
2209.217 640.1653
2210.026 640.1684
2210.773 640.1295
2211.565 640.0503
2212.346 639.9555
2213.169 639.8486
2214.03 639.7621
2214.959 639.7099
2215.909 639.7224
2216.815 639.7777
2217.781 639.9069
2218.74 640.0473
2219.74 640.1915
2220.555 640.3171
2221.264 640.4469
2221.915 640.575
2222.481 640.6988
2222.927 640.8037
2223.31 640.8824
2223.565 640.9274
2223.683 640.9484
2223.721 640.9306
2223.651 640.8376
2223.535 640.6785
2223.361 640.4139
2223.169 640.0923
2222.931 639.726
2222.592 639.2749
2222.177 638.8003
2221.72 638.3198
2221.254 637.8708
2220.85 637.4931
2220.503 637.2224
2220.174 637.0519
2219.808 636.929
2219.351 636.8143
2218.784 636.6631
2218.208 636.4595
2217.688 636.2665
2217.154 636.0827
2216.674 635.9292
2216.27 635.8379
2215.944 635.7731
2215.682 635.7174
2215.453 635.6738
2215.261 635.6494
2215.102 635.6157
2214.969 635.5802
2214.895 635.516
2214.834 635.4496
2214.801 635.3834
2214.767 635.3379
2214.747 635.3358
2214.737 635.3869
2214.751 635.4844
2214.886 635.6144
2215.144 635.7596
2215.557 635.9487
2216.118 636.1432
2216.735 636.3322
2217.422 636.4965
2218.06 636.631
2218.713 636.7352
2219.466 636.8601
2220.251 636.9843
2221.053 637.1315
2221.883 637.3104
2222.658 637.5079
2223.316 637.6884
2223.953 637.8978
2224.572 638.1163
2225.161 638.3202
2225.753 638.4938
2226.32 638.6487
2226.85 638.8159
2227.375 639.0162
2227.871 639.2729
2228.267 639.5607
2228.658 639.9324
2229.031 640.2961
2229.41 640.6221
2229.811 640.9135
2230.253 641.1725
2230.694 641.3549
2231.177 641.4907
2231.617 641.6069
2232.022 641.7243
2232.419 641.8447
2232.754 641.9678
2233.061 642.0817
2233.316 642.1635
2233.501 642.1827
2233.605 642.1432
2233.631 642.0598
2233.559 641.9294
2233.415 641.7705
2233.197 641.5797
2232.908 641.3754
2232.605 641.189
2232.192 640.9747
2231.725 640.7827
2231.132 640.5558
2230.506 640.3413
2229.828 640.092
2229.138 639.8342
2228.427 639.5638
2227.679 639.287
2226.915 638.9962
2226.057 638.6998
2225.175 638.4307
2224.364 638.2131
2223.531 638.0109
2222.724 637.8159
2221.941 637.6314
2221.156 637.4421
2220.497 637.2657
2219.89 637.0886
2219.342 636.9381
2218.759 636.8184
2218.144 636.7618
2217.494 636.7561
2216.846 636.7944
2216.186 636.8651
2215.598 636.9362
2215.048 636.9832
2214.555 637.0084
2214.052 636.9786
2213.574 636.8885
2213.103 636.7568
2212.602 636.6254
2212.11 636.4973
2211.678 636.4045
2211.277 636.3328
2210.904 636.2816
2210.536 636.2576
2210.156 636.2669
2209.805 636.2766
2209.524 636.3035
2209.239 636.3452
2208.983 636.4144
2208.734 636.4953
2208.499 636.6156
2208.307 636.731
2208.181 636.8469
2208.088 636.9851
2208.008 637.1343
2207.971 637.2606
2228.31 625.8922
2228.3 625.9803
2228.298 626.0463
2228.317 626.074
2228.339 626.0633
2228.359 626.0269
2228.355 625.9824
2228.352 625.9291
2228.322 625.8804
2228.301 625.8061
2228.269 625.7205
2247.405 641.3145
2247.305 641.2038
2247.197 641.0665
2247.02 640.9544
2246.82 640.8318
2263.099 680.5309
2262.851 680.4922
2176.485 644.4873
2202.929 644.7263
2202.718 644.7743
2202.533 644.8135
2199.874 638.8957
2199.752 638.9048
2210.671 640.2701
2210.507 640.2321
2210.385 640.1629
2210.288 640.0665
2209.869 644.7154
2209.754 644.6147
2209.61 644.5613
2209.41 644.5363
2195.647 616.8818
2195.431 616.8842
2195.218 616.8866
2194.965 616.8832
2194.668 616.8843
2194.403 616.8775
2194.187 616.8817
2194.006 616.8855
2193.836 616.9009
2193.739 616.9272
2193.684 616.9587
2193.646 616.9963
2193.588 617.0355
2193.54 617.0796
1750.927 594.8755
1751.193 594.0066
1751.447 592.9496
1751.393 592.8536
1750.842 592.9661
1749.897 593.3948
1749.924 594.5892
1749.855 597.6122
1749.477 601.9362
1749.287 604.0476
1749.178 605.5122
1749.12 606.8085
1749.121 607.1291
1749.084 607.5487
1748.995 607.7515
1748.795 608.0545
1748.625 608.4735
1748.538 608.4809
1748.569 608.3214
1749.005 608.1316
1749.499 608.2161
1750.181 608.1672
1750.949 607.9673
1752.057 607.5597
1752.593 607.3702
1753.088 607.1041
1753.425 606.7794
1753.672 606.4838
1753.87 605.9584
1754.249 605.6389
1754.411 605.2826
1754.565 605.0219
1754.821 604.6028
1755.121 604.4897
1755.407 604.5365
1755.707 604.3433
1755.979 604.2973
1756.255 604.2748
1756.309 604.1607
1756.311 604.173
1756.286 604.1747
1756.26 604.0709
1756.025 604.0185
1755.71 603.8779
1755.2 603.4427
1754.599 603.4483
1753.969 603.3321
1753.404 603.1945
1752.913 603.0999
1751.763 603.0366
1750.839 603.1195
1749.984 603.1706
1749.213 602.9365
1748.532 601.9847
1748.374 601.1202
1747.836 600.5406
1747.143 600.058
1745.955 599.3414
1744.981 598.8833
1743.993 598.639
1743.07 598.0256
1742.323 597.7607
1741.763 597.6745
1741.287 597.7691
1740.455 598
1739.599 598.396
1738.797 598.8043
1737.795 599.3909
1737.328 600.3608
1747.161 631.856
1752.466 650.1149
1769.997 697.4455
1769.538 707.1799
1767.28 722.1101
1765.962 724.2257
1769.337 730.5482
1773.474 731.9091
1776.858 730.6247
1777.917 730.677
1814.358 638.3345
1802.592 671.7029
1780.911 723.2552
1777.947 727.9744
1806.976 652.8768
1848.927 490.159
1820.036 633.7128
1802.13 705.2348
1804.915 716.2946
1807.766 718.1648
1827.723 657.5729
1848.154 574.8137
1863.424 488.4968
1849.266 557.4727
1835.881 611.3456
1814.781 685.2361
1806.666 708.1334
1804.4 714.4611
1800.995 721.3624
1803.472 709.5578
1831.855 612.5654
1866.76 460.3306
1870.579 445.0254
1858.69 503.1196
1796.852 680.5285
1792.823 699.6609
1798.074 689.1782
1798.649 689.1517
1800.329 690.8413
1800.151 683.6777
1800.293 691.8563
1798.992 688.4981
1797.324 688.0352
1787.703 693.2222
1788.402 691.2354
1786.779 699.985
1787.271 699.6376
1787.045 701.2039
1773.142 705.5599
1778.648 704.4941
1777.444 702.5256
1779.891 701.5232
1781.598 695.5596
1782.018 694.8954
1781.378 693.4025
1782.238 690.1216
1829.519 672.1604
1822.66 675.7946
1806.887 680.2831
1822.028 665.099
1917.992 620.5479
1981.714 606.6624
1936.78 624.7081
1851.423 677.5942
1809.612 686.3908
1799.658 685.386
1787.517 685.0064
1779.338 684.6403
1783.807 682.1709
1781.56 680.4194
1784.072 679.6224
1774.311 682.4733
1783.883 682.1939
1789.554 680.541
1791.411 679.2814
1791.227 679.9991
1791.424 679.8535
1794.84 679.9986
1794.838 680.0344
1864.622 624.8134
1864.623 526.8309
1836.577 619.1138
1820.34 662.5121
1862.605 639.2145
1908.226 616.3092
1927.88 603.7776
1937.031 596.8675
1936.905 595.4904
1933.557 475.7331
1925.089 546.8999
1924.025 571.2264
1925.566 586.106
1929.149 593.8278
1903.354 651.4371
1871.395 642.8165
1872.833 641.1302
1851.039 647.1336
1846.018 650.768
1841.669 653.4738
1848.591 583.9928
1850.481 535.6259
1850.969 535.8934
1849.651 570.6552
1844.577 627.2178
1846.491 645.0059
1851.858 642.4941
1856.253 643.2654
1860.321 639.9149
1861.078 643.9487
1862.57 640.4689
1865.28 636.8358
1867.069 635.562
1868.249 635.1776
1870.62 635.8973
1871.358 635.5859
1871.654 634.8592
1871.371 634.685
1871.41 632.3955
1871.719 630.0294
1872.065 627.6318
1872.349 623.8239
1872.561 623.3698
1866.609 626.462
1865.205 626.3297
1865.027 625.6518
1863.31 623.5015
1863.725 621.1121
1863.25 620.4556
1860.772 620.2523
1858.979 618.2678
1854.941 618.1901
1852.668 617.8892
1852.515 617.1114
1852.497 616.9263
1851.629 616.2054
1852.66 615.425
1850.275 615.9279
1851.498 615.7509
1848.182 617.2338
1850.023 616.7565
1849.909 616.7081
1850.052 616.5167
1851.528 617.4458
1851.951 616.8223
1854.674 616.477
1857.121 616.0068
1858.616 616.0181
1859.73 615.9574
1862.138 616.181
1860.976 617.925
1861.428 618.7406
1860.881 619.5544
1861.93 620.0461
1863.011 619.7141
1863.828 619.5347
1862.666 620.8157
1859.31 622.2642
1851.168 620.3105
1843.825 619.0823
1839.508 617.4205
1837.7 614.4014
1837.172 612.5317
1836.566 611.0729
1835.969 609.7554
1835.779 606.9994
1835.29 606.4435
1834.569 605.9985
1834.162 604.8701
1833.622 603.9645
1832.853 603.6482
1831.953 603.5501
1831.012 603.7192
1830.228 603.5928
1829.739 602.4111
1829.231 602.069
1828.71 602.0104
1828.075 601.9115
1827.364 601.8522
1827.287 600.8839
1825.823 601.0391
1824.638 601.2401
1824.393 601.2157
1824.223 601.0139
1824.123 600.7917
1824.103 600.4855
1824.004 600.0459
1824.274 598.8299
1824.288 598.568
1824.366 598.1163
1824.483 597.6974
1824.546 597.4463
1824.639 597.3941
1824.746 597.373
1824.893 597.2308
1825.106 597.361
1825.14 597.4093
1825.714 597.4921
1826.421 597.6343
1828.099 597.5089
1828.484 597.5904
1829.738 597.7852
1830.399 597.9081
1832.259 598.2586
1834.158 598.5606
1835.164 598.7908
1836.638 599.0359
1855.006 539.5635
1876.743 483.8154
1882.338 460.217
1879.872 503.4901
1879.135 529.9372
1901.539 447.555
1890.377 486.0746
1903.086 455.729
1893.865 488.6105
1586.177 529.4584
1484.046 395.9668
1489.698 388.0797
1536.614 376.89
1774.837 382.8322
1568.495 364.3387
1517.743 366.7921
1561.902 369.3031
1645.776 405.6877
1658.392 476.9754
1661.292 487.0879
1778.54 463.9827
1843.189 454.0155
1884.736 486.3856
1899.922 420.3817
1855.247 426.0063
2193.496 617.1097
2193.503 617.0971
2193.558 617.0447
2193.652 616.9935
2193.761 616.9404
2193.901 616.8835
2194.063 616.7968
2194.238 616.6248
2194.444 616.4028
2194.655 616.2191
2194.835 616.0849
2208.837 646.7131
2208.953 646.5831
2208.945 646.425
2208.795 646.2372
2208.618 646.025
2208.398 645.7921
2208.13 645.5439
2207.843 645.2852
2207.552 645.0461
2207.225 644.831
2206.901 644.6667
2206.586 644.5338
2206.226 644.3906
2205.884 644.2242
2205.503 644.0045
2205.103 643.7794
2204.781 643.5564
2204.542 643.4257
2204.277 643.3641
2203.893 643.3528
2203.344 643.3109
2202.618 643.1811
2201.85 642.9343
2201.162 642.6317
2200.492 642.2672
2199.895 641.9233
2199.36 641.5981
2198.869 641.3163
2198.491 641.1204
2198.182 641.0127
2197.948 640.9586
2197.793 640.9748
2197.732 641.0496
2197.773 641.1784
2197.926 641.2911
2198.167 641.3745
2198.566 641.4192
2199.055 641.4756
2199.583 641.5291
2200.208 641.6146
2200.859 641.671
2201.516 641.7035
2202.304 641.6647
2203.131 641.5798
2203.938 641.4457
2204.827 641.2549
2205.596 641.0552
2206.264 640.8737
2206.802 640.7253
2207.301 640.6362
2207.67 640.6355
2207.988 640.7515
2208.178 640.9867
2208.278 641.2899
2208.361 641.615
2208.497 641.9381
2208.6 642.2224
2208.675 642.4398
2208.713 642.5692
2208.73 642.6274
2208.701 642.6832
2208.652 642.7573
2208.533 642.8619
2208.366 642.9659
2208.163 643.0641
2208 643.1501
2207.835 643.2218
2207.724 643.2181
2207.628 643.1992
2207.502 643.1852
2207.343 643.184
2207.165 643.1906
2206.92 643.1843
2206.602 643.1561
2206.192 643.1132
2205.739 643.0496
2205.272 642.9541
2204.845 642.8575
2204.364 642.7353
2203.875 642.5824
2203.361 642.429
2202.8 642.305
2202.227 642.2305
2201.66 642.1591
2201.055 642.0845
2200.504 641.9994
2200.111 641.8686
2199.882 641.6015
2199.839 641.2213
2199.934 640.8651
2200.146 640.5482
2200.499 640.289
2200.977 639.9883
2201.566 639.6166
2202.068 639.1935
2202.366 638.7792
2202.398 638.2909
2202.093 637.7933
2201.431 637.3287
2200.405 636.9214
2199.101 636.6283
2197.573 636.469
2195.722 636.3876
2193.428 636.3862
2190.752 636.3759
2187.518 636.2905
2184.151 636.1171
2180.512 635.837
2176.514 635.4112
2172.42 634.9217
2168.297 634.4137
2163.246 633.8578
2157.552 633.4446
2151.771 633.2333
2145.653 633.218
2139.415 633.3571
2133.443 633.5131
2127.065 633.6407
2120.713 633.6561
2114.402 633.6061
2107.493 633.5474
2100.498 633.5614
2094.394 633.6861
2087.759 633.9693
2080.909 634.4053
2073.989 634.9315
2066.462 635.5213
2058.984 636.0649
2051.774 636.6042
2044.11 637.25
2036.005 637.9563
2027.494 638.6412
2017.371 639.3253
2007.589 639.8514
1997.595 640.3112
1987.214 640.7836
1976.151 641.3153
1964.731 641.8481
1952.737 642.3879
1940.248 643.0555
1928.458 643.8602
1915.994 644.9931
1902.47 646.5912
1888.991 648.5101
1874.977 650.5313
1861.377 652.3068
1847.822 653.7372
1832.955 654.9623
1816.93 655.9429
1800.484 656.7009
1782.418 657.2817
1766.01 657.7025
1750.721 658.0289
1734.447 658.3737
1717.796 658.7869
1701.426 659.3063
1683.767 659.934
1666.526 660.4985
1651.776 660.9145
1635.295 661.2134
1618.42 661.4278
1601.139 661.5369
1582.675 661.7396
1564.784 662.1413
1546.869 662.7183
1528.349 663.4078
1510.294 664.1461
1491.935 664.9537
1471.67 665.9957
1453.999 667.0421
1437.828 668.1697
1420.85 669.3501
1404.295 670.5124
1388.06 671.5732
1372.024 672.4945
1356.091 673.2795
1343.202 673.9095
1329.799 674.4857
1317.09 675.0723
1304.483 675.6187
1293.963 676.1656
1284.892 676.6465
1276.127 677.1686
1269.211 677.6382
1262.443 678.1667
1256.498 678.6644
1250.955 679.2046
1246.722 679.6349
1243.162 680.0613
1240.206 680.4614
1237.943 680.8102
1236.445 680.9983
1235.389 681.1061
1234.927 681.0336
1234.841 680.8954
1235.094 680.6962
1235.592 680.5386
1236.284 680.3696
1237.057 680.2575
1237.973 680.1356
1238.791 680.069
1239.595 680.028
1240.244 680.0517
1240.901 680.0461
1241.553 680.0251
1242.253 679.8746
1242.862 679.6243
1243.357 679.1979
1243.64 678.7151
1243.885 678.2256
1244.09 677.6915
1244.279 677.1911
1244.464 676.7068
1244.653 676.1938
1244.777 675.7075
1244.982 675.2375
1245.243 674.8511
1245.701 674.4288
1246.209 674.0316
1246.929 673.4982
1247.749 672.9796
1248.701 672.4426
1249.888 671.8635
1251.465 671.2347
1253.253 670.673
1255.504 670.0018
1257.704 669.5208
1260.25 669.0907
1262.933 668.7659
1266.25 668.4368
1270.05 668.0927
1274.505 667.5904
1278.52 667.0756
1282.436 666.4972
1286.538 665.9125
1290.808 665.3755
1295.432 664.861
1300.27 664.4124
1305.18 664.0812
1310.399 663.8763
1316.083 663.7744
1323.095 663.6356
1331.135 663.4526
1340.48 663.1552
1349.958 662.8698
1359.807 662.6463
1369.963 662.5485
1381.194 662.4763
1393.437 662.4431
1407.609 662.4133
1421.64 662.4481
1435.04 662.4911
1448.5 662.5737
1463.377 662.6296
1478.711 662.5701
1495.026 662.226
1511.663 661.5882
1525.619 660.841
1540.712 659.946
1555.539 659.1017
1570.049 658.46
1584.95 658.0118
1598.983 657.6646
1611.725 657.3229
1623.71 657.0104
1634.663 656.8565
1644.725 656.925
1655.477 657.221
1666.083 657.6113
1675.64 657.9377
1686.088 658.2809
1696.599 658.6874
1707.21 659.1157
1557.625 638.4174
1569.611 638.1702
1581.72 637.9302
1595.521 637.6854
1609.773 637.4993
1624.464 637.3494
1640.442 637.2191
1655.886 637.0726
1671.721 636.9451
1687.838 636.8309
1704.182 636.7972
1719.925 636.8093
1737.187 636.8604
1753.967 636.8399
1769.049 636.7815
1784.198 636.666
1822.416 431.179
1813.225 433.0068
1799.454 439.1097
1797.185 440.3462
1771.506 447.589
1777.264 446.3501
1779.538 445.9525
1805.874 481.6124
1882.048 546.1348
1689.631 513.8652
1824.17 541.2401
1886.873 551.5658
1874.195 540.0645
1877.618 539.4374
1873.438 530.1937
1873.164 527.9786
1873.356 524.8621
1873.031 522.0006
1873.332 520.8107
1874.36 520.4883
1874.802 520.3453
1875.406 520.4954
1875.736 520.5935
1876.615 520.8113
1877.203 520.8228
1877.619 520.6326
1878.218 520.4255
1878.553 520.1786
1878.635 520.0128
1878.809 519.9429
1878.741 519.912
1878.477 519.7774
1878.522 519.4231
1878.522 518.7168
1878.735 517.7477
1879.157 516.4825
1880.848 515.5098
1880.845 514.7621
1882.686 514.0288
1882.81 513.5098
1882.895 513.2213
1884.859 512.9586
1890.598 512.6578
1894.969 512.6335
1892.397 513.1096
1890.801 514.2921
1890.384 515.0142
1886.21 517.2344
1883.062 518.4982
1880.401 519.6417
1878.207 520.8184
1874.04 522.8225
1873.403 523.321
1870.583 524.5474
1868.151 525.1256
1867.86 525.1044
1866.475 525.1618
1864.023 525.3556
1861.616 526.5167
1858.261 528.2684
1854.666 531.0048
1852.65 532.177
1850.889 533.0394
1851.531 534.5861
1847.567 535.7321
1844.219 535.1912
1838.675 533.2713
1839.374 533.0223
1838.545 532.5153
1838.236 532.0405
1837.26 532.2719
1837.867 532.0359
1836.005 532.0098
1835.834 532.5198
1836.607 532.6705
1837.11 532.4286
1836.446 532.674
1836.151 533.0594
1836.984 533.3361
1838.117 533.4939
1839.451 533.8203
1839.364 534.1909
1841.5 534.9731
1841.527 536.3168
1841.021 538.1462
1840.494 540.8049
1844.846 539.7589
1842.548 537.9394
1842.311 538.1748
1838.545 537.7747
1823.765 536.0975
1799.209 527.3754
1774.026 527.6395
1773.36 527.6572
1772.701 527.6761
1771.982 527.7087
1771.29 527.7535
1770.694 527.813
1770.201 527.8307
1769.875 527.792
1769.685 527.772
1769.52 527.8411
1769.405 528.0119
1769.338 528.2131
1769.304 528.4301
1769.237 528.5795
1769.058 528.6723
1768.669 528.6807
1768 528.6439
1766.989 528.6193
1765.526 528.6955
1763.698 528.9069
1761.594 529.2399
1759.112 529.6625
1756.144 530.1671
1752.824 530.6456
1748.957 531.0739
1745.041 531.389
1740.87 531.6316
1736.343 531.7913
1731.74 531.9012
1727.155 531.9677
1721.617 532.0297
1715.406 532.1998
1709.077 532.513
1702.287 533.038
1695.224 533.7734
1688.327 534.6018
1680.792 535.603
1673.196 536.6205
1665.599 537.6447
1657.282 538.7756
1648.873 539.9604
1641.516 541.0753
1633.445 542.432
1625.005 544.0013
1616.326 545.7631
1606.774 547.7917
1597.272 549.8054
1588.217 551.6675
1578.717 553.5725
1568.849 555.4401
1558.65 557.2318
1546.753 559.1011
1535.474 560.6594
1524.115 562.0748
1512.419 563.4507
1500.038 564.8491
1487.39 566.1655
1474.244 567.4117
1460.571 568.7271
1447.6 570.0752
1433.774 571.6851
1418.639 573.6452
1403.408 575.7994
1387.557 578.0283
1372.259 580.0327
1357.276 581.6828
1341.214 583.0561
1324.333 584.0553
1307.322 584.7371
1190.802 737.9542
910.2142 649.9255
872.2669 627.891
854.2468 626.6653
836.4319 626.0243
819.7744 627.3083
846.7832 641.6072
1071.704 680.6259
1162.459 689.4046
1056.541 599.5983
1037.276 574.6158
836.2845 585.8195
718.2536 603.7557
681.2715 636.443
661.8314 640.7814
983.1294 599.6839
1059.562 564.2817
967.7974 582.5839
721.9329 632.0084
1000.352 656.6343
992.5192 681.7814
847.9385 691.7386
603.5651 679.1069
567.2897 685.6815
723.9661 695.3546
665.9557 689.8753
642.9766 685.5544
630.8096 685.3682
707.6927 644.2383
688.3372 656.2693
678.2956 655.4209
645.3181 684.869
629.8467 692.6564
624.5007 691.0817
620.5573 697.4726
618.0237 696.926
621.1416 693.3168
630.0723 697.0991
628.9427 696.1764
634.9043 698.2074
712.7559 704.543
732.4082 702.4938
764.0638 697.4645
752.2214 687.4178
752.3688 687.1893
750.638 676.9581
749.8975 679.308
750.9485 679.809
744.9326 682.9342
745.3848 683.4167
744.7139 682.5681
744.0449 682.0485
745.3652 682.1603
742.4147 681.2966
736.2298 678.2363
729.9964 676.983
727.7825 677.0325
723.2689 676.1559
717.597 673.5077
717.7331 674.0154
715.6328 673.7988
716.6875 674.6165
716.1091 674.2698
714.1185 676.2066
715.735 680.1953
716.043 679.7472
716.1341 679.8696
710.4739 677.1346
712.0075 678.4771
713.0222 682.3866
714.4346 682.6987
716.0749 683.8608
717.2568 683.8302
717.3792 681.4867
718.3008 681.5461
720.3874 681.2802
722.1761 681.041
725.4512 681.2606
728.8389 681.3105
730.237 680.4258
731.2803 680.0507
731.9665 679.5608
727.8568 678.6374
729.736 678.3978
726.3981 677.4715
726.3105 677.1279
723.056 676.2791
723.3223 677.3063
727.2253 678.29
735.4665 683.6682
743.7288 688.5273
751.928 686.8899
758.4629 687.3644
761.6686 685.4526
766.4968 684.0016
765.8438 681.777
756.7835 679.4075
753.4316 677.5381
739.8789 674.8078
709.5794 670.4895
697.0485 666.5569
690.2962 662.8904
686.6985 657.662
997.3433 673.3
735.2263 645.8189
803.9274 588.7491
952.6888 572.3311
1084.422 545.373
1091.375 542.892
945.1755 554.7198
747.4284 598.5698
812.5593 598.8597
971.9768 591.2687
1064.378 550.697
858.7634 568.4193
812.9987 580.2664
913.3568 577.8048
1050.839 557.6114
1114.329 552.5018
1034.419 575.9326
1257.622 643.8066
1214.516 645.9659
1212.43 646.173
1283.242 648.7435
1375.019 642.0214
1471.837 643.2845
1528.024 643.7664
1609.2 643.3437
1669.124 637.5014
1735.04 634.4822
1674.116 634.9506
1689.975 634.8694
1627.21 633.4999
1643.599 633.3466
1844.426 629.6804
1848.756 627.1635
1865.613 627.2912
1639.966 619.8203
1602.192 608.3775
1798.825 636.5516
1811.215 636.4647
1823.528 636.4908
1834.368 636.5664
1843.094 636.67
1850.061 636.6957
1854.834 636.7396
1858.018 636.731
1860.74 636.7459
1862.97 636.696
1864.809 636.5947
1866.282 636.3149
1867.296 635.9292
1867.965 635.4688
1868.512 634.989
1869.075 634.4201
1869.798 633.8673
1870.679 633.3016
1871.694 632.8279
1872.812 632.3663
1874.103 631.9556
1875.782 631.4587
1877.756 630.9518
1880.17 630.328
1883.08 629.6594
1888.659 628.5446
1891.425 628.1035
1895.412 627.6124
1899.883 627.1248
1904.769 626.6313
1909.757 626.1222
1914.604 625.6542
1919.863 625.1765
1925.165 624.808
1930.833 624.4982
1936.957 624.2565
1944.25 624.0172
1949.729 623.8903
1955.972 623.7666
1961.859 623.6954
1968.042 623.6119
1974.738 623.5333
1980.881 623.4457
1986.986 623.3926
1993.336 623.3632
1999.566 623.3948
2006.142 623.4929
2013.424 623.6838
2019.458 623.8837
2025.918 624.1432
2032.319 624.4465
2038.641 624.7913
2045.168 625.1507
2051.218 625.4998
2056.411 625.7758
2061.642 626.0502
2066.792 626.3052
2071.407 626.5315
2076.212 626.7961
2080.115 627.0438
2083.144 627.2607
2086 627.5156
2088.518 627.7502
2090.669 627.9724
2092.567 628.1279
2094.011 628.2121
2095.116 628.2415
2096.057 628.2741
2096.874 628.3105
2097.58 628.3925
2098.299 628.5292
2098.91 628.7061
2099.428 628.9058
2099.777 629.1466
2099.953 629.4212
2099.97 629.701
2099.794 630.0294
2099.498 630.3249
2099.161 630.6019
2098.731 630.8757
2098.29 631.1254
2097.788 631.3476
2097.272 631.5641
2096.758 631.7546
2096.339 631.8744
2095.964 631.9333
2095.672 631.941
2095.434 631.8993
2095.222 631.822
2094.983 631.745
2094.725 631.6768
2094.401 631.6151
2094.089 631.5748
2093.809 631.5563
2093.581 631.5475
2093.379 631.5767
2093.261 631.6135
2093.174 631.6865
2093.093 631.7827
2092.966 631.896
2092.837 632.0068
2092.736 632.1152
2092.704 632.1927
2092.735 632.2548
2092.85 632.3054
2092.999 632.3524
2093.139 632.4031
2093.243 632.4713
2093.333 632.5472
2093.406 632.6283
2093.48 632.6825
2066.472 763.8898
2066.581 763.9412
2066.774 764.0071
2066.904 764.0719
2067.046 764.1439
2067.145 764.2122
2067.189 764.2803
2067.202 764.3322
2067.224 764.3795
2067.223 764.4282
2067.189 764.4931
2067.153 764.551
2067.104 764.615
2067.017 764.6788
2066.975 764.7396
2066.969 764.7803
2066.928 764.8255
2066.838 764.88
2066.736 764.9145
2066.614 764.9265
2066.451 764.9333
2066.324 764.92
2066.381 764.9584
2066.319 764.9582
2066.301 764.9899
2066.209 764.9891
2066.19 765.0477
2066.083 765.0546
2065.991 765.0865
2065.844 765.0511
2065.663 765.0176
2065.411 764.9136
2065.165 764.8216
2064.866 764.7066
2064.517 764.6106
2064.12 764.5031
2063.701 764.4233
2063.258 764.3247
2062.857 764.2285
2062.51 764.0919
2062.195 763.9569
2061.9 763.8049
2061.579 763.6627
2061.267 763.5229
2060.964 763.4158
2060.721 763.3276
2060.462 763.2509
2060.27 763.1738
2059.997 763.1149
2059.744 763.0687
2059.547 763.0357
2059.455 763.0067
2059.369 762.966
2059.375 762.9356
2059.394 762.9114
2059.416 762.9134
2059.389 762.9127
2059.413 762.9109
2059.391 762.915
2059.389 762.9188
2059.331 762.9139
2059.271 762.9206
2059.21 762.9398
2059.185 762.9901
2059.188 763.0472
2059.289 763.1075
2059.445 763.1558
2059.724 763.2006
2059.971 763.2167
2060.265 763.2234
2060.543 763.2173
2060.83 763.197
2061.016 763.1519
2061.167 763.1105
2061.169 763.0709
1965.017 620.0978
1965.029 620.0397
1965.033 619.9791
1965.062 619.9014
1965.103 619.806
1965.159 619.7011
1965.227 619.5961
1965.273 619.4786
1965.359 619.363
1965.438 619.2297
1965.461 619.1143
1965.477 619.0146
1965.436 618.9349
1965.385 618.8416
1965.352 618.7582
1965.331 618.6763
1965.32 618.5882
1965.339 618.4874
1965.347 618.4038
1965.315 618.311
1965.251 618.2131
1965.122 618.1003
1964.958 617.9987
1964.803 617.8965
1964.684 617.819
1964.595 617.7292
1964.517 617.6508
1964.469 617.5679
1964.437 617.4869
1964.417 617.4086
1964.4 617.3398
1964.393 617.2734
1964.394 617.2113
1964.395 617.1506
1964.399 617.0966
2082.401 698.7338
2082.419 698.6684
2082.396 698.6099
2133.927 684.5394
2143.171 672.2819
2188.59 671.9936
2158.399 683.8608
2142.931 682.0268
2165.635 713.7125
2158.057 696.2973
2161.105 707.8569
2192.164 709.4495
2184.013 701.4411
2174.614 696.8759
2152.32 694.4214
2150.598 691.2632
2150.589 691.2817
2142.641 676.9264
2132.598 678.1802
2153.946 687.6673
2153.254 684.1338
2205.584 683.3295
2205.702 683.3609
2126.91 702.7413
2127.008 702.7993
2266.456 709.1857
2266.507 709.2383
2266.545 709.3003
2145.585 677.931
2186.749 681.3101
2136.533 681.3446
2206.778 695.8148
2128.467 684.818
2128.448 684.8344
2258.884 695.261
2161.556 681.3198
2155.617 692.6893
2162.564 683.2704
2159.394 683.1145
2172.099 683.5654
2129.908 684.6314
2171.77 689.4227
2184.128 715.8989
2174.51 690.5819
2169.425 688.8748
2163.724 690.146
2152.147 681.5977
2156.968 702.7994
2133.829 679.5857
2162.815 689.1666
2162.77 689.1554
2135.612 684.0576
2153.01 688.6709
2123.709 701.6555
2161.501 692.0032
2160.533 691.1222
2164.774 691.3958
2127.693 696.3422
2173.095 692.6169
2172.087 691.606
2167.921 689.1591
2170.574 679.7329
2208.773 673.7731
2230.124 672.2935
2264.063 669.6635
2244.458 669.125
2249.907 669.7704
2249.939 669.7247
2214.031 694.2543
2248.149 667.9724
2248.432 670.6874
2227.442 669.08
2227.492 669.0276
2183.716 666.91
2221.869 679.0552
2222.422 678.2403
2246.063 684.8535
2251.49 683.4901
2234.895 680.5919
1571.828 598.7344
1603.378 601.1209
1574.335 602.0951
1549.909 595.0835
1558.88 594.8743
1566.247 594.4621
1920.551 627.4444
1923.817 627.5408
1926.622 627.6602
1945.272 620.9308
1892.752 610.5151
1894.402 610.2756
1673.895 594.2813
1674.933 593.6301
1675.827 592.9822
1676.733 592.27
1677.741 591.6173
1678.858 590.9944
1752.884 628.2847
1909.466 624.563
1910.728 624.1498
1912.371 623.6481
1946.268 614.5803
2032.531 614.2125
1958.531 607.4609
1879.769 594.5563
1910.38 589.0136
2075.808 599.7892
2082.408 610.7081
2087.097 610.1259
2104.167 605.4861
2108.819 604.9385
2116.869 608.2621
2016.478 579.8765
1979.523 575.487
2041.339 582.4327
2084.503 582.8032
2144.971 583.563
2159.426 596.1362
2163.401 602.9033
2164.082 600.7951
2165.799 607.9755
2165.108 605.5709
2164.958 604.0308
2167.787 603.6337
2112.493 600.1981
2130.575 604.5797
2136.207 610.3625
2140.067 616.7444
2139.104 624.0096
2132.955 621.4254
2132.36 620.0016
2115.927 621.1129
2108.984 625.2368
2090.073 628.1892
2070.64 625.9175
2051.671 625.2418
2045.411 625.1345
2033.462 624.7816
2024.164 624.4109
1985.929 619.1204
1976.617 616.0991
1975.528 612.3416
1971.783 611.2906
1964.547 613.368
1923.619 608.1008
1919.669 606.8272
1921.324 607.5018
1916.163 606.4912
1916.402 607.5349
1915.631 612.7866
1914.036 616.3081
1913.599 617.9243
1910.31 615.1378
1909.515 614.9434
1913.737 613.468
1912.643 614.2668
1914.007 612.5229
1913.379 608.4595
1912.606 607.7535
1912.07 607.9251
1911.335 608.399
1907.711 606.7354
1898.4 604.8828
1888.87 603.5544
1879.015 601.6667
1875.663 601.3094
1873.489 600.9783
1872.946 601.0723
1872.531 601.1155
1872.464 601.2051
1872.803 601.3278
1873.273 601.6532
1873.915 601.8618
1874.701 602.1124
1875.892 602.3387
1877.705 602.5909
1880.591 602.975
1882.248 603.2573
1884.525 604.1611
1887.082 604.5563
1891.305 604.654
1893.951 604.5794
1895.618 604.6425
1896.229 604.6781
1896.703 604.6622
1897.341 604.8601
1897.839 605.0438
1898.38 605.1674
1899.514 605.3644
1899.93 605.4732
1900.558 605.6375
1900.984 605.9266
1901.22 606.1376
1901.469 606.3181
1901.585 606.4476
1901.765 606.5964
1902.517 606.6315
1903.407 606.6797
1903.908 606.736
1904.519 606.7112
1905.625 606.791
1906.3 606.8624
1906.935 606.939
1908.541 606.7079
1909.605 606.4794
1910.343 606.2901
1910.75 606.2474
1910.993 606.2961
1911.294 606.3379
1911.865 606.3028
1912.406 606.2189
1912.851 606.1564
1911.787 605.7049
1907.536 603.6181
1903.759 602.2224
1900.438 601.0961
1897.9 600.3417
1895.946 599.7057
1894.587 599.1897
1893.589 598.598
1893.196 598.4572
1892.705 598.0108
1892.6 597.5702
1892.783 597.3536
1892.83 597.2767
1892.803 597.1916
1892.624 597.1074
1892.488 597.0149
1892.488 597.0693
1892.418 596.9812
1892.416 596.9001
1892.71 596.8149
1892.998 596.751
1893.36 596.6974
1894.168 596.8063
1894.863 596.9113
1895.681 597.0647
1896.794 597.2073
1897.202 597.2295
1897.779 597.2357
1898.299 597.2587
1899.462 597.2609
1900.566 597.2264
1901.129 597.2052
1901.546 597.1804
1901.846 597.1797
1902.111 597.12
1902.499 596.9815
1902.719 596.8613
1903.262 596.6715
1903.422 596.6242
2059.825 560.6233
2125.154 537.4201
2145.879 528.5497
2148.688 526.0988
2149.389 523.3491
2149.791 522.6949
2149.88 523.2435
2149.822 523.7472
2150.213 524.1195
2150.521 524.4418
2150.602 524.3935
2150.663 523.9924
2151.124 523.6693
2151.372 523.4902
2151.612 523.4172
2151.828 523.2646
2152.165 522.9465
2152.351 522.8442
2152.827 522.6353
2153.241 522.5432
2153.6 522.3628
2153.751 522.2023
2154.112 521.9902
2154.427 521.8342
2154.761 521.6808
2154.878 521.5428
2155.252 521.5051
2155.405 521.469
2155.787 521.4978
2156.042 521.4409
2156.284 521.3841
2156.604 521.3253
2156.775 521.3023
2156.937 521.3258
2157.392 521.3895
2157.404 521.3714
2157.739 521.7007
2157.988 521.933
2158.464 522.1658
2158.715 522.2072
2159.484 522.2446
2160.58 522.4428
2161.48 522.5762
2162.089 522.6528
2162.547 522.7229
2120.101 533.772
2121.791 532.3973
2095.814 543.3059
2187.708 577.7842
2275.987 582.2957
2373.134 580.8577
2384.37 580.1086
2387.939 580.6805
2388.742 581.3993
2388.899 581.9527
2388.181 581.9819
2388.452 582.1254
2388.909 582.0967
2388.889 582.1287
2389.036 581.9327
2389.248 581.5829
2389.865 580.8427
2389.92 580.5859
2390.071 580.5058
2390.489 580.3661
2391.031 580.2709
2341.05 583.0057
2350.201 582.4938
2366.758 581.4487
2217.304 587.158
2173.09 588.7614
2164.718 589.5788
2156.596 591.4402
2155.096 592.2826
2154.565 592.8967
2154.602 593.0495
2154.817 593.255
2155.582 593.1335
2156.23 592.8693
2157.06 592.6699
2157.358 592.616
2157.465 592.5826
2157.425 592.5913
2157.378 592.5929
2063.519 629.0176
1916.243 676.8957
1903.822 680.2048
1895.277 681.9908
1893.308 682.8536
1893.338 682.8866
1893.928 683.0325
1894.065 683.221
1894.952 682.7481
1894.673 682.9914
2028.584 642.9831
2140.628 600.5309
2154.287 594.8571
2157.582 592.936
2158.397 592.3431
2158.681 592.2432
2158.707 592.2162
2159.152 591.8756
2158.978 591.6082
2158.589 591.4488
2158.559 591.0168
2158.179 590.9069
2157.768 590.9883
2157.642 590.9696
2280.919 586.3132
2298.034 581.8708
2393.427 571.5437
2364.538 570.7081
2308.415 573.9927
2235.295 576.0594
2207.642 576.5172
2198.405 576.7595
2197.354 576.8544
2196.686 576.9319
2231.172 575.9875
2225.463 576.2561
2212.936 576.5615
2206.967 576.6256
2202.927 576.663
2199.915 576.653
2265.086 575.6383
2253.709 575.8772
2231.31 576.0957
2215.133 576.1696
2239.398 680.0019
2239.12 679.9734
2191.671 660.5823
2203.24 659.8303
2205.085 667.7915
2195.801 663.7549
2204.813 667.5723
2221.301 666.1421
2217.431 665.0528
2214.754 665.9833
2208.567 666.02
2208.56 665.9915
2192.03 659.225
2201.042 664.3763
2204.776 664.5732
2202.715 662.1642
2209.632 663.9811
2181.162 664.4561
2208.39 663.9761
2208.342 664.0991
2208.396 664.1026
2206.303 666.3735
2223.709 669.6145
2218.406 668.2308
2221.914 668.1236
2215.144 668.015
2208.448 667.3106
2202.353 664.7896
2201.617 664.6342
2201.564 664.5956
2180.345 669.9945
2198.526 661.1888
2203.367 665.7582
2201.273 668.4855
2213.042 670.2675
2221.555 672.1259
2240.376 670.3203
2240.148 670.2393
2221.41 647.893
2238.316 668.6015
2225.024 669.0503
2208.912 673.5297
2244.589 655.0977
2244.447 655.0339
2244.277 654.9888
2244.102 654.9391
2197.805 665.0597
2197.673 664.9688
2197.549 664.8634
2124.768 684.7274
2124.715 684.6011
2124.685 684.4725
2124.65 684.3608
2124.587 684.2674
2124.497 684.1818
2124.418 684.1182
2124.337 684.0595
2124.305 684.0453
2094.844 680.4151
2094.817 680.4301
2218.029 710.7925
2205.277 669.3342
2122.917 670.9005
2187.74 672.663
2187.794 672.6897
2252.976 711.0229
1971.993 636.9438
1972.072 636.9684
2081.725 641.676
2081.792 641.6818
2107.571 657.3876
2107.573 657.3945
2069.476 650.4253
2088.613 679.8746
2052.187 689.9222
2052.207 690.0089
2074.64 654.2854
2074.659 654.3607
2074.678 654.4108
2074.677 654.462
2056.998 660.397
2056.987 660.4352
2057.011 660.4709
2068.37 683.9983
2062.57 686.658
2062.66 686.7109
2062.731 686.7612
2155.636 693.5827
2062.868 675.1387
2154.387 682.9105
2102.428 683.7719
2093.72 701.417
2093.832 701.4748
2093.887 701.623
2117.894 675.6911
2117.831 675.9116
2117.696 676.0873
2117.532 676.1993
2117.394 676.2107
2117.34 676.1256
2117.357 675.9971
2117.436 675.8433
2117.534 675.71
2117.62 675.5964
1982.11 648.0764
2029.597 681.2262
2029.545 681.1448
2029.477 681.0828
2009.942 682.0629
2009.858 682.0222
2009.752 681.9949
2006.187 636.5504
2006.116 636.5755
2073.098 671.0303
1968.306 674.6821
1939.224 626.2075
1939.269 626.208
2010.035 641.2102
1983.277 670.4608
1949.293 678.6802
2065.499 686.9999
1992.148 647.6206
2010.036 675.16
1960.735 669.8726
1960.6 669.7997
1960.445 669.7409
1960.296 669.6979
1960.151 669.6456
2037.151 653.5593
2037.032 653.4997
2036.94 653.4387
2036.894 653.3835
2036.925 653.426
2036.964 653.4432
2058.445 644.5729
2193.504 650.1527
2193.573 650.1492
2125.41 662.8018
2059.887 669.4501
2163.503 671.0103
2159.38 685.6277
2159.387 685.5723
2165.584 683.6994
2220.069 671.5513
2131.982 655.6014
2168.617 675.7688
2164.823 681.9131
2211.164 673.618
2211.149 673.6144
2211.166 673.5821
2265.157 686.7833
2265.103 686.7296
2265.002 686.7004
2264.918 686.6994
2264.77 686.7261
2264.599 686.7574
2167.134 687.8245
2167.013 687.8513
2166.853 687.8682
2166.725 687.8801
2166.598 687.8935
2166.583 687.9009
2166.618 687.9133
2166.688 687.9356
2166.749 687.9803
2166.848 687.9995
2166.937 688.0273
2167.058 688.0484
2167.156 688.0772
2167.279 688.1108
2167.443 688.162
2214.695 668.5067
2214.86 668.5366
2215.032 668.5309
2215.194 668.493
2215.326 668.4278
2215.37 668.3652
2215.334 668.3012
2215.236 668.2543
2123.306 665.091
2123.118 665.04
2122.925 665.0063
2122.694 664.977
2122.5 664.9622
2122.338 664.969
2122.195 664.9753
2122.127 664.9809
2122.108 664.9666
2122.15 664.9515
2122.221 664.9319
2122.276 664.9194
2122.381 664.9325
2122.5 664.9537
2122.615 664.9832
2122.713 665.0164
2122.819 665.0414
2122.931 665.0582
2123.037 665.0506
2123.144 665.0607
2123.229 665.0644
2123.35 665.0679
2123.447 665.0683
2123.51 665.066
2123.569 665.0502
2123.567 665.0261
2123.536 664.9958
2123.495 664.9703
2123.465 664.944
2123.422 664.9218
2123.375 664.8995
2123.31 664.8768
2123.225 664.843
2123.139 664.7869
2123.087 664.7283
2123.062 664.6816
2123.095 664.6484
2123.175 664.6413
2123.279 664.6752
2123.436 664.7296
2123.616 664.7926
2123.787 664.8249
2123.969 664.8618
2124.168 664.8812
2124.369 664.8956
2124.555 664.9188
2124.67 664.9525
2124.711 664.9865
2124.72 665.036
2124.692 665.0789
2124.68 665.1108
2124.642 665.1336
2124.635 665.1351
2124.627 665.1055
2124.656 665.0782
2124.699 665.0351
2124.746 665.0083
2124.757 664.9725
2124.726 664.9279
2124.636 664.8715
2124.522 664.8088
2124.289 664.7462
2124.012 664.677
2123.672 664.6212
2123.248 664.5874
2122.861 664.5554
2122.531 664.5013
2122.332 664.4213
2122.259 664.3123
2122.321 664.1718
2122.473 663.9969
2122.635 663.7804
2122.73 663.5297
2122.734 663.2856
2122.637 663.0777
2122.511 662.8922
2122.353 662.7768
2122.116 662.7062
2121.785 662.6725
2121.343 662.6591
2120.872 662.6693
2120.315 662.6847
2119.684 662.6969
2119.037 662.6974
2118.275 662.6816
2117.505 662.6429
2116.742 662.5947
2116.064 662.5673
2115.49 662.571
2115.052 662.6191
2114.7 662.6854
2114.494 662.7577
2114.393 662.8115
2109.883 697.4802
2109.947 697.5142
2110.16 697.5427
2110.545 697.5904
2111.099 697.6467
2111.638 697.7015
2102.328 648.658
2102.734 648.7789
2103.177 648.9517
2055.534 665.6136
2056.205 665.9166
2056.903 666.2094
2057.613 666.4899
2058.384 666.7695
2059.195 667.0204
2060.122 667.2728
2061.007 667.5156
2061.955 667.7632
2063 668.0193
2118.249 668.2477
2179.847 675.3765
2180.912 675.4056
2181.733 675.3939
2182.334 675.343
2182.72 675.2673
2182.92 675.1669
2182.925 675.0626
2182.758 674.9487
2204.103 576.1748
2202.272 576.1327
2265.01 574.9877
2332.358 572.7513
2340.042 572.7292
2418.603 568.0788
2426.739 567.2234
2431.52 566.3218
2435.596 565.0125
2437.429 564.2139
2437.904 563.3586
2437.936 563.0905
2437.91 562.8284
2437.989 562.8804
2438.121 562.9692
2437.857 563.0223
2437.651 563.1635
2437.506 563.2881
2437.318 563.3538
2436.806 563.3535
2436.667 563.2916
2436.721 563.0773
2436.839 562.9356
2437.021 562.9309
2437.205 562.8743
2437.329 562.9411
2363.533 566.7689
2389.538 565.6775
2354.319 567.3784
2336.72 568.1909
2317.274 568.97
2251.549 571.1561
2221.315 572.2758
2208.662 573.1987
2206.42 573.6583
2205.435 573.9651
2205.237 574.3129
2205.454 574.4351
2205.539 574.4756
2204.034 574.1614
2126.838 601.995
2125.471 600.2861
2110.695 593.2465
2095.776 585.1985
2247.715 580.9337
2301.116 578.2832
2314.009 576.6439
2317.48 575.926
2299.46 576.4244
2236.729 577.5522
2219.07 577.7596
2279.801 576.9073
2302.578 576.1475
2314.202 575.6748
2315.69 575.5081
2318.018 575.5562
2318.285 575.4521
2318.803 575.4126
2318.754 575.2744
2318.656 575.3363
2318.612 575.3476
2318.625 575.309
2318.444 575.3533
2318.945 575.3213
2319.806 575.2913
2320.141 575.3334
2320.72 575.3095
2321.003 575.3126
2321.24 575.3118
2321.314 575.3248
2321.424 575.3112
2321.526 575.3206
2321.745 575.3308
2322.023 575.3616
2322.39 575.3682
2322.555 575.4401
2322.731 575.4322
2322.906 575.41
2322.897 575.3772
2243.489 576.9785
2122.94 576.4022
2086.688 575.2485
2077.434 574.7243
2074.33 574.6019
2073.453 574.6014
2073.103 574.6578
2072.371 574.7303
2072.257 574.8365
2072.121 574.8878
2126.14 576.1581
2264.455 575.9172
2307.366 574.9626
2320.789 574.6951
2321.181 575.4341
2322.106 575.9238
2150.533 578.356
2134.053 549.1679
2172.489 520.7872
2196.644 543.2778
2248.975 558.8687
2239.802 558.1264
2229.14 544.981
2210.461 528.3909
2201.447 523.1118
2182.614 515.5094
2176.677 514.5162
2174.24 513.8507
2173.216 513.5986
2173.246 513.7344
2173.378 513.5549
2173.592 513.2747
2174.222 512.8681
2174.754 512.7092
2175.758 512.1079
2176.168 511.9401
2176.815 511.3955
2177.104 511.1136
2177.325 510.9861
2177.499 510.9374
2177.688 510.8975
2177.899 510.8728
2178.203 510.7258
2201.488 526.0826
2243.912 557.3815
2264.748 571.0709
2275.502 576.5092
2279.067 576.9838
2280.862 577.3168
2282.409 578.0773
2283.041 578.1981
2286.863 577.5783
2254.912 576.3763
2218.23 576.0198
2157.885 573.9748
2151.008 573.2578
2136.11 564.2247
2127.222 554.8189
2128.503 552.3024
2135.694 556.8447
2155.167 501.1468
2161.96 478.8312
2164.69 471.6206
2169.002 469.1323
2161.579 514.4457
2157.469 544.5536
2154.763 557.2582
2148.268 550.6887
2136.48 544.5064
2126.594 540.7237
1964.324 538.1345
1910.307 537.6898
1986.402 539.0146
2037.824 539.6163
2040.387 539.0264
2076.454 537.6474
2103.552 536.2485
2108.984 535.2004
2113.389 533.9664
2114.583 533.7688
2114.797 533.861
2114.766 534.1057
2115.019 533.9903
2114.939 534.0488
2113.815 533.4556
2114.364 532.219
2114.625 533.063
2114.881 533.313
2115.155 533.4056
2115.307 533.475
2115.854 532.9106
2115.858 532.6039
2117.516 535.7015
2117.334 534.9534
2117.129 534.8505
2120.022 537.8726
2119.279 537.145
2118.705 536.7183
2122.433 547.6257
2118.536 555.975
2109.705 561.2838
2030.576 669.2875
1988.461 688.9725
1972.406 690.416
1999.629 661.0596
2024.724 627.5181
2038.281 585.2604
2056.232 569.3876
2093.889 559.8901
2083.535 570.1771
2083.567 570.1607
2083.592 570.1507
2083.663 570.1666
2083.753 570.1901
2083.846 570.2211
2083.934 570.255
2084.036 570.2803
2084.146 570.2971
2084.252 570.2895
2155.955 543.649
2095.074 570.9564
2091.485 559.7924
2089.893 561.1388
2096.916 560.9772
2093.059 558.3785
2096.907 550.4571
2096.357 549.5875
2094.889 551.4
2093.147 553.1661
2093.19 555.0121
2091.27 555.6094
2087.909 556.9832
2087.986 556.6522
2087.977 556.4364
2088.301 556.0944
2088.909 555.8519
2088.945 556.1632
2089.272 556.5359
2089.363 557.3585
2089.107 557.9934
2089.574 557.7935
2089.866 557.4786
2090.596 557.7841
2090.448 558.3049
2090.552 558.1562
2090.749 558.1785
2086.455 558.2843
2086.925 558.1981
2087.406 558.1594
2087.697 558.4312
2087.947 557.8799
2083.994 558.2964
2085.112 557.4072
2085.712 557.2405
2085.949 556.3135
2086.745 556.4586
2087.499 556.5865
2087.497 556.6005
2087.322 556.8985
2087.657 557.7008
2087.906 557.1064
2087.528 556.135
2087.464 555.8122
2088.035 555.0322
2088.926 554.1398
2088.931 554.8732
2089.052 554.4182
2089.195 553.9741
2088.807 554.0292
2088.766 553.9548
2088.719 553.4232
2088.549 553.4214
2086.474 555.9736
2086.133 557.5132
2084.375 557.0459
2082.971 559.5493
2082.816 559.1157
2081.938 558.5711
2081.029 559.6598
2079.774 560.8879
2077.19 561.4702
2075.155 561.9225
2072.156 563.792
2068.955 564.948
2067.739 565.1999
2066.635 565.4377
2065.259 565.5009
2063.109 565.8671
2059.49 566.6108
2057.188 567.4658
2055.729 569.1522
2054.903 569.9211
2054.206 570.4363
2054.214 570.2422
2053.993 570.0805
2054.051 569.7761
2053.953 569.6272
2053.669 569.7736
2053.37 569.9421
2052.855 570.1456
2051.762 570.4515
2051.139 570.9448
2050.551 571.8109
2050.707 572.179
2050.976 572.5082
2051.21 572.9177
2051.233 573.3617
2051.318 573.7863
2052.699 573.2513
2053.035 573.5707
1983.396 575.1718
2015.248 574.4836
2030.129 573.8715
2043.118 572.7734
2017.58 572.5081
1962.714 575.0916
1929.377 581.176
1952.311 579.625
2007.353 579.5442
2039.79 578.5388
2006.716 550.4609
