1920 480
1920 480
768.1631 461.1243
768.2532 461.0999
768.1859 461.1146
768.1741 461.0985
768.2487 461.098
768.2015 461.0891
768.2256 461.0815
768.1677 461.1081
768.207 461.0919
768.2409 461.076
768.209 461.0887
768.1377 461.119
768.2217 461.1045
768.1712 461.1214
768.1224 461.1556
768.1068 461.1234
768.0586 461.1422
768.1599 461.1169
768.1218 461.1497
768.1599 461.1426
768.2227 461.1126
768.1677 461.1419
768.1605 461.1227
768.1885 461.1219
768.1979 461.1201
768.1702 461.1336
768.2285 461.1209
768.2559 461.0933
768.1797 461.1382
768.1976 461.1519
768.2415 461.1577
768.2204 461.1467
768.1341 461.1523
768.239 461.1543
768.2477 461.1803
768.2129 461.1912
768.1631 461.1587
768.2106 461.1912
768.2516 461.2142
768.2415 461.2236
768.2468 461.2118
768.1973 461.2238
768.2656 461.2257
768.1882 461.2238
768.1745 461.2238
768.1885 461.2227
768.1966 461.2261
768.2015 461.223
768.2529 461.2088
768.2165 461.2131
768.2259 461.2106
772.0599 461.2067
783.181 461.2088
789.4196 461.2007
796.582 461.2043
803.678 461.203
810.8987 461.1997
817.6077 461.2003
824.9749 461.1982
831.9105 461.1971
838.9359 461.1974
846.0283 461.1961
853.2357 461.1901
863.5059 461.1815
870.5192 461.1795
877.597 461.174
884.2012 461.181
892.6243 461.179
898.7715 461.1789
906.2643 461.1766
912.9473 461.1769
920.2669 461.1696
927.2783 461.1673
934.931 461.1701
942.3841 461.1675
949.1445 461.1624
956.1452 461.1543
963.4961 461.1422
970.2447 461.1378
977.9728 461.131
984.9165 461.1291
992.1855 461.1221
999.1085 461.1255
1006.511 461.127
1013.456 461.1271
1020.61 461.1369
1027.89 461.1317
1035.183 461.1263
1042.212 461.1243
1049.212 461.1313
1056.634 461.1313
1063.702 461.1331
1070.729 461.1335
1078.056 461.1413
1084.758 461.1439
1091.951 461.1538
1098.971 461.1626
1105.791 461.172
1111.262 461.1745
1115.378 461.1834
1117.996 461.1843
1118.734 461.1917
1118.753 461.1864
1118.758 461.1794
1118.731 461.1789
1118.727 461.1737
1118.737 461.1722
1118.753 461.1691
1118.766 461.1779
1118.777 461.1701
1118.75 461.1704
1118.733 461.1675
1118.742 461.1714
1118.746 461.1673
1118.735 461.1711
1118.738 461.1686
1118.732 461.1628
1118.729 461.1681
1118.698 461.1649
1120.465 461.1664
1124.424 461.167
1131.233 461.1606
1138.471 461.1558
1145.278 461.1649
1152.528 461.1614
1160.3 461.1561
1167.461 461.1577
1174.572 461.1567
1181.38 461.1556
1188.674 461.1414
1196.431 461.1359
1203.602 461.1383
1210.209 461.1353
1217.297 461.1353
1224.043 461.1353
1231.076 461.1234
1237.37 461.1136
1242.446 461.1076
1245.558 461.1082
1246.043 461.1143
1246.048 461.1107
1246.058 461.1108
1246.056 461.1017
1246.06 461.1078
1246.056 461.1174
1246.063 461.1174
1246.075 461.1224
1246.079 461.1362
1246.086 461.1509
1246.105 461.1555
1246.113 461.1416
1246.109 461.1403
1246.101 461.1265
1246.077 461.1307
1246.078 461.1346
1246.088 461.1411
1246.098 461.146
1246.092 461.151
1246.099 461.1527
1246.097 461.1494
1246.092 461.1525
1246.076 461.1555
1246.061 461.1693
1246.07 461.1675
1246.073 461.173
1246.1 461.1701
1246.098 461.1673
1246.1 461.1691
1246.079 461.1766
1246.092 461.1702
1246.099 461.1633
1246.076 461.1618
1246.077 461.1494
1246.052 461.1528
1246.038 461.1618
1246.026 461.1585
1246.043 461.1572
1246.078 461.1454
1246.024 461.1411
1240.509 461.1396
1236.765 461.1501
1230.402 461.151
1223.601 461.1553
1215.779 461.1629
1209.12 461.1714
1201.84 461.175
1194.696 461.1813
1187.742 461.1891
1180.704 461.1966
1172.955 461.1898
1166.377 461.1844
1157.65 461.1808
1150.518 461.1872
1143.592 461.1864
1136.365 461.1849
1128.696 461.1776
1121.984 461.1719
1114.956 461.1742
1107.89 461.1689
1100.866 461.1646
1093.878 461.1702
1086.22 461.1631
1078.291 461.1593
1071.909 461.1621
1064.676 461.1636
1057.244 461.1602
1050.756 461.1584
1042.105 461.1614
1035.97 461.1623
1029.742 461.1597
1022.768 461.1636
1015.481 461.168
1008.392 461.1704
1000.831 461.1685
993.2109 461.1609
987.0593 461.1551
979.9348 461.1533
972.7144 461.1576
965.2065 461.1569
957.8679 461.1564
950.6227 461.1608
944.069 461.1696
937.613 461.1735
932.042 461.1715
927.9153 461.1655
926.3464 461.16
926.2122 461.151
926.1963 461.1536
926.1673 461.166
926.1787 461.167
926.1921 461.168
926.1878 461.1724
926.1729 461.1782
926.1878 461.1797
926.1924 461.1812
926.2031 461.1758
926.2109 461.1772
926.2464 461.1802
926.2393 461.1805
926.2575 461.1706
926.2757 461.1706
926.2845 461.1766
926.2894 461.1668
926.3255 461.1561
926.362 461.1493
926.3513 461.1504
926.334 461.1515
926.3636 461.1532
926.3792 461.1486
926.3509 461.1571
926.3649 461.1525
926.3672 461.1501
926.335 461.1504
926.3395 461.1548
926.3314 461.1488
926.3161 461.1418
926.3063 461.152
926.3105 461.1413
926.3151 461.1387
926.3151 461.1473
926.3063 461.1361
926.3268 461.1385
926.1341 461.145
922.5612 461.1486
917.8353 461.1548
911.0065 461.1563
904.1709 461.1502
897.1511 461.1484
883.166 461.1613
876.362 461.1515
868.917 461.1479
861.1318 461.1413
854.7341 461.1338
847.5563 461.1295
840.5179 461.1278
832.5013 461.1129
825.2852 461.1066
818.3945 461.1122
811.373 461.0965
804.4144 461.0794
797.0579 461.078
789.2871 461.0763
782.5794 461.0731
775.5814 461.0713
768.7073 461.0648
761.3932 461.063
754.6413 461.063
747.0974 461.0732
739.4551 461.0765
732.8438 461.0757
726.2861 461.0791
718.7718 461.0814
712.0303 461.1003
702.18 461.1027
697.3359 461.1058
691.5977 461.1092
688.1419 461.1006
686.0283 461.0988
1920 480
1920 480
768.1631 461.1243
768.2532 461.0999
768.1859 461.1146
768.1741 461.0985
768.2487 461.098
768.2015 461.0891
768.2256 461.0815
768.1677 461.1081
768.207 461.0919
768.2409 461.076
768.209 461.0887
768.1377 461.119
768.2217 461.1045
768.1712 461.1214
768.1224 461.1556
768.1068 461.1234
768.0586 461.1422
768.1599 461.1169
768.1218 461.1497
768.1599 461.1426
768.2227 461.1126
768.1677 461.1419
768.1605 461.1227
768.1885 461.1219
768.1979 461.1201
768.1702 461.1336
768.2285 461.1209
768.2559 461.0933
768.1797 461.1382
768.1976 461.1519
768.2415 461.1577
768.2204 461.1467
768.1341 461.1523
768.239 461.1543
768.2477 461.1803
768.2129 461.1912
768.1631 461.1587
768.2106 461.1912
768.2516 461.2142
768.2415 461.2236
768.2468 461.2118
768.1973 461.2238
768.2656 461.2257
768.1882 461.2238
768.1745 461.2238
768.1885 461.2227
768.1966 461.2261
768.2015 461.223
768.2529 461.2088
768.2165 461.2131
768.2259 461.2106
772.0599 461.2067
783.181 461.2088
789.4196 461.2007
796.582 461.2043
803.678 461.203
810.8987 461.1997
817.6077 461.2003
824.9749 461.1982
831.9105 461.1971
838.9359 461.1974
846.0283 461.1961
853.2357 461.1901
863.5059 461.1815
870.5192 461.1795
877.597 461.174
884.2012 461.181
892.6243 461.179
898.7715 461.1789
906.2643 461.1766
912.9473 461.1769
920.2669 461.1696
927.2783 461.1673
934.931 461.1701
942.3841 461.1675
949.1445 461.1624
956.1452 461.1543
963.4961 461.1422
970.2447 461.1378
977.9728 461.131
984.9165 461.1291
992.1855 461.1221
999.1085 461.1255
1006.511 461.127
1013.456 461.1271
1020.61 461.1369
1027.89 461.1317
1035.183 461.1263
1042.212 461.1243
1049.212 461.1313
1056.634 461.1313
1063.702 461.1331
1070.729 461.1335
1078.056 461.1413
1084.758 461.1439
1091.951 461.1538
1098.971 461.1626
1105.791 461.172
1111.262 461.1745
1115.378 461.1834
1117.996 461.1843
1118.734 461.1917
1118.753 461.1864
1118.758 461.1794
1118.731 461.1789
1118.727 461.1737
1118.737 461.1722
1118.753 461.1691
1118.766 461.1779
1118.777 461.1701
1118.75 461.1704
1118.733 461.1675
1118.742 461.1714
1118.746 461.1673
1118.735 461.1711
1118.738 461.1686
1118.732 461.1628
1118.729 461.1681
1118.698 461.1649
1120.465 461.1664
1124.424 461.167
1131.233 461.1606
1138.471 461.1558
1145.278 461.1649
1152.528 461.1614
1160.3 461.1561
1167.461 461.1577
1174.572 461.1567
1181.38 461.1556
1188.674 461.1414
1196.431 461.1359
1203.602 461.1383
1210.209 461.1353
1217.297 461.1353
1224.043 461.1353
1231.076 461.1234
1237.37 461.1136
1242.446 461.1076
1245.558 461.1082
1246.043 461.1143
1246.048 461.1107
1246.058 461.1108
1246.056 461.1017
1246.06 461.1078
1246.056 461.1174
1246.063 461.1174
1246.075 461.1224
1246.079 461.1362
1246.086 461.1509
1246.105 461.1555
1246.113 461.1416
1246.109 461.1403
1246.101 461.1265
1246.077 461.1307
1246.078 461.1346
1246.088 461.1411
1246.098 461.146
1246.092 461.151
1246.099 461.1527
1246.097 461.1494
1246.092 461.1525
1246.076 461.1555
1246.061 461.1693
1246.07 461.1675
1246.073 461.173
1246.1 461.1701
1246.098 461.1673
1246.1 461.1691
1246.079 461.1766
1246.092 461.1702
1246.099 461.1633
1246.076 461.1618
1246.077 461.1494
1246.052 461.1528
1246.038 461.1618
1246.026 461.1585
1246.043 461.1572
1246.078 461.1454
1246.024 461.1411
1240.509 461.1396
1236.765 461.1501
1230.402 461.151
1223.601 461.1553
1215.779 461.1629
1209.12 461.1714
1201.84 461.175
1194.696 461.1813
1187.742 461.1891
1180.704 461.1966
1172.955 461.1898
1166.377 461.1844
1157.65 461.1808
1150.518 461.1872
1143.592 461.1864
1136.365 461.1849
1128.696 461.1776
1121.984 461.1719
1114.956 461.1742
1107.89 461.1689
1100.866 461.1646
1093.878 461.1702
1086.22 461.1631
1078.291 461.1593
1071.909 461.1621
1064.676 461.1636
1057.244 461.1602
1050.756 461.1584
1042.105 461.1614
1035.97 461.1623
1029.742 461.1597
1022.768 461.1636
1015.481 461.168
1008.392 461.1704
1000.831 461.1685
993.2109 461.1609
987.0593 461.1551
979.9348 461.1533
972.7144 461.1576
965.2065 461.1569
957.8679 461.1564
950.6227 461.1608
944.069 461.1696
937.613 461.1735
932.042 461.1715
927.9153 461.1655
926.3464 461.16
926.2122 461.151
926.1963 461.1536
926.1673 461.166
926.1787 461.167
926.1921 461.168
926.1878 461.1724
926.1729 461.1782
926.1878 461.1797
926.1924 461.1812
926.2031 461.1758
926.2109 461.1772
926.2464 461.1802
926.2393 461.1805
926.2575 461.1706
926.2757 461.1706
926.2845 461.1766
926.2894 461.1668
926.3255 461.1561
926.362 461.1493
926.3513 461.1504
926.334 461.1515
926.3636 461.1532
926.3792 461.1486
926.3509 461.1571
926.3649 461.1525
926.3672 461.1501
926.335 461.1504
926.3395 461.1548
926.3314 461.1488
926.3161 461.1418
926.3063 461.152
926.3105 461.1413
926.3151 461.1387
926.3151 461.1473
926.3063 461.1361
926.3268 461.1385
926.1341 461.145
922.5612 461.1486
917.8353 461.1548
911.0065 461.1563
904.1709 461.1502
897.1511 461.1484
883.166 461.1613
876.362 461.1515
868.917 461.1479
861.1318 461.1413
854.7341 461.1338
847.5563 461.1295
840.5179 461.1278
832.5013 461.1129
825.2852 461.1066
818.3945 461.1122
811.373 461.0965
804.4144 461.0794
797.0579 461.078
789.2871 461.0763
782.5794 461.0731
775.5814 461.0713
768.7073 461.0648
761.3932 461.063
754.6413 461.063
747.0974 461.0732
739.4551 461.0765
732.8438 461.0757
726.2861 461.0791
718.7718 461.0814
712.0303 461.1003
702.18 461.1027
697.3359 461.1058
691.5977 461.1092
688.1419 461.1006
686.0283 461.0988
685.8268 461.1051
685.792 461.1157
685.7702 461.1201
685.7523 461.1201
685.7106 461.1229
685.6647 461.1227
685.6816 461.1221
685.6836 461.1283
685.6895 461.1211
685.6699 461.1201
685.6592 461.1154
685.6487 461.111
685.6611 461.1074
685.6543 461.1086
685.6436 461.1012
685.6458 461.0999
685.64 461.1017
685.4183 461.098
684.3828 461.1043
681.1094 461.1079
675.5765 461.1123
668.7946 461.1118
661.3132 461.1122
654.388 461.1247
646.9802 461.1302
639.9837 461.1268
632.6699 461.1295
624.4661 461.132
617.9434 461.1266
611.613 461.125
604.8164 461.1291
597.1481 461.1357
590.3789 461.1315
582.3522 461.1336
574.9808 461.1351
568.3698 461.1283
560.6218 461.1325
554.7995 461.14
547.6289 461.1418
540.6387 461.1505
532.7178 461.1546
528.1165 461.165
523.541 461.1706
520.0967 461.1754
518.2337 461.1706
517.2692 461.1581
517.1732 461.1545
517.1725 461.1606
517.1719 461.1605
517.1911 461.1528
517.2292 461.1517
517.2314 461.159
517.2477 461.1647
517.2617 461.1668
517.2868 461.1711
517.2692 461.1691
517.2936 461.1616
517.3193 461.1678
517.3145 461.1637
517.3161 461.1629
517.3167 461.1577
517.3118 461.1611
517.3118 461.1681
517.3184 461.1712
517.3317 461.1702
517.3323 461.1777
517.3317 461.1727
517.3493 461.1758
517.3737 461.1724
517.3779 461.168
517.3981 461.1642
517.4082 461.1665
517.4007 461.1634
517.4095 461.1538
517.4147 461.1558
517.4033 461.1616
517.4238 461.1566
517.444 461.1659
517.4512 461.1737
517.4479 461.1733
517.4368 461.1776
517.4642 461.1838
517.4772 461.1838
517.4944 461.186
517.4958 461.1878
517.4733 461.1869
517.4551 461.1904
517.4694 461.1859
517.4847 461.1875
517.5013 461.1846
517.4824 461.1779
517.4736 461.1784
517.4766 461.1737
517.4714 461.1646
517.4688 461.1693
517.4463 461.1676
517.4313 461.168
517.4258 461.1693
517.4245 461.1711
517.3991 461.1771
517.3887 461.1854
517.3662 461.1906
517.3509 461.1935
517.3366 461.1816
517.334 461.181
517.3418 461.1859
517.3392 461.1784
517.3353 461.1782
517.3288 461.1795
517.3298 461.1747
517.3229 461.1693
517.3275 461.1779
517.3206 461.1851
517.3249 461.1795
517.306 461.1789
517.303 461.1715
517.3021 461.1689
517.322 461.1696
517.3249 461.1636
517.3362 461.1564
517.332 461.1439
517.3275 461.1427
517.3418 461.1497
517.3337 461.151
517.3291 461.1546
517.3291 461.159
517.6702 461.1637
520.9138 461.1637
525.1028 461.1623
527.3105 461.1631
533.2266 461.1623
540.7461 461.151
548.1003 461.1444
554.7012 461.1454
561.3528 461.1414
568.3691 461.133
575.54 461.1302
582.8034 461.1279
590.4756 461.1333
599.265 461.144
605.8841 461.1491
612.959 461.1502
619.9157 461.1463
627.4026 461.1478
635.4365 461.1606
642.2959 461.1709
649.0765 461.1751
656.2728 461.1693
663.3154 461.1688
670.6901 461.1701
678.3649 461.1619
686.0645 461.1502
692.5954 461.1447
699.1608 461.1413
706.4515 461.1449
713.3682 461.1486
721.1042 461.1421
728.4792 461.1447
734.708 461.1509
741.7747 461.1476
749.4118 461.1437
756.97 461.1427
764.0212 461.1489
770.4847 461.1479
776.1081 461.1449
780.8438 461.1434
784.6777 461.1479
788.1094 461.1418
791.7057 461.147
794.8786 461.1585
798.1152 461.1611
800.9033 461.1598
804.5983 461.1556
807.5853 461.1634
811.072 461.1691
814.1155 461.1646
817.4089 461.1633
820.3148 461.1631
823.097 461.1496
824.9167 461.1444
825.6898 461.1457
825.9619 461.1432
826.2829 461.1484
826.861 461.1517
829.4616 461.1564
834.4241 461.1616
848.944 461.1751
856.1136 461.1865
862.8444 461.1839
870.5296 461.1833
876.6048 461.1825
885.7295 461.1958
891.4544 461.1956
897.9372 461.1899
905.5488 461.1952
912.778 461.199
919.6621 461.2025
926.5192 461.1961
934.2122 461.1935
940.752 461.1943
946.5056 461.2028
950.4811 461.2033
951.9095 461.2169
951.9186 461.2111
951.916 461.2
951.9505 461.1929
951.9811 461.1818
952.001 461.1628
952.0198 461.1564
952.0378 461.152
952.0381 461.1493
952.0599 461.145
952.054 461.1463
952.0681 461.1473
952.0784 461.1535
952.1019 461.1576
952.1243 461.1566
952.1289 461.1642
952.1614 461.155
952.1657 461.1543
952.1878 461.1509
952.2357 461.1593
952.2464 461.1567
952.2559 461.1564
952.2532 461.1447
952.278 461.1458
952.2708 461.1585
952.2832 461.1609
952.2855 461.1641
952.2845 461.1725
952.2419 461.1921
952.2275 461.1916
952.236 461.188
952.2516 461.1844
952.2731 461.1831
952.2861 461.1857
952.2832 461.1909
952.2715 461.1789
952.2741 461.179
952.2907 461.1786
952.3086 461.1756
952.3235 461.1701
952.3506 461.1592
952.3359 461.1465
952.3431 461.1414
952.3513 461.1426
952.3721 461.1426
952.3623 461.1445
952.3809 461.1371
952.3818 461.1302
952.3757 461.1323
952.3708 461.1335
952.3392 461.1418
952.3379 461.1353
952.3474 461.1258
952.3249 461.1224
952.3281 461.1232
952.3281 461.1157
952.3418 461.1191
952.3496 461.1235
952.3467 461.1262
952.3223 461.1226
952.3249 461.1174
952.3434 461.1281
952.3294 461.13
952.3467 461.1182
952.3616 461.1151
952.3561 461.1313
952.3457 461.1369
952.3408 461.1452
952.3265 461.1533
952.3213 461.1538
952.3203 461.1523
952.3232 461.1605
952.3193 461.1548
952.3174 461.1541
952.3187 461.1567
952.3239 461.1636
952.3255 461.1649
952.3441 461.1593
952.3369 461.1564
952.3457 461.1584
952.3503 461.1514
952.3467 461.1509
952.3015 461.1581
952.2832 461.1738
952.2952 461.1748
952.3102 461.1893
952.321 461.1947
952.3467 461.1966
952.3516 461.2036
952.3708 461.2067
952.3516 461.2124
952.3584 461.2162
952.3594 461.2219
952.3763 461.2197
952.3864 461.2202
952.4105 461.2207
952.4307 461.2246
952.4668 461.2243
685.8268 461.1051
685.792 461.1157
685.7702 461.1201
685.7523 461.1201
685.7106 461.1229
685.6647 461.1227
685.6816 461.1221
685.6836 461.1283
685.6895 461.1211
685.6699 461.1201
685.6592 461.1154
685.6487 461.111
685.6611 461.1074
685.6543 461.1086
685.6436 461.1012
685.6458 461.0999
685.64 461.1017
685.4183 461.098
684.3828 461.1043
681.1094 461.1079
675.5765 461.1123
668.7946 461.1118
661.3132 461.1122
654.388 461.1247
646.9802 461.1302
639.9837 461.1268
632.6699 461.1295
624.4661 461.132
617.9434 461.1266
611.613 461.125
604.8164 461.1291
597.1481 461.1357
590.3789 461.1315
582.3522 461.1336
574.9808 461.1351
568.3698 461.1283
560.6218 461.1325
554.7995 461.14
547.6289 461.1418
540.6387 461.1505
532.7178 461.1546
528.1165 461.165
523.541 461.1706
520.0967 461.1754
518.2337 461.1706
517.2692 461.1581
517.1732 461.1545
517.1725 461.1606
517.1719 461.1605
517.1911 461.1528
517.2292 461.1517
517.2314 461.159
517.2477 461.1647
517.2617 461.1668
517.2868 461.1711
517.2692 461.1691
517.2936 461.1616
517.3193 461.1678
517.3145 461.1637
517.3161 461.1629
517.3167 461.1577
517.3118 461.1611
517.3118 461.1681
517.3184 461.1712
517.3317 461.1702
517.3323 461.1777
517.3317 461.1727
517.3493 461.1758
517.3737 461.1724
517.3779 461.168
517.3981 461.1642
517.4082 461.1665
517.4007 461.1634
517.4095 461.1538
517.4147 461.1558
517.4033 461.1616
517.4238 461.1566
517.444 461.1659
517.4512 461.1737
517.4479 461.1733
517.4368 461.1776
517.4642 461.1838
517.4772 461.1838
517.4944 461.186
517.4958 461.1878
517.4733 461.1869
517.4551 461.1904
517.4694 461.1859
517.4847 461.1875
517.5013 461.1846
517.4824 461.1779
517.4736 461.1784
517.4766 461.1737
517.4714 461.1646
517.4688 461.1693
517.4463 461.1676
517.4313 461.168
517.4258 461.1693
517.4245 461.1711
517.3991 461.1771
517.3887 461.1854
517.3662 461.1906
517.3509 461.1935
517.3366 461.1816
517.334 461.181
517.3418 461.1859
517.3392 461.1784
517.3353 461.1782
517.3288 461.1795
517.3298 461.1747
517.3229 461.1693
517.3275 461.1779
517.3206 461.1851
517.3249 461.1795
517.306 461.1789
517.303 461.1715
517.3021 461.1689
517.322 461.1696
517.3249 461.1636
517.3362 461.1564
517.332 461.1439
517.3275 461.1427
517.3418 461.1497
517.3337 461.151
517.3291 461.1546
517.3291 461.159
517.6702 461.1637
520.9138 461.1637
525.1028 461.1623
527.3105 461.1631
533.2266 461.1623
540.7461 461.151
548.1003 461.1444
554.7012 461.1454
561.3528 461.1414
568.3691 461.133
575.54 461.1302
582.8034 461.1279
590.4756 461.1333
599.265 461.144
605.8841 461.1491
612.959 461.1502
619.9157 461.1463
627.4026 461.1478
635.4365 461.1606
642.2959 461.1709
649.0765 461.1751
656.2728 461.1693
663.3154 461.1688
670.6901 461.1701
678.3649 461.1619
686.0645 461.1502
692.5954 461.1447
699.1608 461.1413
706.4515 461.1449
713.3682 461.1486
721.1042 461.1421
728.4792 461.1447
734.708 461.1509
741.7747 461.1476
749.4118 461.1437
756.97 461.1427
764.0212 461.1489
770.4847 461.1479
776.1081 461.1449
780.8438 461.1434
784.6777 461.1479
788.1094 461.1418
791.7057 461.147
794.8786 461.1585
798.1152 461.1611
800.9033 461.1598
804.5983 461.1556
807.5853 461.1634
811.072 461.1691
814.1155 461.1646
817.4089 461.1633
820.3148 461.1631
823.097 461.1496
824.9167 461.1444
825.6898 461.1457
825.9619 461.1432
826.2829 461.1484
826.861 461.1517
829.4616 461.1564
834.4241 461.1616
848.944 461.1751
856.1136 461.1865
862.8444 461.1839
870.5296 461.1833
876.6048 461.1825
885.7295 461.1958
891.4544 461.1956
897.9372 461.1899
905.5488 461.1952
912.778 461.199
919.6621 461.2025
926.5192 461.1961
934.2122 461.1935
940.752 461.1943
946.5056 461.2028
950.4811 461.2033
951.9095 461.2169
951.9186 461.2111
951.916 461.2
951.9505 461.1929
951.9811 461.1818
952.001 461.1628
952.0198 461.1564
952.0378 461.152
952.0381 461.1493
952.0599 461.145
952.054 461.1463
952.0681 461.1473
952.0784 461.1535
952.1019 461.1576
952.1243 461.1566
952.1289 461.1642
952.1614 461.155
952.1657 461.1543
952.1878 461.1509
952.2357 461.1593
952.2464 461.1567
952.2559 461.1564
952.2532 461.1447
952.278 461.1458
952.2708 461.1585
952.2832 461.1609
952.2855 461.1641
952.2845 461.1725
952.2419 461.1921
952.2275 461.1916
952.236 461.188
952.2516 461.1844
952.2731 461.1831
952.2861 461.1857
952.2832 461.1909
952.2715 461.1789
952.2741 461.179
952.2907 461.1786
952.3086 461.1756
952.3235 461.1701
952.3506 461.1592
952.3359 461.1465
952.3431 461.1414
952.3513 461.1426
952.3721 461.1426
952.3623 461.1445
952.3809 461.1371
952.3818 461.1302
952.3757 461.1323
952.3708 461.1335
952.3392 461.1418
952.3379 461.1353
952.3474 461.1258
952.3249 461.1224
952.3281 461.1232
952.3281 461.1157
952.3418 461.1191
952.3496 461.1235
952.3467 461.1262
952.3223 461.1226
952.3249 461.1174
952.3434 461.1281
952.3294 461.13
952.3467 461.1182
952.3616 461.1151
952.3561 461.1313
952.3457 461.1369
952.3408 461.1452
952.3265 461.1533
952.3213 461.1538
952.3203 461.1523
952.3232 461.1605
952.3193 461.1548
952.3174 461.1541
952.3187 461.1567
952.3239 461.1636
952.3255 461.1649
952.3441 461.1593
952.3369 461.1564
952.3457 461.1584
952.3503 461.1514
952.3467 461.1509
952.3015 461.1581
952.2832 461.1738
952.2952 461.1748
952.3102 461.1893
952.321 461.1947
952.3467 461.1966
952.3516 461.2036
952.3708 461.2067
952.3516 461.2124
952.3584 461.2162
952.3594 461.2219
952.3763 461.2197
952.3864 461.2202
952.4105 461.2207
952.4307 461.2246
952.4668 461.2243
952.5104 461.2194
952.4893 461.2233
952.4951 461.2171
953.1686 461.2136
954.8235 461.208
957.7712 461.1914
962.7205 461.1851
968.3203 461.188
974.8239 461.1947
981.4034 461.1995
988.1393 461.2079
995.1569 461.196
1003.023 461.1877
1009.574 461.1974
1018.003 461.2136
1024.89 461.2205
1031.298 461.2183
1038.43 461.2308
1045.473 461.2349
1051.976 461.2209
1060.069 461.221
1067.614 461.2256
1073.49 461.2313
1080.666 461.2363
1087.537 461.2361
1095.205 461.2393
1102.482 461.2388
1109.616 461.2384
1116.327 461.2256
1123.225 461.2179
1129.648 461.2176
1137.386 461.2095
1144.608 461.2059
1151.844 461.2067
1158.441 461.2124
1165.067 461.2067
1174.926 461.2166
1178.835 461.2245
1186.451 461.2199
1193.562 461.2139
1199.447 461.2186
1206.406 461.2238
1211.985 461.2205
1216.286 461.2169
1217.321 461.2219
1217.308 461.2194
1217.293 461.2389
1217.283 461.2521
1217.26 461.2512
1217.262 461.248
1217.302 461.2523
1217.31 461.25
1217.301 461.2526
1217.284 461.2622
1217.29 461.2687
1217.274 461.2628
1217.278 461.2563
1217.3 461.2559
1217.326 461.2508
1217.301 461.2358
1217.316 461.2347
1217.299 461.2388
1217.277 461.2321
1217.274 461.2285
1217.276 461.2303
1217.264 461.229
1217.28 461.2197
1217.266 461.2231
1217.284 461.228
1217.278 461.2311
1217.274 461.2287
1217.281 461.2363
1217.265 461.2406
1217.241 461.2429
1217.234 461.2503
1217.291 461.2498
1217.317 461.2389
1217.337 461.2372
1217.338 461.2437
1217.34 461.2394
1217.339 461.223
1217.366 461.2137
1217.346 461.2219
1217.363 461.221
1217.388 461.2178
1217.423 461.2137
1217.459 461.2179
1217.472 461.2166
1217.487 461.2162
1217.496 461.2189
1217.496 461.221
1217.473 461.2192
1217.477 461.2139
1217.481 461.2163
1217.468 461.2131
1217.456 461.2136
1217.439 461.2214
1217.444 461.2248
1217.431 461.2316
1217.419 461.2316
1217.42 461.2358
1217.406 461.2411
1217.385 461.2512
1217.378 461.2529
1217.382 461.2531
1217.359 461.2523
1217.549 461.2518
1218.439 461.2508
1220.199 461.2568
1222.863 461.2653
1226.412 461.2526
1230.456 461.2557
1235.391 461.2515
1239.935 461.2542
1244.756 461.2536
1249.919 461.248
1255.253 461.2461
1260.308 461.2443
1265.014 461.2347
1268.689 461.237
1269.606 461.2267
1269.61 461.2195
1269.6 461.2214
1269.6 461.2178
1269.593 461.2108
1269.58 461.2056
1269.558 461.2068
1269.553 461.2005
1269.567 461.188
1269.561 461.1906
1269.543 461.1844
1269.531 461.1798
1269.546 461.1797
1269.562 461.1838
1269.564 461.1792
1269.586 461.1733
1269.583 461.1748
1269.58 461.1748
1269.604 461.1735
1269.624 461.1649
1269.615 461.1685
1268.722 461.155
1265.548 461.1427
1257.649 461.1452
1252.618 461.1449
1237.185 461.1478
1227.739 461.1527
1223.428 461.1491
1216.152 461.152
1209.368 461.1439
1202.675 461.1429
1194.583 461.1392
1188.123 461.1343
1180.194 461.13
1173.778 461.1338
1166.955 461.1387
1159.614 461.1401
1151.857 461.1434
1143.065 461.1481
1136.844 461.1572
1130.495 461.1536
1126.416 461.1523
1121.606 461.1564
1116.763 461.1488
1111.735 461.1489
1106.763 461.1553
1102.297 461.1545
1097.605 461.1473
1092.568 461.1582
1087.542 461.1697
1082.861 461.1676
1078.102 461.1655
1073.182 461.166
1068.518 461.1628
1063.621 461.1655
1058.754 461.1606
1053.843 461.1689
1048.631 461.1699
1042.795 461.1631
1035.651 461.151
1029.339 461.1493
1021.911 461.151
1014.935 461.1574
1007.768 461.1602
1000.241 461.1545
993.5939 461.1442
986.4639 461.1378
979.3961 461.1326
972.0976 461.1356
966.3954 461.1409
960.7175 461.1375
956.918 461.133
952.5684 461.1344
948.1436 461.1276
943.6126 461.1305
939.098 461.134
934.1364 461.1357
929.3773 461.1473
925.3854 461.1382
920.7331 461.1398
916.3314 461.1331
911.9573 461.1349
906.8887 461.1331
903.636 461.1362
900.7627 461.1286
898.3714 461.1325
897.0114 461.1383
896.8015 461.1383
896.8203 461.1396
896.847 461.1359
896.041 461.1309
893.2282 461.1183
888.2197 461.1183
880.945 461.1209
873.278 461.1146
865.8691 461.1129
858.5449 461.1174
851.4651 461.1125
843.8604 461.0964
837.2946 461.0995
829.1169 461.1051
822.3513 461.1092
815.8294 461.1122
809.056 461.1174
802.0485 461.1216
794.7288 461.1242
787.8721 461.1131
780.237 461.1299
771.7855 461.1371
765.5046 461.1427
759.9173 461.1473
752.8027 461.159
744.4512 461.159
737.5847 461.1654
730.9961 461.1743
723.971 461.172
717.1722 461.1574
710.3568 461.1608
702.6263 461.1597
695.9414 461.1447
689.1028 461.139
681.9372 461.1351
674.8571 461.1326
666.7761 461.1323
659.9661 461.1284
652.0755 461.1205
645.7041 461.1198
638.6787 461.1195
631.4912 461.1227
624.6009 461.1248
616.1462 461.1235
608.3242 461.1307
601.2679 461.1335
595.6487 461.1273
588.1526 461.1222
580.6309 461.1323
575.3037 461.1401
569.6677 461.1486
567.5296 461.1427
566.8763 461.1439
566.8727 461.1507
566.8581 461.159
566.8359 461.1621
566.8362 461.1598
566.8307 461.1655
566.8203 461.1748
566.8213 461.1697
566.8249 461.1748
566.8005 461.1813
566.78 461.1958
566.7809 461.2002
566.7806 461.2046
566.7643 461.1994
566.7318 461.2044
566.736 461.2137
566.7142 461.2108
566.6927 461.1999
566.6901 461.202
566.6816 461.2044
566.6741 461.1976
566.6611 461.1945
566.6878 461.1989
566.6761 461.201
566.6761 461.201
566.6979 461.2064
566.695 461.2035
566.7178 461.1992
566.7083 461.2051
566.7064 461.209
566.7005 461.2227
566.737 461.2215
566.7728 461.2162
566.8011 461.2113
566.7871 461.2215
566.8099 461.215
566.792 461.2121
566.7754 461.2176
566.7988 461.2259
566.822 461.2254
566.8594 461.2261
952.5104 461.2194
952.4893 461.2233
952.4951 461.2171
953.1686 461.2136
954.8235 461.208
957.7712 461.1914
962.7205 461.1851
968.3203 461.188
974.8239 461.1947
981.4034 461.1995
988.1393 461.2079
995.1569 461.196
1003.023 461.1877
1009.574 461.1974
1018.003 461.2136
1024.89 461.2205
1031.298 461.2183
1038.43 461.2308
1045.473 461.2349
1051.976 461.2209
1060.069 461.221
1067.614 461.2256
1073.49 461.2313
1080.666 461.2363
1087.537 461.2361
1095.205 461.2393
1102.482 461.2388
1109.616 461.2384
1116.327 461.2256
1123.225 461.2179
1129.648 461.2176
1137.386 461.2095
1144.608 461.2059
1151.844 461.2067
1158.441 461.2124
1165.067 461.2067
1174.926 461.2166
1178.835 461.2245
1186.451 461.2199
1193.562 461.2139
1199.447 461.2186
1206.406 461.2238
1211.985 461.2205
1216.286 461.2169
1217.321 461.2219
1217.308 461.2194
1217.293 461.2389
1217.283 461.2521
1217.26 461.2512
1217.262 461.248
1217.302 461.2523
1217.31 461.25
1217.301 461.2526
1217.284 461.2622
1217.29 461.2687
1217.274 461.2628
1217.278 461.2563
1217.3 461.2559
1217.326 461.2508
1217.301 461.2358
1217.316 461.2347
1217.299 461.2388
1217.277 461.2321
1217.274 461.2285
1217.276 461.2303
1217.264 461.229
1217.28 461.2197
1217.266 461.2231
1217.284 461.228
1217.278 461.2311
1217.274 461.2287
1217.281 461.2363
1217.265 461.2406
1217.241 461.2429
1217.234 461.2503
1217.291 461.2498
1217.317 461.2389
1217.337 461.2372
1217.338 461.2437
1217.34 461.2394
1217.339 461.223
1217.366 461.2137
1217.346 461.2219
1217.363 461.221
1217.388 461.2178
1217.423 461.2137
1217.459 461.2179
1217.472 461.2166
1217.487 461.2162
1217.496 461.2189
1217.496 461.221
1217.473 461.2192
1217.477 461.2139
1217.481 461.2163
1217.468 461.2131
1217.456 461.2136
1217.439 461.2214
1217.444 461.2248
1217.431 461.2316
1217.419 461.2316
1217.42 461.2358
1217.406 461.2411
1217.385 461.2512
1217.378 461.2529
1217.382 461.2531
1217.359 461.2523
1217.549 461.2518
1218.439 461.2508
1220.199 461.2568
1222.863 461.2653
1226.412 461.2526
1230.456 461.2557
1235.391 461.2515
1239.935 461.2542
1244.756 461.2536
1249.919 461.248
1255.253 461.2461
1260.308 461.2443
1265.014 461.2347
1268.689 461.237
1269.606 461.2267
1269.61 461.2195
1269.6 461.2214
1269.6 461.2178
1269.593 461.2108
1269.58 461.2056
1269.558 461.2068
1269.553 461.2005
1269.567 461.188
1269.561 461.1906
1269.543 461.1844
1269.531 461.1798
1269.546 461.1797
1269.562 461.1838
1269.564 461.1792
1269.586 461.1733
1269.583 461.1748
1269.58 461.1748
1269.604 461.1735
1269.624 461.1649
1269.615 461.1685
1268.722 461.155
1265.548 461.1427
1257.649 461.1452
1252.618 461.1449
1237.185 461.1478
1227.739 461.1527
1223.428 461.1491
1216.152 461.152
1209.368 461.1439
1202.675 461.1429
1194.583 461.1392
1188.123 461.1343
1180.194 461.13
1173.778 461.1338
1166.955 461.1387
1159.614 461.1401
1151.857 461.1434
1143.065 461.1481
1136.844 461.1572
1130.495 461.1536
1126.416 461.1523
1121.606 461.1564
1116.763 461.1488
1111.735 461.1489
1106.763 461.1553
1102.297 461.1545
1097.605 461.1473
1092.568 461.1582
1087.542 461.1697
1082.861 461.1676
1078.102 461.1655
1073.182 461.166
1068.518 461.1628
1063.621 461.1655
1058.754 461.1606
1053.843 461.1689
1048.631 461.1699
1042.795 461.1631
1035.651 461.151
1029.339 461.1493
1021.911 461.151
1014.935 461.1574
1007.768 461.1602
1000.241 461.1545
993.5939 461.1442
986.4639 461.1378
979.3961 461.1326
972.0976 461.1356
966.3954 461.1409
960.7175 461.1375
956.918 461.133
952.5684 461.1344
948.1436 461.1276
943.6126 461.1305
939.098 461.134
934.1364 461.1357
929.3773 461.1473
925.3854 461.1382
920.7331 461.1398
916.3314 461.1331
911.9573 461.1349
906.8887 461.1331
903.636 461.1362
900.7627 461.1286
898.3714 461.1325
897.0114 461.1383
896.8015 461.1383
896.8203 461.1396
896.847 461.1359
896.041 461.1309
893.2282 461.1183
888.2197 461.1183
880.945 461.1209
873.278 461.1146
865.8691 461.1129
858.5449 461.1174
851.4651 461.1125
843.8604 461.0964
837.2946 461.0995
829.1169 461.1051
822.3513 461.1092
815.8294 461.1122
809.056 461.1174
802.0485 461.1216
794.7288 461.1242
787.8721 461.1131
780.237 461.1299
771.7855 461.1371
765.5046 461.1427
759.9173 461.1473
752.8027 461.159
744.4512 461.159
737.5847 461.1654
730.9961 461.1743
723.971 461.172
717.1722 461.1574
710.3568 461.1608
702.6263 461.1597
695.9414 461.1447
689.1028 461.139
681.9372 461.1351
674.8571 461.1326
666.7761 461.1323
659.9661 461.1284
652.0755 461.1205
645.7041 461.1198
638.6787 461.1195
631.4912 461.1227
624.6009 461.1248
616.1462 461.1235
608.3242 461.1307
601.2679 461.1335
595.6487 461.1273
588.1526 461.1222
580.6309 461.1323
575.3037 461.1401
569.6677 461.1486
567.5296 461.1427
566.8763 461.1439
566.8727 461.1507
566.8581 461.159
566.8359 461.1621
566.8362 461.1598
566.8307 461.1655
566.8203 461.1748
566.8213 461.1697
566.8249 461.1748
566.8005 461.1813
566.78 461.1958
566.7809 461.2002
566.7806 461.2046
566.7643 461.1994
566.7318 461.2044
566.736 461.2137
566.7142 461.2108
566.6927 461.1999
566.6901 461.202
566.6816 461.2044
566.6741 461.1976
566.6611 461.1945
566.6878 461.1989
566.6761 461.201
566.6761 461.201
566.6979 461.2064
566.695 461.2035
566.7178 461.1992
566.7083 461.2051
566.7064 461.209
566.7005 461.2227
566.737 461.2215
566.7728 461.2162
566.8011 461.2113
566.7871 461.2215
566.8099 461.215
566.792 461.2121
566.7754 461.2176
566.7988 461.2259
566.822 461.2254
566.8594 461.2261
566.9023 461.2085
566.9382 461.1922
566.9681 461.1782
566.972 461.1678
566.9684 461.1636
566.9808 461.1629
566.9759 461.151
566.958 461.1371
566.9564 461.1356
566.973 461.1331
566.9759 461.1385
566.9902 461.1356
566.9857 461.1427
566.9499 461.1483
566.9424 461.1497
566.9557 461.139
566.9567 461.1312
566.9421 461.1305
566.9284 461.1312
566.9245 461.1191
566.9372 461.1234
566.9554 461.1219
566.9788 461.1136
566.9847 461.1082
566.989 461.1206
566.9573 461.1292
566.9482 461.1226
566.9489 461.1274
566.9525 461.1328
566.9414 461.1385
566.9476 461.1392
566.9265 461.1476
566.9102 461.1571
566.8962 461.1496
566.8789 461.1584
566.8587 461.1611
566.8347 461.1654
566.8294 461.1727
566.832 461.1816
566.8379 461.1846
566.8584 461.1795
566.8792 461.1689
566.8978 461.1733
566.9446 461.1727
566.9593 461.1696
566.9668 461.1641
566.9739 461.1647
566.9753 461.1671
566.9606 461.1794
566.9434 461.1901
566.9307 461.1911
566.9131 461.1935
566.916 461.1947
566.9108 461.1896
566.8978 461.1878
566.9124 461.1854
566.916 461.175
566.9173 461.1753
566.9095 461.1792
566.9232 461.1733
566.9502 461.1786
566.9668 461.1769
566.9727 461.1678
566.9912 461.1619
567.0042 461.1624
567.0234 461.1693
567.0234 461.1753
567.0593 461.1831
567.0775 461.1886
567.0843 461.1898
567.0898 461.1888
567.1318 461.181
567.127 461.1763
567.1266 461.1675
567.1172 461.1737
567.1179 461.1681
567.1452 461.1704
567.1536 461.1681
567.1514 461.179
567.1533 461.18
567.1533 461.1735
567.1725 461.1689
567.1784 461.1786
567.1445 461.1886
567.137 461.1869
567.1472 461.1848
567.1403 461.1794
567.1396 461.1647
567.1543 461.1608
567.1702 461.1576
567.1872 461.1528
567.1572 461.1569
567.1442 461.165
567.1292 461.1649
567.1546 461.1606
567.1614 461.1532
567.1514 461.1553
567.1526 461.152
567.1719 461.1468
567.1432 461.1527
567.1396 461.1528
567.1458 461.1504
567.1543 461.1608
567.1445 461.173
567.1511 461.1712
567.1465 461.1691
567.1198 461.1805
567.0801 461.1831
567.0986 461.1729
567.1045 461.1688
567.1022 461.166
567.098 461.1636
567.0921 461.1572
567.0739 461.1533
567.0876 461.1494
567.0886 461.1522
567.0827 461.1602
567.0794 461.16
567.0807 461.1478
567.0876 461.1409
567.0794 461.1507
567.07 461.1553
567.0586 461.1558
567.0554 461.1614
567.0628 461.16
567.0729 461.1634
567.0804 461.1621
567.0798 461.1535
567.0735 461.1427
567.0735 461.1483
567.0651 461.1602
567.0602 461.1702
567.0739 461.1722
567.0583 461.1805
567.0641 461.1859
567.072 461.1813
567.0576 461.1844
567.0482 461.1831
567.0378 461.1784
567.0364 461.1877
567.0276 461.1859
567.027 461.189
567.0439 461.1769
567.056 461.1779
567.0605 461.182
567.0345 461.1781
567.0303 461.1761
567.0134 461.1761
567.0124 461.1815
567.0169 461.1818
567.014 461.1774
567.0114 461.1691
567.0225 461.1546
567.0622 461.1476
567.0638 461.1481
567.0635 461.145
567.0856 461.145
567.1013 461.1493
567.0921 461.1436
567.1048 461.146
567.139 461.1543
567.1487 461.1588
567.1751 461.1528
567.1699 461.144
567.1468 461.1564
567.1426 461.1588
567.1458 461.1496
567.1426 461.1546
567.1296 461.1569
567.1426 461.1567
567.1819 461.1461
567.2097 461.1414
567.2158 461.1371
567.2097 461.1366
567.195 461.1385
567.178 461.1406
567.18 461.1377
567.1653 461.1396
567.1409 461.1413
567.1419 461.1434
567.1318 461.1489
567.1182 461.1576
567.096 461.1527
567.0886 461.1533
567.0775 461.1517
567.07 461.1545
567.0641 461.1527
567.0847 461.1551
567.0837 461.1616
567.0762 461.1652
567.0632 461.1595
567.0612 461.1569
567.0657 461.1532
567.0605 461.1532
567.0569 461.1525
567.0443 461.1559
567.0368 461.1494
567.0521 461.1396
567.0596 461.1427
567.0397 461.1418
567.0283 461.1377
567.0322 461.1312
567.0303 461.1266
567.0462 461.1146
567.0381 461.1149
567.0488 461.1104
567.0534 461.1032
567.0671 461.0978
567.0784 461.0889
567.0798 461.0877
567.0723 461.0866
567.0856 461.0884
567.098 461.0877
567.1094 461.0871
567.1087 461.0913
567.1149 461.0946
567.0977 461.1053
567.0974 461.1035
567.07 461.1069
567.0342 461.1209
566.3952 461.1211
563.9876 461.1205
557.9518 461.118
550.9339 461.1185
543.4824 461.1257
536.1048 461.1321
529.0423 461.1255
522.6143 461.1208
515.5892 461.1183
508.5404 461.1172
501.6715 461.1188
494.2985 461.1111
487.2523 461.1193
479.5742 461.1227
472.5915 461.125
465.6387 461.1237
458.5485 461.1239
452.6172 461.1266
449.3705 461.1348
448.4538 461.1361
448.4557 461.1346
448.4502 461.1328
448.4593 461.1344
448.4551 461.1422
448.4629 461.1404
448.4814 461.1344
448.4727 461.127
448.4577 461.119
448.4736 461.1164
448.4753 461.1165
448.4613 461.1191
448.4746 461.1149
448.473 461.1252
448.4792 461.1276
448.5055 461.1208
448.4899 461.1263
448.4951 461.1312
448.5065 461.1361
448.5133 461.1366
448.5111 461.1426
448.5215 461.1548
448.5241 461.1584
448.5394 461.1579
448.5449 461.1541
448.5501 461.1522
448.5667 461.151
448.5703 461.1556
448.571 461.1597
448.5797 461.1569
448.583 461.1567
448.5775 461.1581
448.5736 461.1553
448.5684 461.1595
448.5706 461.1602
448.5703 461.1611
448.5638 461.1593
448.5547 461.1497
448.5706 461.1449
448.5889 461.1442
448.6016 461.1353
448.6039 461.1309
448.6032 461.134
448.6162 461.1362
448.6273 461.1312
448.6244 461.1281
448.638 461.1276
448.6289 461.1364
448.6214 461.1294
448.6497 461.1276
448.6621 461.1335
448.6631 461.1286
448.668 461.1252
448.6615 461.1357
448.6611 461.1421
448.6754 461.1321
448.6895 461.1413
448.7051 461.1416
448.7025 461.145
448.7132 461.1392
448.7262 461.152
566.9023 461.2085
566.9382 461.1922
566.9681 461.1782
566.972 461.1678
566.9684 461.1636
566.9808 461.1629
566.9759 461.151
566.958 461.1371
566.9564 461.1356
566.973 461.1331
566.9759 461.1385
566.9902 461.1356
566.9857 461.1427
566.9499 461.1483
566.9424 461.1497
566.9557 461.139
566.9567 461.1312
566.9421 461.1305
566.9284 461.1312
566.9245 461.1191
566.9372 461.1234
566.9554 461.1219
566.9788 461.1136
566.9847 461.1082
566.989 461.1206
566.9573 461.1292
566.9482 461.1226
566.9489 461.1274
566.9525 461.1328
566.9414 461.1385
566.9476 461.1392
566.9265 461.1476
566.9102 461.1571
566.8962 461.1496
566.8789 461.1584
566.8587 461.1611
566.8347 461.1654
566.8294 461.1727
566.832 461.1816
566.8379 461.1846
566.8584 461.1795
566.8792 461.1689
566.8978 461.1733
566.9446 461.1727
566.9593 461.1696
566.9668 461.1641
566.9739 461.1647
566.9753 461.1671
566.9606 461.1794
566.9434 461.1901
566.9307 461.1911
566.9131 461.1935
566.916 461.1947
566.9108 461.1896
566.8978 461.1878
566.9124 461.1854
566.916 461.175
566.9173 461.1753
566.9095 461.1792
566.9232 461.1733
566.9502 461.1786
566.9668 461.1769
566.9727 461.1678
566.9912 461.1619
567.0042 461.1624
567.0234 461.1693
567.0234 461.1753
567.0593 461.1831
567.0775 461.1886
567.0843 461.1898
567.0898 461.1888
567.1318 461.181
567.127 461.1763
567.1266 461.1675
567.1172 461.1737
567.1179 461.1681
567.1452 461.1704
567.1536 461.1681
567.1514 461.179
567.1533 461.18
567.1533 461.1735
567.1725 461.1689
567.1784 461.1786
567.1445 461.1886
567.137 461.1869
567.1472 461.1848
567.1403 461.1794
567.1396 461.1647
567.1543 461.1608
567.1702 461.1576
567.1872 461.1528
567.1572 461.1569
567.1442 461.165
567.1292 461.1649
567.1546 461.1606
567.1614 461.1532
567.1514 461.1553
567.1526 461.152
567.1719 461.1468
567.1432 461.1527
567.1396 461.1528
567.1458 461.1504
567.1543 461.1608
567.1445 461.173
567.1511 461.1712
567.1465 461.1691
567.1198 461.1805
567.0801 461.1831
567.0986 461.1729
567.1045 461.1688
567.1022 461.166
567.098 461.1636
567.0921 461.1572
567.0739 461.1533
567.0876 461.1494
567.0886 461.1522
567.0827 461.1602
567.0794 461.16
567.0807 461.1478
567.0876 461.1409
567.0794 461.1507
567.07 461.1553
567.0586 461.1558
567.0554 461.1614
567.0628 461.16
567.0729 461.1634
567.0804 461.1621
567.0798 461.1535
567.0735 461.1427
567.0735 461.1483
567.0651 461.1602
567.0602 461.1702
567.0739 461.1722
567.0583 461.1805
567.0641 461.1859
567.072 461.1813
567.0576 461.1844
567.0482 461.1831
567.0378 461.1784
567.0364 461.1877
567.0276 461.1859
567.027 461.189
567.0439 461.1769
567.056 461.1779
567.0605 461.182
567.0345 461.1781
567.0303 461.1761
567.0134 461.1761
567.0124 461.1815
567.0169 461.1818
567.014 461.1774
567.0114 461.1691
567.0225 461.1546
567.0622 461.1476
567.0638 461.1481
567.0635 461.145
567.0856 461.145
567.1013 461.1493
567.0921 461.1436
567.1048 461.146
567.139 461.1543
567.1487 461.1588
567.1751 461.1528
567.1699 461.144
567.1468 461.1564
567.1426 461.1588
567.1458 461.1496
567.1426 461.1546
567.1296 461.1569
567.1426 461.1567
567.1819 461.1461
567.2097 461.1414
567.2158 461.1371
567.2097 461.1366
567.195 461.1385
567.178 461.1406
567.18 461.1377
567.1653 461.1396
567.1409 461.1413
567.1419 461.1434
567.1318 461.1489
567.1182 461.1576
567.096 461.1527
567.0886 461.1533
567.0775 461.1517
567.07 461.1545
567.0641 461.1527
567.0847 461.1551
567.0837 461.1616
567.0762 461.1652
567.0632 461.1595
567.0612 461.1569
567.0657 461.1532
567.0605 461.1532
567.0569 461.1525
567.0443 461.1559
567.0368 461.1494
567.0521 461.1396
567.0596 461.1427
567.0397 461.1418
567.0283 461.1377
567.0322 461.1312
567.0303 461.1266
567.0462 461.1146
567.0381 461.1149
567.0488 461.1104
567.0534 461.1032
567.0671 461.0978
567.0784 461.0889
567.0798 461.0877
567.0723 461.0866
567.0856 461.0884
567.098 461.0877
567.1094 461.0871
567.1087 461.0913
567.1149 461.0946
567.0977 461.1053
567.0974 461.1035
567.07 461.1069
567.0342 461.1209
566.3952 461.1211
563.9876 461.1205
557.9518 461.118
550.9339 461.1185
543.4824 461.1257
536.1048 461.1321
529.0423 461.1255
522.6143 461.1208
515.5892 461.1183
508.5404 461.1172
501.6715 461.1188
494.2985 461.1111
487.2523 461.1193
479.5742 461.1227
472.5915 461.125
465.6387 461.1237
458.5485 461.1239
452.6172 461.1266
449.3705 461.1348
448.4538 461.1361
448.4557 461.1346
448.4502 461.1328
448.4593 461.1344
448.4551 461.1422
448.4629 461.1404
448.4814 461.1344
448.4727 461.127
448.4577 461.119
448.4736 461.1164
448.4753 461.1165
448.4613 461.1191
448.4746 461.1149
448.473 461.1252
448.4792 461.1276
448.5055 461.1208
448.4899 461.1263
448.4951 461.1312
448.5065 461.1361
448.5133 461.1366
448.5111 461.1426
448.5215 461.1548
448.5241 461.1584
448.5394 461.1579
448.5449 461.1541
448.5501 461.1522
448.5667 461.151
448.5703 461.1556
448.571 461.1597
448.5797 461.1569
448.583 461.1567
448.5775 461.1581
448.5736 461.1553
448.5684 461.1595
448.5706 461.1602
448.5703 461.1611
448.5638 461.1593
448.5547 461.1497
448.5706 461.1449
448.5889 461.1442
448.6016 461.1353
448.6039 461.1309
448.6032 461.134
448.6162 461.1362
448.6273 461.1312
448.6244 461.1281
448.638 461.1276
448.6289 461.1364
448.6214 461.1294
448.6497 461.1276
448.6621 461.1335
448.6631 461.1286
448.668 461.1252
448.6615 461.1357
448.6611 461.1421
448.6754 461.1321
448.6895 461.1413
448.7051 461.1416
448.7025 461.145
448.7132 461.1392
448.7262 461.152
448.7236 461.1585
448.7253 461.1579
448.7422 461.1504
448.7422 461.1478
448.7292 461.1579
448.7191 461.1535
448.7321 461.1494
448.7113 461.1488
448.7194 461.1357
448.7581 461.13
448.7819 461.1284
448.8229 461.1222
448.8301 461.1095
448.8223 461.1087
448.817 461.1211
448.8415 461.1219
448.8522 461.1139
448.8542 461.1107
448.873 461.1191
448.8929 461.1224
448.9076 461.1315
448.9258 461.1317
448.9251 461.1465
448.918 461.1553
448.8799 461.1581
448.8734 461.1621
448.8766 461.1629
448.8734 461.1641
448.8503 461.1634
448.8353 461.1689
448.8184 461.1637
448.807 461.1659
448.8021 461.1657
448.8092 461.1724
448.7813 461.1754
448.7624 461.1738
448.766 461.1818
448.7679 461.1883
448.7402 461.1852
448.7171 461.1789
448.71 461.1787
448.709 461.1797
448.695 461.1803
448.6862 461.1867
448.6768 461.1935
448.6572 461.1935
448.6566 461.2021
448.6657 461.2068
448.665 461.2065
448.6738 461.1979
448.6598 461.1966
448.653 461.1948
448.6556 461.1865
448.683 461.1725
448.692 461.1619
448.7031 461.1593
448.7376 461.1437
448.7653 461.1478
448.7503 461.144
448.7165 461.1512
448.7035 461.1512
448.7077 461.1528
448.6979 461.1538
448.7012 461.1467
448.7008 461.1563
448.7295 461.1582
448.7354 461.1619
448.7285 461.1538
448.7314 461.1499
448.7109 461.1522
448.6973 461.1569
448.6898 461.1611
448.6963 461.16
448.7005 461.1587
448.6813 461.1556
448.6344 461.1668
448.6208 461.1665
448.6328 461.159
448.6344 461.1646
448.623 461.1751
448.6208 461.1724
448.64 461.1675
448.6331 461.1646
448.6143 461.1633
448.5915 461.1667
448.584 461.1701
448.5794 461.1631
448.5843 461.1709
448.6016 461.168
448.596 461.1662
448.6129 461.1551
448.6185 461.154
448.6136 461.1541
448.6087 461.1584
448.6048 461.1609
448.5957 461.1639
448.6081 461.1624
448.5941 461.1595
448.5938 461.1668
448.5749 461.1681
448.585 461.1657
448.6061 461.167
448.6295 461.1766
448.64 461.1738
448.6576 461.1707
448.6523 461.1794
448.653 461.1738
448.6413 461.1681
448.6312 461.1722
448.6081 461.18
448.6104 461.1766
448.6221 461.1737
448.6302 461.1794
448.6426 461.1681
448.6693 461.1697
448.6898 461.1693
448.7093 461.1701
448.7266 461.1714
448.7321 461.1753
448.7272 461.1781
448.7188 461.1774
448.7168 461.1748
448.7204 461.179
448.7331 461.1794
448.7676 461.18
448.7891 461.1678
448.7852 461.1595
448.7744 461.1553
448.7725 461.1461
448.7715 461.1493
448.7679 461.1515
448.7725 461.1401
448.8004 461.1369
448.7992 461.1406
448.7907 461.1369
448.7891 461.134
448.7949 461.1276
448.8014 461.1291
448.7826 461.1359
448.7744 461.1409
448.7389 461.1546
448.7292 461.1543
448.7402 461.146
448.7419 461.1481
448.7233 461.1533
448.7057 461.1563
448.6973 461.1602
448.7038 461.1605
448.7119 461.1626
448.7142 461.1664
448.7139 461.1641
448.7383 461.1616
448.7604 461.1602
448.7819 461.1543
448.7848 461.153
448.7926 461.155
448.7865 461.1644
448.8154 461.1587
448.8285 461.152
448.8314 461.1519
448.8197 461.1574
448.8044 461.1587
448.7904 461.1576
448.7806 461.1606
448.7829 461.1582
448.7695 461.1588
448.9987 461.1647
450.1768 461.1706
453.4007 461.1655
457.5794 461.1609
462.9564 461.1502
469.1582 461.1408
476.1061 461.1346
483.3447 461.1403
490.8148 461.1418
498.2679 461.1393
504.554 461.1436
511.7725 461.147
518.7855 461.1427
526.3145 461.1359
533.5742 461.1364
541.238 461.1338
547.8496 461.1396
554.8786 461.1331
561.3558 461.1351
566.5641 461.126
569.6013 461.1221
570.4857 461.1116
570.471 461.117
570.4661 461.1161
570.4609 461.1169
570.4277 461.1087
570.3948 461.1037
570.3718 461.1019
570.3496 461.1066
570.3415 461.1055
570.3226 461.1063
570.3278 461.1045
570.3271 461.117
570.335 461.1182
570.3255 461.1208
570.3115 461.1288
570.306 461.1341
570.3151 461.133
570.3223 461.1335
570.3327 461.1333
570.3558 461.1354
570.3626 461.1429
570.3607 461.1382
570.3714 461.126
570.3708 461.1232
570.3721 461.1278
570.3929 461.1201
570.4102 461.1104
570.4153 461.1191
570.4352 461.1174
570.445 461.1214
570.4304 461.1247
570.4411 461.119
570.4346 461.1195
570.4212 461.13
570.4339 461.1335
570.429 461.1424
570.4304 461.1494
570.4339 461.1515
570.4466 461.1494
570.4485 461.1457
570.4534 461.1382
570.4518 461.1422
570.4212 461.1478
570.3799 461.151
570.3753 461.1378
570.3398 461.1278
570.3577 461.1344
570.3464 461.133
570.3718 461.1472
570.3721 461.1442
570.3662 461.1458
570.3708 461.1479
570.348 461.1493
570.3535 461.1493
570.334 461.1535
570.3291 461.1616
570.3311 461.1655
570.3307 461.16
570.3311 461.1616
570.334 461.1654
570.3311 461.1548
570.3206 461.1463
570.3196 461.1497
570.3005 461.1548
570.2969 461.1525
570.2734 461.1592
570.4603 461.1491
571.6865 461.1442
574.9359 461.1431
578.8493 461.1548
584.6175 461.1501
591.1621 461.1401
598.152 461.1353
605.5989 461.1344
612.7894 461.138
619.332 461.1408
626.7028 461.1361
633.9577 461.1366
640.8972 461.1354
648.1895 461.1307
655.5469 461.1229
662.2302 461.1169
669.4821 461.104
676.5495 461.1032
683.697 461.1038
691.364 461.0962
698.2754 461.0887
705.3682 461.0891
712.1631 461.09
719.8857 461.0907
733.6563 461.0969
741.2637 461.1043
744.7018 461.1022
751.6204 461.1038
758.4622 461.1055
765.6094 461.1116
772.4173 461.1094
779.6569 461.1154
786.6022 461.1144
793.929 461.112
801.1377 461.111
808.1722 461.1172
817.6061 461.1113
824.6058 461.1152
831.8916 461.1222
838.9424 461.1217
845.9668 461.1219
853.2129 461.123
860.0641 461.1252
867.1472 461.1273
874.8652 461.1304
887.1328 461.1445
890.5547 461.1543
448.7236 461.1585
448.7253 461.1579
448.7422 461.1504
448.7422 461.1478
448.7292 461.1579
448.7191 461.1535
448.7321 461.1494
448.7113 461.1488
448.7194 461.1357
448.7581 461.13
448.7819 461.1284
448.8229 461.1222
448.8301 461.1095
448.8223 461.1087
448.817 461.1211
448.8415 461.1219
448.8522 461.1139
448.8542 461.1107
448.873 461.1191
448.8929 461.1224
448.9076 461.1315
448.9258 461.1317
448.9251 461.1465
448.918 461.1553
448.8799 461.1581
448.8734 461.1621
448.8766 461.1629
448.8734 461.1641
448.8503 461.1634
448.8353 461.1689
448.8184 461.1637
448.807 461.1659
448.8021 461.1657
448.8092 461.1724
448.7813 461.1754
448.7624 461.1738
448.766 461.1818
448.7679 461.1883
448.7402 461.1852
448.7171 461.1789
448.71 461.1787
448.709 461.1797
448.695 461.1803
448.6862 461.1867
448.6768 461.1935
448.6572 461.1935
448.6566 461.2021
448.6657 461.2068
448.665 461.2065
448.6738 461.1979
448.6598 461.1966
448.653 461.1948
448.6556 461.1865
448.683 461.1725
448.692 461.1619
448.7031 461.1593
448.7376 461.1437
448.7653 461.1478
448.7503 461.144
448.7165 461.1512
448.7035 461.1512
448.7077 461.1528
448.6979 461.1538
448.7012 461.1467
448.7008 461.1563
448.7295 461.1582
448.7354 461.1619
448.7285 461.1538
448.7314 461.1499
448.7109 461.1522
448.6973 461.1569
448.6898 461.1611
448.6963 461.16
448.7005 461.1587
448.6813 461.1556
448.6344 461.1668
448.6208 461.1665
448.6328 461.159
448.6344 461.1646
448.623 461.1751
448.6208 461.1724
448.64 461.1675
448.6331 461.1646
448.6143 461.1633
448.5915 461.1667
448.584 461.1701
448.5794 461.1631
448.5843 461.1709
448.6016 461.168
448.596 461.1662
448.6129 461.1551
448.6185 461.154
448.6136 461.1541
448.6087 461.1584
448.6048 461.1609
448.5957 461.1639
448.6081 461.1624
448.5941 461.1595
448.5938 461.1668
448.5749 461.1681
448.585 461.1657
448.6061 461.167
448.6295 461.1766
448.64 461.1738
448.6576 461.1707
448.6523 461.1794
448.653 461.1738
448.6413 461.1681
448.6312 461.1722
448.6081 461.18
448.6104 461.1766
448.6221 461.1737
448.6302 461.1794
448.6426 461.1681
448.6693 461.1697
448.6898 461.1693
448.7093 461.1701
448.7266 461.1714
448.7321 461.1753
448.7272 461.1781
448.7188 461.1774
448.7168 461.1748
448.7204 461.179
448.7331 461.1794
448.7676 461.18
448.7891 461.1678
448.7852 461.1595
448.7744 461.1553
448.7725 461.1461
448.7715 461.1493
448.7679 461.1515
448.7725 461.1401
448.8004 461.1369
448.7992 461.1406
448.7907 461.1369
448.7891 461.134
448.7949 461.1276
448.8014 461.1291
448.7826 461.1359
448.7744 461.1409
448.7389 461.1546
448.7292 461.1543
448.7402 461.146
448.7419 461.1481
448.7233 461.1533
448.7057 461.1563
448.6973 461.1602
448.7038 461.1605
448.7119 461.1626
448.7142 461.1664
448.7139 461.1641
448.7383 461.1616
448.7604 461.1602
448.7819 461.1543
448.7848 461.153
448.7926 461.155
448.7865 461.1644
448.8154 461.1587
448.8285 461.152
448.8314 461.1519
448.8197 461.1574
448.8044 461.1587
448.7904 461.1576
448.7806 461.1606
448.7829 461.1582
448.7695 461.1588
448.9987 461.1647
450.1768 461.1706
453.4007 461.1655
457.5794 461.1609
462.9564 461.1502
469.1582 461.1408
476.1061 461.1346
483.3447 461.1403
490.8148 461.1418
498.2679 461.1393
504.554 461.1436
511.7725 461.147
518.7855 461.1427
526.3145 461.1359
533.5742 461.1364
541.238 461.1338
547.8496 461.1396
554.8786 461.1331
561.3558 461.1351
566.5641 461.126
569.6013 461.1221
570.4857 461.1116
570.471 461.117
570.4661 461.1161
570.4609 461.1169
570.4277 461.1087
570.3948 461.1037
570.3718 461.1019
570.3496 461.1066
570.3415 461.1055
570.3226 461.1063
570.3278 461.1045
570.3271 461.117
570.335 461.1182
570.3255 461.1208
570.3115 461.1288
570.306 461.1341
570.3151 461.133
570.3223 461.1335
570.3327 461.1333
570.3558 461.1354
570.3626 461.1429
570.3607 461.1382
570.3714 461.126
570.3708 461.1232
570.3721 461.1278
570.3929 461.1201
570.4102 461.1104
570.4153 461.1191
570.4352 461.1174
570.445 461.1214
570.4304 461.1247
570.4411 461.119
570.4346 461.1195
570.4212 461.13
570.4339 461.1335
570.429 461.1424
570.4304 461.1494
570.4339 461.1515
570.4466 461.1494
570.4485 461.1457
570.4534 461.1382
570.4518 461.1422
570.4212 461.1478
570.3799 461.151
570.3753 461.1378
570.3398 461.1278
570.3577 461.1344
570.3464 461.133
570.3718 461.1472
570.3721 461.1442
570.3662 461.1458
570.3708 461.1479
570.348 461.1493
570.3535 461.1493
570.334 461.1535
570.3291 461.1616
570.3311 461.1655
570.3307 461.16
570.3311 461.1616
570.334 461.1654
570.3311 461.1548
570.3206 461.1463
570.3196 461.1497
570.3005 461.1548
570.2969 461.1525
570.2734 461.1592
570.4603 461.1491
571.6865 461.1442
574.9359 461.1431
578.8493 461.1548
584.6175 461.1501
591.1621 461.1401
598.152 461.1353
605.5989 461.1344
612.7894 461.138
619.332 461.1408
626.7028 461.1361
633.9577 461.1366
640.8972 461.1354
648.1895 461.1307
655.5469 461.1229
662.2302 461.1169
669.4821 461.104
676.5495 461.1032
683.697 461.1038
691.364 461.0962
698.2754 461.0887
705.3682 461.0891
712.1631 461.09
719.8857 461.0907
733.6563 461.0969
741.2637 461.1043
744.7018 461.1022
751.6204 461.1038
758.4622 461.1055
765.6094 461.1116
772.4173 461.1094
779.6569 461.1154
786.6022 461.1144
793.929 461.112
801.1377 461.111
808.1722 461.1172
817.6061 461.1113
824.6058 461.1152
831.8916 461.1222
838.9424 461.1217
845.9668 461.1219
853.2129 461.123
860.0641 461.1252
867.1472 461.1273
874.8652 461.1304
887.1328 461.1445
890.5547 461.1543
895.2122 461.1499
901.7803 461.1484
908.3682 461.1543
915.7464 461.1555
923.9557 461.1621
929.8555 461.1685
937.1771 461.1676
943.7858 461.152
951.2331 461.1504
957.5101 461.151
966.3287 461.1481
971.0042 461.147
973.7577 461.1502
973.9812 461.1449
973.9708 461.1367
973.9808 461.1421
974.0241 461.1336
974.0413 461.1187
974.0587 461.1111
974.0561 461.1079
974.0325 461.1133
974.0201 461.1113
974.0279 461.1094
974.0079 461.1014
974.0211 461.0999
974.0529 461.1021
974.0499 461.1076
974.0565 461.1076
974.0817 461.1068
974.0674 461.1159
974.0763 461.1206
974.0823 461.1162
974.1113 461.1136
974.1177 461.1201
974.1163 461.1239
974.1177 461.1187
974.1227 461.1118
974.1219 461.0921
974.1119 461.0853
974.1083 461.0729
974.1072 461.0905
974.1351 461.0934
974.1437 461.0967
974.1614 461.098
974.183 461.0975
974.191 461.0985
974.1797 461.1024
974.1886 461.0921
974.2013 461.0928
974.2057 461.0949
974.201 461.1043
974.1978 461.1076
974.2116 461.1136
974.2004 461.1268
974.1709 461.1444
974.2134 461.1449
974.2379 461.133
974.254 461.1458
974.2772 461.131
974.2796 461.1393
974.2535 461.1538
974.2534 461.1567
974.2585 461.1564
974.245 461.1621
974.2413 461.1613
974.2288 461.1816
974.2214 461.1857
974.2325 461.1891
974.2532 461.1922
974.2628 461.1893
974.2467 461.1966
974.2371 461.2054
974.2341 461.2144
974.2607 461.2137
974.2951 461.2136
974.3046 461.2041
974.3103 461.2106
974.3275 461.1995
974.313 461.1935
974.3204 461.2012
974.3475 461.1872
974.3368 461.1766
974.817 461.1733
976.4982 461.1771
979.6957 461.18
983.203 461.174
987.6939 461.1678
993.2554 461.1623
1001.571 461.1644
1015.94 461.1707
1022.5 461.1727
1027.263 461.1758
1034.861 461.1754
1042.358 461.1784
1049.881 461.1766
1063.642 461.1794
1069.046 461.1704
1076.571 461.1709
1084.022 461.1688
1091.218 461.1574
1098.761 461.1475
1105.279 461.1409
1112.873 461.1281
1120.003 461.1177
1127.059 461.1232
1134.41 461.1237
1143.544 461.1193
1149.32 461.1211
1156.889 461.1274
1163.867 461.1239
1171.448 461.1258
1187.313 461.125
1193.207 461.1205
1198.022 461.127
1206.941 461.1302
1212.514 461.1266
1220.886 461.1174
1226.261 461.1245
1233.504 461.1237
1240.912 461.1221
1247.841 461.1235
1255.954 461.1328
1262.139 461.1447
1269.089 461.154
1278.034 461.1598
1286.93 461.1587
1292.711 461.1655
1298.983 461.1652
1304.01 461.1686
1308.302 461.1704
1310.432 461.1727
1310.46 461.1771
1310.464 461.1747
1310.453 461.1668
1310.454 461.1597
1310.445 461.1619
1310.44 461.1553
1310.456 461.1444
1310.469 461.1403
1310.472 461.1385
1310.478 461.1375
1310.449 461.1349
1310.403 461.1408
1310.394 461.1468
1310.382 461.1598
1310.375 461.1647
1310.364 461.1683
1310.369 461.1769
1310.363 461.1765
1310.371 461.1729
1310.387 461.1706
1310.387 461.175
1310.392 461.1794
1310.397 461.1825
1310.39 461.1895
1310.396 461.1765
1310.387 461.167
1310.372 461.1786
1310.378 461.1818
1310.376 461.1808
1310.379 461.1766
1310.38 461.1772
1310.365 461.1717
1310.359 461.1826
1310.353 461.1841
1310.364 461.1854
1310.371 461.1794
1310.355 461.1758
1310.353 461.1706
1310.374 461.1644
1310.4 461.1631
1310.419 461.165
1310.434 461.1671
1310.461 461.1681
1310.478 461.176
1310.462 461.1867
1310.472 461.1921
1310.478 461.1937
1310.451 461.1901
1310.232 461.1846
1309.384 461.1902
1307.675 461.187
1305.394 461.1831
1302.254 461.1815
1298.188 461.1873
1292.78 461.1829
1285.71 461.1763
1277.768 461.1782
1271.38 461.1795
1264.066 461.1833
1257.618 461.1901
1250.439 461.1982
1243.534 461.2064
1235.79 461.2083
1228.618 461.2015
1221.811 461.1973
1214.972 461.1992
1207.64 461.207
1200.938 461.2134
1193.345 461.2062
1186.604 461.1999
1179.597 461.2046
1172.816 461.2109
1165.475 461.2129
1158.385 461.2142
1150.739 461.2036
1143.529 461.1997
1136.89 461.189
1129.935 461.1895
1122.522 461.1899
1115.702 461.201
1108.075 461.2038
1100.777 461.2134
1093.992 461.2098
1087.333 461.2049
1079.911 461.2008
1072.994 461.2113
1065.377 461.2152
1058.244 461.2104
1051.157 461.2134
1044.281 461.2174
1036.536 461.2031
1028.741 461.2065
1021.953 461.2077
1015.188 461.2059
1008.152 461.1938
1001.375 461.1971
994.5334 461.1964
987.7662 461.1964
980.6287 461.1922
973.7775 461.1945
966.5 461.1976
959.4225 461.2082
952.2331 461.2109
945.0052 461.2139
937.3887 461.2141
930.3356 461.2122
923.7256 461.2162
916.4772 461.2204
909.2793 461.2202
902.0605 461.2189
894.5276 461.2147
887.9482 461.2103
882.6022 461.1953
875.305 461.1805
868.2175 461.1836
861.4131 461.1802
853.9173 461.1786
846.0931 461.1745
839.6872 461.1797
832.7741 461.1753
825.668 461.1675
818.6175 461.172
810.0179 461.1797
802.4886 461.1732
795.6497 461.172
788.53 461.1815
781.4971 461.1869
774.4258 461.1886
766.6608 461.182
759.5986 461.1714
753.1136 461.172
745.8688 461.1697
738.8037 461.1634
731.5674 461.1636
724.3591 461.1467
717.1784 461.1424
710.4896 461.1383
703.0228 461.1341
695.8727 461.1367
688.8011 461.1403
681.0605 461.1382
674.1794 461.1333
666.9893 461.1294
660.3232 461.1274
652.9492 461.1201
645.9411 461.1262
637.8913 461.1302
630.2308 461.1221
624.3981 461.1234
617.6751 461.1333
610.5173 461.1439
603.3496 461.1484
596.0466 461.1535
588.9141 461.1504
581.765 461.147
574.8073 461.1421
568.2705 461.1431
560.989 461.1455
552.3919 461.1533
546.4313 461.1538
540.7849 461.1566
533.5759 461.1576
526.3893 461.1715
519.4707 461.1742
511.3802 461.1667
503.7191 461.1681
497.2308 461.1706
490.6244 461.1743
483.9297 461.1709
895.2122 461.1499
901.7803 461.1484
908.3682 461.1543
915.7464 461.1555
923.9557 461.1621
929.8555 461.1685
937.1771 461.1676
943.7858 461.152
951.2331 461.1504
957.5101 461.151
966.3287 461.1481
971.0042 461.147
973.7577 461.1502
973.9812 461.1449
973.9708 461.1367
973.9808 461.1421
974.0241 461.1336
974.0413 461.1187
974.0587 461.1111
974.0561 461.1079
974.0325 461.1133
974.0201 461.1113
974.0279 461.1094
974.0079 461.1014
974.0211 461.0999
974.0529 461.1021
974.0499 461.1076
974.0565 461.1076
974.0817 461.1068
974.0674 461.1159
974.0763 461.1206
974.0823 461.1162
974.1113 461.1136
974.1177 461.1201
974.1163 461.1239
974.1177 461.1187
974.1227 461.1118
974.1219 461.0921
974.1119 461.0853
974.1083 461.0729
974.1072 461.0905
974.1351 461.0934
974.1437 461.0967
974.1614 461.098
974.183 461.0975
974.191 461.0985
974.1797 461.1024
974.1886 461.0921
974.2013 461.0928
974.2057 461.0949
974.201 461.1043
974.1978 461.1076
974.2116 461.1136
974.2004 461.1268
974.1709 461.1444
974.2134 461.1449
974.2379 461.133
974.254 461.1458
974.2772 461.131
974.2796 461.1393
974.2535 461.1538
974.2534 461.1567
974.2585 461.1564
974.245 461.1621
974.2413 461.1613
974.2288 461.1816
974.2214 461.1857
974.2325 461.1891
974.2532 461.1922
974.2628 461.1893
974.2467 461.1966
974.2371 461.2054
974.2341 461.2144
974.2607 461.2137
974.2951 461.2136
974.3046 461.2041
974.3103 461.2106
974.3275 461.1995
974.313 461.1935
974.3204 461.2012
974.3475 461.1872
974.3368 461.1766
974.817 461.1733
976.4982 461.1771
979.6957 461.18
983.203 461.174
987.6939 461.1678
993.2554 461.1623
1001.571 461.1644
1015.94 461.1707
1022.5 461.1727
1027.263 461.1758
1034.861 461.1754
1042.358 461.1784
1049.881 461.1766
1063.642 461.1794
1069.046 461.1704
1076.571 461.1709
1084.022 461.1688
1091.218 461.1574
1098.761 461.1475
1105.279 461.1409
1112.873 461.1281
1120.003 461.1177
1127.059 461.1232
1134.41 461.1237
1143.544 461.1193
1149.32 461.1211
1156.889 461.1274
1163.867 461.1239
1171.448 461.1258
1187.313 461.125
1193.207 461.1205
1198.022 461.127
1206.941 461.1302
1212.514 461.1266
1220.886 461.1174
1226.261 461.1245
1233.504 461.1237
1240.912 461.1221
1247.841 461.1235
1255.954 461.1328
1262.139 461.1447
1269.089 461.154
1278.034 461.1598
1286.93 461.1587
1292.711 461.1655
1298.983 461.1652
1304.01 461.1686
1308.302 461.1704
1310.432 461.1727
1310.46 461.1771
1310.464 461.1747
1310.453 461.1668
1310.454 461.1597
1310.445 461.1619
1310.44 461.1553
1310.456 461.1444
1310.469 461.1403
1310.472 461.1385
1310.478 461.1375
1310.449 461.1349
1310.403 461.1408
1310.394 461.1468
1310.382 461.1598
1310.375 461.1647
1310.364 461.1683
1310.369 461.1769
1310.363 461.1765
1310.371 461.1729
1310.387 461.1706
1310.387 461.175
1310.392 461.1794
1310.397 461.1825
1310.39 461.1895
1310.396 461.1765
1310.387 461.167
1310.372 461.1786
1310.378 461.1818
1310.376 461.1808
1310.379 461.1766
1310.38 461.1772
1310.365 461.1717
1310.359 461.1826
1310.353 461.1841
1310.364 461.1854
1310.371 461.1794
1310.355 461.1758
1310.353 461.1706
1310.374 461.1644
1310.4 461.1631
1310.419 461.165
1310.434 461.1671
1310.461 461.1681
1310.478 461.176
1310.462 461.1867
1310.472 461.1921
1310.478 461.1937
1310.451 461.1901
1310.232 461.1846
1309.384 461.1902
1307.675 461.187
1305.394 461.1831
1302.254 461.1815
1298.188 461.1873
1292.78 461.1829
1285.71 461.1763
1277.768 461.1782
1271.38 461.1795
1264.066 461.1833
1257.618 461.1901
1250.439 461.1982
1243.534 461.2064
1235.79 461.2083
1228.618 461.2015
1221.811 461.1973
1214.972 461.1992
1207.64 461.207
1200.938 461.2134
1193.345 461.2062
1186.604 461.1999
1179.597 461.2046
1172.816 461.2109
1165.475 461.2129
1158.385 461.2142
1150.739 461.2036
1143.529 461.1997
1136.89 461.189
1129.935 461.1895
1122.522 461.1899
1115.702 461.201
1108.075 461.2038
1100.777 461.2134
1093.992 461.2098
1087.333 461.2049
1079.911 461.2008
1072.994 461.2113
1065.377 461.2152
1058.244 461.2104
1051.157 461.2134
1044.281 461.2174
1036.536 461.2031
1028.741 461.2065
1021.953 461.2077
1015.188 461.2059
1008.152 461.1938
1001.375 461.1971
994.5334 461.1964
987.7662 461.1964
980.6287 461.1922
973.7775 461.1945
966.5 461.1976
959.4225 461.2082
952.2331 461.2109
945.0052 461.2139
937.3887 461.2141
930.3356 461.2122
923.7256 461.2162
916.4772 461.2204
909.2793 461.2202
902.0605 461.2189
894.5276 461.2147
887.9482 461.2103
882.6022 461.1953
875.305 461.1805
868.2175 461.1836
861.4131 461.1802
853.9173 461.1786
846.0931 461.1745
839.6872 461.1797
832.7741 461.1753
825.668 461.1675
818.6175 461.172
810.0179 461.1797
802.4886 461.1732
795.6497 461.172
788.53 461.1815
781.4971 461.1869
774.4258 461.1886
766.6608 461.182
759.5986 461.1714
753.1136 461.172
745.8688 461.1697
738.8037 461.1634
731.5674 461.1636
724.3591 461.1467
717.1784 461.1424
710.4896 461.1383
703.0228 461.1341
695.8727 461.1367
688.8011 461.1403
681.0605 461.1382
674.1794 461.1333
666.9893 461.1294
660.3232 461.1274
652.9492 461.1201
645.9411 461.1262
637.8913 461.1302
630.2308 461.1221
624.3981 461.1234
617.6751 461.1333
610.5173 461.1439
603.3496 461.1484
596.0466 461.1535
588.9141 461.1504
581.765 461.147
574.8073 461.1421
568.2705 461.1431
560.989 461.1455
552.3919 461.1533
546.4313 461.1538
540.7849 461.1566
533.5759 461.1576
526.3893 461.1715
519.4707 461.1742
511.3802 461.1667
503.7191 461.1681
497.2308 461.1706
490.6244 461.1743
483.9297 461.1709
476.5628 461.1633
469.46 461.1535
464.6283 461.1414
461.4883 461.1362
460.0599 461.1359
460.0654 461.1273
460.0778 461.1195
460.1048 461.125
460.096 461.1362
460.0902 461.1375
460.0977 461.1416
460.1061 461.1374
460.0807 461.133
460.1146 461.1295
460.1126 461.1273
460.1188 461.1265
460.1367 461.1212
460.1471 461.1304
460.1286 461.1234
460.127 461.1205
460.1182 461.1268
460.1162 461.1279
460.1156 461.1302
460.1403 461.1175
460.1315 461.1219
460.1266 461.1286
460.1195 461.1108
460.1107 461.1081
460.0902 461.1188
460.0977 461.1263
460.0957 461.1288
460.0963 461.1302
460.5088 461.1304
461.974 461.1276
464.8783 461.1271
469.0833 461.1274
474.4928 461.1243
480.666 461.1253
487.5163 461.1099
495.016 461.1107
502.557 461.1133
509.7145 461.1129
516.0329 461.11
523.1214 461.109
530.2689 461.1033
537.5433 461.0892
544.5716 461.0856
551.7552 461.0788
559.2031 461.0789
566.0293 461.0869
572.9241 461.0894
580.1266 461.0944
587.6116 461.0949
595.0749 461.0974
601.7243 461.1027
608.3418 461.1108
615.7617 461.1172
622.9684 461.1217
629.8167 461.1227
644.4183 461.1151
651.6091 461.1115
654.2188 461.1126
661.5231 461.1179
670.9001 461.1187
675.7083 461.1183
683.2682 461.1227
689.9785 461.1224
697.1807 461.1248
704.1758 461.1222
711.5771 461.1131
718.4131 461.1021
725.694 461.0988
728.6077 461.1017
741.6774 461.1089
756.1667 461.1141
770.7562 461.1123
785.3474 461.1177
792.5755 461.118
799.3054 461.1289
806.7927 461.1255
813.4551 461.1289
820.3532 461.1226
828.1891 461.1126
835.4746 461.1138
842.5566 461.1064
850.555 461.1092
856.9336 461.1055
864.3923 461.1079
871.2461 461.11
878.3034 461.1185
885.345 461.118
892.806 461.1111
899.8034 461.1022
906.8685 461.0933
914.2227 461.0841
921.1741 461.0752
929.0784 461.2036
936.3304 461.2044
942.6999 461.1581
950.0729 461.1196
957.1511 461.1182
964.8557 461.1221
971.5891 461.119
978.8242 461.1156
985.3822 461.1105
992.3454 461.1064
999.2549 461.1129
1006.521 461.1151
1013.541 461.109
1020.177 461.104
1026.506 461.0915
1032.013 461.0988
1037.032 461.1032
1040.876 461.1001
1043.661 461.0998
1044.556 461.1035
1044.546 461.0967
1044.537 461.0902
1044.533 461.0939
1044.522 461.0978
1044.513 461.0967
1044.528 461.0946
1044.497 461.1045
1044.462 461.1019
1044.457 461.1006
1044.465 461.1025
1044.477 461.1009
1044.49 461.11
1044.52 461.1129
1044.523 461.1188
1044.528 461.1283
1044.542 461.119
1044.538 461.1076
1044.541 461.1035
1044.556 461.0946
1044.572 461.0952
1044.575 461.1042
1044.563 461.1074
1044.554 461.1066
1044.536 461.1047
1044.526 461.1084
1044.538 461.1079
1044.531 461.1107
1044.536 461.1104
1044.54 461.1205
1044.563 461.1295
1044.594 461.127
1044.611 461.1247
1044.631 461.1198
1044.64 461.123
1044.63 461.1226
1044.618 461.1161
1044.626 461.1131
1044.624 461.1183
1044.639 461.1043
1044.662 461.103
1044.644 461.1108
1044.651 461.1149
1044.653 461.119
1044.639 461.1276
1044.627 461.1257
1044.618 461.1161
1044.618 461.1205
1044.641 461.1111
1044.63 461.105
1044.626 461.1012
1044.627 461.1104
1044.618 461.1118
1044.63 461.1027
1044.652 461.1032
1044.675 461.1094
1044.688 461.1118
1044.67 461.1211
1044.667 461.1263
1044.703 461.1146
1044.713 461.105
1044.718 461.1081
1044.72 461.1134
1044.685 461.1147
1044.664 461.1205
1044.656 461.1247
1044.633 461.1292
1044.604 461.1271
1044.614 461.1252
1044.595 461.1351
1044.582 461.1348
1044.574 461.1271
1044.571 461.123
1044.584 461.125
1044.599 461.1206
1044.614 461.1196
1044.582 461.124
1044.589 461.1279
1044.576 461.1224
1044.566 461.1146
1044.549 461.1073
1044.528 461.1071
1044.539 461.1152
1044.568 461.1146
1044.576 461.1053
1044.575 461.1019
1044.578 461.1047
1044.576 461.1113
1044.564 461.1082
1044.569 461.1043
1044.596 461.1105
1044.637 461.1175
1044.637 461.1212
1044.614 461.1105
1044.615 461.1074
1044.634 461.1053
1044.634 461.1007
1044.637 461.0933
1044.679 461.0786
1044.706 461.0781
1044.71 461.076
1044.729 461.0714
1044.27 461.0671
1042.331 461.0583
1038.891 461.0482
1033.769 461.0511
1028.246 461.0548
1021.613 461.0537
1014.606 461.0555
1007.408 461.0672
1000.478 461.0723
992.5076 461.0669
985.7537 461.0627
978.2738 461.0612
971.7003 461.0636
964.5109 461.0607
957.6569 461.0676
949.987 461.0674
942.9866 461.0648
935.9316 461.0758
928.6569 461.0786
921.8288 461.0851
914.8711 461.0801
906.9619 461.0845
900.0225 461.0843
893.3561 461.0876
886.4284 461.0823
879.1921 461.0797
872.0886 461.0716
864.2175 461.0693
857.5596 461.0685
850.625 461.0745
843.5371 461.074
836.4202 461.0679
829.4785 461.0615
821.9743 461.0552
814.5368 461.0628
807.8782 461.078
800.7868 461.0802
793.5208 461.0863
786.54 461.0845
778.7546 461.0856
771.471 461.0802
765.345 461.0758
758.373 461.0817
751.2393 461.0882
744.389 461.0964
736.2018 461.0964
729.7018 461.0929
722.6963 461.0949
715.9316 461.1001
709.2051 461.1016
702.738 461.1032
696.2083 461.0975
690.2109 461.0964
684.4033 461.0952
678.0934 461.0965
672.0609 461.1056
665.8939 461.0974
659.2168 461.0962
653.1061 461.1097
646.9866 461.11
640.8548 461.1118
634.5856 461.1086
628.5293 461.1147
623.7126 461.1147
620.2891 461.1115
618.5052 461.1068
618.4912 461.1108
618.5182 461.1089
618.5332 461.1022
618.5378 461.0967
618.5482 461.1011
618.5524 461.0986
618.54 461.096
618.5469 461.0891
618.5537 461.0845
618.5605 461.0818
618.5605 461.0877
618.5495 461.0952
618.5391 461.0946
618.5313 461.1028
618.527 461.1019
618.5182 461.1006
618.512 461.1019
476.5628 461.1633
469.46 461.1535
464.6283 461.1414
461.4883 461.1362
460.0599 461.1359
460.0654 461.1273
460.0778 461.1195
460.1048 461.125
460.096 461.1362
460.0902 461.1375
460.0977 461.1416
460.1061 461.1374
460.0807 461.133
460.1146 461.1295
460.1126 461.1273
460.1188 461.1265
460.1367 461.1212
460.1471 461.1304
460.1286 461.1234
460.127 461.1205
460.1182 461.1268
460.1162 461.1279
460.1156 461.1302
460.1403 461.1175
460.1315 461.1219
460.1266 461.1286
460.1195 461.1108
460.1107 461.1081
460.0902 461.1188
460.0977 461.1263
460.0957 461.1288
460.0963 461.1302
460.5088 461.1304
461.974 461.1276
464.8783 461.1271
469.0833 461.1274
474.4928 461.1243
480.666 461.1253
487.5163 461.1099
495.016 461.1107
502.557 461.1133
509.7145 461.1129
516.0329 461.11
523.1214 461.109
530.2689 461.1033
537.5433 461.0892
544.5716 461.0856
551.7552 461.0788
559.2031 461.0789
566.0293 461.0869
572.9241 461.0894
580.1266 461.0944
587.6116 461.0949
595.0749 461.0974
601.7243 461.1027
608.3418 461.1108
615.7617 461.1172
622.9684 461.1217
629.8167 461.1227
644.4183 461.1151
651.6091 461.1115
654.2188 461.1126
661.5231 461.1179
670.9001 461.1187
675.7083 461.1183
683.2682 461.1227
689.9785 461.1224
697.1807 461.1248
704.1758 461.1222
711.5771 461.1131
718.4131 461.1021
725.694 461.0988
728.6077 461.1017
741.6774 461.1089
756.1667 461.1141
770.7562 461.1123
785.3474 461.1177
792.5755 461.118
799.3054 461.1289
806.7927 461.1255
813.4551 461.1289
820.3532 461.1226
828.1891 461.1126
835.4746 461.1138
842.5566 461.1064
850.555 461.1092
856.9336 461.1055
864.3923 461.1079
871.2461 461.11
878.3034 461.1185
885.345 461.118
892.806 461.1111
899.8034 461.1022
906.8685 461.0933
914.2227 461.0841
921.1741 461.0752
929.0784 461.2036
936.3304 461.2044
942.6999 461.1581
950.0729 461.1196
957.1511 461.1182
964.8557 461.1221
971.5891 461.119
978.8242 461.1156
985.3822 461.1105
992.3454 461.1064
999.2549 461.1129
1006.521 461.1151
1013.541 461.109
1020.177 461.104
1026.506 461.0915
1032.013 461.0988
1037.032 461.1032
1040.876 461.1001
1043.661 461.0998
1044.556 461.1035
1044.546 461.0967
1044.537 461.0902
1044.533 461.0939
1044.522 461.0978
1044.513 461.0967
1044.528 461.0946
1044.497 461.1045
1044.462 461.1019
1044.457 461.1006
1044.465 461.1025
1044.477 461.1009
1044.49 461.11
1044.52 461.1129
1044.523 461.1188
1044.528 461.1283
1044.542 461.119
1044.538 461.1076
1044.541 461.1035
1044.556 461.0946
1044.572 461.0952
1044.575 461.1042
1044.563 461.1074
1044.554 461.1066
1044.536 461.1047
1044.526 461.1084
1044.538 461.1079
1044.531 461.1107
1044.536 461.1104
1044.54 461.1205
1044.563 461.1295
1044.594 461.127
1044.611 461.1247
1044.631 461.1198
1044.64 461.123
1044.63 461.1226
1044.618 461.1161
1044.626 461.1131
1044.624 461.1183
1044.639 461.1043
1044.662 461.103
1044.644 461.1108
1044.651 461.1149
1044.653 461.119
1044.639 461.1276
1044.627 461.1257
1044.618 461.1161
1044.618 461.1205
1044.641 461.1111
1044.63 461.105
1044.626 461.1012
1044.627 461.1104
1044.618 461.1118
1044.63 461.1027
1044.652 461.1032
1044.675 461.1094
1044.688 461.1118
1044.67 461.1211
1044.667 461.1263
1044.703 461.1146
1044.713 461.105
1044.718 461.1081
1044.72 461.1134
1044.685 461.1147
1044.664 461.1205
1044.656 461.1247
1044.633 461.1292
1044.604 461.1271
1044.614 461.1252
1044.595 461.1351
1044.582 461.1348
1044.574 461.1271
1044.571 461.123
1044.584 461.125
1044.599 461.1206
1044.614 461.1196
1044.582 461.124
1044.589 461.1279
1044.576 461.1224
1044.566 461.1146
1044.549 461.1073
1044.528 461.1071
1044.539 461.1152
1044.568 461.1146
1044.576 461.1053
1044.575 461.1019
1044.578 461.1047
1044.576 461.1113
1044.564 461.1082
1044.569 461.1043
1044.596 461.1105
1044.637 461.1175
1044.637 461.1212
1044.614 461.1105
1044.615 461.1074
1044.634 461.1053
1044.634 461.1007
1044.637 461.0933
1044.679 461.0786
1044.706 461.0781
1044.71 461.076
1044.729 461.0714
1044.27 461.0671
1042.331 461.0583
1038.891 461.0482
1033.769 461.0511
1028.246 461.0548
1021.613 461.0537
1014.606 461.0555
1007.408 461.0672
1000.478 461.0723
992.5076 461.0669
985.7537 461.0627
978.2738 461.0612
971.7003 461.0636
964.5109 461.0607
957.6569 461.0676
949.987 461.0674
942.9866 461.0648
935.9316 461.0758
928.6569 461.0786
921.8288 461.0851
914.8711 461.0801
906.9619 461.0845
900.0225 461.0843
893.3561 461.0876
886.4284 461.0823
879.1921 461.0797
872.0886 461.0716
864.2175 461.0693
857.5596 461.0685
850.625 461.0745
843.5371 461.074
836.4202 461.0679
829.4785 461.0615
821.9743 461.0552
814.5368 461.0628
807.8782 461.078
800.7868 461.0802
793.5208 461.0863
786.54 461.0845
778.7546 461.0856
771.471 461.0802
765.345 461.0758
758.373 461.0817
751.2393 461.0882
744.389 461.0964
736.2018 461.0964
729.7018 461.0929
722.6963 461.0949
715.9316 461.1001
709.2051 461.1016
702.738 461.1032
696.2083 461.0975
690.2109 461.0964
684.4033 461.0952
678.0934 461.0965
672.0609 461.1056
665.8939 461.0974
659.2168 461.0962
653.1061 461.1097
646.9866 461.11
640.8548 461.1118
634.5856 461.1086
628.5293 461.1147
623.7126 461.1147
620.2891 461.1115
618.5052 461.1068
618.4912 461.1108
618.5182 461.1089
618.5332 461.1022
618.5378 461.0967
618.5482 461.1011
618.5524 461.0986
618.54 461.096
618.5469 461.0891
618.5537 461.0845
618.5605 461.0818
618.5605 461.0877
618.5495 461.0952
618.5391 461.0946
618.5313 461.1028
618.527 461.1019
618.5182 461.1006
618.512 461.1019
618.5267 461.1089
618.5257 461.1118
618.541 461.1105
618.5202 461.1182
618.5195 461.12
618.5273 461.1056
618.542 461.0916
618.5313 461.1012
618.5176 461.1131
618.5212 461.1156
618.5114 461.1147
618.4984 461.1126
618.4759 461.1087
618.4746 461.103
618.4655 461.1043
618.7894 461.1066
619.7708 461.1014
621.2852 461.0978
624.373 461.0985
628.5065 461.1011
633.3978 461.1092
638.7923 461.1056
645.5524 461.1082
652.7757 461.105
659.972 461.0947
674.3548 461.0949
688.4144 461.0851
695.2217 461.0884
702.1273 461.0851
709.6104 461.0728
717.3831 461.0731
723.5254 461.0822
730.6595 461.0833
737.6273 461.082
745.1559 461.0965
756.5677 461.0931
759.5745 461.0915
764.4912 461.0869
772.0781 461.0877
778.9717 461.091
786.1146 461.0949
793.6218 461.097
800.2604 461.1014
807.2002 461.1035
814.013 461.0986
821.1875 461.1009
828.7855 461.1047
837.2331 461.1032
844.4753 461.1019
851.3008 461.0931
858.5225 461.0955
865.6761 461.0921
872.8909 461.0964
880.7263 461.0974
887.9102 461.0998
894.6777 461.1001
901.7927 461.1066
908.7386 461.1092
915.9525 461.1138
923.3099 461.1182
930.4359 461.1182
937.6253 461.1188
944.5065 461.1152
951.7764 461.1195
959.2783 461.1159
966.4807 461.1047
973.512 461.0959
978.9796 461.0895
986.126 461.0802
992.5709 461.0799
999.7383 461.0734
1006.708 461.071
1013.131 461.0693
1018.779 461.0695
1025.815 461.0718
1032.455 461.0687
1039.052 461.0625
1046.745 461.0591
1053.656 461.063
1060.234 461.0596
1066.937 461.0623
1072.825 461.0622
1078.076 461.063
1082.887 461.0586
1086.229 461.0536
1087.688 461.0581
1087.676 461.0664
1087.661 461.0645
1087.651 461.0667
1087.654 461.0666
1087.659 461.0575
1087.685 461.0508
1087.695 461.058
1087.662 461.0601
1087.655 461.0583
1087.658 461.0581
1087.64 461.0667
1087.63 461.0684
1087.63 461.0628
1087.65 461.0602
1087.655 461.0598
1087.645 461.0651
1087.651 461.0708
1087.639 461.0758
1087.63 461.0812
1087.63 461.0817
1087.627 461.0876
1087.609 461.0921
1087.602 461.0938
1087.75 461.0868
1089.51 461.0853
1093.092 461.0882
1098.086 461.0938
1104.81 461.0944
1111.448 461.0944
1118.472 461.0933
1126.25 461.0928
1133.272 461.096
1139.234 461.0926
1145.95 461.0941
1153.266 461.0933
1160.47 461.1017
1167.92 461.1097
1175.119 461.1066
1181.68 461.1016
1188.546 461.0993
1195.107 461.0954
1199.449 461.099
1201.046 461.1011
1201.051 461.1019
1201.053 461.1007
1201.055 461.0962
1201.061 461.0993
1201.069 461.0936
1201.069 461.0881
1201.06 461.0884
1201.054 461.0908
1201.042 461.0954
1201.028 461.0924
1201.032 461.0919
1201.046 461.0871
1201.071 461.0832
1201.074 461.0758
1201.065 461.0806
1201.079 461.0884
1201.072 461.0912
1201.089 461.0843
1201.098 461.0861
1201.113 461.0863
1201.117 461.0843
1201.125 461.0869
1201.138 461.0921
1201.139 461.0858
1201.154 461.0773
1201.156 461.0786
1201.14 461.0854
1201.139 461.0825
1201.143 461.0829
1201.15 461.0856
1201.146 461.0848
1201.136 461.0843
1201.122 461.0838
1201.109 461.0874
1201.109 461.091
1201.104 461.0947
1201.108 461.095
1201.102 461.0947
1201.101 461.0918
1201.089 461.0957
1201.08 461.0974
1201.091 461.09
1201.095 461.0923
1201.081 461.0965
1201.092 461.0974
1201.089 461.096
1201.097 461.0972
1201.098 461.0936
1201.089 461.09
1201.097 461.0864
1201.088 461.0898
1201.092 461.0957
1201.084 461.0939
1201.1 461.0954
1201.107 461.0897
1201.12 461.0874
1201.11 461.0886
1201.107 461.0915
1201.11 461.0879
1201.089 461.0884
1201.085 461.0898
1201.103 461.0986
1201.063 461.1105
1199.646 461.1165
1190.065 461.1226
1183.597 461.1227
1176.842 461.1222
1170.058 461.1226
1162.933 461.1291
1155.608 461.126
1148.207 461.1224
1141.214 461.1235
1133.867 461.1299
1127.159 461.1239
1120.246 461.1235
1113.034 461.1276
1104.902 461.1208
1098.286 461.1177
1091.361 461.1196
1084.53 461.1165
1077.263 461.1151
1070.076 461.1131
1062.488 461.1084
1055.819 461.1097
1049.178 461.1102
1042.256 461.1082
1034.838 461.1038
1027.689 461.1038
1020.244 461.0995
1013.295 461.099
1006.514 461.0972
999.3316 461.0975
992.3536 461.0941
985.0081 461.0957
976.8644 461.098
969.9202 461.0941
964.1265 461.0978
957.3294 461.0986
950.3128 461.0929
942.9844 461.0886
935.5921 461.0884
928.2669 461.0902
914.3857 461.0856
907.0417 461.0938
900.2471 461.0889
892.7943 461.0919
884.4902 461.0897
878.3307 461.0877
872.6943 461.0809
867.8015 461.0775
864.0173 461.0702
862.1227 461.0754
862.1263 461.0757
862.1292 461.077
862.1413 461.0807
862.1494 461.0765
862.1393 461.0776
862.1416 461.0788
862.1406 461.0797
862.1497 461.0693
862.1426 461.07
862.1448 461.0718
862.1384 461.0735
862.127 461.0783
862.1123 461.0812
862.0853 461.0832
862.0862 461.0829
862.0889 461.0822
862.0911 461.0817
862.0833 461.0827
862.0742 461.0854
862.069 461.0881
862.0605 461.0848
862.0518 461.0822
862.0446 461.0889
862.0283 461.0931
862.0163 461.0972
862.0316 461.0895
862.0195 461.0811
862.0241 461.0814
862.0049 461.0874
861.9788 461.0915
861.9651 461.0975
861.9665 461.096
861.9421 461.1055
861.9443 461.1058
861.9313 461.1136
861.9209 461.1195
861.905 461.1224
861.8991 461.1216
861.9082 461.1164
861.9173 461.1151
861.9219 461.1195
861.9378 461.125
861.9548 461.1335
861.9502 461.1325
861.9434 461.1273
861.9378 461.118
861.9411 461.117
861.9479 461.1169
861.9512 461.1169
861.9531 461.1143
861.9541 461.1087
861.9466 461.1038
861.9466 461.0988
861.9453 461.1027
861.9326 461.0986
861.9245 461.097
861.9229 461.1009
861.9316 461.1056
861.9437 461.1056
618.5267 461.1089
618.5257 461.1118
618.541 461.1105
618.5202 461.1182
618.5195 461.12
618.5273 461.1056
618.542 461.0916
618.5313 461.1012
618.5176 461.1131
618.5212 461.1156
618.5114 461.1147
618.4984 461.1126
618.4759 461.1087
618.4746 461.103
618.4655 461.1043
618.7894 461.1066
619.7708 461.1014
621.2852 461.0978
624.373 461.0985
628.5065 461.1011
633.3978 461.1092
638.7923 461.1056
645.5524 461.1082
652.7757 461.105
659.972 461.0947
674.3548 461.0949
688.4144 461.0851
695.2217 461.0884
702.1273 461.0851
709.6104 461.0728
717.3831 461.0731
723.5254 461.0822
730.6595 461.0833
737.6273 461.082
745.1559 461.0965
756.5677 461.0931
759.5745 461.0915
764.4912 461.0869
772.0781 461.0877
778.9717 461.091
786.1146 461.0949
793.6218 461.097
800.2604 461.1014
807.2002 461.1035
814.013 461.0986
821.1875 461.1009
828.7855 461.1047
837.2331 461.1032
844.4753 461.1019
851.3008 461.0931
858.5225 461.0955
865.6761 461.0921
872.8909 461.0964
880.7263 461.0974
887.9102 461.0998
894.6777 461.1001
901.7927 461.1066
908.7386 461.1092
915.9525 461.1138
923.3099 461.1182
930.4359 461.1182
937.6253 461.1188
944.5065 461.1152
951.7764 461.1195
959.2783 461.1159
966.4807 461.1047
973.512 461.0959
978.9796 461.0895
986.126 461.0802
992.5709 461.0799
999.7383 461.0734
1006.708 461.071
1013.131 461.0693
1018.779 461.0695
1025.815 461.0718
1032.455 461.0687
1039.052 461.0625
1046.745 461.0591
1053.656 461.063
1060.234 461.0596
1066.937 461.0623
1072.825 461.0622
1078.076 461.063
1082.887 461.0586
1086.229 461.0536
1087.688 461.0581
1087.676 461.0664
1087.661 461.0645
1087.651 461.0667
1087.654 461.0666
1087.659 461.0575
1087.685 461.0508
1087.695 461.058
1087.662 461.0601
1087.655 461.0583
1087.658 461.0581
1087.64 461.0667
1087.63 461.0684
1087.63 461.0628
1087.65 461.0602
1087.655 461.0598
1087.645 461.0651
1087.651 461.0708
1087.639 461.0758
1087.63 461.0812
1087.63 461.0817
1087.627 461.0876
1087.609 461.0921
1087.602 461.0938
1087.75 461.0868
1089.51 461.0853
1093.092 461.0882
1098.086 461.0938
1104.81 461.0944
1111.448 461.0944
1118.472 461.0933
1126.25 461.0928
1133.272 461.096
1139.234 461.0926
1145.95 461.0941
1153.266 461.0933
1160.47 461.1017
1167.92 461.1097
1175.119 461.1066
1181.68 461.1016
1188.546 461.0993
1195.107 461.0954
1199.449 461.099
1201.046 461.1011
1201.051 461.1019
1201.053 461.1007
1201.055 461.0962
1201.061 461.0993
1201.069 461.0936
1201.069 461.0881
1201.06 461.0884
1201.054 461.0908
1201.042 461.0954
1201.028 461.0924
1201.032 461.0919
1201.046 461.0871
1201.071 461.0832
1201.074 461.0758
1201.065 461.0806
1201.079 461.0884
1201.072 461.0912
1201.089 461.0843
1201.098 461.0861
1201.113 461.0863
1201.117 461.0843
1201.125 461.0869
1201.138 461.0921
1201.139 461.0858
1201.154 461.0773
1201.156 461.0786
1201.14 461.0854
1201.139 461.0825
1201.143 461.0829
1201.15 461.0856
1201.146 461.0848
1201.136 461.0843
1201.122 461.0838
1201.109 461.0874
1201.109 461.091
1201.104 461.0947
1201.108 461.095
1201.102 461.0947
1201.101 461.0918
1201.089 461.0957
1201.08 461.0974
1201.091 461.09
1201.095 461.0923
1201.081 461.0965
1201.092 461.0974
1201.089 461.096
1201.097 461.0972
1201.098 461.0936
1201.089 461.09
1201.097 461.0864
1201.088 461.0898
1201.092 461.0957
1201.084 461.0939
1201.1 461.0954
1201.107 461.0897
1201.12 461.0874
1201.11 461.0886
1201.107 461.0915
1201.11 461.0879
1201.089 461.0884
1201.085 461.0898
1201.103 461.0986
1201.063 461.1105
1199.646 461.1165
1190.065 461.1226
1183.597 461.1227
1176.842 461.1222
1170.058 461.1226
1162.933 461.1291
1155.608 461.126
1148.207 461.1224
1141.214 461.1235
1133.867 461.1299
1127.159 461.1239
1120.246 461.1235
1113.034 461.1276
1104.902 461.1208
1098.286 461.1177
1091.361 461.1196
1084.53 461.1165
1077.263 461.1151
1070.076 461.1131
1062.488 461.1084
1055.819 461.1097
1049.178 461.1102
1042.256 461.1082
1034.838 461.1038
1027.689 461.1038
1020.244 461.0995
1013.295 461.099
1006.514 461.0972
999.3316 461.0975
992.3536 461.0941
985.0081 461.0957
976.8644 461.098
969.9202 461.0941
964.1265 461.0978
957.3294 461.0986
950.3128 461.0929
942.9844 461.0886
935.5921 461.0884
928.2669 461.0902
914.3857 461.0856
907.0417 461.0938
900.2471 461.0889
892.7943 461.0919
884.4902 461.0897
878.3307 461.0877
872.6943 461.0809
867.8015 461.0775
864.0173 461.0702
862.1227 461.0754
862.1263 461.0757
862.1292 461.077
862.1413 461.0807
862.1494 461.0765
862.1393 461.0776
862.1416 461.0788
862.1406 461.0797
862.1497 461.0693
862.1426 461.07
862.1448 461.0718
862.1384 461.0735
862.127 461.0783
862.1123 461.0812
862.0853 461.0832
862.0862 461.0829
862.0889 461.0822
862.0911 461.0817
862.0833 461.0827
862.0742 461.0854
862.069 461.0881
862.0605 461.0848
862.0518 461.0822
862.0446 461.0889
862.0283 461.0931
862.0163 461.0972
862.0316 461.0895
862.0195 461.0811
862.0241 461.0814
862.0049 461.0874
861.9788 461.0915
861.9651 461.0975
861.9665 461.096
861.9421 461.1055
861.9443 461.1058
861.9313 461.1136
861.9209 461.1195
861.905 461.1224
861.8991 461.1216
861.9082 461.1164
861.9173 461.1151
861.9219 461.1195
861.9378 461.125
861.9548 461.1335
861.9502 461.1325
861.9434 461.1273
861.9378 461.118
861.9411 461.117
861.9479 461.1169
861.9512 461.1169
861.9531 461.1143
861.9541 461.1087
861.9466 461.1038
861.9466 461.0988
861.9453 461.1027
861.9326 461.0986
861.9245 461.097
861.9229 461.1009
861.9316 461.1056
861.9437 461.1056
