1920 480
1920 480
1380.206 478.3711
1380.149 478.3877
1380.172 478.3944
1380.184 478.3963
1380.185 478.3807
1380.179 478.377
1380.146 478.3722
1380.15 478.38
1380.175 478.3908
1380.192 478.3651
1380.186 478.3537
1380.216 478.3607
1380.214 478.3722
1380.184 478.3761
1380.168 478.3688
1380.124 478.3836
1380.13 478.3962
1380.22 478.3835
1380.228 478.3809
1380.197 478.3738
1380.17 478.3677
1380.17 478.3701
1380.181 478.3831
1380.215 478.3608
1380.223 478.3495
1380.227 478.366
1380.175 478.3755
1380.169 478.3542
1380.164 478.3968
1380.146 478.3786
1380.194 478.3623
1380.19 478.3831
1380.131 478.4019
1380.145 478.3981
1380.143 478.3763
1380.179 478.3732
1380.182 478.3578
1380.152 478.367
1380.111 478.3655
1380.138 478.3655
1380.12 478.3657
1380.093 478.3765
1380.076 478.3779
1380.074 478.3783
1380.069 478.3776
1380.069 478.3735
1380.077 478.3636
1380.08 478.3625
1380.063 478.3643
1380.077 478.355
1380.071 478.354
1380.065 478.3522
1380.065 478.3545
1380.074 478.3537
1380.083 478.3517
1380.081 478.3513
1380.062 478.3516
1380.06 478.3519
1380.059 478.3439
1380.065 478.3429
1380.064 478.3382
1380.077 478.3405
1380.081 478.3394
1380.083 478.3296
1380.071 478.32
1380.067 478.3152
1380.067 478.3148
1380.057 478.3107
1380.055 478.3044
1380.054 478.304
1380.036 478.3057
1380.031 478.2985
1380.013 478.2967
1380.013 478.2899
1380.001 478.2814
1380.006 478.2834
1379.997 478.2871
1380.006 478.2909
1379.995 478.2881
1379.987 478.2831
1379.978 478.2817
1379.995 478.2827
1379.984 478.2813
1380 478.2803
1380.009 478.2778
1380.032 478.2689
1380.022 478.271
1380.006 478.2676
1380.008 478.2571
1380.011 478.2502
1380.013 478.2404
1380.008 478.2376
1380.024 478.2318
1380.031 478.2324
1380.04 478.2318
1380.041 478.2296
1380.051 478.2271
1380.052 478.2257
1380.059 478.2278
1380.079 478.2269
1380.077 478.2257
1380.082 478.2283
1380.097 478.228
1380.071 478.2269
1380.053 478.2363
1380.064 478.2332
1380.053 478.237
1380.065 478.2354
1380.053 478.2384
1380.063 478.244
1380.031 478.2487
1380.027 478.2479
1379.997 478.2513
1379.995 478.2472
1379.986 478.2445
1379.99 478.2446
1379.958 478.2511
1379.933 478.2534
1379.904 478.2568
1379.903 478.2559
1379.891 478.2594
1379.908 478.2599
1379.896 478.2586
1379.885 478.2614
1379.865 478.2625
1379.864 478.2585
1379.815 478.2511
1379.778 478.3048
1379.825 478.3296
1379.909 478.257
1379.983 478.2646
1380.131 478.3947
1380.087 478.626
1380.002 478.7456
1380 478.6406
1379.977 478.3433
1379.889 478.0003
1379.919 478.0661
1379.888 478.3742
1379.864 478.4507
1379.882 478.3206
1379.917 478.1268
1379.907 478.18
1379.882 478.3288
1379.842 478.367
1379.87 478.264
1379.905 478.2046
1379.942 478.2578
1379.892 478.3367
1379.825 478.3253
1379.816 478.2523
1379.835 478.3053
1379.869 478.5135
1379.902 478.8058
1379.876 479.0374
1379.916 479.2523
1380.085 479.6852
1380.09 480.4008
1379.923 481.3745
1380.357 482.5235
1380.693 484.0139
1380.186 485.6311
1378.774 487.6581
1377.301 489.3671
1376.013 490.7975
1374.894 492.0672
1374.171 493.3137
1373.925 494.5324
1373.87 495.8626
1373.883 496.9985
1374.396 497.9785
1375.879 498.6917
1377.75 498.9422
1379.388 498.4364
1380.347 497.241
1380.902 495.6152
1381.54 493.8729
1382.768 491.8709
1384.701 489.9704
1387.083 488.1364
1389.571 485.9754
1391.559 483.3983
1392.952 480.2868
1393.768 477.1058
1394.293 473.5833
1394.698 470.3382
1395.176 466.6834
1396.226 463.1914
1397.52 460.4416
1399.286 457.1164
1400.345 454.0054
1400.952 450.6403
1401.363 446.9556
1402.073 443.5529
1402.989 440.6353
1404.325 437.4796
1405.794 434.6831
1407.348 432.1408
1409.054 429.5742
1410.559 427.415
1411.876 425.4911
1413.178 423.4256
1414.292 421.6066
1415.559 419.9808
1417.291 418.5122
1419.227 417.5121
1420.676 417.0589
1422.069 416.7531
1423.023 416.4463
1423.849 415.8234
1424.901 414.5669
1425.992 412.8913
1427.078 411.0225
1428.102 408.4655
1428.709 405.5161
1428.838 402.0296
1428.565 398.3226
1428.14 394.8118
1427.725 391.6961
1427.15 388.1834
1426.505 385.0042
1425.773 381.9893
1425.016 378.7148
1424.391 375.8249
1423.775 373.3438
1423.193 371.293
1422.965 369.9199
1423.24 369.1899
1424.074 368.8247
1425.021 368.7371
1425.621 368.8553
1426.126 369.2563
1426.705 370.1447
1428.022 371.6841
1431.005 374.4868
1435.25 377.8815
1439.921 381.216
1446.212 385.2889
1452.612 389.1286
1459.39 393.1333
1467.498 397.8929
1475.585 402.5731
1483.089 406.7554
1492.629 411.5981
1502.825 416.1457
1513.455 420.2581
1525.926 424.4597
1537.674 428.1175
1548.321 431.3587
1561.971 435.2743
1570.184 437.4217
1581.415 440.0745
1594.174 442.6016
1607.316 444.8806
1619.526 446.7524
1634.529 448.6828
1650.353 450.3197
1666.368 451.7593
1683.53 453.1489
1698.759 454.2894
1713.817 455.4372
1729.401 456.5685
1746.224 457.6867
1763.465 458.9292
1783.319 460.6261
1800.506 462.1759
1815.715 463.5285
1831.636 464.9069
1846.453 466.0877
1860.342 467.1447
1875.119 468.2884
1888.229 469.2751
1899.256 470.0859
1910.988 470.8501
1920.19 471.4167
1928.5 472.0397
1936.413 473.0134
1942.373 474.0378
1946.952 475.0228
1950.497 475.8813
1953.043 476.6102
1954.91 477.3405
1956.695 478.2217
1957.867 479.0475
1958.353 479.577
1958.552 480.2492
1958.356 480.9104
1957.949 481.6536
1957.379 482.5438
1956.736 483.4706
1956 484.4062
1955.197 485.4288
1954.523 486.3722
1953.977 487.216
1953.487 488.3129
1953.138 489.3018
1952.874 490.3683
1952.805 491.4963
1920 480
1920 480
1380.206 478.3711
1380.149 478.3877
1380.172 478.3944
1380.184 478.3963
1380.185 478.3807
1380.179 478.377
1380.146 478.3722
1380.15 478.38
1380.175 478.3908
1380.192 478.3651
1380.186 478.3537
1380.216 478.3607
1380.214 478.3722
1380.184 478.3761
1380.168 478.3688
1380.124 478.3836
1380.13 478.3962
1380.22 478.3835
1380.228 478.3809
1380.197 478.3738
1380.17 478.3677
1380.17 478.3701
1380.181 478.3831
1380.215 478.3608
1380.223 478.3495
1380.227 478.366
1380.175 478.3755
1380.169 478.3542
1380.164 478.3968
1380.146 478.3786
1380.194 478.3623
1380.19 478.3831
1380.131 478.4019
1380.145 478.3981
1380.143 478.3763
1380.179 478.3732
1380.182 478.3578
1380.152 478.367
1380.111 478.3655
1380.138 478.3655
1380.12 478.3657
1380.093 478.3765
1380.076 478.3779
1380.074 478.3783
1380.069 478.3776
1380.069 478.3735
1380.077 478.3636
1380.08 478.3625
1380.063 478.3643
1380.077 478.355
1380.071 478.354
1380.065 478.3522
1380.065 478.3545
1380.074 478.3537
1380.083 478.3517
1380.081 478.3513
1380.062 478.3516
1380.06 478.3519
1380.059 478.3439
1380.065 478.3429
1380.064 478.3382
1380.077 478.3405
1380.081 478.3394
1380.083 478.3296
1380.071 478.32
1380.067 478.3152
1380.067 478.3148
1380.057 478.3107
1380.055 478.3044
1380.054 478.304
1380.036 478.3057
1380.031 478.2985
1380.013 478.2967
1380.013 478.2899
1380.001 478.2814
1380.006 478.2834
1379.997 478.2871
1380.006 478.2909
1379.995 478.2881
1379.987 478.2831
1379.978 478.2817
1379.995 478.2827
1379.984 478.2813
1380 478.2803
1380.009 478.2778
1380.032 478.2689
1380.022 478.271
1380.006 478.2676
1380.008 478.2571
1380.011 478.2502
1380.013 478.2404
1380.008 478.2376
1380.024 478.2318
1380.031 478.2324
1380.04 478.2318
1380.041 478.2296
1380.051 478.2271
1380.052 478.2257
1380.059 478.2278
1380.079 478.2269
1380.077 478.2257
1380.082 478.2283
1380.097 478.228
1380.071 478.2269
1380.053 478.2363
1380.064 478.2332
1380.053 478.237
1380.065 478.2354
1380.053 478.2384
1380.063 478.244
1380.031 478.2487
1380.027 478.2479
1379.997 478.2513
1379.995 478.2472
1379.986 478.2445
1379.99 478.2446
1379.958 478.2511
1379.933 478.2534
1379.904 478.2568
1379.903 478.2559
1379.891 478.2594
1379.908 478.2599
1379.896 478.2586
1379.885 478.2614
1379.865 478.2625
1379.864 478.2585
1379.815 478.2511
1379.778 478.3048
1379.825 478.3296
1379.909 478.257
1379.983 478.2646
1380.131 478.3947
1380.087 478.626
1380.002 478.7456
1380 478.6406
1379.977 478.3433
1379.889 478.0003
1379.919 478.0661
1379.888 478.3742
1379.864 478.4507
1379.882 478.3206
1379.917 478.1268
1379.907 478.18
1379.882 478.3288
1379.842 478.367
1379.87 478.264
1379.905 478.2046
1379.942 478.2578
1379.892 478.3367
1379.825 478.3253
1379.816 478.2523
1379.835 478.3053
1379.869 478.5135
1379.902 478.8058
1379.876 479.0374
1379.916 479.2523
1380.085 479.6852
1380.09 480.4008
1379.923 481.3745
1380.357 482.5235
1380.693 484.0139
1380.186 485.6311
1378.774 487.6581
1377.301 489.3671
1376.013 490.7975
1374.894 492.0672
1374.171 493.3137
1373.925 494.5324
1373.87 495.8626
1373.883 496.9985
1374.396 497.9785
1375.879 498.6917
1377.75 498.9422
1379.388 498.4364
1380.347 497.241
1380.902 495.6152
1381.54 493.8729
1382.768 491.8709
1384.701 489.9704
1387.083 488.1364
1389.571 485.9754
1391.559 483.3983
1392.952 480.2868
1393.768 477.1058
1394.293 473.5833
1394.698 470.3382
1395.176 466.6834
1396.226 463.1914
1397.52 460.4416
1399.286 457.1164
1400.345 454.0054
1400.952 450.6403
1401.363 446.9556
1402.073 443.5529
1402.989 440.6353
1404.325 437.4796
1405.794 434.6831
1407.348 432.1408
1409.054 429.5742
1410.559 427.415
1411.876 425.4911
1413.178 423.4256
1414.292 421.6066
1415.559 419.9808
1417.291 418.5122
1419.227 417.5121
1420.676 417.0589
1422.069 416.7531
1423.023 416.4463
1423.849 415.8234
1424.901 414.5669
1425.992 412.8913
1427.078 411.0225
1428.102 408.4655
1428.709 405.5161
1428.838 402.0296
1428.565 398.3226
1428.14 394.8118
1427.725 391.6961
1427.15 388.1834
1426.505 385.0042
1425.773 381.9893
1425.016 378.7148
1424.391 375.8249
1423.775 373.3438
1423.193 371.293
1422.965 369.9199
1423.24 369.1899
1424.074 368.8247
1425.021 368.7371
1425.621 368.8553
1426.126 369.2563
1426.705 370.1447
1428.022 371.6841
1431.005 374.4868
1435.25 377.8815
1439.921 381.216
1446.212 385.2889
1452.612 389.1286
1459.39 393.1333
1467.498 397.8929
1475.585 402.5731
1483.089 406.7554
1492.629 411.5981
1502.825 416.1457
1513.455 420.2581
1525.926 424.4597
1537.674 428.1175
1548.321 431.3587
1561.971 435.2743
1570.184 437.4217
1581.415 440.0745
1594.174 442.6016
1607.316 444.8806
1619.526 446.7524
1634.529 448.6828
1650.353 450.3197
1666.368 451.7593
1683.53 453.1489
1698.759 454.2894
1713.817 455.4372
1729.401 456.5685
1746.224 457.6867
1763.465 458.9292
1783.319 460.6261
1800.506 462.1759
1815.715 463.5285
1831.636 464.9069
1846.453 466.0877
1860.342 467.1447
1875.119 468.2884
1888.229 469.2751
1899.256 470.0859
1910.988 470.8501
1920.19 471.4167
1928.5 472.0397
1936.413 473.0134
1942.373 474.0378
1946.952 475.0228
1950.497 475.8813
1953.043 476.6102
1954.91 477.3405
1956.695 478.2217
1957.867 479.0475
1958.353 479.577
1958.552 480.2492
1958.356 480.9104
1957.949 481.6536
1957.379 482.5438
1956.736 483.4706
1956 484.4062
1955.197 485.4288
1954.523 486.3722
1953.977 487.216
1953.487 488.3129
1953.138 489.3018
1952.874 490.3683
1952.805 491.4963
1952.939 492.6984
1953.2 493.6276
1953.757 494.6555
1954.512 495.4618
1955.403 496.0874
1956.469 496.6402
1957.513 497.0641
1958.417 497.3035
1959.553 497.4713
1960.7 497.5934
1961.694 497.7389
1962.646 498.009
1963.217 498.2654
1963.679 498.4751
1964.145 498.6042
1964.669 498.6141
1965.133 498.5383
1965.686 498.3714
1966.081 498.2016
1966.438 497.9931
1966.838 497.6838
1967.231 497.2842
1967.525 496.8301
1967.693 496.294
1967.796 495.7697
1967.959 495.2717
1968.185 494.7586
1968.4 494.3763
1968.595 494.066
1968.78 493.8268
1968.827 493.7009
1968.768 493.5854
1968.603 493.4534
1968.343 493.2868
1968.129 493.1457
1967.906 492.9579
1967.837 492.8123
1967.835 492.7215
1967.757 492.6859
1967.469 492.6834
1966.999 492.6521
1966.485 492.5187
1966.038 492.3271
1965.634 492.0783
1965.01 491.7486
1964.303 491.4921
1963.414 491.2367
1962.346 490.9361
1961.162 490.595
1960.32 490.3761
1958.967 490.0696
1957.467 489.7912
1955.784 489.5102
1953.875 489.2204
1951.907 488.8689
1950 488.5131
1947.964 488.2061
1945.849 488.0096
1943.512 487.8771
1940.174 487.6698
1937.213 487.4539
1934.337 487.2633
1931.327 487.1766
1928.458 487.2247
1926.119 487.3016
1922.657 487.409
1919.148 487.512
1915.644 487.6812
1911.63 487.9768
1907.46 488.3689
1903.153 488.7555
1898.36 489.0468
1893.749 489.2008
1888.984 489.2851
1882.567 489.4042
1876.768 489.5195
1870.873 489.5443
1864.775 489.4213
1859.133 489.1752
1853.263 488.7938
1846.509 488.2722
1839.38 487.7981
1833.285 487.5555
1825.625 487.4235
1818.582 487.3123
1812.107 487.1089
1805.389 486.7732
1798.394 486.3661
1791.202 485.9136
1783.306 485.4127
1775.107 484.979
1766.828 484.7379
1756.855 484.7095
1748.76 484.7972
1741.638 484.8762
1734.519 484.9844
1727.649 485.1747
1720.766 485.4652
1713.341 485.8416
1705.848 486.2332
1699.49 486.5874
1693 487.1015
1687.187 487.7483
1682.179 488.3961
1677.619 488.9932
1673.608 489.5206
1670.254 489.9478
1666.96 490.3495
1664.154 490.6498
1661.563 490.8932
1658.97 491.1043
1656.632 491.3404
1654.464 491.7095
1652.503 492.2868
1651.08 492.9019
1650.179 493.4496
1649.539 493.9486
1649.042 494.4088
1648.716 494.7744
1648.412 495.2795
1648.331 495.7577
1648.494 496.24
1649.156 496.6814
1650.208 497.0923
1651.591 497.4211
1653.214 497.7028
1654.828 497.8742
1656.471 497.989
1658.781 498.0527
1660.682 498.0505
1662.609 497.9965
1664.547 497.9403
1666.139 497.8692
1667.733 497.8129
1669.452 497.7383
1671.061 497.6567
1672.656 497.6133
1674.384 497.6554
1675.909 497.7995
1677.174 497.9879
1678.295 498.2364
1679.3 498.5109
1680.315 498.855
1681.25 499.2111
1682.213 499.5974
1683.192 500.0184
1684.36 500.4917
1685.586 500.9727
1686.791 501.434
1688.047 501.9194
1689.254 502.3389
1690.355 502.7026
1691.644 503.1056
1693.024 503.5147
1694.402 503.8853
1695.953 504.2456
1697.423 504.4945
1698.709 504.7059
1700.013 504.9282
1701.034 505.1146
1701.914 505.2191
1702.91 505.2037
1703.988 505.0471
1705.043 504.8359
1706.144 504.5399
1707.068 504.2164
1707.933 503.8304
1708.911 503.3376
1709.971 502.8537
1711.091 502.3904
1712.442 501.825
1713.773 501.2446
1715.033 500.6874
1716.472 500.0812
1717.885 499.5023
1719.189 498.9956
1720.793 498.4133
1722.361 497.8262
1724.071 497.1636
1726.021 496.3458
1727.959 495.4287
1729.598 494.565
1731.532 493.514
1733.508 492.4411
1735.115 491.6014
1737.03 490.5076
1738.779 489.2832
1740.083 488.0771
1741.472 486.6777
1742.813 485.3096
1744.233 483.8694
1745.613 482.4022
1746.748 480.9457
1747.638 479.4977
1748.27 478.0293
1748.638 476.8252
1748.823 475.659
1748.829 474.4414
1748.607 473.4046
1748.168 472.6193
1747.54 472.0571
1746.653 471.5677
1745.698 471.2656
1744.599 471.0423
1743.61 470.9855
1742.894 471.0659
1742.418 471.2336
1742.294 471.3926
1742.459 471.4888
1742.926 471.4378
1743.676 471.1743
1744.7 470.6813
1746.32 469.9256
1748.4 469.1457
1750.684 468.4972
1753.274 467.912
1755.636 467.5332
1757.724 467.3343
1760.114 467.3896
1763.069 467.6318
1766.456 467.9258
1774.834 468.3176
1778.168 468.3161
1781.861 468.124
1786.116 467.5894
1790.715 466.7306
1795.701 465.5479
1801.428 463.9941
1806.626 462.3293
1812.174 460.2231
1817.461 457.8496
1822.182 455.4175
1827.008 452.6339
1831.013 449.9147
1834.375 447.1968
1836.793 444.825
1838.991 442.1995
1840.544 439.9429
1841.673 437.7733
1842.097 435.8711
1841.8 434.0037
1840.66 432.0942
1838.352 429.8527
1835.47 427.9201
1831.57 425.9238
1826.846 424.1341
1822.367 422.778
1817.399 421.5036
1811.965 420.2015
1807.174 419.2057
1801.699 418.2541
1795.66 417.5026
1789.532 417.0088
1783.347 416.8449
1777.193 416.9245
1770.971 417.3438
1765.755 417.8537
1760.102 418.4857
1754.537 419.04
1748.859 419.5368
1743.293 419.9178
1737.652 420.189
1732.124 420.3097
1725.213 420.4927
1718.376 420.6631
1712.253 420.7253
1705.617 420.4893
1699.911 420.0897
1694.643 419.6211
1688.349 419.1792
1682.058 418.8163
1676.589 418.6396
1669.697 418.5415
1663.448 418.6491
1657.745 418.8174
1651.66 419.0613
1646.171 419.27
1641.414 419.4824
1635.458 419.8332
1629.676 420.3263
1624.334 420.8931
1617.795 421.7039
1611.748 422.4139
1606.496 422.9521
1600.283 423.4474
1594.744 423.8771
1589.856 424.3001
1584.055 424.9701
1578.766 425.6742
1573.973 426.3029
1568.307 426.877
1563.176 427.3167
1558.931 427.6437
1554.125 428.0641
1549.855 428.4564
1546.04 428.7935
1541.418 429.1007
1536.835 429.3799
1533.266 429.5838
1528.583 429.8141
1952.939 492.6984
1953.2 493.6276
1953.757 494.6555
1954.512 495.4618
1955.403 496.0874
1956.469 496.6402
1957.513 497.0641
1958.417 497.3035
1959.553 497.4713
1960.7 497.5934
1961.694 497.7389
1962.646 498.009
1963.217 498.2654
1963.679 498.4751
1964.145 498.6042
1964.669 498.6141
1965.133 498.5383
1965.686 498.3714
1966.081 498.2016
1966.438 497.9931
1966.838 497.6838
1967.231 497.2842
1967.525 496.8301
1967.693 496.294
1967.796 495.7697
1967.959 495.2717
1968.185 494.7586
1968.4 494.3763
1968.595 494.066
1968.78 493.8268
1968.827 493.7009
1968.768 493.5854
1968.603 493.4534
1968.343 493.2868
1968.129 493.1457
1967.906 492.9579
1967.837 492.8123
1967.835 492.7215
1967.757 492.6859
1967.469 492.6834
1966.999 492.6521
1966.485 492.5187
1966.038 492.3271
1965.634 492.0783
1965.01 491.7486
1964.303 491.4921
1963.414 491.2367
1962.346 490.9361
1961.162 490.595
1960.32 490.3761
1958.967 490.0696
1957.467 489.7912
1955.784 489.5102
1953.875 489.2204
1951.907 488.8689
1950 488.5131
1947.964 488.2061
1945.849 488.0096
1943.512 487.8771
1940.174 487.6698
1937.213 487.4539
1934.337 487.2633
1931.327 487.1766
1928.458 487.2247
1926.119 487.3016
1922.657 487.409
1919.148 487.512
1915.644 487.6812
1911.63 487.9768
1907.46 488.3689
1903.153 488.7555
1898.36 489.0468
1893.749 489.2008
1888.984 489.2851
1882.567 489.4042
1876.768 489.5195
1870.873 489.5443
1864.775 489.4213
1859.133 489.1752
1853.263 488.7938
1846.509 488.2722
1839.38 487.7981
1833.285 487.5555
1825.625 487.4235
1818.582 487.3123
1812.107 487.1089
1805.389 486.7732
1798.394 486.3661
1791.202 485.9136
1783.306 485.4127
1775.107 484.979
1766.828 484.7379
1756.855 484.7095
1748.76 484.7972
1741.638 484.8762
1734.519 484.9844
1727.649 485.1747
1720.766 485.4652
1713.341 485.8416
1705.848 486.2332
1699.49 486.5874
1693 487.1015
1687.187 487.7483
1682.179 488.3961
1677.619 488.9932
1673.608 489.5206
1670.254 489.9478
1666.96 490.3495
1664.154 490.6498
1661.563 490.8932
1658.97 491.1043
1656.632 491.3404
1654.464 491.7095
1652.503 492.2868
1651.08 492.9019
1650.179 493.4496
1649.539 493.9486
1649.042 494.4088
1648.716 494.7744
1648.412 495.2795
1648.331 495.7577
1648.494 496.24
1649.156 496.6814
1650.208 497.0923
1651.591 497.4211
1653.214 497.7028
1654.828 497.8742
1656.471 497.989
1658.781 498.0527
1660.682 498.0505
1662.609 497.9965
1664.547 497.9403
1666.139 497.8692
1667.733 497.8129
1669.452 497.7383
1671.061 497.6567
1672.656 497.6133
1674.384 497.6554
1675.909 497.7995
1677.174 497.9879
1678.295 498.2364
1679.3 498.5109
1680.315 498.855
1681.25 499.2111
1682.213 499.5974
1683.192 500.0184
1684.36 500.4917
1685.586 500.9727
1686.791 501.434
1688.047 501.9194
1689.254 502.3389
1690.355 502.7026
1691.644 503.1056
1693.024 503.5147
1694.402 503.8853
1695.953 504.2456
1697.423 504.4945
1698.709 504.7059
1700.013 504.9282
1701.034 505.1146
1701.914 505.2191
1702.91 505.2037
1703.988 505.0471
1705.043 504.8359
1706.144 504.5399
1707.068 504.2164
1707.933 503.8304
1708.911 503.3376
1709.971 502.8537
1711.091 502.3904
1712.442 501.825
1713.773 501.2446
1715.033 500.6874
1716.472 500.0812
1717.885 499.5023
1719.189 498.9956
1720.793 498.4133
1722.361 497.8262
1724.071 497.1636
1726.021 496.3458
1727.959 495.4287
1729.598 494.565
1731.532 493.514
1733.508 492.4411
1735.115 491.6014
1737.03 490.5076
1738.779 489.2832
1740.083 488.0771
1741.472 486.6777
1742.813 485.3096
1744.233 483.8694
1745.613 482.4022
1746.748 480.9457
1747.638 479.4977
1748.27 478.0293
1748.638 476.8252
1748.823 475.659
1748.829 474.4414
1748.607 473.4046
1748.168 472.6193
1747.54 472.0571
1746.653 471.5677
1745.698 471.2656
1744.599 471.0423
1743.61 470.9855
1742.894 471.0659
1742.418 471.2336
1742.294 471.3926
1742.459 471.4888
1742.926 471.4378
1743.676 471.1743
1744.7 470.6813
1746.32 469.9256
1748.4 469.1457
1750.684 468.4972
1753.274 467.912
1755.636 467.5332
1757.724 467.3343
1760.114 467.3896
1763.069 467.6318
1766.456 467.9258
1774.834 468.3176
1778.168 468.3161
1781.861 468.124
1786.116 467.5894
1790.715 466.7306
1795.701 465.5479
1801.428 463.9941
1806.626 462.3293
1812.174 460.2231
1817.461 457.8496
1822.182 455.4175
1827.008 452.6339
1831.013 449.9147
1834.375 447.1968
1836.793 444.825
1838.991 442.1995
1840.544 439.9429
1841.673 437.7733
1842.097 435.8711
1841.8 434.0037
1840.66 432.0942
1838.352 429.8527
1835.47 427.9201
1831.57 425.9238
1826.846 424.1341
1822.367 422.778
1817.399 421.5036
1811.965 420.2015
1807.174 419.2057
1801.699 418.2541
1795.66 417.5026
1789.532 417.0088
1783.347 416.8449
1777.193 416.9245
1770.971 417.3438
1765.755 417.8537
1760.102 418.4857
1754.537 419.04
1748.859 419.5368
1743.293 419.9178
1737.652 420.189
1732.124 420.3097
1725.213 420.4927
1718.376 420.6631
1712.253 420.7253
1705.617 420.4893
1699.911 420.0897
1694.643 419.6211
1688.349 419.1792
1682.058 418.8163
1676.589 418.6396
1669.697 418.5415
1663.448 418.6491
1657.745 418.8174
1651.66 419.0613
1646.171 419.27
1641.414 419.4824
1635.458 419.8332
1629.676 420.3263
1624.334 420.8931
1617.795 421.7039
1611.748 422.4139
1606.496 422.9521
1600.283 423.4474
1594.744 423.8771
1589.856 424.3001
1584.055 424.9701
1578.766 425.6742
1573.973 426.3029
1568.307 426.877
1563.176 427.3167
1558.931 427.6437
1554.125 428.0641
1549.855 428.4564
1546.04 428.7935
1541.418 429.1007
1536.835 429.3799
1533.266 429.5838
1528.583 429.8141
1524.378 429.9518
1520.54 430.0099
1516.009 429.8602
1511.852 429.5143
1507.868 428.9647
1503.34 428.1882
1499.125 427.3289
1495.222 426.4634
1490.715 425.3631
1487.184 424.4998
1483.312 423.6292
1479.118 422.8789
1475.287 422.2796
1472.243 421.8774
1468.826 421.5241
1465.795 421.3762
1463.045 421.3753
1460.243 421.5456
1457.694 421.779
1455.264 422.119
1453.404 422.4962
1451.716 422.9445
1450.325 423.3705
1448.641 423.8805
1447.277 424.2466
1446.101 424.5034
1444.931 424.6885
1443.859 424.8472
1442.932 424.9702
1442.066 425.0498
1441.466 425.0676
1440.94 425.071
1440.539 425.0448
1440.288 425.0153
1440.199 424.9111
1440.202 424.7813
1440.413 424.5746
1440.751 424.3975
1441.382 424.2206
1442.219 424.1221
1443.286 424.0098
1444.36 423.9274
1445.432 423.8216
1446.759 423.7391
1448.42 423.6461
1450.257 423.5877
1452.017 423.515
1454.06 423.493
1456.103 423.4736
1458.069 423.5075
1460.257 423.5771
1462.446 423.6798
1464.043 423.7373
1465.966 423.8045
1467.834 423.835
1469.562 423.8397
1471.31 423.8062
1472.876 423.7515
1474.255 423.6569
1475.67 423.4662
1476.849 423.2552
1477.964 423.0534
1479.292 422.8084
1480.213 422.6741
1481.109 422.564
1482.057 422.463
1482.879 422.4028
1483.614 422.3986
1484.348 422.4144
1485.107 422.4746
1485.93 422.5405
1486.797 422.6559
1487.764 422.8185
1488.732 423.0075
1489.78 423.2456
1490.698 423.5189
1491.617 423.7806
1492.721 424.0736
1493.919 424.3389
1495.119 424.5947
1496.461 424.8682
1497.861 425.1891
1499.281 425.5045
1501.008 425.8682
1502.811 426.1761
1504.719 426.4153
1507.036 426.6187
1509.221 426.7354
1511.579 426.8175
1514.358 426.9144
1517.218 427.0246
1519.539 427.1286
1522.595 427.2607
1525.491 427.3722
1528.211 427.466
1531.225 427.5151
1534.23 427.5495
1536.774 427.5555
1539.711 427.5396
1542.448 427.4984
1545.071 427.4137
1548.1 427.2534
1550.876 427.0383
1552.686 426.8797
1555.103 426.6685
1557.287 426.4852
1559.316 426.3395
1561.492 426.2057
1563.338 426.1463
1564.974 426.1134
1566.53 426.1063
1568.032 426.1201
1569.306 426.1615
1570.745 426.2866
1571.795 426.4824
1572.626 426.7689
1573.401 427.188
1574.063 427.6581
1574.578 428.1131
1575.04 428.6291
1575.313 429.1664
1575.449 429.701
1575.518 430.3057
1575.537 430.7399
1575.52 431.2565
1575.341 431.7373
1574.989 432.1815
1574.648 432.5242
1574.287 432.9076
1574.024 433.2656
1573.828 433.5965
1573.714 433.9027
1573.686 434.1188
1573.771 434.2975
1573.941 434.4367
1574.323 434.5794
1574.87 434.7707
1575.743 435.054
1576.765 435.3838
1577.845 435.7663
1579.148 436.258
1580.636 436.8008
1581.786 437.1906
1583.543 437.7637
1585.577 438.2682
1587.627 438.6922
1590.057 439.071
1592.459 439.3412
1594.842 439.5241
1597.43 439.6136
1599.996 439.6107
1602.433 439.5435
1605.586 439.3981
1608.135 439.2749
1610.516 439.1719
1613.038 439.0405
1615.411 438.8732
1617.624 438.6753
1619.882 438.4269
1621.926 438.1808
1623.929 437.9217
1626.119 437.6336
1627.956 437.3991
1629.592 437.23
1631.31 437.1216
1632.97 437.0742
1634.451 437.0441
1636.044 437.0121
1637.473 436.9925
1638.684 436.9863
1639.846 437.0542
1640.777 437.2168
1641.524 437.4391
1642.237 437.7537
1642.866 438.0731
1643.436 438.3968
1644.005 438.8003
1644.399 439.1154
1644.696 439.3983
1645.032 439.6522
1645.4 439.8843
1645.787 440.157
1646.195 440.4641
1646.675 440.7425
1647.284 440.9666
1648.075 441.168
1648.901 441.3196
1649.599 441.4225
1650.311 441.4496
1650.899 441.3394
1651.334 441.0919
1651.563 440.7601
1651.691 440.2611
1651.594 439.6828
1651.285 438.9162
1650.711 438.0667
1649.883 437.1453
1648.541 436.0003
1646.82 434.7834
1644.812 433.5449
1642.278 432.1253
1639.443 430.6968
1636.603 429.3825
1633.129 427.9026
1629.557 426.511
1625.876 425.2269
1621.454 423.86
1616.767 422.5186
1611.922 421.2245
1605.867 419.6964
1601.96 418.7871
1595.908 417.5426
1589.29 416.424
1582.848 415.4764
1576.437 414.606
1569.271 413.6701
1562.253 412.7689
1554.987 411.8499
1547.075 410.835
1539.038 409.8268
1529.821 408.7174
1521.829 407.7354
1514.159 406.8024
1506.894 405.9098
1498.27 404.8784
1489.795 403.9028
1481.441 402.9774
1473.033 402.0461
1464.807 401.1875
1457.693 400.4775
1449.449 399.7829
1441.303 399.1849
1433.518 398.7904
1424.864 398.4989
1417.274 398.4393
1410.89 398.488
1403.785 398.7289
1396.815 399.0625
1390.038 399.5049
1382.585 400.0446
1376.013 400.657
1370.013 401.2096
1363.269 401.8726
1356.633 402.4671
1350.055 403.0866
1342.812 403.7953
1336.254 404.492
1329.795 405.1987
1322.972 405.7865
1316.326 406.3086
1310.095 406.7103
1303.102 407.1219
1297.04 407.422
1291.14 407.7206
1285.406 408.0612
1281.196 408.3913
1276.226 408.8604
1271.468 409.3761
1266.978 409.9144
1262.9 410.4992
1258.923 411.1603
1255.173 411.8747
1251.903 412.5498
1248.563 413.2908
1245.645 414.0409
1242.736 414.8994
1240.172 415.7114
1237.723 416.4442
1235.385 417.0779
1233.023 417.7189
1230.865 418.2819
1228.752 418.8397
1226.561 419.3013
1224.425 419.6515
1222.538 419.8649
1220.444 420.0902
1218.69 420.2502
1217.112 420.3927
1215.573 420.4494
1214.25 420.4544
1213.18 420.3953
1212.259 420.3107
1211.565 420.1784
1211.136 420.0319
1210.938 419.8359
1210.941 419.6636
1211.067 419.5026
1211.089 418.5306
1210.824 418.2028
1210.285 417.8987
1209.236 417.57
1207.653 417.1754
1205.481 416.7891
1202.773 416.4139
1199.617 416.0631
1195.919 415.6976
1191.713 415.3141
1186.91 414.9976
1181.451 414.8175
1175.612 414.7819
1524.378 429.9518
1520.54 430.0099
1516.009 429.8602
1511.852 429.5143
1507.868 428.9647
1503.34 428.1882
1499.125 427.3289
1495.222 426.4634
1490.715 425.3631
1487.184 424.4998
1483.312 423.6292
1479.118 422.8789
1475.287 422.2796
1472.243 421.8774
1468.826 421.5241
1465.795 421.3762
1463.045 421.3753
1460.243 421.5456
1457.694 421.779
1455.264 422.119
1453.404 422.4962
1451.716 422.9445
1450.325 423.3705
1448.641 423.8805
1447.277 424.2466
1446.101 424.5034
1444.931 424.6885
1443.859 424.8472
1442.932 424.9702
1442.066 425.0498
1441.466 425.0676
1440.94 425.071
1440.539 425.0448
1440.288 425.0153
1440.199 424.9111
1440.202 424.7813
1440.413 424.5746
1440.751 424.3975
1441.382 424.2206
1442.219 424.1221
1443.286 424.0098
1444.36 423.9274
1445.432 423.8216
1446.759 423.7391
1448.42 423.6461
1450.257 423.5877
1452.017 423.515
1454.06 423.493
1456.103 423.4736
1458.069 423.5075
1460.257 423.5771
1462.446 423.6798
1464.043 423.7373
1465.966 423.8045
1467.834 423.835
1469.562 423.8397
1471.31 423.8062
1472.876 423.7515
1474.255 423.6569
1475.67 423.4662
1476.849 423.2552
1477.964 423.0534
1479.292 422.8084
1480.213 422.6741
1481.109 422.564
1482.057 422.463
1482.879 422.4028
1483.614 422.3986
1484.348 422.4144
1485.107 422.4746
1485.93 422.5405
1486.797 422.6559
1487.764 422.8185
1488.732 423.0075
1489.78 423.2456
1490.698 423.5189
1491.617 423.7806
1492.721 424.0736
1493.919 424.3389
1495.119 424.5947
1496.461 424.8682
1497.861 425.1891
1499.281 425.5045
1501.008 425.8682
1502.811 426.1761
1504.719 426.4153
1507.036 426.6187
1509.221 426.7354
1511.579 426.8175
1514.358 426.9144
1517.218 427.0246
1519.539 427.1286
1522.595 427.2607
1525.491 427.3722
1528.211 427.466
1531.225 427.5151
1534.23 427.5495
1536.774 427.5555
1539.711 427.5396
1542.448 427.4984
1545.071 427.4137
1548.1 427.2534
1550.876 427.0383
1552.686 426.8797
1555.103 426.6685
1557.287 426.4852
1559.316 426.3395
1561.492 426.2057
1563.338 426.1463
1564.974 426.1134
1566.53 426.1063
1568.032 426.1201
1569.306 426.1615
1570.745 426.2866
1571.795 426.4824
1572.626 426.7689
1573.401 427.188
1574.063 427.6581
1574.578 428.1131
1575.04 428.6291
1575.313 429.1664
1575.449 429.701
1575.518 430.3057
1575.537 430.7399
1575.52 431.2565
1575.341 431.7373
1574.989 432.1815
1574.648 432.5242
1574.287 432.9076
1574.024 433.2656
1573.828 433.5965
1573.714 433.9027
1573.686 434.1188
1573.771 434.2975
1573.941 434.4367
1574.323 434.5794
1574.87 434.7707
1575.743 435.054
1576.765 435.3838
1577.845 435.7663
1579.148 436.258
1580.636 436.8008
1581.786 437.1906
1583.543 437.7637
1585.577 438.2682
1587.627 438.6922
1590.057 439.071
1592.459 439.3412
1594.842 439.5241
1597.43 439.6136
1599.996 439.6107
1602.433 439.5435
1605.586 439.3981
1608.135 439.2749
1610.516 439.1719
1613.038 439.0405
1615.411 438.8732
1617.624 438.6753
1619.882 438.4269
1621.926 438.1808
1623.929 437.9217
1626.119 437.6336
1627.956 437.3991
1629.592 437.23
1631.31 437.1216
1632.97 437.0742
1634.451 437.0441
1636.044 437.0121
1637.473 436.9925
1638.684 436.9863
1639.846 437.0542
1640.777 437.2168
1641.524 437.4391
1642.237 437.7537
1642.866 438.0731
1643.436 438.3968
1644.005 438.8003
1644.399 439.1154
1644.696 439.3983
1645.032 439.6522
1645.4 439.8843
1645.787 440.157
1646.195 440.4641
1646.675 440.7425
1647.284 440.9666
1648.075 441.168
1648.901 441.3196
1649.599 441.4225
1650.311 441.4496
1650.899 441.3394
1651.334 441.0919
1651.563 440.7601
1651.691 440.2611
1651.594 439.6828
1651.285 438.9162
1650.711 438.0667
1649.883 437.1453
1648.541 436.0003
1646.82 434.7834
1644.812 433.5449
1642.278 432.1253
1639.443 430.6968
1636.603 429.3825
1633.129 427.9026
1629.557 426.511
1625.876 425.2269
1621.454 423.86
1616.767 422.5186
1611.922 421.2245
1605.867 419.6964
1601.96 418.7871
1595.908 417.5426
1589.29 416.424
1582.848 415.4764
1576.437 414.606
1569.271 413.6701
1562.253 412.7689
1554.987 411.8499
1547.075 410.835
1539.038 409.8268
1529.821 408.7174
1521.829 407.7354
1514.159 406.8024
1506.894 405.9098
1498.27 404.8784
1489.795 403.9028
1481.441 402.9774
1473.033 402.0461
1464.807 401.1875
1457.693 400.4775
1449.449 399.7829
1441.303 399.1849
1433.518 398.7904
1424.864 398.4989
1417.274 398.4393
1410.89 398.488
1403.785 398.7289
1396.815 399.0625
1390.038 399.5049
1382.585 400.0446
1376.013 400.657
1370.013 401.2096
1363.269 401.8726
1356.633 402.4671
1350.055 403.0866
1342.812 403.7953
1336.254 404.492
1329.795 405.1987
1322.972 405.7865
1316.326 406.3086
1310.095 406.7103
1303.102 407.1219
1297.04 407.422
1291.14 407.7206
1285.406 408.0612
1281.196 408.3913
1276.226 408.8604
1271.468 409.3761
1266.978 409.9144
1262.9 410.4992
1258.923 411.1603
1255.173 411.8747
1251.903 412.5498
1248.563 413.2908
1245.645 414.0409
1242.736 414.8994
1240.172 415.7114
1237.723 416.4442
1235.385 417.0779
1233.023 417.7189
1230.865 418.2819
1228.752 418.8397
1226.561 419.3013
1224.425 419.6515
1222.538 419.8649
1220.444 420.0902
1218.69 420.2502
1217.112 420.3927
1215.573 420.4494
1214.25 420.4544
1213.18 420.3953
1212.259 420.3107
1211.565 420.1784
1211.136 420.0319
1210.938 419.8359
1210.941 419.6636
1211.067 419.5026
1211.089 418.5306
1210.824 418.2028
1210.285 417.8987
1209.236 417.57
1207.653 417.1754
1205.481 416.7891
1202.773 416.4139
1199.617 416.0631
1195.919 415.6976
1191.713 415.3141
1186.91 414.9976
1181.451 414.8175
1175.612 414.7819
1169.329 414.8589
1162.891 415.0031
1155.432 415.2248
1147.833 415.5313
1140.774 415.8871
1131.676 416.5208
1122.848 417.3709
1113.904 418.4569
1104.653 419.673
1095.247 421.0145
1087.112 422.2012
1077.9 423.5023
1069.281 424.7239
1061.313 425.93
1052.709 427.3743
1045.408 428.7116
1038.839 429.9598
1032.465 431.1985
1025.676 432.6279
1019.503 434.0387
1013.401 435.4896
1007.655 436.8143
1002.265 437.9862
996.7524 439.1297
991.5579 440.2104
986.932 441.2345
982.1567 442.3608
977.7972 443.3719
973.6992 444.2729
969.5291 445.1388
965.5654 445.9216
961.731 446.6339
957.9964 447.3213
954.3193 447.9919
950.6774 448.6517
946.5579 449.4224
942.4297 450.1776
939.0436 450.8224
934.488 451.6691
929.9339 452.5358
925.4255 453.341
920.5218 454.1646
915.4785 454.9406
910.3854 455.6839
905.0762 456.4099
900.0814 457.0145
895.1286 457.4209
888.8757 457.7075
883.4724 457.7996
878.6282 457.8288
873.1631 457.839
867.5202 457.8481
862.4749 457.8622
856.3714 457.946
850.2995 458.1855
844.4268 458.5285
838.4079 458.916
832.6836 459.3026
827.1204 459.7162
820.97 460.1938
814.9929 460.6177
809.0638 460.9414
802.1439 461.2018
796.7849 461.346
791.7441 461.48
786.6306 461.6611
781.9147 461.8848
777.2503 462.1678
773.9814 462.3908
769.5036 462.7285
765.4124 463.0745
761.0237 463.4858
757.1064 463.9085
753.3877 464.3706
749.7816 464.8885
746.9014 465.326
744.154 465.7282
741.139 466.1094
738.1758 466.4471
735.6243 466.7366
733.1504 466.9764
730.8818 467.1024
728.8181 467.0975
726.64 466.987
724.6852 466.8573
722.9372 466.7974
721.1985 466.7993
719.613 466.8159
718.0807 466.791
716.5625 466.7091
715.2835 466.6141
714.2712 466.5472
713.2715 466.4802
712.4482 466.4279
711.7839 466.4227
711.2165 466.452
710.7487 466.4727
710.3948 466.4282
710.0485 466.3247
709.8835 466.1315
709.7405 465.876
709.5423 465.4844
709.2653 465.0168
708.9603 464.5324
708.6152 464.0314
708.3135 463.5796
707.9167 463.1567
707.5003 462.6579
707.1286 462.1447
706.8796 461.6344
706.5817 461.0273
706.2562 460.4789
705.9294 460.0124
705.6784 459.59
705.6458 459.256
705.6068 458.9562
705.5615 458.6309
705.6628 458.3506
705.8171 458.1348
706.1732 457.9323
706.472 457.7581
706.8766 457.5822
707.3708 457.445
708.0104 457.3968
708.7155 457.3757
709.5124 457.2831
710.248 457.144
710.9099 457.0331
712.5381 456.9303
713.0569 456.9408
713.8509 456.9837
714.5491 457.0788
715.1423 457.2168
715.9319 457.6618
716.0322 457.6852
716.0817 457.715
716.0866 457.8031
716.0319 457.9865
715.8503 458.3293
715.5866 458.6732
715.2581 458.9976
714.8968 459.251
714.5524 459.5068
714.2292 459.7834
713.928 460.1079
713.7165 460.3425
713.126 461.0916
712.5345 462.0586
711.9431 462.7728
711.7077 463.1602
711.5671 463.5675
711.4163 463.9556
711.2415 464.3011
710.9968 464.6605
710.7806 464.9912
710.6279 465.3123
710.4769 465.6419
710.3386 465.8779
710.2175 466.0959
710.181 466.3903
710.237 466.8527
710.3323 467.3673
710.3727 467.9538
710.2868 468.4819
710.2077 468.9393
710.2311 469.3784
710.4352 469.7218
710.7614 469.9666
711.2038 470.1458
711.6966 470.2411
712.3362 470.2759
713.3174 470.2829
714.5397 470.2462
716.0364 470.2396
717.9854 470.3014
720.2754 470.3906
722.8984 470.4714
726.2334 470.5211
729.6982 470.4764
733.2132 470.3341
737.346 470.0954
741.5303 469.8118
746.0329 469.4699
751.3151 469.0381
756.3115 468.5666
761.2614 468.0554
766.8483 467.5094
772.2168 467.0845
777.4808 466.7829
783.364 466.5812
789.1517 466.4651
795.1826 466.4048
801.8441 466.3878
808.2556 466.4248
813.9079 466.5117
821.3063 466.6697
828.7083 466.819
835.9079 466.9473
844.5169 467.1048
853.0625 467.2511
861.0901 467.3604
870.2038 467.4149
879.0938 467.3817
887.3486 467.2544
897.3636 467.0195
905.9688 466.7723
913.6777 466.599
922.6175 466.4863
930.582 466.4733
937.3662 466.4575
944.8525 466.4321
951.1732 466.4564
956.4727 466.5654
962.4836 466.7686
968.0114 466.9699
972.2844 467.1224
977.5377 467.3367
982.3606 467.5942
986.5545 467.7886
991.2691 467.9203
995.8166 467.9048
1000.585 467.8281
1006.658 467.8687
1012.628 468.1003
1018.913 468.3708
1026.57 468.4648
1033.355 468.3688
1039.161 468.249
1045.856 468.2549
1052.71 468.3867
1059.463 468.5851
1067.051 468.8015
1074.826 469.1014
1082.672 469.4985
1089.895 469.9413
1096.875 470.3384
1103.087 470.7622
1110.849 471.2801
1118.077 471.9268
1124.983 472.5186
1133.172 473.325
1141.632 474.2288
1149.99 475.2889
1158.699 476.3932
1166.869 477.4198
1175.099 478.2835
1184.934 479.2474
1194.34 480.1619
1202.967 481.1079
1213.142 482.1295
1223.022 483.0282
1230.863 483.5041
1239.666 483.875
1248.238 483.949
1255.91 483.8537
1264.239 483.5393
1272.415 483.2172
1279.611 482.9278
1288.104 482.6465
1295.939 482.2281
1302.377 481.8187
1310.271 481.2553
1317.613 480.7547
1324.454 480.283
1333.068 479.7052
1341.032 479.157
1348.961 478.6979
1357.789 478.4025
1365.566 478.2296
1373.567 478.0184
1382.712 477.7949
1391.32 477.5581
1399.189 477.3722
1409.093 477.1774
1418.184 477.1851
1427.239 477.3625
1436.157 477.6322
1445.135 477.8239
1453.618 477.9485
1462.879 478.0143
1471.995 478.1367
1480.988 478.3336
1490.938 478.6535
1499.877 478.9435
1507.84 479.1934
1516.954 479.5171
1526.002 479.897
1535.048 480.2703
1544.302 480.6218
1561.782 480.9318
1568.302 481.0157
1577.176 481.1454
1585.134 481.2552
1601.922 481.3261
1608.414 481.2348
1617.035 481.0482
1625.952 480.832
1635.001 480.5802
1644.09 480.3274
1653.156 480.0651
1169.329 414.8589
1162.891 415.0031
1155.432 415.2248
1147.833 415.5313
1140.774 415.8871
1131.676 416.5208
1122.848 417.3709
1113.904 418.4569
1104.653 419.673
1095.247 421.0145
1087.112 422.2012
1077.9 423.5023
1069.281 424.7239
1061.313 425.93
1052.709 427.3743
1045.408 428.7116
1038.839 429.9598
1032.465 431.1985
1025.676 432.6279
1019.503 434.0387
1013.401 435.4896
1007.655 436.8143
1002.265 437.9862
996.7524 439.1297
991.5579 440.2104
986.932 441.2345
982.1567 442.3608
977.7972 443.3719
973.6992 444.2729
969.5291 445.1388
965.5654 445.9216
961.731 446.6339
957.9964 447.3213
954.3193 447.9919
950.6774 448.6517
946.5579 449.4224
942.4297 450.1776
939.0436 450.8224
934.488 451.6691
929.9339 452.5358
925.4255 453.341
920.5218 454.1646
915.4785 454.9406
910.3854 455.6839
905.0762 456.4099
900.0814 457.0145
895.1286 457.4209
888.8757 457.7075
883.4724 457.7996
878.6282 457.8288
873.1631 457.839
867.5202 457.8481
862.4749 457.8622
856.3714 457.946
850.2995 458.1855
844.4268 458.5285
838.4079 458.916
832.6836 459.3026
827.1204 459.7162
820.97 460.1938
814.9929 460.6177
809.0638 460.9414
802.1439 461.2018
796.7849 461.346
791.7441 461.48
786.6306 461.6611
781.9147 461.8848
777.2503 462.1678
773.9814 462.3908
769.5036 462.7285
765.4124 463.0745
761.0237 463.4858
757.1064 463.9085
753.3877 464.3706
749.7816 464.8885
746.9014 465.326
744.154 465.7282
741.139 466.1094
738.1758 466.4471
735.6243 466.7366
733.1504 466.9764
730.8818 467.1024
728.8181 467.0975
726.64 466.987
724.6852 466.8573
722.9372 466.7974
721.1985 466.7993
719.613 466.8159
718.0807 466.791
716.5625 466.7091
715.2835 466.6141
714.2712 466.5472
713.2715 466.4802
712.4482 466.4279
711.7839 466.4227
711.2165 466.452
710.7487 466.4727
710.3948 466.4282
710.0485 466.3247
709.8835 466.1315
709.7405 465.876
709.5423 465.4844
709.2653 465.0168
708.9603 464.5324
708.6152 464.0314
708.3135 463.5796
707.9167 463.1567
707.5003 462.6579
707.1286 462.1447
706.8796 461.6344
706.5817 461.0273
706.2562 460.4789
705.9294 460.0124
705.6784 459.59
705.6458 459.256
705.6068 458.9562
705.5615 458.6309
705.6628 458.3506
705.8171 458.1348
706.1732 457.9323
706.472 457.7581
706.8766 457.5822
707.3708 457.445
708.0104 457.3968
708.7155 457.3757
709.5124 457.2831
710.248 457.144
710.9099 457.0331
712.5381 456.9303
713.0569 456.9408
713.8509 456.9837
714.5491 457.0788
715.1423 457.2168
715.9319 457.6618
716.0322 457.6852
716.0817 457.715
716.0866 457.8031
716.0319 457.9865
715.8503 458.3293
715.5866 458.6732
715.2581 458.9976
714.8968 459.251
714.5524 459.5068
714.2292 459.7834
713.928 460.1079
713.7165 460.3425
713.126 461.0916
712.5345 462.0586
711.9431 462.7728
711.7077 463.1602
711.5671 463.5675
711.4163 463.9556
711.2415 464.3011
710.9968 464.6605
710.7806 464.9912
710.6279 465.3123
710.4769 465.6419
710.3386 465.8779
710.2175 466.0959
710.181 466.3903
710.237 466.8527
710.3323 467.3673
710.3727 467.9538
710.2868 468.4819
710.2077 468.9393
710.2311 469.3784
710.4352 469.7218
710.7614 469.9666
711.2038 470.1458
711.6966 470.2411
712.3362 470.2759
713.3174 470.2829
714.5397 470.2462
716.0364 470.2396
717.9854 470.3014
720.2754 470.3906
722.8984 470.4714
726.2334 470.5211
729.6982 470.4764
733.2132 470.3341
737.346 470.0954
741.5303 469.8118
746.0329 469.4699
751.3151 469.0381
756.3115 468.5666
761.2614 468.0554
766.8483 467.5094
772.2168 467.0845
777.4808 466.7829
783.364 466.5812
789.1517 466.4651
795.1826 466.4048
801.8441 466.3878
808.2556 466.4248
813.9079 466.5117
821.3063 466.6697
828.7083 466.819
835.9079 466.9473
844.5169 467.1048
853.0625 467.2511
861.0901 467.3604
870.2038 467.4149
879.0938 467.3817
887.3486 467.2544
897.3636 467.0195
905.9688 466.7723
913.6777 466.599
922.6175 466.4863
930.582 466.4733
937.3662 466.4575
944.8525 466.4321
951.1732 466.4564
956.4727 466.5654
962.4836 466.7686
968.0114 466.9699
972.2844 467.1224
977.5377 467.3367
982.3606 467.5942
986.5545 467.7886
991.2691 467.9203
995.8166 467.9048
1000.585 467.8281
1006.658 467.8687
1012.628 468.1003
1018.913 468.3708
1026.57 468.4648
1033.355 468.3688
1039.161 468.249
1045.856 468.2549
1052.71 468.3867
1059.463 468.5851
1067.051 468.8015
1074.826 469.1014
1082.672 469.4985
1089.895 469.9413
1096.875 470.3384
1103.087 470.7622
1110.849 471.2801
1118.077 471.9268
1124.983 472.5186
1133.172 473.325
1141.632 474.2288
1149.99 475.2889
1158.699 476.3932
1166.869 477.4198
1175.099 478.2835
1184.934 479.2474
1194.34 480.1619
1202.967 481.1079
1213.142 482.1295
1223.022 483.0282
1230.863 483.5041
1239.666 483.875
1248.238 483.949
1255.91 483.8537
1264.239 483.5393
1272.415 483.2172
1279.611 482.9278
1288.104 482.6465
1295.939 482.2281
1302.377 481.8187
1310.271 481.2553
1317.613 480.7547
1324.454 480.283
1333.068 479.7052
1341.032 479.157
1348.961 478.6979
1357.789 478.4025
1365.566 478.2296
1373.567 478.0184
1382.712 477.7949
1391.32 477.5581
1399.189 477.3722
1409.093 477.1774
1418.184 477.1851
1427.239 477.3625
1436.157 477.6322
1445.135 477.8239
1453.618 477.9485
1462.879 478.0143
1471.995 478.1367
1480.988 478.3336
1490.938 478.6535
1499.877 478.9435
1507.84 479.1934
1516.954 479.5171
1526.002 479.897
1535.048 480.2703
1544.302 480.6218
1561.782 480.9318
1568.302 481.0157
1577.176 481.1454
1585.134 481.2552
1601.922 481.3261
1608.414 481.2348
1617.035 481.0482
1625.952 480.832
1635.001 480.5802
1644.09 480.3274
1653.156 480.0651
1662.058 479.8641
1671.053 479.7118
1680.541 479.6735
1690.864 479.7303
1701.988 479.8988
1717.937 480.1275
1741.034 480.1087
1765.151 480.0282
1791.305 480.7265
1816.776 481.578
1830.385 481.8373
1841.222 482.0065
1852.683 482.2238
1865.379 482.5721
1876.652 482.9092
1887.693 483.255
1898.748 483.69
1908.555 484.243
1917.874 484.9432
1926.591 485.6989
1934.973 486.5252
1944.073 487.6885
1951.255 489.1241
1956.917 490.7603
1962.793 492.8538
1967.52 494.4041
1972.649 495.8662
1977.155 497.0505
1981.452 498.2559
1984.855 499.4234
1987.511 500.645
1989.398 501.7753
1991.224 502.9059
1993.05 503.9612
1994.922 504.914
1996.514 505.7267
1997.873 506.4965
1998.533 507.163
1998.389 507.6233
1997.499 508.0616
1996.052 508.4891
1994.68 508.8343
1993.371 509.2173
1992.356 509.4287
1991.409 509.5133
1990.036 509.4351
1988.139 509.3044
1985.831 509.1598
1983.109 509.0463
1980.407 508.8744
1977.964 508.6962
1975.456 508.3
1973.74 507.7615
1972.841 507.1121
1972.163 506.2815
1971.427 505.4109
1970.486 504.6755
1969.24 503.873
1968.053 503.1429
1967.451 502.4083
1967.603 501.6292
1968.565 501.0056
1969.873 500.6806
1971.091 500.5822
1971.497 500.6308
1971.022 500.6142
1969.929 500.4373
1968.884 500.1055
1968.207 499.8003
1967.495 499.366
1966.653 498.7903
1965.438 497.9173
1963.56 496.5757
1961.082 494.8699
1958.266 493.037
1954.891 490.723
1951.383 487.8746
1948.101 484.4524
1944.357 478.9928
1941.771 473.5511
1939.632 467.6821
1937.412 461.0651
1935.165 454.4111
1932.28 447.5298
1929.121 440.2464
1925.997 433.2402
1923.196 426.8726
1920.001 419.4639
1917.12 412.2817
1914.683 405.957
1912.283 399.0199
1910.336 392.6771
1908.894 387.3226
1907.361 381.707
1906.064 376.7126
1905.068 372.0054
1904.541 367.4243
1904.343 363.6133
1904.664 360.3771
1905.056 357.3903
1905.606 354.8362
1905.979 352.9946
1906.338 351.1341
1906.544 349.8177
1906.802 348.9867
1906.881 348.4037
1906.854 348.0368
1906.34 348.0036
1905.414 348.2925
1904.141 348.9894
1902.758 349.9032
1900.748 351.1183
1898.983 352.0529
1897.185 352.8993
1895.178 353.876
1893.135 354.9692
1891.019 356.167
1888.536 357.5311
1886.38 358.7266
1884.335 359.9009
1882.431 361.146
1880.674 362.4352
1879.081 363.7773
1877.362 365.4128
1876.129 367.0526
1875.299 368.7197
1874.79 370.5211
1874.411 372.3791
1874.317 374.0916
1874.213 376.1413
1874.52 378.159
1875.001 380.1709
1876.004 382.5114
1877.21 384.7567
1878.678 386.8877
1880.385 389.0944
1882.276 391.1408
1884.375 393.1732
1886.942 395.5094
1889.427 397.8577
1891.727 400.0067
1894.397 402.411
1897.186 404.6045
1900.145 406.6125
1903.614 408.7361
1907.06 410.8306
1910.615 413.0739
1914.451 415.4665
1918.472 417.8377
1922.456 420.0542
1927.014 422.5957
1931.085 424.9469
1935.052 427.4235
1938.982 429.9342
1943 432.7389
1946.559 435.5422
1949.841 438.7035
1952.804 441.8602
1955.62 444.7765
1958.857 447.7889
1962.199 450.702
1965.497 453.39
1969.15 456.3001
1972.944 459.0923
1976.803 461.728
1981.259 464.4235
1986.356 467.2003
1991.652 469.7971
1997.53 472.6828
2003.342 475.4775
2008.903 478.1483
2014.704 480.7656
2020.623 483.3426
2026.543 485.8034
2032.557 488.3049
2039.093 490.9752
2044.511 493.2237
2050.249 495.6695
2055.392 497.9291
2060.053 499.9399
2064.52 501.8939
2068.772 503.692
2072.779 505.3491
2076.871 506.8514
2080.719 508.2289
2083.987 509.2945
2087.287 510.2784
2090.453 511.0497
2093.354 511.6933
2096.348 512.3279
2099.151 512.9385
2101.434 513.4808
2103.894 514.0457
2106.251 514.5499
2108.317 515.0159
2110.515 515.4951
2112.588 515.9678
2114.593 516.4458
2116.905 516.9789
2119.305 517.5308
2121.506 518.0207
2124.108 518.6246
2126.805 519.2282
2129.404 519.7636
2132.293 520.3918
2135.048 520.9413
2137.773 521.4832
2140.609 522.0649
2143.752 522.6952
2147.066 523.3216
2150.804 524.0063
2153.787 524.5569
2156.484 525.0237
2159.41 525.5595
2162.505 526.1108
2165.73 526.667
2169.103 527.2476
2172.275 527.793
2175.039 528.3044
2177.82 528.822
2180.498 529.2576
2183.285 529.6078
2186.44 529.9355
2189.281 530.2
2191.94 530.4148
2194.687 530.5976
2197.542 530.8102
2200.246 531.0505
2203.01 531.3077
2205.184 531.4412
2207.469 531.5162
2210.47 531.6254
2214.244 531.7843
2218.573 531.9061
2224.088 531.8912
2229.77 531.6735
2235.506 531.3021
2241.649 530.8605
2248.057 530.4981
2254.764 530.1765
2262.098 529.8154
2269.618 529.2088
2277.339 528.4346
2286.575 527.4125
2296.196 526.3933
2305.714 525.4907
2317.233 524.6378
2327.806 524.0068
2338.788 523.3665
2349.732 522.5804
2360.664 521.5679
2371.291 520.4172
2382.564 519.2415
2394.153 518.2364
2405.914 517.3724
2419.371 516.3702
2431.486 515.2281
2442.962 513.8299
2454.642 512.0887
2464.985 510.428
2474.112 508.9831
2483.299 507.5247
2491.682 506.1497
2496.762 505.3052
2503.318 504.2092
2508.902 503.216
2513.524 502.0222
2517.374 500.5786
2520.187 499.0917
2521.999 497.8168
2522.696 496.7261
2522.524 495.6215
2521.389 494.5836
2519.385 493.7105
2517.208 493.189
2514.76 492.8346
2511.828 492.4962
2508.362 492.1274
2504.94 491.7369
2501.419 491.4797
2497.499 491.5771
2494.318 492.1193
2491.115 492.9302
2487.837 493.8033
2484.957 494.3738
2482.134 494.75
2479.948 495.0212
2478.605 495.4661
2478.152 496.248
2478.358 497.3643
2478.775 498.532
2479.104 499.8169
2479.362 500.8489
2479.869 501.7977
2481.171 502.9117
2483.203 504.1257
2485.836 505.4318
2488.349 506.6663
2491.398 508.0959
2494.007 509.3808
1662.058 479.8641
1671.053 479.7118
1680.541 479.6735
1690.864 479.7303
1701.988 479.8988
1717.937 480.1275
1741.034 480.1087
1765.151 480.0282
1791.305 480.7265
1816.776 481.578
1830.385 481.8373
1841.222 482.0065
1852.683 482.2238
1865.379 482.5721
1876.652 482.9092
1887.693 483.255
1898.748 483.69
1908.555 484.243
1917.874 484.9432
1926.591 485.6989
1934.973 486.5252
1944.073 487.6885
1951.255 489.1241
1956.917 490.7603
1962.793 492.8538
1967.52 494.4041
1972.649 495.8662
1977.155 497.0505
1981.452 498.2559
1984.855 499.4234
1987.511 500.645
1989.398 501.7753
1991.224 502.9059
1993.05 503.9612
1994.922 504.914
1996.514 505.7267
1997.873 506.4965
1998.533 507.163
1998.389 507.6233
1997.499 508.0616
1996.052 508.4891
1994.68 508.8343
1993.371 509.2173
1992.356 509.4287
1991.409 509.5133
1990.036 509.4351
1988.139 509.3044
1985.831 509.1598
1983.109 509.0463
1980.407 508.8744
1977.964 508.6962
1975.456 508.3
1973.74 507.7615
1972.841 507.1121
1972.163 506.2815
1971.427 505.4109
1970.486 504.6755
1969.24 503.873
1968.053 503.1429
1967.451 502.4083
1967.603 501.6292
1968.565 501.0056
1969.873 500.6806
1971.091 500.5822
1971.497 500.6308
1971.022 500.6142
1969.929 500.4373
1968.884 500.1055
1968.207 499.8003
1967.495 499.366
1966.653 498.7903
1965.438 497.9173
1963.56 496.5757
1961.082 494.8699
1958.266 493.037
1954.891 490.723
1951.383 487.8746
1948.101 484.4524
1944.357 478.9928
1941.771 473.5511
1939.632 467.6821
1937.412 461.0651
1935.165 454.4111
1932.28 447.5298
1929.121 440.2464
1925.997 433.2402
1923.196 426.8726
1920.001 419.4639
1917.12 412.2817
1914.683 405.957
1912.283 399.0199
1910.336 392.6771
1908.894 387.3226
1907.361 381.707
1906.064 376.7126
1905.068 372.0054
1904.541 367.4243
1904.343 363.6133
1904.664 360.3771
1905.056 357.3903
1905.606 354.8362
1905.979 352.9946
1906.338 351.1341
1906.544 349.8177
1906.802 348.9867
1906.881 348.4037
1906.854 348.0368
1906.34 348.0036
1905.414 348.2925
1904.141 348.9894
1902.758 349.9032
1900.748 351.1183
1898.983 352.0529
1897.185 352.8993
1895.178 353.876
1893.135 354.9692
1891.019 356.167
1888.536 357.5311
1886.38 358.7266
1884.335 359.9009
1882.431 361.146
1880.674 362.4352
1879.081 363.7773
1877.362 365.4128
1876.129 367.0526
1875.299 368.7197
1874.79 370.5211
1874.411 372.3791
1874.317 374.0916
1874.213 376.1413
1874.52 378.159
1875.001 380.1709
1876.004 382.5114
1877.21 384.7567
1878.678 386.8877
1880.385 389.0944
1882.276 391.1408
1884.375 393.1732
1886.942 395.5094
1889.427 397.8577
1891.727 400.0067
1894.397 402.411
1897.186 404.6045
1900.145 406.6125
1903.614 408.7361
1907.06 410.8306
1910.615 413.0739
1914.451 415.4665
1918.472 417.8377
1922.456 420.0542
1927.014 422.5957
1931.085 424.9469
1935.052 427.4235
1938.982 429.9342
1943 432.7389
1946.559 435.5422
1949.841 438.7035
1952.804 441.8602
1955.62 444.7765
1958.857 447.7889
1962.199 450.702
1965.497 453.39
1969.15 456.3001
1972.944 459.0923
1976.803 461.728
1981.259 464.4235
1986.356 467.2003
1991.652 469.7971
1997.53 472.6828
2003.342 475.4775
2008.903 478.1483
2014.704 480.7656
2020.623 483.3426
2026.543 485.8034
2032.557 488.3049
2039.093 490.9752
2044.511 493.2237
2050.249 495.6695
2055.392 497.9291
2060.053 499.9399
2064.52 501.8939
2068.772 503.692
2072.779 505.3491
2076.871 506.8514
2080.719 508.2289
2083.987 509.2945
2087.287 510.2784
2090.453 511.0497
2093.354 511.6933
2096.348 512.3279
2099.151 512.9385
2101.434 513.4808
2103.894 514.0457
2106.251 514.5499
2108.317 515.0159
2110.515 515.4951
2112.588 515.9678
2114.593 516.4458
2116.905 516.9789
2119.305 517.5308
2121.506 518.0207
2124.108 518.6246
2126.805 519.2282
2129.404 519.7636
2132.293 520.3918
2135.048 520.9413
2137.773 521.4832
2140.609 522.0649
2143.752 522.6952
2147.066 523.3216
2150.804 524.0063
2153.787 524.5569
2156.484 525.0237
2159.41 525.5595
2162.505 526.1108
2165.73 526.667
2169.103 527.2476
2172.275 527.793
2175.039 528.3044
2177.82 528.822
2180.498 529.2576
2183.285 529.6078
2186.44 529.9355
2189.281 530.2
2191.94 530.4148
2194.687 530.5976
2197.542 530.8102
2200.246 531.0505
2203.01 531.3077
2205.184 531.4412
2207.469 531.5162
2210.47 531.6254
2214.244 531.7843
2218.573 531.9061
2224.088 531.8912
2229.77 531.6735
2235.506 531.3021
2241.649 530.8605
2248.057 530.4981
2254.764 530.1765
2262.098 529.8154
2269.618 529.2088
2277.339 528.4346
2286.575 527.4125
2296.196 526.3933
2305.714 525.4907
2317.233 524.6378
2327.806 524.0068
2338.788 523.3665
2349.732 522.5804
2360.664 521.5679
2371.291 520.4172
2382.564 519.2415
2394.153 518.2364
2405.914 517.3724
2419.371 516.3702
2431.486 515.2281
2442.962 513.8299
2454.642 512.0887
2464.985 510.428
2474.112 508.9831
2483.299 507.5247
2491.682 506.1497
2496.762 505.3052
2503.318 504.2092
2508.902 503.216
2513.524 502.0222
2517.374 500.5786
2520.187 499.0917
2521.999 497.8168
2522.696 496.7261
2522.524 495.6215
2521.389 494.5836
2519.385 493.7105
2517.208 493.189
2514.76 492.8346
2511.828 492.4962
2508.362 492.1274
2504.94 491.7369
2501.419 491.4797
2497.499 491.5771
2494.318 492.1193
2491.115 492.9302
2487.837 493.8033
2484.957 494.3738
2482.134 494.75
2479.948 495.0212
2478.605 495.4661
2478.152 496.248
2478.358 497.3643
2478.775 498.532
2479.104 499.8169
2479.362 500.8489
2479.869 501.7977
2481.171 502.9117
2483.203 504.1257
2485.836 505.4318
2488.349 506.6663
2491.398 508.0959
2494.007 509.3808
2496.268 510.5636
2498.003 511.5684
2499.587 512.4633
2501.406 513.5269
2503.19 514.648
2504.774 515.7595
2505.95 516.7398
2506.448 517.5293
2506.256 517.9904
2505.485 518.4028
2504.669 518.6601
2503.918 518.8144
2503.054 518.7865
2501.971 518.5612
2500.576 518.1259
2498.582 517.4839
2496.469 516.7391
2494.523 516.0583
2492.693 515.3022
2491.085 514.563
2489.657 513.7872
2487.935 512.757
2486.398 511.6391
2484.995 510.4073
2483.666 509.0563
2482.536 507.7542
2481.649 506.5908
2480.909 505.4221
2480.576 504.3922
2480.405 503.5009
2480.144 502.4569
2479.631 501.4725
2479.038 500.6129
2478.31 499.718
2477.667 498.9218
2477.093 498.3162
2476.26 497.7725
2475.312 497.3753
2474.31 496.9917
2473.091 496.6064
2471.878 496.3145
2470.546 496.1354
2468.963 496.0097
2467.354 495.9657
2466.075 495.9837
2464.584 496.0672
2462.996 496.239
2461.411 496.5018
2459.733 496.9386
2458.407 497.4315
2457.346 497.8929
2456.148 498.3154
2454.862 498.6009
2453.434 498.8437
2451.688 499.159
2449.851 499.528
2448.011 499.8803
2445.928 500.2041
2444.142 500.4619
2442.441 500.7475
2440.528 501.0384
2438.365 501.2473
2436.187 501.3587
2433.682 501.4289
2431.389 501.4731
2429.16 501.4921
2426.777 501.4612
2424.419 501.3895
2422.321 501.3063
2420.219 501.2338
2418.344 501.1371
2416.367 500.9775
2413.988 500.6884
2411.64 500.3386
2409.425 499.9241
2407.19 499.4298
2405.228 498.9405
2403.343 498.4471
2401.093 497.8557
2398.671 497.2231
2396.409 496.6281
2393.992 495.966
2391.734 495.3604
2389.545 494.8347
2386.902 494.281
2384.255 493.7317
2379.036 492.5945
2376.685 492.1553
2374.752 491.8557
2372.337 491.5207
2369.586 491.1375
2366.981 490.7404
2364.341 490.3352
2361.407 489.9124
2358.997 489.5669
2356.334 489.2089
2353.8 488.8943
2350.517 488.4767
2347.041 487.9366
2343.608 487.2886
2339.848 486.5174
2336.548 485.84
2332.439 485.1327
2328.323 484.473
2323.351 483.7541
2318.023 482.9849
2311.978 482.1788
2306.144 481.4248
2299.454 480.4925
2293.162 479.4779
2287.255 478.5015
2279.993 477.354
2273.637 476.3818
2266.646 475.3521
2259.059 474.3447
2251.592 473.4684
2244.369 472.6016
2236.214 471.3467
2229.463 470.055
2223.232 468.7917
2215.797 467.4463
2210.699 466.6217
2202.975 465.4447
2195.706 464.2921
2188.25 463.0688
2181.122 461.9235
2172.948 460.6776
2164.828 459.5273
2156.483 458.437
2148.354 457.4609
2139.53 456.4588
2128.685 455.2568
2119.152 454.2033
2109.046 453.028
2098.545 451.7834
2085.808 450.3445
2074.377 449.174
2063.195 448.1629
2051.258 447.1353
2039.648 446.1097
2028.224 444.966
2015.607 443.568
2002.296 442.1219
1989.948 440.9453
1976.564 439.7868
1963.468 438.6854
1951.571 437.6396
1939.683 436.6559
1927.223 435.6717
1914.769 434.7277
1901.077 433.6172
1886.569 432.5942
1872.957 431.8572
1858.406 431.2023
1845.041 430.4909
1832.762 429.801
1819.936 429.1504
1806.438 428.6004
1792.558 427.9289
1776.841 427.0374
1759.997 426.37
1743.532 426.1252
1726.09 426.1632
1711.47 426.266
1697.719 426.2379
1683.031 426.2506
1650.551 426.2254
1637.987 426.3055
1620.238 426.6868
1604.672 427.1519
1589.079 427.7695
1574.52 428.3577
1562.247 428.9577
1548.999 429.686
1521.91 431.0959
1510.875 431.6165
1498.323 432.3219
1486.663 433.2267
1476.075 434.3976
1466.295 435.7074
1457.246 436.9445
1449.028 437.9193
1440.465 438.6691
1432.527 439.2168
1424.453 439.7734
1416.75 440.403
1408.96 441.1307
1402.336 441.7572
1396.953 442.0799
1392.436 442.1891
1386.962 442.0759
1382.092 441.8319
1377.752 441.4746
1372.593 440.8779
1367.904 440.2038
1363.778 439.5522
1359.118 438.7429
1355.065 437.9093
1351.247 436.973
1347.247 435.9561
1343.299 435.0301
1339.477 434.2132
1335.241 433.2848
1331.802 432.4102
1327.779 431.3457
1323.274 430.1532
1318.925 429.0472
1315.462 428.2121
1311.856 427.4097
1308.517 426.7282
1305.599 426.1774
1302.626 425.6396
1299.764 425.1535
1296.706 424.6496
1293.74 424.1387
1291.519 423.7586
1288.841 423.2533
1286.301 422.8718
1284.399 422.6887
1282.575 422.7899
1281.15 423.0856
1279.552 423.577
1278.271 424.0002
1276.833 424.4746
1275.99 424.7505
1274.888 425.2073
1273.895 426.4801
1273.956 427.1615
1274.365 428.1769
1274.977 429.2093
1275.781 430.1294
1276.737 431.057
1278.084 432.0451
1279.39 433.0285
1280.875 434.097
1282.539 435.1597
1284.239 436.1084
1286.51 437.4131
1288.329 438.4717
1289.977 439.4503
1291.825 440.4746
1293.578 441.2933
1295.272 441.9813
1297.036 442.6798
1298.27 443.1514
1299.573 443.6247
1300.859 444.0444
1301.993 444.2531
1302.986 444.3752
1304.001 444.4256
1305.045 444.4106
1306.031 444.2993
1307.145 444.1022
1308.272 443.9536
1309.529 443.8363
1310.677 443.7012
1311.828 443.4917
1312.886 443.3058
1314.13 443.1457
1315.481 443.0602
1316.992 442.9836
1318.682 442.9131
1321.638 442.6668
1322.651 442.5874
1324.213 442.4669
1325.649 442.3989
1326.993 442.3528
1328.486 442.3358
1330.041 442.3145
1331.755 442.3115
1333.57 442.3235
1335.205 442.4053
1336.802 442.528
1338.712 442.7474
1340.178 442.8994
1341.962 443.0361
1343.788 443.1219
1345.76 443.1748
1347.961 443.2575
1350.151 443.3428
1351.985 443.4352
1353.97 443.5067
1355.968 443.5524
1358.273 443.5471
1361.147 443.5015
1364.386 443.4837
1367.733 443.5622
1371.786 443.7957
1376.068 444.1128
1380.224 444.4092
1384.953 444.6551
1389.381 444.7957
1393.86 444.8758
1399.204 444.9969
1405.15 445.2256
1410.893 445.5431
1417.567 445.9719
1423.964 446.3361
1430.02 446.6247
1436.945 446.9411
2496.268 510.5636
2498.003 511.5684
2499.587 512.4633
2501.406 513.5269
2503.19 514.648
2504.774 515.7595
2505.95 516.7398
2506.448 517.5293
2506.256 517.9904
2505.485 518.4028
2504.669 518.6601
2503.918 518.8144
2503.054 518.7865
2501.971 518.5612
2500.576 518.1259
2498.582 517.4839
2496.469 516.7391
2494.523 516.0583
2492.693 515.3022
2491.085 514.563
2489.657 513.7872
2487.935 512.757
2486.398 511.6391
2484.995 510.4073
2483.666 509.0563
2482.536 507.7542
2481.649 506.5908
2480.909 505.4221
2480.576 504.3922
2480.405 503.5009
2480.144 502.4569
2479.631 501.4725
2479.038 500.6129
2478.31 499.718
2477.667 498.9218
2477.093 498.3162
2476.26 497.7725
2475.312 497.3753
2474.31 496.9917
2473.091 496.6064
2471.878 496.3145
2470.546 496.1354
2468.963 496.0097
2467.354 495.9657
2466.075 495.9837
2464.584 496.0672
2462.996 496.239
2461.411 496.5018
2459.733 496.9386
2458.407 497.4315
2457.346 497.8929
2456.148 498.3154
2454.862 498.6009
2453.434 498.8437
2451.688 499.159
2449.851 499.528
2448.011 499.8803
2445.928 500.2041
2444.142 500.4619
2442.441 500.7475
2440.528 501.0384
2438.365 501.2473
2436.187 501.3587
2433.682 501.4289
2431.389 501.4731
2429.16 501.4921
2426.777 501.4612
2424.419 501.3895
2422.321 501.3063
2420.219 501.2338
2418.344 501.1371
2416.367 500.9775
2413.988 500.6884
2411.64 500.3386
2409.425 499.9241
2407.19 499.4298
2405.228 498.9405
2403.343 498.4471
2401.093 497.8557
2398.671 497.2231
2396.409 496.6281
2393.992 495.966
2391.734 495.3604
2389.545 494.8347
2386.902 494.281
2384.255 493.7317
2379.036 492.5945
2376.685 492.1553
2374.752 491.8557
2372.337 491.5207
2369.586 491.1375
2366.981 490.7404
2364.341 490.3352
2361.407 489.9124
2358.997 489.5669
2356.334 489.2089
2353.8 488.8943
2350.517 488.4767
2347.041 487.9366
2343.608 487.2886
2339.848 486.5174
2336.548 485.84
2332.439 485.1327
2328.323 484.473
2323.351 483.7541
2318.023 482.9849
2311.978 482.1788
2306.144 481.4248
2299.454 480.4925
2293.162 479.4779
2287.255 478.5015
2279.993 477.354
2273.637 476.3818
2266.646 475.3521
2259.059 474.3447
2251.592 473.4684
2244.369 472.6016
2236.214 471.3467
2229.463 470.055
2223.232 468.7917
2215.797 467.4463
2210.699 466.6217
2202.975 465.4447
2195.706 464.2921
2188.25 463.0688
2181.122 461.9235
2172.948 460.6776
2164.828 459.5273
2156.483 458.437
2148.354 457.4609
2139.53 456.4588
2128.685 455.2568
2119.152 454.2033
2109.046 453.028
2098.545 451.7834
2085.808 450.3445
2074.377 449.174
2063.195 448.1629
2051.258 447.1353
2039.648 446.1097
2028.224 444.966
2015.607 443.568
2002.296 442.1219
1989.948 440.9453
1976.564 439.7868
1963.468 438.6854
1951.571 437.6396
1939.683 436.6559
1927.223 435.6717
1914.769 434.7277
1901.077 433.6172
1886.569 432.5942
1872.957 431.8572
1858.406 431.2023
1845.041 430.4909
1832.762 429.801
1819.936 429.1504
1806.438 428.6004
1792.558 427.9289
1776.841 427.0374
1759.997 426.37
1743.532 426.1252
1726.09 426.1632
1711.47 426.266
1697.719 426.2379
1683.031 426.2506
1650.551 426.2254
1637.987 426.3055
1620.238 426.6868
1604.672 427.1519
1589.079 427.7695
1574.52 428.3577
1562.247 428.9577
1548.999 429.686
1521.91 431.0959
1510.875 431.6165
1498.323 432.3219
1486.663 433.2267
1476.075 434.3976
1466.295 435.7074
1457.246 436.9445
1449.028 437.9193
1440.465 438.6691
1432.527 439.2168
1424.453 439.7734
1416.75 440.403
1408.96 441.1307
1402.336 441.7572
1396.953 442.0799
1392.436 442.1891
1386.962 442.0759
1382.092 441.8319
1377.752 441.4746
1372.593 440.8779
1367.904 440.2038
1363.778 439.5522
1359.118 438.7429
1355.065 437.9093
1351.247 436.973
1347.247 435.9561
1343.299 435.0301
1339.477 434.2132
1335.241 433.2848
1331.802 432.4102
1327.779 431.3457
1323.274 430.1532
1318.925 429.0472
1315.462 428.2121
1311.856 427.4097
1308.517 426.7282
1305.599 426.1774
1302.626 425.6396
1299.764 425.1535
1296.706 424.6496
1293.74 424.1387
1291.519 423.7586
1288.841 423.2533
1286.301 422.8718
1284.399 422.6887
1282.575 422.7899
1281.15 423.0856
1279.552 423.577
1278.271 424.0002
1276.833 424.4746
1275.99 424.7505
1274.888 425.2073
1273.895 426.4801
1273.956 427.1615
1274.365 428.1769
1274.977 429.2093
1275.781 430.1294
1276.737 431.057
1278.084 432.0451
1279.39 433.0285
1280.875 434.097
1282.539 435.1597
1284.239 436.1084
1286.51 437.4131
1288.329 438.4717
1289.977 439.4503
1291.825 440.4746
1293.578 441.2933
1295.272 441.9813
1297.036 442.6798
1298.27 443.1514
1299.573 443.6247
1300.859 444.0444
1301.993 444.2531
1302.986 444.3752
1304.001 444.4256
1305.045 444.4106
1306.031 444.2993
1307.145 444.1022
1308.272 443.9536
1309.529 443.8363
1310.677 443.7012
1311.828 443.4917
1312.886 443.3058
1314.13 443.1457
1315.481 443.0602
1316.992 442.9836
1318.682 442.9131
1321.638 442.6668
1322.651 442.5874
1324.213 442.4669
1325.649 442.3989
1326.993 442.3528
1328.486 442.3358
1330.041 442.3145
1331.755 442.3115
1333.57 442.3235
1335.205 442.4053
1336.802 442.528
1338.712 442.7474
1340.178 442.8994
1341.962 443.0361
1343.788 443.1219
1345.76 443.1748
1347.961 443.2575
1350.151 443.3428
1351.985 443.4352
1353.97 443.5067
1355.968 443.5524
1358.273 443.5471
1361.147 443.5015
1364.386 443.4837
1367.733 443.5622
1371.786 443.7957
1376.068 444.1128
1380.224 444.4092
1384.953 444.6551
1389.381 444.7957
1393.86 444.8758
1399.204 444.9969
1405.15 445.2256
1410.893 445.5431
1417.567 445.9719
1423.964 446.3361
1430.02 446.6247
1436.945 446.9411
1443.702 447.3
1450.292 447.6537
1457.452 448.049
1464.925 448.4789
1471.603 448.9002
1479.187 449.4111
1486.376 449.869
1493.052 450.2707
1500.381 450.6738
1507.239 451.0545
1513.97 451.4935
1520.551 451.9966
1527.03 452.5771
1531.75 453.0308
1537.709 453.6116
1543.449 454.1673
1548.957 454.6989
1554.789 455.3167
1559.828 455.9152
1564.499 456.5003
1569.012 457.1437
1572.517 457.7336
1575.847 458.3773
1579.862 459.1763
1583.292 459.8467
1586.399 460.4989
1589.297 461.1673
1591.529 461.7663
1593.438 462.3099
1595.303 462.8333
1597.222 463.3073
1599.014 463.7166
1600.874 464.0663
1602.556 464.3582
1604.044 464.5745
1605.65 464.7684
1607.097 464.8812
1608.114 464.8854
1609.395 464.8123
1610.601 464.7078
1611.77 464.5544
1612.982 464.4299
1614.127 464.306
1615.127 464.16
1616.219 463.9482
1617.188 463.7023
1618.09 463.4494
1619.101 463.1997
1619.861 463.0033
1620.607 462.8636
1621.4 462.7455
1622.948 462.6893
1623.585 462.736
1624.414 462.8123
1625.422 462.9302
1626.456 463.1172
1627.481 463.3877
1628.458 463.7261
1629.521 464.1299
1630.579 464.5765
1631.635 465.0379
1632.695 465.5534
1634.16 466.2637
1635.345 466.8276
1636.746 467.4565
1638.15 468.0768
1639.479 468.6208
1640.905 469.2077
1642.153 469.7324
1643.37 470.2209
1644.666 470.7488
1645.816 471.2218
1646.814 471.6209
1647.833 472.0504
1648.643 472.3875
1649.245 472.6545
1649.706 472.9238
1650.044 473.1781
1650.292 473.381
1650.523 473.5944
1650.557 473.7427
1650.429 473.8638
1650.152 474.0034
1649.893 474.2166
1649.727 474.5091
1649.574 474.9443
1649.446 475.4471
1649.298 475.9691
1649.142 476.6717
1649.11 477.4333
1649.189 478.1571
1649.328 479.0549
1649.35 479.8104
1649.226 480.9964
1649.183 482.6548
1649.357 484.4679
1649.794 486.2419
1650.226 488.0559
1650.431 489.7
1650.369 491.2217
1649.864 492.6302
1648.905 493.4053
1647.385 494.2882
1647.42 494.8267
1648.33 495.5071
1649.742 496.3352
1650.964 497.0955
1651.977 497.4435
1653.134 497.4589
1654.879 497.1002
1656.543 496.6411
1658.003 496.0966
1659.237 495.4521
1660.3 494.6783
1661.385 493.7792
1662.37 492.8917
1663.139 491.9069
1663.54 491.037
1663.811 490.4748
1664.097 490.0201
1664.224 489.6438
1664.172 488.9089
1663.72 488.0555
1662.658 487.341
1660.432 486.9326
1657.257 486.5126
1654.156 486.1032
1650.326 485.7056
1646.77 485.4231
1643.431 485.2232
1639.284 484.6912
1635.728 483.9808
1632.394 483.1577
1628.764 482.182
1625.635 481.2356
1623.528 480.3956
1622.209 479.6012
1620.897 479.1426
1618.753 478.6092
1614.996 478.3281
1605.644 478.6087
1601.753 479.0016
1595.327 479.6055
1587.288 480.3127
1578.476 481.3236
1570.078 482.6337
1562.089 484.2364
1555.738 486.9982
1548.84 489.2901
1541.467 491.4004
1532.54 493.4663
1522.191 495.3179
1508.996 497.4612
1497.17 499.1785
1486.603 500.8007
1477.604 502.2652
1468.851 503.7917
1461.038 504.9221
1453.279 505.7067
1444.211 506.1908
1435.515 506.4209
1427.453 506.3602
1418.529 506.0768
1410.679 505.45
1404.159 504.445
1397.643 502.6903
1392.638 501.0016
1388.464 499.0459
1383.756 496.7233
1379.39 494.2496
1375.097 491.5316
1370.099 488.1515
1366.008 485.0708
1363.346 482.2007
1361.724 478.9367
1360.859 475.8281
1359.926 472.6979
1358.28 468.632
1356.48 464.6312
1354.888 460.9844
1349.974 456.2562
1347.755 452.9093
1346.608 449.8506
1347.183 446.3454
1348.496 442.9241
1349.689 439.5391
1350.081 435.6385
1349.28 431.6914
1348.628 427.9692
1349.634 424.3407
1352.932 421.501
1357.614 419.1624
1363.268 416.7152
1367.416 414.7119
1368.947 413.5983
1368.566 413.5793
1367.789 415.2679
1367.97 418.3027
1369.286 422.5283
1371.37 426.9911
1373.827 431.471
1376.543 436.7141
1378.13 441.6292
1378.488 445.36
1378.322 450.6403
1378.359 455.7778
1379.142 460.8063
1380.364 465.1642
1381.457 468.9837
1381.827 471.7339
1382.288 474.1333
1382.983 475.9097
1383.852 477.2425
1384.999 478.4031
1386.323 479.2905
1387.82 480.1618
1389.775 481.3486
1390.906 482.4124
1390.944 483.0588
1389.718 483.9114
1387.369 484.8251
1384.276 485.926
1381.016 487.4492
1378.154 489.2901
1376.335 491.3534
1376.557 492.1048
1378.324 490.1299
1378.219 487.9114
1375.813 484.8741
1367.362 482.5069
1363.521 481.7412
1359.561 480.8123
1358.674 480.8836
1359.839 481.6402
1361.622 482.1704
1362.724 482.0066
1363.488 481.3035
1364.088 480.1121
1364.25 478.98
1363.997 477.4727
1363.106 476.0483
1362.224 475.772
1360.473 475.416
1359.138 475.1074
1358.254 475.0077
1356.847 474.9007
1355.462 474.7658
1353.802 474.6458
1352.175 474.5379
1351.512 474.4015
1351.276 474.4113
1350.953 474.5734
1350.696 474.6857
1350.795 474.7018
1351.035 474.7619
1351.265 474.8275
1351.376 474.8608
1351.376 474.866
1351.245 474.869
1350.996 474.8542
1350.842 474.8716
1350.771 474.9158
1350.75 474.9369
1350.727 474.9779
1350.735 474.9733
1350.71 474.9878
1350.61 475.036
1350.536 475.0576
1350.488 475.0617
1350.451 475.0747
1350.396 475.1016
1350.332 475.1282
1350.295 475.1514
1350.263 475.1631
1350.151 475.2296
1350.105 475.2527
1350.073 475.2716
1350.026 475.3089
1350.001 475.3361
1349.964 475.3727
1349.923 475.4063
1349.883 475.4393
1349.872 475.4587
1349.844 475.4782
1349.807 475.4989
1349.793 475.506
1349.766 475.5081
1349.707 475.5267
1349.682 475.5436
1349.677 475.5485
1349.641 475.5817
1349.646 475.6019
1349.638 475.6258
1349.63 475.6327
1349.641 475.6265
1349.617 475.6317
1349.606 475.6244
1349.575 475.6353
1349.569 475.6414
1349.543 475.6575
1443.702 447.3
1450.292 447.6537
1457.452 448.049
1464.925 448.4789
1471.603 448.9002
1479.187 449.4111
1486.376 449.869
1493.052 450.2707
1500.381 450.6738
1507.239 451.0545
1513.97 451.4935
1520.551 451.9966
1527.03 452.5771
1531.75 453.0308
1537.709 453.6116
1543.449 454.1673
1548.957 454.6989
1554.789 455.3167
1559.828 455.9152
1564.499 456.5003
1569.012 457.1437
1572.517 457.7336
1575.847 458.3773
1579.862 459.1763
1583.292 459.8467
1586.399 460.4989
1589.297 461.1673
1591.529 461.7663
1593.438 462.3099
1595.303 462.8333
1597.222 463.3073
1599.014 463.7166
1600.874 464.0663
1602.556 464.3582
1604.044 464.5745
1605.65 464.7684
1607.097 464.8812
1608.114 464.8854
1609.395 464.8123
1610.601 464.7078
1611.77 464.5544
1612.982 464.4299
1614.127 464.306
1615.127 464.16
1616.219 463.9482
1617.188 463.7023
1618.09 463.4494
1619.101 463.1997
1619.861 463.0033
1620.607 462.8636
1621.4 462.7455
1622.948 462.6893
1623.585 462.736
1624.414 462.8123
1625.422 462.9302
1626.456 463.1172
1627.481 463.3877
1628.458 463.7261
1629.521 464.1299
1630.579 464.5765
1631.635 465.0379
1632.695 465.5534
1634.16 466.2637
1635.345 466.8276
1636.746 467.4565
1638.15 468.0768
1639.479 468.6208
1640.905 469.2077
1642.153 469.7324
1643.37 470.2209
1644.666 470.7488
1645.816 471.2218
1646.814 471.6209
1647.833 472.0504
1648.643 472.3875
1649.245 472.6545
1649.706 472.9238
1650.044 473.1781
1650.292 473.381
1650.523 473.5944
1650.557 473.7427
1650.429 473.8638
1650.152 474.0034
1649.893 474.2166
1649.727 474.5091
1649.574 474.9443
1649.446 475.4471
1649.298 475.9691
1649.142 476.6717
1649.11 477.4333
1649.189 478.1571
1649.328 479.0549
1649.35 479.8104
1649.226 480.9964
1649.183 482.6548
1649.357 484.4679
1649.794 486.2419
1650.226 488.0559
1650.431 489.7
1650.369 491.2217
1649.864 492.6302
1648.905 493.4053
1647.385 494.2882
1647.42 494.8267
1648.33 495.5071
1649.742 496.3352
1650.964 497.0955
1651.977 497.4435
1653.134 497.4589
1654.879 497.1002
1656.543 496.6411
1658.003 496.0966
1659.237 495.4521
1660.3 494.6783
1661.385 493.7792
1662.37 492.8917
1663.139 491.9069
1663.54 491.037
1663.811 490.4748
1664.097 490.0201
1664.224 489.6438
1664.172 488.9089
1663.72 488.0555
1662.658 487.341
1660.432 486.9326
1657.257 486.5126
1654.156 486.1032
1650.326 485.7056
1646.77 485.4231
1643.431 485.2232
1639.284 484.6912
1635.728 483.9808
1632.394 483.1577
1628.764 482.182
1625.635 481.2356
1623.528 480.3956
1622.209 479.6012
1620.897 479.1426
1618.753 478.6092
1614.996 478.3281
1605.644 478.6087
1601.753 479.0016
1595.327 479.6055
1587.288 480.3127
1578.476 481.3236
1570.078 482.6337
1562.089 484.2364
1555.738 486.9982
1548.84 489.2901
1541.467 491.4004
1532.54 493.4663
1522.191 495.3179
1508.996 497.4612
1497.17 499.1785
1486.603 500.8007
1477.604 502.2652
1468.851 503.7917
1461.038 504.9221
1453.279 505.7067
1444.211 506.1908
1435.515 506.4209
1427.453 506.3602
1418.529 506.0768
1410.679 505.45
1404.159 504.445
1397.643 502.6903
1392.638 501.0016
1388.464 499.0459
1383.756 496.7233
1379.39 494.2496
1375.097 491.5316
1370.099 488.1515
1366.008 485.0708
1363.346 482.2007
1361.724 478.9367
1360.859 475.8281
1359.926 472.6979
1358.28 468.632
1356.48 464.6312
1354.888 460.9844
1349.974 456.2562
1347.755 452.9093
1346.608 449.8506
1347.183 446.3454
1348.496 442.9241
1349.689 439.5391
1350.081 435.6385
1349.28 431.6914
1348.628 427.9692
1349.634 424.3407
1352.932 421.501
1357.614 419.1624
1363.268 416.7152
1367.416 414.7119
1368.947 413.5983
1368.566 413.5793
1367.789 415.2679
1367.97 418.3027
1369.286 422.5283
1371.37 426.9911
1373.827 431.471
1376.543 436.7141
1378.13 441.6292
1378.488 445.36
1378.322 450.6403
1378.359 455.7778
1379.142 460.8063
1380.364 465.1642
1381.457 468.9837
1381.827 471.7339
1382.288 474.1333
1382.983 475.9097
1383.852 477.2425
1384.999 478.4031
1386.323 479.2905
1387.82 480.1618
1389.775 481.3486
1390.906 482.4124
1390.944 483.0588
1389.718 483.9114
1387.369 484.8251
1384.276 485.926
1381.016 487.4492
1378.154 489.2901
1376.335 491.3534
1376.557 492.1048
1378.324 490.1299
1378.219 487.9114
1375.813 484.8741
1367.362 482.5069
1363.521 481.7412
1359.561 480.8123
1358.674 480.8836
1359.839 481.6402
1361.622 482.1704
1362.724 482.0066
1363.488 481.3035
1364.088 480.1121
1364.25 478.98
1363.997 477.4727
1363.106 476.0483
1362.224 475.772
1360.473 475.416
1359.138 475.1074
1358.254 475.0077
1356.847 474.9007
1355.462 474.7658
1353.802 474.6458
1352.175 474.5379
1351.512 474.4015
1351.276 474.4113
1350.953 474.5734
1350.696 474.6857
1350.795 474.7018
1351.035 474.7619
1351.265 474.8275
1351.376 474.8608
1351.376 474.866
1351.245 474.869
1350.996 474.8542
1350.842 474.8716
1350.771 474.9158
1350.75 474.9369
1350.727 474.9779
1350.735 474.9733
1350.71 474.9878
1350.61 475.036
1350.536 475.0576
1350.488 475.0617
1350.451 475.0747
1350.396 475.1016
1350.332 475.1282
1350.295 475.1514
1350.263 475.1631
1350.151 475.2296
1350.105 475.2527
1350.073 475.2716
1350.026 475.3089
1350.001 475.3361
1349.964 475.3727
1349.923 475.4063
1349.883 475.4393
1349.872 475.4587
1349.844 475.4782
1349.807 475.4989
1349.793 475.506
1349.766 475.5081
1349.707 475.5267
1349.682 475.5436
1349.677 475.5485
1349.641 475.5817
1349.646 475.6019
1349.638 475.6258
1349.63 475.6327
1349.641 475.6265
1349.617 475.6317
1349.606 475.6244
1349.575 475.6353
1349.569 475.6414
1349.543 475.6575
