1920 480
1920 480
1048.76 480.551
1048.75 480.5596
1048.691 480.5686
1048.679 480.6037
1048.719 480.5939
1048.823 480.6006
1048.768 480.5748
1048.802 480.5929
1048.807 480.5839
1048.809 480.5624
1048.858 480.5514
1048.815 480.5506
1048.781 480.5833
1048.869 480.5453
1048.862 480.5628
1048.88 480.5734
1048.893 480.5487
1048.832 480.5461
1048.728 480.5961
1048.819 480.5848
1048.834 480.5748
1048.829 480.575
1048.867 480.5863
1048.874 480.6021
1048.824 480.6015
1048.814 480.6154
1048.83 480.6147
1048.854 480.6183
1048.881 480.6327
1048.92 480.6111
1048.894 480.6334
1048.949 480.6109
1048.971 480.6322
1048.933 480.6218
1048.959 480.6027
1048.912 480.6539
1049.003 480.6281
1048.996 480.5977
1048.999 480.6199
1049.077 480.594
1049.077 480.608
1049.073 480.6036
1049.08 480.5899
1049.078 480.591
1049.089 480.5891
1049.099 480.5854
1049.104 480.5944
1049.09 480.599
1049.08 480.5978
1049.095 480.6005
1049.119 480.5981
1049.125 480.5965
1049.136 480.5912
1049.134 480.5916
1049.141 480.5851
1049.12 480.5843
1049.13 480.5847
1049.127 480.5832
1049.127 480.5799
1049.105 480.5781
1049.093 480.5825
1049.084 480.5807
1049.069 480.5855
1049.068 480.5842
1049.048 480.5825
1049.059 480.5807
1049.05 480.5896
1049.046 480.6006
1049.016 480.6053
1049 480.607
1048.976 480.615
1048.96 480.6223
1048.96 480.6253
1048.968 480.6236
1048.953 480.619
1048.964 480.6129
1048.944 480.6175
1048.935 480.6183
1048.909 480.6143
1048.899 480.6097
1048.875 480.6063
1048.869 480.6089
1048.857 480.6014
1048.838 480.5999
1048.806 480.5958
1048.778 480.6017
1048.728 480.6108
1048.713 480.6159
1048.664 480.619
1048.608 480.6248
1048.556 480.6294
1048.539 480.6339
1048.53 480.6366
1048.539 480.6328
1048.514 480.6357
1048.491 480.6366
1048.483 480.6411
1048.493 480.6479
1048.515 480.6474
1048.527 480.6437
1048.511 480.6447
1048.503 480.6444
1048.482 480.654
1048.506 480.6396
1048.504 480.6464
1048.521 480.6386
1048.528 480.6293
1048.49 480.6241
1048.464 480.6292
1048.431 480.6334
1048.419 480.6235
1048.451 480.6145
1048.42 480.6103
1048.419 480.6132
1048.418 480.6065
1048.415 480.5953
1048.424 480.5819
1048.443 480.5842
1048.426 480.5803
1048.421 480.5844
1048.415 480.5832
1048.413 480.5848
1048.422 480.5866
1048.447 480.5849
1048.451 480.5872
1048.443 480.5884
1048.447 480.5854
1048.46 480.5884
1048.485 480.5941
1048.521 480.5888
1048.529 480.5853
1048.526 480.5848
1048.54 480.5791
1048.531 480.5706
1048.532 480.5763
1048.545 480.5676
1048.536 480.5635
1048.547 480.5598
1048.557 480.5656
1048.543 480.5651
1048.53 480.5679
1048.554 480.5652
1048.556 480.5601
1048.559 480.5557
1048.562 480.553
1048.573 480.5564
1048.585 480.5537
1048.572 480.5526
1048.575 480.5463
1048.566 480.5397
1048.556 480.5392
1048.557 480.5398
1048.555 480.5392
1048.547 480.546
1048.545 480.5479
1048.57 480.5347
1048.557 480.5379
1048.557 480.5323
1048.563 480.5287
1048.569 480.5217
1048.587 480.5273
1048.603 480.5226
1048.617 480.5218
1048.628 480.5185
1048.652 480.5175
1048.656 480.5205
1048.672 480.5203
1048.694 480.5146
1048.715 480.5128
1048.709 480.518
1048.716 480.5143
1048.721 480.5145
1048.7 480.517
1048.664 480.5143
1048.645 480.5253
1048.643 480.5359
1048.64 480.5414
1048.613 480.54
1048.608 480.541
1048.604 480.5436
1048.595 480.5416
1048.609 480.5333
1048.622 480.539
1048.623 480.5414
1048.629 480.5427
1048.636 480.5389
1048.645 480.5449
1048.657 480.5468
1048.677 480.5451
1048.677 480.5548
1048.694 480.5627
1048.701 480.5591
1048.711 480.5508
1048.711 480.5578
1048.73 480.5664
1048.745 480.5747
1048.772 480.5895
1048.769 480.5905
1048.775 480.5807
1048.781 480.5902
1048.825 480.6065
1048.81 480.6038
1048.821 480.6065
1048.857 480.6201
1048.854 480.6164
1048.856 480.6091
1048.888 480.6133
1048.914 480.6104
1048.924 480.6001
1048.945 480.5904
1048.951 480.5937
1048.975 480.5844
1049.005 480.584
1049.035 480.5807
1049.063 480.5819
1049.069 480.5814
1049.092 480.5803
1049.089 480.5874
1049.09 480.5945
1049.106 480.5824
1049.123 480.5863
1049.145 480.5869
1049.144 480.5818
1049.141 480.5744
1049.157 480.5867
1049.151 480.5943
1049.151 480.5906
1049.167 480.5967
1049.203 480.5992
1049.206 480.5895
1049.229 480.593
1049.243 480.5946
1049.231 480.6037
1049.237 480.5983
1049.251 480.605
1049.258 480.6193
1049.259 480.615
1049.247 480.6211
1049.251 480.6335
1049.278 480.635
1049.265 480.6393
1049.27 480.6424
1049.262 480.6418
1049.257 480.6496
1049.268 480.6537
1049.272 480.65
1049.279 480.4544
1049.291 480.2535
1049.323 480.257
1049.319 480.3881
1049.317 480.3809
1049.292 480.3163
1049.271 480.3303
1049.315 480.4027
1049.342 480.5008
1049.311 480.4761
1049.292 480.5374
1049.324 481.0472
1049.572 481.4103
1049.517 481.0822
1049.598 480.7034
1049.642 481.1226
1049.932 481.3822
1050.467 481.0835
1051.228 480.881
1052.056 480.9178
1053.236 481.0832
1054.938 481.3346
1056.275 481.5355
1057.221 481.695
1057.43 481.8141
1057.312 481.9022
1057.34 481.8957
1057.383 481.9248
1057.405 482.0563
1057.718 482.383
1058.945 482.8727
1061.005 483.393
1063.333 484.2478
1064.837 485.083
1066.101 485.8373
1067.562 486.3394
1069.078 486.5853
1070.716 486.6032
1072.867 486.4962
1075.484 486.4003
1078.494 486.3582
1082.255 486.353
1086.351 486.3463
1090.845 486.4818
1096.545 486.86
1102.443 487.3571
1108.276 487.9283
1115.308 488.6876
1121.786 489.6744
1127.71 490.4514
1135.176 491.3799
1143.045 492.1447
1920 480
1920 480
1048.76 480.551
1048.75 480.5596
1048.691 480.5686
1048.679 480.6037
1048.719 480.5939
1048.823 480.6006
1048.768 480.5748
1048.802 480.5929
1048.807 480.5839
1048.809 480.5624
1048.858 480.5514
1048.815 480.5506
1048.781 480.5833
1048.869 480.5453
1048.862 480.5628
1048.88 480.5734
1048.893 480.5487
1048.832 480.5461
1048.728 480.5961
1048.819 480.5848
1048.834 480.5748
1048.829 480.575
1048.867 480.5863
1048.874 480.6021
1048.824 480.6015
1048.814 480.6154
1048.83 480.6147
1048.854 480.6183
1048.881 480.6327
1048.92 480.6111
1048.894 480.6334
1048.949 480.6109
1048.971 480.6322
1048.933 480.6218
1048.959 480.6027
1048.912 480.6539
1049.003 480.6281
1048.996 480.5977
1048.999 480.6199
1049.077 480.594
1049.077 480.608
1049.073 480.6036
1049.08 480.5899
1049.078 480.591
1049.089 480.5891
1049.099 480.5854
1049.104 480.5944
1049.09 480.599
1049.08 480.5978
1049.095 480.6005
1049.119 480.5981
1049.125 480.5965
1049.136 480.5912
1049.134 480.5916
1049.141 480.5851
1049.12 480.5843
1049.13 480.5847
1049.127 480.5832
1049.127 480.5799
1049.105 480.5781
1049.093 480.5825
1049.084 480.5807
1049.069 480.5855
1049.068 480.5842
1049.048 480.5825
1049.059 480.5807
1049.05 480.5896
1049.046 480.6006
1049.016 480.6053
1049 480.607
1048.976 480.615
1048.96 480.6223
1048.96 480.6253
1048.968 480.6236
1048.953 480.619
1048.964 480.6129
1048.944 480.6175
1048.935 480.6183
1048.909 480.6143
1048.899 480.6097
1048.875 480.6063
1048.869 480.6089
1048.857 480.6014
1048.838 480.5999
1048.806 480.5958
1048.778 480.6017
1048.728 480.6108
1048.713 480.6159
1048.664 480.619
1048.608 480.6248
1048.556 480.6294
1048.539 480.6339
1048.53 480.6366
1048.539 480.6328
1048.514 480.6357
1048.491 480.6366
1048.483 480.6411
1048.493 480.6479
1048.515 480.6474
1048.527 480.6437
1048.511 480.6447
1048.503 480.6444
1048.482 480.654
1048.506 480.6396
1048.504 480.6464
1048.521 480.6386
1048.528 480.6293
1048.49 480.6241
1048.464 480.6292
1048.431 480.6334
1048.419 480.6235
1048.451 480.6145
1048.42 480.6103
1048.419 480.6132
1048.418 480.6065
1048.415 480.5953
1048.424 480.5819
1048.443 480.5842
1048.426 480.5803
1048.421 480.5844
1048.415 480.5832
1048.413 480.5848
1048.422 480.5866
1048.447 480.5849
1048.451 480.5872
1048.443 480.5884
1048.447 480.5854
1048.46 480.5884
1048.485 480.5941
1048.521 480.5888
1048.529 480.5853
1048.526 480.5848
1048.54 480.5791
1048.531 480.5706
1048.532 480.5763
1048.545 480.5676
1048.536 480.5635
1048.547 480.5598
1048.557 480.5656
1048.543 480.5651
1048.53 480.5679
1048.554 480.5652
1048.556 480.5601
1048.559 480.5557
1048.562 480.553
1048.573 480.5564
1048.585 480.5537
1048.572 480.5526
1048.575 480.5463
1048.566 480.5397
1048.556 480.5392
1048.557 480.5398
1048.555 480.5392
1048.547 480.546
1048.545 480.5479
1048.57 480.5347
1048.557 480.5379
1048.557 480.5323
1048.563 480.5287
1048.569 480.5217
1048.587 480.5273
1048.603 480.5226
1048.617 480.5218
1048.628 480.5185
1048.652 480.5175
1048.656 480.5205
1048.672 480.5203
1048.694 480.5146
1048.715 480.5128
1048.709 480.518
1048.716 480.5143
1048.721 480.5145
1048.7 480.517
1048.664 480.5143
1048.645 480.5253
1048.643 480.5359
1048.64 480.5414
1048.613 480.54
1048.608 480.541
1048.604 480.5436
1048.595 480.5416
1048.609 480.5333
1048.622 480.539
1048.623 480.5414
1048.629 480.5427
1048.636 480.5389
1048.645 480.5449
1048.657 480.5468
1048.677 480.5451
1048.677 480.5548
1048.694 480.5627
1048.701 480.5591
1048.711 480.5508
1048.711 480.5578
1048.73 480.5664
1048.745 480.5747
1048.772 480.5895
1048.769 480.5905
1048.775 480.5807
1048.781 480.5902
1048.825 480.6065
1048.81 480.6038
1048.821 480.6065
1048.857 480.6201
1048.854 480.6164
1048.856 480.6091
1048.888 480.6133
1048.914 480.6104
1048.924 480.6001
1048.945 480.5904
1048.951 480.5937
1048.975 480.5844
1049.005 480.584
1049.035 480.5807
1049.063 480.5819
1049.069 480.5814
1049.092 480.5803
1049.089 480.5874
1049.09 480.5945
1049.106 480.5824
1049.123 480.5863
1049.145 480.5869
1049.144 480.5818
1049.141 480.5744
1049.157 480.5867
1049.151 480.5943
1049.151 480.5906
1049.167 480.5967
1049.203 480.5992
1049.206 480.5895
1049.229 480.593
1049.243 480.5946
1049.231 480.6037
1049.237 480.5983
1049.251 480.605
1049.258 480.6193
1049.259 480.615
1049.247 480.6211
1049.251 480.6335
1049.278 480.635
1049.265 480.6393
1049.27 480.6424
1049.262 480.6418
1049.257 480.6496
1049.268 480.6537
1049.272 480.65
1049.279 480.4544
1049.291 480.2535
1049.323 480.257
1049.319 480.3881
1049.317 480.3809
1049.292 480.3163
1049.271 480.3303
1049.315 480.4027
1049.342 480.5008
1049.311 480.4761
1049.292 480.5374
1049.324 481.0472
1049.572 481.4103
1049.517 481.0822
1049.598 480.7034
1049.642 481.1226
1049.932 481.3822
1050.467 481.0835
1051.228 480.881
1052.056 480.9178
1053.236 481.0832
1054.938 481.3346
1056.275 481.5355
1057.221 481.695
1057.43 481.8141
1057.312 481.9022
1057.34 481.8957
1057.383 481.9248
1057.405 482.0563
1057.718 482.383
1058.945 482.8727
1061.005 483.393
1063.333 484.2478
1064.837 485.083
1066.101 485.8373
1067.562 486.3394
1069.078 486.5853
1070.716 486.6032
1072.867 486.4962
1075.484 486.4003
1078.494 486.3582
1082.255 486.353
1086.351 486.3463
1090.845 486.4818
1096.545 486.86
1102.443 487.3571
1108.276 487.9283
1115.308 488.6876
1121.786 489.6744
1127.71 490.4514
1135.176 491.3799
1143.045 492.1447
1150.935 492.3805
1159.588 492.1703
1167.544 491.914
1174.822 491.9373
1182.726 492.2958
1189.372 492.7631
1195.716 493.1327
1202.777 493.3574
1208.704 493.4358
1213.589 493.3979
1218.306 493.2173
1222.092 493.0023
1225.398 492.7785
1228.809 492.4357
1231.541 492.0294
1233.733 491.485
1235.417 490.6146
1236.241 489.4462
1236.593 488.0156
1237.119 485.9059
1237.977 483.5069
1239.569 480.1444
1241.974 475.8493
1244.47 471.0815
1246.841 466.2787
1249.686 460.0396
1252.274 453.1579
1254.292 446.117
1256.004 438.0466
1257.023 430.944
1257.83 424.4639
1259.085 417.981
1261.011 411.9696
1263.52 406.2428
1266.822 399.8682
1269.923 394.3132
1272.798 389.1196
1275.448 384.2013
1278.013 379.6742
1280.746 375.4695
1284.118 371.1126
1287.912 367.1221
1292.3 363.5414
1298.101 359.868
1304.32 356.7127
1310.094 354.1774
1316.758 351.658
1322.933 349.4818
1328.823 347.3906
1334.448 345.3984
1339.684 343.5619
1344.616 342.0661
1350.88 340.8812
1357.782 339.9126
1364.607 339.13
1372.44 338.3555
1380.238 337.7311
1388.68 337.2729
1399.728 337.0143
1411.366 337.0181
1422.607 337.2453
1435.206 337.7098
1446.74 338.2697
1457.83 338.7711
1470.566 339.1422
1482.388 339.3429
1493.494 339.4753
1506.107 339.7653
1518.299 340.2806
1530.166 341.0176
1543.381 341.7682
1555.619 342.0913
1567.289 341.8449
1580.94 340.9157
1593.458 339.7606
1605.407 338.5794
1618.743 337.3499
1630.492 336.2625
1641.504 335.0459
1653.019 333.3499
1663.568 331.5142
1674.063 329.5731
1686.173 327.1938
1697.551 324.6597
1708.166 321.923
1720.491 318.4919
1732.978 315.2061
1745.702 312.2218
1760.176 309.1194
1773.763 306.3718
1785.562 304.272
1797.982 302.5402
1809.696 301.2365
1821.105 300.0919
1832.666 298.903
1842.393 297.6873
1850.032 296.4147
1857.974 294.6798
1865.428 292.9321
1871.007 290.8283
1877.327 288.4904
1883.142 285.9603
1887.939 283.6211
1893.804 280.6131
1900.019 277.4412
1906.116 274.5
1913.952 270.8719
1921.529 267.4656
1928.411 264.3265
1936.078 260.8242
1942.679 257.7555
1949.266 254.6416
1956.126 251.2402
1962.554 247.9198
1967.951 245.0941
1974.325 241.8429
1979.724 239.0487
1984.707 236.5408
1990 233.8382
1994.362 231.7132
1998.183 229.8317
2001.794 228.0527
2004.509 226.6382
2006.518 225.5511
2007.874 224.652
2008.327 224.0903
2007.879 223.8083
2006.896 223.7301
2005.424 223.8021
2003.857 223.971
2001.613 224.2664
1999.184 224.6463
1996.572 225.0404
1993.479 225.5137
1990.338 225.9048
1987.261 226.2168
1983.881 226.4841
1980.742 226.7466
1977.776 227.0342
1974.383 227.4705
1971.422 227.9326
1968.713 228.4377
1965.876 229.0619
1963.12 229.7746
1961.477 230.2015
1960.015 230.9097
1959.522 231.7952
1959.432 232.5654
1959.19 233.3514
1958.668 234.0217
1958.234 234.5737
1958.435 235.3325
1959.086 236.0646
1959.641 236.6208
1959.841 237.0835
1959.908 237.2598
1959.95 237.3587
1959.692 237.4541
1959.042 237.508
1958.354 237.466
1957.782 237.3423
1957.478 237.1795
1957.207 236.9582
1957.106 236.6517
1957.314 236.193
1957.795 235.562
1958.884 234.6201
1960.552 233.6038
1962.502 232.5827
1964.802 231.4699
1967.073 230.4943
1969.349 229.6659
1972.096 228.8219
1974.578 228.1169
1976.705 227.541
1978.844 226.8783
1980.339 226.2004
1981.008 225.4997
1981.213 224.6107
1981.563 223.5925
1982.622 222.5558
1984.966 221.3616
1988.166 220.2397
1991.832 219.2528
1995.85 218.2987
1998.903 217.4655
2001.31 216.6408
2003.63 215.6826
2005.409 214.9386
2007.096 214.366
2008.746 213.8343
2009.706 213.4302
2010.264 213.1051
2010.79 212.6865
2011.461 212.2402
2012.528 211.7658
2014.28 211.2012
2015.918 210.772
2017.361 210.4629
2018.729 210.2487
2019.931 210.1361
2020.543 210.0444
2020.632 209.9232
2020.455 209.8246
2020.059 209.7788
2019.254 209.7782
2018.233 209.8246
2017.242 209.8711
2016.252 209.9313
2015.442 209.9704
2014.65 210.0015
2013.896 210.0303
2013.294 210.0317
2012.864 209.9995
2012.524 209.9925
2012.739 209.9984
2013.122 210.022
2013.872 210.0319
2014.749 209.985
2015.901 209.8989
2017.165 209.8516
2018.54 209.8128
2019.787 209.7721
2021.921 209.7324
2022.264 209.7039
2022.446 209.7282
2022.332 209.7651
2022.023 209.7852
2021.409 209.8597
2020.525 209.9181
2019.193 210.0728
2017.558 210.297
2015.882 210.4834
2014.295 210.6387
2012.751 210.7646
2010.808 210.957
2009.402 211.1657
2008.239 211.362
2007.081 211.6517
2005.897 212.0371
2004.276 212.519
2002.148 213.2908
1999.9 214.2122
1997.207 215.5169
1993.849 217.2764
1990.436 219.2101
1986.623 221.4788
1978.713 226.8812
1975.902 229.1086
1971.692 232.5145
1966.591 236.5957
1960.893 241.0845
1954.713 245.7253
1947.608 250.7108
1940.432 255.7902
1933.089 261.1689
1925.462 266.7227
1917.675 272.1089
1909.821 277.2814
1892.891 288.3522
1887.266 292.1169
1879.268 297.5596
1870.984 303.311
1862.448 309.2933
1853.6 315.4789
1837.476 327.5402
1825.693 337.7064
1818.429 344.7554
1815.468 348.1636
1813.419 351.2166
1811.84 354.147
1810.652 356.9246
1809.718 359.6743
1809.373 362.4212
1809.211 365.4238
1809.266 368.589
1809.153 372.0313
1809.333 375.5482
1809.986 382.251
1810.742 387.056
1812.304 390.7687
1813.423 392.3607
1814.75 393.6304
1815.969 394.64
1817.158 395.4863
1817.734 396.7606
1817.08 397.8167
1815.979 398.765
1814.559 399.7443
1813.254 400.5974
1812.076 401.2943
1811.017 401.822
1807.343 402.9849
1803.255 403.965
1800.105 405.1886
1798.292 405.8688
1796.555 406.332
1794.351 406.596
1791.761 406.2899
1791.165 405.6611
1150.935 492.3805
1159.588 492.1703
1167.544 491.914
1174.822 491.9373
1182.726 492.2958
1189.372 492.7631
1195.716 493.1327
1202.777 493.3574
1208.704 493.4358
1213.589 493.3979
1218.306 493.2173
1222.092 493.0023
1225.398 492.7785
1228.809 492.4357
1231.541 492.0294
1233.733 491.485
1235.417 490.6146
1236.241 489.4462
1236.593 488.0156
1237.119 485.9059
1237.977 483.5069
1239.569 480.1444
1241.974 475.8493
1244.47 471.0815
1246.841 466.2787
1249.686 460.0396
1252.274 453.1579
1254.292 446.117
1256.004 438.0466
1257.023 430.944
1257.83 424.4639
1259.085 417.981
1261.011 411.9696
1263.52 406.2428
1266.822 399.8682
1269.923 394.3132
1272.798 389.1196
1275.448 384.2013
1278.013 379.6742
1280.746 375.4695
1284.118 371.1126
1287.912 367.1221
1292.3 363.5414
1298.101 359.868
1304.32 356.7127
1310.094 354.1774
1316.758 351.658
1322.933 349.4818
1328.823 347.3906
1334.448 345.3984
1339.684 343.5619
1344.616 342.0661
1350.88 340.8812
1357.782 339.9126
1364.607 339.13
1372.44 338.3555
1380.238 337.7311
1388.68 337.2729
1399.728 337.0143
1411.366 337.0181
1422.607 337.2453
1435.206 337.7098
1446.74 338.2697
1457.83 338.7711
1470.566 339.1422
1482.388 339.3429
1493.494 339.4753
1506.107 339.7653
1518.299 340.2806
1530.166 341.0176
1543.381 341.7682
1555.619 342.0913
1567.289 341.8449
1580.94 340.9157
1593.458 339.7606
1605.407 338.5794
1618.743 337.3499
1630.492 336.2625
1641.504 335.0459
1653.019 333.3499
1663.568 331.5142
1674.063 329.5731
1686.173 327.1938
1697.551 324.6597
1708.166 321.923
1720.491 318.4919
1732.978 315.2061
1745.702 312.2218
1760.176 309.1194
1773.763 306.3718
1785.562 304.272
1797.982 302.5402
1809.696 301.2365
1821.105 300.0919
1832.666 298.903
1842.393 297.6873
1850.032 296.4147
1857.974 294.6798
1865.428 292.9321
1871.007 290.8283
1877.327 288.4904
1883.142 285.9603
1887.939 283.6211
1893.804 280.6131
1900.019 277.4412
1906.116 274.5
1913.952 270.8719
1921.529 267.4656
1928.411 264.3265
1936.078 260.8242
1942.679 257.7555
1949.266 254.6416
1956.126 251.2402
1962.554 247.9198
1967.951 245.0941
1974.325 241.8429
1979.724 239.0487
1984.707 236.5408
1990 233.8382
1994.362 231.7132
1998.183 229.8317
2001.794 228.0527
2004.509 226.6382
2006.518 225.5511
2007.874 224.652
2008.327 224.0903
2007.879 223.8083
2006.896 223.7301
2005.424 223.8021
2003.857 223.971
2001.613 224.2664
1999.184 224.6463
1996.572 225.0404
1993.479 225.5137
1990.338 225.9048
1987.261 226.2168
1983.881 226.4841
1980.742 226.7466
1977.776 227.0342
1974.383 227.4705
1971.422 227.9326
1968.713 228.4377
1965.876 229.0619
1963.12 229.7746
1961.477 230.2015
1960.015 230.9097
1959.522 231.7952
1959.432 232.5654
1959.19 233.3514
1958.668 234.0217
1958.234 234.5737
1958.435 235.3325
1959.086 236.0646
1959.641 236.6208
1959.841 237.0835
1959.908 237.2598
1959.95 237.3587
1959.692 237.4541
1959.042 237.508
1958.354 237.466
1957.782 237.3423
1957.478 237.1795
1957.207 236.9582
1957.106 236.6517
1957.314 236.193
1957.795 235.562
1958.884 234.6201
1960.552 233.6038
1962.502 232.5827
1964.802 231.4699
1967.073 230.4943
1969.349 229.6659
1972.096 228.8219
1974.578 228.1169
1976.705 227.541
1978.844 226.8783
1980.339 226.2004
1981.008 225.4997
1981.213 224.6107
1981.563 223.5925
1982.622 222.5558
1984.966 221.3616
1988.166 220.2397
1991.832 219.2528
1995.85 218.2987
1998.903 217.4655
2001.31 216.6408
2003.63 215.6826
2005.409 214.9386
2007.096 214.366
2008.746 213.8343
2009.706 213.4302
2010.264 213.1051
2010.79 212.6865
2011.461 212.2402
2012.528 211.7658
2014.28 211.2012
2015.918 210.772
2017.361 210.4629
2018.729 210.2487
2019.931 210.1361
2020.543 210.0444
2020.632 209.9232
2020.455 209.8246
2020.059 209.7788
2019.254 209.7782
2018.233 209.8246
2017.242 209.8711
2016.252 209.9313
2015.442 209.9704
2014.65 210.0015
2013.896 210.0303
2013.294 210.0317
2012.864 209.9995
2012.524 209.9925
2012.739 209.9984
2013.122 210.022
2013.872 210.0319
2014.749 209.985
2015.901 209.8989
2017.165 209.8516
2018.54 209.8128
2019.787 209.7721
2021.921 209.7324
2022.264 209.7039
2022.446 209.7282
2022.332 209.7651
2022.023 209.7852
2021.409 209.8597
2020.525 209.9181
2019.193 210.0728
2017.558 210.297
2015.882 210.4834
2014.295 210.6387
2012.751 210.7646
2010.808 210.957
2009.402 211.1657
2008.239 211.362
2007.081 211.6517
2005.897 212.0371
2004.276 212.519
2002.148 213.2908
1999.9 214.2122
1997.207 215.5169
1993.849 217.2764
1990.436 219.2101
1986.623 221.4788
1978.713 226.8812
1975.902 229.1086
1971.692 232.5145
1966.591 236.5957
1960.893 241.0845
1954.713 245.7253
1947.608 250.7108
1940.432 255.7902
1933.089 261.1689
1925.462 266.7227
1917.675 272.1089
1909.821 277.2814
1892.891 288.3522
1887.266 292.1169
1879.268 297.5596
1870.984 303.311
1862.448 309.2933
1853.6 315.4789
1837.476 327.5402
1825.693 337.7064
1818.429 344.7554
1815.468 348.1636
1813.419 351.2166
1811.84 354.147
1810.652 356.9246
1809.718 359.6743
1809.373 362.4212
1809.211 365.4238
1809.266 368.589
1809.153 372.0313
1809.333 375.5482
1809.986 382.251
1810.742 387.056
1812.304 390.7687
1813.423 392.3607
1814.75 393.6304
1815.969 394.64
1817.158 395.4863
1817.734 396.7606
1817.08 397.8167
1815.979 398.765
1814.559 399.7443
1813.254 400.5974
1812.076 401.2943
1811.017 401.822
1807.343 402.9849
1803.255 403.965
1800.105 405.1886
1798.292 405.8688
1796.555 406.332
1794.351 406.596
1791.761 406.2899
1791.165 405.6611
1791.647 405.2998
1792.491 404.8455
1793.687 404.3771
1795.083 403.9951
1796.882 403.6475
1798.801 403.3358
1800.856 402.9676
1802.822 402.5977
1804.845 402.1712
1809.102 401.0327
1811.188 400.2109
1812.892 399.3392
1814.337 398.3839
1815.471 397.4938
1816.298 396.7005
1816.91 395.8962
1817.264 395.1523
1817.437 394.4901
1817.443 393.9979
1817.451 393.7049
1817.543 393.547
1817.812 393.4225
1818.19 393.3496
1818.466 393.6128
1818.693 393.8687
1818.869 394.1348
1818.907 394.5228
1818.562 395.3779
1818.438 395.6971
1818.389 396.1144
1818.51 396.4715
1818.763 396.7077
1819.038 396.8633
1819.299 396.9847
1819.604 397.0747
1819.921 397.1785
1820.263 397.2822
1820.543 397.3407
1820.608 397.3528
1820.87 397.263
1821.029 396.9035
1821.61 396.481
1822.315 396.0996
1822.659 395.9409
1822.886 395.8294
1822.999 395.6056
1823.301 394.5488
1823.921 393.4408
1824.638 392.4375
1825.498 391.4136
1826.459 390.3262
1827.387 389.3539
1828.369 388.3159
1829.116 387.4704
1831.073 384.9616
1833.211 381.917
1835.056 378.6857
1836 376.4979
1836.894 374.041
1837.877 370.8887
1838.774 367.3789
1839.504 363.5504
1839.86 359.5903
1839.807 355.6277
1839.341 351.8146
1838.298 347.7936
1836.808 343.6079
1833.228 333.1706
1829.914 322.5197
1825.47 313.8943
1822.474 308.9745
1819.409 303.8596
1816.731 298.6255
1814.356 293.5426
1811.325 287.3738
1808.557 282.514
1805.728 278.188
1803.029 274.0482
1800.612 270.2176
1798.573 267.008
1793.95 261.2549
1789.254 256.5791
1785.956 253.6104
1783.754 252.1986
1782.514 251.8179
1780.879 251.4351
1780.155 251.2425
1778.922 251.0508
1777.46 250.9637
1775.825 251.0781
1773.97 251.3097
1771.994 251.6457
1770.008 252.0124
1767.954 252.5005
1765.882 253.0964
1763.775 253.8566
1760.868 255.1909
1758.659 256.3664
1756.596 257.5187
1754.475 258.8112
1752.646 260.0664
1750.867 261.5278
1748.99 263.2342
1747.311 265.3206
1745.152 267.9798
1743.087 270.8483
1741.46 273.5156
1739.962 276.277
1738.633 279.0055
1737.475 281.4222
1736.244 284.0822
1734.909 287.0573
1733.62 290.0768
1732.129 293.5866
1730.714 297.0565
1729.348 300.6825
1728.042 304.5345
1727.044 308.3057
1726.105 312.2176
1724.891 317.0693
1723.621 321.8368
1722.593 326.627
1721.876 332.0571
1721.422 336.9847
1720.873 341.6427
1720.097 346.5695
1718.833 355.9731
1718.557 359.3057
1718.193 364.179
1717.814 369.5295
1717.637 374.2471
1717.437 379.1432
1717.187 384.3229
1716.981 388.9113
1716.911 393.7184
1716.922 398.8527
1716.986 403.3159
1716.738 408.2156
1716.142 414.2331
1715.72 418.2002
1715.39 422.373
1715.169 429.7225
1714.947 432.8363
1714.618 436.5617
1714.244 440.3486
1714.122 444.0573
1714.219 447.7635
1714.452 451.2005
1714.707 454.8009
1715.093 458.514
1715.591 462.0277
1716.238 465.6991
1716.896 469.5083
1717.707 474.1001
1718.196 477.4907
1718.763 480.5125
1719.39 483.6733
1720.122 486.7245
1720.609 489.4712
1720.917 492.1493
1720.998 494.6982
1721.033 496.9587
1721.099 499.2621
1720.999 501.6616
1720.723 503.787
1720.206 505.9333
1719.038 509.3879
1718.574 510.4291
1717.746 511.954
1716.785 513.4828
1715.859 514.8283
1714.977 515.9267
1714.169 516.7863
1713.329 517.4482
1712.42 517.8657
1711.417 518.1168
1710.461 518.2339
1709.684 518.2258
1708.904 517.9346
1707.734 517.1021
1706.789 515.7481
1706.333 514.3394
1706.15 513.6011
1706.124 512.8892
1706.149 512.2032
1706.281 511.4819
1706.483 510.7658
1706.754 509.9485
1707.025 509.2862
1707.351 508.637
1707.71 508.0455
1708.138 507.4272
1708.956 506.2821
1709.609 505.4938
1710.04 505.0405
1709.791 504.5781
1709.536 504.3763
1709.339 504.1357
1708.997 503.7343
1708.621 503.295
1708.038 502.7888
1707.268 502.2701
1706.367 501.7161
1705.282 501.0358
1704.02 500.299
1702.377 499.4373
1700.538 498.5809
1698.311 497.5226
1696.171 496.528
1693.46 495.2983
1690.559 494.032
1687.532 492.7666
1684.183 491.3962
1680.49 489.8887
1676.618 488.4011
1672.459 486.9047
1667.905 485.4059
1646.617 479.0532
1639.779 477.2975
1633.425 475.7741
1626.879 474.3377
1618.182 472.6102
1610.967 471.3758
1603.807 470.3552
1594.117 469.2889
1586.607 468.687
1579.097 468.3244
1570.165 468.0866
1562.576 468.0962
1555.187 468.2394
1545.333 468.8089
1538.311 469.5062
1529.924 470.6076
1523.452 471.7573
1517.245 473.0449
1510.118 474.6698
1504.431 476.312
1498.849 477.9526
1492.501 479.8809
1487.217 481.5792
1482.227 483.2878
1476.655 485.2483
1471.7 486.9179
1467.155 488.339
1461.002 490.1104
1456.237 491.4557
1450.402 493.0945
1445.956 494.2939
1441.443 495.5099
1435.153 497.181
1430.648 498.2579
1426.19 499.1177
1420.982 499.9203
1416.373 500.4476
1412.207 500.7961
1408.339 500.9817
1404.855 500.9727
1401.392 500.9025
1397.129 500.5355
1393.816 500.1918
1389.665 499.5413
1386.761 499.0232
1383.845 498.4577
1379.978 497.6533
1376.984 497.0622
1374.131 496.4778
1370.658 495.8568
1368.094 495.3751
1365.446 494.8618
1363.641 494.4769
1362.111 494.1342
1360.228 493.6876
1358.946 493.3486
1357.971 493.0349
1357.053 492.6117
1356.369 492.2375
1355.727 491.8745
1355.092 491.4785
1354.576 491.1537
1354.145 490.9046
1353.63 490.6123
1353.093 490.3611
1352.271 490.0304
1351.53 489.7829
1350.66 489.5322
1349.491 489.2195
1348.46 488.9953
1347.491 488.7925
1346.228 488.5351
1345.139 488.3041
1343.657 487.9742
1342.552 487.7102
1341.582 487.5019
1340.576 487.2917
1339.749 487.1075
1338.902 486.9353
1338.029 486.7271
1337.439 486.5779
1336.956 486.4458
1336.485 486.3337
1791.647 405.2998
1792.491 404.8455
1793.687 404.3771
1795.083 403.9951
1796.882 403.6475
1798.801 403.3358
1800.856 402.9676
1802.822 402.5977
1804.845 402.1712
1809.102 401.0327
1811.188 400.2109
1812.892 399.3392
1814.337 398.3839
1815.471 397.4938
1816.298 396.7005
1816.91 395.8962
1817.264 395.1523
1817.437 394.4901
1817.443 393.9979
1817.451 393.7049
1817.543 393.547
1817.812 393.4225
1818.19 393.3496
1818.466 393.6128
1818.693 393.8687
1818.869 394.1348
1818.907 394.5228
1818.562 395.3779
1818.438 395.6971
1818.389 396.1144
1818.51 396.4715
1818.763 396.7077
1819.038 396.8633
1819.299 396.9847
1819.604 397.0747
1819.921 397.1785
1820.263 397.2822
1820.543 397.3407
1820.608 397.3528
1820.87 397.263
1821.029 396.9035
1821.61 396.481
1822.315 396.0996
1822.659 395.9409
1822.886 395.8294
1822.999 395.6056
1823.301 394.5488
1823.921 393.4408
1824.638 392.4375
1825.498 391.4136
1826.459 390.3262
1827.387 389.3539
1828.369 388.3159
1829.116 387.4704
1831.073 384.9616
1833.211 381.917
1835.056 378.6857
1836 376.4979
1836.894 374.041
1837.877 370.8887
1838.774 367.3789
1839.504 363.5504
1839.86 359.5903
1839.807 355.6277
1839.341 351.8146
1838.298 347.7936
1836.808 343.6079
1833.228 333.1706
1829.914 322.5197
1825.47 313.8943
1822.474 308.9745
1819.409 303.8596
1816.731 298.6255
1814.356 293.5426
1811.325 287.3738
1808.557 282.514
1805.728 278.188
1803.029 274.0482
1800.612 270.2176
1798.573 267.008
1793.95 261.2549
1789.254 256.5791
1785.956 253.6104
1783.754 252.1986
1782.514 251.8179
1780.879 251.4351
1780.155 251.2425
1778.922 251.0508
1777.46 250.9637
1775.825 251.0781
1773.97 251.3097
1771.994 251.6457
1770.008 252.0124
1767.954 252.5005
1765.882 253.0964
1763.775 253.8566
1760.868 255.1909
1758.659 256.3664
1756.596 257.5187
1754.475 258.8112
1752.646 260.0664
1750.867 261.5278
1748.99 263.2342
1747.311 265.3206
1745.152 267.9798
1743.087 270.8483
1741.46 273.5156
1739.962 276.277
1738.633 279.0055
1737.475 281.4222
1736.244 284.0822
1734.909 287.0573
1733.62 290.0768
1732.129 293.5866
1730.714 297.0565
1729.348 300.6825
1728.042 304.5345
1727.044 308.3057
1726.105 312.2176
1724.891 317.0693
1723.621 321.8368
1722.593 326.627
1721.876 332.0571
1721.422 336.9847
1720.873 341.6427
1720.097 346.5695
1718.833 355.9731
1718.557 359.3057
1718.193 364.179
1717.814 369.5295
1717.637 374.2471
1717.437 379.1432
1717.187 384.3229
1716.981 388.9113
1716.911 393.7184
1716.922 398.8527
1716.986 403.3159
1716.738 408.2156
1716.142 414.2331
1715.72 418.2002
1715.39 422.373
1715.169 429.7225
1714.947 432.8363
1714.618 436.5617
1714.244 440.3486
1714.122 444.0573
1714.219 447.7635
1714.452 451.2005
1714.707 454.8009
1715.093 458.514
1715.591 462.0277
1716.238 465.6991
1716.896 469.5083
1717.707 474.1001
1718.196 477.4907
1718.763 480.5125
1719.39 483.6733
1720.122 486.7245
1720.609 489.4712
1720.917 492.1493
1720.998 494.6982
1721.033 496.9587
1721.099 499.2621
1720.999 501.6616
1720.723 503.787
1720.206 505.9333
1719.038 509.3879
1718.574 510.4291
1717.746 511.954
1716.785 513.4828
1715.859 514.8283
1714.977 515.9267
1714.169 516.7863
1713.329 517.4482
1712.42 517.8657
1711.417 518.1168
1710.461 518.2339
1709.684 518.2258
1708.904 517.9346
1707.734 517.1021
1706.789 515.7481
1706.333 514.3394
1706.15 513.6011
1706.124 512.8892
1706.149 512.2032
1706.281 511.4819
1706.483 510.7658
1706.754 509.9485
1707.025 509.2862
1707.351 508.637
1707.71 508.0455
1708.138 507.4272
1708.956 506.2821
1709.609 505.4938
1710.04 505.0405
1709.791 504.5781
1709.536 504.3763
1709.339 504.1357
1708.997 503.7343
1708.621 503.295
1708.038 502.7888
1707.268 502.2701
1706.367 501.7161
1705.282 501.0358
1704.02 500.299
1702.377 499.4373
1700.538 498.5809
1698.311 497.5226
1696.171 496.528
1693.46 495.2983
1690.559 494.032
1687.532 492.7666
1684.183 491.3962
1680.49 489.8887
1676.618 488.4011
1672.459 486.9047
1667.905 485.4059
1646.617 479.0532
1639.779 477.2975
1633.425 475.7741
1626.879 474.3377
1618.182 472.6102
1610.967 471.3758
1603.807 470.3552
1594.117 469.2889
1586.607 468.687
1579.097 468.3244
1570.165 468.0866
1562.576 468.0962
1555.187 468.2394
1545.333 468.8089
1538.311 469.5062
1529.924 470.6076
1523.452 471.7573
1517.245 473.0449
1510.118 474.6698
1504.431 476.312
1498.849 477.9526
1492.501 479.8809
1487.217 481.5792
1482.227 483.2878
1476.655 485.2483
1471.7 486.9179
1467.155 488.339
1461.002 490.1104
1456.237 491.4557
1450.402 493.0945
1445.956 494.2939
1441.443 495.5099
1435.153 497.181
1430.648 498.2579
1426.19 499.1177
1420.982 499.9203
1416.373 500.4476
1412.207 500.7961
1408.339 500.9817
1404.855 500.9727
1401.392 500.9025
1397.129 500.5355
1393.816 500.1918
1389.665 499.5413
1386.761 499.0232
1383.845 498.4577
1379.978 497.6533
1376.984 497.0622
1374.131 496.4778
1370.658 495.8568
1368.094 495.3751
1365.446 494.8618
1363.641 494.4769
1362.111 494.1342
1360.228 493.6876
1358.946 493.3486
1357.971 493.0349
1357.053 492.6117
1356.369 492.2375
1355.727 491.8745
1355.092 491.4785
1354.576 491.1537
1354.145 490.9046
1353.63 490.6123
1353.093 490.3611
1352.271 490.0304
1351.53 489.7829
1350.66 489.5322
1349.491 489.2195
1348.46 488.9953
1347.491 488.7925
1346.228 488.5351
1345.139 488.3041
1343.657 487.9742
1342.552 487.7102
1341.582 487.5019
1340.576 487.2917
1339.749 487.1075
1338.902 486.9353
1338.029 486.7271
1337.439 486.5779
1336.956 486.4458
1336.485 486.3337
1336.25 486.2628
1336.131 486.1978
1336.048 486.0612
1336.004 485.9298
1335.99 485.7599
1336.007 485.6024
1335.976 485.449
1335.856 485.2563
1335.742 485.1458
1335.588 485.0736
1335.302 485.0104
1335.008 484.9868
1334.581 484.9742
1334.224 484.9813
1333.818 485.0006
1333.329 485.0561
1332.948 485.1325
1332.602 485.2448
1332.143 485.4493
1331.879 485.6133
1331.715 485.7604
1331.616 485.9526
1331.609 486.1259
1331.602 486.3182
1331.685 486.5046
1331.859 486.6691
1332.164 486.8167
1332.453 486.8784
1332.757 486.9091
1333.053 486.9151
1333.255 486.8849
1333.398 486.8335
1333.558 486.7255
1333.657 486.638
1333.736 486.5544
1333.829 486.4642
1333.915 486.3801
1334.014 486.2771
1334.084 486.1991
1334.139 486.1145
1334.258 486.0005
1334.424 485.9675
1334.735 485.9518
1335.266 486.0515
1335.672 486.1936
1336.143 486.3642
1336.518 486.503
1336.847 486.6751
1337.364 486.9138
1337.864 487.1108
1338.324 487.2778
1338.765 487.4615
1339.149 487.6343
1339.617 487.795
1340.152 487.9554
1340.387 488.0264
1340.717 488.1104
1341.004 488.1687
1341.208 488.2114
1341.439 488.2656
1341.885 488.3958
1342.287 488.5026
1342.733 488.5705
1343.289 488.5751
1343.625 488.5473
1343.99 488.507
1344.273 488.4695
1344.55 488.4297
1344.945 488.3801
1345.229 488.3605
1345.434 488.3552
1345.649 488.3221
1345.785 488.2647
1346.066 488.1907
1346.324 488.1567
1346.617 488.1878
1347.05 488.2728
1347.424 488.3812
1347.813 488.4919
1348.27 488.6061
1348.718 488.7139
1349.145 488.8073
1349.736 488.908
1350.148 488.9564
1350.697 488.993
1351.04 489.0035
1351.269 489.0168
1351.539 489.0507
1351.696 489.0489
1351.749 489.0241
1351.7 488.9438
1351.625 488.8213
1351.491 488.6898
1351.289 488.5423
1351.146 488.4654
1350.991 488.3979
1350.834 488.3402
1350.703 488.3029
1350.528 488.2832
1350.493 488.274
1350.517 488.2513
1350.548 488.2216
1350.588 488.2119
1350.617 488.2042
1350.694 488.1862
1350.746 488.1415
1350.769 488.0962
1350.817 488.0328
1350.878 488.0373
1350.958 488.0728
1351.016 488.1159
1351.063 488.1309
1351.147 488.1683
1351.315 488.2188
1351.52 488.2428
1351.744 488.1732
1351.865 488.0771
1352.018 488.02
1352.313 488.0486
1352.662 488.1135
1353.185 488.1617
1353.542 488.153
1353.815 488.1632
1354.239 488.2672
1354.642 488.3668
1355.092 488.4567
1355.623 488.5576
1356.047 488.661
1356.44 488.7918
1356.932 489.0404
1357.365 489.3063
1357.948 489.6724
1358.53 489.9861
1359.067 490.292
1359.742 490.6953
1360.336 491.0525
1360.888 491.3926
1361.621 491.7829
1362.531 492.0957
1363.464 492.3487
1364.605 492.6563
1365.729 492.9849
1366.896 493.3762
1368.67 493.9141
1370.229 494.3476
1372.196 494.8047
1373.945 495.0746
1375.78 495.1263
1378.385 494.7745
1380.756 494.1793
1383.534 493.3391
1387.224 492.1315
1390.677 490.9456
1394.25 489.6656
1398.77 487.9646
1402.882 486.4133
1407.448 484.6357
1411.756 482.9464
1416.018 481.3148
1422.199 479.2495
1427.319 477.8332
1432.006 476.7671
1438.595 475.5294
1444.07 474.6564
1448.797 474.0469
1454.168 473.6057
1458.805 473.4881
1463.117 473.6104
1467.649 473.9416
1472.106 474.4577
1475.987 475.0306
1480.647 475.8182
1483.996 476.4404
1487.246 477.1039
1489.93 477.8114
1492.355 478.6694
1494.903 479.8431
1496.826 481.0026
1498.378 482.2251
1499.826 483.8535
1500.631 485.4013
1500.896 486.7863
1500.754 488.4909
1500.318 489.781
1499.587 491.0753
1498.252 492.7702
1496.724 494.1605
1494.403 495.7401
1492.457 496.7764
1490.582 497.7302
1488.58 498.7907
1487.23 499.62
1485.979 500.3858
1484.372 501.1949
1482.624 501.8133
1480.495 502.3508
1477.829 502.8007
1475.33 503.0046
1473.228 503.1399
1470.768 503.2419
1469.267 503.1815
1467.608 502.8222
1465.939 502.3803
1464.308 502.1147
1460.185 501.8317
1456.642 501.5976
1453.107 501.2015
1449.536 500.3493
1447.252 499.3059
1445.203 498.0038
1443.063 496.4296
1440.834 495.0442
1438.322 493.7372
1435.769 492.5178
1433.036 491.2305
1430.124 489.82
1425.974 487.6183
1423.595 486.1967
1420.992 484.3139
1419.597 482.84
1418.993 481.6691
1418.808 480.3112
1418.884 479.3495
1418.862 478.5547
1418.491 477.7267
1417.762 476.9992
1416.762 476.2997
1415.145 475.4206
1414.112 475.1655
1412.74 475.5555
1411.297 476.415
1409.501 477.5851
1406.912 479.5874
1404.733 481.7865
1402.75 483.9698
1399.83 486.9872
1397.427 489.3767
1395.268 491.8351
1393.185 494.9118
1391.841 497.5893
1390.459 501.0881
1389.6 503.4149
1388.645 505.2947
1387.4 503.5464
1385.249 501.6266
1384.104 500.1334
1384.43 498.6683
1385.105 497.3458
1386.613 495.886
1387.859 493.5116
1387.949 491.1258
1388.142 488.7201
1388.391 487.8256
1388.561 487.1147
1388.158 486.0565
1387.739 485.2075
1387.385 484.4125
1386.948 483.505
1386.532 482.915
1386.641 482.3789
1387.529 481.6729
1388.6 481.081
1389.498 480.409
1389.186 479.9582
1388.467 479.5267
1388.049 479.0085
1388.148 478.7248
1388.307 478.5768
1388.441 478.624
1388.531 478.6559
1388.63 478.6224
1388.632 478.6422
1388.613 478.6587
1388.605 478.6448
1388.471 478.6122
1388.355 478.6013
1388.32 478.6209
1388.472 478.6704
1388.61 478.6862
1388.574 478.6786
1388.495 478.6382
1388.467 478.6244
1388.473 478.6043
1388.472 478.6086
1388.508 478.5973
1388.573 478.5749
1388.552 478.5625
1388.488 478.5345
1388.452 478.5212
1388.479 478.5089
1388.478 478.5116
1388.573 478.5143
1388.592 478.5109
1388.7 478.5139
1388.699 478.5161
1388.786 478.5119
1388.846 478.5137
1388.936 478.5142
1388.944 478.5099
1388.982 478.4901
1336.25 486.2628
1336.131 486.1978
1336.048 486.0612
1336.004 485.9298
1335.99 485.7599
1336.007 485.6024
1335.976 485.449
1335.856 485.2563
1335.742 485.1458
1335.588 485.0736
1335.302 485.0104
1335.008 484.9868
1334.581 484.9742
1334.224 484.9813
1333.818 485.0006
1333.329 485.0561
1332.948 485.1325
1332.602 485.2448
1332.143 485.4493
1331.879 485.6133
1331.715 485.7604
1331.616 485.9526
1331.609 486.1259
1331.602 486.3182
1331.685 486.5046
1331.859 486.6691
1332.164 486.8167
1332.453 486.8784
1332.757 486.9091
1333.053 486.9151
1333.255 486.8849
1333.398 486.8335
1333.558 486.7255
1333.657 486.638
1333.736 486.5544
1333.829 486.4642
1333.915 486.3801
1334.014 486.2771
1334.084 486.1991
1334.139 486.1145
1334.258 486.0005
1334.424 485.9675
1334.735 485.9518
1335.266 486.0515
1335.672 486.1936
1336.143 486.3642
1336.518 486.503
1336.847 486.6751
1337.364 486.9138
1337.864 487.1108
1338.324 487.2778
1338.765 487.4615
1339.149 487.6343
1339.617 487.795
1340.152 487.9554
1340.387 488.0264
1340.717 488.1104
1341.004 488.1687
1341.208 488.2114
1341.439 488.2656
1341.885 488.3958
1342.287 488.5026
1342.733 488.5705
1343.289 488.5751
1343.625 488.5473
1343.99 488.507
1344.273 488.4695
1344.55 488.4297
1344.945 488.3801
1345.229 488.3605
1345.434 488.3552
1345.649 488.3221
1345.785 488.2647
1346.066 488.1907
1346.324 488.1567
1346.617 488.1878
1347.05 488.2728
1347.424 488.3812
1347.813 488.4919
1348.27 488.6061
1348.718 488.7139
1349.145 488.8073
1349.736 488.908
1350.148 488.9564
1350.697 488.993
1351.04 489.0035
1351.269 489.0168
1351.539 489.0507
1351.696 489.0489
1351.749 489.0241
1351.7 488.9438
1351.625 488.8213
1351.491 488.6898
1351.289 488.5423
1351.146 488.4654
1350.991 488.3979
1350.834 488.3402
1350.703 488.3029
1350.528 488.2832
1350.493 488.274
1350.517 488.2513
1350.548 488.2216
1350.588 488.2119
1350.617 488.2042
1350.694 488.1862
1350.746 488.1415
1350.769 488.0962
1350.817 488.0328
1350.878 488.0373
1350.958 488.0728
1351.016 488.1159
1351.063 488.1309
1351.147 488.1683
1351.315 488.2188
1351.52 488.2428
1351.744 488.1732
1351.865 488.0771
1352.018 488.02
1352.313 488.0486
1352.662 488.1135
1353.185 488.1617
1353.542 488.153
1353.815 488.1632
1354.239 488.2672
1354.642 488.3668
1355.092 488.4567
1355.623 488.5576
1356.047 488.661
1356.44 488.7918
1356.932 489.0404
1357.365 489.3063
1357.948 489.6724
1358.53 489.9861
1359.067 490.292
1359.742 490.6953
1360.336 491.0525
1360.888 491.3926
1361.621 491.7829
1362.531 492.0957
1363.464 492.3487
1364.605 492.6563
1365.729 492.9849
1366.896 493.3762
1368.67 493.9141
1370.229 494.3476
1372.196 494.8047
1373.945 495.0746
1375.78 495.1263
1378.385 494.7745
1380.756 494.1793
1383.534 493.3391
1387.224 492.1315
1390.677 490.9456
1394.25 489.6656
1398.77 487.9646
1402.882 486.4133
1407.448 484.6357
1411.756 482.9464
1416.018 481.3148
1422.199 479.2495
1427.319 477.8332
1432.006 476.7671
1438.595 475.5294
1444.07 474.6564
1448.797 474.0469
1454.168 473.6057
1458.805 473.4881
1463.117 473.6104
1467.649 473.9416
1472.106 474.4577
1475.987 475.0306
1480.647 475.8182
1483.996 476.4404
1487.246 477.1039
1489.93 477.8114
1492.355 478.6694
1494.903 479.8431
1496.826 481.0026
1498.378 482.2251
1499.826 483.8535
1500.631 485.4013
1500.896 486.7863
1500.754 488.4909
1500.318 489.781
1499.587 491.0753
1498.252 492.7702
1496.724 494.1605
1494.403 495.7401
1492.457 496.7764
1490.582 497.7302
1488.58 498.7907
1487.23 499.62
1485.979 500.3858
1484.372 501.1949
1482.624 501.8133
1480.495 502.3508
1477.829 502.8007
1475.33 503.0046
1473.228 503.1399
1470.768 503.2419
1469.267 503.1815
1467.608 502.8222
1465.939 502.3803
1464.308 502.1147
1460.185 501.8317
1456.642 501.5976
1453.107 501.2015
1449.536 500.3493
1447.252 499.3059
1445.203 498.0038
1443.063 496.4296
1440.834 495.0442
1438.322 493.7372
1435.769 492.5178
1433.036 491.2305
1430.124 489.82
1425.974 487.6183
1423.595 486.1967
1420.992 484.3139
1419.597 482.84
1418.993 481.6691
1418.808 480.3112
1418.884 479.3495
1418.862 478.5547
1418.491 477.7267
1417.762 476.9992
1416.762 476.2997
1415.145 475.4206
1414.112 475.1655
1412.74 475.5555
1411.297 476.415
1409.501 477.5851
1406.912 479.5874
1404.733 481.7865
1402.75 483.9698
1399.83 486.9872
1397.427 489.3767
1395.268 491.8351
1393.185 494.9118
1391.841 497.5893
1390.459 501.0881
1389.6 503.4149
1388.645 505.2947
1387.4 503.5464
1385.249 501.6266
1384.104 500.1334
1384.43 498.6683
1385.105 497.3458
1386.613 495.886
1387.859 493.5116
1387.949 491.1258
1388.142 488.7201
1388.391 487.8256
1388.561 487.1147
1388.158 486.0565
1387.739 485.2075
1387.385 484.4125
1386.948 483.505
1386.532 482.915
1386.641 482.3789
1387.529 481.6729
1388.6 481.081
1389.498 480.409
1389.186 479.9582
1388.467 479.5267
1388.049 479.0085
1388.148 478.7248
1388.307 478.5768
1388.441 478.624
1388.531 478.6559
1388.63 478.6224
1388.632 478.6422
1388.613 478.6587
1388.605 478.6448
1388.471 478.6122
1388.355 478.6013
1388.32 478.6209
1388.472 478.6704
1388.61 478.6862
1388.574 478.6786
1388.495 478.6382
1388.467 478.6244
1388.473 478.6043
1388.472 478.6086
1388.508 478.5973
1388.573 478.5749
1388.552 478.5625
1388.488 478.5345
1388.452 478.5212
1388.479 478.5089
1388.478 478.5116
1388.573 478.5143
1388.592 478.5109
1388.7 478.5139
1388.699 478.5161
1388.786 478.5119
1388.846 478.5137
1388.936 478.5142
1388.944 478.5099
1388.982 478.4901
