1920 480
1920 480
1743.856 498.594
1745.561 498.5252
1746.458 498.5407
1747.403 498.6995
1748.388 498.9492
1749.319 499.1063
1750.574 500.0098
1751.643 500.4563
1752.728 500.9102
1754.35 501.3203
1755.765 501.2564
1757.143 501.0896
1758.529 500.8853
1759.849 500.5544
1761.045 500.2234
1762.05 499.8896
1762.995 499.5449
1763.726 499.164
1764.293 498.8772
1764.841 498.6188
1765.173 498.4573
1765.386 498.3193
1765.524 498.2046
1765.458 498.182
1765.349 498.166
1765.186 498.1714
1764.947 498.1698
1764.636 498.1809
1764.358 498.1673
1764.012 498.1564
1763.69 498.1772
1763.264 498.1885
1762.802 498.2734
1762.382 498.3723
1761.967 498.5657
1761.586 498.9804
1761.086 499.4548
1760.756 499.5602
1760.399 499.5746
1760.097 499.2623
1759.687 498.8973
1759.351 498.592
1758.996 498.2989
1758.548 497.9927
1758.984 498.3619
1758.505 498.1227
1757.958 497.9131
1757.417 497.775
1756.825 497.6785
1756.205 497.6416
1755.571 497.6563
1754.997 497.6703
1754.472 497.706
1754.005 497.7886
1753.645 497.9492
1753.356 498.1968
1753.168 498.4437
1753.049 498.6726
1753.004 498.7956
1753.065 498.8215
1753.212 498.7504
1753.464 498.6481
1753.826 498.5441
1754.311 498.4633
1754.866 498.4483
1755.445 498.5099
1756.08 498.6433
1756.715 498.7586
1757.359 498.8007
1757.923 498.6766
1758.349 498.3285
1758.544 497.7692
1758.507 497.1421
1758.174 496.4483
1757.615 495.9063
1756.801 495.4998
1755.752 495.2281
1754.645 495.0771
1753.379 494.9716
1751.934 494.9005
1750.493 494.8857
1749.059 494.9676
1747.659 495.2348
1746.505 495.6871
1745.437 496.3587
1744.487 497.2424
1743.67 498.3604
1743.03 499.5446
1742.545 500.7228
1742.232 501.871
1742.102 502.938
1742.197 503.939
1742.515 504.7906
1743.067 505.5061
1743.857 506.0424
1744.887 506.4234
1746.101 506.6489
1747.572 506.754
1749.182 506.749
1750.962 506.6787
1752.892 506.5736
1754.955 506.4749
1756.868 506.3867
1758.816 506.2669
1760.681 506.1339
1762.431 505.9994
1764.073 505.871
1765.601 505.7567
1767.057 505.6432
1768.519 505.5176
1769.806 505.3869
1771.085 505.2316
1772.269 505.0573
1773.321 504.8481
1774.198 504.5835
1774.841 504.2723
1775.329 503.8585
1770.529 421.957
1784.009 487.6562
1813.087 502.5758
1822.147 504.5376
1826.166 504.6606
1826.638 504.141
1817.146 510.2026
1816.673 506.3964
1811.38 518.338
1803.143 528.0029
1803.191 509.5541
1801.28 509.0866
1802.385 507.0484
1800.417 506.5608
1798.548 506.1201
1796.791 505.7297
1795.222 505.3983
1793.877 505.131
1804.844 504.8213
1814.377 503.7709
1818.118 502.1582
1818.37 465.4002
1812.826 455.0609
1812.24 434.2355
1810.255 452.1839
1810.172 437.7137
1810.285 426.4904
1809.067 418.9534
1794.976 521.4566
1784.42 540.2064
1778.127 542.7009
1786.252 536.9101
1788.381 536.299
1789.304 536.1702
1789.927 536.0851
1790.495 536.0099
1790.007 535.8868
1776.717 516.6497
1733.015 513.8829
1718.449 517.3841
1696.13 525.5358
1699.936 529.0641
1702.19 532.2146
1686.718 531.6045
1697.599 532.8181
1850.67 537.8323
1891.814 534.184
1879.693 532.2731
1958.393 529.782
1944.361 528.9755
1996.259 526.0741
2004.91 524.7353
1990.64 524.9122
1863.29 527.6804
1832.255 528.8457
1831.412 530.9751
1831.874 533.2053
1832.509 534.2795
1833.048 535.0599
1826.118 535.4192
1826.588 535.3738
1826.01 506.3954
1827.908 516.4412
1833.17 503.784
1806.708 535.3178
1798.229 538.6192
1893.32 537.3115
1924.526 536.3226
1927.18 536.1685
1927.509 536.3643
1927.665 536.3794
1927.743 536.3046
1927.755 536.1318
1927.688 535.9931
1927.597 535.8171
1927.909 535.7085
1928.092 535.5974
1928.335 535.4998
1928.578 535.3606
1928.417 535.0314
1927.873 535.1226
1751.193 527.7153
1773.08 526.2128
1753.542 525.7231
1765.6 524.6274
1761.609 524.2449
1765.059 523.5634
1774.467 522.6097
1808.897 523.9695
1837.25 533.3434
1839.861 537.4152
1838.919 538.0689
1835.676 541.7828
1831.56 545.4402
1830.585 546.5759
1792.527 538.28
1791.361 523.8967
1791.042 521.4929
1785.678 520.4431
1771.292 520.054
1768.632 521.7797
1818.012 530.7512
1850.663 538.7529
1844.11 539.0833
1838.017 539.6524
1797.232 538.208
1820.879 539.1069
1634.882 530.9766
1573.756 521.4956
1593.821 522.8474
1643.728 523.9954
1791.948 529.6849
1851.712 533.1552
1843.168 534.3611
1837.921 536.5035
1837.656 537.7192
1839.609 538.6259
1841.458 538.9318
1842.912 538.8378
1844.02 538.5507
1845.269 538.5072
1845.853 538.5037
1846.052 538.3127
1845.816 538.1749
1845.488 538.0726
1813.829 538.0852
1726.747 536.1445
1735.958 534.8852
1750.581 535.4086
1761.184 535.6844
1784.351 535.844
1789.683 535.9371
1816.944 536.0735
1814.819 536.3108
1821.51 536.5735
1825.846 536.7253
1767.025 536.9673
1750.868 536.5815
1740.121 535.9532
1781.988 535.7706
1800.656 535.3765
1817.102 535.2825
1825.635 535.6284
1827.809 536.2165
1828.279 536.3824
1828.461 536.6951
1828.693 536.8461
1828.762 537.5232
1827.816 537.7853
1826.99 537.7379
1826.665 537.7936
1826.13 537.7611
1824.802 537.8545
1822.301 537.8751
1821.575 537.936
1749.167 536.012
1735.831 534.1539
1724.21 533.1259
1733.9 533.6018
1672.564 530.0414
1666.391 555.1658
1659.219 569.2524
1655.889 571.6254
1650.94 572.5151
1652.888 573.0366
1665.49 575.0403
1636.326 575.387
1625.184 576.5272
1628.742 577.9985
1743.707 582.6613
1755.726 586.5507
1759.416 589.7663
1763.218 590.1859
1768.979 592.0759
1774.975 593.6036
1779.626 595.308
1822.056 596.7776
1828.365 597.7062
1858.656 598.765
1798.281 601.0992
1777.176 601.1422
1920 480
1920 480
1743.856 498.594
1745.561 498.5252
1746.458 498.5407
1747.403 498.6995
1748.388 498.9492
1749.319 499.1063
1750.574 500.0098
1751.643 500.4563
1752.728 500.9102
1754.35 501.3203
1755.765 501.2564
1757.143 501.0896
1758.529 500.8853
1759.849 500.5544
1761.045 500.2234
1762.05 499.8896
1762.995 499.5449
1763.726 499.164
1764.293 498.8772
1764.841 498.6188
1765.173 498.4573
1765.386 498.3193
1765.524 498.2046
1765.458 498.182
1765.349 498.166
1765.186 498.1714
1764.947 498.1698
1764.636 498.1809
1764.358 498.1673
1764.012 498.1564
1763.69 498.1772
1763.264 498.1885
1762.802 498.2734
1762.382 498.3723
1761.967 498.5657
1761.586 498.9804
1761.086 499.4548
1760.756 499.5602
1760.399 499.5746
1760.097 499.2623
1759.687 498.8973
1759.351 498.592
1758.996 498.2989
1758.548 497.9927
1758.984 498.3619
1758.505 498.1227
1757.958 497.9131
1757.417 497.775
1756.825 497.6785
1756.205 497.6416
1755.571 497.6563
1754.997 497.6703
1754.472 497.706
1754.005 497.7886
1753.645 497.9492
1753.356 498.1968
1753.168 498.4437
1753.049 498.6726
1753.004 498.7956
1753.065 498.8215
1753.212 498.7504
1753.464 498.6481
1753.826 498.5441
1754.311 498.4633
1754.866 498.4483
1755.445 498.5099
1756.08 498.6433
1756.715 498.7586
1757.359 498.8007
1757.923 498.6766
1758.349 498.3285
1758.544 497.7692
1758.507 497.1421
1758.174 496.4483
1757.615 495.9063
1756.801 495.4998
1755.752 495.2281
1754.645 495.0771
1753.379 494.9716
1751.934 494.9005
1750.493 494.8857
1749.059 494.9676
1747.659 495.2348
1746.505 495.6871
1745.437 496.3587
1744.487 497.2424
1743.67 498.3604
1743.03 499.5446
1742.545 500.7228
1742.232 501.871
1742.102 502.938
1742.197 503.939
1742.515 504.7906
1743.067 505.5061
1743.857 506.0424
1744.887 506.4234
1746.101 506.6489
1747.572 506.754
1749.182 506.749
1750.962 506.6787
1752.892 506.5736
1754.955 506.4749
1756.868 506.3867
1758.816 506.2669
1760.681 506.1339
1762.431 505.9994
1764.073 505.871
1765.601 505.7567
1767.057 505.6432
1768.519 505.5176
1769.806 505.3869
1771.085 505.2316
1772.269 505.0573
1773.321 504.8481
1774.198 504.5835
1774.841 504.2723
1770.289 422.5273
1775.991 461.9458
1780.387 547.95
1783.33 557.2755
1784.601 558.3088
1784.771 557.3405
1770.683 544.9402
1771.541 550.5759
1770.596 549.3981
1768.752 547.7629
1769.97 551.6686
1764.253 550.1555
1764.884 549.8066
1767.339 408.0828
1765.433 407.5894
1763.609 407.1444
1750.207 518.7397
1844.039 435
1829.303 421.8224
1825.432 407.075
1816.082 485.2928
1816.175 447.2671
1813.555 440.7376
1812.649 433.2808
1809.786 451.4727
1809.249 449.3929
1809.322 441.2034
1806.343 438.0299
1791.509 524.027
1782.292 540.1831
1777.135 542.5544
1785.303 536.919
1787.495 536.2504
1788.816 536.075
1789.602 535.9481
1790.249 535.8527
1789.678 535.7405
1748.206 536.2986
1702.155 536.5463
1703.648 536.8391
1693.298 536.6714
1697.351 537.0669
1700.036 537.605
1686.256 536.2285
1698.649 536.2242
1700.369 537.3278
1768.401 536.6446
1814.471 533.6311
1823.026 531.2294
1822.281 529.5259
1821.658 528.3269
1819.84 527.6945
1818.226 527.8558
1817.9 528.0419
1822.947 528.8605
1827.435 531.0371
1830.363 533.2371
1831.5 534.3222
1832.374 535.1607
1830.436 535.5258
1829.397 535.5123
1828.841 506.5188
1831.047 516.4906
1843.465 507.5134
1808.649 536.6152
1799.771 538.8643
1892.553 537.3785
1924.46 536.3061
1927.335 536.1433
1927.8 536.3318
1928.031 536.352
1928.139 536.283
1928.069 536.1332
1927.92 536.0062
1927.663 535.8205
1927.834 535.7546
1927.906 535.6423
1928.087 535.5306
1928.268 535.4167
1928.248 535.015
1927.798 534.9796
1751.128 527.5404
1773.08 526.0383
1753.6 525.6217
1765.708 524.6291
1761.765 524.2864
1765.171 523.6477
1774.713 522.7329
1809.463 524.0306
1838.077 533.3905
1840.94 537.3929
1839.997 537.9969
1836.712 541.7052
1832.446 545.422
1831.149 546.535
1792.767 538.1472
1791.446 523.7669
1791.179 521.3195
1785.832 520.2068
1771.468 519.8032
1769.093 521.6491
1818.648 530.7518
1851.269 538.7775
1844.719 539.1133
1838.765 539.7007
1798.097 538.2601
1821.828 539.1909
1635.978 531.007
1575.055 521.4869
1595.438 522.8727
1645.545 523.9929
1793.969 529.594
1853.738 532.9162
1845.054 534.0437
1839.47 536.1929
1838.882 537.442
1840.445 538.397
1841.978 538.7965
1843.181 538.7423
1844.049 538.4278
1845.032 538.3514
1845.423 538.3571
1845.564 538.2294
1845.441 538.1693
1845.352 538.088
1845.236 538.1932
1845.525 538.9127
1844.593 539.3233
1843.767 539.2744
1841.82 539.4344
1840.067 539.6548
1839.303 540.0261
1836.392 539.9159
1834.906 539.7528
1833.543 539.5116
1831.977 539.012
1834.007 539.4653
1834.392 539.6246
1834.776 539.7518
1833.928 539.1626
1833.339 538.8424
1832.198 538.4639
1831.329 538.1566
1830.598 538.0272
1830.506 537.9978
1830.217 537.9774
1830.172 537.9948
1829.812 538.1186
1828.775 538.1422
1827.232 538.0599
1825.685 538.038
1824.455 537.9873
1823.131 538.0223
1821.196 537.9568
1820.827 537.899
1821.894 539.8649
1821.017 540.8326
1820.476 541.5372
1816.78 541.4914
1651.011 533.022
1663.154 552.3762
1657.848 568.2479
1654.49 570.9091
1649.39 571.9673
1651.642 572.5383
1664.369 574.139
1635.888 574.0132
1624.996 575.0338
1628.648 576.549
1743.382 581.413
1755.216 585.3124
1758.53 588.0342
1761.693 588.1077
1766.533 589.9174
1772.052 591.2964
1775.583 592.7231
1781.758 595.6338
1786.227 597.2411
1793.895 600.8954
1799.471 602.9442
1795.537 602.6382
1791.854 602.6812
1788.374 601.7726
1795.859 598.8039
1797.604 605.4004
1794.509 608.2939
1806.135 610.7867
1828.021 561.0658
1978.944 524.4003
2099.083 585.9602
2115.147 586.8759
1792.256 574.4269
2102.676 571.2662
1945.86 537.7598
1748.752 592.5381
1756.94 581.8398
1757.396 552.0214
1772.993 507.0741
1787.989 495.383
1794.203 494.5689
1796.367 494.3056
1788.021 511.0523
1792.055 500.3108
1794.411 498.3912
1914.3 538.9834
1860.473 579.9821
1849.261 587.3552
1844.748 586.3363
1831.992 598.2355
1827.719 599.4497
1826.305 599.1396
1825.327 598.657
1847.091 569.5879
1896.037 533.287
1930.086 504.9114
1941.611 497.3622
1946.443 497.5625
1946.046 499.0553
1939.566 528.7833
1930.615 552.0534
1909.824 562.1596
1922.376 542.5785
2018.921 564.2674
2056.029 571.0865
2077.374 575.5871
2099.968 581.0807
2103.938 581.9466
2107.087 581.8789
2106.536 581.7366
2107.256 581.5833
2097.452 574.8388
2004.109 540.7581
1975.499 516.6547
2037.347 540.3894
2153.237 542.1135
2132.65 553.6479
2027.899 567.5584
1880.519 582.5873
1899.149 583.89
1903.375 584.6039
1904.37 585.044
1904.55 585.2546
1904.065 585.368
1911.792 570.5333
1911.522 558.4506
1924.767 567.6135
1996.934 576.2204
1992.741 554.0466
1979.813 518.8687
2088.872 528.4316
2114.906 522.5658
2147.01 519.6483
2056.737 514.4153
1970.912 506.479
1943.35 501.6734
1934.575 495.7984
1933.323 495.0703
1933.073 494.9165
1934.148 494.479
1935.536 494.5428
1935.707 494.5723
1936.261 494.5835
1936.186 494.5712
1936.233 494.4565
1902.501 555.71
1873.924 560.4835
1925.818 568.843
1833.095 602.6488
1803.197 579.8742
1810.443 582.2697
1805.702 593.9895
1875.148 598.6588
1926.309 599.4825
1947.883 609.9357
1943.275 604.404
1941.023 602.3542
1978.114 593.3933
1958.261 569.2776
1969.325 545.4855
2007.881 551.3763
1979.468 537.3431
1968.985 529.4839
1960.37 527.3918
1939.283 534.1841
1912.229 538.1039
1922.863 520.168
1932.199 491.2856
1989.485 458.1208
2007.608 424.5262
1897.465 466.6252
1765.859 511.6366
1704.559 524.3738
1782.928 527.4645
1718.782 528.1697
1677.41 527.9823
1665.988 530.1216
1698.976 533.1555
1825.837 534.9391
1876.191 534.2959
1783.949 534.8762
1753.442 534.7854
1706.789 534.4927
1740.675 535.6517
1817.109 536.6497
1773.107 537.0993
1817.649 536.8472
1896.431 537.7141
1854.303 542.9432
1778.513 498.2264
1711.954 502.416
1698.215 538.9272
1784.727 552.0687
1642.848 605.042
1613.169 597.6478
1614.85 601.9526
1575.557 638.9384
1574.924 636.0057
1521.219 668.2206
1524.454 658.5275
1550.21 577.8433
1556.754 537.8462
1557.323 574.3162
1536.066 576.1112
1811.797 557.6156
1676.683 471.7451
1759.418 489.7808
1697.238 486.9157
1749.041 502.4686
1733.051 532.5134
1706.151 547.4614
1828.211 590.0845
1821.401 642.9206
1755.561 614.2854
1619.452 624.3649
1621.375 645.2621
1760.137 642.4344
1841.842 624.0104
1864.124 553.3356
1712.943 569.5956
1846.261 546.6362
1872.855 554.3245
1890.448 539.938
1674.457 570.94
1613.5 570.5561
1628.998 561.5969
1623.546 551.5022
1632.762 569.7631
1626.711 584.2026
1628.761 609.8305
1610.371 627.4371
1552.139 642.381
1513.45 648.7993
1491.835 650.2489
1479.746 650.6866
1471.048 649.5714
1464.176 648.485
1457.495 649.7091
1452.427 648.5068
1446.289 647.7607
1439.828 647.078
1432.414 646.619
1423.449 646.3032
1414.069 646.3649
1407.953 646.2776
1400.665 646.2072
1393.09 646.1244
1378.113 646.1357
1370.814 645.9902
1365.589 646.0143
1358.34 646.0544
1351.114 646.2415
1340.708 646.5056
1335.023 647.6083
1327.368 648.0547
1320.706 649.0021
1314.141 649.7506
1307.213 650.0416
1299.982 650.2836
1289.428 650.8828
1279.175 652.0061
1273.388 652.6169
1266.16 652.5068
1257.422 652.9828
1249.098 653.3146
1239.897 654.1885
1231.646 654.4968
1224.273 654.7911
1219.77 653.4133
1213.68 652.993
1208.821 653.0362
1202.175 653.0101
1197.765 654.1595
1187.084 667.8243
1166.465 691.0121
1149.288 696.6171
1139.684 698.7438
1129.239 701.1805
1119.985 703.3382
1113.511 704.2261
1109.182 705.4663
1105.479 705.7991
1103.167 706.6821
1100.986 707.0748
1099.927 707.2573
1101.429 707.6689
1103.154 707.9133
1105.027 708.155
1107.845 708.2917
1109.278 708.4277
1111.967 708.8282
1117.308 709.583
1120.375 710.0948
1123.597 710.7233
1126.079 711.2431
1127.485 711.5854
1128.81 711.9039
1129.45 712.2761
1130.158 712.5453
1134.437 713.1744
1152.755 713.7689
1194.454 713.2708
1264.271 708.0258
1268.221 709.3848
1263.551 713.1728
1261.962 716.43
1269.705 715.8751
1263.818 718.0458
1264.807 719.0014
1268.212 717.5037
1272.924 717.533
1273.598 718.4685
1281.365 715.4688
1289.224 710.9067
1293.207 708.6932
1295.264 706.1355
1298.203 705.7677
1301.255 705.8857
1304.103 705.5253
1307.204 704.9315
1309.274 704.7853
1307.738 705.1501
1306.049 706.4086
1305.109 706.97
1305.85 705.7726
1309.034 705.5897
1303.504 702.3904
1298.789 702.0598
1291.38 703.7221
1289.922 704.4695
1291.153 704.8975
1287.138 705.2808
1289.341 704.37
1289.968 703.3081
1288.749 700.6233
1289.243 698.3015
1288.955 696.1399
1288.309 694.4807
1287.831 693.2581
1285.351 692.2074
1289.53 692.4952
1286.107 692.2419
1282.525 692.5864
1282.636 692.7542
1280.193 693.0766
1279.876 693.275
1285.39 692.6417
1296.863 690.493
1338.91 686.2834
1411.007 675.91
1502.761 666.6852
1515.961 665.5499
1528.576 664.2751
1520.25 664.4453
1510.748 664.9896
1532.023 663.1118
1545.294 661.9396
1553.565 660.4254
1560.216 659.3593
1565.561 657.7504
1569.724 656.9537
1575.559 656.4922
1581.586 655.9496
1781.263 598.0964
1777.671 603.6483
1768.452 606.1286
1767.621 608.7158
1765.469 559.449
1761.846 523.9296
1758.635 595.6111
1755.577 597.8867
1746.476 572.6994
1748.107 580.3879
1749.406 538.1042
1745.234 592.4225
1744.801 579.8142
1744.839 551.8625
1745.305 507.6098
1744.879 495.6174
1744.732 494.7596
1745.026 494.4336
1745.53 508.25
1746.429 499.8312
1745.95 498.0965
1745.768 535.8926
1884.86 568.7017
1886.917 577.2864
1888.364 578.4929
1888.899 589.881
1888.864 591.2805
1888.465 591.0462
1887.888 590.751
1888.268 565.5154
1888.943 531.7139
1889.045 504.6607
1887.751 497.1064
1886.317 497.4146
1885.284 498.66
1885.336 523.709
1884.619 548.4193
1884.967 555.6536
1886.246 538.2824
1886.414 564.1072
1886.685 572.7547
1887.211 578.4739
1889.526 585.2623
1891.272 586.2941
1893.728 586.3019
1894.659 586.0787
1896.576 585.892
1898.048 579.0012
1901.352 541.3071
1903.329 516.6655
1903.975 541.389
1905.051 545.412
1905.323 553.7823
1905.545 562.3127
1905.618 574.6539
1905.705 580.3182
1905.734 583.0165
1905.718 584.3323
1905.673 584.9517
1905.498 585.2979
1906.014 571.9995
1906.101 559.196
1904.598 567.7964
1903.064 575.9053
1903.019 552.9091
1904.403 517.8118
1903.021 527.4897
1902.128 521.5137
1901.28 518.8398
1900.668 513.0778
1900.28 505.7014
1899.657 501.2157
1898.696 495.4326
1897.885 494.678
1897.082 494.4909
1895.979 493.9926
1895.241 493.9881
1894.44 493.9734
1893.754 493.939
1893.279 493.9243
1892.764 493.7858
1881.901 555.3865
1852.017 560.0093
1773.597 564.2681
1719.55 596.4293
1724.189 575.7677
1722.51 577.7294
1712.377 588.7153
1715.225 591.175
1716.65 591.3218
1715.197 601.4036
1715.607 596.2048
1715.781 594.3733
1716.656 585.9095
1719.086 562.6625
1721.403 539.8077
1719.417 545.6843
1720.189 532.1436
1720.14 524.6586
1719.146 522.7384
1717.16 529.5136
1715.744 533.5236
1717.911 516.3172
1724.778 488.5086
1731.485 455.3068
1736.996 421.3047
1729.27 464.8875
1718.474 510.7511
1706.147 524.5183
1692.324 525.1934
1679.742 527.03
1669.392 527.7516
1661.94 529.9787
1663.649 532.0461
1657.429 531.5702
1646.841 530.6871
1644.674 531.8818
1639.117 532.0954
1640.805 532.6406
1638.719 533.2245
1632 533.7255
1625.209 534.207
1619.465 534.0445
1612.904 536.0577
1602.273 540.8561
1590.701 495.2336
1576.604 499.7872
1561.996 535.7279
1549.244 549.3444
1535.751 601.1677
1532.037 594.325
1529.249 598.5679
1522.849 635.9523
1523.292 633.0715
1515.563 667.1167
1516.896 657.3954
1526.49 576.379
1532.59 536.7083
1534.945 573.097
1530.127 575.3499
1533.216 558.2286
1539.458 471.0615
1536.399 488.955
1533.356 486.1635
1526.6 501.9906
1519.783 532.3495
1513.19 547.1609
1505.392 596.1827
1491.182 651.184
1487.459 617.6027
1478.405 622.898
1472.287 643.8634
1472.259 648.5112
1469.486 638.0919
1450.534 563.2984
1450.342 572.2452
1452.071 555.8317
1457.88 567.5441
1445.211 552.6005
1430.573 573.4354
1416.205 570.9962
1401.838 562.5074
1388.025 552.1642
1395.345 571.5152
1424.386 586.9141
1477.572 613.978
1495.236 631.2142
1494.607 643.8834
1491.849 649.2411
1487.274 650.2859
1481.403 650.5916
1475.603 649.4323
1470.357 648.3287
1463.293 649.593
1458.986 648.4308
1453.215 647.7365
1446.829 647.087
1439.262 646.6646
1432.509 646.3815
1421.603 646.4396
1413.647 646.3517
1408.156 646.3301
1400.927 646.2575
1393.483 646.2528
1378.996 646.1373
1371.71 646.0295
1366.608 646.0786
1359.278 646.2599
1351.978 646.5218
1340.543 647.6109
1336.721 648.0867
1328.949 649.0496
1321.938 649.8191
1315.098 650.136
1308.085 650.3988
1300.007 651.0627
1287.967 652.1265
1278.356 652.7086
1273.947 652.6075
1265.506 653.0738
1256.709 653.4111
1247.55 654.2728
1239.69 654.5752
1231.59 654.8735
1226.887 653.4805
1221.093 653.0542
1216.201 653.0673
1211.208 653.0147
1205.328 654.1127
1194.348 667.7684
1172.775 690.9344
1156.198 696.5285
1146.46 698.643
1136.208 701.077
1127.014 703.2256
1119.816 704.1124
1114.137 705.3317
1110.326 705.6473
1106.978 706.5149
1103.88 706.9058
1101.667 707.1005
1102.06 707.5361
1103.331 707.7704
1105.07 708.0153
1107.959 708.1416
1109.337 708.2654
1111.919 708.6682
1116.734 709.4386
1119.847 709.9474
1123.118 710.5897
1125.672 711.1054
1127.11 711.4402
1128.517 711.7545
1129.164 712.1181
1129.893 712.3828
1134.123 712.9863
1152.411 713.5743
1193.979 713.0592
1263.718 707.8071
1390.772 736.5045
1494.016 751.6829
1523.516 756.5052
1486.599 754.424
1516.189 755.107
1524.679 755.9391
1511.028 750.7277
1494.963 742.4884
1509.104 747.7428
1414.311 733.6803
1313.99 709.3318
1298.819 705.3972
1291.387 703.6159
1292.212 703.9832
1294.006 704.6965
1295.402 704.4301
1296.27 703.7971
1296.871 703.9019
1294.919 704.5699
1293.645 705.9473
1294.345 706.3276
1297.95 704.7724
1301.11 704.5126
1296.578 701.3176
1292.336 701.1912
1285.625 703.0597
1284.815 703.8707
1286.503 704.3198
1282.536 704.6627
1284.845 703.7216
1285.626 702.669
1284.154 699.999
1284.876 697.7859
1284.652 695.7208
1284.201 694.1284
1283.707 692.9566
1281.348 691.9258
1285.365 692.2054
1282.269 691.9487
1279.178 692.3185
1278.886 692.448
1276.575 692.7736
1276.434 692.9949
1281.425 692.3635
1292.496 690.2057
1334.597 686.04
1404.577 675.6439
1498.706 666.4765
1510.932 665.3602
1522.785 664.085
1514.179 664.2511
1504.681 664.8098
1525.886 662.9142
1538.709 661.7639
1546.791 660.271
1552.744 659.2466
1558.428 657.6508
1563.857 656.8681
1568.134 656.3787
1574.07 655.8347
1579.882 654.9257
1586.984 655.059
1593.867 654.4348
1598.823 654.0783
1602.641 653.4764
1602.527 652.8684
1604.703 652.6609
1606.57 652.8052
1606.987 652.5057
1609.24 652.2266
1613.402 652.2083
1615.62 652.1485
1617.24 652.5062
1614.732 653.3265
1616.151 653.5331
1615.276 653.3027
1593.546 655.4705
1603.503 655.0715
1612.313 652.8228
1623.696 652.7477
1635.279 652.8632
1642.751 652.8997
1660.327 653.0599
1707.749 654.1612
1751.451 657.1348
1775.408 659.7946
1790.623 661.0815
1794.158 662.3923
1795.999 662.8494
1801.016 662.9441
1806.919 662.6025
1809.294 662.043
1814.055 661.6331
1814.874 660.7833
1810.726 661.1204
1807.585 660.9893
1798.65 661.0456
1795.634 661.0654
1799.859 661.0413
1796.644 660.1535
1793.588 660.1841
1797.859 658.7387
1777.103 661.9641
1785.066 661.7418
1793.735 663.3138
1863.371 650.2922
1909.424 628.3707
1910.171 635.7737
1910.721 649.7844
1913.99 664.4608
1919.697 669.6188
1944.161 668.1544
1947.848 663.0627
1956.665 663.9617
1962.262 665.2415
1961.647 664.5805
1968.91 663.9895
1978.668 663.5719
1985.879 662.8139
1983.558 663.0967
1970.166 663.6075
1965.676 663.8312
1966.823 661.9763
1973.45 659.1139
1981.801 658.8369
1985.649 657.0618
1989.878 656.033
1972.697 649.6244
1972.117 653.6031
1967.084 656.3423
1964.818 659.3695
1946.992 665.8011
1963.051 644.9784
1943.782 654.6483
1940.51 643.9046
1935.645 622.112
1940.424 597.2196
1943.333 580.7274
1986.511 616.2307
1995.282 635.3865
2007.463 642.2961
2013.285 643.2604
2024.234 641.0757
2027.841 639.3705
2020.824 642.7519
2017.005 644.3851
2014.107 643.503
2012.765 643.0756
2065.206 639.9484
2032.074 591.0876
2017.252 571.5324
1983.415 550.1839
1976.569 547.9316
1976.453 547.8594
1967.699 547.4314
1960.672 547.2194
1956.731 547.1041
1954.163 548.0598
1951.829 548.1432
1950.2 548.798
1948.976 549.2786
1948.191 549.0512
1947.368 548.9791
1947.025 548.9034
1946.704 548.9801
1945.285 566.001
1943.091 585.1259
1936.635 609.543
1931.041 618.5026
1928.979 620.3455
1926.954 621.1599
1926.927 621.1161
1923.19 619.7872
1920.231 609.9363
1918.497 609.7339
1917.276 605.1039
1915.685 589.9859
1914.465 578.6055
1914.279 574.847
1913.786 571.7797
1913.675 570.3363
1913.222 571.8716
1912.746 572.1089
1912.219 571.8634
1910.676 574.1133
1909.977 572.4398
1909.185 572.802
1909.018 572.3345
1908.283 571.8095
1908.032 571.6744
1907.267 571.6624
1907.1 571.9598
1907.173 571.6127
1907.108 571.5826
1906.207 571.8184
1905.44 571.8046
1905.214 571.2735
1905.515 570.9655
1905.56 570.656
1905.639 569.9958
1905.717 570.4283
1907.196 570.4921
1906.968 570.4061
1906.354 569.0701
1906.299 568.7092
1905.965 569.5245
1905.459 569.5001
1905.017 569.5143
1903.672 569.3209
1902.015 568.753
1900.032 566.2908
1897.892 564.3951
1894.994 563.831
1892.034 563.3688
1888.177 561.804
1884.952 559.8522
1881.204 560.2557
1877.242 560.5572
1873.079 560.5083
1868.724 560.9172
1864.219 560.8351
1860.075 560.8091
1856.53 559.8245
1851.855 559.8538
1850.184 559.8041
1849.426 559.6394
1849.482 559.9211
1849.649 560.0828
1850.319 559.8805
1850.884 559.2197
1852.518 556.4684
1853.928 566.2332
1854.618 562.6403
1857.867 587.8662
1861.115 615.2794
1862.199 621.5773
1860.891 616.4929
1860.328 614.168
1861.731 619.5272
1861.833 618.2014
1863.591 623.4443
1865.602 627.512
1869.231 632.903
1872.879 635.417
1874.27 635.5718
1874.646 635.5293
1874.949 635.5539
1877.671 636.7844
1879.651 637.3986
1881.513 637.9346
1883.167 638.1958
1884.748 637.6066
1889.085 638.0371
1899.816 638.1359
1908.003 638.3678
1908.065 638.3142
1913.44 638.3408
1913.429 638.3464
1915.055 638.5509
1915.993 638.6474
1917.942 638.9606
1919.978 639.1711
1923.282 639.3646
1929.544 638.535
1939.883 635.9943
1948.394 632.6844
1953.162 629.4661
1956.036 630.0958
1964.05 628.05
1970.788 627.0959
1971.943 624.4539
1975.274 620.771
1981.337 620.1952
1985.139 617.5558
1987.226 612.8581
1991.429 617.6053
1992.264 618.8439
1993.836 631.0076
1996.679 641.5783
1995.66 646.5313
1982.073 606.6747
1974.949 566.419
1970.907 557.9936
1971.241 558.3293
1969.524 554.2569
1968.3 552.2927
1967.429 554.0278
1970.367 636.6417
1973.687 690.0516
1962.945 702.0911
1959.191 703.0535
1962.343 699.2447
1954.215 703.9304
1950.031 706.082
1946.59 705.7353
1942.437 704.7291
1945.326 691.5114
1939.118 694.1116
1940.08 668.5855
1939.368 670.7899
1941.286 620.4758
1949.347 614.0497
1960.713 591.6103
1968.423 577.877
1974.168 574.1293
1974.383 572.7325
1974.434 572.5997
1979.735 582.9613
1979.093 578.9158
1977.209 573.8318
1976.741 571.1718
1975.587 569.4237
1973.74 565.5541
1977.973 572.0359
1996.268 571.2375
1989.962 570.7805
1987.766 570.8597
1987.185 570.408
1983.796 568.9928
1979.59 568.0302
1978.515 568.1973
1977.378 568.5247
1974.343 567.5854
1974.378 567.4407
1974.407 567.2523
1975.511 566.94
1977.32 572.5801
1971.506 619.8713
1952.129 669.6321
1942.002 679.6003
1935.733 689.1234
1930.667 691.0773
1915.987 690.9128
1912.285 691.4536
1913.026 687.5321
1914.015 690.991
1913.48 688.7521
1910.519 690.6853
1912.81 692.9966
1911.82 692.9405
1906.758 696.3204
1906.964 695.0657
1908.529 694.4808
1909.74 694.2089
1921.973 680.6821
1907.38 603.9326
1883.856 576.925
1880.021 562.4402
1865.267 555.7495
1869.32 556.3156
1867.973 556.1725
1870.285 557.4843
1870.123 557.4169
1869.985 557.3795
1870.994 558.4143
1871.458 558.9045
1868.613 556.1219
1870.718 554.5052
1874.536 563.3483
1881.994 561.1984
1893.835 564.5213
1586.052 654.303
1591.953 653.9509
1595.825 653.3723
1595.738 652.7789
1597.486 652.6058
1599.3 652.7719
1599.174 652.5021
1601.903 652.22
1606.585 652.211
1608.299 652.148
1609.831 652.5168
1607.469 653.3393
1608.622 653.5443
1608.309 653.3043
1587.93 655.4651
1596.387 655.0569
1605.146 652.797
1616.533 652.73
1628.078 652.835
1635.278 652.8633
1653.276 653.0217
1700.869 654.1095
1744.552 657.0712
1768.273 659.7205
1781.802 660.97
1787.095 662.3034
1789.067 662.7496
1793.844 662.8565
1799.071 662.5292
1803.047 661.9822
1806.97 661.57
1807.749 660.7111
1803.161 661.0429
1799.991 660.9209
1792.063 660.9966
1790.417 661.0452
1792.731 661.0184
1789.902 660.1439
1786.537 660.1675
1785.493 659.0264
1767.667 662.0646
1776.262 661.7951
1764.834 663.1511
1852.998 650.187
1887.16 629.6556
1889.963 636.6522
1896.969 650.2766
1902.839 664.8139
1907.649 669.9597
1937.074 668.2778
1939.82 663.1944
1949.36 664.0394
1954.704 665.3276
1955.164 664.5602
1958.543 664.574
1960.278 664.3995
1959.542 664.4359
1958.109 664.5358
1954.543 664.2938
1954.036 664.1646
1951.302 662.4855
1953.806 659.9516
1957.547 659.9567
1959.495 658.24
1961.674 657.3058
1956.525 650.0803
1960.338 653.8152
1958.34 656.374
1959.121 659.3708
1942.994 665.7428
1885.366 646.7579
1900.582 655.5502
1858.311 644.8433
1842.759 622.6713
1826.463 597.5267
1816.392 580.8043
1876.276 618.1501
1922.725 637.4918
1983.656 643.2975
2002.365 643.7088
2019.54 641.2981
2021.119 639.7001
2015.691 642.9901
2011.085 644.6546
2007.57 643.8156
2004.742 643.4639
2003.688 643.6213
1922.177 594.3209
1883.417 574.0334
1833.507 551.2385
1828.236 548.8422
1828.094 548.7394
1820.121 548.0948
1815.562 547.7255
1812.362 547.5016
1808.976 548.3754
1806.789 548.387
1805.235 548.9884
1804.699 549.4426
1803.961 549.177
1803.772 549.0707
1803.77 548.9857
1803.86 549.0543
1816.2 566.2693
1842.631 585.7049
1886.019 610.192
1906.673 618.9128
1911.872 620.6714
1914.571 621.4161
1914.547 621.3666
1916.065 619.9622
1899.359 610.2444
1879.617 610.1234
1851.38 605.4075
1799.109 589.5663
1776.381 577.7324
1766.735 573.743
1763.925 570.6276
1762.757 569.1381
1762.662 570.6322
1764.272 570.8906
1764.961 570.6415
1764.282 572.824
1762.72 571.1284
1761.951 571.4532
1761.701 571.0094
1761.221 570.4758
1760.342 570.327
1758.485 570.264
1757.024 570.5081
1756.421 570.1387
1756.065 570.1115
1755.695 570.324
1755.821 570.3148
1756.024 569.8107
1755.776 569.537
1755.446 569.2309
1755.158 568.5839
1755.061 568.9871
1754.733 569.0258
1754.5 568.8971
1754.556 567.5494
1754.575 567.1946
1754.379 568.0065
1754.917 568.0036
1755.197 568.068
1754.993 567.8896
1753.639 567.329
1752.381 564.8887
1750.336 563.0151
1748.001 562.4573
1745.006 562.0089
1742.406 560.4887
1739.059 558.6038
1736.038 559.0433
1732.753 559.3589
1728.867 559.3364
1724.224 559.7369
1719.638 559.6532
1715.231 559.6423
1711.4 558.6812
1707.242 558.7062
1703.359 558.6776
1701.681 558.5276
1700.529 558.8137
1701.021 558.9989
1701.921 558.8354
1703.265 558.192
1705.116 555.5024
1739.878 565.8392
1731.387 562.0998
1799.958 588.0735
1842.042 615.4674
1856.669 621.6451
1855.379 616.6099
1856.353 614.2554
1861.797 619.5094
1861.355 618.1592
1865.844 623.3275
1869.618 627.3745
1874.294 632.7917
1877.749 635.3492
1878.527 635.5153
1878.882 635.4598
1879.258 635.4172
1881.115 636.6851
1882.253 637.3091
1883.511 637.863
1884.724 638.1389
1885.976 637.5512
1890.093 638.0145
1900.772 638.1401
1908.681 638.4001
1908.777 638.34
1913.895 638.359
1913.93 638.3221
1915.508 638.5032
1916.414 638.6046
1917.971 638.925
1919.527 639.1378
1922.023 639.33
1923.957 638.6678
1926.119 636.4449
1928.586 633.3558
1931.879 630.1471
1935.95 630.6335
1940.839 628.6327
1946.057 627.6647
1950.971 624.9747
1953.955 621.1067
1959.491 620.5337
1964.457 617.8366
1969.268 613.0253
1975.518 617.7038
1980.698 618.8878
1986.139 630.9285
1991.112 641.4227
1993.597 646.2734
1898.645 608.1496
1851.596 567.6284
1834.782 559.0394
1835.096 559.4387
1830.751 555.3229
1828.848 553.3181
1856.748 555.0117
1883.33 638.0995
1913.062 691.4401
1926.864 702.7976
1931.94 703.4908
1944.029 699.5065
1942.988 703.9577
1944.902 705.9697
1942.918 705.6986
1940.469 704.6301
1942.089 691.5395
1938.71 694.126
1937.972 668.6833
1937.604 670.907
1950.755 620.2766
1951.243 614.0336
1950.431 591.8962
1950.586 578.3299
1957.857 574.5655
1961.721 573.1254
1961.762 573.058
1967.547 583.4719
1967.656 579.3792
1963.596 574.3221
1961.538 571.6409
1963.363 569.774
1961.85 565.8279
1964.118 572.3721
1966.628 572.0485
1965.896 571.4509
1967.1 571.4816
1965.702 571.1101
1964.163 569.6479
1963.009 568.6271
1964.478 568.6911
1965.274 568.9673
1965.166 567.9436
1965.194 567.8055
1965.23 567.6592
1966.266 567.3925
1967.991 573.0576
1970.874 620.1447
1959.837 669.647
1947.167 679.6738
1939.528 689.2162
1933.263 691.1788
1917.5 691.0272
1913.547 691.5376
1913.695 687.5881
1914.54 691.0235
1913.889 688.7391
1910.885 690.6826
1913.151 693.0419
1912.134 692.9447
1907.027 696.2977
1907.191 695.025
1908.762 694.4443
1910.13 694.2599
1909.357 680.9105
1848.285 604.2687
1810.902 576.4178
1775.79 561.3701
1763.948 554.553
1757.839 554.999
1755.027 554.8124
1753.933 556.0656
1753.794 555.9818
1753.639 555.9028
1753.323 556.8924
1752.615 557.3144
1751.264 554.5591
1751.642 552.9597
1749.514 561.5273
1749.837 559.4638
1748.632 562.821
1749.084 562.775
1878.06 555.9278
1890.789 565.2614
1883.486 566.4788
1876.365 567.5261
1877.724 569.308
1878.172 569.8251
1879.28 576.0731
1881.194 573.5774
1883.453 574.2692
1891.901 578.7331
1878.176 576.146
1878.727 572.235
1915.374 561.7988
1894.83 553.2033
1851.764 555.2131
1834.46 554.4224
1833.666 554.181
1814.8 567.7801
1807.24 566.2372
1809.064 576.834
1824.446 589.34
1939.326 594.6586
1937.339 594.4229
1902.136 591.8788
1898.161 591.41
1893.489 590.9227
1887.659 590.4181
1881.232 589.8898
1873.657 589.3476
1865.123 588.7374
1855.027 588.0428
1844.743 587.2863
1829.661 586.1375
1816.394 585.0373
1803.88 583.9113
1789.28 582.4946
1774.077 580.9379
1757.24 579.1366
1740.985 577.3832
1721.786 575.3093
1703.041 573.344
1687.686 571.7537
1669.093 569.8871
1649.036 567.9539
1627.329 566.0458
1606.496 564.3366
1584.692 562.6928
1563.456 561.1999
965.9233 387.5926
942.6823 387.1867
1146.244 448.8732
892.2881 407.4468
857.4583 394.8978
832.4251 396.6924
809.0062 396.1974
790.3382 392.0127
767.6439 392.1812
754.2712 381.3945
740.821 411.3994
724.3486 391.3594
712.2002 359.6855
701.9316 347.0744
685.7412 344.2835
678.1204 334.5911
680.2178 323.3216
671.8724 317.3516
661.1523 312.9616
661.6266 303.3587
661.5498 295.1745
606.2761 425.7283
599.7864 333.6558
585.5195 319.4891
574.4437 306.9225
561.8151 307.1193
554.2705 302.5309
554.0208 295.7389
624.2474 452.9375
739.5332 520.9462
782.7536 526.0936
789.7646 527.2583
684.9778 448.925
660.779 296.1675
594.1758 413.9938
566.0078 508.2343
618.5781 369.0768
634.7891 321.0049
661.0068 292.4521
661.6813 308.9448
620.1279 483.3416
601.7249 501.2024
562.0482 500.5514
734.7005 510.1634
799.4241 515.295
820.597 517.061
771.6784 516.1122
715.3643 511.822
792.3659 515.6464
811.125 516.5269
618.9974 506.8304
668.554 509.2382
716.3392 511.5682
700.5765 511.4031
631.3542 506.4625
632.502 359.3822
631.7588 337.9391
629.1149 329.196
621.0918 328.4484
611.9707 329.0521
599.68 330.2747
591.0446 329.9971
587.4329 328.9222
587.8838 328.4209
588.7776 328.0335
588.1263 327.8898
587.3821 327.9919
584.6885 328.2346
579.7607 327.627
575.9053 326.9875
572.4268 322.7103
571.9525 320.3462
573.5554 320.2975
574.1693 320.8169
573.6937 321.1395
569.4655 321.0776
572.0964 320.5753
575.5195 320.0553
576.6234 319.4803
582.6602 318.8972
589.9883 318.1423
596.5091 317.7503
602.4603 317.4806
593.5137 319.0124
587.3796 322.4855
585.5775 326.6834
587.639 328.4313
572.625 340.3342
569.4271 344.2077
560.2888 351.7567
546.9261 362.4004
539.5417 368.7664
539.0918 369.7166
539.7057 369.5521
540.5482 369.0151
541.7956 368.0353
543.1582 366.9992
544.4704 366.1437
545.9277 365.3691
546.4912 365.3302
546.5098 365.7516
544.9268 367.7145
540.2458 372.5324
538.9866 374.6553
539.0403 376.1455
540.0693 377.5829
543.0452 378.2855
547.7311 378.9505
555.2881 378.723
565.4479 378.4129
580.9661 374.9704
593.2546 376.8283
606.5872 378.8918
622.5156 381.4126
639.8694 384.1966
659.1169 387.2829
680.4893 390.6662
702.5901 394.1071
725.3229 397.6413
749.0651 401.4429
773.5107 405.5902
798.1839 410.067
825.2425 415.173
850.5544 419.9642
875.0195 424.468
902.3235 429.3081
927.4202 433.619
953.7695 438.0885
979.2547 442.4256
2009.631 629.0101
2039.297 633.7816
2001.479 616.1156
2128.351 654.7302
2182.75 662.3682
2216.868 662.2663
2225.013 660.4788
2242.541 660.8907
2195.234 696.7321
2158.055 720.3019
2158.266 729.2623
2114.373 724.7217
2013.593 750.5588
1967.977 747.8821
1955.531 749.0038
1829.049 750.2582
1804.622 759.7834
1768.714 757.6236
1701.54 753.1649
1716.771 747.2649
1725.458 727.5131
1680.933 712.892
1722.887 669.0062
1730.42 669.5549
1612.017 681.9974
1617.109 682.4218
1621.54 682.6976
2406.002 675.0018
2408.755 675.2852
2410.669 675.6698
2411.629 676.122
2411.855 676.6459
2411.564 677.2106
2410.811 677.8279
1640 656.6752
1636.875 655.5582
1634.762 654.7261
2468.971 557.495
2423.877 544.0184
2421.859 544.3062
2419.678 544.6827
2417.651 545.0669
2408.403 538.2809
2462.071 555.7997
2459.956 556.0768
2462.02 564.8282
2459.877 564.9977
2458.699 565.1029
2456.682 565.3177
2454.774 565.5234
2487.325 561.0237
2485.69 561.3627
2480.294 573.2624
2477.134 577.3774
2487.254 564.5593
2486.055 564.738
1729.205 689.3808
2493.047 559.9221
2126.606 638.5669
2490.926 562.4871
2490.548 562.5151
1768.055 661.1484
2464.974 578.9519
2292.245 611.1611
1836.398 649.0601
1823.539 657.9031
1862.089 651.0443
1866.211 644.0559
1871.53 643.2173
1872.937 642.3425
1876.3 640.8337
1876.641 640.4003
1874.806 635.3174
1872.714 627.076
1872.869 628.8181
1870.007 629.567
1869.627 629.715
1867.479 633.0165
1864.925 632.4712
1864.383 633.6711
1864.915 633.5205
1860.76 637.5342
1859.367 635.7901
1860.323 634.8428
1861.495 634.3889
1860.891 634.372
1859.935 634.341
1859.67 630.2879
1859.827 629.0735
1861.392 630.1652
1863.123 629.7752
1867.507 630.07
1869.555 629.6161
1870.17 629.191
1871.786 629.77
1873.484 629.9466
1878.455 635.9026
1878.631 634.3917
1879.14 634.5076
1882.225 635.1522
1885.775 637.5541
1890.194 644.3384
1892.699 644.3861
1892.536 646.7253
1891.767 642.9635
1895.019 641.8273
1896.571 641.8331
1899.242 641.6542
1899.039 645.5657
1899.683 645.5431
1939.401 663.9634
1972.403 678.0905
1979.064 664.071
1981.291 655.4617
1981.272 644.7367
1983.366 634.4247
1982.907 632.8593
1982.335 631.8994
1982.015 631.8183
1982.008 631.652
1982.127 631.7972
1981.931 631.8988
1982.701 631.983
1749.37 560.5327
1748.929 559.714
1748.199 561.7738
1747.46 565.6467
1747.067 566.4181
1745.643 574.3514
1745.509 571.1516
1745.044 571.7404
1743.878 577.2039
1743.903 573.7377
1744.191 570.9044
1746.263 561.1403
1763.185 552.776
1764.21 554.4854
1764.371 553.7606
1763.547 553.4905
1765.234 567.2061
1791.965 566.3069
1799.729 576.921
1841.865 583.1718
1817.484 592.3926
1814.893 592.0924
1809.448 588.9703
1757.409 591.1867
1753.513 590.7657
1585.505 569.215
1579.757 568.9066
1573.417 568.5804
1565.935 568.2385
1557.527 567.8068
1547.584 567.2936
1537.474 566.7181
1522.652 565.8439
1509.632 565.006
1497.377 564.1279
1483.106 563.007
1468.262 561.7681
1451.819 560.3636
1435.93 559.0233
1417.16 557.4264
1398.832 555.8647
1383.822 554.5601
1365.637 552.9999
1345.982 551.4107
1324.631 549.9311
1304.076 548.7058
1282.511 547.5968
1261.483 546.611
1238.857 545.5754
1217.021 544.5779
1195.013 543.688
1165.723 542.6696
1143.301 541.9764
1121.829 541.2751
1099.341 540.4914
1078.202 539.7044
1057.071 539.013
1035.163 538.4805
1013.913 538.1234
868.5456 499.4588
877.0173 468.7619
726.3438 408.186
662.2546 378.1777
642.1553 368.0815
629.8057 363.1815
616.4456 358.0282
604.0361 352.449
590.3366 348.9811
580.8528 342.3768
543.444 348.521
526.8372 353.0788
507.9619 356.7586
495.528 356.2461
486.9212 353.5755
479.9867 349.6595
474.8135 345.047
481.9635 341.2669
499.9049 337.4147
505.3223 335.2227
520.3157 331.666
533.1204 328.4958
539.9655 327.2704
546.9453 326.6035
554.9095 326.7668
559.4509 326.8856
571.6543 328.4329
576.7783 328.9891
569.0693 326.6626
564.3347 325.2034
546.3411 305.237
532.4382 301.2567
525.1644 299.9955
519.3356 299.8262
521.4114 299.638
521.7181 300.2025
523.0023 300.8213
525.7266 300.9858
527.6855 301.4124
530.8226 301.3452
602.6296 354.9225
573.5124 328.6346
549.4014 309.8496
541.8965 305.304
542.5247 304.4544
543.8616 304.0477
543.7607 304.2428
544.1276 304.6021
544.3206 305.1211
545.7334 305.1953
547.6211 305.1211
549.7679 304.942
552.1367 304.7293
553.6227 304.832
555.2044 304.834
556.6198 304.8037
558.1155 304.7259
559.9349 304.4398
561.9102 304.2039
564.1348 303.8656
566.3594 303.6808
568.7204 303.5441
570.8268 303.6927
572.6468 304.2435
576.5657 304.104
580.9922 303.9201
585.3223 304.4888
591.0332 304.713
596.8239 305.0815
602.7334 305.4883
609.0388 305.59
610.7171 307.7228
613.2767 309.4242
616.3216 310.8501
620.7302 311.6071
615.6927 316.1235
617.0726 317.4188
648.4899 356.4674
773.4941 495.2737
643.5596 366.4346
651.7243 357.036
638.4873 368.1922
620.6465 334.7747
617.4557 348.7682
621.7243 338.3504
620.2067 326.0444
662.9382 327.6165
626.5475 325.3019
618.4173 324.8486
614.4593 324.8914
608.6224 326.2127
607.513 326.4941
607.2936 327.2284
595.7852 359.987
607.1211 367.3053
617.1895 360.8805
636.4661 366.8965
672.5329 372.3768
676.3438 367.9624
780.4775 355.0313
792.4684 357.4518
805.4554 360.0757
820.9593 363.2428
837.8509 366.721
856.5967 370.5602
877.4333 374.7498
899.0046 378.9854
921.2025 383.2791
944.3753 387.7983
968.2079 392.5999
992.2384 397.6593
1018.601 403.3304
1043.304 408.5959
1067.24 413.5181
1094.019 418.766
1118.683 423.3866
1144.613 428.0916
1169.719 432.567
1194.91 436.8771
1804.045 639.717
1640.218 561.7278
1848.473 629.2589
1898.52 647.4947
1917.781 643.7676
1931.249 644.2319
1955.729 643.8502
1736.847 722.0352
1865.742 651.0119
1883.162 623.0468
1888.496 616.4854
1898.14 614.872
1903.263 617.7133
1927.365 645.7402
1936.479 645.0952
1940.328 641.1285
1936.912 639.4188
1924.967 639.1787
1911.517 638.8943
1891.525 638.3217
1885.474 637.3934
1881.165 635.832
1872.445 634.6607
1864.772 633.9927
1857.657 633.7506
1850.862 631.9097
1845.13 630.0621
1839.521 628.8546
1833.745 627.4164
1830.414 625.7681
1828.244 624.9958
1824.575 623.606
1822.389 622.999
1817.096 621.881
1814.099 621.184
1814.096 619.6426
1815.658 619.7657
1814.603 619.3916
1813.991 619.1505
1796.405 698.3884
1804.696 666.6973
1806.017 656.3799
1807.659 690.5784
1805.732 729.3865
1809.234 742.0814
1814.706 745.6589
1818.191 745.7092
1824.713 745.1615
1831.846 744.1133
1833.575 743.2183
1835.193 742.6265
1836.719 742.6358
1837.774 742.5358
1839.137 742.3627
1840.063 742.4163
1842.526 742.6934
1844.604 742.6258
1846.658 742.486
1847.196 742.3029
1847.883 742.085
1848.487 741.8594
1848.56 741.5088
1864.552 704.3914
1888.019 625.4545
1899.011 610.8345
1905.763 638.4772
1916.757 663.2846
1922.289 697.726
1925.094 706.3287
1925.598 705.8495
1929.596 713.9787
1931.381 715.3761
1934 716.4657
1936.379 716.3632
1936.911 716.3238
1936.727 716.3676
1936.113 716.4388
1935.21 716.7904
1934.469 716.7724
1933.542 716.6784
1932.84 716.3448
1931.908 716.0412
1931.021 716.1534
1930.109 716.1131
1929.296 716.0139
1928.571 715.7955
1928.041 715.4519
1927.809 715.1497
1927.57 714.7014
1928.051 714.5519
1928.45 714.2733
1928.074 713.8372
1928.618 713.4503
1929.248 713.0394
1929.795 712.6953
1931.033 712.7038
1932.604 712.1044
1933.869 711.4312
1933.785 710.6763
1934.744 710.0469
1935.064 709.7224
1935.569 709.7165
1936.141 709.8098
1937.094 709.9906
1937.308 710.2484
1937.748 710.6401
1937.994 710.6541
1938.607 710.7827
1930.916 702.1486
1919.343 692.6146
1922.917 654.1198
1924.289 638.6357
1924.72 633.9896
1925.253 631.9741
1925.512 631.9448
1926.165 631.6841
1926.712 632.0302
1928.958 632.126
1929.756 632.3738
1930.173 632.5646
1930.46 632.7094
1923.806 623.0354
1983.266 622.6825
1982.851 601.8198
1982.749 607.261
1982.804 601.7566
1987.114 620.9086
1987.782 615.0352
1987.607 604.4338
1942.831 610.2073
1913.327 620.9946
1931.18 626.4871
1964.615 631.1878
1976.938 633.0143
1980.575 622.2474
1980.735 602.9427
1979.598 591.1838
1979.214 585.7554
1978.359 583.0308
1976.824 581.2697
1978.172 581.3941
1979.83 586.3609
1981.158 601.5121
1979.811 596.9544
1978.989 596.7586
1978.135 596.2055
1977.867 595.5364
1976.43 592.0007
1975.162 588.5432
1974.047 585.5732
1973.397 584.9199
1972.926 587.1199
1971.95 587.2299
1971.177 588.1752
1970.44 588.2143
1953.459 601.5108
1946.047 609.2571
1944.31 610.4843
1950.921 606.3346
1948.736 609.5836
1946.715 609.9747
1944.956 610.9248
1948.856 602.4594
1952.929 597.4059
1956.662 595.0618
1958.948 594.4269
1961.336 594.881
1963.116 595.4017
1967.089 598.2938
1968.697 601.3614
1967.281 604.2406
1968.381 606.2906
1966.633 609.1976
1959.973 612.2029
1958.524 614.2924
1953.506 616.1937
1953.175 620.2236
1953.056 624.1221
1952.393 627.1233
1951.855 629.5286
1949.316 631.6321
1949.453 634.4052
1949.232 635.5776
1948.223 636.7808
1947.199 638.5432
1944.786 631.7999
1941.464 631.5985
1940.726 629.0395
1939.347 626.3915
1936.595 617.3132
1944.065 631.8894
1945.404 634.9417
1952.076 637.3553
1943.274 582.7476
1940.289 593.8793
1929.657 612.6143
1912.905 624.5432
1899.829 629.9907
1907.808 618.848
1897.593 596.9862
1892.513 607.354
1887.252 614.97
1887.246 627.0528
1888.208 632.2155
1872.368 647.8503
1877.766 644.2005
1873.042 646.8398
1874.879 635.3256
1808.857 699.5674
1747.294 718.7566
1703.438 730.1156
1652.864 744.5174
1628.503 749.262
1655.826 750.4643
1634.243 747.8645
1620.409 747.5906
1615.643 748.1068
1613.677 748.3485
1613.119 748.1873
1611.87 749.1452
1610.698 749.8989
1610.542 750.1357
1609.322 750.7867
1609.039 751.1299
1607.421 750.9935
1605.958 751.1346
1603.152 750.6899
1599.862 750.2984
1598.59 750.5938
1606.985 749.9865
1623.654 751.1951
1618.885 751.6882
1617.578 752.0615
1631.186 753.2338
1625.783 753.5856
1619.915 754.6757
1612.351 757.8629
1608.948 758.9482
1603.773 759.9586
1603.395 760.0003
1606.133 759.1432
1608.194 758.6453
1611.261 758.1517
1616.91 758.0143
1618.874 758.3024
1621.472 758.5016
1620.772 758.7574
1620.311 759.5093
1619.412 760.5369
1619.976 761.08
1619.563 762.128
1619.197 763.5709
1618.482 764.7748
1619.053 765.5399
1615.792 768.1564
1609.518 770.5991
1606.243 771.8754
1599.202 773.3264
1602.518 774.2932
1606.271 776.6213
1645.662 783.8282
1662.488 787.6798
1685.688 792.9858
1698.397 797.7328
1703.271 800.0161
1705.479 800.5067
1705.042 800.7461
1699.112 799.8582
1696.112 799.2468
1692.044 799.022
1691.889 799.326
1691.587 799.5593
1692.923 799.0219
1692.927 799.0286
1692.671 798.7972
1691.384 799.1927
1690.691 799.4666
1690.127 799.6468
1690.438 799.2678
1692.414 797.8804
1694.875 795.5833
1696.592 793.6035
1695.719 793.3378
1695.308 793.4434
1690.32 794.3389
1689.69 794.1735
1682.643 794.6644
1675.364 794.3052
1668.803 793.6535
1664.681 793.2092
1660.952 792.7359
1658.779 792.3384
1656.983 792.0993
1657.27 792.4683
1657.37 792.7761
1658.129 793.0743
1658.103 793.6169
1660.298 794.8892
1665.58 796.4232
1672.776 798.0071
1679.455 799.6632
1687.436 800.7275
1695.776 801.3406
1698.249 801.5865
1706.825 801.7593
1708.775 801.8575
1706.487 802.0538
1703.722 802.4998
1742.705 807.2332
1728.621 807.1774
1723.855 807.4623
1720.542 807.7755
1718.05 808.1791
1714.966 808.347
1711.755 808.8309
1708.588 809.6023
1707.712 809.9664
1707.23 810.2056
1708.292 810.1514
1709.326 809.9774
1710.932 809.3852
1712.448 808.8944
1786.647 817.2111
1814.803 827.4821
1814.456 827.488
1814.125 827.4932
1814.149 827.3682
1814.078 827.2421
1835.508 837.7593
1901.565 854.4205
1911.715 856.5875
1925.209 859.3214
1932.11 859.8105
1924.546 860.0976
1917.629 860.6258
1916.423 861.1917
1916.404 861.5047
1916.577 862.1819
1916.413 862.0869
1915.741 861.8959
1914.828 861.5272
1914.876 861.3024
1917.958 860.345
1911.435 858.8777
1595.852 842.5666
1611.764 829.8671
1628.257 818.1187
1629.118 816.4768
1628.696 816.3966
1637.738 812.9435
1632.474 813.6544
1636.022 813.1003
1638.483 812.7166
1639.436 812.2906
1639 812.202
1638.617 812.1937
1638.064 812.3062
1637.187 813.0496
1635.653 813.5335
1635.235 813.5865
1634.963 813.5006
1633.857 813.6111
1633.243 813.5912
1632.945 813.6926
1632.307 813.6785
1631.491 813.647
1630.433 813.588
1628.89 813.4744
1627.175 813.1914
1624.487 812.791
1622.705 812.6805
1620.392 812.5109
1617.965 812.1879
1615.383 811.7451
1611.854 811.3925
1609.021 811.0197
1608.592 810.6479
1606.986 810.1369
1603.753 809.4745
1599.519 808.6536
1595.517 807.9338
1585.91 806.6116
1552.742 802.2587
1473.89 787.5292
1260.871 724.0842
1088.95 635.3344
1086.801 606.9099
1085.155 572.5699
1057.326 562.269
1056.67 556.9445
1042.373 554.2504
1031.162 550.7467
1018.071 546.6964
980.5303 548.2811
937.8372 552.4771
983.0103 605.2924
920.4802 580.0958
852.4453 554.5096
817.7018 548.5455
792.2012 542.9043
871.4567 586.2202
890.7822 600.0764
891.3864 603.4602
827.3421 563.8508
821.7991 560.8816
824.5749 561.0369
816.5862 556.2192
803.9085 551.0012
800.6198 552.8938
806.4479 557.8727
691.6116 579.8107
603.902 596.735
545.905 508.6129
557.3903 516.9731
599.0837 511.0553
623.4075 515.4679
643.1419 525.3306
595.709 513.2262
536.1966 484.9981
633.1865 543.0546
650.4141 555.0618
644.9619 547.2225
1898.797 601.6569
1905.998 606.4072
1884.972 600.889
1882.603 621.6388
1871.623 615.4037
1865.585 604.5677
1852.72 609.3856
1848.899 619.9739
1885.873 626.0278
1922.659 631.1799
1932.82 633.2751
1905.085 622.5803
1898.828 603.0016
1888.008 591.1217
1877.063 585.524
1869.646 582.6668
1863.954 580.8425
1861.752 580.996
1866.295 586.1279
1882.933 601.7637
1877.234 597.1196
1870.913 596.8798
1862.07 596.275
1853.127 595.5258
1853.98 591.9347
1854.399 588.4219
1854.896 585.4218
1854.852 584.7239
1861.105 587.0631
1859.891 587.1779
1856.14 588.1106
1855.092 588.1702
1854.692 587.3303
1854.243 586.9105
1853.978 586.1393
1850.109 587.3525
1846.654 588.1701
1847.834 587.9738
1848.111 587.7825
1849.306 588.0753
1850.56 588.6948
1851.802 589.4868
1852.844 590.4193
1853.544 591.4753
1854.141 592.5951
1851.487 595.5775
1846.793 600.0903
1835.857 605.6324
1832.502 607.86
1831.475 612.6609
1888.169 619.2114
1882.304 619.8346
1888.093 620.1994
1913.368 622.6858
1927.237 625.0063
1933.018 626.9367
1935.19 629.0479
1939.728 630.7391
1941.261 632.8533
1938.378 635.562
1936.429 635.6371
1934.56 636.7039
1931.609 635.8146
1928.891 632.0032
1907.993 627.4632
1878.542 623.7834
1866.202 611.3522
1874.151 628.7099
1874.123 632.2598
1874.566 635.0502
1874.389 639.0875
1873.773 641.0161
1872.87 641.0782
1871.824 638.8747
1870.97 637.4731
1871.368 636.5417
1872.632 632.9319
1872.119 633.2913
1872.267 633.519
1874.582 634.4398
1876.804 635.5559
1871.329 642.2023
1873.308 642.3815
1872.514 644.2607
1869.675 645.7509
1800.465 697.7892
1742.724 716.2574
1702.573 727.1988
1655.286 741.956
1631.657 747.113
1657.986 748.5553
1637.125 746.2099
1622.979 746.1901
1618.011 746.729
1615.753 747.101
1614.938 747.0604
1614.085 747.7149
1611.771 749.2754
1611.806 749.4619
1610.387 750.3037
1610.036 750.7324
1608.243 750.7297
1606.755 750.9465
1603.732 750.6739
1600.602 750.1984
1599.434 750.5353
1608.268 749.7006
1625.275 750.8101
1620.341 751.354
1619.025 751.6658
1632.542 752.8336
1627.139 753.2325
1621.319 754.2841
1613.653 757.4893
1609.978 758.6193
1604.494 759.6695
1603.853 759.7512
1606.412 758.9293
1608.334 758.4991
1611.268 758.0635
1616.796 757.9091
1618.68 758.1365
1621.16 758.2531
1620.39 758.3967
1619.91 759.0948
1618.913 760.0698
1619.41 760.5349
1619.025 761.5681
1618.618 762.9269
1618.028 764.2408
1618.471 764.7811
1615.231 767.3396
1609.014 769.7698
1605.821 771.0129
1598.892 772.3893
1602.352 773.3452
1606.176 775.616
1645.471 782.8852
1662.263 786.6692
1685.377 791.9288
1698.119 796.866
1703.077 799.2733
1705.36 799.8278
1704.953 800.1613
1699.042 799.3224
1696.026 798.7755
1691.972 798.5894
1691.852 798.8544
1691.627 799.1147
1693.033 798.5719
1693.058 798.5691
1692.706 798.3962
1691.279 798.9014
1690.406 799.2741
1689.761 799.5623
1690.091 799.2218
1692.185 797.8138
1694.821 795.4529
1696.673 793.4286
1695.938 793.1428
1695.719 793.3376
1690.832 794.3573
1690.32 794.3387
1683.372 794.9559
1676.16 794.6933
1669.647 794.0942
1665.542 793.6463
1661.791 793.1216
1659.609 792.6765
1657.874 792.4142
1658.171 792.6965
1658.381 792.9277
1658.488 793.0954
1658.814 793.5958
1660.986 794.797
1666.233 796.2866
1673.382 797.8564
1680.003 799.5469
1687.93 800.6468
1696.215 801.2729
1698.767 801.5026
1707.419 801.655
1709.736 801.7103
1707.483 801.9501
1704.719 802.4153
1724.98 806.0709
1715.716 806.3452
1712.469 806.5793
1709.783 806.856
1707.491 807.186
1705.266 807.3733
1703.738 807.9073
1702.331 808.7764
1701.676 809.1728
1701.342 809.5127
1703.732 809.5409
1707.727 809.6308
1711.184 809.2244
1713.831 808.8271
1738.076 815.4357
1735.998 825.2088
1735.595 825.2187
1735.254 825.2145
1734.928 825.2104
1735.02 825.087
1729.406 835.3101
1715.447 851.9229
1713.552 854.1517
1710.678 857.0403
1710.629 857.6864
1711.207 857.9302
1711.958 858.4543
1712.165 859.0698
1712.717 859.4109
1712.967 860.0971
1714.304 860.0376
1715.866 859.9118
1716.802 859.5542
1717.527 859.3309
1718.537 858.5569
1710.95 856.3719
1684.807 814.3926
1554.02 771.3975
1506.097 777.7081
1499.21 766.222
1498.983 766.1407
1495.229 763.7599
1494.32 771.3146
1497.939 776.8242
1497.539 779.4944
1492.188 783.1041
1491.852 782.9637
1485.808 786.2523
1483.091 787.6186
1477.788 790.3278
1474.543 792.0071
1473.238 792.4608
1472.975 792.661
1471.602 793.5173
1470.939 793.7429
1470.047 794.0857
1469.351 794.1631
1468.61 794.1784
1468.026 794.0959
1467.104 793.9046
1466.671 793.4058
1466.018 792.9905
1464.1 792.8432
1461.975 792.614
1460.829 792.2585
1459.754 791.8797
1457.35 791.5101
1454.923 791.0756
1453.178 790.6554
1451.238 790.1533
1448.179 789.3977
1445.176 788.6019
1443.447 788.0882
1438.672 786.9861
1421.225 736.0621
1335.843 658.918
1281.304 621.7079
1217.734 579.1239
1195.465 563.6855
1170.101 546.234
1224.264 566.0843
1215.472 563.2088
1206.14 560.2405
1195.053 556.8088
1183.409 553.2715
1169.847 549.1857
1154.002 544.4214
1137.117 539.332
1119.01 533.8905
1100.765 528.3884
1081.259 522.4129
1061.527 516.2278
1041.029 509.6142
1021.695 503.1393
1003.429 496.709
985.1404 489.877
967.8561 483.04
951.1182 476.1693
934.1732 469.1916
918.155 462.7816
902.4902 456.7661
886.2806 450.7878
871.8259 443.7513
857.0596 438.7533
838.9011 432.756
822.2754 427.4574
805.6403 422.3723
788.7021 417.3838
771.4446 412.5182
754.0554 407.7394
736.9798 403.2141
720.79 398.9876
704.2184 394.877
688.6185 391.0189
672.6116 387.2419
667.293 556.6929
659.5771 548.7697
658.863 546.685
575.7324 516.328
628.8327 540.5536
652.7318 550.0504
643.1898 530.33
651.8099 528.7916
666.2741 538.7303
642.8181 525.8936
627.4886 524.0621
621.1042 525.939
607.209 519.3397
619.7715 526.4641
687.8333 489.6836
707.4766 475.0352
669.9476 491.3967
504.8854 481.8236
560.9398 502.0274
557.2155 501.0544
598.3896 525.0583
549.7595 517.1807
560.8646 509.6227
578.8835 512.9308
589.9017 513.607
593.5026 514.2669
602.6146 513.6285
612.0599 511.9505
619.5352 510.2253
621.4824 509.505
639.1868 518.3588
642.5941 520.2632
673.2653 546.468
675.155 557.0683
675.3076 560.429
676.9105 561.6965
664.5208 556.1362
662.2318 559.3431
662.4971 556.9216
660.7864 556.8069
658.0518 553.3268
656.6211 552.3903
653.2142 544.6561
648.8682 545.8641
649.6055 547.1462
646.9323 549.0136
650.014 554.596
649.3952 556.3521
649.8005 550.442
652.9349 549.6909
662.6227 555.9552
676.6409 565.1002
703.5641 577.5861
710.4424 582.9606
734.3691 594.7442
714.9229 586.024
711.8431 585.5034
708.8128 588.5074
706.4883 589.2646
708.1279 591.9235
710.7025 597.4772
692.8284 589.3741
691.3675 589.874
663.3893 577.4209
672.0491 582.5216
689.4863 592.4672
693.2341 594.2672
504.682 485.0586
594.2344 540.6354
627.793 560.3342
644.32 568.6693
652.4138 574.9218
662.7737 580.4808
664.5332 577.6628
665.5449 577.4081
554.8821 496.3194
619.303 551.6398
695.0892 601.933
688.4189 593.175
704.6133 601.1601
709.6634 600.7133
723.3343 605.5627
751.9827 619.9114
764.8906 622.7325
782.8906 625.8533
813.971 625.7762
864.6439 626.9157
920.6123 655.4809
1026.886 690.9067
1054.764 691.838
1126.577 708.4265
1187.96 720.0349
1223.318 724.7612
1360.513 746.7065
1511.024 766.8102
1617.699 774.3739
1565.918 775.2828
1658.78 790.4577
1663.288 793.3295
1728.223 796.5267
1809.293 805.581
1869.78 810.5169
1898.752 817.6247
1878.845 814.8606
1896.934 812.9246
1894.348 814.1556
1854.813 816.101
1894.009 816.1656
1979.818 814.4906
1888.635 818.4417
1824.776 820.8568
1861.241 820.3337
1852.936 795.6212
1869.808 771.5609
1876.335 761.4756
1888.11 777.3221
1872.655 737.1757
1853.191 736.9121
1841.876 748.6877
1831.322 759.6226
1827.497 795.7296
1818.23 805.4369
1803.208 780.6502
1791.187 792.3775
1798.025 802.5647
1807.238 808.3386
1869.661 812.7635
1844.791 814.5254
1846.323 815.2743
1837.926 813.4209
1821.223 813.476
1800.602 813.8008
1784.455 814.8784
1777.333 815.6061
1726.398 817.6879
1691.853 818.5523
1668.915 820.0628
1657.733 820.757
1651.526 821.3446
1674.839 821.6446
1681.042 821.3942
1691.288 821.3707
1706.253 821.3134
1719.615 821.333
1741.583 821.0096
1741.13 820.2488
1741.466 819.8007
1740.29 817.9528
1740.512 816.1652
1742.004 814.8604
1744.799 813.304
1746.536 812.4429
1747.915 811.6619
1748.624 811.0929
1748.378 810.7529
1748.536 811.3398
1748.308 812.2682
1748.182 813.8315
1748.613 814.563
1748.207 816.5744
1747.876 817.2601
1747.297 817.6854
1745.681 818.2147
1744.543 818.3873
1743.569 818.6843
1742.264 819.2122
1745.002 818.9802
1747.106 818.7103
1749.656 818.4341
1752.111 818.184
1754.268 818.0045
1752.314 817.9803
1754.094 817.9293
1757.742 817.694
1753.069 814.9957
1559.187 789.4542
1641.792 763.3771
1662.445 750.1313
1674.642 726.6658
1671.693 720.546
1672.702 715.6676
1663.09 717.7849
1669.192 725.4442
1672.604 717.0627
1685.659 722.931
1683.089 718.0742
1690.111 720.5064
1711.76 724.4112
1709.888 724.2865
1703.33 722.1201
1695.948 719.6568
1705.402 721.8015
1716.035 724.074
1727.181 728.3427
1721.001 727.1129
1713.087 724.2109
1708.778 723.5498
1710.848 723.5558
1714.569 724.3665
1723.902 726.0922
1727.2 726.0087
1731.981 726.1395
1736.093 726.8975
1737.263 726.848
1738.34 726.5814
1739.228 726.9421
1739.325 726.3403
1739.637 727.1152
1739.754 726.549
1739.457 727.2924
1734.483 722.5685
1726.404 720.6486
1726.583 718.8973
1727.769 717.209
1729.154 716.5434
1725.437 713.1202
1725.556 710.4374
1725.802 708.1577
1707.801 699.6014
1708.17 697.2784
1711.427 692.9142
1712.293 688.5615
1712.55 684.7471
1712.588 680.2772
1712.315 677.1404
1686.922 669.8799
1669.51 664.1938
1680.591 664.7485
1683.773 663.2205
1686.611 662.5385
1689.553 660.7697
1693.337 664.8292
1693.974 667.5731
1695.042 665.5822
1695.382 658.9705
1693.899 657.3481
1690.506 654.6496
1690.051 652.055
1678.47 648.4138
1682.437 650.2493
1681.866 650.0514
1678.536 650.0051
1679.078 649.3716
1675.933 645.6926
1675.549 647.4186
1677.714 649.339
1679.808 648.3026
1681.762 642.126
1689.115 643.6416
1706.238 651.002
1720.323 655.9011
1729.848 656.2016
1732.541 654.4846
1737.116 653.4844
1737.196 652.1471
1739.353 651.3429
1727.846 646.5199
1704.483 643.3724
1706.72 648.3896
1718.155 654.9638
1725.115 653.8725
1729.71 650.5375
1721.538 647.0903
1703.82 644.2369
1690.509 641.2532
1676.547 639.32
1675.839 637.5008
1676.259 635.4893
1677.632 633.5844
1678.984 631.7859
1680.269 628.4741
1681.016 625.2398
1681.832 624.1451
1682.432 623.0167
1684 623.315
1685.334 625.2863
1686.634 623.3698
1688.221 626.2493
1604.167 620.8736
1493.755 609.0608
1453.236 603.1029
1453.202 601.7662
1470.244 602.9131
1476.098 602.4244
1525.616 588.246
1706.821 542.7415
1735.97 531.9575
1742.763 527.9613
1743.883 525.4389
1743.97 525.9407
1743.744 524.4111
1742.555 522.1743
1742.833 518.9681
1743.823 516.9401
1744.121 515.568
1743.789 514.6669
1743.487 514.4023
1743.009 513.9169
1742.825 512.9824
1742.729 511.6715
657.7907 383.7065
642.8688 380.2179
629.1403 376.8773
616.0439 373.8011
604.3284 371.0573
591.6575 368.2663
579.2868 365.639
567.2539 363.1294
555.5664 360.6392
545.7207 358.745
536.1595 356.6377
526.7441 354.6657
518.5524 352.9255
510.8705 351.333
503.8053 349.7168
578.5286 506.0575
641.0544 448.4377
590.8401 490.9229
587.9446 490.1771
598.374 524.0427
612.7624 484.5515
599.3226 482.2803
568.3659 488.2127
587.207 496.2868
587.86 496.3922
588.9932 495.9621
590.5895 495.3185
614.5225 502.7202
587.9629 494.2196
620.638 512.4673
617.0306 520.3061
591.333 527.5284
578.8079 527.1016
571.502 525.4869
569.7288 524.7659
553.0833 516.343
555.0593 520.3709
551.6566 516.2811
557.3235 518.5041
561.5452 517.5261
564.3483 518.0026
572.6579 514.1188
589.1403 523.3312
593.7451 525.8115
600.6146 530.9315
607.4189 537.6863
613.0124 541.697
613.0801 535.6161
603.5664 529.6271
610.8392 534.7971
614.0833 539.264
618.3128 542.5335
621.2614 546.0238
622.4622 548.7526
599.9938 536.9896
579.4639 527.755
570.6882 526.8063
571.0088 527.7278
578.8955 532.4293
578.931 535.6299
477.249 384.2303
491.0215 379.8418
505.5544 377.8781
515.6702 381.064
528.375 394.9974
534.1188 396.6776
565.6628 427.1704
555.0244 420.7044
558.1872 415.5132
575.3942 412.595
587.2002 417.5534
595.2598 421.8892
607.1973 427.82
620.3646 433.8678
634.4639 440.1473
653.4082 445.4818
671.3652 450.4129
686.3607 455.9168
699.3333 462.2956
712.1745 468.5247
726.6543 474.1242
754.3171 477.2632
775.2357 480.1817
798.3613 481.9038
833.3509 481.3345
880.8353 479.2051
898.0859 525.4269
1011.654 520.3858
1097.109 535.3486
1188.198 577.9787
1180.229 694.3312
1211.548 715.029
1356.828 746.2412
1494.888 770.5098
1596.84 784.4607
1524.704 780.7352
1639.908 798.0276
1598.584 797.6484
1695.904 797.8878
1921.325 804.1795
1971.838 805.8064
1894.144 818.4888
1855.568 815.5854
1844.127 814.9461
1744.675 817.5923
1732.589 817.6147
1759.482 819.1517
1765.264 822.1949
1717.002 820.361
1729.142 821.0344
1730.009 821.1867
1734.534 796.2623
1733.097 772.6826
1712.301 762.3085
1703.716 778.1448
1671.703 736.4271
1662.115 735.0587
1653.277 745.9699
1642.112 755.9844
1643.08 792.1618
1639.264 801.5587
1661.29 777.5615
1668.919 789.6354
1682.67 800.4222
1700.453 806.876
1728.971 813.0242
1738.767 814.5494
1768.135 815.8197
1772.376 813.9575
1764.858 813.8195
1761.951 814.033
1760.131 815.1226
1762.266 815.9021
1741.691 818.3785
1769.96 820.6923
1837.157 822.9435
1905.569 822.6371
1952.289 822.3546
1964.308 822.4565
1971.129 822.6633
1974.663 822.833
1976.211 822.8896
1976.295 822.8109
1961.474 822.61
1964.554 822.4665
1965.407 822.3086
1967.493 822.1746
1969.624 822.0025
1971.561 821.7306
1932.631 822.6811
1941.036 822.0312
1944.374 821.5764
1948.348 821.2153
1917.099 821.4187
1923.087 821.1167
1932.319 820.9268
1940.252 820.7
1944.094 820.4478
1951.654 820.3829
1954.206 820.3785
1955.668 820.505
1956.743 821.0306
1921.404 822.1998
1885.537 823.1329
1904.314 823.229
1860.281 823.4652
1817.74 823.3881
1791.865 822.6588
1778.411 821.7183
1771.669 820.8595
1745.202 819.8679
1755.661 819.5366
1762.125 818.9858
1743.999 813.5942
1536.187 783.9775
1568.85 755.8318
1576.119 742.4091
1585.997 719.928
1588.455 714.324
1590.733 709.6824
1585.965 712.0227
1579.52 718.7564
1585.688 710.7919
1580.989 715.5764
1584.489 711.1976
1582.496 713.1432
1580.393 715.8483
1581.133 715.8348
1583.089 714.1396
1585.262 712.2075
1584.406 713.8536
1583.102 715.5807
1580.094 719.1399
1581.032 718.1078
1583.091 715.8506
1583.638 715.4479
1583.887 715.4228
1583.711 716.131
1583.065 717.4797
1583.424 717.2688
1583.42 717.3989
1582.823 717.9437
1582.747 717.9462
1582.636 717.903
1582.241 718.0881
1582.49 717.4719
1581.105 718.2941
1580.625 717.8655
1578.604 718.5214
1581.199 714.6289
1581.777 712.8323
1582.883 710.7427
1583.523 709.5295
1583.882 708.757
1585.932 705.6701
1584.885 702.9883
1586.095 700.7747
1585.025 692.8389
1586.062 690.7047
1580.682 685.6353
1576.913 680.8703
1576.694 677.2858
1576.455 672.6492
1576.85 669.6137
1579.854 663.9782
1582.186 659.6263
1581.717 659.5562
1583.722 658.2626
1583.23 657.1483
1583.307 655.3439
1580.126 658.9037
1577.475 661.6777
1577.858 659.3884
1580.72 653.2468
1580.755 651.6284
1581.527 648.6948
1581.628 646.7717
1583.191 643.8844
1582.89 645.5777
1583.536 645.5344
1584.181 645.7414
1585.257 645.1624
1586.77 641.8309
1585.784 643.4683
1584.627 645.275
1586.555 644.7303
1592.346 638.626
1592.75 639.5253
1590.888 645.8655
1590.231 650.1639
1617.892 652.2724
1628.376 651.3367
1644.718 651.6952
1645.251 649.2178
1651.838 649.5057
1651.181 644.981
1657.097 642.9808
1662.314 648.2607
1665.044 654.4166
1665.791 653.1034
1668.153 649.7085
1668.796 646.5791
1669.477 644.4557
1670.329 642.6475
1671.228 640.8301
1672.411 638.9095
1673.533 637.1315
1675.034 635.2666
1676.607 633.4761
1677.92 631.862
1679.285 628.9067
1680.121 625.7208
1681.056 624.7639
1681.939 624.9819
1682.881 626.9759
1683.919 625.2247
1684.539 627.8264
1600.492 621.939
1491.525 610.4666
1451.534 604.532
1451.532 603.2041
1468.574 604.4294
1474.66 603.8734
1505.529 588.0693
1654.415 542.9672
1684.253 532.6451
1689.567 528.6811
1692.576 526.7012
1690.788 526.7222
1695.256 525.074
1686.424 522.6359
1674.424 519.2977
1667.435 517.1457
1659.112 515.6525
1652.425 514.6167
1647.886 513.9789
1645.479 513.5369
1643.785 512.766
1642.708 511.5301
1648.663 510.3181
