1920 480
1920 480
734.0693 439.7773
734.0446 439.772
734.0625 439.7615
734.0114 439.7546
734.0091 439.7376
734.0534 439.7213
734.0293 439.707
734.0403 439.7106
733.9427 439.7043
733.9466 439.6792
733.9691 439.6859
733.9834 439.6488
733.9404 439.646
733.9619 439.6214
733.9564 439.6069
733.9261 439.5963
733.9411 439.5693
733.9404 439.5719
733.9235 439.5483
733.9138 439.5266
733.9759 439.5119
733.9466 439.528
733.9557 439.4912
733.9548 439.5204
734.0163 439.4784
733.9929 439.4725
733.9398 439.478
733.9222 439.4736
733.9785 439.4583
733.9014 439.4925
733.9606 439.4813
733.9261 439.4403
733.8854 439.4559
733.8206 439.46
733.8157 439.4614
733.8571 439.4764
733.9339 439.4547
733.8594 439.4297
733.8259 439.4035
733.8157 439.4134
733.8577 439.3968
733.9095 439.3796
733.9479 439.3626
733.8587 439.3522
733.8196 439.3345
733.8291 439.3379
733.7796 439.3006
733.8333 439.3291
733.8066 439.3137
733.779 439.3027
733.7637 439.2856
733.7507 439.2634
733.7461 439.2577
733.7673 439.2428
733.7689 439.2277
733.7415 439.2206
733.736 439.2109
733.7214 439.2057
733.6979 439.2088
733.6732 439.2038
733.6849 439.1974
733.71 439.1986
733.7278 439.1909
733.7269 439.1709
733.738 439.1595
733.735 439.1488
733.7175 439.1452
733.7093 439.139
733.6995 439.1341
733.6872 439.1258
733.6751 439.1224
733.6602 439.1187
733.6396 439.1151
733.6419 439.1141
733.6494 439.1048
733.6409 439.0908
733.6345 439.0721
733.6306 439.0596
733.6416 439.0451
733.6448 439.0327
733.6624 439.0217
733.6426 439.014
733.6341 439.0075
733.637 438.9982
733.6533 438.9844
733.6335 438.9875
733.6126 438.9787
733.6081 438.9666
733.6087 438.958
733.6113 438.9485
733.6022 438.9445
733.6188 438.9398
733.6218 438.9329
733.625 438.9171
733.6335 438.9053
733.6481 438.8924
733.6589 438.8791
733.6787 438.8649
733.6755 438.8576
733.6702 438.8485
733.6689 438.8341
733.694 438.8167
733.7136 438.8057
733.7438 438.7805
733.7399 438.7677
733.7217 438.7658
733.7253 438.7612
733.7405 438.7498
733.7604 438.7424
733.7614 438.7346
733.7617 438.7262
733.7331 438.721
733.709 438.7194
733.6966 438.7119
733.694 438.7021
733.6924 438.6938
733.6976 438.6921
733.7171 438.6823
733.7327 438.6665
733.7461 438.6341
733.7438 438.6258
733.7412 438.6475
733.7354 438.6609
733.7246 438.6598
733.7151 438.6515
733.7054 438.6224
733.681 438.5929
733.6797 438.5921
733.6543 438.6122
733.6393 438.6159
733.6429 438.5614
733.5622 438.4657
733.5361 438.3568
733.5684 438.1501
733.6653 437.938
733.5488 437.8148
733.5495 437.5776
733.6013 437.29
733.6162 437.07
733.47 436.926
733.2988 436.8791
733.2278 436.9648
733.2142 437.1678
733.111 437.415
733.2493 437.668
733.4707 437.9092
733.4938 438.0189
733.5547 438.0466
733.5661 437.9736
733.4954 437.8525
733.4346 437.7082
733.4505 437.5742
733.4476 437.4686
733.4391 437.457
733.3932 437.5072
733.3447 437.5627
733.3242 437.6039
733.3174 437.6134
733.3359 437.5877
733.3343 437.5347
733.3069 437.5072
733.332 437.5257
733.3496 437.5479
733.3685 437.5734
1920 437.5645
1920 437.506
1920 437.4612
1920 437.3738
1920 437.2743
1920 437.175
1920 437.1232
1920 437.1055
1920 437.118
1920 437.1621
1920.016 437.2191
1920.024 437.2927
1920.019 437.3983
1920.036 437.4585
1920.028 437.4904
1920.027 437.5096
1920.035 437.4989
1920.03 437.5075
1920.061 437.5275
1920.099 437.5871
1920.093 437.6629
1920.076 437.7747
1919.978 438.1971
1919.974 438.6942
1919.913 439.3301
1919.941 439.9976
1920.03 440.6216
1920.12 441.0794
1920.172 441.4011
1920.251 441.6951
1920.26 442.0981
1920.095 442.9789
1919.945 444.4704
1919.918 446.2088
1920.121 447.9207
1920.32 449.252
1920.301 450.2443
1919.95 451.2332
1919.285 452.4935
1918.273 454.2332
1917.347 455.9896
1916.505 457.7015
1915.207 459.3594
1913.631 460.8677
1912.305 462.4535
1911.545 464.215
1911.334 466.033
1911.37 468.0708
1911.747 470.3685
1912.36 472.2643
1913.342 473.7944
1914.693 474.933
1915.827 475.2938
1916.764 475.1672
1917.084 474.2318
1916.484 472.4468
1915.308 469.9712
1914.2 467.3436
1913.823 465.2378
1914.118 463.6019
1914.963 462.5063
1916.222 461.5942
1918.248 460.6722
1920.714 460.0114
1923.318 459.7337
1926.037 459.8333
1929.115 460.3193
1932.275 461.1177
1935.874 462.1434
1939.392 463.2389
1942.886 464.5666
1946.09 466.0797
1948.917 467.7023
1951.325 469.4053
1953.529 471.2596
1955.162 473.0332
1956.244 474.6846
1956.953 476.4993
1957.405 478.1007
1958.066 479.3542
1959.276 480.2581
1960.85 481.0387
1962.444 481.7128
1964.273 482.479
1966.264 483.264
1968.828 484.3605
1972.225 485.7388
1976.361 487.3405
1980.817 488.9059
1985.636 490.6994
1990.669 492.8337
1995.118 495.2112
2000.026 498.4802
2004.491 502.0914
2008.642 505.8383
2012.522 509.6061
2016.155 513.3909
2019.17 517.0453
2021.505 520.5431
2023.19 524.1636
2023.923 527.7791
2023.733 531.8962
2022.723 536.2109
2020.928 540.5673
2018.491 544.984
2015.434 549.5657
2011.737 554.274
2007.175 559.2981
2001.533 564.3306
1995.111 569.1223
1987.889 573.9099
1979.643 579.0419
1971.529 583.6965
1962.22 588.6943
1952.132 593.5676
1941.767 597.8922
1931.112 601.7347
1920.607 605.2512
1910.338 608.6747
1899.703 612.1952
1887.546 615.8104
1876.275 618.6691
1865.779 620.5547
1854.937 621.7433
1844.577 622.1599
1834.563 622.197
1825.416 621.7972
1816.72 621.0936
1809.208 619.9752
1802.062 618.4803
1795.488 616.733
1789.427 614.6751
1783.536 611.9891
1778.266 608.9609
1920 480
1920 480
734.0693 439.7773
734.0446 439.772
734.0625 439.7615
734.0114 439.7546
734.0091 439.7376
734.0534 439.7213
734.0293 439.707
734.0403 439.7106
733.9427 439.7043
733.9466 439.6792
733.9691 439.6859
733.9834 439.6488
733.9404 439.646
733.9619 439.6214
733.9564 439.6069
733.9261 439.5963
733.9411 439.5693
733.9404 439.5719
733.9235 439.5483
733.9138 439.5266
733.9759 439.5119
733.9466 439.528
733.9557 439.4912
733.9548 439.5204
734.0163 439.4784
733.9929 439.4725
733.9398 439.478
733.9222 439.4736
733.9785 439.4583
733.9014 439.4925
733.9606 439.4813
733.9261 439.4403
733.8854 439.4559
733.8206 439.46
733.8157 439.4614
733.8571 439.4764
733.9339 439.4547
733.8594 439.4297
733.8259 439.4035
733.8157 439.4134
733.8577 439.3968
733.9095 439.3796
733.9479 439.3626
733.8587 439.3522
733.8196 439.3345
733.8291 439.3379
733.7796 439.3006
733.8333 439.3291
733.8066 439.3137
733.779 439.3027
733.7637 439.2856
733.7507 439.2634
733.7461 439.2577
733.7673 439.2428
733.7689 439.2277
733.7415 439.2206
733.736 439.2109
733.7214 439.2057
733.6979 439.2088
733.6732 439.2038
733.6849 439.1974
733.71 439.1986
733.7278 439.1909
733.7269 439.1709
733.738 439.1595
733.735 439.1488
733.7175 439.1452
733.7093 439.139
733.6995 439.1341
733.6872 439.1258
733.6751 439.1224
733.6602 439.1187
733.6396 439.1151
733.6419 439.1141
733.6494 439.1048
733.6409 439.0908
733.6345 439.0721
733.6306 439.0596
733.6416 439.0451
733.6448 439.0327
733.6624 439.0217
733.6426 439.014
733.6341 439.0075
733.637 438.9982
733.6533 438.9844
733.6335 438.9875
733.6126 438.9787
733.6081 438.9666
733.6087 438.958
733.6113 438.9485
733.6022 438.9445
733.6188 438.9398
733.6218 438.9329
733.625 438.9171
733.6335 438.9053
733.6481 438.8924
733.6589 438.8791
733.6787 438.8649
733.6755 438.8576
733.6702 438.8485
733.6689 438.8341
733.694 438.8167
733.7136 438.8057
733.7438 438.7805
733.7399 438.7677
733.7217 438.7658
733.7253 438.7612
733.7405 438.7498
733.7604 438.7424
733.7614 438.7346
733.7617 438.7262
733.7331 438.721
733.709 438.7194
733.6966 438.7119
733.694 438.7021
733.6924 438.6938
733.6976 438.6921
733.7171 438.6823
733.7327 438.6665
733.7461 438.6341
733.7438 438.6258
733.7412 438.6475
733.7354 438.6609
733.7246 438.6598
733.7151 438.6515
733.7054 438.6224
733.681 438.5929
733.6797 438.5921
733.6543 438.6122
733.6393 438.6159
733.6429 438.5614
733.5622 438.4657
733.5361 438.3568
733.5684 438.1501
733.6653 437.938
733.5488 437.8148
733.5495 437.5776
733.6013 437.29
733.6162 437.07
733.47 436.926
733.2988 436.8791
733.2278 436.9648
733.2142 437.1678
733.111 437.415
733.2493 437.668
733.4707 437.9092
733.4938 438.0189
733.5547 438.0466
733.5661 437.9736
733.4954 437.8525
733.4346 437.7082
733.4505 437.5742
733.4476 437.4686
733.4391 437.457
733.3932 437.5072
733.3447 437.5627
733.3242 437.6039
733.3174 437.6134
733.3359 437.5877
733.3343 437.5347
733.3069 437.5072
733.332 437.5257
733.3496 437.5479
733.3685 437.5734
1920 437.5645
1920 437.506
1920 437.4612
1920 437.3738
1920 437.2743
1920 437.175
1920 437.1232
1920 437.1055
1920 437.118
1920 437.1621
1920.016 437.2191
1920.024 437.2927
1920.019 437.3983
1920.036 437.4585
1920.028 437.4904
1920.027 437.5096
1920.035 437.4989
1920.03 437.5075
1920.061 437.5275
1920.099 437.5871
1920.093 437.6629
1920.076 437.7747
1919.978 438.1971
1919.974 438.6942
1919.913 439.3301
1919.941 439.9976
1920.03 440.6216
1920.12 441.0794
1920.172 441.4011
1920.251 441.6951
1920.26 442.0981
1920.095 442.9789
1919.945 444.4704
1919.918 446.2088
1920.121 447.9207
1920.32 449.252
1920.301 450.2443
1919.95 451.2332
1919.285 452.4935
1918.273 454.2332
1917.347 455.9896
1916.505 457.7015
1915.207 459.3594
1913.631 460.8677
1912.305 462.4535
1911.545 464.215
1911.334 466.033
1911.37 468.0708
1911.747 470.3685
1912.36 472.2643
1913.342 473.7944
1914.693 474.933
1915.827 475.2938
1916.764 475.1672
1917.084 474.2318
1916.484 472.4468
1915.308 469.9712
1914.2 467.3436
1913.823 465.2378
1914.118 463.6019
1914.963 462.5063
1916.222 461.5942
1918.248 460.6722
1920.714 460.0114
1923.318 459.7337
1926.037 459.8333
1929.115 460.3193
1932.275 461.1177
1935.874 462.1434
1939.392 463.2389
1942.886 464.5666
1946.09 466.0797
1948.917 467.7023
1951.325 469.4053
1953.529 471.2596
1955.162 473.0332
1956.244 474.6846
1956.953 476.4993
1957.405 478.1007
1958.066 479.3542
1959.276 480.2581
1960.85 481.0387
1962.444 481.7128
1964.273 482.479
1966.264 483.264
1968.828 484.3605
1972.225 485.7388
1976.361 487.3405
1980.817 488.9059
1985.636 490.6994
1990.669 492.8337
1995.118 495.2112
2000.026 498.4802
2004.491 502.0914
2008.642 505.8383
2012.522 509.6061
2016.155 513.3909
2019.17 517.0453
2021.505 520.5431
2023.19 524.1636
2023.923 527.7791
2023.733 531.8962
2022.723 536.2109
2020.928 540.5673
2018.491 544.984
2015.434 549.5657
2011.737 554.274
2007.175 559.2981
2001.533 564.3306
1995.111 569.1223
1987.889 573.9099
1979.643 579.0419
1971.529 583.6965
1962.22 588.6943
1952.132 593.5676
1941.767 597.8922
1931.112 601.7347
1920.607 605.2512
1910.338 608.6747
1899.703 612.1952
1887.546 615.8104
1876.275 618.6691
1865.779 620.5547
1854.937 621.7433
1844.577 622.1599
1834.563 622.197
1825.416 621.7972
1816.72 621.0936
1809.208 619.9752
1802.062 618.4803
1795.488 616.733
1789.427 614.6751
1783.536 611.9891
1778.266 608.9609
1773.387 605.4172
1769.098 601.775
1765.107 597.7006
1761.792 593.7361
1759.102 589.5761
1756.948 585.6044
1755.319 581.7544
1754.109 577.7717
1753.392 573.899
1753.143 570.3314
1753.495 566.6821
1754.394 563.5453
1755.8 560.5649
1757.501 557.8575
1759.367 555.3121
1761.466 553.0385
1764.022 550.8896
1766.722 549.1263
1768.566 548.0714
1771.223 546.5839
1773.713 545.1498
1776.244 543.8832
1778.672 543.0303
1781.019 542.8578
1783.073 543.4476
1784.747 544.5795
1786.103 546.1149
1787.494 547.9105
1789.35 550.4709
1790.847 552.4207
1792.415 554.6378
1794.006 556.9213
1795.738 559.5212
1797.699 562.1909
1799.977 564.9437
1802.224 567.1949
1804.471 569.2164
1806.782 571.2817
1808.933 573.1954
1811.098 574.9795
1813.297 576.423
1815.455 577.3237
1817.377 577.6598
1819.404 577.5862
1821.353 577.2134
1823.47 576.5989
1825.771 575.5807
1827.894 574.3082
1830.053 572.7219
1832.377 570.7487
1834.568 568.6731
1836.96 566.4577
1839.434 564.1453
1841.727 561.8228
1843.788 559.5054
1845.825 557.0493
1847.729 554.4553
1849.514 551.6863
1851.502 548.6138
1853.538 545.5032
1855.475 542.334
1857.46 539.0244
1859.467 535.4772
1860.824 533.0164
1862.685 529.5361
1864.475 526.2506
1866.264 523.0058
1868.001 519.7618
1869.61 516.574
1871.04 513.5834
1872.523 510.5398
1873.92 507.7271
1875.272 505.1542
1876.905 502.2792
1877.995 500.3315
1878.895 498.581
1879.554 497.2041
1880.256 495.8369
1880.942 494.8438
1881.848 493.9066
1882.663 493.2187
1883.393 492.6579
1884.225 492.2019
1885.128 491.8334
1886.03 491.555
1886.955 491.2466
1887.582 491.0394
1888.515 490.7374
1889.482 490.46
1890.458 490.2219
1891.448 489.9167
1892.447 489.5448
1893.432 489.1273
1894.36 488.6929
1895.205 488.2366
1895.931 487.9033
1896.856 487.5399
1897.566 487.313
1898.245 487.1258
1898.818 486.9724
1899.438 486.8792
1899.986 486.8294
1900.5 486.8269
1900.995 486.819
1901.307 486.8625
1901.591 486.9158
1901.839 486.9994
1902.032 487.0872
1902.196 487.1667
1902.365 487.2101
1902.466 487.2229
1902.454 487.1768
1902.418 487.1116
1902.454 486.9938
1902.587 486.8168
1902.705 486.5159
1902.801 486.1663
1902.844 485.7997
1902.834 485.4577
1902.744 485.1207
1902.583 484.7708
1902.408 484.3553
1902.319 483.9346
1902.295 483.5481
1902.32 483.1999
1902.362 482.8788
1902.371 482.5551
1902.391 482.1544
1902.493 481.7232
1902.648 481.2736
1902.889 480.8615
1903.17 480.4605
1903.439 480.0969
1903.715 479.6768
1904.015 479.327
1904.416 479.0651
1904.808 478.9513
1905.138 478.8922
1905.438 478.8532
1905.849 478.8597
1906.333 478.9681
1906.824 479.1152
1907.337 479.2842
1907.862 479.4717
1908.386 479.683
1908.882 479.917
1909.377 480.2125
1909.705 480.4447
1910.08 480.7724
1910.465 481.1088
1910.852 481.4695
1911.233 481.8229
1911.605 482.1833
1911.936 482.5745
1912.244 483.0057
1912.501 483.439
1912.668 483.8427
1912.852 484.3084
1913.007 484.6182
1913.172 484.87
1913.359 485.0768
1913.539 485.236
1913.712 485.3451
1913.862 485.4202
1913.917 485.4395
1913.962 485.3885
1914.005 485.2869
1914.048 485.1469
1914.083 485.0101
1914.127 484.8463
1914.143 484.6961
1914.101 484.494
1913.996 484.2627
1913.845 484.0766
1913.635 483.9181
1913.465 483.774
1913.288 483.6517
1913.118 483.5573
1912.915 483.4887
1912.738 483.4667
1912.604 483.478
1912.448 483.5186
1912.323 483.5647
1912.149 483.6267
1911.975 483.6862
1911.878 483.7629
1911.842 483.8331
1911.813 483.9337
1911.801 484.0685
1911.806 484.2103
1911.796 484.4099
1911.725 484.6145
1911.65 484.8156
1911.576 484.9886
1911.491 485.1213
1911.362 485.2534
1911.214 485.394
1911.046 485.5386
1910.95 485.6227
1910.821 485.7296
1910.709 485.8333
1910.581 485.9146
1910.485 485.9966
1910.441 486.0858
1910.369 486.2229
1910.275 486.3677
1910.146 486.5182
1909.936 486.6619
1909.734 486.8485
1909.565 487.0196
1909.382 487.2084
1909.169 487.4021
1908.975 487.6174
1908.763 487.8136
1908.494 488.0139
1908.271 488.1626
1908.109 488.2544
1907.891 488.3457
1907.673 488.372
1907.412 488.3312
1907.089 488.2235
1906.683 488.1016
1906.207 487.9949
1905.604 487.8831
1904.894 487.8042
1904.164 487.7972
1903.271 487.9031
1902.061 488.1785
1901.272 488.403
1899.79 488.9365
1898.138 489.8006
1896.241 491.1206
1894.048 492.9988
1891.837 495.1229
1889.629 497.5381
1887.506 500.164
1885.396 503.1122
1883.401 506.2701
1881.158 510.8193
1879.463 515.1931
1877.612 520.1555
1875.759 525.2422
1873.915 530.2252
1872.054 535.2079
1870.219 539.7159
1868.198 544.2936
1866.059 548.7405
1863.755 553.2921
1861.484 557.8141
1859.674 561.4925
1857.79 565.1793
1855.82 568.5135
1853.472 571.6941
1850.716 574.7819
1847.719 577.9788
1844.974 581.1154
1842.283 584.6343
1839.666 588.2617
1836.966 591.9478
1834.207 595.6671
1831.681 599.3864
1829.771 602.4566
1827.665 606.0153
1825.669 609.2899
1823.516 612.3661
1821.154 615.1763
1818.734 617.5665
1816.324 619.5372
1813.751 621.3593
1810.647 623.2178
1807.202 625.0264
1803.543 626.7378
1800.256 628.1314
1797.081 629.3591
1794.008 630.6558
1791.038 632.0724
1788.215 633.6843
1785.281 635.5967
1782.413 637.497
1779.859 639.022
1777.547 640.3055
1775.035 641.6387
1772.651 642.9267
1770.181 644.2955
1767.987 645.5103
1765.957 646.5223
1764.266 647.3564
1762.686 648.1563
1761.028 649.0908
1759.021 650.2108
1757.296 651.1637
1755.72 652.0303
1753.976 653.0459
1752.325 654.0313
1750.553 655.0866
1748.79 656.1243
1746.887 657.2736
1745.151 658.3394
1743.314 659.4387
1741.677 660.441
1773.387 605.4172
1769.098 601.775
1765.107 597.7006
1761.792 593.7361
1759.102 589.5761
1756.948 585.6044
1755.319 581.7544
1754.109 577.7717
1753.392 573.899
1753.143 570.3314
1753.495 566.6821
1754.394 563.5453
1755.8 560.5649
1757.501 557.8575
1759.367 555.3121
1761.466 553.0385
1764.022 550.8896
1766.722 549.1263
1768.566 548.0714
1771.223 546.5839
1773.713 545.1498
1776.244 543.8832
1778.672 543.0303
1781.019 542.8578
1783.073 543.4476
1784.747 544.5795
1786.103 546.1149
1787.494 547.9105
1789.35 550.4709
1790.847 552.4207
1792.415 554.6378
1794.006 556.9213
1795.738 559.5212
1797.699 562.1909
1799.977 564.9437
1802.224 567.1949
1804.471 569.2164
1806.782 571.2817
1808.933 573.1954
1811.098 574.9795
1813.297 576.423
1815.455 577.3237
1817.377 577.6598
1819.404 577.5862
1821.353 577.2134
1823.47 576.5989
1825.771 575.5807
1827.894 574.3082
1830.053 572.7219
1832.377 570.7487
1834.568 568.6731
1836.96 566.4577
1839.434 564.1453
1841.727 561.8228
1843.788 559.5054
1845.825 557.0493
1847.729 554.4553
1849.514 551.6863
1851.502 548.6138
1853.538 545.5032
1855.475 542.334
1857.46 539.0244
1859.467 535.4772
1860.824 533.0164
1862.685 529.5361
1864.475 526.2506
1866.264 523.0058
1868.001 519.7618
1869.61 516.574
1871.04 513.5834
1872.523 510.5398
1873.92 507.7271
1875.272 505.1542
1876.905 502.2792
1877.995 500.3315
1878.895 498.581
1879.554 497.2041
1880.256 495.8369
1880.942 494.8438
1881.848 493.9066
1882.663 493.2187
1883.393 492.6579
1884.225 492.2019
1885.128 491.8334
1886.03 491.555
1886.955 491.2466
1887.582 491.0394
1888.515 490.7374
1889.482 490.46
1890.458 490.2219
1891.448 489.9167
1892.447 489.5448
1893.432 489.1273
1894.36 488.6929
1895.205 488.2366
1895.931 487.9033
1896.856 487.5399
1897.566 487.313
1898.245 487.1258
1898.818 486.9724
1899.438 486.8792
1899.986 486.8294
1900.5 486.8269
1900.995 486.819
1901.307 486.8625
1901.591 486.9158
1901.839 486.9994
1902.032 487.0872
1902.196 487.1667
1902.365 487.2101
1902.466 487.2229
1902.454 487.1768
1902.418 487.1116
1902.454 486.9938
1902.587 486.8168
1902.705 486.5159
1902.801 486.1663
1902.844 485.7997
1902.834 485.4577
1902.744 485.1207
1902.583 484.7708
1902.408 484.3553
1902.319 483.9346
1902.295 483.5481
1902.32 483.1999
1902.362 482.8788
1902.371 482.5551
1902.391 482.1544
1902.493 481.7232
1902.648 481.2736
1902.889 480.8615
1903.17 480.4605
1903.439 480.0969
1903.715 479.6768
1904.015 479.327
1904.416 479.0651
1904.808 478.9513
1905.138 478.8922
1905.438 478.8532
1905.849 478.8597
1906.333 478.9681
1906.824 479.1152
1907.337 479.2842
1907.862 479.4717
1908.386 479.683
1908.882 479.917
1909.377 480.2125
1909.705 480.4447
1910.08 480.7724
1910.465 481.1088
1910.852 481.4695
1911.233 481.8229
1911.605 482.1833
1911.936 482.5745
1912.244 483.0057
1912.501 483.439
1912.668 483.8427
1912.852 484.3084
1913.007 484.6182
1913.172 484.87
1913.359 485.0768
1913.539 485.236
1913.712 485.3451
1913.862 485.4202
1913.917 485.4395
1913.962 485.3885
1914.005 485.2869
1914.048 485.1469
1914.083 485.0101
1914.127 484.8463
1914.143 484.6961
1914.101 484.494
1913.996 484.2627
1913.845 484.0766
1913.635 483.9181
1913.465 483.774
1913.288 483.6517
1913.118 483.5573
1912.915 483.4887
1912.738 483.4667
1912.604 483.478
1912.448 483.5186
1912.323 483.5647
1912.149 483.6267
1911.975 483.6862
1911.878 483.7629
1911.842 483.8331
1911.813 483.9337
1911.801 484.0685
1911.806 484.2103
1911.796 484.4099
1911.725 484.6145
1911.65 484.8156
1911.576 484.9886
1911.491 485.1213
1911.362 485.2534
1911.214 485.394
1911.046 485.5386
1910.95 485.6227
1910.821 485.7296
1910.709 485.8333
1910.581 485.9146
1910.485 485.9966
1910.441 486.0858
1910.369 486.2229
1910.275 486.3677
1910.146 486.5182
1909.936 486.6619
1909.734 486.8485
1909.565 487.0196
1909.382 487.2084
1909.169 487.4021
1908.975 487.6174
1908.763 487.8136
1908.494 488.0139
1908.271 488.1626
1908.109 488.2544
1907.891 488.3457
1907.673 488.372
1907.412 488.3312
1907.089 488.2235
1906.683 488.1016
1906.207 487.9949
1905.604 487.8831
1904.894 487.8042
1904.164 487.7972
1903.271 487.9031
1902.061 488.1785
1901.272 488.403
1899.79 488.9365
1898.138 489.8006
1896.241 491.1206
1894.048 492.9988
1891.837 495.1229
1889.629 497.5381
1887.506 500.164
1885.396 503.1122
1883.401 506.2701
1881.158 510.8193
1879.463 515.1931
1877.612 520.1555
1875.759 525.2422
1873.915 530.2252
1872.054 535.2079
1870.219 539.7159
1868.198 544.2936
1866.059 548.7405
1863.755 553.2921
1861.484 557.8141
1859.674 561.4925
1857.79 565.1793
1855.82 568.5135
1853.472 571.6941
1850.716 574.7819
1847.719 577.9788
1844.974 581.1154
1842.283 584.6343
1839.666 588.2617
1836.966 591.9478
1834.207 595.6671
1831.681 599.3864
1829.771 602.4566
1827.665 606.0153
1825.669 609.2899
1823.516 612.3661
1821.154 615.1763
1818.734 617.5665
1816.324 619.5372
1813.751 621.3593
1810.647 623.2178
1807.202 625.0264
1803.543 626.7378
1800.256 628.1314
1797.081 629.3591
1794.008 630.6558
1791.038 632.0724
1788.215 633.6843
1785.281 635.5967
1782.413 637.497
1779.859 639.022
1777.547 640.3055
1775.035 641.6387
1772.651 642.9267
1770.181 644.2955
1767.987 645.5103
1765.957 646.5223
1764.266 647.3564
1762.686 648.1563
1761.028 649.0908
1759.021 650.2108
1757.296 651.1637
1755.72 652.0303
1753.976 653.0459
1752.325 654.0313
1750.553 655.0866
1748.79 656.1243
1746.887 657.2736
1745.151 658.3394
1743.314 659.4387
1741.677 660.441
1740.203 661.4085
1738.71 662.3516
1737.132 663.2386
1735.518 663.9838
1733.872 664.5678
1732.205 664.9341
1730.478 665.1163
1728.512 665.0906
1726.765 664.8953
1725.208 664.655
1723.495 664.4158
1721.824 664.1226
1720.243 663.7668
1718.78 663.3727
1717.228 662.9558
1715.905 662.6098
1714.637 662.308
1713.408 662.0534
1712.196 661.8344
1710.98 661.6442
1709.846 661.4714
1708.814 661.3152
1707.973 661.2075
1707.214 661.1653
1706.478 661.2144
1705.836 661.3565
1705.268 661.5461
1704.823 661.7628
1704.401 662.0024
1703.944 662.2622
1703.62 662.4114
1703.091 662.6099
1702.508 662.7745
1701.9 662.891
1701.196 662.9891
1700.443 663.0408
1699.476 663.0986
1698.466 663.1208
1697.345 663.1189
1696.162 663.095
1694.513 663.1002
1693.014 663.1104
1691.488 663.1241
1689.76 663.0739
1687.95 662.977
1686.023 662.8277
1683.912 662.6934
1681.628 662.551
1679.508 662.4385
1677.294 662.291
1675.039 662.1887
1672.856 662.0906
1670.587 662.0362
1668.653 661.9955
1666.774 661.9926
1665.013 661.9986
1663.365 662.0229
1661.908 662.0553
1660.584 662.1788
1659.669 662.3305
1659.072 662.498
1658.605 662.7043
1658.389 662.8798
1658.361 663.0408
1658.51 663.1709
1658.861 663.2549
1659.291 663.2922
1659.794 663.2917
1660.354 663.2249
1661.009 663.1059
1661.689 662.9184
1662.378 662.6683
1663.084 662.3975
1663.71 662.1691
1664.347 661.9622
1664.965 661.743
1665.59 661.4891
1666.087 661.2088
1666.543 660.9304
1666.941 660.6445
1667.309 660.3876
1667.556 660.2185
1667.763 660.0991
1667.904 660.033
1667.95 660.0159
1667.932 660.0295
1667.87 660.0748
1667.75 660.1491
1667.606 660.2502
1667.41 660.4128
1667.192 660.5783
1666.968 660.7189
1666.683 660.8224
1666.362 660.9211
1665.981 661.0469
1665.702 661.1708
1665.513 661.2697
1665.378 661.3723
1665.316 661.4781
1665.282 661.5835
1665.245 661.6506
1665.286 661.6558
1665.334 661.6265
1665.405 661.5692
1665.439 661.4535
1665.478 661.3107
1665.53 661.134
1665.617 660.9769
1665.748 660.8138
1665.929 660.652
1666.113 660.5054
1666.311 660.3555
1666.593 660.1799
1666.846 660.0231
1667.104 659.8694
1667.415 659.731
1667.726 659.6329
1668.016 659.5717
1668.322 659.5333
1668.679 659.5073
1669.048 659.4698
1669.371 659.409
1669.666 659.3206
1669.942 659.222
1670.211 659.1289
1670.469 659.0544
1670.704 658.9894
1670.941 658.913
1671.153 658.8184
1671.316 658.7468
1671.442 658.7031
1671.628 658.6981
1671.797 658.6902
1671.949 658.7088
1672.126 658.7285
1672.31 658.7119
1672.489 658.6565
1672.652 658.5712
1672.744 658.4694
1672.74 658.3943
1672.611 658.3569
1672.562 658.3558
1672.465 658.3502
1672.398 658.3542
1672.319 658.3476
1672.211 658.3557
1672.089 658.3629
1671.992 658.3569
1671.898 658.3641
1671.834 658.4166
1671.771 658.4974
1671.806 658.6187
1671.816 658.7224
1671.891 658.781
1671.96 658.8317
1672.042 658.8511
1672.107 658.8597
1672.121 658.8356
1672.068 658.8126
1672.019 658.7867
1671.933 658.7642
1671.892 658.7086
1671.791 658.6476
1671.789 658.6472
1671.803 658.6426
1671.892 658.6167
1672.044 658.6045
1672.264 658.6135
1672.513 658.6598
1672.742 658.6882
1672.976 658.6999
1673.221 658.6336
1673.53 658.4928
1674.029 658.1873
1674.576 657.8213
1675.224 657.3441
1676.104 656.7003
1677.197 655.9167
1678.537 655.0369
1680.253 653.9262
1682.129 652.7282
1684.148 651.3512
1686.353 649.7568
1688.641 648.0059
1691.116 646.059
1693.566 644.0733
1696.266 641.9046
1698.558 639.9817
1701.273 637.7054
1704.157 635.3272
1707.129 632.8796
1710.014 630.4279
1712.892 627.9102
1715.649 625.3007
1718.368 622.5374
1721.095 619.5001
1723.58 616.4817
1726 613.2385
1728.248 610.0988
1730.134 607.5233
1732.354 604.6788
1734.473 601.9148
1736.496 599.185
1738.376 596.4611
1740.155 593.8345
1741.548 591.7391
1743.273 589.1856
1745.163 586.433
1747.077 583.5739
1748.946 580.5915
1750.754 577.6456
1752.602 574.7255
1754.468 571.8407
1756.277 569.0128
1758.094 566.1719
1760.158 562.801
1761.839 559.987
1763.288 557.3955
1764.731 554.7054
1766.097 552.1121
1767.468 549.6489
1768.938 547.0815
1770.388 544.7162
1771.932 542.2813
1773.606 539.6923
1775.388 536.8578
1776.501 535.0054
1778.129 532.3271
1779.695 529.7428
1781.248 527.1428
1782.847 524.5699
1784.365 522.2365
1785.966 519.8984
1787.555 517.6089
1789.212 515.159
1790.789 512.7171
1792.726 509.6647
1794.075 507.4225
1795.304 505.3461
1796.516 503.291
1797.613 501.4566
1798.727 499.7216
1799.895 498.048
1800.999 496.5985
1801.968 495.3682
1802.839 494.2249
1803.684 493.1527
1804.478 492.2574
1805.205 491.492
1805.714 490.9604
1806.115 490.5738
1806.535 490.3409
1806.91 490.1992
1807.193 490.1534
1807.377 490.1217
1807.472 490.1896
1807.485 490.3443
1807.496 490.5664
1807.427 490.8927
1807.248 491.3042
1807.043 491.7704
1806.834 492.2166
1806.546 492.6516
1806.169 493.0969
1805.727 493.5206
1805.262 493.919
1804.277 494.6783
1804.042 494.8418
1803.663 495.0787
1803.31 495.3427
1803.006 495.5688
1802.671 495.8325
1802.32 496.0793
1802.121 496.2547
1801.999 496.3339
1801.929 496.3752
1801.875 496.3437
1801.804 496.267
1801.789 496.1604
1801.848 496.0268
1802.007 495.8651
1802.199 495.6538
1802.408 495.371
1802.658 495.0558
1802.944 494.5999
1803.201 494.1838
1803.483 493.7345
1803.797 493.2794
1804.164 492.8469
1804.593 492.442
1805.001 492.0685
1805.378 491.7188
1805.72 491.3974
1806.061 491.1206
1807.001 490.4372
1807.146 490.3849
1807.325 490.3941
1807.431 490.4713
1807.462 490.6184
1807.496 490.8119
1740.203 661.4085
1738.71 662.3516
1737.132 663.2386
1735.518 663.9838
1733.872 664.5678
1732.205 664.9341
1730.478 665.1163
1728.512 665.0906
1726.765 664.8953
1725.208 664.655
1723.495 664.4158
1721.824 664.1226
1720.243 663.7668
1718.78 663.3727
1717.228 662.9558
1715.905 662.6098
1714.637 662.308
1713.408 662.0534
1712.196 661.8344
1710.98 661.6442
1709.846 661.4714
1708.814 661.3152
1707.973 661.2075
1707.214 661.1653
1706.478 661.2144
1705.836 661.3565
1705.268 661.5461
1704.823 661.7628
1704.401 662.0024
1703.944 662.2622
1703.62 662.4114
1703.091 662.6099
1702.508 662.7745
1701.9 662.891
1701.196 662.9891
1700.443 663.0408
1699.476 663.0986
1698.466 663.1208
1697.345 663.1189
1696.162 663.095
1694.513 663.1002
1693.014 663.1104
1691.488 663.1241
1689.76 663.0739
1687.95 662.977
1686.023 662.8277
1683.912 662.6934
1681.628 662.551
1679.508 662.4385
1677.294 662.291
1675.039 662.1887
1672.856 662.0906
1670.587 662.0362
1668.653 661.9955
1666.774 661.9926
1665.013 661.9986
1663.365 662.0229
1661.908 662.0553
1660.584 662.1788
1659.669 662.3305
1659.072 662.498
1658.605 662.7043
1658.389 662.8798
1658.361 663.0408
1658.51 663.1709
1658.861 663.2549
1659.291 663.2922
1659.794 663.2917
1660.354 663.2249
1661.009 663.1059
1661.689 662.9184
1662.378 662.6683
1663.084 662.3975
1663.71 662.1691
1664.347 661.9622
1664.965 661.743
1665.59 661.4891
1666.087 661.2088
1666.543 660.9304
1666.941 660.6445
1667.309 660.3876
1667.556 660.2185
1667.763 660.0991
1667.904 660.033
1667.95 660.0159
1667.932 660.0295
1667.87 660.0748
1667.75 660.1491
1667.606 660.2502
1667.41 660.4128
1667.192 660.5783
1666.968 660.7189
1666.683 660.8224
1666.362 660.9211
1665.981 661.0469
1665.702 661.1708
1665.513 661.2697
1665.378 661.3723
1665.316 661.4781
1665.282 661.5835
1665.245 661.6506
1665.286 661.6558
1665.334 661.6265
1665.405 661.5692
1665.439 661.4535
1665.478 661.3107
1665.53 661.134
1665.617 660.9769
1665.748 660.8138
1665.929 660.652
1666.113 660.5054
1666.311 660.3555
1666.593 660.1799
1666.846 660.0231
1667.104 659.8694
1667.415 659.731
1667.726 659.6329
1668.016 659.5717
1668.322 659.5333
1668.679 659.5073
1669.048 659.4698
1669.371 659.409
1669.666 659.3206
1669.942 659.222
1670.211 659.1289
1670.469 659.0544
1670.704 658.9894
1670.941 658.913
1671.153 658.8184
1671.316 658.7468
1671.442 658.7031
1671.628 658.6981
1671.797 658.6902
1671.949 658.7088
1672.126 658.7285
1672.31 658.7119
1672.489 658.6565
1672.652 658.5712
1672.744 658.4694
1672.74 658.3943
1672.611 658.3569
1672.562 658.3558
1672.465 658.3502
1672.398 658.3542
1672.319 658.3476
1672.211 658.3557
1672.089 658.3629
1671.992 658.3569
1671.898 658.3641
1671.834 658.4166
1671.771 658.4974
1671.806 658.6187
1671.816 658.7224
1671.891 658.781
1671.96 658.8317
1672.042 658.8511
1672.107 658.8597
1672.121 658.8356
1672.068 658.8126
1672.019 658.7867
1671.933 658.7642
1671.892 658.7086
1671.791 658.6476
1671.789 658.6472
1671.803 658.6426
1671.892 658.6167
1672.044 658.6045
1672.264 658.6135
1672.513 658.6598
1672.742 658.6882
1672.976 658.6999
1673.221 658.6336
1673.53 658.4928
1674.029 658.1873
1674.576 657.8213
1675.224 657.3441
1676.104 656.7003
1677.197 655.9167
1678.537 655.0369
1680.253 653.9262
1682.129 652.7282
1684.148 651.3512
1686.353 649.7568
1688.641 648.0059
1691.116 646.059
1693.566 644.0733
1696.266 641.9046
1698.558 639.9817
1701.273 637.7054
1704.157 635.3272
1707.129 632.8796
1710.014 630.4279
1712.892 627.9102
1715.649 625.3007
1718.368 622.5374
1721.095 619.5001
1723.58 616.4817
1726 613.2385
1728.248 610.0988
1730.134 607.5233
1732.354 604.6788
1734.473 601.9148
1736.496 599.185
1738.376 596.4611
1740.155 593.8345
1741.548 591.7391
1743.273 589.1856
1745.163 586.433
1747.077 583.5739
1748.946 580.5915
1750.754 577.6456
1752.602 574.7255
1754.468 571.8407
1756.277 569.0128
1758.094 566.1719
1760.158 562.801
1761.839 559.987
1763.288 557.3955
1764.731 554.7054
1766.097 552.1121
1767.468 549.6489
1768.938 547.0815
1770.388 544.7162
1771.932 542.2813
1773.606 539.6923
1775.388 536.8578
1776.501 535.0054
1778.129 532.3271
1779.695 529.7428
1781.248 527.1428
1782.847 524.5699
1784.365 522.2365
1785.966 519.8984
1787.555 517.6089
1789.212 515.159
1790.789 512.7171
1792.726 509.6647
1794.075 507.4225
1795.304 505.3461
1796.516 503.291
1797.613 501.4566
1798.727 499.7216
1799.895 498.048
1800.999 496.5985
1801.968 495.3682
1802.839 494.2249
1803.684 493.1527
1804.478 492.2574
1805.205 491.492
1805.714 490.9604
1806.115 490.5738
1806.535 490.3409
1806.91 490.1992
1807.193 490.1534
1807.377 490.1217
1807.472 490.1896
1807.485 490.3443
1807.496 490.5664
1807.427 490.8927
1807.248 491.3042
1807.043 491.7704
1806.834 492.2166
1806.546 492.6516
1806.169 493.0969
1805.727 493.5206
1805.262 493.919
1804.277 494.6783
1804.042 494.8418
1803.663 495.0787
1803.31 495.3427
1803.006 495.5688
1802.671 495.8325
1802.32 496.0793
1802.121 496.2547
1801.999 496.3339
1801.929 496.3752
1801.875 496.3437
1801.804 496.267
1801.789 496.1604
1801.848 496.0268
1802.007 495.8651
1802.199 495.6538
1802.408 495.371
1802.658 495.0558
1802.944 494.5999
1803.201 494.1838
1803.483 493.7345
1803.797 493.2794
1804.164 492.8469
1804.593 492.442
1805.001 492.0685
1805.378 491.7188
1805.72 491.3974
1806.061 491.1206
1807.001 490.4372
1807.146 490.3849
1807.325 490.3941
1807.431 490.4713
1807.462 490.6184
1807.496 490.8119
1807.483 491.0446
1807.382 491.2807
1807.177 491.5381
1806.859 491.7675
1806.452 491.9765
1805.963 492.1721
1805.263 492.4095
1803.781 492.8189
1801.997 493.2899
1800.234 493.7731
1798.579 494.2898
1797.167 494.9549
1796.71 495.3175
1796.321 495.8373
1796.076 496.351
1795.937 496.7815
1795.875 497.1529
1795.904 497.4676
1795.931 497.7326
1795.94 497.9767
1795.891 498.2184
1795.816 498.4343
1795.692 498.664
1795.509 498.9255
1795.196 499.3122
1794.714 499.7831
1793.989 500.3532
1793.145 501.0031
1792.15 501.8096
1790.738 502.9941
1788.849 504.5046
1786.541 506.4662
1784.024 508.8309
1781.497 511.3745
1778.857 514.174
1775.866 517.3951
1772.733 520.7779
1769.675 524.0089
1766.216 527.6395
1762.298 531.8118
1758.345 536.1693
1754.33 540.7642
1750.443 545.3286
1746.908 549.6843
1743.664 553.9486
1740.151 558.6356
1736.495 563.2686
1732.557 568.0316
1728.863 572.5932
1725.443 577.0353
1722.187 581.3887
1719.065 585.6412
1716.233 589.6218
1713.258 593.9449
1710.731 597.759
1708.583 601.1021
1706.442 604.6514
1704.51 608.1889
1702.777 611.8197
1701.402 615.2623
1700.338 618.6512
1699.723 621.5043
1699.298 624.3529
1699.122 626.9339
1699.122 629.2962
1699.295 631.409
1699.42 633.2703
1699.536 634.76
1699.609 636.3265
1699.702 637.9022
1699.905 639.4052
1700.369 640.8417
1700.946 642.124
1701.854 643.2624
1702.986 644.3781
1704.374 645.3257
1705.724 646.1713
1707.285 646.8389
1708.588 647.1907
1709.558 647.2882
1710.377 647.1345
1711.053 646.6985
1711.41 646.1567
1711.502 645.3879
1711.189 644.6147
1710.66 643.8766
1709.818 643.2485
1708.708 642.6791
1707.392 642.2816
1705.761 642.04
1703.826 641.9591
1701.719 641.9794
1699.358 642.1434
1696.948 642.4846
1694.761 642.9716
1692.328 643.7262
1689.794 644.707
1687.331 645.756
1684.57 647.0319
1681.839 648.4205
1679.362 649.8241
1676.959 651.2888
1674.603 652.7761
1672.352 654.2245
1670.055 655.7794
1668.283 657.0737
1666.728 658.2235
1665.287 659.2809
1663.857 660.2861
1662.538 661.1615
1661.353 661.9346
1660.443 662.5467
1659.694 663.0085
1659.114 663.312
1658.62 663.5153
1658.414 663.5502
1658.344 663.5031
1658.432 663.3322
1658.536 663.0869
1658.767 662.7029
1659.051 662.2628
1659.409 661.7852
1659.839 661.2767
1660.333 660.7531
1660.819 660.2508
1661.38 659.7449
1661.958 659.2999
1662.573 658.8844
1663.149 658.5016
1663.729 658.1555
1664.324 657.8531
1664.976 657.5598
1665.557 657.3127
1666.175 657.1512
1666.822 657.0666
1667.545 657.0101
1668.131 656.9344
1668.699 656.8582
1669.225 656.8077
1669.696 656.7746
1670.101 656.7417
1670.408 656.6857
1670.556 656.6214
1670.675 656.5696
1670.691 656.5482
1670.698 656.5538
1670.666 656.5646
1670.643 656.5914
1670.642 656.6392
1670.636 656.7113
1670.566 656.7822
1670.489 656.8532
1670.355 656.9318
1670.193 657.0259
1669.967 657.1105
1669.762 657.1761
1669.563 657.2148
1669.386 657.2153
1669.267 657.1791
1669.204 657.1049
1669.211 657.0038
1669.298 656.8989
1669.363 656.8307
1669.422 656.8119
1669.489 656.8169
1669.56 656.8175
1669.648 656.8112
1669.789 656.7974
1669.99 656.7792
1670.169 656.7523
1670.337 656.7064
1670.504 656.6166
1670.68 656.4963
1670.774 656.3508
1670.784 656.2092
1670.741 656.0798
1670.701 655.9622
1670.656 655.8675
1670.68 655.8149
1670.792 655.7856
1670.954 655.7614
1671.111 655.7302
1671.315 655.7123
1671.468 655.7172
1671.65 655.7368
1671.845 655.7672
1672.007 655.7804
1672.172 655.7744
1672.358 655.739
1672.547 655.7028
1672.694 655.6722
1672.818 655.6418
1672.889 655.6048
1672.956 655.5694
1673.002 655.5291
1673.017 655.4927
1673.098 655.4619
1673.164 655.443
1673.287 655.4399
1673.396 655.4626
1673.523 655.4922
1673.645 655.5444
1673.795 655.6087
1673.976 655.6799
1674.149 655.7235
1674.3 655.7542
1674.366 655.7631
1674.372 655.7477
1674.327 655.7054
1674.174 655.6312
1673.988 655.5241
1673.799 655.3952
1673.578 655.2385
1673.379 655.1005
1673.215 654.9741
1673.056 654.8589
1672.89 654.7508
1672.738 654.6746
1672.593 654.6428
1672.48 654.6721
1672.399 654.7353
1672.4 654.8065
1672.418 654.8652
1672.481 654.9294
1672.595 654.9942
1672.761 655.0791
1672.961 655.1626
1673.105 655.2202
1673.256 655.2549
1673.331 655.2995
1673.459 655.3288
1673.621 655.3422
1673.794 655.3207
1673.976 655.2897
1674.213 655.2441
1674.487 655.1927
1674.848 655.1179
1675.229 655.0235
1675.673 654.9166
1676.131 654.8132
1676.586 654.681
1676.93 654.5388
1677.277 654.3508
1677.575 654.1548
1677.865 653.9648
1678.072 653.7877
1678.191 653.6257
1678.218 653.4819
1678.239 653.3691
1678.198 653.3199
1678.176 653.3273
1678.165 653.3602
1678.134 653.405
1678.068 653.4664
1678.027 653.548
1677.928 653.6398
1677.776 653.7147
1677.568 653.7991
1677.398 653.8942
1677.163 653.9954
1676.953 654.0498
1676.659 654.089
1676.316 654.1224
1675.848 654.1879
1675.387 654.257
1675.034 654.3194
1674.672 654.369
1674.318 654.4108
1673.977 654.4203
1673.665 654.4056
1673.37 654.3582
1673.101 654.2849
1672.804 654.2086
1672.502 654.1227
1672.206 654.0175
1671.894 653.9148
1671.617 653.8158
1671.38 653.7313
1671.132 653.6702
1670.888 653.6749
1670.656 653.7304
1670.523 653.8302
1670.433 653.9687
1670.374 654.1357
1670.289 654.3296
1670.178 654.5264
1670.031 654.7074
1669.903 654.8344
1669.808 654.9092
1669.768 654.9304
1669.762 654.9074
1669.81 654.8547
1669.875 654.7783
1669.989 654.6778
1670.1 654.5724
1670.209 654.4811
1670.308 654.42
1670.415 654.3581
1670.551 654.2838
1670.739 654.2067
1807.483 491.0446
1807.382 491.2807
1807.177 491.5381
1806.859 491.7675
1806.452 491.9765
1805.963 492.1721
1805.263 492.4095
1803.781 492.8189
1801.997 493.2899
1800.234 493.7731
1798.579 494.2898
1797.167 494.9549
1796.71 495.3175
1796.321 495.8373
1796.076 496.351
1795.937 496.7815
1795.875 497.1529
1795.904 497.4676
1795.931 497.7326
1795.94 497.9767
1795.891 498.2184
1795.816 498.4343
1795.692 498.664
1795.509 498.9255
1795.196 499.3122
1794.714 499.7831
1793.989 500.3532
1793.145 501.0031
1792.15 501.8096
1790.738 502.9941
1788.849 504.5046
1786.541 506.4662
1784.024 508.8309
1781.497 511.3745
1778.857 514.174
1775.866 517.3951
1772.733 520.7779
1769.675 524.0089
1766.216 527.6395
1762.298 531.8118
1758.345 536.1693
1754.33 540.7642
1750.443 545.3286
1746.908 549.6843
1743.664 553.9486
1740.151 558.6356
1736.495 563.2686
1732.557 568.0316
1728.863 572.5932
1725.443 577.0353
1722.187 581.3887
1719.065 585.6412
1716.233 589.6218
1713.258 593.9449
1710.731 597.759
1708.583 601.1021
1706.442 604.6514
1704.51 608.1889
1702.777 611.8197
1701.402 615.2623
1700.338 618.6512
1699.723 621.5043
1699.298 624.3529
1699.122 626.9339
1699.122 629.2962
1699.295 631.409
1699.42 633.2703
1699.536 634.76
1699.609 636.3265
1699.702 637.9022
1699.905 639.4052
1700.369 640.8417
1700.946 642.124
1701.854 643.2624
1702.986 644.3781
1704.374 645.3257
1705.724 646.1713
1707.285 646.8389
1708.588 647.1907
1709.558 647.2882
1710.377 647.1345
1711.053 646.6985
1711.41 646.1567
1711.502 645.3879
1711.189 644.6147
1710.66 643.8766
1709.818 643.2485
1708.708 642.6791
1707.392 642.2816
1705.761 642.04
1703.826 641.9591
1701.719 641.9794
1699.358 642.1434
1696.948 642.4846
1694.761 642.9716
1692.328 643.7262
1689.794 644.707
1687.331 645.756
1684.57 647.0319
1681.839 648.4205
1679.362 649.8241
1676.959 651.2888
1674.603 652.7761
1672.352 654.2245
1670.055 655.7794
1668.283 657.0737
1666.728 658.2235
1665.287 659.2809
1663.857 660.2861
1662.538 661.1615
1661.353 661.9346
1660.443 662.5467
1659.694 663.0085
1659.114 663.312
1658.62 663.5153
1658.414 663.5502
1658.344 663.5031
1658.432 663.3322
1658.536 663.0869
1658.767 662.7029
1659.051 662.2628
1659.409 661.7852
1659.839 661.2767
1660.333 660.7531
1660.819 660.2508
1661.38 659.7449
1661.958 659.2999
1662.573 658.8844
1663.149 658.5016
1663.729 658.1555
1664.324 657.8531
1664.976 657.5598
1665.557 657.3127
1666.175 657.1512
1666.822 657.0666
1667.545 657.0101
1668.131 656.9344
1668.699 656.8582
1669.225 656.8077
1669.696 656.7746
1670.101 656.7417
1670.408 656.6857
1670.556 656.6214
1670.675 656.5696
1670.691 656.5482
1670.698 656.5538
1670.666 656.5646
1670.643 656.5914
1670.642 656.6392
1670.636 656.7113
1670.566 656.7822
1670.489 656.8532
1670.355 656.9318
1670.193 657.0259
1669.967 657.1105
1669.762 657.1761
1669.563 657.2148
1669.386 657.2153
1669.267 657.1791
1669.204 657.1049
1669.211 657.0038
1669.298 656.8989
1669.363 656.8307
1669.422 656.8119
1669.489 656.8169
1669.56 656.8175
1669.648 656.8112
1669.789 656.7974
1669.99 656.7792
1670.169 656.7523
1670.337 656.7064
1670.504 656.6166
1670.68 656.4963
1670.774 656.3508
1670.784 656.2092
1670.741 656.0798
1670.701 655.9622
1670.656 655.8675
1670.68 655.8149
1670.792 655.7856
1670.954 655.7614
1671.111 655.7302
1671.315 655.7123
1671.468 655.7172
1671.65 655.7368
1671.845 655.7672
1672.007 655.7804
1672.172 655.7744
1672.358 655.739
1672.547 655.7028
1672.694 655.6722
1672.818 655.6418
1672.889 655.6048
1672.956 655.5694
1673.002 655.5291
1673.017 655.4927
1673.098 655.4619
1673.164 655.443
1673.287 655.4399
1673.396 655.4626
1673.523 655.4922
1673.645 655.5444
1673.795 655.6087
1673.976 655.6799
1674.149 655.7235
1674.3 655.7542
1674.366 655.7631
1674.372 655.7477
1674.327 655.7054
1674.174 655.6312
1673.988 655.5241
1673.799 655.3952
1673.578 655.2385
1673.379 655.1005
1673.215 654.9741
1673.056 654.8589
1672.89 654.7508
1672.738 654.6746
1672.593 654.6428
1672.48 654.6721
1672.399 654.7353
1672.4 654.8065
1672.418 654.8652
1672.481 654.9294
1672.595 654.9942
1672.761 655.0791
1672.961 655.1626
1673.105 655.2202
1673.256 655.2549
1673.331 655.2995
1673.459 655.3288
1673.621 655.3422
1673.794 655.3207
1673.976 655.2897
1674.213 655.2441
1674.487 655.1927
1674.848 655.1179
1675.229 655.0235
1675.673 654.9166
1676.131 654.8132
1676.586 654.681
1676.93 654.5388
1677.277 654.3508
1677.575 654.1548
1677.865 653.9648
1678.072 653.7877
1678.191 653.6257
1678.218 653.4819
1678.239 653.3691
1678.198 653.3199
1678.176 653.3273
1678.165 653.3602
1678.134 653.405
1678.068 653.4664
1678.027 653.548
1677.928 653.6398
1677.776 653.7147
1677.568 653.7991
1677.398 653.8942
1677.163 653.9954
1676.953 654.0498
1676.659 654.089
1676.316 654.1224
1675.848 654.1879
1675.387 654.257
1675.034 654.3194
1674.672 654.369
1674.318 654.4108
1673.977 654.4203
1673.665 654.4056
1673.37 654.3582
1673.101 654.2849
1672.804 654.2086
1672.502 654.1227
1672.206 654.0175
1671.894 653.9148
1671.617 653.8158
1671.38 653.7313
1671.132 653.6702
1670.888 653.6749
1670.656 653.7304
1670.523 653.8302
1670.433 653.9687
1670.374 654.1357
1670.289 654.3296
1670.178 654.5264
1670.031 654.7074
1669.903 654.8344
1669.808 654.9092
1669.768 654.9304
1669.762 654.9074
1669.81 654.8547
1669.875 654.7783
1669.989 654.6778
1670.1 654.5724
1670.209 654.4811
1670.308 654.42
1670.415 654.3581
1670.551 654.2838
1670.739 654.2067
1670.963 654.1053
1671.181 654.0139
1671.374 653.924
1671.559 653.8348
1671.769 653.7478
1671.978 653.6957
1672.13 653.6877
1672.241 653.7116
1672.341 653.7416
1672.402 653.7786
1672.493 653.8094
1672.572 653.8495
1672.626 653.9077
1672.654 653.9714
1672.685 654.0469
1672.74 654.1242
1672.772 654.2077
1672.769 654.2922
1672.766 654.3856
1672.738 654.4621
1672.681 654.5054
1672.632 654.5051
1672.64 654.4694
1672.622 654.3928
1672.581 654.2847
1672.509 654.1591
1672.446 654.0312
1672.411 653.9202
1672.466 653.8314
1672.512 653.7686
1672.593 653.7313
1672.668 653.7124
1672.786 653.7194
1672.893 653.7122
1672.961 653.7246
1672.969 653.7776
1672.955 653.8737
1672.897 653.9408
1672.843 654.0185
1672.798 654.1015
1672.786 654.1869
1672.783 654.2785
1672.827 654.359
1672.925 654.3797
1673.175 654.3546
1673.573 654.2824
1674.108 654.1691
1674.819 653.9662
1675.639 653.7137
1676.331 653.4879
1677.265 653.1754
1678.251 652.8543
1679.191 652.5106
1679.934 652.1495
1680.508 651.8098
1680.873 651.5213
1681.047 651.3126
1681.064 651.1597
1680.951 651.0565
1680.686 650.986
1680.43 650.9884
1680.069 651.0557
1679.657 651.1649
1679.179 651.2781
1678.69 651.4039
1678.171 651.566
1677.596 651.7748
1677.005 652.0264
1676.455 652.2695
1675.909 652.5131
1675.361 652.726
1674.813 652.9238
1674.255 653.1415
1673.889 653.3064
1673.409 653.524
1672.947 653.7205
1672.579 653.8942
1672.258 654.0359
1672.015 654.1282
1671.756 654.1829
1671.554 654.166
1671.442 654.0662
1671.395 653.9223
1671.394 653.6733
1671.525 653.4375
1671.696 653.2002
1671.84 653.0228
1672.106 652.7964
1672.445 652.6098
1672.781 652.4628
1673.111 652.3399
1673.425 652.256
1673.66 652.2077
1673.848 652.1926
1673.966 652.2094
1673.985 652.2574
1673.895 652.3218
1673.775 652.3787
1673.67 652.424
1673.58 652.4568
1673.486 652.4844
1673.456 652.5224
1673.439 652.5619
1673.464 652.564
1673.517 652.5571
1673.557 652.5519
1673.62 652.5287
1673.727 652.4787
1673.879 652.4174
1674.076 652.3641
1674.27 652.3151
1674.479 652.2725
1674.622 652.2344
1674.735 652.1869
1674.78 652.1583
1674.752 652.1414
1674.689 652.126
1674.576 652.1014
1674.424 652.0732
1674.203 652.0406
1673.897 652.0046
1673.559 652.0213
1673.13 652.0952
1672.629 652.2302
1672.088 652.3738
1671.534 652.5362
1671.008 652.716
1670.548 652.9248
1670.131 653.1185
1669.676 653.3416
1669.394 653.6227
1669.143 653.8705
1668.963 654.0602
1668.81 654.2996
1668.724 654.4262
1668.671 654.4921
1668.656 654.5091
1668.698 654.4804
1668.775 654.4399
1668.912 654.3861
1669.064 654.3275
1669.265 654.2299
1669.442 654.1036
1669.498 653.9424
1669.339 653.7439
1669.04 653.5491
1668.614 653.3829
1668.069 653.2639
1667.442 653.178
1666.722 653.1317
1665.898 653.0945
1665.195 653.1239
1664.505 653.2157
1663.837 653.3482
1663.224 653.5011
1662.609 653.6421
1662.019 653.7704
1661.479 653.8693
1660.997 653.9493
1660.495 654.0214
1660.08 654.0718
1659.715 654.1303
1659.517 654.1851
1659.416 654.2463
1659.455 654.2867
1659.533 654.3271
1659.693 654.3318
1659.871 654.3418
1660.11 654.3396
1660.268 654.3639
1660.443 654.3826
1660.589 654.3951
1660.778 654.3705
1660.989 654.3177
1661.236 654.2515
1661.468 654.2397
1661.695 654.2458
1661.95 654.2421
1662.243 654.2088
1662.536 654.1105
1662.867 653.8668
1663.276 653.4359
1663.748 652.9189
1664.481 652.1718
1665.471 651.2012
1666.624 650.078
1668.198 648.5963
1670.163 646.85
1672.386 644.9895
1675.077 642.8026
1678.063 640.4436
1681.362 637.8615
1684.936 635.0079
1688.424 632.1858
1691.721 629.3679
1694.767 626.5259
1697.569 623.5406
1700.162 620.4326
1702.873 616.9203
1705.22 613.7415
1707.508 610.5996
1709.976 607.2182
1712.415 603.9147
1714.973 600.4914
1717.602 596.7735
1719.979 593.1935
1722.223 589.6497
1724.509 586.0487
1726.51 582.98
1728.794 579.6603
1730.388 577.3547
1732.564 574.1652
1734.703 570.9602
1736.757 567.8292
1738.742 564.67
1740.652 561.5279
1742.261 558.5059
1743.771 555.4164
1745.085 552.3488
1746.279 549.1998
1747.488 545.2479
1748.265 542.3734
1748.857 539.4741
1749.403 536.6523
1749.858 533.915
1750.403 531.197
1750.97 528.5934
1751.772 525.9125
1752.571 523.314
1753.467 520.4534
1754.203 517.7501
1755.055 514.9124
1755.645 512.5057
1756.114 510.1328
1756.428 507.8433
1756.87 505.6036
1757.334 503.5126
1757.955 501.2467
1758.589 499.1113
1759.239 497.0797
1759.827 494.9978
1760.323 492.9324
1760.736 491.0766
1761.271 489.1931
1761.786 487.7229
1762.282 486.3469
1762.703 485.1483
1763.26 483.84
1763.894 482.6928
1764.74 481.4012
1765.513 480.3184
1766.222 479.3848
1766.818 478.6465
1767.446 478.0062
1768.064 477.5736
1768.733 477.236
1769.214 477.117
1769.655 477.0503
1770.06 477.0944
1770.523 477.1942
1770.926 477.4403
1771.294 477.7783
1771.578 478.2235
1771.805 478.6781
1771.964 479.1899
1772.074 479.6689
1772.079 480.1845
1772.092 480.7114
1772.058 481.1734
1771.981 481.6174
1771.805 482.0826
1771.569 482.5029
1771.314 482.8825
1771.024 483.2688
1770.694 483.6085
1770.31 483.9319
1769.915 484.2552
1769.66 484.5335
1769.502 484.7518
1769.395 484.8897
1769.322 484.9478
1769.328 484.9337
1769.364 484.8757
1769.418 484.778
1769.472 484.6401
1769.607 484.4561
1769.744 484.2679
1769.869 484.0895
1769.975 483.9122
1770.118 483.7479
1770.288 483.5684
1770.48 483.3621
1770.671 483.1327
1770.851 482.9755
1771.102 482.7959
1771.347 482.6429
1771.552 482.5131
1771.809 482.4214
1772.032 482.3605
1772.259 482.3265
1670.963 654.1053
1671.181 654.0139
1671.374 653.924
1671.559 653.8348
1671.769 653.7478
1671.978 653.6957
1672.13 653.6877
1672.241 653.7116
1672.341 653.7416
1672.402 653.7786
1672.493 653.8094
1672.572 653.8495
1672.626 653.9077
1672.654 653.9714
1672.685 654.0469
1672.74 654.1242
1672.772 654.2077
1672.769 654.2922
1672.766 654.3856
1672.738 654.4621
1672.681 654.5054
1672.632 654.5051
1672.64 654.4694
1672.622 654.3928
1672.581 654.2847
1672.509 654.1591
1672.446 654.0312
1672.411 653.9202
1672.466 653.8314
1672.512 653.7686
1672.593 653.7313
1672.668 653.7124
1672.786 653.7194
1672.893 653.7122
1672.961 653.7246
1672.969 653.7776
1672.955 653.8737
1672.897 653.9408
1672.843 654.0185
1672.798 654.1015
1672.786 654.1869
1672.783 654.2785
1672.827 654.359
1672.925 654.3797
1673.175 654.3546
1673.573 654.2824
1674.108 654.1691
1674.819 653.9662
1675.639 653.7137
1676.331 653.4879
1677.265 653.1754
1678.251 652.8543
1679.191 652.5106
1679.934 652.1495
1680.508 651.8098
1680.873 651.5213
1681.047 651.3126
1681.064 651.1597
1680.951 651.0565
1680.686 650.986
1680.43 650.9884
1680.069 651.0557
1679.657 651.1649
1679.179 651.2781
1678.69 651.4039
1678.171 651.566
1677.596 651.7748
1677.005 652.0264
1676.455 652.2695
1675.909 652.5131
1675.361 652.726
1674.813 652.9238
1674.255 653.1415
1673.889 653.3064
1673.409 653.524
1672.947 653.7205
1672.579 653.8942
1672.258 654.0359
1672.015 654.1282
1671.756 654.1829
1671.554 654.166
1671.442 654.0662
1671.395 653.9223
1671.394 653.6733
1671.525 653.4375
1671.696 653.2002
1671.84 653.0228
1672.106 652.7964
1672.445 652.6098
1672.781 652.4628
1673.111 652.3399
1673.425 652.256
1673.66 652.2077
1673.848 652.1926
1673.966 652.2094
1673.985 652.2574
1673.895 652.3218
1673.775 652.3787
1673.67 652.424
1673.58 652.4568
1673.486 652.4844
1673.456 652.5224
1673.439 652.5619
1673.464 652.564
1673.517 652.5571
1673.557 652.5519
1673.62 652.5287
1673.727 652.4787
1673.879 652.4174
1674.076 652.3641
1674.27 652.3151
1674.479 652.2725
1674.622 652.2344
1674.735 652.1869
1674.78 652.1583
1674.752 652.1414
1674.689 652.126
1674.576 652.1014
1674.424 652.0732
1674.203 652.0406
1673.897 652.0046
1673.559 652.0213
1673.13 652.0952
1672.629 652.2302
1672.088 652.3738
1671.534 652.5362
1671.008 652.716
1670.548 652.9248
1670.131 653.1185
1669.676 653.3416
1669.394 653.6227
1669.143 653.8705
1668.963 654.0602
1668.81 654.2996
1668.724 654.4262
1668.671 654.4921
1668.656 654.5091
1668.698 654.4804
1668.775 654.4399
1668.912 654.3861
1669.064 654.3275
1669.265 654.2299
1669.442 654.1036
1669.498 653.9424
1669.339 653.7439
1669.04 653.5491
1668.614 653.3829
1668.069 653.2639
1667.442 653.178
1666.722 653.1317
1665.898 653.0945
1665.195 653.1239
1664.505 653.2157
1663.837 653.3482
1663.224 653.5011
1662.609 653.6421
1662.019 653.7704
1661.479 653.8693
1660.997 653.9493
1660.495 654.0214
1660.08 654.0718
1659.715 654.1303
1659.517 654.1851
1659.416 654.2463
1659.455 654.2867
1659.533 654.3271
1659.693 654.3318
1659.871 654.3418
1660.11 654.3396
1660.268 654.3639
1660.443 654.3826
1660.589 654.3951
1660.778 654.3705
1660.989 654.3177
1661.236 654.2515
1661.468 654.2397
1661.695 654.2458
1661.95 654.2421
1662.243 654.2088
1662.536 654.1105
1662.867 653.8668
1663.276 653.4359
1663.748 652.9189
1664.481 652.1718
1665.471 651.2012
1666.624 650.078
1668.198 648.5963
1670.163 646.85
1672.386 644.9895
1675.077 642.8026
1678.063 640.4436
1681.362 637.8615
1684.936 635.0079
1688.424 632.1858
1691.721 629.3679
1694.767 626.5259
1697.569 623.5406
1700.162 620.4326
1702.873 616.9203
1705.22 613.7415
1707.508 610.5996
1709.976 607.2182
1712.415 603.9147
1714.973 600.4914
1717.602 596.7735
1719.979 593.1935
1722.223 589.6497
1724.509 586.0487
1726.51 582.98
1728.794 579.6603
1730.388 577.3547
1732.564 574.1652
1734.703 570.9602
1736.757 567.8292
1738.742 564.67
1740.652 561.5279
1742.261 558.5059
1743.771 555.4164
1745.085 552.3488
1746.279 549.1998
1747.488 545.2479
1748.265 542.3734
1748.857 539.4741
1749.403 536.6523
1749.858 533.915
1750.403 531.197
1750.97 528.5934
1751.772 525.9125
1752.571 523.314
1753.467 520.4534
1754.203 517.7501
1755.055 514.9124
1755.645 512.5057
1756.114 510.1328
1756.428 507.8433
1756.87 505.6036
1757.334 503.5126
1757.955 501.2467
1758.589 499.1113
1759.239 497.0797
1759.827 494.9978
1760.323 492.9324
1760.736 491.0766
1761.271 489.1931
1761.786 487.7229
1762.282 486.3469
1762.703 485.1483
1763.26 483.84
1763.894 482.6928
1764.74 481.4012
1765.513 480.3184
1766.222 479.3848
1766.818 478.6465
1767.446 478.0062
1768.064 477.5736
1768.733 477.236
1769.214 477.117
1769.655 477.0503
1770.06 477.0944
1770.523 477.1942
1770.926 477.4403
1771.294 477.7783
1771.578 478.2235
1771.805 478.6781
1771.964 479.1899
1772.074 479.6689
1772.079 480.1845
1772.092 480.7114
1772.058 481.1734
1771.981 481.6174
1771.805 482.0826
1771.569 482.5029
1771.314 482.8825
1771.024 483.2688
1770.694 483.6085
1770.31 483.9319
1769.915 484.2552
1769.66 484.5335
1769.502 484.7518
1769.395 484.8897
1769.322 484.9478
1769.328 484.9337
1769.364 484.8757
1769.418 484.778
1769.472 484.6401
1769.607 484.4561
1769.744 484.2679
1769.869 484.0895
1769.975 483.9122
1770.118 483.7479
1770.288 483.5684
1770.48 483.3621
1770.671 483.1327
1770.851 482.9755
1771.102 482.7959
1771.347 482.6429
1771.552 482.5131
1771.809 482.4214
1772.032 482.3605
1772.259 482.3265
1772.44 482.3243
1772.609 482.3586
1772.73 482.4258
1772.804 482.556
1772.865 482.67
1772.923 482.8002
1772.97 482.9457
1773.003 483.1372
1772.974 483.3313
1772.929 483.5611
1772.816 483.797
1772.61 484.0891
1772.348 484.4567
1772.037 484.9811
1771.7 485.5523
1771.28 486.2048
1770.789 486.8759
1770.173 487.5655
1769.454 488.2617
1768.56 489.0341
1767.566 489.7819
1766.53 490.5505
1765.383 491.3972
1764.146 492.3925
1762.778 493.5179
1761.274 494.765
1759.625 496.1632
1757.864 497.8307
1756.315 499.5092
1754.806 501.3684
1753.231 503.4967
1751.617 505.816
1750.023 508.2687
1748.447 510.8179
1746.912 513.4336
1745.348 515.9931
1743.469 518.8451
1741.337 521.8778
1739.14 525.0587
1736.987 528.4279
1735.02 531.7782
1733.321 534.7319
1731.528 538.0132
1729.805 541.3573
1728.079 544.815
1726.186 548.5532
1724.422 552.132
1722.776 555.6718
1721.259 559.3923
1719.767 563.2008
1718.303 566.9202
1716.747 570.801
1715.23 574.4609
1713.66 577.8572
1711.892 581.4238
1710.105 584.7509
1708.116 588.1185
1705.79 591.5606
1703.453 594.9028
1701.332 597.9818
1699.111 601.3516
1696.776 604.9584
1694.288 608.984
1691.829 613.1912
1689.707 617.495
1687.916 621.7589
1686.292 626.1558
1684.769 630.4511
1683.339 634.6044
1681.754 638.7849
1680.444 642.357
1679.37 645.5259
1678.634 648.5342
1677.975 651.2216
1677.471 653.577
1676.943 655.7646
1676.59 657.5041
1676.279 658.9115
1676.143 660.075
1676.003 661.0352
1675.994 661.6646
1676.037 662.0891
1676.306 662.1877
1676.766 662.0725
1677.448 661.7316
1678.007 661.4097
1678.688 660.937
1679.454 660.328
1680.307 659.5828
1680.958 658.9463
1681.729 658.2346
1682.504 657.5602
1683.295 656.9052
1684.082 656.3041
1684.962 655.7229
1685.806 655.2023
1686.704 654.6614
1687.497 654.1771
1688.287 653.7268
1688.979 653.2998
1689.616 652.8454
1690.118 652.4084
1690.618 651.9479
1690.929 651.6229
1691.22 651.3284
1691.385 651.0521
1691.406 650.8512
1691.338 650.7639
1691.239 650.7964
1691.115 650.8691
1690.942 650.9211
1690.682 650.9684
1690.301 651.0637
1689.84 651.2078
1689.259 651.3743
1688.52 651.5656
1687.693 651.8
1686.769 652.105
1685.879 652.4285
1685.185 652.6865
1684.314 652.9882
1683.463 653.2864
1682.85 653.512
1682.306 653.7344
1681.777 653.922
1681.26 654.0666
1680.707 654.1712
1680.133 654.2532
1679.502 654.3525
1678.633 654.5355
1677.764 654.7401
1676.791 654.9874
1675.776 655.2401
1674.781 655.481
1673.818 655.6876
1672.916 655.9047
1672.201 656.1232
1671.753 656.3029
1671.513 656.4459
1671.485 656.5361
1671.616 656.5671
1671.818 656.5698
1672.189 656.5753
1672.643 656.567
1673.198 656.5144
1673.75 656.4136
1674.21 656.308
1674.829 656.1315
1675.435 655.9343
1676.056 655.7424
1676.67 655.5349
1677.275 655.3358
1677.82 655.1498
1678.3 654.9597
1678.703 654.791
1678.994 654.6508
1679.191 654.4845
1679.233 654.3783
1679.187 654.3237
1679.073 654.3379
1678.89 654.4161
1678.683 654.5637
1678.411 654.7662
1678.116 654.9802
1677.834 655.1805
1677.575 655.3818
1677.304 655.5833
1677.004 655.7986
1676.718 655.9777
1676.439 656.1496
1676.236 656.3038
1676.105 656.4742
1676.01 656.6555
1675.91 656.7741
1675.824 656.8332
1675.75 656.8373
1675.686 656.8134
1675.6 656.7492
1675.507 656.6495
1675.467 656.5184
1675.472 656.387
1675.517 656.2697
1675.575 656.1571
1675.686 656.0386
1675.791 655.9194
1675.944 655.7966
1676.155 655.6968
1676.344 655.6197
1676.565 655.5491
1676.832 655.463
1677.114 655.3591
1677.413 655.245
1677.68 655.1512
1677.869 655.0825
1677.977 655.0125
1678.063 654.9355
1678.114 654.874
1678.121 654.8553
1678.037 654.875
1677.966 654.9088
1677.919 654.9493
1677.891 655.0018
1677.834 655.0676
1677.747 655.1452
1677.715 655.2213
1677.665 655.3024
1677.609 655.3872
1677.555 655.4359
1677.548 655.4338
1677.514 655.3873
1677.443 655.317
1677.364 655.2516
1677.268 655.16
1677.175 655.0505
1677.071 654.9404
1677.013 654.8218
1676.903 654.7106
1676.743 654.6235
1676.558 654.5681
1676.426 654.5165
1676.3 654.5018
1676.226 654.5211
1676.168 654.5306
1676.082 654.5297
1676.092 654.5311
1676.098 654.5411
1676.131 654.5711
1676.165 654.6826
1676.184 654.7327
1676.26 654.7761
1676.344 654.7746
1676.43 654.7557
1676.474 654.7042
1676.533 654.621
1676.622 654.5109
1676.703 654.4111
1676.762 654.3113
1676.849 654.2282
1676.922 654.1554
1676.994 654.0945
1677.039 654.0383
1677.058 654.0303
1677.071 654.051
1677.036 654.0898
1676.989 654.1207
1676.914 654.1368
1676.859 654.146
1676.816 654.1749
1676.728 654.1914
1676.672 654.199
1676.62 654.1927
1676.61 654.1823
1676.616 654.1676
1676.645 654.1558
1676.698 654.1403
1676.809 654.0917
1676.865 654.0154
1676.89 653.9322
1676.941 653.8742
1677.039 653.8089
1677.122 653.7208
1677.162 653.6705
1677.144 653.6545
1677.109 653.6663
1677.048 653.7111
1677.047 653.7887
1677.031 653.8973
1676.981 654.0225
1676.927 654.1677
1676.897 654.299
1676.911 654.402
1676.897 654.4663
1676.856 654.5017
1676.789 654.5064
1676.741 654.4663
1676.712 654.3896
1676.717 654.2915
1676.766 654.1683
1676.833 654.0349
1676.946 653.9072
1677.05 653.8004
1677.133 653.7098
1677.229 653.6732
1677.341 653.6734
1677.422 653.7032
1677.455 653.7565
1677.47 653.8218
1677.496 653.8867
1677.491 653.9566
1677.474 654.0125
1677.491 654.0649
1677.517 654.1091
1677.528 654.1388
1677.552 654.152
1677.543 654.1448
1677.54 654.1201
1677.564 654.0761
1677.627 654.0297
1677.695 653.9788
1677.771 653.9141
1772.44 482.3243
1772.609 482.3586
1772.73 482.4258
1772.804 482.556
1772.865 482.67
1772.923 482.8002
1772.97 482.9457
1773.003 483.1372
1772.974 483.3313
1772.929 483.5611
1772.816 483.797
1772.61 484.0891
1772.348 484.4567
1772.037 484.9811
1771.7 485.5523
1771.28 486.2048
1770.789 486.8759
1770.173 487.5655
1769.454 488.2617
1768.56 489.0341
1767.566 489.7819
1766.53 490.5505
1765.383 491.3972
1764.146 492.3925
1762.778 493.5179
1761.274 494.765
1759.625 496.1632
1757.864 497.8307
1756.315 499.5092
1754.806 501.3684
1753.231 503.4967
1751.617 505.816
1750.023 508.2687
1748.447 510.8179
1746.912 513.4336
1745.348 515.9931
1743.469 518.8451
1741.337 521.8778
1739.14 525.0587
1736.987 528.4279
1735.02 531.7782
1733.321 534.7319
1731.528 538.0132
1729.805 541.3573
1728.079 544.815
1726.186 548.5532
1724.422 552.132
1722.776 555.6718
1721.259 559.3923
1719.767 563.2008
1718.303 566.9202
1716.747 570.801
1715.23 574.4609
1713.66 577.8572
1711.892 581.4238
1710.105 584.7509
1708.116 588.1185
1705.79 591.5606
1703.453 594.9028
1701.332 597.9818
1699.111 601.3516
1696.776 604.9584
1694.288 608.984
1691.829 613.1912
1689.707 617.495
1687.916 621.7589
1686.292 626.1558
1684.769 630.4511
1683.339 634.6044
1681.754 638.7849
1680.444 642.357
1679.37 645.5259
1678.634 648.5342
1677.975 651.2216
1677.471 653.577
1676.943 655.7646
1676.59 657.5041
1676.279 658.9115
1676.143 660.075
1676.003 661.0352
1675.994 661.6646
1676.037 662.0891
1676.306 662.1877
1676.766 662.0725
1677.448 661.7316
1678.007 661.4097
1678.688 660.937
1679.454 660.328
1680.307 659.5828
1680.958 658.9463
1681.729 658.2346
1682.504 657.5602
1683.295 656.9052
1684.082 656.3041
1684.962 655.7229
1685.806 655.2023
1686.704 654.6614
1687.497 654.1771
1688.287 653.7268
1688.979 653.2998
1689.616 652.8454
1690.118 652.4084
1690.618 651.9479
1690.929 651.6229
1691.22 651.3284
1691.385 651.0521
1691.406 650.8512
1691.338 650.7639
1691.239 650.7964
1691.115 650.8691
1690.942 650.9211
1690.682 650.9684
1690.301 651.0637
1689.84 651.2078
1689.259 651.3743
1688.52 651.5656
1687.693 651.8
1686.769 652.105
1685.879 652.4285
1685.185 652.6865
1684.314 652.9882
1683.463 653.2864
1682.85 653.512
1682.306 653.7344
1681.777 653.922
1681.26 654.0666
1680.707 654.1712
1680.133 654.2532
1679.502 654.3525
1678.633 654.5355
1677.764 654.7401
1676.791 654.9874
1675.776 655.2401
1674.781 655.481
1673.818 655.6876
1672.916 655.9047
1672.201 656.1232
1671.753 656.3029
1671.513 656.4459
1671.485 656.5361
1671.616 656.5671
1671.818 656.5698
1672.189 656.5753
1672.643 656.567
1673.198 656.5144
1673.75 656.4136
1674.21 656.308
1674.829 656.1315
1675.435 655.9343
1676.056 655.7424
1676.67 655.5349
1677.275 655.3358
1677.82 655.1498
1678.3 654.9597
1678.703 654.791
1678.994 654.6508
1679.191 654.4845
1679.233 654.3783
1679.187 654.3237
1679.073 654.3379
1678.89 654.4161
1678.683 654.5637
1678.411 654.7662
1678.116 654.9802
1677.834 655.1805
1677.575 655.3818
1677.304 655.5833
1677.004 655.7986
1676.718 655.9777
1676.439 656.1496
1676.236 656.3038
1676.105 656.4742
1676.01 656.6555
1675.91 656.7741
1675.824 656.8332
1675.75 656.8373
1675.686 656.8134
1675.6 656.7492
1675.507 656.6495
1675.467 656.5184
1675.472 656.387
1675.517 656.2697
1675.575 656.1571
1675.686 656.0386
1675.791 655.9194
1675.944 655.7966
1676.155 655.6968
1676.344 655.6197
1676.565 655.5491
1676.832 655.463
1677.114 655.3591
1677.413 655.245
1677.68 655.1512
1677.869 655.0825
1677.977 655.0125
1678.063 654.9355
1678.114 654.874
1678.121 654.8553
1678.037 654.875
1677.966 654.9088
1677.919 654.9493
1677.891 655.0018
1677.834 655.0676
1677.747 655.1452
1677.715 655.2213
1677.665 655.3024
1677.609 655.3872
1677.555 655.4359
1677.548 655.4338
1677.514 655.3873
1677.443 655.317
1677.364 655.2516
1677.268 655.16
1677.175 655.0505
1677.071 654.9404
1677.013 654.8218
1676.903 654.7106
1676.743 654.6235
1676.558 654.5681
1676.426 654.5165
1676.3 654.5018
1676.226 654.5211
1676.168 654.5306
1676.082 654.5297
1676.092 654.5311
1676.098 654.5411
1676.131 654.5711
1676.165 654.6826
1676.184 654.7327
1676.26 654.7761
1676.344 654.7746
1676.43 654.7557
1676.474 654.7042
1676.533 654.621
1676.622 654.5109
1676.703 654.4111
1676.762 654.3113
1676.849 654.2282
1676.922 654.1554
1676.994 654.0945
1677.039 654.0383
1677.058 654.0303
1677.071 654.051
1677.036 654.0898
1676.989 654.1207
1676.914 654.1368
1676.859 654.146
1676.816 654.1749
1676.728 654.1914
1676.672 654.199
1676.62 654.1927
1676.61 654.1823
1676.616 654.1676
1676.645 654.1558
1676.698 654.1403
1676.809 654.0917
1676.865 654.0154
1676.89 653.9322
1676.941 653.8742
1677.039 653.8089
1677.122 653.7208
1677.162 653.6705
1677.144 653.6545
1677.109 653.6663
1677.048 653.7111
1677.047 653.7887
1677.031 653.8973
1676.981 654.0225
1676.927 654.1677
1676.897 654.299
1676.911 654.402
1676.897 654.4663
1676.856 654.5017
1676.789 654.5064
1676.741 654.4663
1676.712 654.3896
1676.717 654.2915
1676.766 654.1683
1676.833 654.0349
1676.946 653.9072
1677.05 653.8004
1677.133 653.7098
1677.229 653.6732
1677.341 653.6734
1677.422 653.7032
1677.455 653.7565
1677.47 653.8218
1677.496 653.8867
1677.491 653.9566
1677.474 654.0125
1677.491 654.0649
1677.517 654.1091
1677.528 654.1388
1677.552 654.152
1677.543 654.1448
1677.54 654.1201
1677.564 654.0761
1677.627 654.0297
1677.695 653.9788
1677.771 653.9141
1677.842 653.8298
1677.862 653.738
1677.88 653.6817
1677.928 653.6536
1677.961 653.6508
1677.995 653.6532
1677.991 653.6478
1677.943 653.6321
1677.89 653.6117
1677.825 653.6014
1677.727 653.6089
1677.638 653.627
1677.547 653.6641
1677.465 653.7325
1677.475 653.8098
1677.536 653.8788
1677.63 653.9384
1677.737 653.9649
1677.831 653.9813
1677.89 653.9634
1677.927 653.9003
1677.908 653.8276
1677.825 653.7628
1677.706 653.6877
1677.596 653.603
1677.497 653.4999
1677.382 653.4091
1677.25 653.3274
1677.18 653.285
1677.12 653.2692
1677.042 653.2799
1677 653.3312
1677.015 653.4209
1677.039 653.5242
1677.028 653.6339
1677.047 653.7305
1677.075 653.8009
1677.159 653.8648
1677.291 653.9269
1677.417 653.9628
1677.493 653.9833
1677.52 653.9698
1677.48 653.9523
1677.413 653.9272
1677.315 653.8966
1677.14 653.8481
1676.962 653.7773
1676.744 653.6766
1676.492 653.588
1676.183 653.5289
1675.88 653.5142
1675.618 653.5536
1675.37 653.632
1675.133 653.7336
1674.901 653.8746
1674.69 654.0406
1674.486 654.2419
1674.287 654.4263
1674.047 654.6071
1673.82 654.7689
1673.602 654.905
1673.374 655.0024
1673.099 655.0994
1672.855 655.1867
1672.591 655.2736
1672.293 655.3758
1671.97 655.4792
1671.649 655.5856
1671.34 655.7001
1671.05 655.7615
1670.807 655.7579
1670.613 655.7516
1670.456 655.7588
1670.365 655.7977
1670.345 655.8594
1670.385 655.9421
1670.393 656.0073
1670.45 656.0529
1670.497 656.0515
1670.578 655.9897
1670.634 655.8602
1670.641 655.7282
1670.591 655.6114
1670.512 655.5204
1670.37 655.4478
1670.219 655.3619
1670.05 655.2477
1669.898 655.1198
1669.74 655.007
1669.563 654.7452
1669.551 654.6892
1669.559 654.6243
1669.585 654.5611
1669.631 654.5051
1669.684 654.4594
1669.716 654.4312
1669.776 654.4001
1669.807 654.38
1669.789 654.3727
1669.813 654.3623
1669.791 654.2972
1669.74 654.2109
1669.708 654.0869
1669.693 653.9001
1669.657 653.5989
1669.668 653.196
1669.72 652.7295
1669.768 652.3423
1669.845 651.9454
1670.041 651.4575
1670.396 650.8117
1670.944 649.9937
1671.532 649.0012
1672.254 647.9263
1672.957 646.9031
1673.844 645.6862
1674.886 644.3295
1676.043 642.9164
1677.291 641.3703
1678.653 639.6339
1679.958 637.7568
1681.367 635.6804
1682.902 633.3849
1684.573 631.0086
1686.394 628.2995
1688.118 625.5133
1689.458 623.1853
1691.276 619.9854
1693.078 616.6122
1694.877 613.0818
1696.699 609.3292
1698.342 605.6848
1700.091 601.8841
1701.961 597.9316
1703.721 593.918
1705.34 589.8967
1707.407 584.9496
1708.946 581.0491
1710.273 577.4764
1711.56 573.8876
1713.146 569.8002
1714.751 565.831
1716.382 561.7827
1717.948 557.5317
1719.451 553.0598
1720.714 548.5591
1721.768 544.1552
1722.714 539.9062
1723.644 535.6727
1724.352 531.9109
1725.1 528.1372
1725.799 524.4988
1726.543 520.939
1727.104 517.6575
1727.632 514.3574
1728.075 511.409
1728.534 509.1388
1728.992 506.8865
1729.475 504.7354
1729.906 502.5984
1730.38 500.6075
1730.914 498.604
1731.415 496.8579
1731.906 495.3429
1732.505 494.0398
1733.151 493.0767
1733.869 492.2401
1734.385 491.6386
1734.895 491.0878
1735.478 490.6775
1736.206 490.2542
1736.933 489.9566
1737.599 489.7428
1738.205 489.6682
1738.695 489.7143
1739.072 489.8307
1739.37 489.9376
1739.624 490.1269
1739.833 490.4441
1739.867 491.0887
1739.796 492.112
1739.698 492.8348
1739.518 494.0049
1739.295 495.2724
1738.98 496.7036
1738.61 498.1829
1738.196 499.7452
1737.652 501.5191
1737.011 503.5865
1736.19 506.0237
1735.093 508.8942
1733.682 512.4396
1732.613 515.1995
1731.47 518.3253
1730.147 521.6817
1728.615 525.3536
1726.974 529.4011
1725.335 533.6376
1723.804 537.6198
1722.198 541.865
1720.617 546.2349
1719.046 550.7335
1717.369 555.4261
1715.712 559.9167
1713.985 564.4865
1712.331 569.0076
1710.774 573.4392
1709.378 577.7491
1707.983 582.4083
1706.83 586.3638
1705.796 590.008
1704.713 594.0751
1703.77 598.2752
1703.122 602.4213
1702.713 606.6818
1702.65 610.4327
1702.676 614.1303
1702.69 617.9202
1702.485 621.8038
1702.111 625.6003
1701.452 629.1982
1700.604 632.6289
1699.464 635.7572
1698.167 638.3842
1696.619 640.7462
1694.935 642.7182
1692.993 644.4123
1690.929 645.7391
1688.846 646.7298
1686.71 647.4512
1684.472 647.9695
1682.594 648.1853
1680.826 648.2808
1679.336 648.2334
1677.999 648.2194
1676.827 648.1681
1675.782 648.1342
1674.989 648.1289
1674.264 648.2032
1673.656 648.4274
1673.245 648.743
1673.069 649.1057
1673.025 649.5172
1673.202 649.8925
1673.405 650.2853
1673.604 650.6235
1673.75 650.967
1673.983 651.2811
1674.139 651.5923
1674.246 651.8765
1674.302 652.1866
1674.299 652.4519
1674.246 652.7157
1674.139 652.9708
1673.925 653.2314
1673.584 653.5093
1673.151 653.81
1672.696 654.0597
1672.214 654.3093
1671.819 654.5251
1671.464 654.7311
1671.179 654.8691
1670.962 654.9176
1670.879 654.8755
1670.87 654.77
1670.898 654.6342
1670.949 654.4874
1670.977 654.3429
1670.987 654.1501
1671.082 653.8856
1671.274 653.5802
1671.58 653.2819
1671.9 653.032
1672.245 652.7936
1672.628 652.5549
1673.039 652.3007
1673.503 652.0557
1673.956 651.8923
1674.34 651.7912
1674.666 651.7153
1674.938 651.6082
1675.125 651.4723
1675.272 651.3405
1675.352 651.2228
1675.348 651.1158
1675.261 651.0219
1675.073 650.9545
1674.854 650.9449
1674.538 650.9968
1674.141 651.1012
1673.717 651.2087
1673.35 651.2947
1672.842 651.4391
1672.278 651.6636
1671.739 651.947
1671.177 652.2761
1670.604 652.6351
1670.033 653.0104
1669.525 653.3394
1669.044 653.6502
1677.842 653.8298
1677.862 653.738
1677.88 653.6817
1677.928 653.6536
1677.961 653.6508
1677.995 653.6532
1677.991 653.6478
1677.943 653.6321
1677.89 653.6117
1677.825 653.6014
1677.727 653.6089
1677.638 653.627
1677.547 653.6641
1677.465 653.7325
1677.475 653.8098
1677.536 653.8788
1677.63 653.9384
1677.737 653.9649
1677.831 653.9813
1677.89 653.9634
1677.927 653.9003
1677.908 653.8276
1677.825 653.7628
1677.706 653.6877
1677.596 653.603
1677.497 653.4999
1677.382 653.4091
1677.25 653.3274
1677.18 653.285
1677.12 653.2692
1677.042 653.2799
1677 653.3312
1677.015 653.4209
1677.039 653.5242
1677.028 653.6339
1677.047 653.7305
1677.075 653.8009
1677.159 653.8648
1677.291 653.9269
1677.417 653.9628
1677.493 653.9833
1677.52 653.9698
1677.48 653.9523
1677.413 653.9272
1677.315 653.8966
1677.14 653.8481
1676.962 653.7773
1676.744 653.6766
1676.492 653.588
1676.183 653.5289
1675.88 653.5142
1675.618 653.5536
1675.37 653.632
1675.133 653.7336
1674.901 653.8746
1674.69 654.0406
1674.486 654.2419
1674.287 654.4263
1674.047 654.6071
1673.82 654.7689
1673.602 654.905
1673.374 655.0024
1673.099 655.0994
1672.855 655.1867
1672.591 655.2736
1672.293 655.3758
1671.97 655.4792
1671.649 655.5856
1671.34 655.7001
1671.05 655.7615
1670.807 655.7579
1670.613 655.7516
1670.456 655.7588
1670.365 655.7977
1670.345 655.8594
1670.385 655.9421
1670.393 656.0073
1670.45 656.0529
1670.497 656.0515
1670.578 655.9897
1670.634 655.8602
1670.641 655.7282
1670.591 655.6114
1670.512 655.5204
1670.37 655.4478
1670.219 655.3619
1670.05 655.2477
1669.898 655.1198
1669.74 655.007
1669.563 654.7452
1669.551 654.6892
1669.559 654.6243
1669.585 654.5611
1669.631 654.5051
1669.684 654.4594
1669.716 654.4312
1669.776 654.4001
1669.807 654.38
1669.789 654.3727
1669.813 654.3623
1669.791 654.2972
1669.74 654.2109
1669.708 654.0869
1669.693 653.9001
1669.657 653.5989
1669.668 653.196
1669.72 652.7295
1669.768 652.3423
1669.845 651.9454
1670.041 651.4575
1670.396 650.8117
1670.944 649.9937
1671.532 649.0012
1672.254 647.9263
1672.957 646.9031
1673.844 645.6862
1674.886 644.3295
1676.043 642.9164
1677.291 641.3703
1678.653 639.6339
1679.958 637.7568
1681.367 635.6804
1682.902 633.3849
1684.573 631.0086
1686.394 628.2995
1688.118 625.5133
1689.458 623.1853
1691.276 619.9854
1693.078 616.6122
1694.877 613.0818
1696.699 609.3292
1698.342 605.6848
1700.091 601.8841
1701.961 597.9316
1703.721 593.918
1705.34 589.8967
1707.407 584.9496
1708.946 581.0491
1710.273 577.4764
1711.56 573.8876
1713.146 569.8002
1714.751 565.831
1716.382 561.7827
1717.948 557.5317
1719.451 553.0598
1720.714 548.5591
1721.768 544.1552
1722.714 539.9062
1723.644 535.6727
1724.352 531.9109
1725.1 528.1372
1725.799 524.4988
1726.543 520.939
1727.104 517.6575
1727.632 514.3574
1728.075 511.409
1728.534 509.1388
1728.992 506.8865
1729.475 504.7354
1729.906 502.5984
1730.38 500.6075
1730.914 498.604
1731.415 496.8579
1731.906 495.3429
1732.505 494.0398
1733.151 493.0767
1733.869 492.2401
1734.385 491.6386
1734.895 491.0878
1735.478 490.6775
1736.206 490.2542
1736.933 489.9566
1737.599 489.7428
1738.205 489.6682
1738.695 489.7143
1739.072 489.8307
1739.37 489.9376
1739.624 490.1269
1739.833 490.4441
1739.867 491.0887
1739.796 492.112
1739.698 492.8348
1739.518 494.0049
1739.295 495.2724
1738.98 496.7036
1738.61 498.1829
1738.196 499.7452
1737.652 501.5191
1737.011 503.5865
1736.19 506.0237
1735.093 508.8942
1733.682 512.4396
1732.613 515.1995
1731.47 518.3253
1730.147 521.6817
1728.615 525.3536
1726.974 529.4011
1725.335 533.6376
1723.804 537.6198
1722.198 541.865
1720.617 546.2349
1719.046 550.7335
1717.369 555.4261
1715.712 559.9167
1713.985 564.4865
1712.331 569.0076
1710.774 573.4392
1709.378 577.7491
1707.983 582.4083
1706.83 586.3638
1705.796 590.008
1704.713 594.0751
1703.77 598.2752
1703.122 602.4213
1702.713 606.6818
1702.65 610.4327
1702.676 614.1303
1702.69 617.9202
1702.485 621.8038
1702.111 625.6003
1701.452 629.1982
1700.604 632.6289
1699.464 635.7572
1698.167 638.3842
1696.619 640.7462
1694.935 642.7182
1692.993 644.4123
1690.929 645.7391
1688.846 646.7298
1686.71 647.4512
1684.472 647.9695
1682.594 648.1853
1680.826 648.2808
1679.336 648.2334
1677.999 648.2194
1676.827 648.1681
1675.782 648.1342
1674.989 648.1289
1674.264 648.2032
1673.656 648.4274
1673.245 648.743
1673.069 649.1057
1673.025 649.5172
1673.202 649.8925
1673.405 650.2853
1673.604 650.6235
1673.75 650.967
1673.983 651.2811
1674.139 651.5923
1674.246 651.8765
1674.302 652.1866
1674.299 652.4519
1674.246 652.7157
1674.139 652.9708
1673.925 653.2314
1673.584 653.5093
1673.151 653.81
1672.696 654.0597
1672.214 654.3093
1671.819 654.5251
1671.464 654.7311
1671.179 654.8691
1670.962 654.9176
1670.879 654.8755
1670.87 654.77
1670.898 654.6342
1670.949 654.4874
1670.977 654.3429
1670.987 654.1501
1671.082 653.8856
1671.274 653.5802
1671.58 653.2819
1671.9 653.032
1672.245 652.7936
1672.628 652.5549
1673.039 652.3007
1673.503 652.0557
1673.956 651.8923
1674.34 651.7912
1674.666 651.7153
1674.938 651.6082
1675.125 651.4723
1675.272 651.3405
1675.352 651.2228
1675.348 651.1158
1675.261 651.0219
1675.073 650.9545
1674.854 650.9449
1674.538 650.9968
1674.141 651.1012
1673.717 651.2087
1673.35 651.2947
1672.842 651.4391
1672.278 651.6636
1671.739 651.947
1671.177 652.2761
1670.604 652.6351
1670.033 653.0104
1669.525 653.3394
1669.044 653.6502
1668.616 653.9017
1668.226 654.1507
1668.016 654.3273
1667.9 654.434
1667.782 654.4703
1667.727 654.4471
1667.703 654.3572
1667.719 654.2098
1667.714 653.9758
1667.693 653.7112
1667.674 653.4391
1667.68 653.1949
1667.592 653.0251
1667.459 652.9656
1667.406 652.9987
1667.302 653.0745
1667.205 653.1753
1667.097 653.2786
1666.953 653.4132
1666.686 653.5535
1666.363 653.6677
1665.985 653.8093
1665.5 654.0358
1664.964 654.3099
1664.342 654.5995
1663.595 654.8911
1662.842 655.1484
1662.14 655.3597
1661.353 655.5995
1660.545 655.8564
1659.744 656.0834
1658.898 656.2805
1658.126 656.4097
1657.36 656.4829
1656.586 656.4911
1655.815 656.4446
1655.089 656.368
1654.392 656.2782
1653.801 656.192
1653.307 656.1048
1652.873 655.9674
1652.555 655.7776
1652.373 655.4689
1652.272 655.0256
1652.246 654.5006
1652.286 653.9397
1652.399 653.4308
1652.645 652.8276
1653.036 652.1652
1653.502 651.5364
1653.975 650.8838
1654.406 650.2404
1654.814 649.7392
1655.234 649.3591
1655.639 649.1037
1655.992 648.9303
1656.333 648.8087
1656.661 648.6929
1657.044 648.5602
1657.355 648.4442
1657.675 648.3598
1657.97 648.2674
1658.309 648.1522
1658.624 648.0143
1658.931 647.8602
1659.211 647.6393
1659.466 647.3348
1659.711 646.8947
1660.096 646.3199
1660.544 645.5922
1661.197 644.6352
1661.995 643.3969
1662.88 642.0566
1664.023 640.2971
1665.358 638.3134
1666.809 636.0564
1668.512 633.4349
1670.18 630.6755
1671.872 627.8848
1673.656 624.7734
1675.556 621.4507
1677.43 617.8956
1679.272 614.304
1680.993 610.8444
1682.719 607.2964
1684.403 603.6702
1686.061 599.8566
1687.73 595.8184
1689.396 591.4542
1690.877 587.4288
1692.224 583.3688
1693.42 579.4541
1694.607 575.4777
1695.773 571.6603
1696.928 567.8817
1698.167 564.0656
1698.976 561.6892
1700.113 558.4715
1701.163 555.7539
1702.32 553.1959
1703.374 550.9467
1704.442 548.9833
1705.509 547.2988
1706.676 545.6719
1707.758 544.0908
1708.971 542.3054
1710.487 540.0356
1711.457 538.4314
1712.221 537.073
1712.913 535.8006
1713.4 534.5178
1713.754 533.0743
1713.886 531.6255
1714.16 529.9799
1714.479 528.4283
1715.009 526.8609
1715.575 525.3201
1716.338 523.6745
1717.09 521.976
1717.892 520.2159
1718.577 518.5773
1719.384 516.742
1720.237 514.8019
1721.194 512.8614
1722.208 510.8223
1723.306 508.6494
1724.326 506.7261
1725.311 504.9406
1726.193 503.1599
1727.051 501.3582
1727.991 499.6093
1728.977 498.0171
1729.882 496.6004
1730.838 495.2234
1731.733 494.0941
1732.593 493.1023
1733.159 492.4325
1733.901 491.6386
1734.627 491.0148
1735.301 490.5424
1735.883 490.2289
1736.469 490.0193
1737.023 490.0325
1737.572 490.261
1737.918 490.8228
1738.108 491.578
1738.081 492.8665
1737.922 494.119
1737.583 495.5552
1737.178 497.1993
1736.808 498.9421
1736.486 500.8706
1736.156 503.0807
1735.892 505.3152
1735.641 507.6466
1735.562 510.0997
1735.711 512.2855
1736.205 514.3077
1737.112 516.278
1738.396 518.145
1739.897 519.9313
1741.787 521.8336
1743.671 523.3558
1745.756 524.7681
1748.181 526.0789
1750.839 527.2828
1753.628 528.397
1756.64 529.4833
1759.774 530.3822
1762.991 531.0594
1766.767 531.6426
1770.621 532.1291
1774.399 532.5656
1778.562 533.0314
1782.622 533.4911
1786.794 533.9168
1791.164 534.104
1795.774 533.9861
1800.435 533.6866
1805.579 533.3779
1810.201 533.1799
1814.516 533.0103
1818.869 532.7357
1823.337 532.2368
1827.764 531.5464
1832.55 530.6965
1837.391 529.824
1842.189 528.9046
1847.267 527.8909
1851.9 526.9368
1856.858 526.0443
1862.167 525.0812
1867.126 523.9816
1871.596 522.6807
1875.799 521.1617
1879.7 519.5338
1883.65 517.8523
1887.459 516.0978
1890.96 514.339
1893.882 512.6569
1896.61 510.9645
1898.969 509.1749
1900.801 507.4908
1902.135 505.8715
1902.894 504.4897
1902.998 503.1535
1902.533 501.7506
1901.576 500.2881
1900.271 498.9492
1898.42 497.6743
1896.332 496.7606
1893.777 495.929
1890.882 495.1681
1887.773 494.5067
1884.791 494.0274
1881.358 493.5442
1878.327 493.0346
1875.495 492.5014
1872.885 492.0993
1870.512 491.8566
1868.314 491.7978
1866.327 491.6604
1864.536 491.4402
1863.161 491.1862
1862.137 491.0751
1861.469 491.1115
1861.09 491.3089
1860.965 491.5232
1861.229 491.7545
1861.998 491.9144
1863.235 492.0083
1864.644 492.0627
1866.085 492.1617
1868.04 492.3942
1870.308 492.785
1872.649 493.2419
1875.179 493.7859
1877.907 494.3451
1880.826 494.8572
1883.962 495.2838
1887.184 495.5361
1890.285 495.6733
1893.497 495.91
1896.612 496.2693
1899.361 496.5232
1902.235 496.2631
1904.749 496.8756
1907.993 497.4335
1911.349 497.976
1914.443 498.2391
1916.93 498.5787
1919.313 499.0486
1921.548 499.5974
1923.557 500.2467
1925.421 501.1411
1927.081 502.0782
1928.659 502.9608
1930.177 503.6565
1931.592 504.1541
1933.123 504.364
1935.105 504.2159
1937.803 504.0021
1940.564 503.8386
1943.494 503.378
1946.363 502.4482
1949.367 501.1487
1952.635 499.7981
1955.797 498.5734
1958.412 497.4749
1960.625 496.1698
1962.423 494.6573
1963.939 493.2238
1964.921 492.2724
1965.384 491.7148
1965.32 491.3129
1964.991 490.8847
1964.505 490.5167
1963.6 489.8987
1961.834 488.0163
1959.769 486.5698
1957.909 485.8163
1956.287 485.1071
1954.656 484.3754
1952.671 483.6402
1950.456 482.9213
1948.629 482.258
1947.255 481.5176
1946.059 480.5874
1945.182 479.6138
1944.562 478.6013
1944.198 477.6385
1944.064 476.6896
1944.051 475.5786
1944.121 474.1738
1944.266 472.6353
1944.461 470.9876
1944.741 469.0819
1944.897 467.0998
1944.824 465.1229
1944.553 463.1284
1668.616 653.9017
1668.226 654.1507
1668.016 654.3273
1667.9 654.434
1667.782 654.4703
1667.727 654.4471
1667.703 654.3572
1667.719 654.2098
1667.714 653.9758
1667.693 653.7112
1667.674 653.4391
1667.68 653.1949
1667.592 653.0251
1667.459 652.9656
1667.406 652.9987
1667.302 653.0745
1667.205 653.1753
1667.097 653.2786
1666.953 653.4132
1666.686 653.5535
1666.363 653.6677
1665.985 653.8093
1665.5 654.0358
1664.964 654.3099
1664.342 654.5995
1663.595 654.8911
1662.842 655.1484
1662.14 655.3597
1661.353 655.5995
1660.545 655.8564
1659.744 656.0834
1658.898 656.2805
1658.126 656.4097
1657.36 656.4829
1656.586 656.4911
1655.815 656.4446
1655.089 656.368
1654.392 656.2782
1653.801 656.192
1653.307 656.1048
1652.873 655.9674
1652.555 655.7776
1652.373 655.4689
1652.272 655.0256
1652.246 654.5006
1652.286 653.9397
1652.399 653.4308
1652.645 652.8276
1653.036 652.1652
1653.502 651.5364
1653.975 650.8838
1654.406 650.2404
1654.814 649.7392
1655.234 649.3591
1655.639 649.1037
1655.992 648.9303
1656.333 648.8087
1656.661 648.6929
1657.044 648.5602
1657.355 648.4442
1657.675 648.3598
1657.97 648.2674
1658.309 648.1522
1658.624 648.0143
1658.931 647.8602
1659.211 647.6393
1659.466 647.3348
1659.711 646.8947
1660.096 646.3199
1660.544 645.5922
1661.197 644.6352
1661.995 643.3969
1662.88 642.0566
1664.023 640.2971
1665.358 638.3134
1666.809 636.0564
1668.512 633.4349
1670.18 630.6755
1671.872 627.8848
1673.656 624.7734
1675.556 621.4507
1677.43 617.8956
1679.272 614.304
1680.993 610.8444
1682.719 607.2964
1684.403 603.6702
1686.061 599.8566
1687.73 595.8184
1689.396 591.4542
1690.877 587.4288
1692.224 583.3688
1693.42 579.4541
1694.607 575.4777
1695.773 571.6603
1696.928 567.8817
1698.167 564.0656
1698.976 561.6892
1700.113 558.4715
1701.163 555.7539
1702.32 553.1959
1703.374 550.9467
1704.442 548.9833
1705.509 547.2988
1706.676 545.6719
1707.758 544.0908
1708.971 542.3054
1710.487 540.0356
1711.457 538.4314
1712.221 537.073
1712.913 535.8006
1713.4 534.5178
1713.754 533.0743
1713.886 531.6255
1714.16 529.9799
1714.479 528.4283
1715.009 526.8609
1715.575 525.3201
1716.338 523.6745
1717.09 521.976
1717.892 520.2159
1718.577 518.5773
1719.384 516.742
1720.237 514.8019
1721.194 512.8614
1722.208 510.8223
1723.306 508.6494
1724.326 506.7261
1725.311 504.9406
1726.193 503.1599
1727.051 501.3582
1727.991 499.6093
1728.977 498.0171
1729.882 496.6004
1730.838 495.2234
1731.733 494.0941
1732.593 493.1023
1733.159 492.4325
1733.901 491.6386
1734.627 491.0148
1735.301 490.5424
1735.883 490.2289
1736.469 490.0193
1737.023 490.0325
1737.572 490.261
1737.918 490.8228
1738.108 491.578
1738.081 492.8665
1737.922 494.119
1737.583 495.5552
1737.178 497.1993
1736.808 498.9421
1736.486 500.8706
1736.156 503.0807
1735.892 505.3152
1735.641 507.6466
1735.562 510.0997
1735.711 512.2855
1736.205 514.3077
1737.112 516.278
1738.396 518.145
1739.897 519.9313
1741.787 521.8336
1743.671 523.3558
1745.756 524.7681
1748.181 526.0789
1750.839 527.2828
1753.628 528.397
1756.64 529.4833
1759.774 530.3822
1762.991 531.0594
1766.767 531.6426
1770.621 532.1291
1774.399 532.5656
1778.562 533.0314
1782.622 533.4911
1786.794 533.9168
1791.164 534.104
1795.774 533.9861
1800.435 533.6866
1805.579 533.3779
1810.201 533.1799
1814.516 533.0103
1818.869 532.7357
1823.337 532.2368
1827.764 531.5464
1832.55 530.6965
1837.391 529.824
1842.189 528.9046
1847.267 527.8909
1851.9 526.9368
1856.858 526.0443
1862.167 525.0812
1867.126 523.9816
1871.596 522.6807
1875.799 521.1617
1879.7 519.5338
1883.65 517.8523
1887.459 516.0978
1890.96 514.339
1893.882 512.6569
1896.61 510.9645
1898.969 509.1749
1900.801 507.4908
1902.135 505.8715
1902.894 504.4897
1902.998 503.1535
1902.533 501.7506
1901.576 500.2881
1900.271 498.9492
1898.42 497.6743
1896.332 496.7606
1893.777 495.929
1890.882 495.1681
1887.773 494.5067
1884.791 494.0274
1881.358 493.5442
1878.327 493.0346
1875.495 492.5014
1872.885 492.0993
1870.512 491.8566
1868.314 491.7978
1866.327 491.6604
1864.536 491.4402
1863.161 491.1862
1862.137 491.0751
1861.469 491.1115
1861.09 491.3089
1860.965 491.5232
1861.229 491.7545
1861.998 491.9144
1863.235 492.0083
1864.644 492.0627
1866.085 492.1617
1868.04 492.3942
1870.308 492.785
1872.649 493.2419
1875.179 493.7859
1877.907 494.3451
1880.826 494.8572
1883.962 495.2838
1887.184 495.5361
1890.285 495.6733
1893.497 495.91
1896.612 496.2693
1899.361 496.5232
1902.235 496.2631
1904.749 496.8756
1907.993 497.4335
1911.349 497.976
1914.443 498.2391
1916.93 498.5787
1919.313 499.0486
1921.548 499.5974
1923.557 500.2467
1925.421 501.1411
1927.081 502.0782
1928.659 502.9608
1930.177 503.6565
1931.592 504.1541
1933.123 504.364
1935.105 504.2159
1937.803 504.0021
1940.564 503.8386
1943.494 503.378
1946.363 502.4482
1949.367 501.1487
1952.635 499.7981
1955.797 498.5734
1958.412 497.4749
1960.625 496.1698
1962.423 494.6573
1963.939 493.2238
1964.921 492.2724
1965.384 491.7148
1965.32 491.3129
1964.991 490.8847
1964.505 490.5167
1963.6 489.8987
1961.834 488.0163
1959.769 486.5698
1957.909 485.8163
1956.287 485.1071
1954.656 484.3754
1952.671 483.6402
1950.456 482.9213
1948.629 482.258
1947.255 481.5176
1946.059 480.5874
1945.182 479.6138
1944.562 478.6013
1944.198 477.6385
1944.064 476.6896
1944.051 475.5786
1944.121 474.1738
1944.266 472.6353
1944.461 470.9876
1944.741 469.0819
1944.897 467.0998
1944.824 465.1229
1944.553 463.1284
