1920 480
729.9099 461.9071
729.3845 462.0695
729.4329 462.0594
729.5251 462.0002
729.5049 461.986
729.6038 462.0044
729.6523 462.0034
729.4909 462.0073
729.4538 462.0109
729.5361 461.9938
729.5007 461.9822
729.4798 461.9963
729.4554 461.9959
729.5218 462.0133
729.4668 461.9865
729.5589 462.0063
729.5593 461.9771
729.5433 461.978
729.5866 462.0051
729.5237 461.9911
729.595 461.9759
729.5237 462.0163
729.4792 462.0101
729.515 462.0107
729.6175 461.9997
729.5495 461.9445
729.5947 462.0049
729.5605 461.9865
729.5573 461.9884
729.5716 461.9844
729.572 461.9847
729.5915 461.9832
729.6175 461.9857
729.6315 461.972
729.6218 461.9696
729.6354 461.971
729.6052 461.9738
729.5833 461.9769
729.5784 461.9884
729.5837 461.9907
729.585 461.9973
729.5739 461.9961
729.5495 461.999
729.5446 461.9973
729.5446 462.0039
729.5671 461.9945
729.5869 461.989
729.5967 461.9858
729.5862 461.9883
729.5901 461.98
729.5791 461.9741
729.5801 461.9748
729.6013 461.9694
729.585 461.971
729.6165 461.9683
729.6357 461.9608
729.6504 461.9561
729.6472 461.9528
729.6426 461.9538
729.6436 461.9538
729.6439 461.958
729.6302 461.9632
729.6165 461.9644
729.6282 461.9701
729.6143 461.9704
729.596 461.9676
729.6032 461.9665
729.585 461.9604
729.5706 461.9601
729.5645 461.9577
729.5566 461.958
729.5671 461.9639
729.5593 461.9595
729.5661 461.9593
729.5684 461.9619
729.5648 461.951
729.5622 461.9465
729.5267 461.963
729.5003 461.9813
729.5166 461.9842
729.5029 461.989
729.5095 461.9905
729.5068 461.9963
729.485 462.0098
729.4753 462.015
729.4632 462.0189
729.4665 462.027
729.4905 462.0272
729.499 462.0249
729.5032 462.0107
729.5068 462.0089
729.5042 462.0135
729.5049 462.0156
729.4993 462.0189
729.5176 462.0204
729.5218 462.0234
729.5182 462.0169
729.5215 462.0187
729.5361 462.0247
729.5544 462.0197
729.5498 462.0112
729.5306 462.0153
729.5137 462.0117
729.4782 462.0104
729.4948 462.0003
729.5039 462
729.5228 461.9966
729.5244 461.9997
729.529 462.0029
729.5498 462.0133
729.57 462.0166
729.5847 462.0179
729.5843 462.0177
729.5771 462.021
729.5745 462.0321
729.5905 462.0418
729.5977 462.0462
729.6204 462.0451
729.6599 462.0392
729.6813 462.0345
729.6706 462.0403
729.6741 462.0403
729.636 462.048
729.6299 462.0459
729.6351 462.0509
729.6097 462.0584
729.6126 462.0637
729.5989 462.0649
729.6113 462.0566
729.6038 462.0526
729.6087 462.0518
729.6055 462.0483
729.5938 462.0491
729.5537 462.0504
729.54 462.0537
729.528 462.0475
729.5244 462.0433
729.5452 462.0294
729.5625 462.0314
729.572 462.0314
729.5967 462.0273
729.5915 462.0321
729.5755 462.0475
729.5742 462.0449
729.5596 462.0566
729.553 462.0663
729.5612 462.0659
729.5602 462.0677
729.5618 462.0753
729.5703 462.0734
729.5827 462.0696
729.57 462.0752
729.5729 462.0744
729.5827 462.0807
729.5934 462.0815
729.5928 462.0887
729.5833 462.0776
729.5651 462.0773
729.5651 462.0682
729.5723 462.0658
729.5781 462.0562
729.5811 462.0565
729.5827 462.0444
729.5771 462.0394
729.5911 462.0415
729.5847 462.037
729.5934 462.0324
729.5807 462.0378
729.585 462.0283
729.5791 462.0275
729.5869 462.0287
729.5742 462.0379
729.583 462.0394
729.5784 462.0441
729.5869 462.0513
729.5862 462.0475
729.597 462.0413
729.596 462.036
729.6296 462.0277
729.653 462.0267
729.655 462.0238
729.7093 462.0262
729.7207 462.0394
729.723 462.0399
729.7158 462.0444
729.7191 462.0425
729.7184 462.0418
729.7305 462.0436
729.748 462.0462
729.7634 462.0457
729.7565 462.0558
729.765 462.0591
729.7546 462.0661
729.7526 462.0618
729.7571 462.0649
729.7526 462.0762
729.7171 462.0845
729.6888 462.0859
729.6843 462.0877
729.6878 462.0925
729.7191 462.0853
729.7324 462.0829
729.7559 462.0807
729.736 462.0877
729.7136 462.0869
729.7097 462.089
729.7002 462.0915
729.7266 462.0898
729.7327 462.0916
729.7409 462.1017
729.7477 462.1081
729.7539 462.1069
729.7532 462.1046
729.7435 462.1072
729.7412 462.1053
729.7321 462.1108
729.7256 462.1076
729.7373 462.1025
729.7396 462.0884
729.7503 462.0779
729.7357 462.0656
729.7526 462.0547
729.7513 462.048
729.7637 462.0415
729.7673 462.0345
729.7614 462.0283
729.7546 462.0282
729.749 462.0299
729.764 462.033
729.7575 462.0311
729.7894 462.0321
729.7936 462.0243
729.8034 462.0233
729.8112 462.0228
729.8115 462.0192
729.8181 462.0226
729.8271 462.028
729.8102 462.033
729.8011 462.0282
729.7975 462.0335
729.7832 462.0389
729.7598 462.0474
729.7686 462.0418
729.7588 462.0382
729.7595 462.0313
729.7679 462.0267
729.7702 462.0259
729.7581 462.0215
729.7556 462.0171
729.75 462.0164
729.7477 462.0096
729.7471 462.0153
729.7314 462.0041
729.7422 462.006
729.7461 462.011
729.7458 462.0172
729.7314 462.0155
729.7402 462.0176
729.7282 462.0213
729.7087 462.0246
729.6826 462.0264
729.6673 462.0266
729.6667 462.0287
729.679 462.0249
729.6777 462.0368
729.6699 462.0319
729.6943 462.0262
729.6963 462.0363
729.7288 462.0371
729.7585 462.037
729.7686 462.0301
729.7549 462.0241
729.735 462.0275
729.7197 462.042
729.6999 462.0392
729.7031 462.0425
729.7021 462.0407
729.6934 462.0352
729.6868 462.0296
729.6751 462.0353
729.697 462.0282
729.7018 462.0215
729.7214 462.013
729.695 462.021
729.6794 462.0213
729.7038 462.0204
729.7116 462.0261
729.7188 462.0262
729.7278 462.0251
729.7448 462.022
729.737 462.0163
729.763 462.0067
729.7581 462.0117
729.7754 462.0096
729.7559 462.0171
729.7399 462.0171
729.7311 462.0211
729.7311 462.0106
729.721 462.0068
1920 480
729.9099 461.9071
729.3845 462.0695
729.4329 462.0594
729.5251 462.0002
729.5049 461.986
729.6038 462.0044
729.6523 462.0034
729.4909 462.0073
729.4538 462.0109
729.5361 461.9938
729.5007 461.9822
729.4798 461.9963
729.4554 461.9959
729.5218 462.0133
729.4668 461.9865
729.5589 462.0063
729.5593 461.9771
729.5433 461.978
729.5866 462.0051
729.5237 461.9911
729.595 461.9759
729.5237 462.0163
729.4792 462.0101
729.515 462.0107
729.6175 461.9997
729.5495 461.9445
729.5947 462.0049
729.5605 461.9865
729.5573 461.9884
729.5716 461.9844
729.572 461.9847
729.5915 461.9832
729.6175 461.9857
729.6315 461.972
729.6218 461.9696
729.6354 461.971
729.6052 461.9738
729.5833 461.9769
729.5784 461.9884
729.5837 461.9907
729.585 461.9973
729.5739 461.9961
729.5495 461.999
729.5446 461.9973
729.5446 462.0039
729.5671 461.9945
729.5869 461.989
729.5967 461.9858
729.5862 461.9883
729.5901 461.98
729.5791 461.9741
729.5801 461.9748
729.6013 461.9694
729.585 461.971
729.6165 461.9683
729.6357 461.9608
729.6504 461.9561
729.6472 461.9528
729.6426 461.9538
729.6436 461.9538
729.6439 461.958
729.6302 461.9632
729.6165 461.9644
729.6282 461.9701
729.6143 461.9704
729.596 461.9676
729.6032 461.9665
729.585 461.9604
729.5706 461.9601
729.5645 461.9577
729.5566 461.958
729.5671 461.9639
729.5593 461.9595
729.5661 461.9593
729.5684 461.9619
729.5648 461.951
729.5622 461.9465
729.5267 461.963
729.5003 461.9813
729.5166 461.9842
729.5029 461.989
729.5095 461.9905
729.5068 461.9963
729.485 462.0098
729.4753 462.015
729.4632 462.0189
729.4665 462.027
729.4905 462.0272
729.499 462.0249
729.5032 462.0107
729.5068 462.0089
729.5042 462.0135
729.5049 462.0156
729.4993 462.0189
729.5176 462.0204
729.5218 462.0234
729.5182 462.0169
729.5215 462.0187
729.5361 462.0247
729.5544 462.0197
729.5498 462.0112
729.5306 462.0153
729.5137 462.0117
729.4782 462.0104
729.4948 462.0003
729.5039 462
729.5228 461.9966
729.5244 461.9997
729.529 462.0029
729.5498 462.0133
729.57 462.0166
729.5847 462.0179
729.5843 462.0177
729.5771 462.021
729.5745 462.0321
729.5905 462.0418
729.5977 462.0462
729.6204 462.0451
729.6599 462.0392
729.6813 462.0345
729.6706 462.0403
729.6741 462.0403
729.636 462.048
729.6299 462.0459
729.6351 462.0509
729.6097 462.0584
729.6126 462.0637
729.5989 462.0649
729.6113 462.0566
729.6038 462.0526
729.6087 462.0518
729.6055 462.0483
729.5938 462.0491
729.5537 462.0504
729.54 462.0537
729.528 462.0475
729.5244 462.0433
729.5452 462.0294
729.5625 462.0314
729.572 462.0314
729.5967 462.0273
729.5915 462.0321
729.5755 462.0475
729.5742 462.0449
729.5596 462.0566
729.553 462.0663
729.5612 462.0659
729.5602 462.0677
729.5618 462.0753
729.5703 462.0734
729.5827 462.0696
729.57 462.0752
729.5729 462.0744
729.5827 462.0807
729.5934 462.0815
729.5928 462.0887
729.5833 462.0776
729.5651 462.0773
729.5651 462.0682
729.5723 462.0658
729.5781 462.0562
729.5811 462.0565
729.5827 462.0444
729.5771 462.0394
729.5911 462.0415
729.5847 462.037
729.5934 462.0324
729.5807 462.0378
729.585 462.0283
729.5791 462.0275
729.5869 462.0287
729.5742 462.0379
729.583 462.0394
729.5784 462.0441
729.5869 462.0513
729.5862 462.0475
729.597 462.0413
729.596 462.036
729.6296 462.0277
729.653 462.0267
729.655 462.0238
729.7093 462.0262
729.7207 462.0394
729.723 462.0399
729.7158 462.0444
729.7191 462.0425
729.7184 462.0418
729.7305 462.0436
729.748 462.0462
729.7634 462.0457
729.7565 462.0558
729.765 462.0591
729.7546 462.0661
729.7526 462.0618
729.7571 462.0649
729.7526 462.0762
729.7171 462.0845
729.6888 462.0859
729.6843 462.0877
729.6878 462.0925
729.7191 462.0853
729.7324 462.0829
729.7559 462.0807
729.736 462.0877
729.7136 462.0869
729.7097 462.089
729.7002 462.0915
729.7266 462.0898
729.7327 462.0916
729.7409 462.1017
729.7477 462.1081
729.7539 462.1069
729.7532 462.1046
729.7435 462.1072
729.7412 462.1053
729.7321 462.1108
729.7256 462.1076
729.7373 462.1025
729.7396 462.0884
729.7503 462.0779
729.7357 462.0656
729.7526 462.0547
729.7513 462.048
729.7637 462.0415
729.7673 462.0345
729.7614 462.0283
729.7546 462.0282
729.749 462.0299
729.764 462.033
729.7575 462.0311
729.7894 462.0321
729.7936 462.0243
729.8034 462.0233
729.8112 462.0228
729.8115 462.0192
729.8181 462.0226
729.8271 462.028
729.8102 462.033
729.8011 462.0282
729.7975 462.0335
729.7832 462.0389
729.7598 462.0474
729.7686 462.0418
729.7588 462.0382
729.7595 462.0313
729.7679 462.0267
729.7702 462.0259
729.7581 462.0215
729.7556 462.0171
729.75 462.0164
729.7477 462.0096
729.7471 462.0153
729.7314 462.0041
729.7422 462.006
729.7461 462.011
729.7458 462.0172
729.7314 462.0155
729.7402 462.0176
729.7282 462.0213
729.7087 462.0246
729.6826 462.0264
729.6673 462.0266
729.6667 462.0287
729.679 462.0249
729.6777 462.0368
729.6699 462.0319
729.6943 462.0262
729.6963 462.0363
729.7288 462.0371
729.7585 462.037
729.7686 462.0301
729.7549 462.0241
729.735 462.0275
729.7197 462.042
729.6999 462.0392
729.7031 462.0425
729.7021 462.0407
729.6934 462.0352
729.6868 462.0296
729.6751 462.0353
729.697 462.0282
729.7018 462.0215
729.7214 462.013
729.695 462.021
729.6794 462.0213
729.7038 462.0204
729.7116 462.0261
729.7188 462.0262
729.7278 462.0251
729.7448 462.022
729.737 462.0163
729.763 462.0067
729.7581 462.0117
729.7754 462.0096
729.7559 462.0171
729.7399 462.0171
729.7311 462.0211
729.7311 462.0106
729.721 462.0068
729.7269 462.0063
729.7305 462.0155
729.721 462.0221
729.7112 462.029
729.7077 462.0198
729.7015 462.0247
729.6999 462.0207
729.6973 462.0231
729.6823 462.0205
729.6813 462.0243
729.694 462.0236
729.6868 462.0261
729.6807 462.0365
729.6836 462.0293
729.7165 462.0158
729.7194 462.0179
729.7116 462.0228
729.6937 462.0378
729.6895 462.0402
729.6956 462.0405
729.7009 462.043
729.7165 462.0477
729.7256 462.0482
729.7366 462.057
729.751 462.0575
729.7728 462.0536
729.7952 462.0599
729.7734 462.0724
729.7839 462.0651
729.79 462.0672
729.8089 462.0596
729.7949 462.054
729.7975 462.0477
729.8161 462.0454
729.8317 462.0387
729.8145 462.0314
729.8239 462.0371
729.8265 462.0366
729.8161 462.0327
729.8278 462.0277
729.8229 462.0363
729.8275 462.0334
729.8083 462.0303
729.8141 462.0195
729.8066 462.0163
729.7897 462.0145
729.7864 462.0059
729.7402 462.0052
729.7093 462.0008
729.6934 462
729.7122 461.9927
729.6937 461.9979
729.6901 462.001
729.6582 462.0089
729.6566 462.0142
729.6497 462.0169
729.6543 462.0163
729.6487 462.019
729.6475 462.0211
729.6172 462.0319
729.64 462.0238
729.6667 462.0197
729.6487 462.0163
729.653 462.0266
729.678 462.021
729.6813 462.0171
729.6771 462.0184
729.6628 462.0236
729.6768 462.0267
729.666 462.0335
729.6511 462.0313
729.6533 462.0353
729.6484 462.0379
729.6354 462.0482
729.6384 462.061
729.6413 462.0659
729.6198 462.0628
729.6052 462.068
729.6074 462.0724
729.6091 462.0767
729.6009 462.0794
729.6214 462.0784
729.6143 462.0812
729.6061 462.0781
729.6191 462.0695
729.636 462.0719
729.6413 462.0742
729.6458 462.0695
729.6484 462.0749
729.6585 462.0729
729.6579 462.0737
729.6618 462.0768
729.6761 462.0746
729.6807 462.0711
729.6686 462.0842
729.6735 462.0876
729.6794 462.0874
729.7132 462.0903
729.709 462.0884
729.7119 462.0876
729.6843 462.0999
729.6843 462.0938
729.6657 462.0973
729.6579 462.0957
729.6657 462.0926
729.6709 462.083
729.6608 462.0718
729.6559 462.0667
729.6563 462.0693
729.6484 462.0716
729.6429 462.0674
729.654 462.0687
729.6839 462.0604
729.7253 462.0545
729.7468 462.0539
729.7507 462.0491
729.7565 462.0444
729.75 462.0389
729.7347 462.0373
729.7272 462.0381
729.7161 462.0347
729.737 462.0352
729.7523 462.027
729.7757 462.0256
729.8008 462.0324
729.7939 462.0408
729.7864 462.0479
729.7682 462.0685
729.7679 462.0817
729.748 462.0753
729.7448 462.0711
729.7236 462.0807
729.7034 462.0871
729.6956 462.1006
729.7009 462.1053
729.7168 462.0991
729.6868 462.0968
729.6901 462.1061
729.6992 462.0981
729.6849 462.0913
729.6852 462.0999
729.68 462.1053
729.7112 462.1097
729.72 462.1025
729.7311 462.1006
729.739 462.1009
729.7337 462.0986
729.7253 462.0975
729.7197 462.0962
729.7116 462.0928
729.6819 462.0991
729.6624 462.0916
729.6647 462.0905
729.6686 462.0911
729.6804 462.093
729.6816 462.096
729.6745 462.0905
729.6885 462.0825
729.7165 462.082
729.7451 462.0868
729.7679 462.0847
729.7852 462.077
729.8001 462.0807
729.8063 462.076
729.8128 462.0706
729.8021 462.0773
729.8125 462.0804
729.793 462.0898
729.7744 462.0984
729.7822 462.0962
729.7764 462.0951
729.7852 462.0989
729.7969 462.1097
729.7972 462.1131
729.7767 462.1214
729.78 462.1284
729.7751 462.1406
729.7806 462.139
729.7637 462.138
729.7673 462.1426
729.7643 462.131
729.7835 462.1271
729.7888 462.1341
729.7754 462.1428
729.7646 462.1491
729.7637 462.1567
729.7425 462.1624
729.7327 462.1579
729.7025 462.1597
729.6846 462.1675
729.7021 462.1598
729.7236 462.1553
729.7347 462.1615
729.7282 462.1649
729.7129 462.1747
729.7061 462.1748
729.7122 462.1724
729.7064 462.1732
729.7194 462.1662
729.7305 462.1624
729.7357 462.1584
729.7139 462.1543
729.6931 462.157
729.6816 462.1519
729.6709 462.1582
729.6819 462.1641
729.6839 462.1689
729.7106 462.1582
729.7103 462.1561
729.7184 462.1551
729.721 462.1514
729.7122 462.1473
729.6891 462.1632
729.6797 462.1615
729.6813 462.1533
729.6865 462.1437
729.6748 462.1473
729.6559 462.1488
729.6514 462.1434
729.6423 462.1468
729.6338 462.1509
729.6081 462.1626
729.614 462.1733
729.6263 462.1711
729.6328 462.1747
729.6653 462.1704
729.6487 462.1653
729.6738 462.162
729.7057 462.1551
729.722 462.1445
729.7112 462.145
729.6953 462.1369
729.6839 462.1385
729.697 462.1437
729.695 462.1537
729.7093 462.1559
729.7581 462.1374
729.763 462.1281
729.7712 462.118
729.7888 462.1191
729.7744 462.1294
729.7529 462.1323
729.7468 462.1277
729.7464 462.1198
729.7588 462.1196
729.7656 462.1364
729.7468 462.1491
729.7191 462.157
729.7269 462.1566
729.7302 462.1589
729.7458 462.1579
729.7243 462.1594
729.7236 462.1556
729.7168 462.1577
729.7184 462.1602
729.7239 462.1675
729.6946 462.1789
729.6638 462.182
729.6683 462.1899
729.6761 462.1946
729.6761 462.1974
729.6797 462.1908
729.6924 462.189
729.6794 462.1872
729.6335 462.1951
729.6357 462.2031
729.6133 462.2072
729.6084 462.2069
729.6094 462.2059
729.6357 462.1996
729.6393 462.1969
729.6423 462.1945
729.6452 462.1919
729.6484 462.1893
729.6517 462.1867
729.7093 462.0991
729.72 462.1016
729.5788 462.1865
729.5654 462.2342
729.5745 462.2406
729.5713 462.2471
729.556 462.2516
729.5459 462.2518
729.5723 462.2484
729.5755 462.2473
729.6042 462.2257
729.5872 462.2236
729.5641 462.2267
729.5664 462.2199
729.5693 462.2236
729.6243 462.222
729.6423 462.2186
729.6614 462.2075
729.694 462.1969
729.708 462.1971
729.7295 462.193
729.7034 462.2057
729.7181 462.217
729.7233 462.2144
729.7341 462.2153
729.7269 462.0063
729.7305 462.0155
729.721 462.0221
729.7112 462.029
729.7077 462.0198
729.7015 462.0247
729.6999 462.0207
729.6973 462.0231
729.6823 462.0205
729.6813 462.0243
729.694 462.0236
729.6868 462.0261
729.6807 462.0365
729.6836 462.0293
729.7165 462.0158
729.7194 462.0179
729.7116 462.0228
729.6937 462.0378
729.6895 462.0402
729.6956 462.0405
729.7009 462.043
729.7165 462.0477
729.7256 462.0482
729.7366 462.057
729.751 462.0575
729.7728 462.0536
729.7952 462.0599
729.7734 462.0724
729.7839 462.0651
729.79 462.0672
729.8089 462.0596
729.7949 462.054
729.7975 462.0477
729.8161 462.0454
729.8317 462.0387
729.8145 462.0314
729.8239 462.0371
729.8265 462.0366
729.8161 462.0327
729.8278 462.0277
729.8229 462.0363
729.8275 462.0334
729.8083 462.0303
729.8141 462.0195
729.8066 462.0163
729.7897 462.0145
729.7864 462.0059
729.7402 462.0052
729.7093 462.0008
729.6934 462
729.7122 461.9927
729.6937 461.9979
729.6901 462.001
729.6582 462.0089
729.6566 462.0142
729.6497 462.0169
729.6543 462.0163
729.6487 462.019
729.6475 462.0211
729.6172 462.0319
729.64 462.0238
729.6667 462.0197
729.6487 462.0163
729.653 462.0266
729.678 462.021
729.6813 462.0171
729.6771 462.0184
729.6628 462.0236
729.6768 462.0267
729.666 462.0335
729.6511 462.0313
729.6533 462.0353
729.6484 462.0379
729.6354 462.0482
729.6384 462.061
729.6413 462.0659
729.6198 462.0628
729.6052 462.068
729.6074 462.0724
729.6091 462.0767
729.6009 462.0794
729.6214 462.0784
729.6143 462.0812
729.6061 462.0781
729.6191 462.0695
729.636 462.0719
729.6413 462.0742
729.6458 462.0695
729.6484 462.0749
729.6585 462.0729
729.6579 462.0737
729.6618 462.0768
729.6761 462.0746
729.6807 462.0711
729.6686 462.0842
729.6735 462.0876
729.6794 462.0874
729.7132 462.0903
729.709 462.0884
729.7119 462.0876
729.6843 462.0999
729.6843 462.0938
729.6657 462.0973
729.6579 462.0957
729.6657 462.0926
729.6709 462.083
729.6608 462.0718
729.6559 462.0667
729.6563 462.0693
729.6484 462.0716
729.6429 462.0674
729.654 462.0687
729.6839 462.0604
729.7253 462.0545
729.7468 462.0539
729.7507 462.0491
729.7565 462.0444
729.75 462.0389
729.7347 462.0373
729.7272 462.0381
729.7161 462.0347
729.737 462.0352
729.7523 462.027
729.7757 462.0256
729.8008 462.0324
729.7939 462.0408
729.7864 462.0479
729.7682 462.0685
729.7679 462.0817
729.748 462.0753
729.7448 462.0711
729.7236 462.0807
729.7034 462.0871
729.6956 462.1006
729.7009 462.1053
729.7168 462.0991
729.6868 462.0968
729.6901 462.1061
729.6992 462.0981
729.6849 462.0913
729.6852 462.0999
729.68 462.1053
729.7112 462.1097
729.72 462.1025
729.7311 462.1006
729.739 462.1009
729.7337 462.0986
729.7253 462.0975
729.7197 462.0962
729.7116 462.0928
729.6819 462.0991
729.6624 462.0916
729.6647 462.0905
729.6686 462.0911
729.6804 462.093
729.6816 462.096
729.6745 462.0905
729.6885 462.0825
729.7165 462.082
729.7451 462.0868
729.7679 462.0847
729.7852 462.077
729.8001 462.0807
729.8063 462.076
729.8128 462.0706
729.8021 462.0773
729.8125 462.0804
729.793 462.0898
729.7744 462.0984
729.7822 462.0962
729.7764 462.0951
729.7852 462.0989
729.7969 462.1097
729.7972 462.1131
729.7767 462.1214
729.78 462.1284
729.7751 462.1406
729.7806 462.139
729.7637 462.138
729.7673 462.1426
729.7643 462.131
729.7835 462.1271
729.7888 462.1341
729.7754 462.1428
729.7646 462.1491
729.7637 462.1567
729.7425 462.1624
729.7327 462.1579
729.7025 462.1597
729.6846 462.1675
729.7021 462.1598
729.7236 462.1553
729.7347 462.1615
729.7282 462.1649
729.7129 462.1747
729.7061 462.1748
729.7122 462.1724
729.7064 462.1732
729.7194 462.1662
729.7305 462.1624
729.7357 462.1584
729.7139 462.1543
729.6931 462.157
729.6816 462.1519
729.6709 462.1582
729.6819 462.1641
729.6839 462.1689
729.7106 462.1582
729.7103 462.1561
729.7184 462.1551
729.721 462.1514
729.7122 462.1473
729.6891 462.1632
729.6797 462.1615
729.6813 462.1533
729.6865 462.1437
729.6748 462.1473
729.6559 462.1488
729.6514 462.1434
729.6423 462.1468
729.6338 462.1509
729.6081 462.1626
729.614 462.1733
729.6263 462.1711
729.6328 462.1747
729.6653 462.1704
729.6487 462.1653
729.6738 462.162
729.7057 462.1551
729.722 462.1445
729.7112 462.145
729.6953 462.1369
729.6839 462.1385
729.697 462.1437
729.695 462.1537
729.7093 462.1559
729.7581 462.1374
729.763 462.1281
729.7712 462.118
729.7888 462.1191
729.7744 462.1294
729.7529 462.1323
729.7468 462.1277
729.7464 462.1198
729.7588 462.1196
729.7656 462.1364
729.7468 462.1491
729.7191 462.157
729.7269 462.1566
729.7302 462.1589
729.7458 462.1579
729.7243 462.1594
729.7236 462.1556
729.7168 462.1577
729.7184 462.1602
729.7239 462.1675
729.6946 462.1789
729.6638 462.182
729.6683 462.1899
729.6761 462.1946
729.6761 462.1974
729.6797 462.1908
729.6924 462.189
729.6794 462.1872
729.6335 462.1951
729.6357 462.2031
729.6133 462.2072
729.6084 462.2069
729.6094 462.2059
729.6357 462.1996
729.6393 462.1969
729.6423 462.1945
729.6452 462.1919
729.6484 462.1893
729.6517 462.1867
729.7093 462.0991
729.72 462.1016
729.5788 462.1865
729.5654 462.2342
729.5745 462.2406
729.5713 462.2471
729.556 462.2516
729.5459 462.2518
729.5723 462.2484
729.5755 462.2473
729.6042 462.2257
729.5872 462.2236
729.5641 462.2267
729.5664 462.2199
729.5693 462.2236
729.6243 462.222
729.6423 462.2186
729.6614 462.2075
729.694 462.1969
729.708 462.1971
729.7295 462.193
729.7034 462.2057
729.7181 462.217
729.7233 462.2144
729.7341 462.2153
729.7314 462.2087
729.7366 462.2098
729.7151 462.2173
729.7217 462.2197
729.7331 462.2165
729.749 462.2132
729.7581 462.217
729.7718 462.2243
729.8109 462.2223
729.7891 462.2217
729.8011 462.213
729.7966 462.2132
729.7708 462.2142
729.7679 462.2101
729.7575 462.1984
729.7845 462.1837
729.7966 462.1794
729.7949 462.1789
729.8171 462.1706
729.8118 462.1761
729.803 462.1766
729.7796 462.187
729.7689 462.1909
729.7643 462.1991
729.7643 462.1942
729.7559 462.196
729.7419 462.1916
729.7402 462.1882
729.7256 462.1872
729.75 462.1893
729.7516 462.187
729.7565 462.186
729.778 462.1742
729.7819 462.1729
729.7839 462.1748
729.7734 462.1761
729.7741 462.1722
729.7722 462.1724
729.7324 462.1782
729.696 462.1761
729.6888 462.1632
729.6943 462.1615
729.7005 462.1637
729.7194 462.1561
729.7386 462.1501
729.7366 462.1502
729.7191 462.1574
729.7188 462.1657
729.7396 462.1745
729.7604 462.1797
729.75 462.1834
729.7559 462.1898
729.7484 462.1929
729.765 462.1925
729.7829 462.1868
729.7757 462.1761
729.7829 462.1717
729.7705 462.1782
729.7839 462.1804
729.7666 462.1831
729.7643 462.1826
729.7722 462.1805
729.7725 462.1825
729.7927 462.1772
729.8304 462.1546
729.8196 462.1543
729.7962 462.1535
729.8125 462.1457
729.8366 462.138
729.8555 462.132
729.8672 462.1195
729.8636 462.1149
729.8558 462.1164
729.8291 462.1115
729.8294 462.1173
729.7917 462.14
729.7468 462.1504
729.7438 462.1514
729.7471 462.1519
729.7393 462.1535
729.7546 462.1506
729.7581 462.1494
729.75 462.1439
729.765 462.1348
729.7698 462.1302
729.7399 462.1421
729.6995 462.1511
729.6855 462.1554
729.6966 462.1543
729.7009 462.1527
729.7034 462.1501
729.7145 462.1491
729.7311 462.1449
729.7302 462.133
729.7171 462.1242
729.6927 462.1169
729.6878 462.1169
729.697 462.1149
729.6865 462.106
729.6741 462.1024
729.6784 462.1042
729.6907 462.1017
729.6872 462.1084
729.6765 462.1055
729.6605 462.1063
729.6367 462.0993
729.6315 462.0934
729.6331 462.098
729.6143 462.0977
729.5947 462.0947
729.5615 462.0998
729.5677 462.0999
729.597 462.1082
729.5768 462.1151
729.5775 462.111
729.5862 462.1182
729.5872 462.1185
729.5768 462.1147
729.5651 462.1146
729.5687 462.1115
729.5784 462.1178
729.5895 462.1242
729.6042 462.1198
729.6276 462.1076
729.638 462.1032
729.6589 462.109
729.6589 462.0962
729.6774 462.0868
729.6946 462.0863
729.7038 462.0853
729.7129 462.0889
729.7243 462.096
729.7204 462.1014
729.7165 462.1086
729.7191 462.1196
729.7184 462.1218
729.7224 462.126
729.7288 462.1245
729.7402 462.1216
729.7513 462.1294
729.7552 462.1318
729.7634 462.1335
729.7864 462.1325
729.7884 462.1244
729.8024 462.1138
729.8115 462.1104
729.8005 462.1043
729.7969 462.1017
729.8079 462.0962
729.8141 462.1004
729.8386 462.1104
729.8558 462.1147
729.8623 462.1149
729.847 462.1211
729.8177 462.1216
729.82 462.1209
729.8229 462.1289
729.8268 462.1344
729.834 462.1318
729.8366 462.132
729.8395 462.1253
729.8294 462.1284
729.8506 462.1312
729.8307 462.1286
729.8356 462.1263
729.8353 462.1252
729.8066 462.1291
729.7917 462.1353
729.777 462.1378
729.764 462.1457
729.7822 462.1517
729.8089 462.152
729.8069 462.145
729.8011 462.145
729.8018 462.1414
729.8135 462.144
729.8122 462.1463
729.82 462.1452
729.8301 462.1418
729.8311 462.1454
729.8425 462.1436
729.8493 462.1483
729.8307 462.1642
729.8093 462.1671
729.7803 462.1634
729.7692 462.1606
729.7718 462.1621
729.7679 462.1688
729.7803 462.1768
729.7793 462.1779
729.7737 462.1851
729.7571 462.1852
729.7702 462.1953
729.7552 462.1937
729.7689 462.1946
729.7539 462.186
729.7357 462.1849
729.7067 462.1877
729.7051 462.2003
729.6813 462.1964
729.6702 462.2002
729.6569 462.1945
729.6579 462.1909
729.6556 462.174
729.654 462.1696
729.6693 462.1644
729.6716 462.1637
729.6546 462.154
729.6423 462.1636
729.6653 462.1558
729.68 462.1537
729.6589 462.1558
729.6439 462.1636
729.6536 462.1646
729.6384 462.1701
729.639 462.1686
729.6497 462.1641
729.6641 462.166
729.6585 462.1585
729.6602 462.153
729.6634 462.1506
729.6647 462.137
729.6504 462.137
729.6328 462.1304
729.6201 462.1307
729.6211 462.1315
729.5957 462.1344
729.6071 462.127
729.5999 462.1229
729.5859 462.1247
729.571 462.1177
729.5657 462.109
729.5335 462.1001
729.5397 462.0885
729.5313 462.0868
729.5449 462.0847
729.5563 462.0843
729.5554 462.0869
729.5759 462.0892
729.584 462.0838
729.5843 462.0853
729.5898 462.0902
729.5681 462.103
729.5576 462.1102
729.5488 462.1191
729.5749 462.1203
729.5928 462.1185
729.6058 462.105
729.5882 462.1021
729.598 462.0946
729.6357 462.0871
729.6634 462.0968
729.6517 462.091
729.6416 462.0954
729.6432 462.0907
729.6243 462.09
729.627 462.0804
729.6429 462.0695
729.6566 462.0649
729.637 462.0589
729.6175 462.0591
729.6198 462.0583
729.6348 462.0482
729.6484 462.0509
729.6387 462.0474
729.6266 462.049
729.627 462.054
729.623 462.0462
729.6243 462.058
729.6306 462.0587
729.6523 462.0555
729.6716 462.0666
729.6777 462.0778
729.6765 462.0771
729.6699 462.0827
729.6875 462.0939
729.7106 462.0972
729.7344 462.0972
729.7438 462.1001
729.7363 462.1084
729.7298 462.1138
729.7151 462.1294
729.7139 462.147
729.7093 462.1517
729.6843 462.1533
729.6784 462.1533
729.6797 462.147
729.6804 462.1537
729.6804 462.1595
729.6859 462.1606
729.707 462.1528
729.7444 462.1471
729.752 462.1479
729.7419 462.1488
729.7786 462.1359
729.7673 462.1331
729.7415 462.1408
729.7327 462.1632
729.7132 462.1662
729.7327 462.1621
729.7314 462.2087
729.7366 462.2098
729.7151 462.2173
729.7217 462.2197
729.7331 462.2165
729.749 462.2132
729.7581 462.217
729.7718 462.2243
729.8109 462.2223
729.7891 462.2217
729.8011 462.213
729.7966 462.2132
729.7708 462.2142
729.7679 462.2101
729.7575 462.1984
729.7845 462.1837
729.7966 462.1794
729.7949 462.1789
729.8171 462.1706
729.8118 462.1761
729.803 462.1766
729.7796 462.187
729.7689 462.1909
729.7643 462.1991
729.7643 462.1942
729.7559 462.196
729.7419 462.1916
729.7402 462.1882
729.7256 462.1872
729.75 462.1893
729.7516 462.187
729.7565 462.186
729.778 462.1742
729.7819 462.1729
729.7839 462.1748
729.7734 462.1761
729.7741 462.1722
729.7722 462.1724
729.7324 462.1782
729.696 462.1761
729.6888 462.1632
729.6943 462.1615
729.7005 462.1637
729.7194 462.1561
729.7386 462.1501
729.7366 462.1502
729.7191 462.1574
729.7188 462.1657
729.7396 462.1745
729.7604 462.1797
729.75 462.1834
729.7559 462.1898
729.7484 462.1929
729.765 462.1925
729.7829 462.1868
729.7757 462.1761
729.7829 462.1717
729.7705 462.1782
729.7839 462.1804
729.7666 462.1831
729.7643 462.1826
729.7722 462.1805
729.7725 462.1825
729.7927 462.1772
729.8304 462.1546
729.8196 462.1543
729.7962 462.1535
729.8125 462.1457
729.8366 462.138
729.8555 462.132
729.8672 462.1195
729.8636 462.1149
729.8558 462.1164
729.8291 462.1115
729.8294 462.1173
729.7917 462.14
729.7468 462.1504
729.7438 462.1514
729.7471 462.1519
729.7393 462.1535
729.7546 462.1506
729.7581 462.1494
729.75 462.1439
729.765 462.1348
729.7698 462.1302
729.7399 462.1421
729.6995 462.1511
729.6855 462.1554
729.6966 462.1543
729.7009 462.1527
729.7034 462.1501
729.7145 462.1491
729.7311 462.1449
729.7302 462.133
729.7171 462.1242
729.6927 462.1169
729.6878 462.1169
729.697 462.1149
729.6865 462.106
729.6741 462.1024
729.6784 462.1042
729.6907 462.1017
729.6872 462.1084
729.6765 462.1055
729.6605 462.1063
729.6367 462.0993
729.6315 462.0934
729.6331 462.098
729.6143 462.0977
729.5947 462.0947
729.5615 462.0998
729.5677 462.0999
729.597 462.1082
729.5768 462.1151
729.5775 462.111
729.5862 462.1182
729.5872 462.1185
729.5768 462.1147
729.5651 462.1146
729.5687 462.1115
729.5784 462.1178
729.5895 462.1242
729.6042 462.1198
729.6276 462.1076
729.638 462.1032
729.6589 462.109
729.6589 462.0962
729.6774 462.0868
729.6946 462.0863
729.7038 462.0853
729.7129 462.0889
729.7243 462.096
729.7204 462.1014
729.7165 462.1086
729.7191 462.1196
729.7184 462.1218
729.7224 462.126
729.7288 462.1245
729.7402 462.1216
729.7513 462.1294
729.7552 462.1318
729.7634 462.1335
729.7864 462.1325
729.7884 462.1244
729.8024 462.1138
729.8115 462.1104
729.8005 462.1043
729.7969 462.1017
729.8079 462.0962
729.8141 462.1004
729.8386 462.1104
729.8558 462.1147
729.8623 462.1149
729.847 462.1211
729.8177 462.1216
729.82 462.1209
729.8229 462.1289
729.8268 462.1344
729.834 462.1318
729.8366 462.132
729.8395 462.1253
729.8294 462.1284
729.8506 462.1312
729.8307 462.1286
729.8356 462.1263
729.8353 462.1252
729.8066 462.1291
729.7917 462.1353
729.777 462.1378
729.764 462.1457
729.7822 462.1517
729.8089 462.152
729.8069 462.145
729.8011 462.145
729.8018 462.1414
729.8135 462.144
729.8122 462.1463
729.82 462.1452
729.8301 462.1418
729.8311 462.1454
729.8425 462.1436
729.8493 462.1483
729.8307 462.1642
729.8093 462.1671
729.7803 462.1634
729.7692 462.1606
729.7718 462.1621
729.7679 462.1688
729.7803 462.1768
729.7793 462.1779
729.7737 462.1851
729.7571 462.1852
729.7702 462.1953
729.7552 462.1937
729.7689 462.1946
729.7539 462.186
729.7357 462.1849
729.7067 462.1877
729.7051 462.2003
729.6813 462.1964
729.6702 462.2002
729.6569 462.1945
729.6579 462.1909
729.6556 462.174
729.654 462.1696
729.6693 462.1644
729.6716 462.1637
729.6546 462.154
729.6423 462.1636
729.6653 462.1558
729.68 462.1537
729.6589 462.1558
729.6439 462.1636
729.6536 462.1646
729.6384 462.1701
729.639 462.1686
729.6497 462.1641
729.6641 462.166
729.6585 462.1585
729.6602 462.153
729.6634 462.1506
729.6647 462.137
729.6504 462.137
729.6328 462.1304
729.6201 462.1307
729.6211 462.1315
729.5957 462.1344
729.6071 462.127
729.5999 462.1229
729.5859 462.1247
729.571 462.1177
729.5657 462.109
729.5335 462.1001
729.5397 462.0885
729.5313 462.0868
729.5449 462.0847
729.5563 462.0843
729.5554 462.0869
729.5759 462.0892
729.584 462.0838
729.5843 462.0853
729.5898 462.0902
729.5681 462.103
729.5576 462.1102
729.5488 462.1191
729.5749 462.1203
729.5928 462.1185
729.6058 462.105
729.5882 462.1021
729.598 462.0946
729.6357 462.0871
729.6634 462.0968
729.6517 462.091
729.6416 462.0954
729.6432 462.0907
729.6243 462.09
729.627 462.0804
729.6429 462.0695
729.6566 462.0649
729.637 462.0589
729.6175 462.0591
729.6198 462.0583
729.6348 462.0482
729.6484 462.0509
729.6387 462.0474
729.6266 462.049
729.627 462.054
729.623 462.0462
729.6243 462.058
729.6306 462.0587
729.6523 462.0555
729.6716 462.0666
729.6777 462.0778
729.6765 462.0771
729.6699 462.0827
729.6875 462.0939
729.7106 462.0972
729.7344 462.0972
729.7438 462.1001
729.7363 462.1084
729.7298 462.1138
729.7151 462.1294
729.7139 462.147
729.7093 462.1517
729.6843 462.1533
729.6784 462.1533
729.6797 462.147
729.6804 462.1537
729.6804 462.1595
729.6859 462.1606
729.707 462.1528
729.7444 462.1471
729.752 462.1479
729.7419 462.1488
729.7786 462.1359
729.7673 462.1331
729.7415 462.1408
729.7327 462.1632
729.7132 462.1662
729.7327 462.1621
729.7331 462.1523
729.7393 462.1535
729.7468 462.1535
729.7429 462.1468
729.7441 462.1436
729.7366 462.1535
729.735 462.1564
729.7292 462.1575
729.7614 462.1461
729.7747 462.1434
729.7734 462.1375
729.7549 462.1341
729.7842 462.1327
729.8083 462.125
729.8411 462.1072
729.8314 462.1165
729.8181 462.1164
729.8245 462.1143
729.8145 462.1173
729.8343 462.1072
729.8359 462.1147
729.8311 462.1123
729.8691 462.1095
729.886 462.1118
729.8932 462.1058
729.9153 462.1021
729.9063 462.1069
729.9186 462.112
729.9199 462.11
729.9124 462.1084
729.9274 462.1123
729.9177 462.1092
729.9277 462.1095
729.9225 462.1087
729.9082 462.0991
729.9277 462.0954
729.9219 462.093
729.9144 462.1016
729.9167 462.1024
729.9147 462.1024
729.9099 462.1125
729.9014 462.1115
729.8909 462.1108
729.8821 462.1196
729.8802 462.1218
729.8721 462.127
729.8743 462.1274
729.8864 462.1359
729.902 462.137
729.9167 462.1382
729.9219 462.1421
729.9365 462.1445
729.9336 462.1497
729.9343 462.1465
729.9238 462.1506
729.9216 462.1497
729.9222 462.1527
729.9294 462.1488
729.9421 462.1429
729.9515 462.1496
729.96 462.1569
729.9525 462.1637
729.9492 462.1644
729.9551 462.1626
729.9431 462.1549
729.9355 462.1452
729.9515 462.139
729.9297 462.1276
729.9329 462.1235
729.944 462.1112
729.9502 462.0962
729.9417 462.0784
729.9515 462.0811
729.9792 462.0744
729.9909 462.0643
729.9912 462.0701
729.9932 462.0809
729.9899 462.0827
730.0134 462.0715
730.0296 462.0628
730.0469 462.063
730.0475 462.0659
730.042 462.0786
730.028 462.0866
730.0335 462.0933
730.0159 462.0994
730.0134 462.1162
730.0244 462.1164
730.0257 462.125
730.042 462.1309
730.0472 462.1287
730.0566 462.1299
730.0554 462.1385
730.0485 462.1432
730.0381 462.1442
730.015 462.1339
730.0088 462.131
729.999 462.1327
729.9883 462.1339
729.9876 462.1323
729.9759 462.1357
729.9788 462.1325
729.9795 462.1291
729.9564 462.126
729.9554 462.1255
729.957 462.1281
729.9808 462.1248
729.9922 462.1218
729.9968 462.1156
730.0156 462.109
730.0293 462.1071
730.03 462.1105
730.0452 462.1058
730.0645 462.1113
730.0674 462.0996
730.0645 462.0988
730.0443 462.11
730.0391 462.1147
730.0192 462.1196
730.0091 462.1213
730.0186 462.1268
730.0222 462.1304
730.0267 462.1248
730.0107 462.1276
730.0036 462.124
729.988 462.1237
729.9866 462.1206
730.0042 462.1175
730.0026 462.12
729.971 462.1165
729.9795 462.118
730.0225 462.1147
730.0368 462.1187
730.0459 462.1203
730.0505 462.1263
730.0628 462.1304
730.0771 462.1338
730.0739 462.1406
730.0632 462.1353
730.0579 462.1258
730.0505 462.1266
730.0534 462.1273
730.0482 462.1338
730.0361 462.1353
730.043 462.1276
730.053 462.1307
730.0527 462.1377
730.0407 462.1408
730.0345 462.1403
730.0358 462.1443
730.014 462.1486
729.9964 462.1471
729.987 462.1443
729.9824 462.1421
729.96 462.147
729.944 462.1527
729.9359 462.1551
729.9189 462.1551
729.9079 462.153
729.887 462.1479
729.8659 462.1454
729.8757 462.1449
729.8779 462.1398
729.8679 462.1387
729.8737 462.1387
729.8841 462.1418
729.9095 462.1282
729.9326 462.1348
729.9026 462.1388
729.9114 462.1357
729.9421 462.1362
729.9622 462.1282
729.998 462.1185
729.9997 462.1182
729.9863 462.1253
729.987 462.1377
729.9795 462.1378
729.9811 462.1286
729.9746 462.1266
729.9587 462.1273
729.9694 462.1287
729.9929 462.1265
730.0056 462.1235
730.0153 462.1277
730.0218 462.1234
730.0309 462.1164
730.013 462.1191
729.998 462.1206
729.9974 462.1157
729.9775 462.1161
729.9626 462.1165
729.9619 462.1193
729.9502 462.1279
729.9665 462.1277
729.9883 462.1273
729.9977 462.1296
730.0023 462.1315
730.0179 462.137
729.998 462.1398
729.9971 462.1392
730.0091 462.1455
729.9814 462.1532
729.9694 462.158
729.9531 462.1592
729.9479 462.1595
729.944 462.1509
729.9323 462.1516
729.931 462.1691
729.9368 462.1794
729.9443 462.1841
729.9642 462.1797
729.9538 462.1784
729.9518 462.1646
729.9473 462.1579
729.9375 462.1686
729.9124 462.1789
729.9349 462.1691
729.9245 462.1699
729.9372 462.1636
729.9482 462.1589
729.9544 462.1564
729.9612 462.1486
729.9626 462.1419
729.9766 462.1392
729.9802 462.132
729.9788 462.1156
729.96 462.1128
729.9431 462.103
729.9567 462.0991
729.9948 462.0877
730.0013 462.0871
729.9954 462.0898
730.0068 462.0842
729.9788 462.0921
729.9665 462.0959
729.9714 462.0936
729.9612 462.1019
729.958 462.1034
729.9684 462.092
729.9756 462.0952
729.9648 462.1016
729.9704 462.1009
729.9658 462.114
729.9727 462.1169
729.9525 462.1188
729.9365 462.1227
729.8718 462.1235
729.8828 462.1167
729.8477 462.1187
729.8405 462.1188
729.8447 462.1107
729.8311 462.1014
729.8232 462.1016
729.7959 462.112
729.7565 462.1237
729.739 462.1239
729.7119 462.1226
729.6804 462.1161
729.6702 462.11
729.6758 462.1133
729.6624 462.1223
729.666 462.1213
729.6631 462.1204
729.6582 462.1198
729.6829 462.1188
729.6706 462.1211
729.6872 462.1242
729.6875 462.126
729.7145 462.1239
729.7266 462.1286
729.7399 462.1422
729.7285 462.1559
729.7468 462.1597
729.7236 462.1703
729.7295 462.1585
729.7376 462.157
729.7595 462.1486
729.7722 462.1454
729.7952 462.1395
729.8157 462.1348
729.8347 462.1273
729.8118 462.1385
729.8301 462.139
729.8369 462.1382
729.8425 462.1383
729.8405 462.1432
729.8447 462.1432
729.8467 462.139
729.8604 462.1357
729.8607 462.1318
729.8447 462.1338
729.8509 462.1382
729.8779 462.1336
729.874 462.1364
729.8994 462.1268
729.9056 462.1294
729.9066 462.1268
729.9235 462.1183
729.9319 462.1289
729.9417 462.1234
729.7331 462.1523
729.7393 462.1535
729.7468 462.1535
729.7429 462.1468
729.7441 462.1436
729.7366 462.1535
729.735 462.1564
729.7292 462.1575
729.7614 462.1461
729.7747 462.1434
729.7734 462.1375
729.7549 462.1341
729.7842 462.1327
729.8083 462.125
729.8411 462.1072
729.8314 462.1165
729.8181 462.1164
729.8245 462.1143
729.8145 462.1173
729.8343 462.1072
729.8359 462.1147
729.8311 462.1123
729.8691 462.1095
729.886 462.1118
729.8932 462.1058
729.9153 462.1021
729.9063 462.1069
729.9186 462.112
729.9199 462.11
729.9124 462.1084
729.9274 462.1123
729.9177 462.1092
729.9277 462.1095
729.9225 462.1087
729.9082 462.0991
729.9277 462.0954
729.9219 462.093
729.9144 462.1016
729.9167 462.1024
729.9147 462.1024
729.9099 462.1125
729.9014 462.1115
729.8909 462.1108
729.8821 462.1196
729.8802 462.1218
729.8721 462.127
729.8743 462.1274
729.8864 462.1359
729.902 462.137
729.9167 462.1382
729.9219 462.1421
729.9365 462.1445
729.9336 462.1497
729.9343 462.1465
729.9238 462.1506
729.9216 462.1497
729.9222 462.1527
729.9294 462.1488
729.9421 462.1429
729.9515 462.1496
729.96 462.1569
729.9525 462.1637
729.9492 462.1644
729.9551 462.1626
729.9431 462.1549
729.9355 462.1452
729.9515 462.139
729.9297 462.1276
729.9329 462.1235
729.944 462.1112
729.9502 462.0962
729.9417 462.0784
729.9515 462.0811
729.9792 462.0744
729.9909 462.0643
729.9912 462.0701
729.9932 462.0809
729.9899 462.0827
730.0134 462.0715
730.0296 462.0628
730.0469 462.063
730.0475 462.0659
730.042 462.0786
730.028 462.0866
730.0335 462.0933
730.0159 462.0994
730.0134 462.1162
730.0244 462.1164
730.0257 462.125
730.042 462.1309
730.0472 462.1287
730.0566 462.1299
730.0554 462.1385
730.0485 462.1432
730.0381 462.1442
730.015 462.1339
730.0088 462.131
729.999 462.1327
729.9883 462.1339
729.9876 462.1323
729.9759 462.1357
729.9788 462.1325
729.9795 462.1291
729.9564 462.126
729.9554 462.1255
729.957 462.1281
729.9808 462.1248
729.9922 462.1218
729.9968 462.1156
730.0156 462.109
730.0293 462.1071
730.03 462.1105
730.0452 462.1058
730.0645 462.1113
730.0674 462.0996
730.0645 462.0988
730.0443 462.11
730.0391 462.1147
730.0192 462.1196
730.0091 462.1213
730.0186 462.1268
730.0222 462.1304
730.0267 462.1248
730.0107 462.1276
730.0036 462.124
729.988 462.1237
729.9866 462.1206
730.0042 462.1175
730.0026 462.12
729.971 462.1165
729.9795 462.118
730.0225 462.1147
730.0368 462.1187
730.0459 462.1203
730.0505 462.1263
730.0628 462.1304
730.0771 462.1338
730.0739 462.1406
730.0632 462.1353
730.0579 462.1258
730.0505 462.1266
730.0534 462.1273
730.0482 462.1338
730.0361 462.1353
730.043 462.1276
730.053 462.1307
730.0527 462.1377
730.0407 462.1408
730.0345 462.1403
730.0358 462.1443
730.014 462.1486
729.9964 462.1471
729.987 462.1443
729.9824 462.1421
729.96 462.147
729.944 462.1527
729.9359 462.1551
729.9189 462.1551
729.9079 462.153
729.887 462.1479
729.8659 462.1454
729.8757 462.1449
729.8779 462.1398
729.8679 462.1387
729.8737 462.1387
729.8841 462.1418
729.9095 462.1282
729.9326 462.1348
729.9026 462.1388
729.9114 462.1357
729.9421 462.1362
729.9622 462.1282
729.998 462.1185
729.9997 462.1182
729.9863 462.1253
729.987 462.1377
729.9795 462.1378
729.9811 462.1286
729.9746 462.1266
729.9587 462.1273
729.9694 462.1287
729.9929 462.1265
730.0056 462.1235
730.0153 462.1277
730.0218 462.1234
730.0309 462.1164
730.013 462.1191
729.998 462.1206
729.9974 462.1157
729.9775 462.1161
729.9626 462.1165
729.9619 462.1193
729.9502 462.1279
729.9665 462.1277
729.9883 462.1273
729.9977 462.1296
730.0023 462.1315
730.0179 462.137
729.998 462.1398
729.9971 462.1392
730.0091 462.1455
729.9814 462.1532
729.9694 462.158
729.9531 462.1592
729.9479 462.1595
729.944 462.1509
729.9323 462.1516
729.931 462.1691
729.9368 462.1794
729.9443 462.1841
729.9642 462.1797
729.9538 462.1784
729.9518 462.1646
729.9473 462.1579
729.9375 462.1686
729.9124 462.1789
729.9349 462.1691
729.9245 462.1699
729.9372 462.1636
729.9482 462.1589
729.9544 462.1564
729.9612 462.1486
729.9626 462.1419
729.9766 462.1392
729.9802 462.132
729.9788 462.1156
729.96 462.1128
729.9431 462.103
729.9567 462.0991
729.9948 462.0877
730.0013 462.0871
729.9954 462.0898
730.0068 462.0842
729.9788 462.0921
729.9665 462.0959
729.9714 462.0936
729.9612 462.1019
729.958 462.1034
729.9684 462.092
729.9756 462.0952
729.9648 462.1016
729.9704 462.1009
729.9658 462.114
729.9727 462.1169
729.9525 462.1188
729.9365 462.1227
729.8718 462.1235
729.8828 462.1167
729.8477 462.1187
729.8405 462.1188
729.8447 462.1107
729.8311 462.1014
729.8232 462.1016
729.7959 462.112
729.7565 462.1237
729.739 462.1239
729.7119 462.1226
729.6804 462.1161
729.6702 462.11
729.6758 462.1133
729.6624 462.1223
729.666 462.1213
729.6631 462.1204
729.6582 462.1198
729.6829 462.1188
729.6706 462.1211
729.6872 462.1242
729.6875 462.126
729.7145 462.1239
729.7266 462.1286
729.7399 462.1422
729.7285 462.1559
729.7468 462.1597
729.7236 462.1703
729.7295 462.1585
729.7376 462.157
729.7595 462.1486
729.7722 462.1454
729.7952 462.1395
729.8157 462.1348
729.8347 462.1273
729.8118 462.1385
729.8301 462.139
729.8369 462.1382
729.8425 462.1383
729.8405 462.1432
729.8447 462.1432
729.8467 462.139
729.8604 462.1357
729.8607 462.1318
729.8447 462.1338
729.8509 462.1382
729.8779 462.1336
729.874 462.1364
729.8994 462.1268
729.9056 462.1294
729.9066 462.1268
729.9235 462.1183
729.9319 462.1289
729.9417 462.1234
729.9463 462.1196
729.9619 462.1151
729.9544 462.1104
729.9346 462.1131
729.9248 462.1117
729.9271 462.1048
729.9053 462.1016
729.8851 462.0996
729.8711 462.1087
729.8646 462.1095
729.8727 462.1144
729.8718 462.1143
729.8425 462.1198
729.8203 462.1247
729.7975 462.1348
729.8027 462.1232
729.82 462.114
729.8242 462.1118
729.8477 462.1125
729.8548 462.1016
729.8711 462.0952
729.847 462.0949
729.8571 462.0957
729.8854 462.0951
729.8857 462.0885
729.8864 462.083
729.8923 462.0842
729.904 462.0859
729.9186 462.0836
729.9225 462.0791
729.9333 462.0744
729.946 462.0684
729.9421 462.0732
729.9505 462.0741
729.8952 462.0731
729.8558 462.0742
729.8265 462.0713
729.8359 462.064
729.8079 462.062
729.78 462.0627
729.7634 462.0666
729.7526 462.0718
729.7464 462.0625
729.7311 462.0586
729.7067 462.0654
729.7048 462.0615
729.7012 462.0672
729.6953 462.0562
729.7064 462.0524
729.7151 462.0464
729.7106 462.0501
729.7282 462.0506
729.7556 462.0485
729.7516 462.0509
729.739 462.0488
729.7272 462.0433
729.7422 462.0415
729.7311 462.0435
729.7399 462.0449
729.7302 462.0497
729.7064 462.057
729.7233 462.0506
729.7077 462.0586
729.7021 462.041
729.6891 462.0332
729.6614 462.0282
729.64 462.0264
729.6543 462.022
729.6634 462.0226
729.6582 462.0234
729.6536 462.0264
729.6341 462.0293
729.6159 462.0335
729.6204 462.0301
729.6185 462.0381
729.5807 462.049
729.5804 462.0531
729.5977 462.0465
729.5934 462.0592
729.5853 462.0663
729.5609 462.0744
729.5573 462.0812
729.5339 462.0801
729.53 462.0732
729.5378 462.064
729.5208 462.0599
729.5182 462.0654
729.5169 462.0643
729.5156 462.0614
729.5192 462.0596
729.5391 462.0521
729.556 462.0529
729.5671 462.0519
729.5742 462.0397
729.5765 462.0389
729.5605 462.0403
729.5596 462.0532
729.5677 462.0509
729.5811 462.0521
729.5944 462.0479
729.5934 462.042
729.5918 462.0418
729.6097 462.0293
729.6309 462.0308
729.6432 462.0272
729.6237 462.0243
729.6309 462.0266
729.6501 462.02
729.6563 462.0083
729.6569 462.0142
729.6423 462.0256
729.6647 462.0278
729.6634 462.0215
729.6741 462.0193
729.679 462.0272
729.6716 462.0368
729.678 462.0324
729.6777 462.0309
729.6846 462.0283
729.6914 462.0394
729.7021 462.0391
729.721 462.0374
729.7038 462.0294
729.7018 462.0246
729.7025 462.0234
729.7347 462.0256
729.7581 462.015
729.7311 462.0243
729.7207 462.0252
729.7087 462.0275
729.7305 462.0193
729.7253 462.0208
729.7266 462.0213
729.7302 462.0181
729.7204 462.0166
729.7106 462.0264
729.7136 462.0301
729.7116 462.0382
729.7311 462.0356
729.7546 462.0332
729.738 462.0325
729.7083 462.0356
729.6839 462.0381
729.6653 462.0431
729.6553 462.0568
729.6341 462.0637
729.6266 462.0692
729.6224 462.0791
729.6445 462.0884
729.6491 462.0981
729.6419 462.1045
729.6136 462.1055
729.5947 462.1157
729.572 462.1297
729.5524 462.1307
729.542 462.1287
729.5364 462.1277
729.5498 462.117
729.5475 462.1068
729.5335 462.1014
729.5215 462.1087
729.5293 462.1107
729.5234 462.1082
729.5358 462.0999
729.5612 462.0933
729.569 462.0847
729.5898 462.0788
729.6045 462.0736
729.5986 462.0757
729.5941 462.0687
729.6016 462.0674
729.6208 462.0746
729.6221 462.085
729.6257 462.0931
729.6243 462.0977
729.6302 462.1072
729.6237 462.1112
729.6426 462.1051
729.6367 462.0944
729.6035 462.104
729.569 462.1115
729.5501 462.1074
729.5371 462.1162
729.5397 462.1164
729.54 462.1117
729.5423 462.105
729.5446 462.1037
729.5182 462.1011
729.5042 462.1006
729.4831 462.0916
729.4837 462.0884
729.4736 462.0838
729.4675 462.0869
729.4905 462.0864
729.5124 462.0851
729.4964 462.082
729.485 462.083
729.4905 462.0825
729.47 462.0832
729.4632 462.0933
729.4622 462.097
729.4798 462.1001
729.4648 462.1077
729.4808 462.1029
729.5117 462.0988
729.5491 462.0978
729.6064 462.0975
729.6582 462.1029
729.6934 462.1006
729.7021 462.0897
729.7054 462.0763
729.7207 462.0791
729.7305 462.0825
729.7224 462.0853
729.7278 462.09
729.7432 462.093
729.7399 462.0957
729.7617 462.1014
729.7337 462.1126
729.736 462.1154
729.7562 462.1126
729.7917 462.1154
729.8118 462.1099
729.8389 462.1001
729.822 462.1008
729.8102 462.0996
729.8196 462.0952
729.8291 462.0905
729.8379 462.0864
729.8278 462.0941
729.8317 462.0977
729.8193 462.0984
729.82 462.0963
729.8161 462.1012
729.8216 462.109
729.8213 462.1161
729.8206 462.123
729.819 462.1279
729.8477 462.1245
729.8776 462.1284
729.8747 462.1244
729.8984 462.1086
729.9258 462.1029
729.9612 462.1097
729.9739 462.104
729.9841 462.1022
729.9749 462.0939
729.9739 462.0931
729.973 462.0934
729.9688 462.0972
729.9639 462.0978
729.9525 462.0936
729.9694 462.0949
729.9593 462.093
729.96 462.0962
729.9512 462.1029
729.93 462.1188
729.9219 462.1157
729.9141 462.1211
729.9225 462.1193
729.9538 462.105
729.9808 462.0965
729.9909 462.0892
730.0127 462.0824
730.0355 462.0811
730.0296 462.0824
730.0273 462.085
730.0349 462.0802
730.0439 462.0902
730.0534 462.0939
730.0684 462.0887
730.0823 462.0847
730.0794 462.0903
730.1019 462.088
730.1179 462.0851
730.1032 462.0853
730.0918 462.0856
730.0843 462.0814
730.0657 462.0856
730.0632 462.0786
730.0742 462.0729
730.1055 462.0663
730.1071 462.0693
730.1136 462.0693
730.1172 462.0607
730.1214 462.071
730.1282 462.075
730.1052 462.0791
730.0925 462.0827
730.1048 462.0778
730.1208 462.0684
730.1318 462.0696
730.1104 462.0819
730.0934 462.0866
730.0794 462.0853
730.0798 462.0856
730.0609 462.0868
730.0583 462.0859
730.0645 462.0762
730.0781 462.0667
729.9463 462.1196
729.9619 462.1151
729.9544 462.1104
729.9346 462.1131
729.9248 462.1117
729.9271 462.1048
729.9053 462.1016
729.8851 462.0996
729.8711 462.1087
729.8646 462.1095
729.8727 462.1144
729.8718 462.1143
729.8425 462.1198
729.8203 462.1247
729.7975 462.1348
729.8027 462.1232
729.82 462.114
729.8242 462.1118
729.8477 462.1125
729.8548 462.1016
729.8711 462.0952
729.847 462.0949
729.8571 462.0957
729.8854 462.0951
729.8857 462.0885
729.8864 462.083
729.8923 462.0842
729.904 462.0859
729.9186 462.0836
729.9225 462.0791
729.9333 462.0744
729.946 462.0684
729.9421 462.0732
729.9505 462.0741
729.8952 462.0731
729.8558 462.0742
729.8265 462.0713
729.8359 462.064
729.8079 462.062
729.78 462.0627
729.7634 462.0666
729.7526 462.0718
729.7464 462.0625
729.7311 462.0586
729.7067 462.0654
729.7048 462.0615
729.7012 462.0672
729.6953 462.0562
729.7064 462.0524
729.7151 462.0464
729.7106 462.0501
729.7282 462.0506
729.7556 462.0485
729.7516 462.0509
729.739 462.0488
729.7272 462.0433
729.7422 462.0415
729.7311 462.0435
729.7399 462.0449
729.7302 462.0497
729.7064 462.057
729.7233 462.0506
729.7077 462.0586
729.7021 462.041
729.6891 462.0332
729.6614 462.0282
729.64 462.0264
729.6543 462.022
729.6634 462.0226
729.6582 462.0234
729.6536 462.0264
729.6341 462.0293
729.6159 462.0335
729.6204 462.0301
729.6185 462.0381
729.5807 462.049
729.5804 462.0531
729.5977 462.0465
729.5934 462.0592
729.5853 462.0663
729.5609 462.0744
729.5573 462.0812
729.5339 462.0801
729.53 462.0732
729.5378 462.064
729.5208 462.0599
729.5182 462.0654
729.5169 462.0643
729.5156 462.0614
729.5192 462.0596
729.5391 462.0521
729.556 462.0529
729.5671 462.0519
729.5742 462.0397
729.5765 462.0389
729.5605 462.0403
729.5596 462.0532
729.5677 462.0509
729.5811 462.0521
729.5944 462.0479
729.5934 462.042
729.5918 462.0418
729.6097 462.0293
729.6309 462.0308
729.6432 462.0272
729.6237 462.0243
729.6309 462.0266
729.6501 462.02
729.6563 462.0083
729.6569 462.0142
729.6423 462.0256
729.6647 462.0278
729.6634 462.0215
729.6741 462.0193
729.679 462.0272
729.6716 462.0368
729.678 462.0324
729.6777 462.0309
729.6846 462.0283
729.6914 462.0394
729.7021 462.0391
729.721 462.0374
729.7038 462.0294
729.7018 462.0246
729.7025 462.0234
729.7347 462.0256
729.7581 462.015
729.7311 462.0243
729.7207 462.0252
729.7087 462.0275
729.7305 462.0193
729.7253 462.0208
729.7266 462.0213
729.7302 462.0181
729.7204 462.0166
729.7106 462.0264
729.7136 462.0301
729.7116 462.0382
729.7311 462.0356
729.7546 462.0332
729.738 462.0325
729.7083 462.0356
729.6839 462.0381
729.6653 462.0431
729.6553 462.0568
729.6341 462.0637
729.6266 462.0692
729.6224 462.0791
729.6445 462.0884
729.6491 462.0981
729.6419 462.1045
729.6136 462.1055
729.5947 462.1157
729.572 462.1297
729.5524 462.1307
729.542 462.1287
729.5364 462.1277
729.5498 462.117
729.5475 462.1068
729.5335 462.1014
729.5215 462.1087
729.5293 462.1107
729.5234 462.1082
729.5358 462.0999
729.5612 462.0933
729.569 462.0847
729.5898 462.0788
729.6045 462.0736
729.5986 462.0757
729.5941 462.0687
729.6016 462.0674
729.6208 462.0746
729.6221 462.085
729.6257 462.0931
729.6243 462.0977
729.6302 462.1072
729.6237 462.1112
729.6426 462.1051
729.6367 462.0944
729.6035 462.104
729.569 462.1115
729.5501 462.1074
729.5371 462.1162
729.5397 462.1164
729.54 462.1117
729.5423 462.105
729.5446 462.1037
729.5182 462.1011
729.5042 462.1006
729.4831 462.0916
729.4837 462.0884
729.4736 462.0838
729.4675 462.0869
729.4905 462.0864
729.5124 462.0851
729.4964 462.082
729.485 462.083
729.4905 462.0825
729.47 462.0832
729.4632 462.0933
729.4622 462.097
729.4798 462.1001
729.4648 462.1077
729.4808 462.1029
729.5117 462.0988
729.5491 462.0978
729.6064 462.0975
729.6582 462.1029
729.6934 462.1006
729.7021 462.0897
729.7054 462.0763
729.7207 462.0791
729.7305 462.0825
729.7224 462.0853
729.7278 462.09
729.7432 462.093
729.7399 462.0957
729.7617 462.1014
729.7337 462.1126
729.736 462.1154
729.7562 462.1126
729.7917 462.1154
729.8118 462.1099
729.8389 462.1001
729.822 462.1008
729.8102 462.0996
729.8196 462.0952
729.8291 462.0905
729.8379 462.0864
729.8278 462.0941
729.8317 462.0977
729.8193 462.0984
729.82 462.0963
729.8161 462.1012
729.8216 462.109
729.8213 462.1161
729.8206 462.123
729.819 462.1279
729.8477 462.1245
729.8776 462.1284
729.8747 462.1244
729.8984 462.1086
729.9258 462.1029
729.9612 462.1097
729.9739 462.104
729.9841 462.1022
729.9749 462.0939
729.9739 462.0931
729.973 462.0934
729.9688 462.0972
729.9639 462.0978
729.9525 462.0936
729.9694 462.0949
729.9593 462.093
729.96 462.0962
729.9512 462.1029
729.93 462.1188
729.9219 462.1157
729.9141 462.1211
729.9225 462.1193
729.9538 462.105
729.9808 462.0965
729.9909 462.0892
730.0127 462.0824
730.0355 462.0811
730.0296 462.0824
730.0273 462.085
730.0349 462.0802
730.0439 462.0902
730.0534 462.0939
730.0684 462.0887
730.0823 462.0847
730.0794 462.0903
730.1019 462.088
730.1179 462.0851
730.1032 462.0853
730.0918 462.0856
730.0843 462.0814
730.0657 462.0856
730.0632 462.0786
730.0742 462.0729
730.1055 462.0663
730.1071 462.0693
730.1136 462.0693
730.1172 462.0607
730.1214 462.071
730.1282 462.075
730.1052 462.0791
730.0925 462.0827
730.1048 462.0778
730.1208 462.0684
730.1318 462.0696
730.1104 462.0819
730.0934 462.0866
730.0794 462.0853
730.0798 462.0856
730.0609 462.0868
730.0583 462.0859
730.0645 462.0762
730.0781 462.0667
730.0586 462.0675
730.0452 462.0667
730.0231 462.0563
730.0114 462.0532
730.0075 462.05
729.9824 462.0462
729.9834 462.041
729.9824 462.0435
729.9763 462.0379
729.9665 462.0246
729.9655 462.0168
729.9463 462.0117
729.9479 462.0094
729.9277 462.0067
729.8968 462.0023
729.8978 462.0018
729.8948 462.0021
729.9033 462.0231
729.9069 462.0349
729.916 462.0303
729.9163 462.0293
729.9153 462.0216
729.8851 462.0254
729.873 462.0345
729.86 462.0433
729.8464 462.0438
729.8356 462.0428
729.803 462.0544
729.8011 462.0654
729.8125 462.0732
729.791 462.0757
729.7907 462.0789
729.7988 462.0905
729.8311 462.0949
729.8206 462.0959
729.8076 462.0959
729.8174 462.09
729.8291 462.0975
729.8184 462.0941
729.8288 462.0793
729.822 462.0656
729.8105 462.0664
729.8271 462.0609
729.845 462.0601
729.845 462.0604
729.8401 462.069
729.8304 462.071
729.8242 462.0664
729.8145 462.0693
729.79 462.0741
729.805 462.0701
729.7962 462.0696
729.7767 462.0781
729.8034 462.0806
729.8102 462.0824
729.8069 462.089
729.7959 462.0913
729.7988 462.0871
729.7975 462.0859
729.7933 462.0809
729.7878 462.0829
729.7822 462.0908
729.7637 462.0925
729.7393 462.0911
729.7259 462.0902
729.7249 462.0938
729.7217 462.0916
729.7155 462.0876
729.7282 462.088
729.7588 462.0879
729.7546 462.0963
729.7536 462.0999
729.7741 462.0975
729.7578 462.0991
729.7529 462.0986
729.7718 462.0954
729.7806 462.0952
729.7764 462.0977
729.7754 462.1016
729.7776 462.0902
729.7796 462.0835
729.7552 462.0877
729.7363 462.0859
729.7461 462.0895
729.7298 462.0829
729.7327 462.0861
729.7347 462.0967
729.7393 462.0931
729.7402 462.0923
729.7246 462.0981
729.7002 462.1104
729.6794 462.1135
729.68 462.119
729.6667 462.1219
729.6487 462.1252
729.6777 462.1284
729.6608 462.1279
729.6758 462.1266
729.6761 462.1247
729.6823 462.1271
729.6907 462.1271
729.6995 462.1255
729.6976 462.1167
729.6995 462.1206
729.6862 462.1208
729.6624 462.1213
729.6563 462.1063
729.668 462.1027
729.6911 462.098
729.6829 462.1006
729.6732 462.1069
729.6608 462.112
729.6406 462.1237
729.6416 462.1221
729.6624 462.1187
729.6774 462.117
729.6852 462.1125
729.6794 462.1089
729.6628 462.1084
729.6582 462.1113
729.6501 462.111
729.6475 462.1156
729.6472 462.1072
729.6475 462.1034
729.6569 462.1014
729.6638 462.0949
729.6875 462.0993
729.6826 462.0994
729.6712 462.0936
729.6384 462.1012
729.6123 462.1019
729.5986 462.1055
729.595 462.1149
729.5811 462.1253
729.5638 462.1312
729.5635 462.1252
729.5583 462.1322
729.5726 462.1312
729.5856 462.1253
729.5853 462.1209
729.5941 462.1182
729.5925 462.1143
729.6149 462.1037
729.6155 462.1011
729.6224 462.1037
729.6299 462.1017
729.627 462.1089
729.6367 462.1129
729.6478 462.1019
729.6605 462.0975
729.679 462.1045
729.6741 462.1064
729.6712 462.111
729.6722 462.1129
729.6833 462.1149
729.7119 462.1213
729.7461 462.1244
729.7692 462.1292
729.7806 462.1377
729.8021 462.1333
729.8229 462.1256
729.8382 462.1208
729.8545 462.1248
729.8721 462.1224
729.8747 462.1258
729.874 462.1261
729.8815 462.1299
729.8633 462.1296
729.8535 462.1333
729.8633 462.123
729.8652 462.1208
729.8646 462.1173
729.8513 462.1173
729.8616 462.1082
729.8789 462.105
729.8623 462.1138
729.8652 462.1165
729.8685 462.1175
729.8307 462.123
729.7949 462.1268
729.7686 462.1296
729.7676 462.1331
729.7552 462.133
729.7402 462.1258
729.737 462.139
729.7204 462.1387
729.7158 462.133
729.7073 462.1313
729.7207 462.1235
729.7067 462.1167
729.6693 462.1244
729.6494 462.1265
729.6491 462.1242
729.6559 462.126
729.6624 462.1221
729.6751 462.1156
729.6631 462.1053
729.6536 462.1024
729.6546 462.0989
729.6429 462.0996
729.6624 462.1074
729.6696 462.1112
729.6755 462.1113
729.6725 462.1131
729.7012 462.1211
729.6927 462.1122
729.7009 462.1151
729.6855 462.1226
729.6804 462.1265
729.6849 462.1292
729.6843 462.1209
729.6891 462.1112
729.678 462.1042
729.6732 462.11
729.6839 462.1081
729.681 462.1102
729.6966 462.111
729.7054 462.111
729.6921 462.1112
729.6882 462.1068
729.6891 462.0993
729.709 462.0952
729.7471 462.0887
729.7737 462.0876
729.7786 462.0936
729.7858 462.0918
729.7956 462.0939
729.8093 462.0949
729.8112 462.0951
729.8063 462.0951
729.8196 462.0851
729.8187 462.0832
729.8382 462.0794
729.8337 462.085
729.8281 462.0933
729.8259 462.093
729.8223 462.0833
729.8164 462.0836
729.8008 462.0829
729.8001 462.0811
729.7878 462.075
729.7884 462.0656
729.7874 462.0651
729.7686 462.0734
729.7532 462.0739
729.7497 462.0742
729.7507 462.0757
729.7386 462.0731
729.7425 462.0651
729.7272 462.0698
729.7112 462.0753
729.7376 462.0842
729.7591 462.0788
729.7591 462.0779
729.762 462.0718
729.75 462.063
729.7497 462.0628
729.765 462.0604
729.7786 462.0522
729.7897 462.0542
729.7991 462.0518
729.8024 462.0503
729.7956 462.0439
729.7946 462.04
729.8024 462.0402
729.8132 462.0549
729.8216 462.0513
729.8229 462.0544
729.8392 462.0583
729.8522 462.0651
729.8438 462.071
729.8571 462.0705
729.8679 462.0746
729.8776 462.0806
729.8577 462.0829
729.861 462.0842
729.8786 462.0871
729.8776 462.0889
729.8877 462.0842
729.8887 462.0825
729.902 462.0797
729.8919 462.0876
729.8857 462.0898
729.8825 462.0938
729.8753 462.0978
729.8708 462.1003
729.8792 462.1092
729.8652 462.1138
729.8425 462.1191
729.8779 462.1061
729.8691 462.1072
729.8591 462.1077
729.874 462.0988
729.8743 462.0939
729.8835 462.1012
729.8626 462.1001
729.8581 462.0981
729.8698 462.0983
729.8679 462.0956
729.8607 462.0936
730.0586 462.0675
730.0452 462.0667
730.0231 462.0563
730.0114 462.0532
730.0075 462.05
729.9824 462.0462
729.9834 462.041
729.9824 462.0435
729.9763 462.0379
729.9665 462.0246
729.9655 462.0168
729.9463 462.0117
729.9479 462.0094
729.9277 462.0067
729.8968 462.0023
729.8978 462.0018
729.8948 462.0021
729.9033 462.0231
729.9069 462.0349
729.916 462.0303
729.9163 462.0293
729.9153 462.0216
729.8851 462.0254
729.873 462.0345
729.86 462.0433
729.8464 462.0438
729.8356 462.0428
729.803 462.0544
729.8011 462.0654
729.8125 462.0732
729.791 462.0757
729.7907 462.0789
729.7988 462.0905
729.8311 462.0949
729.8206 462.0959
729.8076 462.0959
729.8174 462.09
729.8291 462.0975
729.8184 462.0941
729.8288 462.0793
729.822 462.0656
729.8105 462.0664
729.8271 462.0609
729.845 462.0601
729.845 462.0604
729.8401 462.069
729.8304 462.071
729.8242 462.0664
729.8145 462.0693
729.79 462.0741
729.805 462.0701
729.7962 462.0696
729.7767 462.0781
729.8034 462.0806
729.8102 462.0824
729.8069 462.089
729.7959 462.0913
729.7988 462.0871
729.7975 462.0859
729.7933 462.0809
729.7878 462.0829
729.7822 462.0908
729.7637 462.0925
729.7393 462.0911
729.7259 462.0902
729.7249 462.0938
729.7217 462.0916
729.7155 462.0876
729.7282 462.088
729.7588 462.0879
729.7546 462.0963
729.7536 462.0999
729.7741 462.0975
729.7578 462.0991
729.7529 462.0986
729.7718 462.0954
729.7806 462.0952
729.7764 462.0977
729.7754 462.1016
729.7776 462.0902
729.7796 462.0835
729.7552 462.0877
729.7363 462.0859
729.7461 462.0895
729.7298 462.0829
729.7327 462.0861
729.7347 462.0967
729.7393 462.0931
729.7402 462.0923
729.7246 462.0981
729.7002 462.1104
729.6794 462.1135
729.68 462.119
729.6667 462.1219
729.6487 462.1252
729.6777 462.1284
729.6608 462.1279
729.6758 462.1266
729.6761 462.1247
729.6823 462.1271
729.6907 462.1271
729.6995 462.1255
729.6976 462.1167
729.6995 462.1206
729.6862 462.1208
729.6624 462.1213
729.6563 462.1063
729.668 462.1027
729.6911 462.098
729.6829 462.1006
729.6732 462.1069
729.6608 462.112
729.6406 462.1237
729.6416 462.1221
729.6624 462.1187
729.6774 462.117
729.6852 462.1125
729.6794 462.1089
729.6628 462.1084
729.6582 462.1113
729.6501 462.111
729.6475 462.1156
729.6472 462.1072
729.6475 462.1034
729.6569 462.1014
729.6638 462.0949
729.6875 462.0993
729.6826 462.0994
729.6712 462.0936
729.6384 462.1012
729.6123 462.1019
729.5986 462.1055
729.595 462.1149
729.5811 462.1253
729.5638 462.1312
729.5635 462.1252
729.5583 462.1322
729.5726 462.1312
729.5856 462.1253
729.5853 462.1209
729.5941 462.1182
729.5925 462.1143
729.6149 462.1037
729.6155 462.1011
729.6224 462.1037
729.6299 462.1017
729.627 462.1089
729.6367 462.1129
729.6478 462.1019
729.6605 462.0975
729.679 462.1045
729.6741 462.1064
729.6712 462.111
729.6722 462.1129
729.6833 462.1149
729.7119 462.1213
729.7461 462.1244
729.7692 462.1292
729.7806 462.1377
729.8021 462.1333
729.8229 462.1256
729.8382 462.1208
729.8545 462.1248
729.8721 462.1224
729.8747 462.1258
729.874 462.1261
729.8815 462.1299
729.8633 462.1296
729.8535 462.1333
729.8633 462.123
729.8652 462.1208
729.8646 462.1173
729.8513 462.1173
729.8616 462.1082
729.8789 462.105
729.8623 462.1138
729.8652 462.1165
729.8685 462.1175
729.8307 462.123
729.7949 462.1268
729.7686 462.1296
729.7676 462.1331
729.7552 462.133
729.7402 462.1258
729.737 462.139
729.7204 462.1387
729.7158 462.133
729.7073 462.1313
729.7207 462.1235
729.7067 462.1167
729.6693 462.1244
729.6494 462.1265
729.6491 462.1242
729.6559 462.126
729.6624 462.1221
729.6751 462.1156
729.6631 462.1053
729.6536 462.1024
729.6546 462.0989
729.6429 462.0996
729.6624 462.1074
729.6696 462.1112
729.6755 462.1113
729.6725 462.1131
729.7012 462.1211
729.6927 462.1122
729.7009 462.1151
729.6855 462.1226
729.6804 462.1265
729.6849 462.1292
729.6843 462.1209
729.6891 462.1112
729.678 462.1042
729.6732 462.11
729.6839 462.1081
729.681 462.1102
729.6966 462.111
729.7054 462.111
729.6921 462.1112
729.6882 462.1068
729.6891 462.0993
729.709 462.0952
729.7471 462.0887
729.7737 462.0876
729.7786 462.0936
729.7858 462.0918
729.7956 462.0939
729.8093 462.0949
729.8112 462.0951
729.8063 462.0951
729.8196 462.0851
729.8187 462.0832
729.8382 462.0794
729.8337 462.085
729.8281 462.0933
729.8259 462.093
729.8223 462.0833
729.8164 462.0836
729.8008 462.0829
729.8001 462.0811
729.7878 462.075
729.7884 462.0656
729.7874 462.0651
729.7686 462.0734
729.7532 462.0739
729.7497 462.0742
729.7507 462.0757
729.7386 462.0731
729.7425 462.0651
729.7272 462.0698
729.7112 462.0753
729.7376 462.0842
729.7591 462.0788
729.7591 462.0779
729.762 462.0718
729.75 462.063
729.7497 462.0628
729.765 462.0604
729.7786 462.0522
729.7897 462.0542
729.7991 462.0518
729.8024 462.0503
729.7956 462.0439
729.7946 462.04
729.8024 462.0402
729.8132 462.0549
729.8216 462.0513
729.8229 462.0544
729.8392 462.0583
729.8522 462.0651
729.8438 462.071
729.8571 462.0705
729.8679 462.0746
729.8776 462.0806
729.8577 462.0829
729.861 462.0842
729.8786 462.0871
729.8776 462.0889
729.8877 462.0842
729.8887 462.0825
729.902 462.0797
729.8919 462.0876
729.8857 462.0898
729.8825 462.0938
729.8753 462.0978
729.8708 462.1003
729.8792 462.1092
729.8652 462.1138
729.8425 462.1191
729.8779 462.1061
729.8691 462.1072
729.8591 462.1077
729.874 462.0988
729.8743 462.0939
729.8835 462.1012
729.8626 462.1001
729.8581 462.0981
729.8698 462.0983
729.8679 462.0956
729.8607 462.0936
