1920 480
722.2819 462.4141
389.8148 395.4168
389.9782 394.9618
390.2549 394.9082
390.5511 395.0534
275.1908 438.6855
275.3529 438.6851
274.4961 453.2047
275.9508 450.6341
280.7201 443.0033
283.7383 437.8398
284.8867 433.693
284.1136 431.4224
283.4037 427.486
282.9489 424.4678
282.3408 412.4559
281.9105 408.9554
281.8376 408.765
281.7646 408.5739
281.7129 408.4041
281.5775 407.7663
281.4697 407.9771
281.707 409.2163
282.1276 409.7907
282.1211 409.9914
282.4447 410.354
282.5609 410.7176
282.6693 411.1457
282.8024 411.5632
282.7116 411.7468
282.6563 411.6209
282.3412 411.4507
282.0283 411.1714
280.2289 410.2332
278.8509 396.6903
272.6383 372.5511
265.3099 360.8242
222.4303 317.5192
214.877 314.7808
208.943 313.45
205.2637 312.0592
202.8301 311.4736
201.1452 310.4557
199.7458 310.3385
198.7354 310.6118
197.2155 310.5247
197.0674 311.1855
196.5586 311.0609
197.2503 310.8382
197.7454 310.7288
197.8259 310.6797
198.4235 310.472
193.9857 308.8286
142.2842 305.7104
90.20736 303.8688
76.26107 303.1261
69.30859 302.8234
67.41764 302.7889
68.0638 302.8232
67.44629 302.5485
82.53646 315.9756
88.84115 314.4684
88.32748 302.4492
77.82031 294.7157
74.02897 290.9694
82.02637 293.5539
124.6947 308.9684
241.3066 364.3898
275.75 394.0295
296.8861 407.2801
299.3984 408.5148
309.9095 406.3888
317.2894 404.1816
318.8607 400.8206
321.3639 396.8319
322.4352 394.1743
325.7298 397.4556
324.2233 404.011
324.0287 410.5332
322.2871 411.5925
322.335 411.5511
310.1592 398.1522
310.764 396.4518
310.6602 395.8281
310.1097 395.5534
310.0859 395.3032
309.4824 394.915
309.318 394.4666
309.3604 393.9452
309.2943 392.9577
309.3714 391.9932
309.0931 391.4645
308.4919 390.9315
307.8327 390.7511
307.5407 390.5757
307.0482 390.4886
306.6133 390.4789
306.3438 390.5815
305.6452 390.4919
305.0963 390.5309
304.7936 390.4749
304.2025 390.3721
304.1367 390.2733
303.307 390.3027
302.0234 390.0352
301.6156 389.8826
300.9001 389.3463
300.9375 389.0555
300.375 389.0182
298.7464 388.8087
298.2467 388.6758
295.4772 386.3281
263.6019 367.6159
191.5397 338.8484
166.0361 331.0739
165.2738 330.9038
164.6286 330.7599
156.8581 328.3275
149.7773 324.1956
146.0918 323.0718
144.1393 323.0212
142.5918 323.2119
141.752 323.2515
141.2699 323.3104
140.2979 323.3625
139.7725 323.3716
139.2103 323.395
138.7975 323.409
138.2878 323.3184
137.7142 323.2349
137.3265 323.0371
213.2441 346.2902
214.5039 350.1577
207.0521 350.8634
208.8838 349.6549
210.5433 349.2259
209.4456 348.2741
212.5208 348.4886
214.1286 347.8297
191.7344 365.4678
224.7142 355.9637
206.7637 356.6268
201.222 356.4147
196.3721 358.3442
193.5313 358.2951
193.526 358.3107
194.5589 358.4733
193.6396 357.4121
194.4271 357.0146
192.9902 356.4801
194.1602 354.8037
194.0325 355.2874
191.9388 352.0995
191.9492 352.1807
191.8005 352.1406
192.0482 352.3563
192.0749 352.3831
191.9824 352.5708
192.1029 352.5786
192.1377 352.5425
191.9805 352.6125
192.2422 352.6217
192.3265 352.7139
192.5417 352.7505
192.8271 352.7941
192.903 352.8063
193.0817 352.8381
193.1764 352.8685
193.2624 352.736
193.3919 352.7305
191.098 353.8014
188.6263 354.821
184.557 356.8135
181.2796 358.5518
178.819 359.959
178.2259 360.6786
177.806 361.1989
177.6888 361.7415
177.4964 362.1063
177.1159 362.2967
177.0371 362.3889
176.402 360.1297
175.5039 345.124
173.5303 333.745
173.1354 329.8861
172.7061 327.0436
172.7269 324.4499
172.6807 321.6112
172.6227 320.1784
172.6374 319.3335
172.9163 318.5208
172.9974 318.1335
173.1693 317.9411
173.4785 317.8063
173.4785 317.5347
173.5007 317.4393
173.6234 317.2949
173.6143 317.2607
173.6445 317.4603
173.429 317.4364
173.3457 317.3551
173.2012 317.1637
173.5479 316.9604
173.5241 316.9474
173.7562 316.8661
173.6751 316.9608
173.6849 316.8527
173.7305 316.7469
173.6696 316.6466
173.8711 316.4591
173.9896 316.3835
174.0169 316.4604
174.2412 316.2224
174.2314 316.2536
174.3867 316.189
174.3704 312.4821
174.0931 306.2693
174.1462 301.2988
174.0609 298.3376
174.1517 296.1371
174.2969 295.2951
174.265 294.9198
174.2217 294.569
174.0495 294.2109
173.6999 294.0072
173.4115 293.9805
173.2461 293.8115
172.9297 293.6906
172.9264 293.4834
172.6605 293.4481
172.5537 293.5257
172.2956 293.464
172.2126 293.3073
172.305 293.083
172.3636 293.1523
171.7412 293.3794
171.7975 293.4622
171.5052 293.6169
171.3073 293.7285
171.3369 293.8765
171.3005 294.117
171.1921 294.152
171.0586 294.1699
171.0944 294.1481
171.0374 294.2093
170.9902 294.2131
170.9727 294.2477
170.9359 294.3311
171.1608 294.4906
171.0791 294.6956
171.0706 294.7544
171.3027 294.741
171.263 294.8044
171.5827 294.8799
171.6738 294.9281
171.7197 294.9855
171.4489 295.0905
171.5365 295.1211
171.7083 295.244
171.8145 295.3678
171.9714 295.4014
172.0365 295.4373
172.0827 295.4989
172.2301 295.4606
172.2897 295.5031
172.3711 295.4375
172.6862 297.3625
175.2705 315.9155
184.1393 343.0132
190.5524 352.8382
219.333 376.0566
223.5618 377.2625
226.8255 378.2764
232.3213 380.3586
234.4551 381.3563
235.6227 382.1836
235.8923 382.625
235.8236 383.0693
235.9512 383.2757
236.2819 383.4287
235.9886 383.8011
236.0374 384.0381
236.1774 383.9712
236.5759 383.9012
237.4297 383.7545
238.9141 384.1299
240.1504 384.6794
242 385.4583
242.7835 385.5132
245.2607 385.7773
247.1488 385.8403
249.0247 386.1012
253.39 386.7272
255.8311 387.0791
258.8646 387.4289
261.0859 387.5811
263.0146 387.6994
267.9805 387.0757
270.4919 386.8255
1974.418 433.3001
680.2839 462.2966
346.3952 393.3595
346.5322 392.9445
346.7865 393.0065
248.1478 413.8481
248.4779 413.8675
181.3359 431.2684
216.333 424.3672
238.7191 420.0758
242.1188 407.937
256.9512 408.7866
263.0928 414.9085
266.8818 415.5566
267.0189 415.308
266.9466 411.6364
266.9775 409.8031
266.8945 409.6143
266.8177 409.4152
266.7409 409.2157
266.4323 408.91
267.5387 408.7943
270.5423 409.1006
272.3014 409.5132
272.848 409.7103
273.4994 410.099
274.611 410.7827
275.4128 411.383
275.9629 411.8524
275.6927 411.9749
274.9606 411.8107
274.4899 411.6735
273.8805 411.4523
273.1113 411.0845
264.8216 396.9168
249.277 372.4556
239.04 361.1748
191.3402 318.145
181.9629 315.3714
175.4941 313.9634
172.5013 312.7139
170.7038 311.9049
169.0065 311.1205
168.6384 311.0941
168.2103 311.293
167.8721 311.2979
166.7728 311.7318
167.2266 311.9254
167.0182 311.5044
166.8548 311.0881
166.9492 311.0868
168.029 310.7487
161.125 309.3742
105.2458 307.0601
53.82487 306.0952
40.91179 305.4403
34.3444 305.1606
32.54557 305.1579
32.61263 305.139
31.90202 305.1992
95.14518 303.1535
71.04166 315.7471
77.25912 313.9893
76.39746 300.6212
65.75553 293.3363
68.6097 292.9159
103.2503 301.6133
218.7891 351.7007
262.8236 381.3405
283.3213 402.2886
282.2057 408.4653
288.001 409.9502
295.9349 408.0549
304.735 406.3214
307.5443 404.354
311.9925 397.3371
314.0296 394.2721
318.3854 397.1481
317.8359 403.6348
318.7562 410.0615
317.515 411.3875
317.542 411.4175
305.5498 397.8851
306.4857 396.2126
306.6113 395.4803
306.1706 395.3467
306.2721 394.9084
305.8307 394.5345
305.5244 393.9165
305.5635 392.7456
305.3525 391.7594
304.987 391.3109
304.4264 390.7865
303.9235 390.6055
303.2295 390.5352
302.929 390.4413
302.362 390.4753
301.873 390.5845
301.4984 390.5158
300.6738 390.4041
300.0797 390.4341
299.6387 390.3498
298.8389 390.2013
298.5368 390.0599
297.4792 389.888
295.8877 389.8538
295.3678 389.4346
294.5345 389.0913
294.2777 388.9731
293.5482 388.9684
292.4896 388.7896
287.1256 386.4476
247.3382 367.7101
172.2676 339.1995
146.4434 331.6345
145.8268 331.4989
145.0583 331.3278
136.9795 328.8838
124.3145 324.9962
119.6032 323.9881
118.9831 323.9447
118.0221 324.009
117.6934 324.0995
117.2194 324.0897
117.0781 324.053
116.3027 324.0114
116.2318 324.0658
115.8131 324.0607
115.388 324.0283
115.1878 323.8979
114.8887 323.7653
189.7656 339.0309
197.5033 346.4028
198.2786 350.3166
190.847 351.0736
156.8171 405.0288
153.264 419.0809
164.0443 392.766
168.7982 384.6639
169.3415 380.4573
174.8229 374.7368
174.7484 361.9715
173.5934 358.4606
177.5221 357.5817
177.9515 358.86
177.9453 358.8796
178.7266 359.0516
182.4141 358.8926
183.8512 357.0482
186.0752 356.9264
186.2715 356.569
189.182 355.1934
190.1748 355.6868
189.1507 352.6028
189.9408 352.5104
190.3408 352.3999
190.7259 352.4992
190.8802 352.5223
190.7646 352.668
191.2594 352.5972
191.4964 352.6024
191.4639 352.6792
191.7991 352.6789
192.0882 352.784
192.2689 352.8325
192.415 352.8563
192.377 352.8625
192.4499 352.877
192.5241 352.8971
192.5872 352.7676
187.6497 353.7679
183.1445 354.8813
176.3835 356.7698
171.9779 358.6906
169.6579 360.0026
168.6569 360.765
167.9456 361.3374
167.3675 361.7847
166.4232 362.3205
165.6784 362.5101
165.0553 362.6794
162.1087 360.4155
158.6211 345.6175
156.8122 334.2513
155.9141 330.3203
155.5241 327.4014
154.7786 324.8582
154.1322 322.0376
153.7861 320.7086
153.6361 319.8236
153.6051 319.0846
153.905 318.7214
154.1341 318.55
154.4863 318.3918
154.7744 318.1758
154.9675 317.943
155.1201 317.8175
155.4538 317.8054
155.7734 317.9362
156.1774 317.9502
156.5114 317.8659
156.7034 317.7326
156.8063 317.5234
157.5124 317.3734
157.6917 317.3594
158.1706 317.3286
158.2816 317.2803
158.4626 317.1458
158.6904 316.9665
158.8421 316.8864
159.2096 316.7158
159.3591 316.6911
159.4935 316.7155
159.8659 316.5211
159.9453 316.5516
159.6025 312.8918
159.1162 306.636
158.0065 301.7293
157.1091 298.7479
155.6364 296.5711
155.2256 295.8385
154.8372 295.3188
154.5397 295.0453
154.2461 294.6777
153.9915 294.3926
153.7181 294.3464
153.4085 294.25
153.3236 294.1382
153.1208 294.0488
153.1338 293.9108
152.9033 293.9082
152.957 293.9782
152.8249 293.8532
152.8278 293.5866
153.0459 293.5298
153.2204 293.6149
152.7738 293.8934
152.9202 293.9373
152.6595 294.0892
152.471 294.1931
152.5264 294.3768
152.5778 294.4849
152.5072 294.6123
152.4118 294.5778
152.4912 294.6179
152.5163 294.6579
152.5898 294.6999
152.7334 294.7754
152.8372 294.8294
153.3564 295.0211
153.7031 295.209
153.9603 295.2383
154.556 295.1914
154.8675 295.2116
155.5719 295.3156
155.9505 295.3669
156.2839 295.4173
156.3529 295.5044
156.7663 295.5257
157.3151 295.6743
157.6559 295.7816
157.9355 295.7892
158.1849 295.8001
158.2819 295.8561
158.4619 295.8299
158.5752 295.8449
158.832 297.6621
161.7715 316.2355
169.7354 343.2679
174.8346 353.0552
197.028 376.112
199.7497 377.326
202.1536 378.1759
206.3499 380.21
208.8092 381.1706
212.1237 382.0706
214.0202 382.5103
215.1875 382.9211
215.8187 383.2
216.7663 383.5164
217.9401 383.7101
218.5527 384.0184
219.2422 384.1623
220.0407 384.1244
221.0885 383.9098
222.8307 383.813
224.4834 384.1973
225.6689 384.7785
228.0524 385.2259
229.7109 385.343
232.4714 385.6473
234.917 385.8587
237.0498 386.1756
241.4303 386.7941
243.7575 387.1782
246.6618 387.4276
248.6794 387.5194
250.2744 387.5006
255.1882 386.8896
257.0788 386.3509
272.1556 386.2741
272.7086 385.7234
273.2604 385.2228
272.7484 384.0265
272.2051 383.3672
270.6374 382.673
268.403 382.5117
267.4753 382.4539
266.0827 382.6491
264.9811 382.765
263.3542 383.0711
261.8802 383.2686
259.806 383.554
258.6881 383.793
257.5085 384.0674
256.3444 384.3024
255.1738 384.612
254.1185 384.9266
253.3978 385.3257
253.112 385.6369
252.1227 385.8744
251.4082 386.111
250.8496 386.5443
163.4499 423.0466
112.609 445.242
82.05631 459.4855
74.66699 463.1129
69.49805 465.0697
62.39063 468.6631
58.33203 470.5378
57.05989 471.6807
56.08919 472.2785
54.86654 472.4429
54.35677 472.5171
53.80273 472.7487
54.57975 472.8784
54.49089 473.6003
54.16536 473.6929
59.62468 467.7806
77.28776 445.869
87.77246 432.855
136.5013 386.9383
151.8216 372.3519
170.8346 357.6883
177.6582 353.3976
182.5527 351.9956
186.944 351.2324
187.3125 351.1491
187.7897 351.0342
187.0264 351.2949
186.487 351.5342
186.554 351.549
186.151 351.7585
185.8867 352.0817
185.8486 352.0713
185.8792 352.043
185.9554 351.9001
186 351.7865
186.3496 351.7166
186.3783 351.6439
186.6123 351.6455
186.7845 351.6717
186.806 351.6064
187.2881 351.6173
187.4362 351.6945
187.6253 351.7967
187.7119 351.856
187.8099 351.9144
188.0491 351.9588
188.1133 351.9701
188.1699 352.0202
188.3203 351.9944
188.5618 351.9221
188.6758 351.9351
188.8125 351.9523
188.9714 351.9432
188.9932 351.9933
189.0417 352.0073
189.0674 352.0181
189.3343 352.1017
189.3874 352.0811
189.3711 352.1608
194.8854 358.0695
209.4036 374.6714
225.2116 391.7695
242.53 402.8145
251.4694 406.8449
254.8529 409.3747
256.3125 410.603
256.9603 411.1455
257.4173 411.6779
257.9066 411.8019
257.7611 412.1849
258.1064 412.3333
258.0902 412.4727
258.4186 412.4914
258.6537 412.5799
258.7738 412.6985
258.7747 412.9427
258.9886 413.2095
258.943 413.3293
258.8756 413.4141
259.2936 413.4453
259.4144 413.4704
259.7624 413.4095
259.4964 413.4168
259.5739 413.3662
259.5192 413.3635
259.3418 413.37
259.5508 413.2642
259.3848 413.2531
259.015 413.3279
259.0938 413.3348
259.2201 413.2891
259.6227 413.0674
259.89 412.9842
259.7829 412.9152
261.2064 412.952
281.0225 412.8397
356.279 413.2585
379.3822 413.6157
437.6279 415.0163
445.5062 415.2773
451.4632 415.3415
454.1318 415.3947
455.3008 415.3916
455.9622 415.3839
456.373 415.3406
456.7464 415.339
456.6908 415.3724
456.7383 415.3267
456.9059 415.3761
457.8177 415.7233
458.2767 415.9797
458.5667 416.1496
458.7383 416.2682
458.9586 416.3119
459.1133 416.4313
459.1205 416.4778
459.1859 416.6741
459.168 416.9025
458.9124 417.1169
458.9395 417.1748
459.0892 417.141
458.8252 417.1301
459.0319 417.0797
459.1696 417.1021
459.0456 417.2222
459.0163 417.2188
459.249 417.2
459.4063 417.1862
459.5065 417.1849
459.5863 417.2057
459.6406 417.3792
459.6696 417.4795
460.0576 417.7809
460.6696 417.9977
461.2575 418.2448
462.9274 418.6403
464.7939 418.8779
468.6608 418.942
472.3343 419.2166
478.7829 419.7443
486.2858 420.2956
497.3161 421.0651
509.1937 421.8226
537.8343 423.4639
571.6091 425.4202
658.3613 430.0239
696.1013 432.4927
714.5563 434.5143
728.0339 436.0581
740.0153 437.4953
751.0056 438.909
754.6878 439.8421
766.6296 441.5628
772.013 442.7897
765.0814 443.3688
774.2751 445.0072
767.6077 445.4403
772.5775 446.3685
768.7903 446.4842
769.5681 446.3283
777.7966 446.5623
785.7998 446.6284
789.6536 445.7533
788.3874 444.5741
793.3265 443.4098
801.3916 442.6265
806.3528 441.7646
807.7057 440.2609
815.2435 439.3801
815.2207 438.4495
819.8564 437.7941
818.3333 437.4894
819.7728 437.8423
825.1686 438.0587
850.7878 440.2702
868.6709 442.3675
949.5293 449.6395
1024.729 456.5221
1086.283 461.015
1117.761 463.9844
1140.65 466.1235
1146.682 466.7209
1145.365 468.1395
1146.316 469.16
1148.849 470.4863
1146.476 471.7939
1146.716 472.9872
1141.418 474.1045
1146.087 475.111
1144.684 475.9704
1149.23 476.7713
1163.669 475.9452
1140.03 475.4271
1125.69 475.3838
1124.317 475.3992
1129.916 475.9979
1129.016 476.1955
1136.823 477.1281
1141.659 477.2489
1151.449 478.0109
1163.831 478.2905
1170.496 478.0544
1180.595 478.0285
1183.767 478.1978
1189.921 478.1789
1198.169 478.125
1204.713 477.6621
1213.997 477.214
1214.614 476.9696
1218.488 476.6066
1240.551 474.0516
1260.774 466.3315
1298.695 453.3291
1362.513 440.6377
1447.424 425.7842
1476.009 422.0335
1499.869 418.8421
1513.989 418.3841
1534.975 418.8622
1541.741 419.9036
1567.525 423.1136
1578.511 424.4025
1588.37 427.7402
1575.196 429.4186
1590.527 431.9603
1613.171 436.3283
1627.469 438.6938
1620.323 440.0204
1617.281 442.0332
1633.974 444.0376
1659.91 447.8197
1654.113 448.5688
1701.219 454.5462
1694.689 452.6925
1723.467 455.1074
1747.012 457.5574
1785.158 466.3346
1799.445 474.1935
1814.64 477.7402
1818.773 478.8322
1817.756 479.9279
1793.908 480.3819
1790.469 482.5784
1784.869 484.8685
1784.159 486.4951
1783.961 487.9791
1790.041 489.6401
1799.159 491.5572
1803.645 494.0482
1789.727 494.9836
1788.602 496.0922
1787.052 497.0698
1783.474 497.1835
1784.996 497.1643
1789.319 497.0608
1793.455 494.5043
1806.824 496.6516
1817.353 501.4951
1844.317 510.881
1853.266 514.0444
1856.318 514.9616
1859.437 517.7447
1862.03 517.9161
1863.339 518.1064
1865.069 517.3334
1866.308 516.7907
1866.549 516.8427
1866.91 516.536
1867.088 516.1187
1867.707 515.6124
1866.964 515.7818
1868.439 515.2402
1868.659 517.2761
1866.993 517.8212
1866.24 518.5732
1866.746 518.8756
1864.714 519.8182
258.8604 385.8188
259.3919 385.1719
258.9186 384.0846
258.404 383.2757
256.5775 382.7091
254.8893 382.5222
253.3939 382.5615
251.9896 382.6711
251.1165 382.9009
249.6429 383.1123
247.8167 383.3084
246.4512 383.4746
244.8978 383.7448
243.4609 384.0633
242.3704 384.2793
241.1136 384.6071
240.1527 384.9998
238.8053 385.3319
238.2539 385.683
237.7295 385.7751
236.7441 386.022
236.403 386.3386
133.1116 423.4909
86.66146 445.5651
62.81055 459.5531
55.0345 463.1128
49.69401 465.1766
42.18978 468.6465
39.36165 470.4855
38.2028 471.5143
37.99968 472.1657
38.42676 472.3107
39.14551 472.5728
39.92969 472.7795
40.54688 472.8263
41.49382 473.6564
41.56348 473.8831
49.02279 467.9365
65.76855 446.1116
73.28451 433.1292
109.3724 387.9277
123.499 373.3981
142.905 358.5962
149.1732 354.3253
152.0159 352.9002
155.5176 352.2134
156.1416 352.0627
157.6989 352.002
158.5176 352.134
159.1458 352.3675
158.9919 352.4386
160.2308 352.6165
161.7243 352.7339
162.8815 352.763
163.5459 352.7069
164.209 352.6289
165.0794 352.3322
165.6908 352.2708
166.9264 352.1737
167.1611 352.2262
167.7959 352.1719
168.3044 352.1676
168.833 352.1144
169.6455 352.2056
170.0355 352.2661
170.1393 352.3345
170.3962 352.3851
170.6478 352.4663
171.5928 352.4858
171.9974 352.4494
172.2347 352.4857
172.5716 352.4349
173.0143 352.3724
173.2669 352.3774
173.4447 352.3914
173.6523 352.3809
173.7813 352.4414
173.9993 352.451
174.1563 352.4469
174.5313 352.5215
174.7217 352.4816
180.4951 358.3402
191.3884 374.9955
202.8584 391.9695
216.7731 402.9025
224.0609 406.8296
227.7077 409.4139
229.6712 410.6323
230.6582 411.2199
232.0944 411.8196
232.8923 411.9142
234.0615 412.2127
234.4792 412.4896
235.377 412.5438
236.1172 412.6099
236.9993 412.5327
237.8229 412.6991
238.2845 412.8604
238.7331 413.1104
239.222 413.2687
239.5625 413.3511
239.8262 413.408
240.5596 413.4387
241.0332 413.468
241.6673 413.4232
241.7119 413.4535
242.0833 413.403
242.3372 413.4464
242.4694 413.4518
242.972 413.3942
243.1575 413.3322
242.8307 413.4484
243.126 413.3542
243.252 413.3083
243.6595 413.1091
244.0667 412.9905
247.4196 412.9565
273.5036 412.876
351.848 413.1976
374.7923 413.5192
434.5934 414.999
441.4648 415.1927
445.0589 415.2687
448.388 415.2848
449.6491 415.2866
450.1696 415.2505
450.485 415.1963
451.0075 415.1996
451.3952 415.2464
451.6725 415.2008
451.9284 415.263
452.9977 415.5547
453.9111 415.8493
454.3994 416.014
454.7122 416.0874
454.9369 416.1906
455.359 416.3338
455.4694 416.3071
455.4785 416.543
455.5199 416.8048
455.6432 416.936
455.5417 417.0913
455.4814 417.0879
455.6823 417.0511
455.6341 417.0246
455.9447 416.9774
456.1862 417.0311
456.1576 417.1277
456.1416 417.1112
456.3854 417.0192
456.3893 417.0542
456.445 417.0877
456.5697 417.1226
456.5729 417.2974
456.5898 417.3777
456.9658 417.6795
457.5091 417.87
458.0908 418.1392
459.6865 418.4255
461.4479 418.5439
465.2035 418.6914
468.6615 419.0005
474.7308 419.4766
482.1331 420.0968
493.5811 420.7104
516.7568 422.2603
553.3288 424.16
636.7835 428.3307
679.3688 430.8768
694.7484 432.4004
711.846 434.4154
725.3958 436.0023
731.1194 437.0143
740.751 438.4412
748.4229 439.6076
759.4144 441.2873
754.5833 442.0241
759.5423 443.1463
756.3981 444.1226
756.511 444.8735
757.4323 445.5208
757.7571 445.8091
757.2757 445.5681
769.2783 446.0726
765.0159 445.1274
766.1748 443.6532
770.5345 443.0856
774.8024 442.0471
784.1823 441.326
786.7917 439.8259
791.2556 438.9152
794.2825 438.015
797.5905 437.2666
798.569 436.8727
800.3317 437.2194
802.1429 437.2904
831.1071 439.6787
852.7816 441.828
941.4456 449.4995
1015.697 456.3739
1078.943 460.9639
1104.121 463.6286
1130.909 465.8721
1138.129 466.4831
1140.654 467.6903
1140.312 468.9063
1138.488 469.5417
1139.157 471.4142
1142.651 472.4831
1136.959 473.8439
1141.819 474.1125
1140.704 475.6084
1145.316 475.9802
1149.862 476.7801
1132.982 476.4102
1120.081 475.8249
1118.286 475.5744
1119.352 475.3957
1122.117 475.4798
1125.462 475.9315
1135.048 476.9635
1141.67 477.2489
1150.532 477.776
1155.395 477.7749
1159.125 477.8299
1165.293 478.035
1170.139 478.2702
1175.002 478.2205
1182.176 478.196
1187.866 477.6592
1190.279 477.2321
1193.3 476.7907
1212.348 474.2137
1237.619 466.5854
1278.256 453.5376
1335.129 440.8299
1416.16 425.2261
1448.247 421.3552
1480.796 418.3587
1496.492 417.8679
1504.111 417.6989
1518.673 418.7324
1533.749 419.5338
1559.013 422.2053
1560.807 423.3312
1555.381 426.374
1566.876 429.0158
1577.305 431.2689
1596.743 435.5143
1578.458 436.453
1579.763 439.0003
1596.637 441.2959
1604.538 443.1657
1614.473 444.9152
1621.91 446.526
1647.981 449.2485
1682.266 452.2891
1706.92 454.7062
1736.847 462.3228
1764.368 471.4626
1776.237 474.3345
1789.48 476.6209
1787.8 477.1206
1773.884 477.9886
1773.136 479.6442
1766.376 481.3363
1762.657 483.4357
1765.627 485.4267
1768.958 487.2898
1777.647 489.1524
1786.76 491.0893
1782.727 493.166
1774.137 494.4124
1769.572 495.3341
1767.071 495.9511
1767.585 495.9774
1769.761 495.5604
1775.494 493.0607
1787.659 495.3328
1799.885 500.5588
1812.595 509.0409
1832.26 514.6658
1836.775 515.6595
1839.979 518.3005
1843.018 519.3272
1847.464 518.7502
1850.543 518.3787
1853.067 517.4286
1854.81 517.4308
1855.263 517.1727
1855.071 516.3754
1855.549 516.0161
1856.95 515.8472
1858.387 515.6373
1859.864 515.1017
1859.116 517.6
1858.25 518.5628
1858.416 518.856
1858.812 519.2194
1856.437 521.1541
1864.156 521.3042
1862.457 522.747
1860.715 523.9941
1857.581 523.9888
1854.38 524.2427
1851.631 524.4568
1848.134 524.4442
1845.306 524.181
1842.247 523.4514
1839.864 522.5227
1837.736 522.6226
1834.414 522.4357
1830.977 521.9356
1827.926 521.3084
1826.065 520.5334
1824.272 520.0068
1821.024 519.5298
1819.52 519.7789
1818.238 520.0099
1815.11 520.3698
1812.519 520.5099
1810.854 520.4039
1808.377 520.3673
1808.855 520.1031
1805.778 519.9199
1803.489 519.6602
1800.335 519.277
1791.318 518.3406
1787.239 518.1642
1778.999 518.1744
1772.188 518.2205
1767.532 518.7521
1759.615 518.5538
1748.614 518.6661
1737.912 518.5752
1733.082 519.3544
1727.874 519.7352
1720.781 520.4335
1726.373 521.4311
1729.817 522.3004
1732.908 523.2321
1746.443 523.7103
1755.24 524.4982
1765.887 525.0513
1767.281 525.4069
1773.37 525.8888
1778.289 526.2977
1779.044 526.8233
1778.34 527.9484
1779.166 528.6212
1778.634 529.0202
1781.008 528.5527
1781.44 528.1133
1782.554 527.4769
1784.86 526.9926
1789.853 526.4943
1800.776 525.2925
1811.045 524.5344
1824.827 523.7855
1844.601 523.3351
1862.618 523.1757
1883.349 522.6555
1898.859 521.5782
1913.7 520.4976
1936.654 520.0649
1950.749 520.6328
1969.116 522.2567
1974.749 523.2005
1975.807 523.6418
1970.395 523.9356
1978.113 523.7162
1991.842 523.1777
2007.814 522.3562
2019.514 520.452
2026.966 518.5502
2027.871 515.7979
2038.432 513.6099
2040.955 513.0239
2024.5 513.4456
2022.09 513.5137
2024.068 512.8871
2014.144 512.9793
2010.55 512.587
2009.09 512.8161
2009.69 513.485
2011.763 513.3301
2011.413 514.7654
2011.373 515.1979
2008.714 515.2685
2007.795 514.9186
2006.398 514.8569
2005.763 514.3688
2005.189 514.6737
2005.299 515.0046
2007.349 514.2928
2008.352 513.8867
2009.499 513.4442
2010.975 513.8876
2012.791 514.755
2015.423 515.322
2017.729 514.8195
2020.016 514.8663
2023.635 515.2662
2025.896 515.6441
2028.68 516.2094
2030.427 516.587
2031.28 517.0027
2033.429 517.6337
2034.807 518.2485
2037.667 517.5872
2038.04 517.5882
2037.496 517.893
2037.171 517.6406
2035.62 517.017
2034.227 516.2311
2031.618 515.684
2028.678 515.2713
2026.701 515.3725
2021.235 515.8876
2015.289 516.1815
2008.001 516.7546
1989.031 517.9931
1955.444 513.9364
1945.389 513.0809
1930.23 511.8878
1927.771 511.5243
1923.526 510.8917
1917.95 510.0328
1912.608 509.4425
1909.999 509.5573
1906.585 510.1343
1911.912 510.5653
1913.299 510.9104
1905.16 510.6712
1902.214 510.5948
1902.145 510.3992
1904.056 510.5932
1903.85 510.8074
1911.229 511.8484
1912.257 512.576
1915.148 512.7247
1914.163 512.7416
1910.229 513.6857
1905.766 514.3071
1900.354 514.751
1897.27 515.0006
1893.486 515.2333
1890.417 515.2336
1886.137 516.3223
1880.903 517.0232
1875.547 517.5209
1872.57 517.5687
1871.523 517.572
1871.783 517.5536
1872.414 517.7056
1873.753 517.1807
1875.411 516.1516
1876.892 515.7717
1878.577 515.1064
1879.635 515.0096
1881.859 514.9377
1884.535 514.6196
1886.933 514.0681
1891.233 513.664
1891.922 513.2653
1892.531 513.2146
1892.18 513.1446
1893.094 513.0418
1896.043 512.382
1897.566 511.8634
1900.748 511.6202
1907.983 511.3065
1909.96 510.8203
1917.546 509.625
1922.52 508.7818
1929.169 508.313
1937.943 508.1311
1951.628 508.8903
1968.579 509.2321
1986.624 509.4825
1995.466 509.9185
1996.383 510.782
1991.661 512.6599
1988.294 514.1663
1984.512 515.2669
1972.753 517.2019
1958.962 517.5753
1946.111 517.6063
1936.857 517.1185
1927.695 515.9651
1920.513 515.1719
1914.472 514.7308
1909.869 514.3794
1904.961 514.0699
1901.476 513.7473
1901.159 513.5395
1902.121 513.9286
1902.432 514.7537
1902.727 515.3369
1905.847 516.0132
1913.217 516.7729
1918.466 517.592
1924.907 519.7257
1931.105 521.1887
1935.69 521.9171
1941.634 521.5571
1943.496 520.965
1943.826 519.9235
1943.864 519.4982
1943.67 519.2184
1943.432 518.9302
1943.347 518.7451
1945.146 520.8187
1946.768 520.4961
1948.077 520.2866
1949.11 518.4874
1948.698 517.8669
1948.148 518.0897
1947.521 518.7025
1947.008 518.9769
1947.324 519.0409
1947.582 519.235
1947.617 519.5466
1947.781 519.7346
1946.833 519.6588
1946.001 519.5362
1944.899 519.4547
1942.969 519.1614
1941.542 518.838
1940.701 518.3035
1940.147 517.938
1939.855 517.6385
1939.475 517.1069
1939.677 516.6094
1940.539 516.6978
1942.357 516.7612
1945.281 516.4465
1947.935 516.0485
1951.152 515.6237
1953.25 515.7457
1956.833 516.1821
1960.874 516.6632
1965.93 516.926
1970.035 517.1279
1975.581 517.7534
1986.034 518.7908
1993.366 519.627
2005.825 520.012
2012.628 519.5393
2020.109 519.7279
2030.117 520.1376
2035.649 520.088
2042.59 520.2748
2044.971 519.9611
2044.693 519.8566
2036.602 520.1508
2030.173 520.4379
2018.852 520.7211
2008.827 521.1107
1999.454 521.7787
1992.632 523.142
1984.326 523.4791
1979.003 524.0476
1970.258 523.8353
1967.005 524.6339
1962.414 526.6025
1958.483 527.5185
1956.323 528.2922
1956.38 527.5159
1956.466 528.2615
1955.238 530.7802
1954.741 533.0685
1954.933 535.1903
1955.287 537.8218
1956.325 539.1212
1957.067 539.5649
1956.972 540.0349
1956.568 540.5636
1955.789 541.9622
1953.725 543.4343
1951.812 544.2235
1949.511 544.1697
1947.545 543.6428
1941.267 541.0694
1937.472 535.7954
1930.711 534.6245
1915.174 534.8347
1897.377 535.5366
1883.091 535.7432
1873.275 535.4751
1866.053 534.7054
1860.226 533.7658
1855.067 532.1615
1847.911 530.8021
1839.893 528.0663
1833.803 527.6412
1830.422 527.5898
1827.093 527.0501
1822.708 524.8655
1818.329 522.9053
1855.788 522.7982
1853.65 524.3406
1851.802 524.7343
1848.672 524.5007
1846.203 524.6291
1843.694 524.5965
1840.582 524.3312
1838.142 523.7299
1834.963 522.5153
1832.768 522.1641
1830.132 522.0878
1825.911 521.8055
1823.158 521.493
1820.142 520.8975
1818.326 520.2533
1816.348 519.824
1813.582 519.6454
1812.298 519.9477
1810.303 519.7751
1807.535 520.2123
1805.373 520.22
1804.99 519.9294
1803.287 519.7783
1802.596 519.777
1799.346 519.7164
1796.601 519.5269
1793.268 519.1631
1785.924 518.425
1782.027 518.416
1774.581 518.6124
1770.069 519.0272
1764.188 519.0116
1755.238 518.549
1744.565 518.5665
1737.572 518.9834
1733.076 519.4072
1727.817 519.7495
1730.328 520.7692
1733.423 521.7146
1737.921 522.5303
1745.453 523.1951
1751.024 523.6776
1760.525 524.4142
1762.261 524.8657
1770.065 525.4369
1775.397 525.9026
1777.266 526.2708
1776.738 526.789
1776.668 527.8903
1777.594 528.6019
1779.32 528.743
1778.806 528.1993
1777.026 527.8868
1778.808 527.3505
1782.924 526.9072
1789.079 526.0338
1800.495 524.7427
1811.625 523.8514
1825.807 523.0889
1845.394 522.8309
1861.69 522.0408
1881.809 521.1506
1896.156 520.4855
1909.617 520.2145
1932.007 520.3503
1945.089 521.311
1955.573 522.9571
1950.515 523.6612
1951.636 524.0198
1960.023 523.86
1973.104 523.6016
1991.056 523.0286
2002.563 521.5298
2012.413 519.2957
2015.796 516.4874
2017.127 514.8264
2031.363 513.2736
2017.602 513.5637
2013.773 513.8546
2021.072 513.5197
2011.395 513.5452
2007.588 513.361
2006.287 513.221
2006.457 513.5447
2009.095 513.5833
2011.934 513.3318
2010.382 514.6484
2006.384 515.1373
2004.366 515.3447
2002.25 515.3518
2001.335 515.6636
2001.09 515.5831
2002.057 515.7101
2003.877 515.2724
2006.107 514.4255
2007.353 513.8661
2008.463 513.3875
2010.114 513.8725
2011.759 514.5792
2015.056 514.4926
2016.818 514.6601
2019.083 514.5322
2021.814 515.1965
2023.989 515.8137
2026.908 516.4482
2028.519 516.9334
2029.221 517.4529
2031.497 518.4702
2033.369 518.9825
2036.071 517.7813
2036.241 517.6694
2035.911 517.6377
2035.944 517.3525
2034.396 516.3824
2032.644 515.502
2029.498 514.7956
2026.504 515.16
2024.577 515.502
2019.291 515.8812
2013.4 516.0824
2006.343 516.8078
1987.925 518.1255
1955.059 514.057
1945.082 513.2034
1937.366 512.248
1932.412 511.552
1927.76 510.826
1920.689 510.0306
1915.506 509.3741
1910.335 509.5629
1915.207 510.3375
1910.391 510.4597
1903.371 510.6924
1900.437 510.7432
1898.88 510.6705
1898.72 510.56
1896.86 510.4967
1900.234 511.6536
1904.22 512.5544
1909.183 513.0508
1910.602 512.6929
1909.785 512.7163
1905.549 513.8656
1901.932 514.4386
1897.003 514.8157
1892.89 515.1505
1890.01 515.3429
1886.125 516.252
1882.715 516.8925
1877.36 517.2419
1874.171 517.3033
1872.805 517.3118
1872.063 517.2328
1872.303 517.3855
1873.257 516.918
1874.309 516.147
1875.621 515.7833
1877.443 514.9205
1879.136 514.7978
1880.948 514.5111
1883.831 514.5624
1886.45 514.2151
1890.872 513.877
1891.744 513.6048
1892.379 513.3233
1892.389 513.3373
1891.817 513.3522
1892.819 513.0384
1895.121 512.3179
1896.192 511.9013
1899.301 511.651
1903.531 511.2828
1906.83 510.7283
1914.714 509.4203
1920.011 508.6255
1928.161 508.1107
1941.989 508.263
1958.056 508.8755
1975.85 509.1046
1988.227 509.6211
1991.033 510.5106
1988.585 512.5326
1986.703 514.3758
1984.37 515.9068
1974.963 517.8911
1964.042 518.5604
1951.892 518.5056
1942.765 518.0466
1934.39 517.2186
1924.984 515.754
1919.236 514.8912
1913.216 514.4531
1907.55 514.0347
1904.632 513.8758
1903.085 513.5338
1903.189 513.5383
1903.165 514.0178
1903.379 514.827
1905.707 515.6317
1912.58 516.7548
1917.362 517.3988
1924.426 518.8664
1930.587 520.8411
1936.142 521.9536
1941.783 522.0594
1943.927 521.1509
1943.455 520.9656
1944.196 519.903
1944.079 519.5339
1943.811 519.1964
1943.421 518.9303
1943.448 518.687
1945.46 520.0977
1946.043 519.9264
1947.232 518.2565
1947.631 517.7931
1947.626 517.8719
1947.609 518.7511
1947.656 519.0525
1948.395 519.2291
1948.495 519.1982
1948.884 519.359
1949.245 519.6607
1948.517 519.7241
1947.18 519.5718
1946.151 519.4664
1944.402 519.3344
1942.271 519.0193
1941.129 518.7682
1940.354 518.2336
1939.802 517.863
1939.543 517.2651
1939.396 516.6561
1939.611 516.5626
1940.651 516.5973
1943.35 516.4494
1945.243 516.1277
1947.967 515.6989
1950.078 515.7129
1952.243 515.8954
1956.423 516.4553
1960.013 516.8044
1964.938 517.0148
1968.317 517.1525
1973.168 517.8077
1983.141 518.975
1989.937 519.3831
2001.348 519.0952
2007.53 519.3517
2013.653 519.5677
2022.021 519.9032
2027.977 520.0632
2032.888 519.7589
2033.715 519.5509
2029.527 519.6415
2025.475 520.1135
2017.38 520.3932
2008.52 520.669
2000.848 521.0366
1994.762 521.7329
1985.54 522.8309
1981.499 523.127
1971.642 523.0031
1968.164 523.6526
1964.08 524.5277
1959.146 526.1166
1956.764 526.7079
1955.563 526.1806
1955.098 526.9377
1955.18 528.1644
1954.45 530.9207
1953.884 532.7863
1954.091 534.4818
1954.22 536.4095
1954.304 537.2617
1953.99 537.9736
1952.844 538.7868
1951.539 540.4478
1950.546 542.4882
1949.036 543.28
1947.347 543.9122
1945.435 543.4365
1944.954 541.6014
1936.799 536.1288
1928.73 534.9308
1912.724 535.3395
1894.839 535.8311
1880.109 536.0304
1869.917 536.0208
1864.108 535.7819
1859.387 535.0043
1855.171 533.8409
1848.313 532.5588
1841.897 530.9977
1834.014 529.6083
1830.064 529.9384
1827.101 529.3814
1823.143 528.0518
1818.697 525.8475
1815.22 524.0269
