1920 480
721.0618 458.6517
721.2197 458.9181
721.0544 458.8783
721.0605 458.8618
721.1165 458.8571
721.1273 458.8423
721.2067 458.8276
721.1579 458.8117
721.1644 458.7985
721.2839 458.7666
721.1976 458.8442
721.2158 458.8449
721.2165 458.8163
721.1777 458.8118
721.2233 458.8268
721.1618 458.8434
721.1442 458.8555
721.2181 458.8107
721.3187 458.7967
721.3581 458.7855
721.1839 458.8039
721.2168 458.8075
721.2129 458.7907
721.3066 458.7957
721.2516 458.7983
721.2956 458.7874
721.3262 458.7845
721.2734 458.806
721.2575 458.8123
721.2536 458.8149
721.2627 458.8203
721.2676 458.828
721.2617 458.839
721.2419 458.8462
721.2366 458.8701
721.2523 458.8717
721.2278 458.877
721.221 458.88
721.2288 458.8812
721.2399 458.8831
721.2168 458.8818
721.2233 458.8727
721.2405 458.8722
721.2435 458.8703
721.2451 458.8656
721.2458 458.8623
721.2285 458.8582
721.2311 458.8507
721.2288 458.8496
721.2275 458.8521
721.2178 458.8579
721.2142 458.8555
721.2259 458.8516
721.2142 458.8507
721.2061 458.8483
721.2266 458.8542
721.2318 458.8646
721.2432 458.8729
721.2513 458.8726
721.2627 458.8784
721.2507 458.8817
721.2562 458.8898
721.2653 458.8866
721.2712 458.8939
721.2585 458.9058
721.2441 458.9146
721.2347 458.9214
721.2295 458.924
721.2419 458.9258
721.2471 458.9357
721.2396 458.9359
721.2318 458.931
721.2523 458.9352
721.2549 458.9328
721.2422 458.9272
721.2454 458.9312
721.2686 458.933
721.252 458.9248
721.2666 458.9214
721.2666 458.9261
721.25 458.9284
721.2363 458.9229
721.2454 458.9243
721.2295 458.9302
721.2363 458.9269
721.2376 458.9269
721.2412 458.93
721.236 458.939
721.2471 458.9386
721.2585 458.9406
721.2595 458.9427
721.2526 458.9395
721.2559 458.9408
721.2673 458.9447
721.2698 458.9391
721.2845 458.9295
721.2913 458.9193
721.2956 458.9138
721.279 458.9144
721.2829 458.9146
721.3157 458.9124
721.3525 458.9116
721.376 458.9044
721.3835 458.8997
721.3747 458.9032
721.3597 458.9088
721.3704 458.9033
721.3753 458.904
721.3789 458.902
721.3721 458.9142
721.3499 458.9263
721.345 458.9178
721.333 458.9316
721.3425 458.9424
721.3499 458.9398
721.3643 458.9354
721.3708 458.9429
721.3763 458.9408
721.3991 458.9409
721.3874 458.9456
721.3867 458.944
721.3757 458.9373
721.3923 458.9328
721.374 458.9372
721.3698 458.9461
721.377 458.9355
721.3821 458.932
721.3636 458.9375
721.3636 458.9258
721.3675 458.9261
721.3721 458.9224
721.3845 458.9076
721.3779 458.8981
721.3682 458.8965
721.3594 458.8919
721.3821 458.8807
721.4026 458.876
721.4173 458.8765
721.4307 458.8701
721.429 458.8841
721.417 458.8809
721.3828 458.8874
721.3779 458.8895
721.3607 458.8954
721.3633 458.8958
721.3486 458.9002
721.3467 458.8934
721.3457 458.8885
721.3467 458.8877
721.3376 458.8923
721.3284 458.8892
721.3265 458.8835
721.3235 458.8875
721.3181 458.8892
721.3027 458.8851
721.2956 458.8923
721.278 458.8517
721.2422 458.7687
721.2532 458.7813
721.1423 458.731
721.0664 458.6549
721.0163 458.6345
721.0684 458.5587
721.14 458.5293
720.9925 458.5607
720.8398 458.5487
720.8691 458.5228
720.9304 458.5329
720.8818 458.5542
720.8685 458.5535
720.9313 458.5532
720.9004 458.508
720.8782 458.4831
720.8981 458.4858
720.8398 458.5032
720.7803 458.4665
720.8662 458.4731
720.9395 458.4883
720.9678 458.5506
721.0137 458.644
721.0843 458.6593
721.1931 458.6429
721.2614 458.6644
721.2458 458.6842
721.265 458.6748
721.2855 458.6946
721.2849 458.7176
721.2451 458.6899
721.2318 458.6671
721.1204 458.6484
720.9805 458.6307
721.0905 458.5957
721.1006 458.569
721.0615 458.5562
721.0049 458.557
721.0163 458.5378
721.0866 458.527
721.1423 458.5322
721.127 458.5444
721.0944 458.5609
721.0898 458.59
721.0713 458.5887
721.0781 458.5931
721.1868 458.6732
721.3132 458.7516
721.3125 458.8101
721.261 458.8304
721.2139 458.8087
721.1348 458.7995
721.1006 458.8628
721.027 458.9977
720.8538 459.2056
720.792 459.2394
720.7161 459.2334
720.6302 459.1652
720.5579 459.1139
720.5 459.1239
720.4313 459.1966
720.3395 459.2831
720.1804 459.4219
719.9714 459.5967
719.7874 459.8532
719.7715 460.2913
719.8571 460.5677
719.9128 460.7679
719.9144 461.0153
719.8942 461.2957
719.8118 461.5205
719.0856 462.8123
719.1595 462.7894
719.6273 462.3851
719.6657 462.3218
719.6247 462.3647
719.6292 462.3955
719.6413 462.3924
719.6136 462.383
719.5427 462.3939
719.4385 462.4458
719.3626 462.5163
719.2861 462.6162
718.6898 463.2067
717.5228 464.278
716.2468 465.5321
714.5938 467.6279
1920 470.383
1920 473.1139
1920 474.1955
1920 475.7578
1920 477.3066
1920 478.9354
1920 480.6401
1920 482.4868
1920 484.4474
1918.401 486.4528
1916.967 488.3212
1915.762 490.1064
1914.821 492.348
1914.354 493.8239
1914.025 494.8079
1913.716 495.152
1913.38 495.0287
1912.892 494.7432
1912.315 494.3698
1911.454 493.7684
1910.33 492.7581
1908.95 491.485
1907.37 490.0738
1905.482 488.5563
1903.863 487.2482
1902.468 486.0588
1901.512 485.175
1900.991 484.6199
1900.54 484.1038
1900.223 483.6642
1900.062 483.3043
1900.153 483.1673
1900.385 483.3076
1900.576 483.6531
1900.709 484.1928
1900.765 484.8792
1900.577 485.6207
1900.14 486.5793
1899.47 487.6363
1898.643 488.7377
1897.573 489.7863
1896.234 490.7026
1894.667 491.4796
1892.96 492.2998
1891.358 493.2313
1890.183 494.3244
1889.244 495.7566
1888.659 497.2062
1888.372 498.3682
1888.342 499.7377
1888.59 501.1578
1889.026 502.763
1889.586 504.4245
1890.278 505.9271
1891.207 507.3051
1920 480
721.0618 458.6517
721.2197 458.9181
721.0544 458.8783
721.0605 458.8618
721.1165 458.8571
721.1273 458.8423
721.2067 458.8276
721.1579 458.8117
721.1644 458.7985
721.2839 458.7666
721.1976 458.8442
721.2158 458.8449
721.2165 458.8163
721.1777 458.8118
721.2233 458.8268
721.1618 458.8434
721.1442 458.8555
721.2181 458.8107
721.3187 458.7967
721.3581 458.7855
721.1839 458.8039
721.2168 458.8075
721.2129 458.7907
721.3066 458.7957
721.2516 458.7983
721.2956 458.7874
721.3262 458.7845
721.2734 458.806
721.2575 458.8123
721.2536 458.8149
721.2627 458.8203
721.2676 458.828
721.2617 458.839
721.2419 458.8462
721.2366 458.8701
721.2523 458.8717
721.2278 458.877
721.221 458.88
721.2288 458.8812
721.2399 458.8831
721.2168 458.8818
721.2233 458.8727
721.2405 458.8722
721.2435 458.8703
721.2451 458.8656
721.2458 458.8623
721.2285 458.8582
721.2311 458.8507
721.2288 458.8496
721.2275 458.8521
721.2178 458.8579
721.2142 458.8555
721.2259 458.8516
721.2142 458.8507
721.2061 458.8483
721.2266 458.8542
721.2318 458.8646
721.2432 458.8729
721.2513 458.8726
721.2627 458.8784
721.2507 458.8817
721.2562 458.8898
721.2653 458.8866
721.2712 458.8939
721.2585 458.9058
721.2441 458.9146
721.2347 458.9214
721.2295 458.924
721.2419 458.9258
721.2471 458.9357
721.2396 458.9359
721.2318 458.931
721.2523 458.9352
721.2549 458.9328
721.2422 458.9272
721.2454 458.9312
721.2686 458.933
721.252 458.9248
721.2666 458.9214
721.2666 458.9261
721.25 458.9284
721.2363 458.9229
721.2454 458.9243
721.2295 458.9302
721.2363 458.9269
721.2376 458.9269
721.2412 458.93
721.236 458.939
721.2471 458.9386
721.2585 458.9406
721.2595 458.9427
721.2526 458.9395
721.2559 458.9408
721.2673 458.9447
721.2698 458.9391
721.2845 458.9295
721.2913 458.9193
721.2956 458.9138
721.279 458.9144
721.2829 458.9146
721.3157 458.9124
721.3525 458.9116
721.376 458.9044
721.3835 458.8997
721.3747 458.9032
721.3597 458.9088
721.3704 458.9033
721.3753 458.904
721.3789 458.902
721.3721 458.9142
721.3499 458.9263
721.345 458.9178
721.333 458.9316
721.3425 458.9424
721.3499 458.9398
721.3643 458.9354
721.3708 458.9429
721.3763 458.9408
721.3991 458.9409
721.3874 458.9456
721.3867 458.944
721.3757 458.9373
721.3923 458.9328
721.374 458.9372
721.3698 458.9461
721.377 458.9355
721.3821 458.932
721.3636 458.9375
721.3636 458.9258
721.3675 458.9261
721.3721 458.9224
721.3845 458.9076
721.3779 458.8981
721.3682 458.8965
721.3594 458.8919
721.3821 458.8807
721.4026 458.876
721.4173 458.8765
721.4307 458.8701
721.429 458.8841
721.417 458.8809
721.3828 458.8874
721.3779 458.8895
721.3607 458.8954
721.3633 458.8958
721.3486 458.9002
721.3467 458.8934
721.3457 458.8885
721.3467 458.8877
721.3376 458.8923
721.3284 458.8892
721.3265 458.8835
721.3235 458.8875
721.3181 458.8892
721.3027 458.8851
721.2956 458.8923
721.278 458.8517
721.2422 458.7687
721.2532 458.7813
721.1423 458.731
721.0664 458.6549
721.0163 458.6345
721.0684 458.5587
721.14 458.5293
720.9925 458.5607
720.8398 458.5487
720.8691 458.5228
720.9304 458.5329
720.8818 458.5542
720.8685 458.5535
720.9313 458.5532
720.9004 458.508
720.8782 458.4831
720.8981 458.4858
720.8398 458.5032
720.7803 458.4665
720.8662 458.4731
720.9395 458.4883
720.9678 458.5506
721.0137 458.644
721.0843 458.6593
721.1931 458.6429
721.2614 458.6644
721.2458 458.6842
721.265 458.6748
721.2855 458.6946
721.2849 458.7176
721.2451 458.6899
721.2318 458.6671
721.1204 458.6484
720.9805 458.6307
721.0905 458.5957
721.1006 458.569
721.0615 458.5562
721.0049 458.557
721.0163 458.5378
721.0866 458.527
721.1423 458.5322
721.127 458.5444
721.0944 458.5609
721.0898 458.59
721.0713 458.5887
721.0781 458.5931
721.1868 458.6732
721.3132 458.7516
721.3125 458.8101
721.261 458.8304
721.2139 458.8087
721.1348 458.7995
721.1006 458.8628
721.027 458.9977
720.8538 459.2056
720.792 459.2394
720.7161 459.2334
720.6302 459.1652
720.5579 459.1139
720.5 459.1239
720.4313 459.1966
720.3395 459.2831
720.1804 459.4219
719.9714 459.5967
719.7874 459.8532
719.7715 460.2913
719.8571 460.5677
719.9128 460.7679
719.9144 461.0153
719.8942 461.2957
719.8118 461.5205
719.0856 462.8123
719.1595 462.7894
719.6273 462.3851
719.6657 462.3218
719.6247 462.3647
719.6292 462.3955
719.6413 462.3924
719.6136 462.383
719.5427 462.3939
719.4385 462.4458
719.3626 462.5163
719.2861 462.6162
718.6898 463.2067
717.5228 464.278
716.2468 465.5321
714.5938 467.6279
1920 470.383
1920 473.1139
1920 474.1955
1920 475.7578
1920 477.3066
1920 478.9354
1920 480.6401
1920 482.4868
1920 484.4474
1918.401 486.4528
1916.967 488.3212
1915.762 490.1064
1914.821 492.348
1914.354 493.8239
1914.025 494.8079
1913.716 495.152
1913.38 495.0287
1912.892 494.7432
1912.315 494.3698
1911.454 493.7684
1910.33 492.7581
1908.95 491.485
1907.37 490.0738
1905.482 488.5563
1903.863 487.2482
1902.468 486.0588
1901.512 485.175
1900.991 484.6199
1900.54 484.1038
1900.223 483.6642
1900.062 483.3043
1900.153 483.1673
1900.385 483.3076
1900.576 483.6531
1900.709 484.1928
1900.765 484.8792
1900.577 485.6207
1900.14 486.5793
1899.47 487.6363
1898.643 488.7377
1897.573 489.7863
1896.234 490.7026
1894.667 491.4796
1892.96 492.2998
1891.358 493.2313
1890.183 494.3244
1889.244 495.7566
1888.659 497.2062
1888.372 498.3682
1888.342 499.7377
1888.59 501.1578
1889.026 502.763
1889.586 504.4245
1890.278 505.9271
1891.207 507.3051
1892.579 508.955
1894.112 510.7199
1895.789 512.7258
1897.537 514.899
1899.084 516.7719
1900.547 518.3974
1902.062 519.9269
1903.6 521.4812
1905.096 523.1257
1906.475 524.9091
1907.606 526.5733
1908.626 528.0938
1909.417 529.397
1909.99 530.5788
1910.44 531.7397
1910.734 532.8773
1911.063 534.1476
1911.564 535.626
1912.209 537.361
1913.074 539.4698
1914.109 541.8032
1915.164 544.2162
1916.057 546.6473
1916.92 549.2458
1917.995 552.1321
1919.166 555.3117
1920.044 558.5866
1920.596 562.1746
1920.835 565.6815
1920.961 568.8286
1920.927 571.7675
1920.68 574.4617
1920.22 576.887
1919.347 579.1357
1918.035 581.0287
1916.296 582.4212
1914.064 583.5199
1911.766 584.2611
1909.586 584.8042
1907.139 585.1849
1904.299 585.4899
1901.207 585.6124
1897.738 585.6147
1894.374 585.4662
1891.057 585.2722
1887.442 584.8958
1883.858 584.3849
1880.067 583.6855
1875.877 582.7629
1871.668 581.6001
1867.572 580.2318
1863.235 578.5594
1858.924 576.8147
1854.576 575.1185
1849.89 573.2911
1845.439 571.4758
1841.21 569.718
1836.627 567.8104
1832.512 565.9601
1828.43 563.8015
1824.438 561.3488
1820.92 559.0645
1817.911 557.0327
1814.99 555.1659
1812.192 553.5353
1809.371 552.0538
1806.236 550.5352
1803.886 549.2855
1802.137 548.0951
1800.527 546.813
1799.018 545.5452
1797.575 544.4065
1796.248 543.5906
1794.935 543.2107
1793.531 543.2627
1792.694 543.6974
1792.92 544.3907
1793.68 545.2922
1794.357 546.5393
1795.212 548.0415
1796.616 549.7254
1798.646 551.7258
1800.901 553.9391
1803.04 556.16
1805.466 558.5775
1808.326 560.9705
1811.387 563.4404
1814.353 565.998
1817.412 568.7057
1820.619 571.4836
1823.813 574.1954
1826.306 576.3562
1828.952 578.9664
1830.886 581.7137
1831.728 584.6379
1831.481 587.7906
1830.531 591.0659
1829.172 594.5533
1827.216 597.9654
1824.423 601.2772
1821.247 604.4802
1817.782 608.3198
1814.398 612.0024
1810.681 615.7996
1806.928 619.6448
1802.982 623.59
1798.467 627.6866
1793.352 631.8583
1787.895 635.8308
1782.169 639.649
1776.38 643.2476
1770.56 646.6595
1764.56 649.9612
1758.462 653.0085
1752.05 655.8043
1745.091 658.4741
1738.188 660.803
1731.4 662.8394
1724.621 664.4698
1718.32 665.5859
1712.892 666.0693
1707.491 666.2224
1702.793 665.989
1698.971 665.5189
1695.661 664.6115
1692.833 663.3776
1690.237 661.7291
1687.808 659.8987
1685.594 657.8538
1683.603 655.7506
1681.79 653.387
1680.54 651.148
1679.805 649.045
1679.295 646.728
1679.131 644.3734
1679.274 641.9526
1679.741 639.4788
1680.316 637.0417
1680.885 634.8208
1681.409 632.626
1681.69 630.5642
1681.751 628.5281
1681.743 626.6507
1681.735 624.8815
1681.767 623.5299
1682.029 622.2988
1682.424 621.3416
1682.904 620.5504
1683.434 619.9033
1683.945 619.4274
1684.431 619.1775
1685.035 619.0253
1685.588 619.0571
1686.195 619.1777
1686.821 619.3738
1687.471 619.514
1688.099 619.5705
1688.921 619.5096
1689.967 619.3988
1691.345 619.1523
1693.132 618.6299
1695.266 617.824
1697.592 616.8151
1700.391 615.3595
1703.605 613.5083
1707.178 611.3178
1711.295 608.7151
1715.263 606.0388
1719.202 603.1349
1723.546 599.5831
1727.767 595.7717
1732.126 591.5214
1736.65 586.7989
1740.894 582.0677
1744.774 577.3287
1748.457 572.3449
1752.07 567.1224
1755.613 561.9884
1759.363 556.5735
1762.498 551.5635
1764.916 547.0226
1766.97 542.5582
1768.599 538.4429
1769.912 534.6867
1770.901 531.0568
1771.481 528.118
1771.858 525.4427
1772.2 522.9182
1772.508 520.8212
1772.9 519.0623
1773.406 517.6312
1774.081 516.4532
1774.8 515.5845
1775.668 514.8169
1776.606 514.3483
1777.652 513.9982
1778.829 513.7994
1779.914 513.7032
1780.947 513.8269
1782.062 514.0342
1783.191 514.2755
1784.344 514.492
1785.649 514.6935
1787.146 514.8621
1788.766 515.0622
1790.517 515.2568
1792.321 515.4227
1794.091 515.5289
1795.992 515.6675
1797.715 515.781
1799.255 515.9079
1800.687 515.955
1801.92 515.9209
1802.681 515.8467
1803.655 515.6572
1804.705 515.2494
1805.779 514.5818
1806.843 513.6014
1807.891 512.4371
1808.95 511.1282
1809.98 509.7783
1810.852 508.4401
1811.536 507.185
1812.061 505.8512
1812.292 504.9087
1812.392 504.0606
1812.274 503.3584
1811.945 502.7769
1811.549 502.4269
1811.238 502.1981
1810.999 502.1516
1810.816 502.1771
1810.608 502.3085
1810.387 502.4982
1810.186 502.7415
1810.009 503.0081
1809.896 503.3445
1809.804 503.6699
1809.777 503.9658
1809.842 504.2196
1809.965 504.472
1810.116 504.7286
1810.25 505.0001
1810.29 505.2355
1810.275 505.4684
1810.161 505.6446
1809.993 505.7964
1809.741 505.9081
1809.461 505.9788
1809.176 506.0277
1808.806 506.0095
1808.354 505.929
1807.79 505.8454
1807.042 505.7287
1806.334 505.6174
1805.602 505.489
1804.845 505.3497
1804.143 505.1864
1803.553 505.0449
1803.026 504.8856
1802.562 504.7272
1802.316 504.6142
1802.029 504.4182
1801.858 504.2442
1801.731 504.1264
1801.672 504.0371
1801.68 503.9775
1801.73 503.9547
1801.774 503.9493
1801.859 503.9997
1801.967 504.0895
1802.096 504.3036
1802.105 504.3335
1802.134 504.4166
1802.163 504.5209
1802.174 504.6291
1802.203 504.7525
1802.197 504.8391
1802.183 504.9159
1802.158 504.9759
1802.159 505.0245
1802.176 505.0458
1802.205 505.0775
1802.199 505.1364
1802.026 505.4908
1801.583 506.3108
1800.555 507.89
1799.766 508.9759
1798.812 510.2732
1796.408 513.2802
1795.569 514.2701
1794.023 516.0594
1792.345 518.0126
1790.46 520.2529
1788.374 522.6646
1786.082 525.173
1783.732 527.6171
1781.273 530.0819
1778.733 532.6838
1775.652 536.1835
1892.579 508.955
1894.112 510.7199
1895.789 512.7258
1897.537 514.899
1899.084 516.7719
1900.547 518.3974
1902.062 519.9269
1903.6 521.4812
1905.096 523.1257
1906.475 524.9091
1907.606 526.5733
1908.626 528.0938
1909.417 529.397
1909.99 530.5788
1910.44 531.7397
1910.734 532.8773
1911.063 534.1476
1911.564 535.626
1912.209 537.361
1913.074 539.4698
1914.109 541.8032
1915.164 544.2162
1916.057 546.6473
1916.92 549.2458
1917.995 552.1321
1919.166 555.3117
1920.044 558.5866
1920.596 562.1746
1920.835 565.6815
1920.961 568.8286
1920.927 571.7675
1920.68 574.4617
1920.22 576.887
1919.347 579.1357
1918.035 581.0287
1916.296 582.4212
1914.064 583.5199
1911.766 584.2611
1909.586 584.8042
1907.139 585.1849
1904.299 585.4899
1901.207 585.6124
1897.738 585.6147
1894.374 585.4662
1891.057 585.2722
1887.442 584.8958
1883.858 584.3849
1880.067 583.6855
1875.877 582.7629
1871.668 581.6001
1867.572 580.2318
1863.235 578.5594
1858.924 576.8147
1854.576 575.1185
1849.89 573.2911
1845.439 571.4758
1841.21 569.718
1836.627 567.8104
1832.512 565.9601
1828.43 563.8015
1824.438 561.3488
1820.92 559.0645
1817.911 557.0327
1814.99 555.1659
1812.192 553.5353
1809.371 552.0538
1806.236 550.5352
1803.886 549.2855
1802.137 548.0951
1800.527 546.813
1799.018 545.5452
1797.575 544.4065
1796.248 543.5906
1794.935 543.2107
1793.531 543.2627
1792.694 543.6974
1792.92 544.3907
1793.68 545.2922
1794.357 546.5393
1795.212 548.0415
1796.616 549.7254
1798.646 551.7258
1800.901 553.9391
1803.04 556.16
1805.466 558.5775
1808.326 560.9705
1811.387 563.4404
1814.353 565.998
1817.412 568.7057
1820.619 571.4836
1823.813 574.1954
1826.306 576.3562
1828.952 578.9664
1830.886 581.7137
1831.728 584.6379
1831.481 587.7906
1830.531 591.0659
1829.172 594.5533
1827.216 597.9654
1824.423 601.2772
1821.247 604.4802
1817.782 608.3198
1814.398 612.0024
1810.681 615.7996
1806.928 619.6448
1802.982 623.59
1798.467 627.6866
1793.352 631.8583
1787.895 635.8308
1782.169 639.649
1776.38 643.2476
1770.56 646.6595
1764.56 649.9612
1758.462 653.0085
1752.05 655.8043
1745.091 658.4741
1738.188 660.803
1731.4 662.8394
1724.621 664.4698
1718.32 665.5859
1712.892 666.0693
1707.491 666.2224
1702.793 665.989
1698.971 665.5189
1695.661 664.6115
1692.833 663.3776
1690.237 661.7291
1687.808 659.8987
1685.594 657.8538
1683.603 655.7506
1681.79 653.387
1680.54 651.148
1679.805 649.045
1679.295 646.728
1679.131 644.3734
1679.274 641.9526
1679.741 639.4788
1680.316 637.0417
1680.885 634.8208
1681.409 632.626
1681.69 630.5642
1681.751 628.5281
1681.743 626.6507
1681.735 624.8815
1681.767 623.5299
1682.029 622.2988
1682.424 621.3416
1682.904 620.5504
1683.434 619.9033
1683.945 619.4274
1684.431 619.1775
1685.035 619.0253
1685.588 619.0571
1686.195 619.1777
1686.821 619.3738
1687.471 619.514
1688.099 619.5705
1688.921 619.5096
1689.967 619.3988
1691.345 619.1523
1693.132 618.6299
1695.266 617.824
1697.592 616.8151
1700.391 615.3595
1703.605 613.5083
1707.178 611.3178
1711.295 608.7151
1715.263 606.0388
1719.202 603.1349
1723.546 599.5831
1727.767 595.7717
1732.126 591.5214
1736.65 586.7989
1740.894 582.0677
1744.774 577.3287
1748.457 572.3449
1752.07 567.1224
1755.613 561.9884
1759.363 556.5735
1762.498 551.5635
1764.916 547.0226
1766.97 542.5582
1768.599 538.4429
1769.912 534.6867
1770.901 531.0568
1771.481 528.118
1771.858 525.4427
1772.2 522.9182
1772.508 520.8212
1772.9 519.0623
1773.406 517.6312
1774.081 516.4532
1774.8 515.5845
1775.668 514.8169
1776.606 514.3483
1777.652 513.9982
1778.829 513.7994
1779.914 513.7032
1780.947 513.8269
1782.062 514.0342
1783.191 514.2755
1784.344 514.492
1785.649 514.6935
1787.146 514.8621
1788.766 515.0622
1790.517 515.2568
1792.321 515.4227
1794.091 515.5289
1795.992 515.6675
1797.715 515.781
1799.255 515.9079
1800.687 515.955
1801.92 515.9209
1802.681 515.8467
1803.655 515.6572
1804.705 515.2494
1805.779 514.5818
1806.843 513.6014
1807.891 512.4371
1808.95 511.1282
1809.98 509.7783
1810.852 508.4401
1811.536 507.185
1812.061 505.8512
1812.292 504.9087
1812.392 504.0606
1812.274 503.3584
1811.945 502.7769
1811.549 502.4269
1811.238 502.1981
1810.999 502.1516
1810.816 502.1771
1810.608 502.3085
1810.387 502.4982
1810.186 502.7415
1810.009 503.0081
1809.896 503.3445
1809.804 503.6699
1809.777 503.9658
1809.842 504.2196
1809.965 504.472
1810.116 504.7286
1810.25 505.0001
1810.29 505.2355
1810.275 505.4684
1810.161 505.6446
1809.993 505.7964
1809.741 505.9081
1809.461 505.9788
1809.176 506.0277
1808.806 506.0095
1808.354 505.929
1807.79 505.8454
1807.042 505.7287
1806.334 505.6174
1805.602 505.489
1804.845 505.3497
1804.143 505.1864
1803.553 505.0449
1803.026 504.8856
1802.562 504.7272
1802.316 504.6142
1802.029 504.4182
1801.858 504.2442
1801.731 504.1264
1801.672 504.0371
1801.68 503.9775
1801.73 503.9547
1801.774 503.9493
1801.859 503.9997
1801.967 504.0895
1802.096 504.3036
1802.105 504.3335
1802.134 504.4166
1802.163 504.5209
1802.174 504.6291
1802.203 504.7525
1802.197 504.8391
1802.183 504.9159
1802.158 504.9759
1802.159 505.0245
1802.176 505.0458
1802.205 505.0775
1802.199 505.1364
1802.026 505.4908
1801.583 506.3108
1800.555 507.89
1799.766 508.9759
1798.812 510.2732
1796.408 513.2802
1795.569 514.2701
1794.023 516.0594
1792.345 518.0126
1790.46 520.2529
1788.374 522.6646
1786.082 525.173
1783.732 527.6171
1781.273 530.0819
1778.733 532.6838
1775.652 536.1835
1772.881 540.1312
1771.148 543.188
1769.844 545.9504
1768.672 548.8929
1767.801 551.5704
1767.185 554.1405
1766.792 556.4672
1766.545 558.907
1766.463 561.421
1766.425 563.6958
1766.424 565.936
1766.46 567.7812
1766.581 569.8542
1766.802 571.4964
1767.238 572.796
1767.872 573.8171
1768.778 574.5027
1769.88 574.665
1771.181 574.2397
1772.639 573.3038
1774.248 571.9326
1776.038 570.2394
1777.791 568.3679
1779.557 566.4334
1781.567 564.2691
1783.309 562.3788
1784.447 560.9533
1785.812 559.0934
1787.104 557.2009
1788.309 555.2375
1789.412 553.091
1790.562 550.7938
1791.646 548.5866
1792.707 546.3395
1793.85 543.6618
1795.057 540.721
1796.372 536.9424
1797.403 533.3491
1798.188 529.9489
1798.896 526.0923
1799.439 522.1873
1799.79 518.3342
1799.888 514.1432
1799.713 510.3605
1799.401 507.1125
1799.027 503.9427
1798.653 501.0629
1798.364 498.4458
1798.138 495.9244
1797.995 494.0039
1797.878 492.5406
1797.852 491.2914
1797.932 490.3425
1798.162 489.5208
1798.611 488.8979
1799.304 488.3599
1800.12 488.0308
1801.074 487.8276
1802.169 487.7427
1803.373 487.616
1804.693 487.4626
1805.913 487.2427
1807.176 487.0531
1808.355 486.8375
1809.541 486.662
1810.638 486.4879
1811.623 486.3515
1812.499 486.1866
1813.329 485.9738
1814.134 485.7126
1814.806 485.4889
1815.395 485.2599
1815.921 485.0297
1816.354 484.7682
1816.76 484.5037
1817.196 484.1955
1817.661 483.8608
1818.172 483.534
1818.729 483.2769
1819.231 483.0749
1819.795 482.8847
1820.25 482.7361
1820.709 482.5981
1821.134 482.4922
1821.56 482.456
1821.937 482.4742
1822.271 482.5189
1822.6 482.5654
1822.894 482.5948
1823.14 482.6049
1823.36 482.6351
1823.525 482.6712
1823.642 482.6858
1823.739 482.6552
1823.847 482.5754
1823.926 482.4832
1823.995 482.3552
1823.981 482.2177
1823.888 482.0057
1823.745 481.7421
1823.629 481.4919
1823.52 481.2869
1823.386 481.1119
1823.226 480.9821
1823.036 480.8572
1822.799 480.7056
1822.535 480.5538
1822.275 480.4296
1822.007 480.3382
1821.718 480.304
1821.413 480.3323
1821.071 480.4266
1820.864 480.5284
1820.766 480.6305
1820.479 480.8173
1819.792 481.1575
1818.532 481.6557
1816.556 482.2781
1814.077 482.915
1811.228 483.6164
1807.667 484.5303
1803.827 485.5999
1799.799 486.8072
1795.449 488.2508
1791.261 489.8022
1787.633 491.356
1783.957 493.1761
1780.7 495.0728
1778.044 496.9611
1775.924 498.9536
1774.447 500.9621
1773.587 502.9117
1773.089 505.1039
1773.013 507.4507
1773.085 509.9408
1773.278 512.614
1773.534 515.2194
1773.787 517.7861
1773.964 520.375
1774.076 523.3177
1774.049 526.3948
1773.829 529.7915
1773.361 532.8993
1772.681 535.9413
1771.771 538.984
1770.686 541.8629
1769.381 544.5756
1767.827 547.2549
1766.267 549.7718
1764.868 552.0377
1763.45 554.5522
1762.179 556.902
1760.945 559.136
1759.727 561.1817
1758.609 563.0514
1757.666 564.7285
1756.712 566.5211
1755.761 568.2964
1754.735 569.9925
1753.498 571.6818
1752.221 573.205
1751.027 574.6184
1749.808 576.1605
1748.76 577.5842
1747.721 578.9854
1746.833 580.2383
1746.024 581.5017
1745.341 582.8595
1744.858 584.2845
1744.714 585.5702
1744.786 586.7477
1745.097 588.1105
1745.711 589.3539
1746.53 590.557
1747.442 591.7852
1748.201 592.9581
1748.855 594.1708
1749.485 595.475
1750.091 596.8831
1750.704 598.358
1751.796 601.389
1751.966 602.3205
1752.054 603.8288
1751.921 605.3671
1751.573 606.9124
1750.992 608.5027
1750.021 610.1841
1748.845 611.7999
1747.432 613.3789
1745.877 615.019
1744.523 616.4974
1742.788 618.6156
1741.579 620.2311
1740.416 621.8867
1739.286 623.5171
1737.929 625.3978
1736.556 627.0492
1734.74 628.8102
1732.497 630.5613
1731.135 631.4412
1728.995 632.6617
1726.639 633.8626
1724.188 634.9357
1721.721 635.9219
1719.21 636.7948
1716.848 637.5867
1714.564 638.3555
1712.371 639.1805
1710.465 639.904
1708.396 640.7359
1706.706 641.4221
1705.264 642.0655
1703.924 642.73
1702.541 643.4711
1701.371 644.1498
1700.077 644.953
1698.857 645.7151
1697.639 646.4639
1696.363 647.2148
1694.972 648.0226
1693.604 648.8064
1692.303 649.5486
1691.091 650.267
1690.203 650.8717
1689.514 651.4446
1689.043 651.9736
1688.71 652.4458
1688.538 652.843
1688.489 653.137
1688.465 653.2831
1688.431 653.4031
1688.416 653.426
1688.342 653.3179
1688.235 653.1163
1688.135 652.8384
1688.066 652.5366
1687.982 652.2409
1687.949 651.9865
1687.928 651.7425
1687.903 651.4206
1687.854 651.1339
1687.806 650.8649
1687.727 650.6161
1687.681 650.3969
1687.672 650.2102
1687.711 650.0314
1687.771 649.9095
1687.831 649.8372
1688.059 649.9174
1688.049 649.9596
1688.026 650.0049
1688.022 650.0477
1688.058 650.0906
1688.093 650.1595
1688.091 650.2796
1688.133 650.3638
1688.163 650.4243
1688.239 650.446
1688.31 650.4902
1688.368 650.5078
1688.41 650.4691
1688.365 650.277
1688.323 649.9668
1688.283 649.6727
1688.26 649.4119
1688.297 649.1395
1688.268 649.0577
1688.253 649.0209
1688.274 649.0002
1688.365 649.0132
1688.507 649.043
1688.643 649.0736
1688.783 649.103
1688.88 649.123
1688.984 649.1061
1689.056 649.0858
1689.133 649.0511
1689.269 648.9743
1689.471 648.8351
1689.746 648.632
1690.112 648.3905
1690.482 648.1068
1690.911 647.79
1691.296 647.4605
1691.715 647.1091
1692.136 646.6846
1692.57 646.2387
1693.062 645.7114
1693.69 645.0656
1694.487 644.2731
1695.539 643.338
1696.932 642.2578
1698.759 641.0148
1700.892 639.6393
1703.774 637.8346
1707.078 635.5831
1710.733 632.8404
1714.693 629.4994
1718.872 625.5999
1723.314 621.2012
1772.881 540.1312
1771.148 543.188
1769.844 545.9504
1768.672 548.8929
1767.801 551.5704
1767.185 554.1405
1766.792 556.4672
1766.545 558.907
1766.463 561.421
1766.425 563.6958
1766.424 565.936
1766.46 567.7812
1766.581 569.8542
1766.802 571.4964
1767.238 572.796
1767.872 573.8171
1768.778 574.5027
1769.88 574.665
1771.181 574.2397
1772.639 573.3038
1774.248 571.9326
1776.038 570.2394
1777.791 568.3679
1779.557 566.4334
1781.567 564.2691
1783.309 562.3788
1784.447 560.9533
1785.812 559.0934
1787.104 557.2009
1788.309 555.2375
1789.412 553.091
1790.562 550.7938
1791.646 548.5866
1792.707 546.3395
1793.85 543.6618
1795.057 540.721
1796.372 536.9424
1797.403 533.3491
1798.188 529.9489
1798.896 526.0923
1799.439 522.1873
1799.79 518.3342
1799.888 514.1432
1799.713 510.3605
1799.401 507.1125
1799.027 503.9427
1798.653 501.0629
1798.364 498.4458
1798.138 495.9244
1797.995 494.0039
1797.878 492.5406
1797.852 491.2914
1797.932 490.3425
1798.162 489.5208
1798.611 488.8979
1799.304 488.3599
1800.12 488.0308
1801.074 487.8276
1802.169 487.7427
1803.373 487.616
1804.693 487.4626
1805.913 487.2427
1807.176 487.0531
1808.355 486.8375
1809.541 486.662
1810.638 486.4879
1811.623 486.3515
1812.499 486.1866
1813.329 485.9738
1814.134 485.7126
1814.806 485.4889
1815.395 485.2599
1815.921 485.0297
1816.354 484.7682
1816.76 484.5037
1817.196 484.1955
1817.661 483.8608
1818.172 483.534
1818.729 483.2769
1819.231 483.0749
1819.795 482.8847
1820.25 482.7361
1820.709 482.5981
1821.134 482.4922
1821.56 482.456
1821.937 482.4742
1822.271 482.5189
1822.6 482.5654
1822.894 482.5948
1823.14 482.6049
1823.36 482.6351
1823.525 482.6712
1823.642 482.6858
1823.739 482.6552
1823.847 482.5754
1823.926 482.4832
1823.995 482.3552
1823.981 482.2177
1823.888 482.0057
1823.745 481.7421
1823.629 481.4919
1823.52 481.2869
1823.386 481.1119
1823.226 480.9821
1823.036 480.8572
1822.799 480.7056
1822.535 480.5538
1822.275 480.4296
1822.007 480.3382
1821.718 480.304
1821.413 480.3323
1821.071 480.4266
1820.864 480.5284
1820.766 480.6305
1820.479 480.8173
1819.792 481.1575
1818.532 481.6557
1816.556 482.2781
1814.077 482.915
1811.228 483.6164
1807.667 484.5303
1803.827 485.5999
1799.799 486.8072
1795.449 488.2508
1791.261 489.8022
1787.633 491.356
1783.957 493.1761
1780.7 495.0728
1778.044 496.9611
1775.924 498.9536
1774.447 500.9621
1773.587 502.9117
1773.089 505.1039
1773.013 507.4507
1773.085 509.9408
1773.278 512.614
1773.534 515.2194
1773.787 517.7861
1773.964 520.375
1774.076 523.3177
1774.049 526.3948
1773.829 529.7915
1773.361 532.8993
1772.681 535.9413
1771.771 538.984
1770.686 541.8629
1769.381 544.5756
1767.827 547.2549
1766.267 549.7718
1764.868 552.0377
1763.45 554.5522
1762.179 556.902
1760.945 559.136
1759.727 561.1817
1758.609 563.0514
1757.666 564.7285
1756.712 566.5211
1755.761 568.2964
1754.735 569.9925
1753.498 571.6818
1752.221 573.205
1751.027 574.6184
1749.808 576.1605
1748.76 577.5842
1747.721 578.9854
1746.833 580.2383
1746.024 581.5017
1745.341 582.8595
1744.858 584.2845
1744.714 585.5702
1744.786 586.7477
1745.097 588.1105
1745.711 589.3539
1746.53 590.557
1747.442 591.7852
1748.201 592.9581
1748.855 594.1708
1749.485 595.475
1750.091 596.8831
1750.704 598.358
1751.796 601.389
1751.966 602.3205
1752.054 603.8288
1751.921 605.3671
1751.573 606.9124
1750.992 608.5027
1750.021 610.1841
1748.845 611.7999
1747.432 613.3789
1745.877 615.019
1744.523 616.4974
1742.788 618.6156
1741.579 620.2311
1740.416 621.8867
1739.286 623.5171
1737.929 625.3978
1736.556 627.0492
1734.74 628.8102
1732.497 630.5613
1731.135 631.4412
1728.995 632.6617
1726.639 633.8626
1724.188 634.9357
1721.721 635.9219
1719.21 636.7948
1716.848 637.5867
1714.564 638.3555
1712.371 639.1805
1710.465 639.904
1708.396 640.7359
1706.706 641.4221
1705.264 642.0655
1703.924 642.73
1702.541 643.4711
1701.371 644.1498
1700.077 644.953
1698.857 645.7151
1697.639 646.4639
1696.363 647.2148
1694.972 648.0226
1693.604 648.8064
1692.303 649.5486
1691.091 650.267
1690.203 650.8717
1689.514 651.4446
1689.043 651.9736
1688.71 652.4458
1688.538 652.843
1688.489 653.137
1688.465 653.2831
1688.431 653.4031
1688.416 653.426
1688.342 653.3179
1688.235 653.1163
1688.135 652.8384
1688.066 652.5366
1687.982 652.2409
1687.949 651.9865
1687.928 651.7425
1687.903 651.4206
1687.854 651.1339
1687.806 650.8649
1687.727 650.6161
1687.681 650.3969
1687.672 650.2102
1687.711 650.0314
1687.771 649.9095
1687.831 649.8372
1688.059 649.9174
1688.049 649.9596
1688.026 650.0049
1688.022 650.0477
1688.058 650.0906
1688.093 650.1595
1688.091 650.2796
1688.133 650.3638
1688.163 650.4243
1688.239 650.446
1688.31 650.4902
1688.368 650.5078
1688.41 650.4691
1688.365 650.277
1688.323 649.9668
1688.283 649.6727
1688.26 649.4119
1688.297 649.1395
1688.268 649.0577
1688.253 649.0209
1688.274 649.0002
1688.365 649.0132
1688.507 649.043
1688.643 649.0736
1688.783 649.103
1688.88 649.123
1688.984 649.1061
1689.056 649.0858
1689.133 649.0511
1689.269 648.9743
1689.471 648.8351
1689.746 648.632
1690.112 648.3905
1690.482 648.1068
1690.911 647.79
1691.296 647.4605
1691.715 647.1091
1692.136 646.6846
1692.57 646.2387
1693.062 645.7114
1693.69 645.0656
1694.487 644.2731
1695.539 643.338
1696.932 642.2578
1698.759 641.0148
1700.892 639.6393
1703.774 637.8346
1707.078 635.5831
1710.733 632.8404
1714.693 629.4994
1718.872 625.5999
1723.314 621.2012
1727.973 616.4363
1732.943 611.2238
1737.529 606.3373
1742.575 600.8849
1747.178 595.7092
1751.403 590.709
1755.213 585.8521
1758.898 580.8898
1762.279 576.0562
1765.232 571.3492
1768.215 566.28
1770.248 562.5847
1772.498 558.4202
1774.553 554.481
1776.554 550.6826
1778.538 546.9076
1780.355 543.4518
1781.976 540.1873
1783.668 536.822
1785.493 533.3425
1787.311 530.1454
1789.26 526.7939
1791.016 523.8771
1792.615 521.1133
1794.118 518.4391
1795.461 515.8015
1796.607 513.3667
1797.707 510.9139
1798.627 508.8267
1799.505 506.9591
1800.384 505.277
1801.308 503.8112
1802.274 502.6669
1803.387 501.6051
1804.517 500.6518
1805.58 499.7453
1806.599 498.919
1807.44 498.0793
1807.955 497.4469
1808.35 496.856
1808.585 496.453
1808.741 496.1116
1808.807 495.9149
1808.863 495.743
1808.847 495.6623
1808.79 495.5541
1808.685 495.5232
1808.606 495.4612
1808.505 495.4622
1808.46 495.5074
1808.468 495.6646
1808.617 495.8687
1808.801 496.126
1809.075 496.3099
1809.397 496.5338
1809.741 496.7008
1810.043 496.8719
1810.249 496.9563
1810.424 496.9884
1810.589 496.9467
1810.748 496.8982
1810.895 496.8164
1811.029 496.7132
1811.095 496.5439
1811.009 496.3535
1810.796 496.1504
1810.453 495.8965
1810.002 495.6732
1809.444 495.4732
1808.887 495.2986
1808.313 495.1773
1807.812 495.1129
1807.362 495.0808
1807.047 495.0486
1806.855 494.9902
1806.87 494.8576
1807.023 494.69
1807.401 494.4916
1808.104 494.2557
1809.023 493.9657
1809.893 493.6709
1810.546 493.3631
1810.829 493.1008
1810.736 492.8965
1810.38 492.7812
1809.891 492.7177
1809.344 492.6964
1808.804 492.7253
1808.109 492.8668
1807.386 493.1427
1806.649 493.5457
1805.913 494.0672
1805.263 494.5785
1804.711 495.0727
1804.228 495.5929
1803.842 496.1364
1803.509 496.736
1803.188 497.5127
1802.877 498.2104
1802.609 498.964
1802.445 499.6229
1802.437 500.2933
1802.568 500.8885
1802.839 501.4927
1803.074 501.9606
1803.241 502.3377
1803.271 502.5653
1803.186 502.7457
1802.953 502.9436
1802.675 503.1984
1802.375 503.5465
1801.981 504.1019
1801.53 504.7705
1800.991 505.5446
1800.287 506.4178
1799.437 507.4171
1798.501 508.4993
1797.352 509.7941
1796.135 511.1602
1795.161 512.316
1793.838 513.9766
1792.448 515.811
1791.136 517.6858
1789.745 519.791
1788.354 521.9954
1786.854 524.362
1785.237 526.901
1783.47 529.7057
1781.695 532.6961
1779.614 536.5223
1778.225 539.712
1777.176 543.064
1776.542 546.5211
1776.206 550.0893
1776.103 553.5518
1775.959 557.1313
1775.814 560.4257
1775.542 563.6783
1775.142 566.7767
1774.497 569.7033
1773.741 572.2443
1772.812 574.5332
1771.717 576.9557
1770.422 579.3669
1768.971 581.6808
1767.278 584.0136
1765.649 586.0266
1763.724 588.071
1761.73 589.8698
1759.544 591.5547
1757.089 593.1649
1754.451 594.7173
1751.73 596.1814
1748.619 597.7277
1745.421 599.2159
1741.962 600.7338
1738.31 602.2756
1734.637 603.9363
1731.99 605.2391
1729.304 606.7855
1726.885 608.3885
1724.653 610.0672
1722.479 611.8387
1720.678 613.5126
1719.271 614.9354
1718.02 616.3283
1716.983 617.6809
1716.193 618.8505
1715.599 619.8459
1715.15 620.6969
1714.772 621.4822
1714.468 622.2081
1714.271 622.8729
1714.151 623.5014
1714.072 624.036
1714.081 624.5143
1714.131 624.886
1714.188 625.2467
1714.232 625.5205
1714.267 625.8135
1714.298 626.0732
1714.264 626.3334
1714.201 626.5544
1714.144 626.7513
1714.165 626.9305
1714.275 627.0588
1714.433 627.1445
1714.618 627.2548
1714.822 627.3669
1715.054 627.4734
1715.318 627.5457
1715.558 627.5988
1715.828 627.6358
1716.082 627.674
1716.313 627.7366
1716.449 627.7831
1716.546 627.8393
1716.551 627.8837
1716.486 627.8829
1716.373 627.86
1716.241 627.845
1716.055 627.8527
1715.852 627.9135
1715.682 628.0425
1715.536 628.2129
1715.396 628.3984
1715.307 628.5718
1715.196 628.7791
1715.035 629.0111
1714.846 629.2408
1714.669 629.4951
1714.497 629.7296
1714.268 629.9711
1714 630.2284
1713.728 630.4869
1713.456 630.7273
1713.226 630.9713
1713.065 631.175
1712.955 631.356
1712.846 631.5333
1712.749 631.6937
1712.622 631.856
1712.426 632.0777
1712.184 632.3331
1711.897 632.6119
1711.643 632.8996
1711.51 633.1536
1711.49 633.3482
1711.506 633.5522
1711.591 633.7447
1711.689 633.9445
1711.785 634.1553
1711.861 634.3734
1711.969 634.5645
1712.152 634.7545
1712.338 634.9218
1712.533 635.0881
1712.704 635.2679
1712.809 635.4365
1712.927 635.5381
1713.065 635.6394
1713.2 635.7157
1713.353 635.7919
1713.502 635.8823
1713.591 635.998
1713.639 636.0777
1713.627 636.1769
1713.582 636.2917
1713.448 636.3967
1713.312 636.5025
1713.135 636.6172
1712.875 636.7514
1712.656 636.8813
1712.46 636.986
1712.296 637.0742
1712.064 637.1605
1711.862 637.2433
1711.641 637.3279
1711.381 637.4266
1711.226 637.5194
1711.073 637.605
1710.97 637.6833
1710.887 637.7756
1710.821 637.8625
1710.738 637.9733
1710.717 638.0784
1710.678 638.1948
1710.703 638.3375
1710.751 638.4828
1710.846 638.615
1710.859 638.7619
1710.832 638.8864
1710.693 639.0209
1710.594 639.1161
1710.56 639.1638
1710.591 639.1752
1710.664 639.1991
1710.756 639.1981
1710.857 639.2056
1710.973 639.1993
1711.066 639.2017
1711.152 639.1865
1711.199 639.1818
1711.297 639.1545
1711.342 639.1257
1711.336 639.0986
1711.338 639.0649
1711.341 639.0281
1711.38 638.9862
1711.405 638.9077
1711.43 638.7978
1711.457 638.6412
1711.469 638.4696
1711.485 638.3004
1711.497 638.1303
1711.5 637.9481
1711.5 637.7767
1711.486 637.665
1711.439 637.6328
1711.394 637.6555
1727.973 616.4363
1732.943 611.2238
1737.529 606.3373
1742.575 600.8849
1747.178 595.7092
1751.403 590.709
1755.213 585.8521
1758.898 580.8898
1762.279 576.0562
1765.232 571.3492
1768.215 566.28
1770.248 562.5847
1772.498 558.4202
1774.553 554.481
1776.554 550.6826
1778.538 546.9076
1780.355 543.4518
1781.976 540.1873
1783.668 536.822
1785.493 533.3425
1787.311 530.1454
1789.26 526.7939
1791.016 523.8771
1792.615 521.1133
1794.118 518.4391
1795.461 515.8015
1796.607 513.3667
1797.707 510.9139
1798.627 508.8267
1799.505 506.9591
1800.384 505.277
1801.308 503.8112
1802.274 502.6669
1803.387 501.6051
1804.517 500.6518
1805.58 499.7453
1806.599 498.919
1807.44 498.0793
1807.955 497.4469
1808.35 496.856
1808.585 496.453
1808.741 496.1116
1808.807 495.9149
1808.863 495.743
1808.847 495.6623
1808.79 495.5541
1808.685 495.5232
1808.606 495.4612
1808.505 495.4622
1808.46 495.5074
1808.468 495.6646
1808.617 495.8687
1808.801 496.126
1809.075 496.3099
1809.397 496.5338
1809.741 496.7008
1810.043 496.8719
1810.249 496.9563
1810.424 496.9884
1810.589 496.9467
1810.748 496.8982
1810.895 496.8164
1811.029 496.7132
1811.095 496.5439
1811.009 496.3535
1810.796 496.1504
1810.453 495.8965
1810.002 495.6732
1809.444 495.4732
1808.887 495.2986
1808.313 495.1773
1807.812 495.1129
1807.362 495.0808
1807.047 495.0486
1806.855 494.9902
1806.87 494.8576
1807.023 494.69
1807.401 494.4916
1808.104 494.2557
1809.023 493.9657
1809.893 493.6709
1810.546 493.3631
1810.829 493.1008
1810.736 492.8965
1810.38 492.7812
1809.891 492.7177
1809.344 492.6964
1808.804 492.7253
1808.109 492.8668
1807.386 493.1427
1806.649 493.5457
1805.913 494.0672
1805.263 494.5785
1804.711 495.0727
1804.228 495.5929
1803.842 496.1364
1803.509 496.736
1803.188 497.5127
1802.877 498.2104
1802.609 498.964
1802.445 499.6229
1802.437 500.2933
1802.568 500.8885
1802.839 501.4927
1803.074 501.9606
1803.241 502.3377
1803.271 502.5653
1803.186 502.7457
1802.953 502.9436
1802.675 503.1984
1802.375 503.5465
1801.981 504.1019
1801.53 504.7705
1800.991 505.5446
1800.287 506.4178
1799.437 507.4171
1798.501 508.4993
1797.352 509.7941
1796.135 511.1602
1795.161 512.316
1793.838 513.9766
1792.448 515.811
1791.136 517.6858
1789.745 519.791
1788.354 521.9954
1786.854 524.362
1785.237 526.901
1783.47 529.7057
1781.695 532.6961
1779.614 536.5223
1778.225 539.712
1777.176 543.064
1776.542 546.5211
1776.206 550.0893
1776.103 553.5518
1775.959 557.1313
1775.814 560.4257
1775.542 563.6783
1775.142 566.7767
1774.497 569.7033
1773.741 572.2443
1772.812 574.5332
1771.717 576.9557
1770.422 579.3669
1768.971 581.6808
1767.278 584.0136
1765.649 586.0266
1763.724 588.071
1761.73 589.8698
1759.544 591.5547
1757.089 593.1649
1754.451 594.7173
1751.73 596.1814
1748.619 597.7277
1745.421 599.2159
1741.962 600.7338
1738.31 602.2756
1734.637 603.9363
1731.99 605.2391
1729.304 606.7855
1726.885 608.3885
1724.653 610.0672
1722.479 611.8387
1720.678 613.5126
1719.271 614.9354
1718.02 616.3283
1716.983 617.6809
1716.193 618.8505
1715.599 619.8459
1715.15 620.6969
1714.772 621.4822
1714.468 622.2081
1714.271 622.8729
1714.151 623.5014
1714.072 624.036
1714.081 624.5143
1714.131 624.886
1714.188 625.2467
1714.232 625.5205
1714.267 625.8135
1714.298 626.0732
1714.264 626.3334
1714.201 626.5544
1714.144 626.7513
1714.165 626.9305
1714.275 627.0588
1714.433 627.1445
1714.618 627.2548
1714.822 627.3669
1715.054 627.4734
1715.318 627.5457
1715.558 627.5988
1715.828 627.6358
1716.082 627.674
1716.313 627.7366
1716.449 627.7831
1716.546 627.8393
1716.551 627.8837
1716.486 627.8829
1716.373 627.86
1716.241 627.845
1716.055 627.8527
1715.852 627.9135
1715.682 628.0425
1715.536 628.2129
1715.396 628.3984
1715.307 628.5718
1715.196 628.7791
1715.035 629.0111
1714.846 629.2408
1714.669 629.4951
1714.497 629.7296
1714.268 629.9711
1714 630.2284
1713.728 630.4869
1713.456 630.7273
1713.226 630.9713
1713.065 631.175
1712.955 631.356
1712.846 631.5333
1712.749 631.6937
1712.622 631.856
1712.426 632.0777
1712.184 632.3331
1711.897 632.6119
1711.643 632.8996
1711.51 633.1536
1711.49 633.3482
1711.506 633.5522
1711.591 633.7447
1711.689 633.9445
1711.785 634.1553
1711.861 634.3734
1711.969 634.5645
1712.152 634.7545
1712.338 634.9218
1712.533 635.0881
1712.704 635.2679
1712.809 635.4365
1712.927 635.5381
1713.065 635.6394
1713.2 635.7157
1713.353 635.7919
1713.502 635.8823
1713.591 635.998
1713.639 636.0777
1713.627 636.1769
1713.582 636.2917
1713.448 636.3967
1713.312 636.5025
1713.135 636.6172
1712.875 636.7514
1712.656 636.8813
1712.46 636.986
1712.296 637.0742
1712.064 637.1605
1711.862 637.2433
1711.641 637.3279
1711.381 637.4266
1711.226 637.5194
1711.073 637.605
1710.97 637.6833
1710.887 637.7756
1710.821 637.8625
1710.738 637.9733
1710.717 638.0784
1710.678 638.1948
1710.703 638.3375
1710.751 638.4828
1710.846 638.615
1710.859 638.7619
1710.832 638.8864
1710.693 639.0209
1710.594 639.1161
1710.56 639.1638
1710.591 639.1752
1710.664 639.1991
1710.756 639.1981
1710.857 639.2056
1710.973 639.1993
1711.066 639.2017
1711.152 639.1865
1711.199 639.1818
1711.297 639.1545
1711.342 639.1257
1711.336 639.0986
1711.338 639.0649
1711.341 639.0281
1711.38 638.9862
1711.405 638.9077
1711.43 638.7978
1711.457 638.6412
1711.469 638.4696
1711.485 638.3004
1711.497 638.1303
1711.5 637.9481
1711.5 637.7767
1711.486 637.665
1711.439 637.6328
1711.394 637.6555
1711.357 637.7435
1711.328 637.8725
1711.317 638.0345
1711.324 638.2136
1711.293 638.4186
1711.225 638.6401
1711.145 638.8835
1711.113 639.0982
1711.123 639.2994
1711.127 639.4442
1711.134 639.5469
1711.126 639.6226
1711.1 639.6769
1710.981 639.6803
1710.881 639.6689
1710.638 639.6511
1710.453 639.6365
1710.189 639.5906
1709.919 639.5315
1709.651 639.4322
1709.427 639.3321
1709.167 639.2283
1708.991 639.1531
1708.878 639.107
1708.835 639.0906
1708.778 639.1076
1708.743 639.1691
1708.695 639.2515
1708.651 639.3555
1708.557 639.4315
1708.422 639.5088
1708.245 639.5891
1708.021 639.6944
1707.738 639.8279
1707.563 639.9103
1707.39 639.986
1707.232 640.06
1707.06 640.118
1706.899 640.2033
1706.694 640.252
1706.466 640.2857
1706.232 640.3201
1705.941 640.4089
1705.663 640.5377
1705.406 640.7524
1705.276 640.9182
1705.215 641.0857
1705.239 641.2421
1705.299 641.3875
1705.372 641.52
1705.419 641.6409
1705.468 641.7303
1705.503 641.7957
1705.549 641.8254
1705.594 641.8538
1705.64 641.8572
1705.68 641.889
1705.694 641.932
1705.668 642.0098
1705.622 642.0751
1705.567 642.1856
1705.563 642.3
1705.565 642.436
1705.58 642.5883
1705.57 642.7846
1705.538 643.0211
1705.561 643.2605
1705.632 643.4686
1705.719 643.621
1705.828 643.7745
1705.882 643.9198
1705.891 644.0217
1705.897 644.1103
1705.859 644.1526
1705.811 644.1934
1705.788 644.2305
1705.799 644.2582
1705.82 644.2659
1705.809 644.2926
1705.808 644.3198
1705.805 644.3809
1705.816 644.4514
1705.785 644.5504
1705.783 644.6275
1705.778 644.7209
1705.742 644.8095
1705.663 644.9266
1705.665 645.0675
1705.633 645.1567
1705.607 645.2091
1705.559 645.246
1705.512 645.2282
1705.418 645.1882
1705.349 645.1129
1705.279 645.0211
1705.182 644.9035
1705.048 644.8153
1704.932 644.7378
1704.775 644.6981
1704.63 644.6767
1704.494 644.7249
1704.407 644.7784
1704.356 644.8253
1704.347 644.875
1704.367 644.9384
1704.377 645.016
1704.38 645.1049
1704.381 645.176
1704.348 645.2343
1704.342 645.264
1704.336 645.299
1704.319 645.3174
1704.298 645.3455
1704.277 645.3538
1704.242 645.3824
1704.203 645.4097
1704.193 645.456
1704.247 645.4752
1704.3 645.5054
1704.315 645.5231
1704.372 645.5296
1704.403 645.5085
1704.41 645.4802
1704.387 645.4382
1704.381 645.393
1704.405 645.3292
1704.404 645.255
1704.407 645.1772
1704.351 645.0927
1704.265 645.0048
1704.186 644.9174
1704.073 644.8303
1703.894 644.7497
1703.712 644.6983
1703.522 644.6658
1703.343 644.6568
1703.246 644.6032
1703.172 644.6561
1703.012 644.7437
1702.964 644.7753
1702.934 644.813
1702.865 644.8671
1702.823 644.9235
1702.846 644.9323
1702.855 644.9131
1702.851 644.871
1702.888 644.8051
1702.987 644.7
1703.068 644.5892
1703.128 644.5001
1703.153 644.4385
1703.178 644.3923
1703.253 644.3474
1703.334 644.2786
1703.386 644.2113
1703.429 644.144
1703.433 644.1049
1703.399 644.1061
1703.333 644.1296
1703.292 644.1572
1703.232 644.1871
1703.187 644.2286
1703.156 644.2753
1703.138 644.3369
1703.17 644.4063
1703.208 644.4936
1703.209 644.5849
1703.16 644.6533
1703.075 644.6901
1702.95 644.6959
1702.833 644.6961
1702.714 644.6823
1702.61 644.6607
1702.56 644.6161
1702.509 644.5403
1702.404 644.4404
1702.293 644.33
1702.199 644.2368
1702.095 644.1763
1702.049 644.1223
1702.048 644.0751
1702.068 644.0399
1702.041 644.0305
1701.986 644.0294
1701.923 644.0218
1701.893 644.0108
1701.893 643.9982
1701.931 643.9683
1702.022 643.9246
1702.083 643.8857
1702.094 643.8477
1702.048 643.8365
1701.936 643.8292
1701.824 643.8069
1701.696 643.7877
1701.578 643.7768
1701.465 643.8021
1701.361 643.8469
1701.262 643.9088
1701.145 643.963
1701.048 644.0237
1700.96 644.0955
1700.903 644.189
1700.866 644.3075
1700.796 644.4163
1700.759 644.521
1700.718 644.6038
1700.749 644.6508
1700.818 644.6942
1700.861 644.701
1700.876 644.6791
1700.817 644.6481
1700.768 644.6067
1700.694 644.5406
1700.641 644.4505
1700.617 644.3582
1700.54 644.2729
1700.446 644.1514
1700.431 644.057
1700.449 643.9755
1700.464 643.9188
1700.468 643.8828
1700.492 643.8368
1700.492 643.7762
1700.512 643.7389
1700.511 643.7188
1700.563 643.7125
1700.643 643.7122
1700.743 643.6875
1700.814 643.6445
1700.818 643.6066
1700.85 643.5753
1700.843 643.5535
1700.819 643.5597
1700.783 643.59
1700.759 643.6083
1700.758 643.6139
1700.739 643.6171
1700.706 643.6188
1700.705 643.6265
1700.722 643.6382
1700.782 643.6613
1700.863 643.7113
1700.914 643.782
1700.96 643.8627
1700.943 643.9128
1700.885 643.9355
1700.817 643.941
1700.741 643.9243
1700.689 643.8828
1700.638 643.8373
1700.576 643.8259
1700.466 643.8438
1700.355 643.8743
1700.275 643.8943
1700.22 643.926
1700.144 643.9872
1700.119 644.0875
1700.093 644.2112
1699.999 644.334
1699.949 644.4796
1699.911 644.6104
1699.859 644.7298
1699.797 644.7978
1699.762 644.8331
1699.674 644.8499
1699.587 644.8245
1699.528 644.7745
1699.456 644.6937
1699.381 644.5959
1699.311 644.5121
1699.25 644.4927
1699.189 644.5407
1699.139 644.6246
1699.109 644.7335
1699.063 644.8494
1699.023 644.9767
1699.019 645.0978
1699.083 645.2098
1699.204 645.3023
1699.395 645.3632
1699.577 645.3998
1699.757 645.3821
1699.914 645.3386
1700.029 645.2517
1700.101 645.1423
1700.131 645.0906
1700.091 645.0555
1700.027 645.0178
1699.979 644.9604
1699.915 644.9039
1699.828 644.8741
1699.762 644.8604
1699.711 644.8583
1699.686 644.8922
1699.646 644.9717
1699.58 645.0748
1699.506 645.1682
1699.411 645.2579
1699.278 645.3308
1711.357 637.7435
1711.328 637.8725
1711.317 638.0345
1711.324 638.2136
1711.293 638.4186
1711.225 638.6401
1711.145 638.8835
1711.113 639.0982
1711.123 639.2994
1711.127 639.4442
1711.134 639.5469
1711.126 639.6226
1711.1 639.6769
1710.981 639.6803
1710.881 639.6689
1710.638 639.6511
1710.453 639.6365
1710.189 639.5906
1709.919 639.5315
1709.651 639.4322
1709.427 639.3321
1709.167 639.2283
1708.991 639.1531
1708.878 639.107
1708.835 639.0906
1708.778 639.1076
1708.743 639.1691
1708.695 639.2515
1708.651 639.3555
1708.557 639.4315
1708.422 639.5088
1708.245 639.5891
1708.021 639.6944
1707.738 639.8279
1707.563 639.9103
1707.39 639.986
1707.232 640.06
1707.06 640.118
1706.899 640.2033
1706.694 640.252
1706.466 640.2857
1706.232 640.3201
1705.941 640.4089
1705.663 640.5377
1705.406 640.7524
1705.276 640.9182
1705.215 641.0857
1705.239 641.2421
1705.299 641.3875
1705.372 641.52
1705.419 641.6409
1705.468 641.7303
1705.503 641.7957
1705.549 641.8254
1705.594 641.8538
1705.64 641.8572
1705.68 641.889
1705.694 641.932
1705.668 642.0098
1705.622 642.0751
1705.567 642.1856
1705.563 642.3
1705.565 642.436
1705.58 642.5883
1705.57 642.7846
1705.538 643.0211
1705.561 643.2605
1705.632 643.4686
1705.719 643.621
1705.828 643.7745
1705.882 643.9198
1705.891 644.0217
1705.897 644.1103
1705.859 644.1526
1705.811 644.1934
1705.788 644.2305
1705.799 644.2582
1705.82 644.2659
1705.809 644.2926
1705.808 644.3198
1705.805 644.3809
1705.816 644.4514
1705.785 644.5504
1705.783 644.6275
1705.778 644.7209
1705.742 644.8095
1705.663 644.9266
1705.665 645.0675
1705.633 645.1567
1705.607 645.2091
1705.559 645.246
1705.512 645.2282
1705.418 645.1882
1705.349 645.1129
1705.279 645.0211
1705.182 644.9035
1705.048 644.8153
1704.932 644.7378
1704.775 644.6981
1704.63 644.6767
1704.494 644.7249
1704.407 644.7784
1704.356 644.8253
1704.347 644.875
1704.367 644.9384
1704.377 645.016
1704.38 645.1049
1704.381 645.176
1704.348 645.2343
1704.342 645.264
1704.336 645.299
1704.319 645.3174
1704.298 645.3455
1704.277 645.3538
1704.242 645.3824
1704.203 645.4097
1704.193 645.456
1704.247 645.4752
1704.3 645.5054
1704.315 645.5231
1704.372 645.5296
1704.403 645.5085
1704.41 645.4802
1704.387 645.4382
1704.381 645.393
1704.405 645.3292
1704.404 645.255
1704.407 645.1772
1704.351 645.0927
1704.265 645.0048
1704.186 644.9174
1704.073 644.8303
1703.894 644.7497
1703.712 644.6983
1703.522 644.6658
1703.343 644.6568
1703.246 644.6032
1703.172 644.6561
1703.012 644.7437
1702.964 644.7753
1702.934 644.813
1702.865 644.8671
1702.823 644.9235
1702.846 644.9323
1702.855 644.9131
1702.851 644.871
1702.888 644.8051
1702.987 644.7
1703.068 644.5892
1703.128 644.5001
1703.153 644.4385
1703.178 644.3923
1703.253 644.3474
1703.334 644.2786
1703.386 644.2113
1703.429 644.144
1703.433 644.1049
1703.399 644.1061
1703.333 644.1296
1703.292 644.1572
1703.232 644.1871
1703.187 644.2286
1703.156 644.2753
1703.138 644.3369
1703.17 644.4063
1703.208 644.4936
1703.209 644.5849
1703.16 644.6533
1703.075 644.6901
1702.95 644.6959
1702.833 644.6961
1702.714 644.6823
1702.61 644.6607
1702.56 644.6161
1702.509 644.5403
1702.404 644.4404
1702.293 644.33
1702.199 644.2368
1702.095 644.1763
1702.049 644.1223
1702.048 644.0751
1702.068 644.0399
1702.041 644.0305
1701.986 644.0294
1701.923 644.0218
1701.893 644.0108
1701.893 643.9982
1701.931 643.9683
1702.022 643.9246
1702.083 643.8857
1702.094 643.8477
1702.048 643.8365
1701.936 643.8292
1701.824 643.8069
1701.696 643.7877
1701.578 643.7768
1701.465 643.8021
1701.361 643.8469
1701.262 643.9088
1701.145 643.963
1701.048 644.0237
1700.96 644.0955
1700.903 644.189
1700.866 644.3075
1700.796 644.4163
1700.759 644.521
1700.718 644.6038
1700.749 644.6508
1700.818 644.6942
1700.861 644.701
1700.876 644.6791
1700.817 644.6481
1700.768 644.6067
1700.694 644.5406
1700.641 644.4505
1700.617 644.3582
1700.54 644.2729
1700.446 644.1514
1700.431 644.057
1700.449 643.9755
1700.464 643.9188
1700.468 643.8828
1700.492 643.8368
1700.492 643.7762
1700.512 643.7389
1700.511 643.7188
1700.563 643.7125
1700.643 643.7122
1700.743 643.6875
1700.814 643.6445
1700.818 643.6066
1700.85 643.5753
1700.843 643.5535
1700.819 643.5597
1700.783 643.59
1700.759 643.6083
1700.758 643.6139
1700.739 643.6171
1700.706 643.6188
1700.705 643.6265
1700.722 643.6382
1700.782 643.6613
1700.863 643.7113
1700.914 643.782
1700.96 643.8627
1700.943 643.9128
1700.885 643.9355
1700.817 643.941
1700.741 643.9243
1700.689 643.8828
1700.638 643.8373
1700.576 643.8259
1700.466 643.8438
1700.355 643.8743
1700.275 643.8943
1700.22 643.926
1700.144 643.9872
1700.119 644.0875
1700.093 644.2112
1699.999 644.334
1699.949 644.4796
1699.911 644.6104
1699.859 644.7298
1699.797 644.7978
1699.762 644.8331
1699.674 644.8499
1699.587 644.8245
1699.528 644.7745
1699.456 644.6937
1699.381 644.5959
1699.311 644.5121
1699.25 644.4927
1699.189 644.5407
1699.139 644.6246
1699.109 644.7335
1699.063 644.8494
1699.023 644.9767
1699.019 645.0978
1699.083 645.2098
1699.204 645.3023
1699.395 645.3632
1699.577 645.3998
1699.757 645.3821
1699.914 645.3386
1700.029 645.2517
1700.101 645.1423
1700.131 645.0906
1700.091 645.0555
1700.027 645.0178
1699.979 644.9604
1699.915 644.9039
1699.828 644.8741
1699.762 644.8604
1699.711 644.8583
1699.686 644.8922
1699.646 644.9717
1699.58 645.0748
1699.506 645.1682
1699.411 645.2579
1699.278 645.3308
1699.132 645.3904
1698.98 645.4224
1698.805 645.4198
1698.702 645.3696
1698.581 645.3044
1698.456 645.2505
1698.303 645.2282
1698.073 645.2506
1697.744 645.3
1697.239 645.3558
1696.633 645.4188
1696.005 645.4921
1695.403 645.5615
1694.907 645.6319
1694.509 645.7253
1694.256 645.8492
1694.108 646.008
1694.077 646.1915
1694.094 646.3669
1694.114 646.5051
1694.119 646.5951
1694.1 646.6312
1694.077 646.6339
1694.026 646.5927
1694.007 646.5369
1693.998 646.4423
1694.001 646.3204
1694.031 646.1858
1694.093 646.0641
1694.147 645.9633
1694.218 645.914
1694.327 645.8907
1694.486 645.8837
1694.687 645.8706
1694.94 645.8546
1695.143 645.8394
1695.316 645.8298
1695.496 645.8271
1695.614 645.818
1695.685 645.7982
1695.683 645.7627
1695.62 645.7193
1695.582 645.6791
1695.57 645.6427
1695.571 645.6246
1695.558 645.6154
1695.486 645.622
1695.372 645.6636
1695.27 645.6956
1695.176 645.7393
1695.09 645.8032
1695.02 645.8842
1694.963 645.9843
1694.948 646.0674
1694.975 646.1201
1694.949 646.1868
1694.876 646.265
1694.824 646.3115
1694.775 646.3325
1694.754 646.3193
1694.741 646.2686
1694.714 646.2112
1694.646 646.145
1694.551 646.0738
1694.478 645.9746
1694.423 645.8752
1694.403 645.8022
1694.423 645.7573
1694.445 645.739
1694.438 645.7776
1694.424 645.8289
1694.421 645.8748
1694.437 645.9048
1694.451 645.9438
1694.468 646.004
1694.446 646.0721
1694.393 646.1223
1694.327 646.1587
1694.274 646.1723
1694.214 646.1743
1694.242 646.1678
1694.346 646.1723
1694.477 646.1813
1694.595 646.1815
1694.699 646.1598
1694.78 646.1258
1694.801 646.077
1694.845 646.0267
1694.93 645.98
1694.986 645.9395
1695.108 645.8848
1695.28 645.8412
1695.415 645.8163
1695.498 645.8072
1695.515 645.7625
1695.473 645.7034
1695.416 645.6165
1695.4 645.4861
1695.434 645.3747
1695.445 645.3073
1695.462 645.32
1695.46 645.3846
1695.401 645.4382
1695.338 645.4822
1695.209 645.5256
1695.078 645.6006
1694.969 645.6912
1694.865 645.7471
1694.776 645.7914
1694.721 645.8376
1694.691 645.9034
1694.651 645.9886
1694.638 646.0562
1694.592 646.0917
1694.566 646.096
1694.529 646.0785
1694.473 646.0497
1694.432 646.0361
1694.38 646.0042
1694.371 645.9694
1694.366 645.9221
1694.392 645.8512
1694.46 645.7863
1694.521 645.7472
1694.56 645.7148
1694.617 645.7297
1694.69 645.7854
1694.758 645.9005
1694.791 646.0281
1694.818 646.1445
1694.833 646.2451
1694.802 646.3086
1694.742 646.3285
1694.663 646.3284
1694.599 646.3143
1694.557 646.3112
1694.58 646.3022
1694.632 646.3241
1694.703 646.3499
1694.774 646.4059
1694.824 646.4387
1694.896 646.4626
1694.859 646.4773
1694.78 646.4897
1694.673 646.5039
1694.538 646.5082
1694.345 646.5041
1694.091 646.5143
1693.827 646.5191
1693.624 646.4772
1693.512 646.4031
1693.443 646.3406
1693.375 646.3097
1693.368 646.3119
1693.373 646.3205
1693.35 646.3186
1693.325 646.2897
1693.276 646.2361
1693.204 646.1614
1693.105 646.0762
1693.051 645.9764
1693.034 645.8949
1693.015 645.8556
1692.999 645.8676
1692.972 645.9089
1692.93 645.9424
1692.901 645.9443
1692.871 645.9343
1692.892 645.957
1692.871 646.0187
1692.866 646.1123
1692.899 646.169
1692.965 646.1884
1693.02 646.1917
1693.044 646.2
1693.025 646.2247
1693.041 646.213
1693.103 646.1926
1693.121 646.1733
1693.12 646.1625
1693.179 646.1317
1693.23 646.0851
1693.293 646.0159
1693.332 645.9581
1693.357 645.8919
1693.378 645.847
1693.377 645.8344
1693.351 645.8446
1693.34 645.8582
1693.303 645.8793
1693.289 645.9127
1693.276 645.9462
1693.282 645.9793
1693.238 646.0178
1693.256 646.0358
1693.262 646.0292
1693.264 646.0233
1693.17 646.0246
1693.12 645.9985
1693.114 645.9352
1693.141 645.8619
1693.123 645.7823
1693.182 645.6822
1693.238 645.6055
1693.232 645.574
1693.22 645.5555
1693.219 645.5496
1693.231 645.5381
1693.26 645.5352
1693.302 645.5087
1693.358 645.4767
1693.422 645.439
1693.472 645.4131
1693.538 645.3953
1693.591 645.3729
1693.63 645.3462
1693.675 645.3305
1693.688 645.3338
1693.714 645.3507
1693.683 645.3745
1693.701 645.3873
1693.733 645.3887
1693.777 645.3993
1693.78 645.4441
1693.731 645.475
1693.723 645.4847
1693.714 645.4935
1693.725 645.5114
1693.746 645.5164
1693.797 645.5107
1693.834 645.4963
1693.867 645.4911
1693.885 645.4733
1693.923 645.4403
1693.937 645.4031
1693.955 645.3618
1693.984 645.3179
1693.97 645.2645
1693.923 645.2072
1693.888 645.1287
1693.879 645.0483
1693.878 644.9689
1693.87 644.9276
1693.917 644.8785
1693.964 644.8687
1693.97 644.8896
1693.956 644.9138
1694.005 644.9424
1694.044 644.9813
1694.099 644.9965
1694.198 644.9869
1694.326 644.9736
1694.418 644.9677
1694.473 644.9487
1694.534 644.92
1694.541 644.8518
1694.563 644.7542
1694.58 644.6545
1694.63 644.5487
1694.654 644.4384
1694.64 644.3503
1694.63 644.2692
1694.617 644.2012
1694.62 644.1268
1694.622 644.0922
1694.643 644.0651
1694.672 644.051
1694.727 644.0422
1694.759 644.0577
1694.82 644.0712
1694.918 644.0795
1694.999 644.1066
1695.088 644.134
1695.155 644.1452
1695.226 644.1599
1695.255 644.1491
1695.277 644.0933
1695.258 644.0183
1695.158 643.9327
1695.063 643.8246
1695.028 643.6722
1695.026 643.565
1695.063 643.4844
1695.108 643.4175
1695.174 643.3574
1695.185 643.3008
1695.177 643.2721
1695.117 643.2721
1695.084 643.2814
1695.055 643.3009
1695.062 643.3051
1695.07 643.3143
1695.056 643.3221
1695.056 643.3162
1695.042 643.3015
1695.013 643.2875
1694.919 643.2691
1694.816 643.2498
1694.644 643.2216
1694.52 643.1786
1699.132 645.3904
1698.98 645.4224
1698.805 645.4198
1698.702 645.3696
1698.581 645.3044
1698.456 645.2505
1698.303 645.2282
1698.073 645.2506
1697.744 645.3
1697.239 645.3558
1696.633 645.4188
1696.005 645.4921
1695.403 645.5615
1694.907 645.6319
1694.509 645.7253
1694.256 645.8492
1694.108 646.008
1694.077 646.1915
1694.094 646.3669
1694.114 646.5051
1694.119 646.5951
1694.1 646.6312
1694.077 646.6339
1694.026 646.5927
1694.007 646.5369
1693.998 646.4423
1694.001 646.3204
1694.031 646.1858
1694.093 646.0641
1694.147 645.9633
1694.218 645.914
1694.327 645.8907
1694.486 645.8837
1694.687 645.8706
1694.94 645.8546
1695.143 645.8394
1695.316 645.8298
1695.496 645.8271
1695.614 645.818
1695.685 645.7982
1695.683 645.7627
1695.62 645.7193
1695.582 645.6791
1695.57 645.6427
1695.571 645.6246
1695.558 645.6154
1695.486 645.622
1695.372 645.6636
1695.27 645.6956
1695.176 645.7393
1695.09 645.8032
1695.02 645.8842
1694.963 645.9843
1694.948 646.0674
1694.975 646.1201
1694.949 646.1868
1694.876 646.265
1694.824 646.3115
1694.775 646.3325
1694.754 646.3193
1694.741 646.2686
1694.714 646.2112
1694.646 646.145
1694.551 646.0738
1694.478 645.9746
1694.423 645.8752
1694.403 645.8022
1694.423 645.7573
1694.445 645.739
1694.438 645.7776
1694.424 645.8289
1694.421 645.8748
1694.437 645.9048
1694.451 645.9438
1694.468 646.004
1694.446 646.0721
1694.393 646.1223
1694.327 646.1587
1694.274 646.1723
1694.214 646.1743
1694.242 646.1678
1694.346 646.1723
1694.477 646.1813
1694.595 646.1815
1694.699 646.1598
1694.78 646.1258
1694.801 646.077
1694.845 646.0267
1694.93 645.98
1694.986 645.9395
1695.108 645.8848
1695.28 645.8412
1695.415 645.8163
1695.498 645.8072
1695.515 645.7625
1695.473 645.7034
1695.416 645.6165
1695.4 645.4861
1695.434 645.3747
1695.445 645.3073
1695.462 645.32
1695.46 645.3846
1695.401 645.4382
1695.338 645.4822
1695.209 645.5256
1695.078 645.6006
1694.969 645.6912
1694.865 645.7471
1694.776 645.7914
1694.721 645.8376
1694.691 645.9034
1694.651 645.9886
1694.638 646.0562
1694.592 646.0917
1694.566 646.096
1694.529 646.0785
1694.473 646.0497
1694.432 646.0361
1694.38 646.0042
1694.371 645.9694
1694.366 645.9221
1694.392 645.8512
1694.46 645.7863
1694.521 645.7472
1694.56 645.7148
1694.617 645.7297
1694.69 645.7854
1694.758 645.9005
1694.791 646.0281
1694.818 646.1445
1694.833 646.2451
1694.802 646.3086
1694.742 646.3285
1694.663 646.3284
1694.599 646.3143
1694.557 646.3112
1694.58 646.3022
1694.632 646.3241
1694.703 646.3499
1694.774 646.4059
1694.824 646.4387
1694.896 646.4626
1694.859 646.4773
1694.78 646.4897
1694.673 646.5039
1694.538 646.5082
1694.345 646.5041
1694.091 646.5143
1693.827 646.5191
1693.624 646.4772
1693.512 646.4031
1693.443 646.3406
1693.375 646.3097
1693.368 646.3119
1693.373 646.3205
1693.35 646.3186
1693.325 646.2897
1693.276 646.2361
1693.204 646.1614
1693.105 646.0762
1693.051 645.9764
1693.034 645.8949
1693.015 645.8556
1692.999 645.8676
1692.972 645.9089
1692.93 645.9424
1692.901 645.9443
1692.871 645.9343
1692.892 645.957
1692.871 646.0187
1692.866 646.1123
1692.899 646.169
1692.965 646.1884
1693.02 646.1917
1693.044 646.2
1693.025 646.2247
1693.041 646.213
1693.103 646.1926
1693.121 646.1733
1693.12 646.1625
1693.179 646.1317
1693.23 646.0851
1693.293 646.0159
1693.332 645.9581
1693.357 645.8919
1693.378 645.847
1693.377 645.8344
1693.351 645.8446
1693.34 645.8582
1693.303 645.8793
1693.289 645.9127
1693.276 645.9462
1693.282 645.9793
1693.238 646.0178
1693.256 646.0358
1693.262 646.0292
1693.264 646.0233
1693.17 646.0246
1693.12 645.9985
1693.114 645.9352
1693.141 645.8619
1693.123 645.7823
1693.182 645.6822
1693.238 645.6055
1693.232 645.574
1693.22 645.5555
1693.219 645.5496
1693.231 645.5381
1693.26 645.5352
1693.302 645.5087
1693.358 645.4767
1693.422 645.439
1693.472 645.4131
1693.538 645.3953
1693.591 645.3729
1693.63 645.3462
1693.675 645.3305
1693.688 645.3338
1693.714 645.3507
1693.683 645.3745
1693.701 645.3873
1693.733 645.3887
1693.777 645.3993
1693.78 645.4441
1693.731 645.475
1693.723 645.4847
1693.714 645.4935
1693.725 645.5114
1693.746 645.5164
1693.797 645.5107
1693.834 645.4963
1693.867 645.4911
1693.885 645.4733
1693.923 645.4403
1693.937 645.4031
1693.955 645.3618
1693.984 645.3179
1693.97 645.2645
1693.923 645.2072
1693.888 645.1287
1693.879 645.0483
1693.878 644.9689
1693.87 644.9276
1693.917 644.8785
1693.964 644.8687
1693.97 644.8896
1693.956 644.9138
1694.005 644.9424
1694.044 644.9813
1694.099 644.9965
1694.198 644.9869
1694.326 644.9736
1694.418 644.9677
1694.473 644.9487
1694.534 644.92
1694.541 644.8518
1694.563 644.7542
1694.58 644.6545
1694.63 644.5487
1694.654 644.4384
1694.64 644.3503
1694.63 644.2692
1694.617 644.2012
1694.62 644.1268
1694.622 644.0922
1694.643 644.0651
1694.672 644.051
1694.727 644.0422
1694.759 644.0577
1694.82 644.0712
1694.918 644.0795
1694.999 644.1066
1695.088 644.134
1695.155 644.1452
1695.226 644.1599
1695.255 644.1491
1695.277 644.0933
1695.258 644.0183
1695.158 643.9327
1695.063 643.8246
1695.028 643.6722
1695.026 643.565
1695.063 643.4844
1695.108 643.4175
1695.174 643.3574
1695.185 643.3008
1695.177 643.2721
1695.117 643.2721
1695.084 643.2814
1695.055 643.3009
1695.062 643.3051
1695.07 643.3143
1695.056 643.3221
1695.056 643.3162
1695.042 643.3015
1695.013 643.2875
1694.919 643.2691
1694.816 643.2498
1694.644 643.2216
1694.52 643.1786
1694.417 643.14
1694.39 643.1187
1694.329 643.1301
1694.261 643.1758
1694.178 643.2398
1694.089 643.3065
1694.005 643.3573
1693.934 643.3826
1693.868 643.392
1693.808 643.4185
1693.787 643.4839
1693.737 643.5396
1693.714 643.5645
1693.681 643.5593
1693.628 643.5279
1693.579 643.4955
1693.557 643.4541
1693.539 643.4001
1693.557 643.353
1693.597 643.3098
1693.635 643.3021
1693.68 643.3217
1693.75 643.3483
1693.807 643.3608
1693.848 643.3521
1693.844 643.3581
1693.814 643.369
1693.755 643.3665
1693.744 643.3452
1693.767 643.3261
1693.834 643.32
1693.899 643.3438
1693.961 643.3681
1694.017 643.3698
1694.055 643.3665
1694.057 643.3686
1694.039 643.3623
1693.961 643.3419
1693.89 643.2885
1693.821 643.2083
1693.768 643.1279
1693.746 643.0461
1693.804 642.9527
1693.926 642.8262
1694.175 642.5953
1694.225 642.5325
1694.231 642.4488
1694.166 642.3712
1694.042 642.2879
1693.894 642.1915
1693.748 642.1036
1693.623 642.0388
1693.519 641.9639
1693.465 641.8818
1693.428 641.7949
1693.343 641.6498
1693.299 641.5366
1693.222 641.4064
1693.17 641.2725
1693.136 641.1044
1693.097 640.9056
1693.086 640.6976
1693.079 640.5225
1693.033 640.379
1693 640.2645
1692.946 640.1707
1692.885 640.0826
1692.84 639.9975
1692.787 639.9323
1692.783 639.8597
1692.738 639.8057
1692.666 639.7835
1692.59 639.796
1692.496 639.842
1692.432 639.8864
1692.389 639.9272
1692.387 639.974
1692.407 640.042
1692.455 640.1453
1692.499 640.2501
1692.53 640.3297
1692.504 640.4452
1692.428 640.5401
1692.364 640.6234
1692.284 640.7004
1692.297 640.7374
1692.338 640.7649
1692.368 640.7974
1692.388 640.8141
1692.365 640.7933
1692.307 640.7611
1692.254 640.742
1692.227 640.7238
1692.241 640.7095
1692.249 640.6977
1692.245 640.6889
1692.256 640.673
1692.265 640.6554
1692.269 640.6332
1692.285 640.6098
1692.262 640.6096
1692.246 640.6089
1692.191 640.6188
1692.149 640.6102
1692.078 640.6216
1692.026 640.6488
1691.954 640.705
1691.936 640.7612
1691.942 640.8231
1691.937 640.8712
1691.925 640.9283
1691.903 640.9944
1691.895 641.0391
1691.861 641.0699
1691.8 641.0805
1691.731 641.0833
1691.678 641.082
1691.59 641.0884
1691.581 641.0848
1691.564 641.0825
1691.566 641.0789
1691.598 641.0886
1691.642 641.1332
1691.702 641.1955
1691.721 641.2691
1691.701 641.3181
1691.654 641.3436
1691.617 641.3701
1691.597 641.3783
1691.603 641.3829
1691.653 641.4042
1691.725 641.4478
1691.774 641.496
1691.834 641.5337
1691.896 641.5773
1691.914 641.6201
1691.893 641.6456
1691.837 641.6604
1691.787 641.6421
1691.739 641.6157
1691.675 641.593
1691.599 641.5804
1691.614 641.5632
1691.644 641.5413
1691.612 641.5251
1691.584 641.5309
1691.509 641.5508
1691.462 641.5709
1691.455 641.5764
1691.469 641.5693
1691.478 641.5698
1691.51 641.5778
1691.523 641.589
1691.539 641.6187
1691.558 641.6458
1691.601 641.6477
1691.598 641.6331
1691.563 641.6004
1691.53 641.5631
1691.496 641.5104
1691.485 641.451
1691.488 641.4005
1691.494 641.3607
1691.473 641.3387
1691.473 641.3327
1691.486 641.3262
1691.499 641.3309
1691.534 641.3504
1691.572 641.3917
1691.613 641.4418
1691.658 641.4849
1691.702 641.5215
1691.714 641.5521
1691.724 641.566
1691.78 641.5674
1691.845 641.5571
1691.882 641.5406
1691.862 641.4893
1691.873 641.4202
1691.872 641.3568
1691.883 641.2846
1691.924 641.2135
1691.968 641.1579
1691.987 641.113
1692.048 641.0731
1692.07 641.0555
1692.111 641.035
1692.129 641.038
1692.114 641.0482
1692.071 641.0577
1692.063 641.0632
1692.081 641.0417
1692.128 641.0037
1692.139 640.9891
1692.138 640.9822
1692.131 640.9557
1692.096 640.9191
1692.043 640.8775
1691.976 640.8425
1691.904 640.8282
1691.837 640.8181
1691.777 640.8046
1691.755 640.7878
1691.729 640.7708
1691.707 640.7647
1691.695 640.761
1691.697 640.762
1691.705 640.7734
1691.722 640.7847
1691.724 640.8028
1691.733 640.8378
1691.762 640.8495
1691.787 640.8357
1691.812 640.8055
1691.828 640.7634
1691.824 640.7177
1691.823 640.6797
1691.849 640.6703
1691.839 640.6544
1691.85 640.6118
1691.865 640.5693
1691.886 640.5485
1691.888 640.5238
1691.933 640.4814
1691.959 640.4686
1691.991 640.4828
1692.027 640.4946
1692.063 640.5148
1692.061 640.5292
1692.072 640.5565
1692.126 640.5877
1692.157 640.6186
1692.155 640.6357
1692.17 640.6285
1692.175 640.5954
1692.185 640.5595
1692.168 640.5349
1692.144 640.5114
1692.119 640.4826
1692.106 640.4401
1692.107 640.4148
1692.152 640.3893
1692.197 640.3683
1692.225 640.3525
1692.227 640.3483
1692.247 640.3292
1692.248 640.298
1692.277 640.2825
1692.28 640.2683
1692.289 640.2724
1692.309 640.2649
1692.364 640.2387
1692.427 640.1898
1692.496 640.1318
1692.563 640.084
1692.667 640.0307
1692.793 639.97
1692.903 639.9094
1692.958 639.8644
1692.997 639.835
1693.02 639.8204
1693.039 639.8007
1693.031 639.775
1692.978 639.754
1692.954 639.7451
1692.935 639.754
1692.909 639.7795
1692.92 639.8257
1692.998 639.9018
1693.084 639.9754
1693.126 640.0313
1693.153 640.0923
1693.127 640.1334
1693.021 640.1867
1692.886 640.2167
1692.803 640.2288
1692.688 640.2278
1692.61 640.225
1692.571 640.2061
1692.523 640.1989
1692.491 640.1875
1692.478 640.2021
1692.428 640.2366
1692.402 640.3129
1692.411 640.3903
1692.409 640.4767
1692.364 640.5676
1692.315 640.6683
1692.275 640.7551
1692.251 640.8156
1692.223 640.8466
1692.21 640.8629
1692.158 640.8787
1692.127 640.8801
1692.101 640.8765
1692.05 640.8793
1692.019 640.8708
1692.015 640.8583
1691.996 640.8257
1691.95 640.8005
1694.417 643.14
1694.39 643.1187
1694.329 643.1301
1694.261 643.1758
1694.178 643.2398
1694.089 643.3065
1694.005 643.3573
1693.934 643.3826
1693.868 643.392
1693.808 643.4185
1693.787 643.4839
1693.737 643.5396
1693.714 643.5645
1693.681 643.5593
1693.628 643.5279
1693.579 643.4955
1693.557 643.4541
1693.539 643.4001
1693.557 643.353
1693.597 643.3098
1693.635 643.3021
1693.68 643.3217
1693.75 643.3483
1693.807 643.3608
1693.848 643.3521
1693.844 643.3581
1693.814 643.369
1693.755 643.3665
1693.744 643.3452
1693.767 643.3261
1693.834 643.32
1693.899 643.3438
1693.961 643.3681
1694.017 643.3698
1694.055 643.3665
1694.057 643.3686
1694.039 643.3623
1693.961 643.3419
1693.89 643.2885
1693.821 643.2083
1693.768 643.1279
1693.746 643.0461
1693.804 642.9527
1693.926 642.8262
1694.175 642.5953
1694.225 642.5325
1694.231 642.4488
1694.166 642.3712
1694.042 642.2879
1693.894 642.1915
1693.748 642.1036
1693.623 642.0388
1693.519 641.9639
1693.465 641.8818
1693.428 641.7949
1693.343 641.6498
1693.299 641.5366
1693.222 641.4064
1693.17 641.2725
1693.136 641.1044
1693.097 640.9056
1693.086 640.6976
1693.079 640.5225
1693.033 640.379
1693 640.2645
1692.946 640.1707
1692.885 640.0826
1692.84 639.9975
1692.787 639.9323
1692.783 639.8597
1692.738 639.8057
1692.666 639.7835
1692.59 639.796
1692.496 639.842
1692.432 639.8864
1692.389 639.9272
1692.387 639.974
1692.407 640.042
1692.455 640.1453
1692.499 640.2501
1692.53 640.3297
1692.504 640.4452
1692.428 640.5401
1692.364 640.6234
1692.284 640.7004
1692.297 640.7374
1692.338 640.7649
1692.368 640.7974
1692.388 640.8141
1692.365 640.7933
1692.307 640.7611
1692.254 640.742
1692.227 640.7238
1692.241 640.7095
1692.249 640.6977
1692.245 640.6889
1692.256 640.673
1692.265 640.6554
1692.269 640.6332
1692.285 640.6098
1692.262 640.6096
1692.246 640.6089
1692.191 640.6188
1692.149 640.6102
1692.078 640.6216
1692.026 640.6488
1691.954 640.705
1691.936 640.7612
1691.942 640.8231
1691.937 640.8712
1691.925 640.9283
1691.903 640.9944
1691.895 641.0391
1691.861 641.0699
1691.8 641.0805
1691.731 641.0833
1691.678 641.082
1691.59 641.0884
1691.581 641.0848
1691.564 641.0825
1691.566 641.0789
1691.598 641.0886
1691.642 641.1332
1691.702 641.1955
1691.721 641.2691
1691.701 641.3181
1691.654 641.3436
1691.617 641.3701
1691.597 641.3783
1691.603 641.3829
1691.653 641.4042
1691.725 641.4478
1691.774 641.496
1691.834 641.5337
1691.896 641.5773
1691.914 641.6201
1691.893 641.6456
1691.837 641.6604
1691.787 641.6421
1691.739 641.6157
1691.675 641.593
1691.599 641.5804
1691.614 641.5632
1691.644 641.5413
1691.612 641.5251
1691.584 641.5309
1691.509 641.5508
1691.462 641.5709
1691.455 641.5764
1691.469 641.5693
1691.478 641.5698
1691.51 641.5778
1691.523 641.589
1691.539 641.6187
1691.558 641.6458
1691.601 641.6477
1691.598 641.6331
1691.563 641.6004
1691.53 641.5631
1691.496 641.5104
1691.485 641.451
1691.488 641.4005
1691.494 641.3607
1691.473 641.3387
1691.473 641.3327
1691.486 641.3262
1691.499 641.3309
1691.534 641.3504
1691.572 641.3917
1691.613 641.4418
1691.658 641.4849
1691.702 641.5215
1691.714 641.5521
1691.724 641.566
1691.78 641.5674
1691.845 641.5571
1691.882 641.5406
1691.862 641.4893
1691.873 641.4202
1691.872 641.3568
1691.883 641.2846
1691.924 641.2135
1691.968 641.1579
1691.987 641.113
1692.048 641.0731
1692.07 641.0555
1692.111 641.035
1692.129 641.038
1692.114 641.0482
1692.071 641.0577
1692.063 641.0632
1692.081 641.0417
1692.128 641.0037
1692.139 640.9891
1692.138 640.9822
1692.131 640.9557
1692.096 640.9191
1692.043 640.8775
1691.976 640.8425
1691.904 640.8282
1691.837 640.8181
1691.777 640.8046
1691.755 640.7878
1691.729 640.7708
1691.707 640.7647
1691.695 640.761
1691.697 640.762
1691.705 640.7734
1691.722 640.7847
1691.724 640.8028
1691.733 640.8378
1691.762 640.8495
1691.787 640.8357
1691.812 640.8055
1691.828 640.7634
1691.824 640.7177
1691.823 640.6797
1691.849 640.6703
1691.839 640.6544
1691.85 640.6118
1691.865 640.5693
1691.886 640.5485
1691.888 640.5238
1691.933 640.4814
1691.959 640.4686
1691.991 640.4828
1692.027 640.4946
1692.063 640.5148
1692.061 640.5292
1692.072 640.5565
1692.126 640.5877
1692.157 640.6186
1692.155 640.6357
1692.17 640.6285
1692.175 640.5954
1692.185 640.5595
1692.168 640.5349
1692.144 640.5114
1692.119 640.4826
1692.106 640.4401
1692.107 640.4148
1692.152 640.3893
1692.197 640.3683
1692.225 640.3525
1692.227 640.3483
1692.247 640.3292
1692.248 640.298
1692.277 640.2825
1692.28 640.2683
1692.289 640.2724
1692.309 640.2649
1692.364 640.2387
1692.427 640.1898
1692.496 640.1318
1692.563 640.084
1692.667 640.0307
1692.793 639.97
1692.903 639.9094
1692.958 639.8644
1692.997 639.835
1693.02 639.8204
1693.039 639.8007
1693.031 639.775
1692.978 639.754
1692.954 639.7451
1692.935 639.754
1692.909 639.7795
1692.92 639.8257
1692.998 639.9018
1693.084 639.9754
1693.126 640.0313
1693.153 640.0923
1693.127 640.1334
1693.021 640.1867
1692.886 640.2167
1692.803 640.2288
1692.688 640.2278
1692.61 640.225
1692.571 640.2061
1692.523 640.1989
1692.491 640.1875
1692.478 640.2021
1692.428 640.2366
1692.402 640.3129
1692.411 640.3903
1692.409 640.4767
1692.364 640.5676
1692.315 640.6683
1692.275 640.7551
1692.251 640.8156
1692.223 640.8466
1692.21 640.8629
1692.158 640.8787
1692.127 640.8801
1692.101 640.8765
1692.05 640.8793
1692.019 640.8708
1692.015 640.8583
1691.996 640.8257
1691.95 640.8005
1691.859 640.8096
1691.823 640.8324
1691.809 640.8502
1691.817 640.89
1691.859 640.9583
1691.897 641.0402
1691.939 641.1271
1691.916 641.238
1691.925 641.3303
1691.918 641.4032
1691.911 641.4369
1691.917 641.4553
1691.947 641.4478
1692.009 641.4497
1692.041 641.4639
1692.087 641.4494
1692.095 641.4348
1692.104 641.4248
1692.101 641.4024
1692.105 641.3815
1692.13 641.3494
1692.228 641.2715
1692.311 641.21
1692.306 641.1899
1692.295 641.1739
1692.32 641.1625
1692.357 641.1495
1692.451 641.1364
1692.475 641.1147
1692.495 641.1085
1692.5 641.0875
1692.492 641.0871
1692.484 641.0774
1692.488 641.0649
1692.51 641.03
1692.533 640.9871
1692.539 640.9568
1692.534 640.9474
1692.483 640.9685
1692.413 640.9938
1692.351 641.0131
1692.29 641.0353
1692.258 641.0476
1692.262 641.0519
1692.309 641.0479
1692.426 641.0361
1692.522 641.0031
1692.672 640.9269
1692.884 640.8246
1693.146 640.6931
1693.43 640.5107
1693.764 640.2615
1694.037 639.996
1694.235 639.7656
1694.509 639.4413
1694.819 639.0446
1695.134 638.6212
1695.455 638.2056
1695.814 637.7776
1696.28 637.3299
1696.87 636.8668
1697.544 636.4175
1698.291 635.9725
1699.307 635.3826
1700.113 634.9554
1700.936 634.5787
1701.906 634.2206
1702.956 633.8799
1703.975 633.5936
1705.002 633.3257
1706.05 633.0556
1707.071 632.7644
1708.179 632.4407
1709.315 632.0921
1710.464 631.7308
1711.611 631.3107
1712.642 630.8688
1713.692 630.3182
1714.841 629.5764
1715.918 628.7203
1717.036 627.7662
1718.278 626.6463
1719.568 625.5331
1720.862 624.4313
1722.382 623.2308
1724.174 622.0228
1726.365 620.8267
1728.899 619.5084
1731.483 618.2444
1734.125 617.0114
1736.849 615.8248
1739.606 614.6706
1745.996 612.3945
1748.532 611.6015
1752.007 610.5803
1755.647 609.5328
1759.585 608.3964
1763.502 607.1924
1767.43 606.0104
1771.449 604.7689
1775.648 603.4473
1780.105 602.0851
1784.637 600.7519
1790.297 599.1674
1794.668 597.9204
1799.021 596.6106
1803.193 595.2816
1807.494 593.8619
1811.365 592.5797
1815.216 591.2281
1818.807 589.783
1822.301 588.2771
1825.683 586.7106
1828.859 585.1349
1832.162 583.4009
1834.699 581.916
1837.313 580.2285
1839.904 578.5295
1842.467 576.7331
1845.11 574.7025
1847.818 572.5901
1850.734 570.4987
1853.793 568.3022
1857.078 566.0618
1860.554 563.7444
1864.618 561.186
1872.059 556.3913
1873.312 555.4894
1876.452 553.2305
1879.31 551.0481
1881.811 548.9398
1884.021 546.9094
1885.867 544.9297
1887.457 542.9629
1888.859 540.9885
1890.182 539.1609
1891.429 537.3832
1892.46 535.9901
1893.599 534.2345
1894.357 532.3517
1894.441 530.503
1894.192 528.6299
1893.652 526.7491
1893.11 525.1569
1892.677 523.8521
1892.354 523.2633
1891.948 522.6684
1891.571 521.9019
1891.429 521.1321
1891.665 520.073
1891.713 519.8694
1891.816 519.4621
1892.065 518.9849
1892.605 518.5235
1893.435 518.1234
1894.654 517.5688
1896.01 516.9042
1897.669 516.1404
1899.376 515.3868
1901.211 514.5559
1904.145 513.2203
1906.437 512.0623
1908.583 510.753
1910.584 509.3263
1912.449 507.9061
1914.111 506.6372
1915.643 505.3102
1916.846 504.1181
1917.773 503.0752
1918.487 502.004
1918.833 500.9716
1918.858 500.1171
1918.667 499.4813
1918.196 498.9274
1917.532 498.4391
1916.79 498.1397
1915.984 497.95
1915.061 497.7967
1914.171 497.5729
1913.527 497.3554
1912.98 497.1784
1912.402 497.1515
1911.849 497.2677
1911.509 497.5211
1911.564 497.7768
1911.903 498.0887
1912.42 498.3987
1912.95 498.6928
1913.503 498.9608
1914.165 499.3553
1915.006 499.9023
1915.905 500.5795
1916.935 501.3154
1918.241 502.0186
1919.691 502.6044
1921.177 503.1898
1922.658 503.8317
1924.106 504.5112
1925.664 505.2648
1927.273 506.0326
1928.873 506.7856
1930.604 507.4726
1932.322 508.0634
1933.903 508.5734
1935.447 509.0147
1936.768 509.3269
1937.761 509.5679
1938.65 509.8363
1939.463 510.151
1940.156 510.4929
1940.737 510.8446
1941.15 511.1126
1941.367 511.3176
1941.404 511.4882
1941.232 511.648
1940.91 511.8237
1940.492 512.0187
1940.097 512.1719
1939.794 512.2516
1939.527 512.2274
1939.197 512.1274
1938.882 511.9247
1938.631 511.606
1938.472 511.2119
1938.268 510.7613
1937.886 510.2892
1937.339 509.8167
1936.868 509.403
1936.421 509.0348
1935.913 508.6325
1935.473 508.314
1934.859 507.9072
1934.163 507.5981
1933.36 507.3843
1932.471 507.1595
1931.511 506.8994
1930.485 506.6616
1929.375 506.5157
1928.191 506.36
1927.071 506.0731
1926.241 505.0589
1925.852 503.6934
1925.286 502.5012
1924.671 501.6107
1924.109 500.7216
1923.586 499.7354
1923.106 498.7671
1922.738 497.8109
1922.839 496.7868
1923.055 495.6786
1923.258 494.5609
1923.827 493.2701
1924.27 491.6551
1924.46 489.9009
1924.839 487.7849
1925.495 485.755
1926.385 483.5858
1927.403 481.45
1928.39 479.067
1929.242 476.6559
1930.15 474.007
1931.295 471.1919
1932.315 469.1074
1932.827 467.9525
1932.876 466.8247
1932.721 466.3836
1932.696 466.0386
1932.78 465.8672
1932.837 465.7931
1932.912 465.7729
1933.016 465.8019
1933.317 465.7043
1933.885 465.4268
1934.513 464.9722
1935.175 464.3125
1935.894 463.5919
1936.598 462.8281
1936.776 462.0384
1936.515 460.9855
1935.805 460.0446
1935.096 459.8703
1935.123 460.0916
1935.666 460.293
1935.896 460.3377
1935.755 460.1364
1935.575 459.9595
1935.524 460.0187
1935.584 460.0933
1935.613 460.0511
1935.602 459.9319
1935.605 459.8589
1935.643 459.8708
1935.674 459.9046
1935.625 459.891
1935.543 459.8711
1935.593 459.894
1935.628 459.9621
1935.622 459.9517
1935.606 459.8975
1935.606 459.8906
1691.859 640.8096
1691.823 640.8324
1691.809 640.8502
1691.817 640.89
1691.859 640.9583
1691.897 641.0402
1691.939 641.1271
1691.916 641.238
1691.925 641.3303
1691.918 641.4032
1691.911 641.4369
1691.917 641.4553
1691.947 641.4478
1692.009 641.4497
1692.041 641.4639
1692.087 641.4494
1692.095 641.4348
1692.104 641.4248
1692.101 641.4024
1692.105 641.3815
1692.13 641.3494
1692.228 641.2715
1692.311 641.21
1692.306 641.1899
1692.295 641.1739
1692.32 641.1625
1692.357 641.1495
1692.451 641.1364
1692.475 641.1147
1692.495 641.1085
1692.5 641.0875
1692.492 641.0871
1692.484 641.0774
1692.488 641.0649
1692.51 641.03
1692.533 640.9871
1692.539 640.9568
1692.534 640.9474
1692.483 640.9685
1692.413 640.9938
1692.351 641.0131
1692.29 641.0353
1692.258 641.0476
1692.262 641.0519
1692.309 641.0479
1692.426 641.0361
1692.522 641.0031
1692.672 640.9269
1692.884 640.8246
1693.146 640.6931
1693.43 640.5107
1693.764 640.2615
1694.037 639.996
1694.235 639.7656
1694.509 639.4413
1694.819 639.0446
1695.134 638.6212
1695.455 638.2056
1695.814 637.7776
1696.28 637.3299
1696.87 636.8668
1697.544 636.4175
1698.291 635.9725
1699.307 635.3826
1700.113 634.9554
1700.936 634.5787
1701.906 634.2206
1702.956 633.8799
1703.975 633.5936
1705.002 633.3257
1706.05 633.0556
1707.071 632.7644
1708.179 632.4407
1709.315 632.0921
1710.464 631.7308
1711.611 631.3107
1712.642 630.8688
1713.692 630.3182
1714.841 629.5764
1715.918 628.7203
1717.036 627.7662
1718.278 626.6463
1719.568 625.5331
1720.862 624.4313
1722.382 623.2308
1724.174 622.0228
1726.365 620.8267
1728.899 619.5084
1731.483 618.2444
1734.125 617.0114
1736.849 615.8248
1739.606 614.6706
1745.996 612.3945
1748.532 611.6015
1752.007 610.5803
1755.647 609.5328
1759.585 608.3964
1763.502 607.1924
1767.43 606.0104
1771.449 604.7689
1775.648 603.4473
1780.105 602.0851
1784.637 600.7519
1790.297 599.1674
1794.668 597.9204
1799.021 596.6106
1803.193 595.2816
1807.494 593.8619
1811.365 592.5797
1815.216 591.2281
1818.807 589.783
1822.301 588.2771
1825.683 586.7106
1828.859 585.1349
1832.162 583.4009
1834.699 581.916
1837.313 580.2285
1839.904 578.5295
1842.467 576.7331
1845.11 574.7025
1847.818 572.5901
1850.734 570.4987
1853.793 568.3022
1857.078 566.0618
1860.554 563.7444
1864.618 561.186
1872.059 556.3913
1873.312 555.4894
1876.452 553.2305
1879.31 551.0481
1881.811 548.9398
1884.021 546.9094
1885.867 544.9297
1887.457 542.9629
1888.859 540.9885
1890.182 539.1609
1891.429 537.3832
1892.46 535.9901
1893.599 534.2345
1894.357 532.3517
1894.441 530.503
1894.192 528.6299
1893.652 526.7491
1893.11 525.1569
1892.677 523.8521
1892.354 523.2633
1891.948 522.6684
1891.571 521.9019
1891.429 521.1321
1891.665 520.073
1891.713 519.8694
1891.816 519.4621
1892.065 518.9849
1892.605 518.5235
1893.435 518.1234
1894.654 517.5688
1896.01 516.9042
1897.669 516.1404
1899.376 515.3868
1901.211 514.5559
1904.145 513.2203
1906.437 512.0623
1908.583 510.753
1910.584 509.3263
1912.449 507.9061
1914.111 506.6372
1915.643 505.3102
1916.846 504.1181
1917.773 503.0752
1918.487 502.004
1918.833 500.9716
1918.858 500.1171
1918.667 499.4813
1918.196 498.9274
1917.532 498.4391
1916.79 498.1397
1915.984 497.95
1915.061 497.7967
1914.171 497.5729
1913.527 497.3554
1912.98 497.1784
1912.402 497.1515
1911.849 497.2677
1911.509 497.5211
1911.564 497.7768
1911.903 498.0887
1912.42 498.3987
1912.95 498.6928
1913.503 498.9608
1914.165 499.3553
1915.006 499.9023
1915.905 500.5795
1916.935 501.3154
1918.241 502.0186
1919.691 502.6044
1921.177 503.1898
1922.658 503.8317
1924.106 504.5112
1925.664 505.2648
1927.273 506.0326
1928.873 506.7856
1930.604 507.4726
1932.322 508.0634
1933.903 508.5734
1935.447 509.0147
1936.768 509.3269
1937.761 509.5679
1938.65 509.8363
1939.463 510.151
1940.156 510.4929
1940.737 510.8446
1941.15 511.1126
1941.367 511.3176
1941.404 511.4882
1941.232 511.648
1940.91 511.8237
1940.492 512.0187
1940.097 512.1719
1939.794 512.2516
1939.527 512.2274
1939.197 512.1274
1938.882 511.9247
1938.631 511.606
1938.472 511.2119
1938.268 510.7613
1937.886 510.2892
1937.339 509.8167
1936.868 509.403
1936.421 509.0348
1935.913 508.6325
1935.473 508.314
1934.859 507.9072
1934.163 507.5981
1933.36 507.3843
1932.471 507.1595
1931.511 506.8994
1930.485 506.6616
1929.375 506.5157
1928.191 506.36
1927.071 506.0731
1926.241 505.0589
1925.852 503.6934
1925.286 502.5012
1924.671 501.6107
1924.109 500.7216
1923.586 499.7354
1923.106 498.7671
1922.738 497.8109
1922.839 496.7868
1923.055 495.6786
1923.258 494.5609
1923.827 493.2701
1924.27 491.6551
1924.46 489.9009
1924.839 487.7849
1925.495 485.755
1926.385 483.5858
1927.403 481.45
1928.39 479.067
1929.242 476.6559
1930.15 474.007
1931.295 471.1919
1932.315 469.1074
1932.827 467.9525
1932.876 466.8247
1932.721 466.3836
1932.696 466.0386
1932.78 465.8672
1932.837 465.7931
1932.912 465.7729
1933.016 465.8019
1933.317 465.7043
1933.885 465.4268
1934.513 464.9722
1935.175 464.3125
1935.894 463.5919
1936.598 462.8281
1936.776 462.0384
1936.515 460.9855
1935.805 460.0446
1935.096 459.8703
1935.123 460.0916
1935.666 460.293
1935.896 460.3377
1935.755 460.1364
1935.575 459.9595
1935.524 460.0187
1935.584 460.0933
1935.613 460.0511
1935.602 459.9319
1935.605 459.8589
1935.643 459.8708
1935.674 459.9046
1935.625 459.891
1935.543 459.8711
1935.593 459.894
1935.628 459.9621
1935.622 459.9517
1935.606 459.8975
1935.606 459.8906
