1920 480
729.9388 461.8657
729.7302 461.856
729.804 461.8252
729.8926 461.813
729.761 461.8568
729.7422 461.8107
729.7305 461.8125
729.739 461.8279
729.6862 461.813
729.7054 461.8333
729.7468 461.8234
729.7591 461.8226
729.7178 461.8353
729.7142 461.8252
729.6423 461.8201
729.6732 461.8296
729.6061 461.8359
729.6546 461.8329
729.6582 461.8655
729.7057 461.8848
729.6709 461.8825
729.7441 461.886
729.7129 461.9089
729.7448 461.8867
729.7399 461.8988
729.7913 461.8607
729.7497 461.8794
729.8425 461.8799
729.8333 461.8711
729.8278 461.8849
729.8271 461.8922
729.8353 461.8892
729.8415 461.887
729.8304 461.8885
729.8044 461.8911
729.7907 461.9037
729.8105 461.9022
729.8141 461.904
729.8255 461.8919
729.8132 461.8893
729.7669 461.8906
729.8164 461.888
729.8213 461.8755
729.8141 461.8831
729.8408 461.8789
729.8317 461.8786
729.8337 461.8796
729.8356 461.8817
729.8474 461.8877
729.8509 461.891
729.8538 461.8966
729.8467 461.9051
729.8607 461.8999
729.8558 461.9041
729.8581 461.9108
729.8532 461.9153
729.8519 461.9253
729.8535 461.9271
729.8425 461.93
729.832 461.9365
729.8493 461.9387
729.8672 461.9429
729.9153 461.9336
729.9391 461.916
729.9333 461.9038
729.8939 461.9097
729.9196 461.9063
729.9219 461.9108
729.9473 461.9019
729.9554 461.8908
729.9365 461.8792
729.9245 461.8854
729.9177 461.8802
729.93 461.8791
729.9138 461.866
729.9075 461.8608
729.9053 461.8478
729.9056 461.8415
729.8903 461.8268
729.886 461.8055
729.8708 461.7956
729.8148 461.7936
729.7946 461.7995
729.8294 461.8115
729.8643 461.7996
729.8972 461.7913
729.9095 461.8055
729.9144 461.8053
729.8997 461.812
729.9131 461.8161
729.9258 461.8137
729.9372 461.8063
729.9505 461.8011
729.9675 461.7913
729.9717 461.7858
729.9756 461.7861
729.9766 461.7887
729.9684 461.7891
729.9792 461.787
729.9818 461.7897
729.9512 461.7979
729.9551 461.799
729.9485 461.8063
729.9619 461.8105
729.9739 461.8128
729.988 461.8145
729.9951 461.8187
729.9642 461.8228
729.9349 461.8239
729.8932 461.8218
729.8493 461.8195
729.8083 461.8174
729.8063 461.8335
729.7936 461.8294
729.7998 461.8215
729.804 461.8289
729.7966 461.8286
729.8184 461.8315
729.834 461.8341
729.8727 461.835
729.8867 461.8319
729.9075 461.8275
729.9157 461.8346
729.9368 461.8359
729.9352 461.8416
729.946 461.8369
729.9277 461.8434
729.9219 461.8472
729.944 461.8257
729.946 461.8231
729.9362 461.8211
729.9362 461.8249
729.9326 461.8314
729.9841 461.825
730.0176 461.8221
729.9971 461.8247
729.9688 461.8284
729.9655 461.8301
729.9736 461.8253
729.9808 461.8216
729.9857 461.8198
730 461.8198
730.0117 461.8197
730.0198 461.8291
729.9935 461.8343
729.9785 461.8398
729.9811 461.8395
729.97 461.8315
729.9616 461.8224
729.9626 461.8179
729.9567 461.8197
729.9642 461.8177
729.96 461.8174
729.9534 461.8197
729.9349 461.8234
729.9365 461.8234
729.928 461.8325
729.9216 461.8403
729.8919 461.8416
729.8682 461.8493
729.8347 461.8553
729.8294 461.8613
729.7894 461.8643
729.7708 461.8643
729.7607 461.8579
729.7503 461.8539
729.7191 461.8555
729.6862 461.8579
729.6644 461.8572
729.6667 461.8581
729.6243 461.8602
729.6068 461.8626
729.5986 461.8577
729.6296 461.84
729.6165 461.8296
729.6006 461.8361
729.5801 461.8346
729.5599 461.8395
729.5703 461.8372
729.5703 461.8416
729.5599 461.8446
729.4899 461.8551
729.485 461.8535
729.4564 461.861
729.4626 461.8519
729.4818 461.8524
729.514 461.8472
729.5195 461.8546
729.5456 461.8419
729.5544 461.8395
729.5791 461.8309
729.5944 461.8161
729.6182 461.8175
729.6136 461.8257
729.6016 461.833
729.5625 461.8377
729.5794 461.8324
729.5827 461.8208
729.5947 461.8135
729.6133 461.8228
729.6263 461.8288
729.626 461.8284
729.6533 461.8252
729.6647 461.8218
729.6777 461.819
729.6699 461.817
729.6898 461.8158
729.6823 461.8232
729.6859 461.8268
729.68 461.8234
729.6677 461.8213
729.6653 461.8167
729.6683 461.8148
729.6543 461.8127
729.6621 461.8032
729.6602 461.8013
729.6891 461.8055
729.6768 461.8069
729.678 461.8069
729.6647 461.8005
729.6533 461.8006
729.6585 461.8011
729.6868 461.7975
729.7214 461.7923
729.7503 461.7817
729.7503 461.7755
729.7614 461.7798
729.7614 461.7829
729.7666 461.7788
729.7839 461.7743
729.8001 461.7712
729.7874 461.7693
729.8015 461.7831
729.7903 461.798
729.7858 461.804
729.7728 461.8003
729.7796 461.8083
729.7776 461.812
729.7842 461.8182
729.7731 461.8247
729.7881 461.8276
729.8008 461.8336
729.8184 461.8364
729.7988 461.8389
729.777 461.8475
729.7825 461.8462
729.7946 461.8485
729.7903 461.8511
729.8184 461.8537
729.82 461.8494
729.8161 461.8483
729.8447 461.8457
729.8818 461.8362
729.8926 461.8354
729.9128 461.8434
729.9147 461.8338
729.9297 461.8218
729.9271 461.8195
729.9186 461.8206
729.9026 461.8211
729.916 461.8167
729.9355 461.8132
729.9388 461.8177
729.9355 461.8169
729.9339 461.822
729.9466 461.8229
729.9414 461.8253
729.9362 461.8237
729.9395 461.825
729.9424 461.8193
729.97 461.8175
729.988 461.8193
729.9896 461.8246
729.9997 461.825
729.9902 461.8148
729.9854 461.814
729.9866 461.8137
729.9727 461.8102
729.9785 461.812
729.9821 461.8163
729.958 461.8236
729.9313 461.8298
729.9268 461.8258
729.944 461.8135
729.9766 461.806
730 461.808
730.0166 461.8167
730.0202 461.8208
730.0208 461.8221
730.0413 461.8262
730.0625 461.8163
730.0589 461.8208
730.0716 461.8236
730.0605 461.8275
730.0801 461.817
730.113 461.8105
730.1276 461.811
730.1292 461.8122
730.1191 461.8197
1920 480
729.9388 461.8657
729.7302 461.856
729.804 461.8252
729.8926 461.813
729.761 461.8568
729.7422 461.8107
729.7305 461.8125
729.739 461.8279
729.6862 461.813
729.7054 461.8333
729.7468 461.8234
729.7591 461.8226
729.7178 461.8353
729.7142 461.8252
729.6423 461.8201
729.6732 461.8296
729.6061 461.8359
729.6546 461.8329
729.6582 461.8655
729.7057 461.8848
729.6709 461.8825
729.7441 461.886
729.7129 461.9089
729.7448 461.8867
729.7399 461.8988
729.7913 461.8607
729.7497 461.8794
729.8425 461.8799
729.8333 461.8711
729.8278 461.8849
729.8271 461.8922
729.8353 461.8892
729.8415 461.887
729.8304 461.8885
729.8044 461.8911
729.7907 461.9037
729.8105 461.9022
729.8141 461.904
729.8255 461.8919
729.8132 461.8893
729.7669 461.8906
729.8164 461.888
729.8213 461.8755
729.8141 461.8831
729.8408 461.8789
729.8317 461.8786
729.8337 461.8796
729.8356 461.8817
729.8474 461.8877
729.8509 461.891
729.8538 461.8966
729.8467 461.9051
729.8607 461.8999
729.8558 461.9041
729.8581 461.9108
729.8532 461.9153
729.8519 461.9253
729.8535 461.9271
729.8425 461.93
729.832 461.9365
729.8493 461.9387
729.8672 461.9429
729.9153 461.9336
729.9391 461.916
729.9333 461.9038
729.8939 461.9097
729.9196 461.9063
729.9219 461.9108
729.9473 461.9019
729.9554 461.8908
729.9365 461.8792
729.9245 461.8854
729.9177 461.8802
729.93 461.8791
729.9138 461.866
729.9075 461.8608
729.9053 461.8478
729.9056 461.8415
729.8903 461.8268
729.886 461.8055
729.8708 461.7956
729.8148 461.7936
729.7946 461.7995
729.8294 461.8115
729.8643 461.7996
729.8972 461.7913
729.9095 461.8055
729.9144 461.8053
729.8997 461.812
729.9131 461.8161
729.9258 461.8137
729.9372 461.8063
729.9505 461.8011
729.9675 461.7913
729.9717 461.7858
729.9756 461.7861
729.9766 461.7887
729.9684 461.7891
729.9792 461.787
729.9818 461.7897
729.9512 461.7979
729.9551 461.799
729.9485 461.8063
729.9619 461.8105
729.9739 461.8128
729.988 461.8145
729.9951 461.8187
729.9642 461.8228
729.9349 461.8239
729.8932 461.8218
729.8493 461.8195
729.8083 461.8174
729.8063 461.8335
729.7936 461.8294
729.7998 461.8215
729.804 461.8289
729.7966 461.8286
729.8184 461.8315
729.834 461.8341
729.8727 461.835
729.8867 461.8319
729.9075 461.8275
729.9157 461.8346
729.9368 461.8359
729.9352 461.8416
729.946 461.8369
729.9277 461.8434
729.9219 461.8472
729.944 461.8257
729.946 461.8231
729.9362 461.8211
729.9362 461.8249
729.9326 461.8314
729.9841 461.825
730.0176 461.8221
729.9971 461.8247
729.9688 461.8284
729.9655 461.8301
729.9736 461.8253
729.9808 461.8216
729.9857 461.8198
730 461.8198
730.0117 461.8197
730.0198 461.8291
729.9935 461.8343
729.9785 461.8398
729.9811 461.8395
729.97 461.8315
729.9616 461.8224
729.9626 461.8179
729.9567 461.8197
729.9642 461.8177
729.96 461.8174
729.9534 461.8197
729.9349 461.8234
729.9365 461.8234
729.928 461.8325
729.9216 461.8403
729.8919 461.8416
729.8682 461.8493
729.8347 461.8553
729.8294 461.8613
729.7894 461.8643
729.7708 461.8643
729.7607 461.8579
729.7503 461.8539
729.7191 461.8555
729.6862 461.8579
729.6644 461.8572
729.6667 461.8581
729.6243 461.8602
729.6068 461.8626
729.5986 461.8577
729.6296 461.84
729.6165 461.8296
729.6006 461.8361
729.5801 461.8346
729.5599 461.8395
729.5703 461.8372
729.5703 461.8416
729.5599 461.8446
729.4899 461.8551
729.485 461.8535
729.4564 461.861
729.4626 461.8519
729.4818 461.8524
729.514 461.8472
729.5195 461.8546
729.5456 461.8419
729.5544 461.8395
729.5791 461.8309
729.5944 461.8161
729.6182 461.8175
729.6136 461.8257
729.6016 461.833
729.5625 461.8377
729.5794 461.8324
729.5827 461.8208
729.5947 461.8135
729.6133 461.8228
729.6263 461.8288
729.626 461.8284
729.6533 461.8252
729.6647 461.8218
729.6777 461.819
729.6699 461.817
729.6898 461.8158
729.6823 461.8232
729.6859 461.8268
729.68 461.8234
729.6677 461.8213
729.6653 461.8167
729.6683 461.8148
729.6543 461.8127
729.6621 461.8032
729.6602 461.8013
729.6891 461.8055
729.6768 461.8069
729.678 461.8069
729.6647 461.8005
729.6533 461.8006
729.6585 461.8011
729.6868 461.7975
729.7214 461.7923
729.7503 461.7817
729.7503 461.7755
729.7614 461.7798
729.7614 461.7829
729.7666 461.7788
729.7839 461.7743
729.8001 461.7712
729.7874 461.7693
729.8015 461.7831
729.7903 461.798
729.7858 461.804
729.7728 461.8003
729.7796 461.8083
729.7776 461.812
729.7842 461.8182
729.7731 461.8247
729.7881 461.8276
729.8008 461.8336
729.8184 461.8364
729.7988 461.8389
729.777 461.8475
729.7825 461.8462
729.7946 461.8485
729.7903 461.8511
729.8184 461.8537
729.82 461.8494
729.8161 461.8483
729.8447 461.8457
729.8818 461.8362
729.8926 461.8354
729.9128 461.8434
729.9147 461.8338
729.9297 461.8218
729.9271 461.8195
729.9186 461.8206
729.9026 461.8211
729.916 461.8167
729.9355 461.8132
729.9388 461.8177
729.9355 461.8169
729.9339 461.822
729.9466 461.8229
729.9414 461.8253
729.9362 461.8237
729.9395 461.825
729.9424 461.8193
729.97 461.8175
729.988 461.8193
729.9896 461.8246
729.9997 461.825
729.9902 461.8148
729.9854 461.814
729.9866 461.8137
729.9727 461.8102
729.9785 461.812
729.9821 461.8163
729.958 461.8236
729.9313 461.8298
729.9268 461.8258
729.944 461.8135
729.9766 461.806
730 461.808
730.0166 461.8167
730.0202 461.8208
730.0208 461.8221
730.0413 461.8262
730.0625 461.8163
730.0589 461.8208
730.0716 461.8236
730.0605 461.8275
730.0801 461.817
730.113 461.8105
730.1276 461.811
730.1292 461.8122
730.1191 461.8197
730.096 461.8167
730.0677 461.8205
730.0645 461.8252
730.083 461.8317
730.0866 461.8361
730.0706 461.8438
730.0361 461.8493
730.0413 461.8444
730.0462 461.8392
730.055 461.8403
730.0654 461.8419
730.0807 461.8468
730.0791 461.8408
730.1009 461.8415
730.1045 461.843
730.0967 461.8426
730.0765 461.8498
730.0687 461.8499
730.071 461.8436
730.0716 461.8442
730.07 461.8394
730.043 461.8418
730.0544 461.8407
730.0876 461.838
730.0925 461.8428
730.0908 461.8395
730.0671 461.8485
730.053 461.855
730.0446 461.8622
730.0449 461.8524
730.0498 461.8529
730.0228 461.8521
729.9922 461.8564
729.9678 461.8571
729.9632 461.8592
729.9782 461.8535
729.999 461.8413
730.0186 461.8338
730.0153 461.819
730.0195 461.8101
730.0427 461.8052
730.0491 461.8
730.0449 461.7996
730.0576 461.7936
730.071 461.7979
730.0687 461.7986
730.085 461.804
730.1052 461.8032
730.0889 461.8081
730.1068 461.8078
730.1074 461.8083
730.114 461.813
730.1201 461.8234
730.1071 461.832
730.0869 461.8291
730.0866 461.82
730.0605 461.8195
730.0684 461.8167
730.0706 461.8215
730.0693 461.8366
730.0618 461.8402
730.0599 461.8413
730.0696 461.8431
730.0544 461.8485
730.0254 461.8551
730.0352 461.8548
730.0677 461.8491
730.0801 461.8472
730.1006 461.8398
730.1169 461.8426
730.1211 461.8467
730.1172 461.8433
730.0921 461.8371
730.0762 461.84
730.0586 461.8418
730.0735 461.8403
730.0488 461.8478
730.0537 461.8412
730.04 461.8449
730.0319 461.8405
730.0335 461.8376
730.0023 461.8564
729.985 461.8571
729.9944 461.8517
730.011 461.8514
730.0218 461.8553
730.0267 461.8522
730.0579 461.8442
730.0862 461.8456
730.0781 461.8556
730.0495 461.8501
730.0508 461.8456
730.0501 461.8475
730.0462 461.8419
730.0417 461.8415
730.0218 461.8459
729.9974 461.8467
729.998 461.8485
730.0026 461.8591
729.9798 461.8682
729.9932 461.8688
730.0042 461.8631
729.9974 461.8781
729.9902 461.8817
729.9645 461.8853
729.9456 461.894
729.9427 461.9056
729.916 461.9051
729.8932 461.9016
729.9017 461.896
729.9001 461.8966
729.8972 461.9032
729.9238 461.9054
729.9362 461.9022
729.9485 461.8932
729.9577 461.8844
729.9531 461.8833
729.9629 461.8634
729.9668 461.8657
729.9684 461.8706
729.9531 461.8739
729.9609 461.8724
729.9724 461.8703
729.9795 461.8673
729.96 461.8719
729.9733 461.873
729.9688 461.8779
729.9616 461.8763
729.9446 461.8682
729.9636 461.8587
729.9521 461.8579
729.9671 461.8576
729.9557 461.8571
729.9368 461.8607
729.9177 461.8714
729.9333 461.8799
729.93 461.8833
729.9407 461.8952
729.9349 461.8874
729.9583 461.8905
729.9759 461.8913
729.9896 461.8908
729.9964 461.8919
730.013 461.8929
730.0306 461.8856
730.0596 461.8818
730.0934 461.8854
730.0983 461.8817
730.0957 461.8813
730.0901 461.8936
730.0732 461.8997
730.0563 461.9038
730.0618 461.8994
730.2106 461.7983
730.2272 461.793
730.2334 461.7967
730.2366 461.8123
730.2136 461.8128
730.1882 461.8123
730.1686 461.8154
730.1673 461.8195
730.1631 461.813
730.1413 461.8076
730.1315 461.8119
730.1309 461.8021
730.154 461.8055
730.1484 461.7949
730.1494 461.7985
730.1279 461.7928
730.1475 461.7954
730.137 461.7949
730.1357 461.7923
730.1348 461.7972
730.125 461.7998
730.1436 461.8047
730.1442 461.8068
730.1035 461.8211
730.0827 461.8351
730.0869 461.8255
730.0618 461.8252
730.0309 461.8346
730.0349 461.8301
730.0648 461.8299
730.0862 461.8314
730.0651 461.8312
730.0566 461.82
730.0505 461.8203
730.07 461.8237
730.0593 461.8151
730.0495 461.8146
730.0547 461.8141
730.0788 461.8053
730.0681 461.8094
730.0759 461.8042
730.0488 461.8084
730.043 461.8071
730.0609 461.804
730.0459 461.8045
730.029 461.8084
730.0349 461.8027
730.0374 461.8117
730.027 461.8076
730.0309 461.8122
730.0303 461.8143
730.0319 461.8105
730.041 461.8125
730.0801 461.8153
730.082 461.8246
730.0657 461.8367
730.1048 461.839
730.126 461.8389
730.127 461.8351
730.123 461.8364
730.1172 461.8413
730.0908 461.8444
730.0915 461.8503
730.0759 461.8499
730.0674 461.8501
730.0479 461.8561
730.0511 461.8584
730.0475 461.8569
730.0491 461.8499
730.0427 461.8551
730.0182 461.8617
730.0137 461.8698
729.9905 461.8687
729.9665 461.8579
729.9531 461.8595
729.9446 461.8698
729.9509 461.8748
729.9375 461.887
729.9346 461.8877
729.9261 461.8867
729.9515 461.8955
729.959 461.8929
729.9606 461.8849
729.9909 461.8818
730.0026 461.8931
729.999 461.9053
729.9958 461.9035
730.0114 461.9044
730.013 461.9074
730.0205 461.908
730.012 461.9095
730.015 461.9128
730.0163 461.9191
730.0368 461.9163
730.0222 461.9189
730.0524 461.9129
730.0612 461.9144
730.0811 461.9222
730.0866 461.9294
730.0859 461.9377
730.069 461.9398
730.0869 461.9341
730.1426 461.9312
730.1638 461.9215
730.155 461.9141
730.1683 461.9105
730.1758 461.9118
730.1618 461.9099
730.1478 461.9067
730.1419 461.9005
730.1419 461.9014
730.0993 461.9066
730.0977 461.9097
730.126 461.9022
730.136 461.8997
730.1442 461.9076
730.166 461.9103
730.1602 461.9102
730.1855 461.9005
730.1966 461.9014
730.1819 461.9215
730.1859 461.9259
730.1758 461.9382
730.1465 461.9471
730.138 461.9419
730.1306 461.939
730.1484 461.9455
730.1526 461.9456
730.1696 461.9377
730.1745 461.923
730.154 461.9289
730.137 461.9269
730.1296 461.9294
730.1306 461.9203
730.1426 461.912
730.1836 461.8953
730.2005 461.896
730.1911 461.9025
730.1849 461.8991
730.1865 461.887
730.18 461.8817
730.1638 461.8879
730.1618 461.8879
730.1582 461.8827
730.1487 461.8918
730.1634 461.8778
730.1709 461.8774
730.096 461.8167
730.0677 461.8205
730.0645 461.8252
730.083 461.8317
730.0866 461.8361
730.0706 461.8438
730.0361 461.8493
730.0413 461.8444
730.0462 461.8392
730.055 461.8403
730.0654 461.8419
730.0807 461.8468
730.0791 461.8408
730.1009 461.8415
730.1045 461.843
730.0967 461.8426
730.0765 461.8498
730.0687 461.8499
730.071 461.8436
730.0716 461.8442
730.07 461.8394
730.043 461.8418
730.0544 461.8407
730.0876 461.838
730.0925 461.8428
730.0908 461.8395
730.0671 461.8485
730.053 461.855
730.0446 461.8622
730.0449 461.8524
730.0498 461.8529
730.0228 461.8521
729.9922 461.8564
729.9678 461.8571
729.9632 461.8592
729.9782 461.8535
729.999 461.8413
730.0186 461.8338
730.0153 461.819
730.0195 461.8101
730.0427 461.8052
730.0491 461.8
730.0449 461.7996
730.0576 461.7936
730.071 461.7979
730.0687 461.7986
730.085 461.804
730.1052 461.8032
730.0889 461.8081
730.1068 461.8078
730.1074 461.8083
730.114 461.813
730.1201 461.8234
730.1071 461.832
730.0869 461.8291
730.0866 461.82
730.0605 461.8195
730.0684 461.8167
730.0706 461.8215
730.0693 461.8366
730.0618 461.8402
730.0599 461.8413
730.0696 461.8431
730.0544 461.8485
730.0254 461.8551
730.0352 461.8548
730.0677 461.8491
730.0801 461.8472
730.1006 461.8398
730.1169 461.8426
730.1211 461.8467
730.1172 461.8433
730.0921 461.8371
730.0762 461.84
730.0586 461.8418
730.0735 461.8403
730.0488 461.8478
730.0537 461.8412
730.04 461.8449
730.0319 461.8405
730.0335 461.8376
730.0023 461.8564
729.985 461.8571
729.9944 461.8517
730.011 461.8514
730.0218 461.8553
730.0267 461.8522
730.0579 461.8442
730.0862 461.8456
730.0781 461.8556
730.0495 461.8501
730.0508 461.8456
730.0501 461.8475
730.0462 461.8419
730.0417 461.8415
730.0218 461.8459
729.9974 461.8467
729.998 461.8485
730.0026 461.8591
729.9798 461.8682
729.9932 461.8688
730.0042 461.8631
729.9974 461.8781
729.9902 461.8817
729.9645 461.8853
729.9456 461.894
729.9427 461.9056
729.916 461.9051
729.8932 461.9016
729.9017 461.896
729.9001 461.8966
729.8972 461.9032
729.9238 461.9054
729.9362 461.9022
729.9485 461.8932
729.9577 461.8844
729.9531 461.8833
729.9629 461.8634
729.9668 461.8657
729.9684 461.8706
729.9531 461.8739
729.9609 461.8724
729.9724 461.8703
729.9795 461.8673
729.96 461.8719
729.9733 461.873
729.9688 461.8779
729.9616 461.8763
729.9446 461.8682
729.9636 461.8587
729.9521 461.8579
729.9671 461.8576
729.9557 461.8571
729.9368 461.8607
729.9177 461.8714
729.9333 461.8799
729.93 461.8833
729.9407 461.8952
729.9349 461.8874
729.9583 461.8905
729.9759 461.8913
729.9896 461.8908
729.9964 461.8919
730.013 461.8929
730.0306 461.8856
730.0596 461.8818
730.0934 461.8854
730.0983 461.8817
730.0957 461.8813
730.0901 461.8936
730.0732 461.8997
730.0563 461.9038
730.0618 461.8994
730.2106 461.7983
730.2272 461.793
730.2334 461.7967
730.2366 461.8123
730.2136 461.8128
730.1882 461.8123
730.1686 461.8154
730.1673 461.8195
730.1631 461.813
730.1413 461.8076
730.1315 461.8119
730.1309 461.8021
730.154 461.8055
730.1484 461.7949
730.1494 461.7985
730.1279 461.7928
730.1475 461.7954
730.137 461.7949
730.1357 461.7923
730.1348 461.7972
730.125 461.7998
730.1436 461.8047
730.1442 461.8068
730.1035 461.8211
730.0827 461.8351
730.0869 461.8255
730.0618 461.8252
730.0309 461.8346
730.0349 461.8301
730.0648 461.8299
730.0862 461.8314
730.0651 461.8312
730.0566 461.82
730.0505 461.8203
730.07 461.8237
730.0593 461.8151
730.0495 461.8146
730.0547 461.8141
730.0788 461.8053
730.0681 461.8094
730.0759 461.8042
730.0488 461.8084
730.043 461.8071
730.0609 461.804
730.0459 461.8045
730.029 461.8084
730.0349 461.8027
730.0374 461.8117
730.027 461.8076
730.0309 461.8122
730.0303 461.8143
730.0319 461.8105
730.041 461.8125
730.0801 461.8153
730.082 461.8246
730.0657 461.8367
730.1048 461.839
730.126 461.8389
730.127 461.8351
730.123 461.8364
730.1172 461.8413
730.0908 461.8444
730.0915 461.8503
730.0759 461.8499
730.0674 461.8501
730.0479 461.8561
730.0511 461.8584
730.0475 461.8569
730.0491 461.8499
730.0427 461.8551
730.0182 461.8617
730.0137 461.8698
729.9905 461.8687
729.9665 461.8579
729.9531 461.8595
729.9446 461.8698
729.9509 461.8748
729.9375 461.887
729.9346 461.8877
729.9261 461.8867
729.9515 461.8955
729.959 461.8929
729.9606 461.8849
729.9909 461.8818
730.0026 461.8931
729.999 461.9053
729.9958 461.9035
730.0114 461.9044
730.013 461.9074
730.0205 461.908
730.012 461.9095
730.015 461.9128
730.0163 461.9191
730.0368 461.9163
730.0222 461.9189
730.0524 461.9129
730.0612 461.9144
730.0811 461.9222
730.0866 461.9294
730.0859 461.9377
730.069 461.9398
730.0869 461.9341
730.1426 461.9312
730.1638 461.9215
730.155 461.9141
730.1683 461.9105
730.1758 461.9118
730.1618 461.9099
730.1478 461.9067
730.1419 461.9005
730.1419 461.9014
730.0993 461.9066
730.0977 461.9097
730.126 461.9022
730.136 461.8997
730.1442 461.9076
730.166 461.9103
730.1602 461.9102
730.1855 461.9005
730.1966 461.9014
730.1819 461.9215
730.1859 461.9259
730.1758 461.9382
730.1465 461.9471
730.138 461.9419
730.1306 461.939
730.1484 461.9455
730.1526 461.9456
730.1696 461.9377
730.1745 461.923
730.154 461.9289
730.137 461.9269
730.1296 461.9294
730.1306 461.9203
730.1426 461.912
730.1836 461.8953
730.2005 461.896
730.1911 461.9025
730.1849 461.8991
730.1865 461.887
730.18 461.8817
730.1638 461.8879
730.1618 461.8879
730.1582 461.8827
730.1487 461.8918
730.1634 461.8778
730.1709 461.8774
730.1774 461.8791
730.1846 461.8846
730.1765 461.8901
730.1599 461.8966
730.138 461.8906
730.1413 461.882
730.125 461.877
730.1292 461.8792
730.127 461.8734
730.1315 461.873
730.111 461.8709
730.0947 461.8716
730.1013 461.8643
730.084 461.8696
730.0713 461.8669
730.0791 461.8561
730.0693 461.849
730.0693 461.8454
730.0938 461.8486
730.1172 461.8525
730.1123 461.855
730.0869 461.849
730.0677 461.8572
730.0651 461.862
730.0472 461.8696
730.0469 461.8628
730.055 461.8534
730.0482 461.8564
730.0293 461.866
730.0156 461.8655
730.0091 461.8634
729.998 461.8605
729.9938 461.8576
729.9974 461.8431
729.9782 461.8521
729.9876 461.8446
729.9932 461.8521
729.9993 461.8478
730.0198 461.846
730.0388 461.8566
730.0576 461.8591
730.0466 461.8576
730.0475 461.856
730.0439 461.8618
730.0569 461.8662
730.0537 461.8613
730.0625 461.862
730.0498 461.8745
730.0286 461.8815
730.0146 461.876
730.0261 461.876
730.0732 461.8631
730.0661 461.8626
730.0681 461.8683
730.056 461.8654
730.0446 461.8586
730.0446 461.8649
730.0475 461.8716
730.0491 461.874
730.0681 461.8737
730.0986 461.8742
730.0869 461.8787
730.0967 461.8773
730.0794 461.8774
730.0677 461.8815
730.0807 461.8877
730.0853 461.8911
730.098 461.8848
730.0954 461.8846
730.0967 461.8869
730.0983 461.8815
730.1042 461.8888
730.112 461.8947
730.1172 461.8961
730.0876 461.897
730.1077 461.8903
730.0882 461.8822
730.1061 461.8705
730.0807 461.8655
730.0605 461.8615
730.0469 461.862
730.0306 461.8647
730.0212 461.8709
730.0114 461.8783
729.9844 461.8893
729.9655 461.8921
729.9336 461.8893
729.9316 461.8905
729.944 461.8913
729.9606 461.8943
729.9915 461.8957
729.9733 461.9026
729.9446 461.9043
729.9636 461.9128
729.9551 461.9203
729.9554 461.9253
729.9521 461.9193
729.9502 461.9188
729.9534 461.9124
729.971 461.8978
729.9554 461.8965
729.9128 461.903
729.9072 461.8996
729.8782 461.9077
729.8392 461.9253
729.8255 461.9266
729.8161 461.9225
729.8223 461.9227
729.8171 461.9248
729.8216 461.9251
729.8151 461.9178
729.8145 461.9152
729.7803 461.9067
729.7747 461.8961
729.748 461.8943
729.7744 461.8887
729.8112 461.8963
729.8425 461.9054
729.8444 461.9044
729.8359 461.9079
729.8535 461.9108
729.8386 461.9142
729.8591 461.9072
729.8776 461.9106
729.8727 461.9155
729.864 461.918
729.8887 461.922
729.9033 461.9241
729.8994 461.9258
729.902 461.9251
729.9277 461.9219
729.9427 461.9304
729.9102 461.9496
729.8757 461.9549
729.8854 461.9438
729.9036 461.9359
729.9066 461.9355
729.9437 461.9243
729.9502 461.9137
729.9808 461.9077
730.0101 461.9037
730.0234 461.9103
730.0342 461.9132
730.0306 461.9136
730.0293 461.9074
730.0309 461.8989
729.9977 461.902
729.9769 461.8979
729.9844 461.9097
729.9821 461.9162
730.0068 461.9066
729.9929 461.9064
730.0013 461.91
730.0071 461.9071
730.0081 461.9043
730.0091 461.9041
730.0124 461.9095
730.0146 461.9103
730.0146 461.9046
729.9941 461.9032
730.0049 461.9004
729.9964 461.9017
729.9841 461.9046
729.9544 461.9076
729.9362 461.902
729.9232 461.9046
729.9177 461.9022
729.9134 461.8945
729.9466 461.8817
729.9378 461.881
729.9466 461.8789
729.9827 461.8787
729.9805 461.8774
729.9642 461.8773
729.9541 461.8791
729.9814 461.8799
729.9837 461.8823
729.9915 461.8784
729.9583 461.8766
729.9183 461.8867
729.9307 461.8791
729.9534 461.873
729.9629 461.8719
729.9671 461.8737
729.9785 461.8639
729.9675 461.8727
729.9251 461.8802
729.9147 461.8813
729.9183 461.8867
729.9355 461.8898
729.9241 461.9014
729.9265 461.904
729.9333 461.904
729.9333 461.9066
729.9173 461.9085
729.9167 461.9158
729.8926 461.918
729.9011 461.9196
729.9271 461.9227
729.9307 461.9286
729.9072 461.9276
729.8714 461.9319
729.8607 461.9413
729.8408 461.9378
729.8464 461.9316
729.8415 461.9354
729.8662 461.9354
729.889 461.929
729.9075 461.9209
729.8975 461.9268
729.9059 461.9333
729.9411 461.9445
729.9606 461.9502
729.9583 461.9574
729.9453 461.9585
729.9492 461.9487
729.9265 461.9429
729.9063 461.9349
729.9085 461.9254
729.8884 461.9235
729.8926 461.9141
729.8984 461.9089
729.9277 461.9084
729.9476 461.9094
729.9427 461.8932
729.9349 461.8864
729.9212 461.8879
729.9251 461.8896
729.9385 461.8825
729.9336 461.8877
729.9026 461.8862
729.886 461.8888
729.8877 461.876
729.8845 461.8758
729.86 461.876
729.8662 461.8779
729.8646 461.8806
729.8672 461.8781
729.8786 461.8776
729.8806 461.8804
729.9235 461.8789
729.9736 461.8766
729.9714 461.8721
729.9694 461.8693
729.9691 461.8734
729.9717 461.8936
729.9531 461.903
729.9538 461.9268
729.9134 461.9463
729.9333 461.9474
729.9258 461.9547
729.8906 461.9562
729.9147 461.9559
729.9274 461.9539
729.9375 461.9526
729.9521 461.9424
729.9453 461.9448
729.9417 461.9564
729.9499 461.9634
729.9609 461.9572
729.9626 461.9456
729.9548 461.9425
729.9837 461.9408
730 461.9382
729.9603 461.9398
729.9515 461.9263
729.9446 461.93
729.9515 461.9302
729.9632 461.9304
729.9905 461.9399
730.0156 461.9342
730.0046 461.9253
730.0007 461.9165
729.9941 461.9074
729.9987 461.9076
729.9941 461.9089
729.9766 461.9038
730.011 461.9069
730.0254 461.9105
730.0482 461.9084
730.0593 461.9115
730.0501 461.9141
730.069 461.915
730.0534 461.9185
730.041 461.9183
730.0407 461.918
730.0403 461.9158
730.0589 461.9307
730.0612 461.9347
730.053 461.9399
730.0459 461.9451
730.04 461.9494
730.0231 461.9465
730.0313 461.9417
730.011 461.9337
729.97 461.9307
729.9404 461.9357
729.9482 461.9344
729.944 461.9349
729.9437 461.9377
730.1774 461.8791
730.1846 461.8846
730.1765 461.8901
730.1599 461.8966
730.138 461.8906
730.1413 461.882
730.125 461.877
730.1292 461.8792
730.127 461.8734
730.1315 461.873
730.111 461.8709
730.0947 461.8716
730.1013 461.8643
730.084 461.8696
730.0713 461.8669
730.0791 461.8561
730.0693 461.849
730.0693 461.8454
730.0938 461.8486
730.1172 461.8525
730.1123 461.855
730.0869 461.849
730.0677 461.8572
730.0651 461.862
730.0472 461.8696
730.0469 461.8628
730.055 461.8534
730.0482 461.8564
730.0293 461.866
730.0156 461.8655
730.0091 461.8634
729.998 461.8605
729.9938 461.8576
729.9974 461.8431
729.9782 461.8521
729.9876 461.8446
729.9932 461.8521
729.9993 461.8478
730.0198 461.846
730.0388 461.8566
730.0576 461.8591
730.0466 461.8576
730.0475 461.856
730.0439 461.8618
730.0569 461.8662
730.0537 461.8613
730.0625 461.862
730.0498 461.8745
730.0286 461.8815
730.0146 461.876
730.0261 461.876
730.0732 461.8631
730.0661 461.8626
730.0681 461.8683
730.056 461.8654
730.0446 461.8586
730.0446 461.8649
730.0475 461.8716
730.0491 461.874
730.0681 461.8737
730.0986 461.8742
730.0869 461.8787
730.0967 461.8773
730.0794 461.8774
730.0677 461.8815
730.0807 461.8877
730.0853 461.8911
730.098 461.8848
730.0954 461.8846
730.0967 461.8869
730.0983 461.8815
730.1042 461.8888
730.112 461.8947
730.1172 461.8961
730.0876 461.897
730.1077 461.8903
730.0882 461.8822
730.1061 461.8705
730.0807 461.8655
730.0605 461.8615
730.0469 461.862
730.0306 461.8647
730.0212 461.8709
730.0114 461.8783
729.9844 461.8893
729.9655 461.8921
729.9336 461.8893
729.9316 461.8905
729.944 461.8913
729.9606 461.8943
729.9915 461.8957
729.9733 461.9026
729.9446 461.9043
729.9636 461.9128
729.9551 461.9203
729.9554 461.9253
729.9521 461.9193
729.9502 461.9188
729.9534 461.9124
729.971 461.8978
729.9554 461.8965
729.9128 461.903
729.9072 461.8996
729.8782 461.9077
729.8392 461.9253
729.8255 461.9266
729.8161 461.9225
729.8223 461.9227
729.8171 461.9248
729.8216 461.9251
729.8151 461.9178
729.8145 461.9152
729.7803 461.9067
729.7747 461.8961
729.748 461.8943
729.7744 461.8887
729.8112 461.8963
729.8425 461.9054
729.8444 461.9044
729.8359 461.9079
729.8535 461.9108
729.8386 461.9142
729.8591 461.9072
729.8776 461.9106
729.8727 461.9155
729.864 461.918
729.8887 461.922
729.9033 461.9241
729.8994 461.9258
729.902 461.9251
729.9277 461.9219
729.9427 461.9304
729.9102 461.9496
729.8757 461.9549
729.8854 461.9438
729.9036 461.9359
729.9066 461.9355
729.9437 461.9243
729.9502 461.9137
729.9808 461.9077
730.0101 461.9037
730.0234 461.9103
730.0342 461.9132
730.0306 461.9136
730.0293 461.9074
730.0309 461.8989
729.9977 461.902
729.9769 461.8979
729.9844 461.9097
729.9821 461.9162
730.0068 461.9066
729.9929 461.9064
730.0013 461.91
730.0071 461.9071
730.0081 461.9043
730.0091 461.9041
730.0124 461.9095
730.0146 461.9103
730.0146 461.9046
729.9941 461.9032
730.0049 461.9004
729.9964 461.9017
729.9841 461.9046
729.9544 461.9076
729.9362 461.902
729.9232 461.9046
729.9177 461.9022
729.9134 461.8945
729.9466 461.8817
729.9378 461.881
729.9466 461.8789
729.9827 461.8787
729.9805 461.8774
729.9642 461.8773
729.9541 461.8791
729.9814 461.8799
729.9837 461.8823
729.9915 461.8784
729.9583 461.8766
729.9183 461.8867
729.9307 461.8791
729.9534 461.873
729.9629 461.8719
729.9671 461.8737
729.9785 461.8639
729.9675 461.8727
729.9251 461.8802
729.9147 461.8813
729.9183 461.8867
729.9355 461.8898
729.9241 461.9014
729.9265 461.904
729.9333 461.904
729.9333 461.9066
729.9173 461.9085
729.9167 461.9158
729.8926 461.918
729.9011 461.9196
729.9271 461.9227
729.9307 461.9286
729.9072 461.9276
729.8714 461.9319
729.8607 461.9413
729.8408 461.9378
729.8464 461.9316
729.8415 461.9354
729.8662 461.9354
729.889 461.929
729.9075 461.9209
729.8975 461.9268
729.9059 461.9333
729.9411 461.9445
729.9606 461.9502
729.9583 461.9574
729.9453 461.9585
729.9492 461.9487
729.9265 461.9429
729.9063 461.9349
729.9085 461.9254
729.8884 461.9235
729.8926 461.9141
729.8984 461.9089
729.9277 461.9084
729.9476 461.9094
729.9427 461.8932
729.9349 461.8864
729.9212 461.8879
729.9251 461.8896
729.9385 461.8825
729.9336 461.8877
729.9026 461.8862
729.886 461.8888
729.8877 461.876
729.8845 461.8758
729.86 461.876
729.8662 461.8779
729.8646 461.8806
729.8672 461.8781
729.8786 461.8776
729.8806 461.8804
729.9235 461.8789
729.9736 461.8766
729.9714 461.8721
729.9694 461.8693
729.9691 461.8734
729.9717 461.8936
729.9531 461.903
729.9538 461.9268
729.9134 461.9463
729.9333 461.9474
729.9258 461.9547
729.8906 461.9562
729.9147 461.9559
729.9274 461.9539
729.9375 461.9526
729.9521 461.9424
729.9453 461.9448
729.9417 461.9564
729.9499 461.9634
729.9609 461.9572
729.9626 461.9456
729.9548 461.9425
729.9837 461.9408
730 461.9382
729.9603 461.9398
729.9515 461.9263
729.9446 461.93
729.9515 461.9302
729.9632 461.9304
729.9905 461.9399
730.0156 461.9342
730.0046 461.9253
730.0007 461.9165
729.9941 461.9074
729.9987 461.9076
729.9941 461.9089
729.9766 461.9038
730.011 461.9069
730.0254 461.9105
730.0482 461.9084
730.0593 461.9115
730.0501 461.9141
730.069 461.915
730.0534 461.9185
730.041 461.9183
730.0407 461.918
730.0403 461.9158
730.0589 461.9307
730.0612 461.9347
730.053 461.9399
730.0459 461.9451
730.04 461.9494
730.0231 461.9465
730.0313 461.9417
730.011 461.9337
729.97 461.9307
729.9404 461.9357
729.9482 461.9344
729.944 461.9349
729.9437 461.9377
