1920 480
1836.927 487.9198
1631.292 491.5891
1599.017 482.5531
1576.586 477.7467
1533.335 472.0138
1529.995 472.7516
1527.654 473.2241
1525.24 474.0409
1523.513 474.6092
1521.938 475.4743
1520.785 476.189
1519.553 476.9819
1518.42 477.9242
1517.621 478.8802
1517.327 480.0708
1517.274 481.3978
1517.854 482.8608
1518.237 484.3474
1518.784 485.7086
1525.866 494.2175
1538.711 501.8136
1543.322 503.4804
1560.021 508.4207
1560.286 507.5111
1565.055 507.7999
1567.229 508.7912
1570.195 509.8827
1573.334 510.7522
1574.451 510.4638
1577.499 510.3219
1580.873 510.4312
1583.852 510.5052
1586.479 510.617
1589.322 510.9158
1592.248 511.4334
1595.605 511.849
1599.882 511.7561
1601.775 511.5998
1604.276 510.6487
1605.688 510.1581
1610.35 509.8512
1615.839 509.2757
1620.102 508.2425
1621.525 507.4766
1622.259 507.5982
1623.7 507.9477
1626.341 508.8256
1626.814 509.1336
1625.607 509.132
1626.034 509.196
1623.918 508.6015
1623.24 508.2699
1616.295 504.9498
1612.888 503.3789
1608.475 502.0585
1607.335 501.8198
1607.857 502.249
1606.823 501.9336
1603.966 501.5112
1601.871 501.0809
1602.148 500.939
1602.652 500.8557
1603.863 500.7886
1604.367 500.7751
1604.894 500.8557
1606.274 501.4666
1608.736 502.1698
1609.795 502.4633
1610.742 503.1263
1612.864 504.4612
1614.979 505.5288
1617.177 506.4458
1619.039 507.1215
1620.839 507.5686
1622.786 507.8017
1624.771 508.2065
1626.983 508.8208
1628.998 509.4375
1630.23 509.708
1630.847 509.657
1630.245 509.1259
1628.69 508.1755
1628.086 507.2745
1628.345 506.762
1629.725 506.6089
1630.099 505.947
1628.994 505.2029
1627.185 504.4352
1624.686 503.7921
1623.572 504.1183
1623.001 504.5604
1622.495 504.7956
1621.804 504.7422
1621.18 505.0316
1620.87 505.6502
1620.76 506.5332
1620.199 508.5949
1619.771 509.4573
1620.224 510.3527
1621.321 511.3437
1622.582 512.6555
1622.986 514.0549
1622.725 515.2592
1621.318 516.3726
1621.037 516.7436
1621.584 517.3218
1622.664 518.3458
1623.652 519.7807
1622.999 520.0676
1621.313 519.934
1618.506 518.8755
1617.322 518.4708
1617.614 518.4841
1618.163 518.6918
1618.362 518.5845
1617.345 518.1729
1615.023 517.4041
1612.21 516.5657
1610.581 516.3765
1609.365 516.4855
1608.516 516.4398
1608.04 516.186
1607.462 515.9371
1604.389 515.9446
1600.098 516.3818
1598.285 516.6479
1596.945 516.6888
1596.261 516.4593
1594.987 515.6912
1592.313 515.0106
1589.444 514.9502
1582.271 512.8602
1581.291 512.4194
1580.657 512.7128
1579.955 512.9656
1578.822 512.6552
1577.464 511.5867
1576.274 510.6032
1575.693 507.8598
1575.628 507.3496
1575.837 506.6978
1576.42 505.6837
1578.212 504.3447
1579.695 503.7518
1581.145 503.1666
1582.197 502.6055
1584.639 502.6094
1586.189 501.9808
1587.537 501.4626
1589.108 501.0793
1590.601 500.8127
1592.306 500.8031
1596.915 502.6074
1599.631 503.7001
1601.361 504.6407
1602.67 505.99
1603.466 507.7088
1604.522 509.2003
1605.242 510.8301
1605.746 512.6793
1605.744 513.9962
1605.935 515.3881
1606.111 517.2896
1606.457 519.2282
1606.759 521.1939
1607.214 522.9652
1603.94 525.5591
1602.445 527.2904
1600.29 530.5529
1600.472 532.3403
1600.765 534.8829
1600.174 536.8152
1598.186 538.5002
1596.58 540.0816
1594.715 541.2255
1593.296 542.2803
1592.249 543.4873
1591.927 544.9569
1591.216 546.4
1590.921 547.8455
1590.557 548.9083
1590.132 549.7875
1589.076 550.0137
1584.198 551.1227
1576.414 552.377
1570.993 553.2314
1565.617 554.0215
1559.68 554.8077
1553.126 555.4904
1546.52 556.2149
1535.688 556.975
1531.254 557.8191
1523.867 558.6954
1512.974 559.648
1505.717 561.1558
1501.718 561.7159
1494.404 562.6698
1487.671 563.5125
1476.833 564.2297
1473.139 564.801
1466.696 565.2124
1461.27 564.4053
1455.515 563.6201
1449.754 562.7574
1439.522 562.3776
1432.48 561.7824
1421.168 561.2609
1417.212 560.915
1406.071 561.1406
1403.479 560.9437
1398.979 560.5254
1396.552 559.6547
1395.111 558.6526
1394.825 557.5179
1395.576 556.1606
1397.387 554.8671
1399.225 553.7612
1400.782 552.7973
1402.245 551.809
1403.616 550.7598
1406.287 548.4746
1408.954 546.3339
1410.107 545.2999
1411.546 544.0735
1412.889 543.1488
1415.244 542.5436
1417.961 541.7697
1420.573 541.5153
1421.85 541.5165
1423.475 541.4214
1424.798 541.5048
1426.504 541.7382
1429.84 542.1423
1431.504 542.537
1434.041 543.0858
1436.441 543.496
1438.258 544.0092
1439.199 544.3189
1440.361 544.5966
1441.04 544.4174
1441.733 543.8461
1442.586 543.2474
1443.474 542.7617
1444.478 542.1113
1444.978 541.6444
1444.994 541.1177
1444.827 540.7166
1444.41 540.2473
1443.883 539.6876
1443.488 539.0317
1443.243 537.9705
1443.277 537.7653
1443.452 537.553
1443.574 537.454
1444.197 537.6486
1445.19 537.7922
1446.098 538.0109
1447.256 538.3394
1448.839 539.1289
1449.926 540.1219
1450.987 541.2097
1451.868 541.8989
1452.985 542.6188
1454.378 543.2841
1455.446 543.6974
1456.135 544.1012
1456.035 544.6688
1455.893 545.1388
1455.748 545.8977
1455.798 546.4889
1455.866 547.0684
1455.643 547.8356
1455.189 548.4051
1454.652 548.8704
1454.043 549.3314
1453.668 549.6692
1453.28 549.944
1452.883 550.2791
1452.29 550.6037
1451.695 550.9014
1451.198 551.2642
1451.07 551.4785
1451.118 551.6801
1450.964 552.0698
1450.792 552.4733
1450.503 553.0073
1450.17 553.4924
1449.875 553.9562
1449.63 554.4587
1449.406 554.9017
1448.994 555.3535
1448.701 555.7905
1448.421 556.2089
1447.528 556.4355
1447.153 556.8665
1446.802 557.2562
1446.094 558.0482
1445.826 558.4293
1445.449 558.7947
1920 480
1836.927 487.9198
1631.292 491.5891
1599.017 482.5531
1576.586 477.7467
1533.335 472.0138
1529.995 472.7516
1527.654 473.2241
1525.24 474.0409
1523.513 474.6092
1521.938 475.4743
1520.785 476.189
1519.553 476.9819
1518.42 477.9242
1517.621 478.8802
1517.327 480.0708
1517.274 481.3978
1517.854 482.8608
1518.237 484.3474
1518.784 485.7086
1525.866 494.2175
1538.711 501.8136
1543.322 503.4804
1560.021 508.4207
1560.286 507.5111
1565.055 507.7999
1567.229 508.7912
1570.195 509.8827
1573.334 510.7522
1574.451 510.4638
1577.499 510.3219
1580.873 510.4312
1583.852 510.5052
1586.479 510.617
1589.322 510.9158
1592.248 511.4334
1595.605 511.849
1599.882 511.7561
1601.775 511.5998
1604.276 510.6487
1605.688 510.1581
1610.35 509.8512
1615.839 509.2757
1620.102 508.2425
1621.525 507.4766
1622.259 507.5982
1623.7 507.9477
1626.341 508.8256
1626.814 509.1336
1625.607 509.132
1626.034 509.196
1623.918 508.6015
1623.24 508.2699
1616.295 504.9498
1612.888 503.3789
1608.475 502.0585
1607.335 501.8198
1607.857 502.249
1606.823 501.9336
1603.966 501.5112
1601.871 501.0809
1602.148 500.939
1602.652 500.8557
1603.863 500.7886
1604.367 500.7751
1604.894 500.8557
1606.274 501.4666
1608.736 502.1698
1609.795 502.4633
1610.742 503.1263
1612.864 504.4612
1614.979 505.5288
1617.177 506.4458
1619.039 507.1215
1620.839 507.5686
1622.786 507.8017
1624.771 508.2065
1626.983 508.8208
1628.998 509.4375
1630.23 509.708
1630.847 509.657
1630.245 509.1259
1628.69 508.1755
1628.086 507.2745
1628.345 506.762
1629.725 506.6089
1630.099 505.947
1628.994 505.2029
1627.185 504.4352
1624.686 503.7921
1623.572 504.1183
1623.001 504.5604
1622.495 504.7956
1621.804 504.7422
1621.18 505.0316
1620.87 505.6502
1620.76 506.5332
1620.199 508.5949
1619.771 509.4573
1620.224 510.3527
1621.321 511.3437
1622.582 512.6555
1622.986 514.0549
1622.725 515.2592
1621.318 516.3726
1621.037 516.7436
1621.584 517.3218
1622.664 518.3458
1623.652 519.7807
1622.999 520.0676
1621.313 519.934
1618.506 518.8755
1617.322 518.4708
1617.614 518.4841
1618.163 518.6918
1618.362 518.5845
1617.345 518.1729
1615.023 517.4041
1612.21 516.5657
1610.581 516.3765
1609.365 516.4855
1608.516 516.4398
1608.04 516.186
1607.462 515.9371
1604.389 515.9446
1600.098 516.3818
1598.285 516.6479
1596.945 516.6888
1596.261 516.4593
1594.987 515.6912
1592.313 515.0106
1589.444 514.9502
1582.271 512.8602
1581.291 512.4194
1580.657 512.7128
1579.955 512.9656
1578.822 512.6552
1577.464 511.5867
1576.274 510.6032
1575.693 507.8598
1575.628 507.3496
1575.837 506.6978
1576.42 505.6837
1578.212 504.3447
1579.695 503.7518
1581.145 503.1666
1582.197 502.6055
1584.639 502.6094
1586.189 501.9808
1587.537 501.4626
1589.108 501.0793
1590.601 500.8127
1592.306 500.8031
1596.915 502.6074
1599.631 503.7001
1601.361 504.6407
1602.67 505.99
1603.466 507.7088
1604.522 509.2003
1605.242 510.8301
1605.746 512.6793
1605.744 513.9962
1605.935 515.3881
1606.111 517.2896
1606.457 519.2282
1606.759 521.1939
1607.214 522.9652
1603.94 525.5591
1602.445 527.2904
1600.29 530.5529
1600.472 532.3403
1600.765 534.8829
1600.174 536.8152
1598.186 538.5002
1596.58 540.0816
1594.715 541.2255
1593.296 542.2803
1592.249 543.4873
1591.927 544.9569
1591.216 546.4
1590.921 547.8455
1590.557 548.9083
1590.132 549.7875
1589.076 550.0137
1584.198 551.1227
1576.414 552.377
1570.993 553.2314
1565.617 554.0215
1559.68 554.8077
1553.126 555.4904
1546.52 556.2149
1535.688 556.975
1531.254 557.8191
1523.867 558.6954
1512.974 559.648
1505.717 561.1558
1501.718 561.7159
1494.404 562.6698
1487.671 563.5125
1476.833 564.2297
1473.139 564.801
1466.696 565.2124
1461.27 564.4053
1455.515 563.6201
1449.754 562.7574
1439.522 562.3776
1432.48 561.7824
1421.168 561.2609
1417.212 560.915
1406.071 561.1406
1403.479 560.9437
1398.979 560.5254
1396.552 559.6547
1395.111 558.6526
1394.825 557.5179
1395.576 556.1606
1397.387 554.8671
1399.225 553.7612
1400.782 552.7973
1402.245 551.809
1403.616 550.7598
1406.287 548.4746
1408.954 546.3339
1410.107 545.2999
1411.546 544.0735
1412.889 543.1488
1415.244 542.5436
1417.961 541.7697
1420.573 541.5153
1421.85 541.5165
1423.475 541.4214
1424.798 541.5048
1426.504 541.7382
1429.84 542.1423
1431.504 542.537
1434.041 543.0858
1436.441 543.496
1438.258 544.0092
1439.199 544.3189
1440.361 544.5966
1441.04 544.4174
1441.733 543.8461
1442.586 543.2474
1443.474 542.7617
1444.478 542.1113
1444.978 541.6444
1444.994 541.1177
1444.827 540.7166
1444.41 540.2473
1443.883 539.6876
1443.488 539.0317
1443.243 537.9705
1443.277 537.7653
1443.452 537.553
1443.574 537.454
1444.197 537.6486
1445.19 537.7922
1446.098 538.0109
1447.256 538.3394
1448.839 539.1289
1449.926 540.1219
1450.987 541.2097
1451.868 541.8989
1452.985 542.6188
1454.378 543.2841
1455.446 543.6974
1456.135 544.1012
1456.035 544.6688
1455.893 545.1388
1455.748 545.8977
1455.798 546.4889
1455.866 547.0684
1455.643 547.8356
1455.189 548.4051
1454.652 548.8704
1454.043 549.3314
1453.668 549.6692
1453.28 549.944
1452.883 550.2791
1452.29 550.6037
1451.695 550.9014
1451.198 551.2642
1451.07 551.4785
1451.118 551.6801
1450.964 552.0698
1450.792 552.4733
1450.503 553.0073
1450.17 553.4924
1449.875 553.9562
1449.63 554.4587
1449.406 554.9017
1448.994 555.3535
1448.701 555.7905
1448.421 556.2089
1447.528 556.4355
1447.153 556.8665
1446.802 557.2562
1446.094 558.0482
1445.826 558.4293
1445.449 558.7947
1445 559.048
1444.438 559.1808
1443.857 559.3608
1443.438 559.3794
1443.215 559.4636
1442.802 559.666
1442.5 559.9114
1442.12 560.2264
1441.665 560.4908
1441.31 560.6923
1441.16 560.9197
1441.054 561.1596
1440.942 561.3997
1440.833 561.632
1440.726 561.7579
1440.442 561.8206
1440.291 561.8989
1440.111 561.9708
1440.012 562.098
1439.264 562.3563
1436.819 562.5964
1429.479 562.8307
1425.826 562.9983
1418.473 563.0286
1408.995 563.1167
1403.181 563.1284
1395.594 563.1964
1385.897 563.3275
1378.903 563.408
1370.161 563.5496
1363.062 563.6893
1352.334 563.7808
1342.117 563.937
1332.726 563.9561
1323.808 563.8397
1316.58 563.7281
1307.025 563.6593
1299.882 563.6018
1292.857 563.5371
1284.751 563.5115
1277.586 563.4354
1267.063 563.3574
1257.497 563.1067
1251.145 562.9549
1243.38 562.8687
1235.189 562.8472
1230.174 562.8489
1227.134 562.884
1225.974 562.847
1225.661 562.7618
1225.605 562.7189
1225.797 562.769
1225.962 562.8678
1226.162 563.0276
1226.357 563.1297
1226.426 563.1049
1226.419 563.0956
1226.676 563.0693
1226.829 563.0231
1226.967 562.9044
1227.209 562.7973
1227.391 562.767
1227.952 562.7922
1228.773 562.8314
1229.222 562.882
1229.813 562.9005
1230.441 562.9198
1230.943 562.8777
1231.58 562.7952
1231.943 562.6726
1231.985 562.5563
1232.191 562.4617
1232.05 562.4476
1231.673 562.3796
1231.502 562.3173
1231.31 562.3251
1230.986 562.3574
1230.759 562.3374
1230.099 562.3591
1229.588 562.272
1229.141 562.1976
1228.117 562.155
1227.348 562.227
1226.562 562.5595
1226.443 562.7658
1226.679 562.9969
1226.637 563.1265
1226.876 563.1827
1226.97 563.2304
1226.857 563.3281
1226.618 563.3577
1226.415 563.4772
1226.266 563.6401
1226.431 563.8133
1226.495 563.9724
1226.501 564.0614
1226.49 564.0802
1226.406 564.0981
1226.332 564.0401
1225.943 563.9637
1225.427 563.7466
1225.166 563.6426
1224.931 563.6417
1224.745 563.7291
1224.752 563.7734
1224.99 563.834
1224.984 563.9639
1224.795 563.9935
1224.611 564.0461
1224.166 563.9203
1224.101 563.9332
1224.017 563.9358
1224.061 563.8986
1223.817 563.8815
1223.587 563.9134
1223.496 563.9791
1223.38 564.1541
1223.26 564.3781
1223.314 564.5329
1223.557 564.6713
1223.685 564.7974
1223.587 564.9782
1223.442 565.0455
1223.418 565.0835
1223.387 565.0883
1223.398 565.1373
1223.468 565.1509
1223.472 565.1042
1223.37 565.0903
1223.256 565.0946
1223.257 565.1326
1223.357 565.1532
1223.659 565.1727
1223.851 565.1426
1223.883 565.0735
1223.873 564.9321
1223.788 564.8158
1223.641 564.6997
1223.654 564.7551
1223.653 564.7703
1223.828 564.8345
1223.907 565.0005
1224.006 565.0091
1224.136 564.9789
1224.157 564.9543
1224.089 564.8823
1224.046 564.8781
1223.94 565.1014
1223.737 564.988
1223.68 565.1988
1223.617 565.4144
1223.325 565.4701
1223.008 565.5093
1222.512 565.6469
1222.26 565.6838
1221.883 565.8392
1221.793 566.0613
1221.727 566.313
1221.93 566.6086
1222.022 566.826
1222.092 566.979
1222.412 566.9228
1222.349 567.0347
1222.484 567.0411
1222.53 567.0898
1222.81 567.1516
1223.225 567.2839
1223.842 567.4294
1224.301 567.4821
1225.024 567.4577
1225.579 567.4355
1225.951 567.431
1226.407 567.4277
1226.636 567.3607
1226.568 567.2451
1226.762 567.228
1226.729 567.2278
1226.81 567.217
1227.251 567.3235
1227.723 567.4355
1228.518 567.4328
1229.231 567.3646
1230.058 567.1693
1231.303 567.1002
1232.25 567.193
1233.606 567.4337
1234.733 567.6043
1235.766 567.7653
1236.122 567.4436
1236.165 567.1208
1235.723 566.8174
1235.321 566.4929
1235.124 566.5438
1235.215 566.7021
1235.617 567.252
1237.09 567.6069
1236.966 567.6298
1236.129 567.5067
1235.775 567.5443
1235.734 567.5249
1235.666 567.6278
1235.373 567.7409
1235.386 568.6228
1234.846 568.4964
1234.208 568.9564
1234.204 568.8221
1235.046 568.5218
1235.63 568.546
1235.979 568.597
1236.456 568.9705
1236.708 568.9497
1237.283 568.5193
1238.286 569.1955
1238.566 569.0638
1238.231 569.1225
1237.624 569.0616
1237.535 569.061
1237.283 569.074
1236.901 569.1918
1236.685 569.2524
1237.021 569.2982
1237.477 569.399
1238.121 569.5443
1238.391 569.5989
1238.628 569.5165
1238.743 569.4246
1238.885 569.252
1238.779 569.1534
1238.726 569.1207
1238.573 569.1917
1238.508 569.4204
1238.538 569.4583
1238.538 569.5387
1238.579 569.5656
1238.647 569.3798
1238.631 569.3598
1238.514 569.3146
1238.473 569.3145
1238.337 569.3628
1238.181 569.4244
1238.107 569.5934
1238.094 569.8081
1238.042 569.8923
1237.955 569.9648
1237.721 570.0272
1237.604 570.0408
1237.476 570.0626
1237.359 570.0117
1237.352 570.0341
1237.494 570.0568
1237.499 570.0596
1237.599 569.9406
1237.699 569.8466
1237.836 569.6406
1237.909 569.5995
1238.07 569.572
1238.159 569.5375
1238.209 569.5742
1238.1 569.6791
1237.985 569.6558
1237.954 569.7192
1237.975 569.6819
1238.037 569.6833
1238.263 569.7478
1238.469 569.9001
1238.624 570.0153
1238.577 570.1125
1238.427 570.1395
1238.359 570.1713
1238.232 570.2587
1238.193 570.2912
1238.215 570.3276
1238.158 570.3776
1238.102 570.2801
1237.865 570.1799
1237.724 570.1085
1237.715 570.1102
1237.734 570.1591
1237.769 570.154
1237.802 570.0297
1237.654 569.8559
1237.531 569.7474
1237.375 569.6281
1237.292 569.5537
1237.338 569.5125
1237.261 569.3935
1237.249 569.239
1237.23 569.0132
1237.301 568.7768
1237.243 568.5887
1237.237 568.4604
1237.277 568.2667
1237.229 568.2358
1237.201 568.2722
1237.103 568.2481
1237.16 567.9611
1237.585 568.0494
1237.825 568.2426
1238.113 568.1208
1238.293 567.936
1445 559.048
1444.438 559.1808
1443.857 559.3608
1443.438 559.3794
1443.215 559.4636
1442.802 559.666
1442.5 559.9114
1442.12 560.2264
1441.665 560.4908
1441.31 560.6923
1441.16 560.9197
1441.054 561.1596
1440.942 561.3997
1440.833 561.632
1440.726 561.7579
1440.442 561.8206
1440.291 561.8989
1440.111 561.9708
1440.012 562.098
1439.264 562.3563
1436.819 562.5964
1429.479 562.8307
1425.826 562.9983
1418.473 563.0286
1408.995 563.1167
1403.181 563.1284
1395.594 563.1964
1385.897 563.3275
1378.903 563.408
1370.161 563.5496
1363.062 563.6893
1352.334 563.7808
1342.117 563.937
1332.726 563.9561
1323.808 563.8397
1316.58 563.7281
1307.025 563.6593
1299.882 563.6018
1292.857 563.5371
1284.751 563.5115
1277.586 563.4354
1267.063 563.3574
1257.497 563.1067
1251.145 562.9549
1243.38 562.8687
1235.189 562.8472
1230.174 562.8489
1227.134 562.884
1225.974 562.847
1225.661 562.7618
1225.605 562.7189
1225.797 562.769
1225.962 562.8678
1226.162 563.0276
1226.357 563.1297
1226.426 563.1049
1226.419 563.0956
1226.676 563.0693
1226.829 563.0231
1226.967 562.9044
1227.209 562.7973
1227.391 562.767
1227.952 562.7922
1228.773 562.8314
1229.222 562.882
1229.813 562.9005
1230.441 562.9198
1230.943 562.8777
1231.58 562.7952
1231.943 562.6726
1231.985 562.5563
1232.191 562.4617
1232.05 562.4476
1231.673 562.3796
1231.502 562.3173
1231.31 562.3251
1230.986 562.3574
1230.759 562.3374
1230.099 562.3591
1229.588 562.272
1229.141 562.1976
1228.117 562.155
1227.348 562.227
1226.562 562.5595
1226.443 562.7658
1226.679 562.9969
1226.637 563.1265
1226.876 563.1827
1226.97 563.2304
1226.857 563.3281
1226.618 563.3577
1226.415 563.4772
1226.266 563.6401
1226.431 563.8133
1226.495 563.9724
1226.501 564.0614
1226.49 564.0802
1226.406 564.0981
1226.332 564.0401
1225.943 563.9637
1225.427 563.7466
1225.166 563.6426
1224.931 563.6417
1224.745 563.7291
1224.752 563.7734
1224.99 563.834
1224.984 563.9639
1224.795 563.9935
1224.611 564.0461
1224.166 563.9203
1224.101 563.9332
1224.017 563.9358
1224.061 563.8986
1223.817 563.8815
1223.587 563.9134
1223.496 563.9791
1223.38 564.1541
1223.26 564.3781
1223.314 564.5329
1223.557 564.6713
1223.685 564.7974
1223.587 564.9782
1223.442 565.0455
1223.418 565.0835
1223.387 565.0883
1223.398 565.1373
1223.468 565.1509
1223.472 565.1042
1223.37 565.0903
1223.256 565.0946
1223.257 565.1326
1223.357 565.1532
1223.659 565.1727
1223.851 565.1426
1223.883 565.0735
1223.873 564.9321
1223.788 564.8158
1223.641 564.6997
1223.654 564.7551
1223.653 564.7703
1223.828 564.8345
1223.907 565.0005
1224.006 565.0091
1224.136 564.9789
1224.157 564.9543
1224.089 564.8823
1224.046 564.8781
1223.94 565.1014
1223.737 564.988
1223.68 565.1988
1223.617 565.4144
1223.325 565.4701
1223.008 565.5093
1222.512 565.6469
1222.26 565.6838
1221.883 565.8392
1221.793 566.0613
1221.727 566.313
1221.93 566.6086
1222.022 566.826
1222.092 566.979
1222.412 566.9228
1222.349 567.0347
1222.484 567.0411
1222.53 567.0898
1222.81 567.1516
1223.225 567.2839
1223.842 567.4294
1224.301 567.4821
1225.024 567.4577
1225.579 567.4355
1225.951 567.431
1226.407 567.4277
1226.636 567.3607
1226.568 567.2451
1226.762 567.228
1226.729 567.2278
1226.81 567.217
1227.251 567.3235
1227.723 567.4355
1228.518 567.4328
1229.231 567.3646
1230.058 567.1693
1231.303 567.1002
1232.25 567.193
1233.606 567.4337
1234.733 567.6043
1235.766 567.7653
1236.122 567.4436
1236.165 567.1208
1235.723 566.8174
1235.321 566.4929
1235.124 566.5438
1235.215 566.7021
1235.617 567.252
1237.09 567.6069
1236.966 567.6298
1236.129 567.5067
1235.775 567.5443
1235.734 567.5249
1235.666 567.6278
1235.373 567.7409
1235.386 568.6228
1234.846 568.4964
1234.208 568.9564
1234.204 568.8221
1235.046 568.5218
1235.63 568.546
1235.979 568.597
1236.456 568.9705
1236.708 568.9497
1237.283 568.5193
1238.286 569.1955
1238.566 569.0638
1238.231 569.1225
1237.624 569.0616
1237.535 569.061
1237.283 569.074
1236.901 569.1918
1236.685 569.2524
1237.021 569.2982
1237.477 569.399
1238.121 569.5443
1238.391 569.5989
1238.628 569.5165
1238.743 569.4246
1238.885 569.252
1238.779 569.1534
1238.726 569.1207
1238.573 569.1917
1238.508 569.4204
1238.538 569.4583
1238.538 569.5387
1238.579 569.5656
1238.647 569.3798
1238.631 569.3598
1238.514 569.3146
1238.473 569.3145
1238.337 569.3628
1238.181 569.4244
1238.107 569.5934
1238.094 569.8081
1238.042 569.8923
1237.955 569.9648
1237.721 570.0272
1237.604 570.0408
1237.476 570.0626
1237.359 570.0117
1237.352 570.0341
1237.494 570.0568
1237.499 570.0596
1237.599 569.9406
1237.699 569.8466
1237.836 569.6406
1237.909 569.5995
1238.07 569.572
1238.159 569.5375
1238.209 569.5742
1238.1 569.6791
1237.985 569.6558
1237.954 569.7192
1237.975 569.6819
1238.037 569.6833
1238.263 569.7478
1238.469 569.9001
1238.624 570.0153
1238.577 570.1125
1238.427 570.1395
1238.359 570.1713
1238.232 570.2587
1238.193 570.2912
1238.215 570.3276
1238.158 570.3776
1238.102 570.2801
1237.865 570.1799
1237.724 570.1085
1237.715 570.1102
1237.734 570.1591
1237.769 570.154
1237.802 570.0297
1237.654 569.8559
1237.531 569.7474
1237.375 569.6281
1237.292 569.5537
1237.338 569.5125
1237.261 569.3935
1237.249 569.239
1237.23 569.0132
1237.301 568.7768
1237.243 568.5887
1237.237 568.4604
1237.277 568.2667
1237.229 568.2358
1237.201 568.2722
1237.103 568.2481
1237.16 567.9611
1237.585 568.0494
1237.825 568.2426
1238.113 568.1208
1238.293 567.936
1238.404 567.8506
1238.296 567.8478
1238.147 567.8716
1237.929 567.9534
1237.695 568.2156
1237.521 568.4061
1237.406 568.5439
1237.278 568.4509
1237.311 568.3342
1237.475 568.4769
1237.511 568.6669
1237.411 568.7592
1237.123 568.8411
1236.901 568.8453
1236.748 568.7839
1236.543 568.6926
1236.48 568.6301
1236.255 568.5105
1236.17 568.4999
1235.995 568.4525
1235.839 568.4109
1235.692 568.3587
1235.687 568.3163
1235.561 568.3359
1235.589 568.4526
1235.623 568.527
1235.757 568.6562
1235.872 568.7209
1235.84 568.746
1235.907 568.7012
1236.061 568.5984
1236.495 568.5855
1236.781 568.6738
1236.985 568.7332
1236.896 568.7908
1236.848 568.8574
1236.398 568.9256
1236.45 568.9787
1236.451 568.9915
1236.56 568.957
1236.603 568.9321
1236.728 568.9371
1236.677 568.9298
1236.693 568.9146
1236.445 568.9534
1236.328 568.9604
1236.228 568.9575
1236.327 568.9833
1236.408 569.1151
1236.404 569.167
1236.404 569.2067
1236.379 569.2415
1236.328 569.3092
1236.261 569.2516
1236.241 569.1324
1236.233 569.0685
1236.225 569.0884
1236.256 569.1285
1236.309 569.1062
1236.465 569.1014
1236.654 569.0372
1236.797 568.9579
1236.837 568.8716
1236.89 568.8614
1236.967 568.884
1237.067 568.8384
1237.034 568.8677
1236.983 568.821
1236.941 568.79
1237.014 568.6638
1237.139 568.6104
1237.27 568.5439
1237.492 568.5432
1237.519 568.4865
1237.499 568.3834
1237.44 568.196
1237.264 568.0255
1237.165 567.9691
1237.142 567.9713
1237.158 567.9888
1237.11 568.0854
1237.173 568.1483
1237.105 568.1264
1237.004 568.1531
1237.023 568.1648
1237.084 568.2073
1237.167 568.2266
1237.319 568.2903
1237.378 568.3317
1237.298 568.4061
1237.246 568.3967
1237.187 568.4678
1237.162 568.6229
1237.218 568.7092
1237.234 568.7728
1237.24 568.7757
1237.369 568.7322
1237.446 568.7169
1237.534 568.7101
1237.558 568.748
1237.447 568.7341
1237.264 568.7252
1237.273 568.6454
1237.247 568.6283
1237.433 568.5758
1237.511 568.4984
1237.664 568.4968
1237.79 568.4811
1237.653 568.453
1237.581 568.4102
1237.359 568.409
1237.31 568.4381
1237.391 568.5482
1237.513 568.6135
1237.584 568.6779
1237.605 568.705
1237.492 568.6937
1237.413 568.6404
1237.417 568.6912
1237.391 568.6772
1237.593 568.7623
1237.68 568.7993
1237.724 568.8259
1237.607 568.816
1237.591 568.7804
1237.627 568.8233
1237.635 568.9902
1237.595 569.1931
1237.583 569.3977
1237.631 569.6384
1237.661 569.7879
1238.197 569.9735
1238.662 570.1472
1239.441 570.177
1239.577 570.2011
1239.503 570.1987
1239.217 570.165
1238.984 570.2147
1238.775 570.1655
1238.626 570.2527
1238.704 570.3326
1238.972 570.3729
1239.345 570.3477
1239.533 570.3615
1239.747 570.2117
1239.799 570.0974
1239.809 569.9302
1239.463 569.6862
1239.083 569.5754
1238.811 569.4937
1238.788 569.4584
1239.013 569.4238
1239.192 568.7072
1239.505 568.4698
1239.819 568.2599
1240.069 567.9098
1240.391 567.8046
1240.943 567.7475
1241.741 567.7278
1241.95 567.5922
1241.798 567.2685
1241.505 566.9475
1241.534 566.6428
1241.895 566.4267
1242.577 566.309
1243.803 565.6082
1243.78 565.3308
1243.73 565.1468
1243.617 565.0446
1243.81 564.9071
1243.927 564.8186
1244.074 564.7155
1244.025 564.4954
1244.001 564.3558
1243.984 564.085
1244.084 564.0046
1244.442 563.8618
1245.441 563.4538
1246.518 563.1229
1247.691 562.7825
1248.317 562.5319
1248.698 562.1598
1248.623 561.9808
1248.602 561.8248
1248.864 561.6313
1248.483 561.4657
1248.155 561.2501
1248.105 561.1714
1248.126 561.2881
1248.396 561.4617
1248.954 561.4882
1249.118 561.3433
1248.822 561.0185
1248.564 560.6658
1248.123 560.2968
1248.064 560.0591
1248.426 560.1602
1248.685 560.0089
1249.317 560.3477
1249.569 560.7747
1249.425 560.908
1248.931 561.0772
1248.635 560.934
1248.252 560.4645
1247.91 560.0005
1247.842 559.7278
1247.955 559.7058
1249.301 560.1406
1249.9 560.3595
1250.462 560.5169
1250.89 560.3773
1251.372 560.262
1251.805 560.1862
1252.167 560.11
1252.417 560.1339
1252.691 560.2391
1252.869 560.3953
1253.037 560.5386
1253.212 560.6887
1253.147 560.3192
1253.729 559.5117
1254.152 559.1654
1254.676 558.6308
1255.294 557.9688
1255.781 557.5786
1255.915 557.3552
1256.172 557.0438
1256.539 556.7878
1256.907 556.3911
1257.187 555.9467
1257.286 555.3911
1257.274 554.6758
1257.137 554.1476
1256.888 553.488
1256.67 553.0312
1256.439 552.7114
1256.327 552.5079
1256.762 552.7311
1257.315 552.9292
1258.014 553.1182
1258.323 553.0917
1258.31 552.9599
1257.869 552.6305
1257.17 552.1824
1256.423 551.7336
1256.145 551.5939
1256.605 551.911
1257.117 552.2886
1257.447 552.5281
1257.336 552.6401
1257.041 552.5639
1256.349 552.4047
1255.708 552.2904
1255.346 552.2678
1255.194 552.4754
1255.251 552.8441
1255.141 553.1945
1254.947 553.549
1254.637 553.8726
1254.508 554.0527
1254.55 554.3344
1254.464 554.6155
1254.333 554.7354
1254.214 554.7863
1253.916 554.778
1253.047 554.514
1252.12 554.2123
1251.365 553.985
1250.4 553.7494
1250.021 553.8854
1249.778 554.2708
1250.955 555.8372
1251.913 556.7592
1253.26 558.1587
1253.884 558.7888
1253.947 558.8687
1253.364 558.2872
1252.942 558.0085
1252.427 557.6042
1252.115 557.409
1252.072 557.2722
1251.946 557.1468
1251.64 557.0019
1251.311 556.8719
1251.028 556.826
1250.823 556.8815
1250.632 556.8699
1250.452 557.0937
1250.15 557.0739
1249.521 557.0381
1248.892 556.9602
1248.447 557.0912
1248.474 557.2421
1248.64 557.4246
1248.668 557.5463
1249.524 557.7731
1249.82 557.9236
1249.849 558.0479
1249.644 558.3984
1249.516 558.7513
1238.404 567.8506
1238.296 567.8478
1238.147 567.8716
1237.929 567.9534
1237.695 568.2156
1237.521 568.4061
1237.406 568.5439
1237.278 568.4509
1237.311 568.3342
1237.475 568.4769
1237.511 568.6669
1237.411 568.7592
1237.123 568.8411
1236.901 568.8453
1236.748 568.7839
1236.543 568.6926
1236.48 568.6301
1236.255 568.5105
1236.17 568.4999
1235.995 568.4525
1235.839 568.4109
1235.692 568.3587
1235.687 568.3163
1235.561 568.3359
1235.589 568.4526
1235.623 568.527
1235.757 568.6562
1235.872 568.7209
1235.84 568.746
1235.907 568.7012
1236.061 568.5984
1236.495 568.5855
1236.781 568.6738
1236.985 568.7332
1236.896 568.7908
1236.848 568.8574
1236.398 568.9256
1236.45 568.9787
1236.451 568.9915
1236.56 568.957
1236.603 568.9321
1236.728 568.9371
1236.677 568.9298
1236.693 568.9146
1236.445 568.9534
1236.328 568.9604
1236.228 568.9575
1236.327 568.9833
1236.408 569.1151
1236.404 569.167
1236.404 569.2067
1236.379 569.2415
1236.328 569.3092
1236.261 569.2516
1236.241 569.1324
1236.233 569.0685
1236.225 569.0884
1236.256 569.1285
1236.309 569.1062
1236.465 569.1014
1236.654 569.0372
1236.797 568.9579
1236.837 568.8716
1236.89 568.8614
1236.967 568.884
1237.067 568.8384
1237.034 568.8677
1236.983 568.821
1236.941 568.79
1237.014 568.6638
1237.139 568.6104
1237.27 568.5439
1237.492 568.5432
1237.519 568.4865
1237.499 568.3834
1237.44 568.196
1237.264 568.0255
1237.165 567.9691
1237.142 567.9713
1237.158 567.9888
1237.11 568.0854
1237.173 568.1483
1237.105 568.1264
1237.004 568.1531
1237.023 568.1648
1237.084 568.2073
1237.167 568.2266
1237.319 568.2903
1237.378 568.3317
1237.298 568.4061
1237.246 568.3967
1237.187 568.4678
1237.162 568.6229
1237.218 568.7092
1237.234 568.7728
1237.24 568.7757
1237.369 568.7322
1237.446 568.7169
1237.534 568.7101
1237.558 568.748
1237.447 568.7341
1237.264 568.7252
1237.273 568.6454
1237.247 568.6283
1237.433 568.5758
1237.511 568.4984
1237.664 568.4968
1237.79 568.4811
1237.653 568.453
1237.581 568.4102
1237.359 568.409
1237.31 568.4381
1237.391 568.5482
1237.513 568.6135
1237.584 568.6779
1237.605 568.705
1237.492 568.6937
1237.413 568.6404
1237.417 568.6912
1237.391 568.6772
1237.593 568.7623
1237.68 568.7993
1237.724 568.8259
1237.607 568.816
1237.591 568.7804
1237.627 568.8233
1237.635 568.9902
1237.595 569.1931
1237.583 569.3977
1237.631 569.6384
1237.661 569.7879
1238.197 569.9735
1238.662 570.1472
1239.441 570.177
1239.577 570.2011
1239.503 570.1987
1239.217 570.165
1238.984 570.2147
1238.775 570.1655
1238.626 570.2527
1238.704 570.3326
1238.972 570.3729
1239.345 570.3477
1239.533 570.3615
1239.747 570.2117
1239.799 570.0974
1239.809 569.9302
1239.463 569.6862
1239.083 569.5754
1238.811 569.4937
1238.788 569.4584
1239.013 569.4238
1239.192 568.7072
1239.505 568.4698
1239.819 568.2599
1240.069 567.9098
1240.391 567.8046
1240.943 567.7475
1241.741 567.7278
1241.95 567.5922
1241.798 567.2685
1241.505 566.9475
1241.534 566.6428
1241.895 566.4267
1242.577 566.309
1243.803 565.6082
1243.78 565.3308
1243.73 565.1468
1243.617 565.0446
1243.81 564.9071
1243.927 564.8186
1244.074 564.7155
1244.025 564.4954
1244.001 564.3558
1243.984 564.085
1244.084 564.0046
1244.442 563.8618
1245.441 563.4538
1246.518 563.1229
1247.691 562.7825
1248.317 562.5319
1248.698 562.1598
1248.623 561.9808
1248.602 561.8248
1248.864 561.6313
1248.483 561.4657
1248.155 561.2501
1248.105 561.1714
1248.126 561.2881
1248.396 561.4617
1248.954 561.4882
1249.118 561.3433
1248.822 561.0185
1248.564 560.6658
1248.123 560.2968
1248.064 560.0591
1248.426 560.1602
1248.685 560.0089
1249.317 560.3477
1249.569 560.7747
1249.425 560.908
1248.931 561.0772
1248.635 560.934
1248.252 560.4645
1247.91 560.0005
1247.842 559.7278
1247.955 559.7058
1249.301 560.1406
1249.9 560.3595
1250.462 560.5169
1250.89 560.3773
1251.372 560.262
1251.805 560.1862
1252.167 560.11
1252.417 560.1339
1252.691 560.2391
1252.869 560.3953
1253.037 560.5386
1253.212 560.6887
1253.147 560.3192
1253.729 559.5117
1254.152 559.1654
1254.676 558.6308
1255.294 557.9688
1255.781 557.5786
1255.915 557.3552
1256.172 557.0438
1256.539 556.7878
1256.907 556.3911
1257.187 555.9467
1257.286 555.3911
1257.274 554.6758
1257.137 554.1476
1256.888 553.488
1256.67 553.0312
1256.439 552.7114
1256.327 552.5079
1256.762 552.7311
1257.315 552.9292
1258.014 553.1182
1258.323 553.0917
1258.31 552.9599
1257.869 552.6305
1257.17 552.1824
1256.423 551.7336
1256.145 551.5939
1256.605 551.911
1257.117 552.2886
1257.447 552.5281
1257.336 552.6401
1257.041 552.5639
1256.349 552.4047
1255.708 552.2904
1255.346 552.2678
1255.194 552.4754
1255.251 552.8441
1255.141 553.1945
1254.947 553.549
1254.637 553.8726
1254.508 554.0527
1254.55 554.3344
1254.464 554.6155
1254.333 554.7354
1254.214 554.7863
1253.916 554.778
1253.047 554.514
1252.12 554.2123
1251.365 553.985
1250.4 553.7494
1250.021 553.8854
1249.778 554.2708
1250.955 555.8372
1251.913 556.7592
1253.26 558.1587
1253.884 558.7888
1253.947 558.8687
1253.364 558.2872
1252.942 558.0085
1252.427 557.6042
1252.115 557.409
1252.072 557.2722
1251.946 557.1468
1251.64 557.0019
1251.311 556.8719
1251.028 556.826
1250.823 556.8815
1250.632 556.8699
1250.452 557.0937
1250.15 557.0739
1249.521 557.0381
1248.892 556.9602
1248.447 557.0912
1248.474 557.2421
1248.64 557.4246
1248.668 557.5463
1249.524 557.7731
1249.82 557.9236
1249.849 558.0479
1249.644 558.3984
1249.516 558.7513
1249.766 559.2094
1250.074 559.5442
1250.5 559.8663
1250.72 560.2339
1250.781 560.4097
1250.287 560.5232
1249.854 560.5097
1249.39 560.6367
1248.514 561.2191
1248.147 561.5898
1247.854 561.9418
1247.923 562.0727
1247.885 562.1374
1247.815 562.0308
1247.844 561.8607
1247.91 561.6533
1247.958 561.4813
1248.206 561.2473
1248.82 560.9763
1249.44 560.7208
1249.887 560.4107
1250.052 560.3332
1250.062 560.4559
1250.095 560.6213
1250.03 560.7068
1249.917 560.6769
1249.615 560.5107
1249.391 560.4061
1249.325 560.3572
1249.255 560.3471
1249.224 560.5212
1249.144 560.7036
1249.038 560.7946
1248.913 560.7928
1249.005 560.7579
1249.131 560.648
1249.108 560.4196
1249.162 560.2347
1249.269 560.1
1249.464 560.0268
1249.869 560.1577
1250.011 560.2678
1249.994 560.3079
1249.909 560.3077
1249.627 560.1995
1249.457 560.1297
1249.6 560.0858
1249.728 560.1873
1249.761 560.2521
1249.956 560.4216
1249.936 560.4617
1250.007 560.4097
1249.929 560.3782
1249.895 560.3939
1249.979 560.4084
1250.134 560.4606
1250.252 560.6323
1250.218 560.7965
1250.205 560.8788
1250.016 560.8864
1249.867 560.8691
1249.825 560.8259
1249.858 560.7988
1249.984 560.8873
1249.955 560.9344
1249.812 561.0045
1249.657 561.0226
1249.601 561.0712
1249.451 561.1163
1249.328 561.2122
1249.368 561.3169
1249.568 561.382
1249.689 561.2703
1249.659 561.1848
1249.664 560.9936
1249.725 560.9423
1249.783 560.9094
1249.853 560.9553
1249.845 561.015
1249.872 561.0463
1249.92 561.1312
1249.974 561.1142
1249.892 561.0718
1249.831 561.02
1249.664 560.9199
1249.574 560.914
1249.677 561.001
1249.777 561.0706
1249.839 561.1046
1249.838 561.1402
1249.786 561.0533
1249.807 560.9185
1249.848 560.7775
1249.919 560.7278
1250.051 560.7713
1250.07 560.784
1250.058 560.7335
1250.05 560.58
1250.132 560.3735
1250.209 560.2293
1250.277 560.1304
1250.327 560.0706
1250.491 560.0836
1250.653 560.0575
1250.75 560.0119
1250.656 559.8843
1250.577 559.6608
1250.523 559.3468
1250.472 559.3191
1250.714 559.4758
1250.805 559.6196
1250.807 559.7717
1250.693 559.7485
1250.729 559.7081
1250.657 559.6284
1250.617 559.579
1250.646 559.4585
1250.604 559.3473
1250.458 559.2892
1250.271 559.3077
1250.19 559.3331
1250.192 559.3529
1250.356 559.412
1250.441 559.3898
1250.525 559.3451
1250.568 559.2366
1250.488 559.194
1250.36 559.2467
1250.281 559.344
1250.186 559.4648
1250.307 559.5727
1250.394 559.5229
1250.376 559.4513
1250.437 559.3073
1250.42 559.1514
1250.532 559.1494
1250.604 559.2987
1250.643 559.3849
1250.555 559.4738
1250.343 559.4518
1250.122 559.4595
1250.19 559.2913
1250.356 559.2065
1250.528 559.1282
1250.538 559.1118
1250.577 559.0839
1250.559 559.0709
1250.47 559.097
1250.413 559.1039
1250.388 559.1146
1250.315 559.037
1250.221 558.988
1250.142 558.9739
1250.23 558.9299
1250.232 558.9702
1250.28 559.0361
1250.34 559.0542
1250.454 559.2205
1250.552 559.242
1250.467 559.2133
1250.355 559.1763
1250.393 559.1416
1250.514 559.1456
1250.474 559.1542
1250.363 559.0739
1249.985 558.9445
1249.802 558.8531
1249.649 558.81
1249.393 558.8304
1249.425 558.8345
1249.532 558.9261
1249.663 558.8378
1249.73 558.8718
1249.725 558.7378
1249.365 558.6273
1249.398 558.7471
1249.728 558.7128
1249.972 558.5948
1250.338 558.5757
1250.62 558.5776
1250.744 558.5056
1250.762 558.3484
1250.863 558.2333
1250.809 558.1652
1250.823 558.1364
1250.989 558.1643
1251.173 558.1982
1251.441 558.2112
1251.428 558.1131
1251.503 557.9892
1251.294 557.7461
1251.175 557.6263
1250.998 557.5886
1250.938 557.5352
1250.985 557.4085
1251.008 557.2626
1251.111 557.1748
1251.303 557.0951
1251.397 556.9416
1251.54 556.8258
1251.637 556.6704
1251.762 556.4592
1251.769 556.3614
1251.734 556.2124
1251.693 556.1718
1251.601 556.1514
1251.472 556.1871
1251.361 556.1622
1250.399 556.1599
1246.996 555.9252
1242.426 555.8212
1234.566 555.6877
1227.004 555.598
1219.915 555.5097
1207.48 555.6192
1203.832 555.6495
1195.883 555.6303
1184.475 555.5519
1180.667 555.5168
1173.646 555.5624
1165.237 555.6099
1157.974 555.6602
1150.882 555.7107
1144.113 555.7872
1137.197 555.8635
1127.318 555.9064
1119.49 555.9893
1112.869 556.1309
1104.303 556.2504
1096.789 556.4084
1087.299 556.4648
1076.796 556.6324
1069.71 556.6392
1059.177 556.7189
1052.407 556.752
1045.049 556.7439
1032.313 556.7528
1028.623 556.7914
1019.349 556.7858
1012.624 556.794
1005.197 556.8081
996.1893 556.8048
986.3829 556.8133
975.5879 556.6566
968.6169 556.5137
961.1005 556.5052
947.2549 556.4741
943.8659 556.4234
936.572 556.3796
928.446 556.306
921.1501 556.2493
911.5137 556.1592
904.0648 556.1072
897.3024 556.0683
884.111 556.0429
880.3216 556.0316
869.9114 556.0455
860.6849 555.9695
854.1813 555.9357
845.0983 555.9291
838.3857 555.9656
831.0349 556.0689
821.8389 556.1732
815.2009 556.1874
805.7503 556.1727
798.9876 556.1538
788.8096 556.0775
776.334 556.0089
772.6595 556.0707
762.6491 556.1314
756.0641 556.1776
749.2829 556.2228
739.1387 556.2189
732.5436 556.2328
724.5996 556.1896
715.235 556.0898
708.0527 556.0341
698.2751 556.0745
689.1829 556.1196
685.6387 556.1447
675.8835 556.155
669.0267 556.1859
661.819 556.257
651.4417 556.2579
644.7669 556.2244
635.5989 556.2719
628.9075 556.2634
620.7009 556.2824
611.9232 556.2816
601 556.3503
588.9271 556.4717
584.821 556.4434
577.8421 556.4335
568.3981 556.4316
561.5186 556.4076
554.735 556.4179
546.3099 556.4133
539.2776 556.4769
531.7175 556.5331
522.5234 556.5229
1249.766 559.2094
1250.074 559.5442
1250.5 559.8663
1250.72 560.2339
1250.781 560.4097
1250.287 560.5232
1249.854 560.5097
1249.39 560.6367
1248.514 561.2191
1248.147 561.5898
1247.854 561.9418
1247.923 562.0727
1247.885 562.1374
1247.815 562.0308
1247.844 561.8607
1247.91 561.6533
1247.958 561.4813
1248.206 561.2473
1248.82 560.9763
1249.44 560.7208
1249.887 560.4107
1250.052 560.3332
1250.062 560.4559
1250.095 560.6213
1250.03 560.7068
1249.917 560.6769
1249.615 560.5107
1249.391 560.4061
1249.325 560.3572
1249.255 560.3471
1249.224 560.5212
1249.144 560.7036
1249.038 560.7946
1248.913 560.7928
1249.005 560.7579
1249.131 560.648
1249.108 560.4196
1249.162 560.2347
1249.269 560.1
1249.464 560.0268
1249.869 560.1577
1250.011 560.2678
1249.994 560.3079
1249.909 560.3077
1249.627 560.1995
1249.457 560.1297
1249.6 560.0858
1249.728 560.1873
1249.761 560.2521
1249.956 560.4216
1249.936 560.4617
1250.007 560.4097
1249.929 560.3782
1249.895 560.3939
1249.979 560.4084
1250.134 560.4606
1250.252 560.6323
1250.218 560.7965
1250.205 560.8788
1250.016 560.8864
1249.867 560.8691
1249.825 560.8259
1249.858 560.7988
1249.984 560.8873
1249.955 560.9344
1249.812 561.0045
1249.657 561.0226
1249.601 561.0712
1249.451 561.1163
1249.328 561.2122
1249.368 561.3169
1249.568 561.382
1249.689 561.2703
1249.659 561.1848
1249.664 560.9936
1249.725 560.9423
1249.783 560.9094
1249.853 560.9553
1249.845 561.015
1249.872 561.0463
1249.92 561.1312
1249.974 561.1142
1249.892 561.0718
1249.831 561.02
1249.664 560.9199
1249.574 560.914
1249.677 561.001
1249.777 561.0706
1249.839 561.1046
1249.838 561.1402
1249.786 561.0533
1249.807 560.9185
1249.848 560.7775
1249.919 560.7278
1250.051 560.7713
1250.07 560.784
1250.058 560.7335
1250.05 560.58
1250.132 560.3735
1250.209 560.2293
1250.277 560.1304
1250.327 560.0706
1250.491 560.0836
1250.653 560.0575
1250.75 560.0119
1250.656 559.8843
1250.577 559.6608
1250.523 559.3468
1250.472 559.3191
1250.714 559.4758
1250.805 559.6196
1250.807 559.7717
1250.693 559.7485
1250.729 559.7081
1250.657 559.6284
1250.617 559.579
1250.646 559.4585
1250.604 559.3473
1250.458 559.2892
1250.271 559.3077
1250.19 559.3331
1250.192 559.3529
1250.356 559.412
1250.441 559.3898
1250.525 559.3451
1250.568 559.2366
1250.488 559.194
1250.36 559.2467
1250.281 559.344
1250.186 559.4648
1250.307 559.5727
1250.394 559.5229
1250.376 559.4513
1250.437 559.3073
1250.42 559.1514
1250.532 559.1494
1250.604 559.2987
1250.643 559.3849
1250.555 559.4738
1250.343 559.4518
1250.122 559.4595
1250.19 559.2913
1250.356 559.2065
1250.528 559.1282
1250.538 559.1118
1250.577 559.0839
1250.559 559.0709
1250.47 559.097
1250.413 559.1039
1250.388 559.1146
1250.315 559.037
1250.221 558.988
1250.142 558.9739
1250.23 558.9299
1250.232 558.9702
1250.28 559.0361
1250.34 559.0542
1250.454 559.2205
1250.552 559.242
1250.467 559.2133
1250.355 559.1763
1250.393 559.1416
1250.514 559.1456
1250.474 559.1542
1250.363 559.0739
1249.985 558.9445
1249.802 558.8531
1249.649 558.81
1249.393 558.8304
1249.425 558.8345
1249.532 558.9261
1249.663 558.8378
1249.73 558.8718
1249.725 558.7378
1249.365 558.6273
1249.398 558.7471
1249.728 558.7128
1249.972 558.5948
1250.338 558.5757
1250.62 558.5776
1250.744 558.5056
1250.762 558.3484
1250.863 558.2333
1250.809 558.1652
1250.823 558.1364
1250.989 558.1643
1251.173 558.1982
1251.441 558.2112
1251.428 558.1131
1251.503 557.9892
1251.294 557.7461
1251.175 557.6263
1250.998 557.5886
1250.938 557.5352
1250.985 557.4085
1251.008 557.2626
1251.111 557.1748
1251.303 557.0951
1251.397 556.9416
1251.54 556.8258
1251.637 556.6704
1251.762 556.4592
1251.769 556.3614
1251.734 556.2124
1251.693 556.1718
1251.601 556.1514
1251.472 556.1871
1251.361 556.1622
1250.399 556.1599
1246.996 555.9252
1242.426 555.8212
1234.566 555.6877
1227.004 555.598
1219.915 555.5097
1207.48 555.6192
1203.832 555.6495
1195.883 555.6303
1184.475 555.5519
1180.667 555.5168
1173.646 555.5624
1165.237 555.6099
1157.974 555.6602
1150.882 555.7107
1144.113 555.7872
1137.197 555.8635
1127.318 555.9064
1119.49 555.9893
1112.869 556.1309
1104.303 556.2504
1096.789 556.4084
1087.299 556.4648
1076.796 556.6324
1069.71 556.6392
1059.177 556.7189
1052.407 556.752
1045.049 556.7439
1032.313 556.7528
1028.623 556.7914
1019.349 556.7858
1012.624 556.794
1005.197 556.8081
996.1893 556.8048
986.3829 556.8133
975.5879 556.6566
968.6169 556.5137
961.1005 556.5052
947.2549 556.4741
943.8659 556.4234
936.572 556.3796
928.446 556.306
921.1501 556.2493
911.5137 556.1592
904.0648 556.1072
897.3024 556.0683
884.111 556.0429
880.3216 556.0316
869.9114 556.0455
860.6849 555.9695
854.1813 555.9357
845.0983 555.9291
838.3857 555.9656
831.0349 556.0689
821.8389 556.1732
815.2009 556.1874
805.7503 556.1727
798.9876 556.1538
788.8096 556.0775
776.334 556.0089
772.6595 556.0707
762.6491 556.1314
756.0641 556.1776
749.2829 556.2228
739.1387 556.2189
732.5436 556.2328
724.5996 556.1896
715.235 556.0898
708.0527 556.0341
698.2751 556.0745
689.1829 556.1196
685.6387 556.1447
675.8835 556.155
669.0267 556.1859
661.819 556.257
651.4417 556.2579
644.7669 556.2244
635.5989 556.2719
628.9075 556.2634
620.7009 556.2824
611.9232 556.2816
601 556.3503
588.9271 556.4717
584.821 556.4434
577.8421 556.4335
568.3981 556.4316
561.5186 556.4076
554.735 556.4179
546.3099 556.4133
539.2776 556.4769
531.7175 556.5331
522.5234 556.5229
512.3724 556.4773
503.5208 556.4623
492.1283 556.4496
483.1426 556.4082
476.3444 556.3986
468.6019 556.416
458.8711 556.3314
451.9476 556.3618
443.0631 556.4034
435.6322 556.412
425.5596 556.4216
416.4014 556.3933
409.6764 556.3853
400.0257 556.3514
390.1224 556.3799
386.1325 556.3435
376.5635 556.2862
369.9284 556.264
362.5417 556.3012
352.6849 556.2805
345.8756 556.2914
332.8024 556.3195
328.6927 556.3011
321.0843 556.3152
310.6198 556.3512
302.8659 556.3096
291.0915 556.3192
287.0143 556.3049
279.4925 556.251
271.3307 556.2132
263.8363 556.2419
256.7734 556.2917
245.7223 556.2914
241.3789 556.3265
233.9115 556.3208
224.2344 556.2914
217.1263 556.2512
206.6725 556.2608
196.9443 556.2761
189.376 556.2914
184.1169 556.3374
180.1061 556.2867
175.944 556.3054
174.1634 556.316
173.6771 556.3307
173.5579 556.3816
173.4281 556.3842
173.4102 556.3221
173.3678 556.3252
173.4326 556.3665
173.6104 556.4474
173.8011 556.5389
173.8066 556.6581
173.6849 556.6974
173.4069 556.7017
173.2607 556.5845
173.2292 556.6015
173.2715 556.6486
173.4567 556.7331
173.5423 556.8923
173.5768 556.9575
173.5778 556.9579
173.4622 556.9639
173.2175 556.8938
173.2949 556.7969
173.3164 556.8394
173.5146 556.9655
173.5055 557.0115
173.3955 557.0955
173.1641 557.1679
173.0368 557.2347
173.0391 557.2665
172.9388 557.3129
172.9489 557.2987
172.8971 557.3105
172.8926 557.2861
172.9248 557.4646
172.9271 557.526
172.8158 557.5905
172.6729 557.6502
172.6784 557.6874
172.707 557.7352
172.8014 557.7911
172.9069 557.8096
172.9173 557.7814
172.8623 557.7755
172.8271 557.7111
172.7689 557.7422
172.8079 557.7824
172.7917 557.861
172.8695 557.9828
172.8525 558.0166
172.7432 557.9902
172.707 557.9832
172.8223 557.9693
173.9548 557.9824
175.0947 557.9621
176.8171 557.975
179.763 558.015
182.9655 558.0643
189.0784 558.0828
195.4355 558.0758
200.9945 558.0468
209.5488 557.8893
216.1445 557.8991
222.6035 557.9139
230.8252 557.9351
237.3561 557.991
243.9893 558.037
251.9593 558.0342
258.7295 558.0233
267.8027 557.9648
278.0433 557.9208
285.0264 557.8851
293.167 557.807
300.0817 557.7831
309.8307 557.7889
316.5697 557.8243
323.109 557.7437
331.972 557.7004
337.3509 557.6516
344.8184 557.6889
349.1051 557.6578
352.7513 557.6005
356.9688 557.5181
357.8636 557.4909
359.5186 557.5372
360.0247 557.556
360.0977 557.6634
360.0176 557.652
360.0553 557.5947
360.056 557.5566
360.1338 557.491
360.2894 557.4729
360.388 557.454
360.4229 557.5061
360.4701 557.5543
360.3802 557.6633
360.1175 557.8093
360.0859 557.874
359.9733 557.8612
359.9635 557.8264
360.2213 557.8548
360.2422 557.8724
360.3893 557.845
360.4499 557.842
360.5456 557.8591
360.487 557.879
360.3991 557.8932
360.3652 557.8885
360.4486 557.8301
360.5892 557.8334
360.6172 557.8531
360.679 557.8458
360.5889 557.8228
360.4896 557.7676
360.4102 557.7441
360.3763 557.795
360.3327 557.7937
360.4238 557.7432
360.4111 557.6991
360.5208 557.6244
360.5706 557.5579
360.5817 557.4917
360.6826 557.4199
360.6602 557.3564
360.7695 557.3945
360.708 557.3517
360.6361 557.3688
360.5273 557.3506
360.5104 557.3675
360.5404 557.3733
360.5006 557.3899
360.3558 557.3487
360.0387 557.3096
358.2113 557.3469
357.679 557.4031
355.8268 557.4647
352.5335 557.5264
349.3682 557.585
345.2028 557.6105
338.3158 557.6461
333.0999 557.6052
326.5885 557.6633
320.0651 557.723
312.9124 557.7804
303.9772 557.8847
297.1256 558.0172
287.2721 558.0524
277.6862 558.1389
270.6048 558.1647
259.3512 558.1977
255.0576 558.2907
247.8223 558.3632
238.4154 558.4374
231.2175 558.4658
224.7295 558.5055
215.7025 558.5535
208.4873 558.6268
198.4779 558.7318
188.3122 558.769
184.417 558.8261
172.1061 558.8778
168.14 558.9677
161.0267 559.0398
152.2471 559.0822
144.7275 559.0929
134.4665 559.1686
128.1419 559.1283
120.2148 559.2181
110.3535 559.2164
103.4053 559.1991
96.73242 559.1467
84.65495 559.0751
80.91406 558.9776
73.02441 558.9124
66.14844 558.8113
59.83138 558.7661
51.64421 558.6535
45 558.5125
37.88281 558.4702
28.98112 558.4824
21.94141 558.4685
14.67904 558.509
2.768555 558.5283
3835.744 558.4898
3825.717 558.3919
3818.646 558.3503
3811.674 558.3309
3802.247 558.2732
3795.638 558.2282
3786.425 558.1528
3779.407 558.1387
3771.317 558.116
3762.252 558.0442
3751.568 558.0264
3743.488 557.8594
3733.229 557.7913
3729.041 557.7003
3719.979 557.6248
3712.485 557.5775
3705.406 557.6293
3697.05 557.6613
3690.088 557.6475
3683.071 557.815
3672.718 557.8624
3669.01 557.9214
3661.998 557.9125
3653.599 557.9367
3646.183 558.0103
3637.044 558.0942
3634.951 558.192
3632.254 558.2642
3631.068 558.3015
3630.97 558.3464
3630.83 558.3555
3630.693 558.3478
3630.671 558.3704
3630.786 558.3558
3630.917 558.3583
3630.898 558.2982
3630.85 558.2353
3630.749 558.1764
3630.671 558.3259
3630.719 558.4457
3630.722 558.5664
3630.885 558.6738
3630.926 558.7637
3631.074 558.7863
3631.178 558.7114
3631.343 558.6757
3631.718 558.5344
3614.515 558.1528
3607.71 558.2317
3597.549 558.1865
3587.363 558.1227
3577.99 557.8423
3571.505 557.76
3562.418 557.7825
3555.222 557.7996
3545.493 557.8454
3536.717 557.9644
3529.919 557.976
3522.674 558.0231
3513.905 557.8622
3504.036 557.7673
3495.3 557.6873
3487.355 557.7002
3480.555 557.6747
3472.135 557.9211
3465.665 558.0706
3458.328 558.2429
3447.219 558.4683
3442.319 558.662
3432.436 558.7982
3429.521 558.7156
3427.778 558.5191
3427.84 558.36
3428.156 558.1456
3428.811 557.9446
512.3724 556.4773
503.5208 556.4623
492.1283 556.4496
483.1426 556.4082
476.3444 556.3986
468.6019 556.416
458.8711 556.3314
451.9476 556.3618
443.0631 556.4034
435.6322 556.412
425.5596 556.4216
416.4014 556.3933
409.6764 556.3853
400.0257 556.3514
390.1224 556.3799
386.1325 556.3435
376.5635 556.2862
369.9284 556.264
362.5417 556.3012
352.6849 556.2805
345.8756 556.2914
332.8024 556.3195
328.6927 556.3011
321.0843 556.3152
310.6198 556.3512
302.8659 556.3096
291.0915 556.3192
287.0143 556.3049
279.4925 556.251
271.3307 556.2132
263.8363 556.2419
256.7734 556.2917
245.7223 556.2914
241.3789 556.3265
233.9115 556.3208
224.2344 556.2914
217.1263 556.2512
206.6725 556.2608
196.9443 556.2761
189.376 556.2914
184.1169 556.3374
180.1061 556.2867
175.944 556.3054
174.1634 556.316
173.6771 556.3307
173.5579 556.3816
173.4281 556.3842
173.4102 556.3221
173.3678 556.3252
173.4326 556.3665
173.6104 556.4474
173.8011 556.5389
173.8066 556.6581
173.6849 556.6974
173.4069 556.7017
173.2607 556.5845
173.2292 556.6015
173.2715 556.6486
173.4567 556.7331
173.5423 556.8923
173.5768 556.9575
173.5778 556.9579
173.4622 556.9639
173.2175 556.8938
173.2949 556.7969
173.3164 556.8394
173.5146 556.9655
173.5055 557.0115
173.3955 557.0955
173.1641 557.1679
173.0368 557.2347
173.0391 557.2665
172.9388 557.3129
172.9489 557.2987
172.8971 557.3105
172.8926 557.2861
172.9248 557.4646
172.9271 557.526
172.8158 557.5905
172.6729 557.6502
172.6784 557.6874
172.707 557.7352
172.8014 557.7911
172.9069 557.8096
172.9173 557.7814
172.8623 557.7755
172.8271 557.7111
172.7689 557.7422
172.8079 557.7824
172.7917 557.861
172.8695 557.9828
172.8525 558.0166
172.7432 557.9902
172.707 557.9832
172.8223 557.9693
173.9548 557.9824
175.0947 557.9621
176.8171 557.975
179.763 558.015
182.9655 558.0643
189.0784 558.0828
195.4355 558.0758
200.9945 558.0468
209.5488 557.8893
216.1445 557.8991
222.6035 557.9139
230.8252 557.9351
237.3561 557.991
243.9893 558.037
251.9593 558.0342
258.7295 558.0233
267.8027 557.9648
278.0433 557.9208
285.0264 557.8851
293.167 557.807
300.0817 557.7831
309.8307 557.7889
316.5697 557.8243
323.109 557.7437
331.972 557.7004
337.3509 557.6516
344.8184 557.6889
349.1051 557.6578
352.7513 557.6005
356.9688 557.5181
357.8636 557.4909
359.5186 557.5372
360.0247 557.556
360.0977 557.6634
360.0176 557.652
360.0553 557.5947
360.056 557.5566
360.1338 557.491
360.2894 557.4729
360.388 557.454
360.4229 557.5061
360.4701 557.5543
360.3802 557.6633
360.1175 557.8093
360.0859 557.874
359.9733 557.8612
359.9635 557.8264
360.2213 557.8548
360.2422 557.8724
360.3893 557.845
360.4499 557.842
360.5456 557.8591
360.487 557.879
360.3991 557.8932
360.3652 557.8885
360.4486 557.8301
360.5892 557.8334
360.6172 557.8531
360.679 557.8458
360.5889 557.8228
360.4896 557.7676
360.4102 557.7441
360.3763 557.795
360.3327 557.7937
360.4238 557.7432
360.4111 557.6991
360.5208 557.6244
360.5706 557.5579
360.5817 557.4917
360.6826 557.4199
360.6602 557.3564
360.7695 557.3945
360.708 557.3517
360.6361 557.3688
360.5273 557.3506
360.5104 557.3675
360.5404 557.3733
360.5006 557.3899
360.3558 557.3487
360.0387 557.3096
358.2113 557.3469
357.679 557.4031
355.8268 557.4647
352.5335 557.5264
349.3682 557.585
345.2028 557.6105
338.3158 557.6461
333.0999 557.6052
326.5885 557.6633
320.0651 557.723
312.9124 557.7804
303.9772 557.8847
297.1256 558.0172
287.2721 558.0524
277.6862 558.1389
270.6048 558.1647
259.3512 558.1977
255.0576 558.2907
247.8223 558.3632
238.4154 558.4374
231.2175 558.4658
224.7295 558.5055
215.7025 558.5535
208.4873 558.6268
198.4779 558.7318
188.3122 558.769
184.417 558.8261
172.1061 558.8778
168.14 558.9677
161.0267 559.0398
152.2471 559.0822
144.7275 559.0929
134.4665 559.1686
128.1419 559.1283
120.2148 559.2181
110.3535 559.2164
103.4053 559.1991
96.73242 559.1467
84.65495 559.0751
80.91406 558.9776
73.02441 558.9124
66.14844 558.8113
59.83138 558.7661
51.64421 558.6535
45 558.5125
37.88281 558.4702
28.98112 558.4824
21.94141 558.4685
14.67904 558.509
2.768555 558.5283
3835.744 558.4898
3825.717 558.3919
3818.646 558.3503
3811.674 558.3309
3802.247 558.2732
3795.638 558.2282
3786.425 558.1528
3779.407 558.1387
3771.317 558.116
3762.252 558.0442
3751.568 558.0264
3743.488 557.8594
3733.229 557.7913
3729.041 557.7003
3719.979 557.6248
3712.485 557.5775
3705.406 557.6293
3697.05 557.6613
3690.088 557.6475
3683.071 557.815
3672.718 557.8624
3669.01 557.9214
3661.998 557.9125
3653.599 557.9367
3646.183 558.0103
3637.044 558.0942
3634.951 558.192
3632.254 558.2642
3631.068 558.3015
3630.97 558.3464
3630.83 558.3555
3630.693 558.3478
3630.671 558.3704
3630.786 558.3558
3630.917 558.3583
3630.898 558.2982
3630.85 558.2353
3630.749 558.1764
3630.671 558.3259
3630.719 558.4457
3630.722 558.5664
3630.885 558.6738
3630.926 558.7637
3631.074 558.7863
3631.178 558.7114
3631.343 558.6757
3631.718 558.5344
3614.515 558.1528
3607.71 558.2317
3597.549 558.1865
3587.363 558.1227
3577.99 557.8423
3571.505 557.76
3562.418 557.7825
3555.222 557.7996
3545.493 557.8454
3536.717 557.9644
3529.919 557.976
3522.674 558.0231
3513.905 557.8622
3504.036 557.7673
3495.3 557.6873
3487.355 557.7002
3480.555 557.6747
3472.135 557.9211
3465.665 558.0706
3458.328 558.2429
3447.219 558.4683
3442.319 558.662
3432.436 558.7982
3429.521 558.7156
3427.778 558.5191
3427.84 558.36
3428.156 558.1456
3428.811 557.9446
3429.385 557.8046
3429.399 557.6716
3428.955 557.4985
3428.465 557.3324
3427.515 557.243
3427.211 557.1846
3426.802 557.3563
3426.653 557.5638
3427.044 557.8224
3427.365 558.0112
3427.554 558.1259
3428.044 558.2496
3428.304 558.3477
3428.393 558.5225
3428.401 558.8656
3428.424 559.0471
3428.524 559.2147
3428.754 559.3522
3429.203 559.4194
3430.249 559.116
3430.867 558.9308
3431.237 558.6409
3431.558 558.4685
3431.826 558.389
3431.784 558.5449
3431.875 558.7714
3431.794 558.7631
3431.838 558.7124
3431.877 558.5089
3431.812 558.2728
3431.789 557.8505
3431.675 557.6174
3431.628 557.4539
3431.778 557.4284
3431.834 557.4861
3431.831 557.3937
3431.91 557.2399
3431.991 557.0488
3432.453 556.7162
3432.741 556.6035
3433.397 556.5883
3433.553 556.3769
3433.636 555.9139
3433.778 555.6116
3434.081 555.4278
3434.86 555.7264
3435.23 556.0045
3435.226 556.2604
3435.171 556.3127
3434.577 556.068
3434.018 555.8982
3433.843 555.6342
3433.909 555.467
3434.537 555.3687
3435.551 555.455
3436.387 555.5207
3437.394 555.459
3438.047 555.4084
3438.584 555.3726
3438.86 555.3802
3439.232 555.4047
3439.508 555.4681
3439.581 555.4357
3438.987 555.2108
3438.705 554.7293
3438.909 554.3054
3439.236 553.871
3439.758 553.467
3440.439 553.3581
3440.885 553.2639
3440.351 553.3514
3439.804 553.2572
3439.213 552.998
3439.115 552.7125
3439.445 552.4359
3440.045 552.284
3440.342 552.3254
3440.418 552.4163
3440.154 552.2728
3439.872 551.9504
3439.798 551.6262
3439.93 551.5076
3440.218 551.436
3441.094 551.7238
3441.385 551.9202
3441.3 551.9574
3440.839 551.914
3440.254 551.789
3440.152 551.7178
3440.196 551.716
3440.225 551.7593
3440.409 551.7706
3440.383 551.8015
3440.108 551.774
3439.684 551.7106
3439.648 551.6513
3440.194 551.7495
3440.27 551.7756
3440.085 551.7142
3439.62 551.4824
3439.409 551.3823
3439.013 551.1511
3439.172 551.1296
3439.431 551.1875
3439.737 551.2592
3439.793 551.2971
3439.72 551.3573
3439.457 551.3667
3439.39 551.3859
3439.385 551.4215
3439.647 551.5113
3439.902 551.4741
3440.089 551.4438
3440.214 551.4086
3440.169 551.3465
3440.062 551.2697
3439.99 551.2051
3439.991 551.222
3439.903 551.1639
3440.009 551.0202
3439.995 550.9216
3439.867 550.6526
3439.692 550.5284
3439.472 550.5277
3439.268 550.5184
3439.089 550.5748
3439.052 550.6137
3439.057 550.5677
3439.218 550.4934
3439.319 550.4539
3439.393 550.4337
3439.551 550.4066
3439.527 550.3669
3438.919 550.2707
3438.664 550.3065
3438.468 550.2966
3438.409 550.3287
3438.554 550.3226
3438.698 550.3075
3438.819 550.192
3438.846 550.1486
3438.857 550.0822
3438.732 550.15
3438.644 550.2949
3438.745 550.4886
3438.815 550.5917
3438.811 550.809
3438.818 551.0044
3438.759 551.3939
3438.543 551.6422
3438.363 551.9905
3438.291 552.2499
3438.064 552.4445
3438.025 552.652
3438.111 552.8453
3438.29 553.1449
3438.378 553.373
3438.335 553.4988
3438.162 553.4978
3438.063 553.5005
3438.092 553.3749
3438.133 553.4309
3438.167 553.4578
3438.23 553.4395
3438.196 553.4451
3438.001 553.4106
3437.833 553.3431
3437.796 553.3673
3437.703 553.3759
3437.711 553.3472
3437.764 553.3238
3437.919 553.3727
3437.994 553.4847
3437.969 553.5903
3437.948 553.6727
3437.77 553.7639
3437.52 553.7918
3437.359 553.6801
3437.386 553.6635
3437.567 553.6853
3437.894 553.7232
3438.037 553.7148
3438.104 553.7275
3438.033 553.6415
3437.666 553.6331
3437.505 553.5867
3437.593 553.5927
3437.775 553.5084
3438.062 553.4265
3438.365 553.3431
3438.423 553.2564
3438.437 553.1081
3438.407 553.0664
3438.455 553.0297
3438.543 553.0457
3438.885 553.1751
3439.008 553.224
3438.959 553.0073
3438.769 552.8439
3438.671 552.7787
3438.861 552.8726
3439.143 552.9331
3439.475 553.0846
3439.779 553.3535
3439.86 553.5032
3439.818 553.748
3439.832 553.8768
3440.105 554.0389
3440.627 554.1934
3440.855 554.3464
3441.167 554.531
3441.271 554.744
3441.184 554.8767
3441.021 555.0494
3440.898 555.2276
3440.935 555.4522
3441.039 555.8007
3441.38 556.0673
3441.771 556.2437
3441.991 556.3463
3441.97 556.4482
3441.882 556.4426
3441.608 556.551
3441.578 556.6816
3441.605 556.7274
3441.611 556.7372
3441.655 556.5998
3441.687 556.5322
3441.671 556.2791
3441.839 556.0555
3442.051 555.9153
3442.407 555.8093
3442.549 555.6663
3442.773 556.1238
3442.566 556.3661
3441.595 556.3776
3440.275 556.1672
3439.394 556.3821
3439.465 557.0693
3440.233 557.486
3441.485 557.7577
3441.803 557.7643
3442.001 557.7327
3442.732 557.8434
3443.078 558.0884
3443.221 558.1669
3443.272 558.3428
3443.123 558.2589
3442.767 558.0103
3442.438 557.9386
3441.924 558.0793
3441.729 558.3296
3442.016 558.701
3442.29 558.9205
3443.097 559.1525
3444.391 559.3334
3446.903 559.7775
3448.563 560.0452
3449.665 560.1048
3450.108 560.232
3449.85 560.405
3449.602 561.358
3448.819 561.4172
3448.121 561.8915
3447.542 562.8164
3448.097 564.696
3449.552 565.9334
3451.457 566.5737
3452.542 565.7108
3455.707 565.908
3456.637 565.9178
3456.054 565.7827
3456.28 566.1392
3458.634 567.2466
3460.188 568.3493
3461.249 571.1356
3460.729 572.8026
3459.921 574.137
3460.671 575.0918
3462.227 575.5281
3462.808 576.5413
3462.879 578.0649
3462.88 579.3542
3462.794 580.4788
3461.125 580.0159
3461.116 579.2052
3462.265 578.8675
3463.052 578.7386
3462.066 578.4199
3460.695 577.8986
3460.146 577.5328
3458.668 575.593
3458.088 574.6024
3456.217 573.9456
3451.865 572.4007
3448.812 571.1174
3445.045 568.9136
3442.536 567.1655
3441.401 566.0306
3440.243 563.8275
3429.385 557.8046
3429.399 557.6716
3428.955 557.4985
3428.465 557.3324
3427.515 557.243
3427.211 557.1846
3426.802 557.3563
3426.653 557.5638
3427.044 557.8224
3427.365 558.0112
3427.554 558.1259
3428.044 558.2496
3428.304 558.3477
3428.393 558.5225
3428.401 558.8656
3428.424 559.0471
3428.524 559.2147
3428.754 559.3522
3429.203 559.4194
3430.249 559.116
3430.867 558.9308
3431.237 558.6409
3431.558 558.4685
3431.826 558.389
3431.784 558.5449
3431.875 558.7714
3431.794 558.7631
3431.838 558.7124
3431.877 558.5089
3431.812 558.2728
3431.789 557.8505
3431.675 557.6174
3431.628 557.4539
3431.778 557.4284
3431.834 557.4861
3431.831 557.3937
3431.91 557.2399
3431.991 557.0488
3432.453 556.7162
3432.741 556.6035
3433.397 556.5883
3433.553 556.3769
3433.636 555.9139
3433.778 555.6116
3434.081 555.4278
3434.86 555.7264
3435.23 556.0045
3435.226 556.2604
3435.171 556.3127
3434.577 556.068
3434.018 555.8982
3433.843 555.6342
3433.909 555.467
3434.537 555.3687
3435.551 555.455
3436.387 555.5207
3437.394 555.459
3438.047 555.4084
3438.584 555.3726
3438.86 555.3802
3439.232 555.4047
3439.508 555.4681
3439.581 555.4357
3438.987 555.2108
3438.705 554.7293
3438.909 554.3054
3439.236 553.871
3439.758 553.467
3440.439 553.3581
3440.885 553.2639
3440.351 553.3514
3439.804 553.2572
3439.213 552.998
3439.115 552.7125
3439.445 552.4359
3440.045 552.284
3440.342 552.3254
3440.418 552.4163
3440.154 552.2728
3439.872 551.9504
3439.798 551.6262
3439.93 551.5076
3440.218 551.436
3441.094 551.7238
3441.385 551.9202
3441.3 551.9574
3440.839 551.914
3440.254 551.789
3440.152 551.7178
3440.196 551.716
3440.225 551.7593
3440.409 551.7706
3440.383 551.8015
3440.108 551.774
3439.684 551.7106
3439.648 551.6513
3440.194 551.7495
3440.27 551.7756
3440.085 551.7142
3439.62 551.4824
3439.409 551.3823
3439.013 551.1511
3439.172 551.1296
3439.431 551.1875
3439.737 551.2592
3439.793 551.2971
3439.72 551.3573
3439.457 551.3667
3439.39 551.3859
3439.385 551.4215
3439.647 551.5113
3439.902 551.4741
3440.089 551.4438
3440.214 551.4086
3440.169 551.3465
3440.062 551.2697
3439.99 551.2051
3439.991 551.222
3439.903 551.1639
3440.009 551.0202
3439.995 550.9216
3439.867 550.6526
3439.692 550.5284
3439.472 550.5277
3439.268 550.5184
3439.089 550.5748
3439.052 550.6137
3439.057 550.5677
3439.218 550.4934
3439.319 550.4539
3439.393 550.4337
3439.551 550.4066
3439.527 550.3669
3438.919 550.2707
3438.664 550.3065
3438.468 550.2966
3438.409 550.3287
3438.554 550.3226
3438.698 550.3075
3438.819 550.192
3438.846 550.1486
3438.857 550.0822
3438.732 550.15
3438.644 550.2949
3438.745 550.4886
3438.815 550.5917
3438.811 550.809
3438.818 551.0044
3438.759 551.3939
3438.543 551.6422
3438.363 551.9905
3438.291 552.2499
3438.064 552.4445
3438.025 552.652
3438.111 552.8453
3438.29 553.1449
3438.378 553.373
3438.335 553.4988
3438.162 553.4978
3438.063 553.5005
3438.092 553.3749
3438.133 553.4309
3438.167 553.4578
3438.23 553.4395
3438.196 553.4451
3438.001 553.4106
3437.833 553.3431
3437.796 553.3673
3437.703 553.3759
3437.711 553.3472
3437.764 553.3238
3437.919 553.3727
3437.994 553.4847
3437.969 553.5903
3437.948 553.6727
3437.77 553.7639
3437.52 553.7918
3437.359 553.6801
3437.386 553.6635
3437.567 553.6853
3437.894 553.7232
3438.037 553.7148
3438.104 553.7275
3438.033 553.6415
3437.666 553.6331
3437.505 553.5867
3437.593 553.5927
3437.775 553.5084
3438.062 553.4265
3438.365 553.3431
3438.423 553.2564
3438.437 553.1081
3438.407 553.0664
3438.455 553.0297
3438.543 553.0457
3438.885 553.1751
3439.008 553.224
3438.959 553.0073
3438.769 552.8439
3438.671 552.7787
3438.861 552.8726
3439.143 552.9331
3439.475 553.0846
3439.779 553.3535
3439.86 553.5032
3439.818 553.748
3439.832 553.8768
3440.105 554.0389
3440.627 554.1934
3440.855 554.3464
3441.167 554.531
3441.271 554.744
3441.184 554.8767
3441.021 555.0494
3440.898 555.2276
3440.935 555.4522
3441.039 555.8007
3441.38 556.0673
3441.771 556.2437
3441.991 556.3463
3441.97 556.4482
3441.882 556.4426
3441.608 556.551
3441.578 556.6816
3441.605 556.7274
3441.611 556.7372
3441.655 556.5998
3441.687 556.5322
3441.671 556.2791
3441.839 556.0555
3442.051 555.9153
3442.407 555.8093
3442.549 555.6663
3442.773 556.1238
3442.566 556.3661
3441.595 556.3776
3440.275 556.1672
3439.394 556.3821
3439.465 557.0693
3440.233 557.486
3441.485 557.7577
3441.803 557.7643
3442.001 557.7327
3442.732 557.8434
3443.078 558.0884
3443.221 558.1669
3443.272 558.3428
3443.123 558.2589
3442.767 558.0103
3442.438 557.9386
3441.924 558.0793
3441.729 558.3296
3442.016 558.701
3442.29 558.9205
3443.097 559.1525
3444.391 559.3334
3446.903 559.7775
3448.563 560.0452
3449.665 560.1048
3450.108 560.232
3449.85 560.405
3449.602 561.358
3448.819 561.4172
3448.121 561.8915
3447.542 562.8164
3448.097 564.696
3449.552 565.9334
3451.457 566.5737
3452.542 565.7108
3455.707 565.908
3456.637 565.9178
3456.054 565.7827
3456.28 566.1392
3458.634 567.2466
3460.188 568.3493
3461.249 571.1356
3460.729 572.8026
3459.921 574.137
3460.671 575.0918
3462.227 575.5281
3462.808 576.5413
3462.879 578.0649
3462.88 579.3542
3462.794 580.4788
3461.125 580.0159
3461.116 579.2052
3462.265 578.8675
3463.052 578.7386
3462.066 578.4199
3460.695 577.8986
3460.146 577.5328
3458.668 575.593
3458.088 574.6024
3456.217 573.9456
3451.865 572.4007
3448.812 571.1174
3445.045 568.9136
3442.536 567.1655
3441.401 566.0306
3440.243 563.8275
3436.881 560.4267
3433.305 558.1782
3430.531 556.0086
3430.144 554.6701
3430.385 552.9377
3430.612 552.1669
3431.186 552.6744
3430.666 552.283
3431.231 552.0408
3434.109 552.0223
3436.885 551.4379
3438.031 550.5339
3439.444 549.6436
3441.517 549.5942
3444.396 549.7416
3448.467 549.0907
3450.101 548.5103
3453.31 548.5973
3455.374 548.9888
3457.23 548.8771
3459.497 548.1817
3461.212 547.2918
3461.842 546.5703
3461.992 544.5944
3460.796 543.8936
3459.27 542.7126
3459.229 541.9557
3463.231 537.9872
3464.999 537.5191
3462.848 536.1617
3460.758 535.3816
3460.819 534.9716
3461.868 533.9698
3462.454 531.7608
3459.518 530.7475
3455.898 529.2723
3454.367 527.6467
3454.681 525.7477
3455.155 524.1672
3454.148 522.731
3452.474 522.0145
3450.242 519.997
3448.86 517.954
3449.407 514.074
3448.883 512.3725
3453.777 509.8119
3452.438 508.8644
3451.084 507.3377
3452.049 507.3
3458.491 505.7874
3463.328 504.6058
3465.759 503.7198
3468.554 502.7347
3470.561 502.3368
3476.908 501.1876
3480.821 500.2169
3483.621 499.642
3486.945 499.705
3489.364 499.2656
3493.07 498.5808
3503.13 499.4352
3512.828 499.3061
3517.41 499.6663
3523.023 500.0521
3527.389 500.0843
3538.537 500.3298
3547.81 500.9379
3554.156 501.6831
3560.232 502.5125
3562.23 502.704
3569.887 502.0714
3576.904 501.3874
3583.367 500.5698
3585.504 500.0403
3587.545 499.3765
3594.005 496.5237
3599.206 494.6293
3604.95 492.7012
3607.586 491.3743
3612.263 488.6595
3615.567 486.7933
3621.897 485.6969
3624.867 485.7929
3627.236 486.3761
3630.581 485.8003
3633.398 485.0858
3636.604 483.9253
3642.544 484.2263
3646.146 485.4365
3648.44 486.7311
3650.667 487.5013
3651.62 488.0107
3652.877 488.3611
3654.951 488.8831
3656.83 489.5739
3660.379 491.2966
3663.301 492.7279
3665.613 493.7718
3668.619 495.4975
3670.72 496.669
3673.579 497.8695
3676.286 498.7907
3679.665 499.6057
3684.013 500.9406
3686.468 502.0305
3688.615 503.2909
3688.243 504.2647
3688.608 504.9631
3688.266 506.174
3687.146 507.3101
3683.552 508.7119
3678.132 509.9
3672.574 510.6273
3662.078 513.8109
3654.42 515.7915
3636.951 520.6205
3625.025 524.1233
3606.64 528.2951
3594.955 529.8077
3580.768 532.0617
3559.952 534.5259
3539.31 538.134
3501.491 543.3555
3478.754 545.761
3441.906 547.6057
3417.427 548.9269
3393.081 550.5013
3351.031 552.6746
3324.194 553.7724
3285.662 553.9593
3261.067 554.3099
3216.354 554.8341
3186.148 554.6426
3156.831 553.9843
3112.356 552.2667
3085.636 552.0972
3039.546 551.7591
3011.415 550.188
2967.531 546.5496
2888.773 540.1359
2843.427 537.662
2799.999 533.5402
2775.01 530.4485
2735.505 524.9299
2714.76 522.6957
2678.402 518.5027
2654.842 515.6055
2617.79 510.5743
2596.836 506.98
2581.053 503.1175
2557.416 497.2426
2544.971 494.1409
2527.801 489.4048
2516.782 486.6017
2507.672 483.6713
2493.181 478.0771
2485.877 474.5886
2475.718 471.6888
2466.007 468.6864
2460.01 465.8872
2454.915 462.4704
2449.843 459.3019
2443.046 454.2121
2437.667 450.7275
2433.77 447.0449
2433.903 444.5508
2433.951 441.8299
2434.067 436.7451
2435.64 433.7596
2436.259 430.8478
2440.239 427.0926
2445.292 424.8395
2450.224 422.7326
2460.606 420.0187
2467.568 418.0814
2480.488 415.1758
2492.858 412.8844
2515.274 409.4733
2529.473 408.1178
2549.983 407.624
2570.097 407.3128
2588.295 406.4289
2624.585 404.9754
2648.956 404.3724
2679.943 403.6756
2709.233 404.192
2737.952 404.5581
2786.852 405.4525
2817.406 405.9753
2859.758 406.8157
2899.605 408.9905
2962.733 411.9868
2997.86 414.8508
3030.958 417.662
3083.074 423.3021
3121.628 429.1623
3185.142 437.5843
3217.5 441.0726
3266.73 446.2725
3300.328 449.3205
3333.958 453.2957
3385.246 459.998
3418.036 464.5415
3471.414 471.4443
3500.832 473.6396
3527.684 475.0266
3569.686 476.8587
3593.917 477.7474
3637.821 480.3664
3666.764 482.0771
3692.417 482.4989
3728.476 483.9457
3750.73 485.0576
3780.876 487.1825
3803.344 488.4664
3838.369 490.3408
15.42806 491.4214
35.78679 493.4337
54.20964 495.1912
63.04232 495.396
78.57162 496.5502
84.05729 497.378
96.81705 498.2026
104.2858 498.1315
109.0098 498.264
112.1055 499.3564
113.5911 500.5125
110.9495 500.9962
108.5371 500.1453
106.6211 499.54
104.6735 499.2163
102.6439 499.2383
100.4772 499.0905
96.77604 498.8195
95.55404 498.7008
86.4974 497.792
76.84635 496.8413
70.19727 496.612
62.57227 496.3444
56.10091 496.2003
49.56836 495.972
40.6582 495.4895
29.65365 495.116
19.36979 494.8425
4.516276 494.7393
3832.596 494.9937
3811.41 496.0298
3795.578 496.3219
3768.86 496.4051
3752.606 496.5316
3723.717 496.8622
3706.413 497.186
3668.875 499.1377
3648.083 500.6172
3629.921 501.5775
3599.476 502.8593
3580.419 503.7335
3545.676 506.2922
3523.79 507.8221
3489.768 509.6766
3469.031 511.0664
3447.761 513.0139
3407.408 515.3943
3387.884 515.8649
3360.469 516.5864
3340.09 517.5397
3317.556 519.6948
3297.099 521.8176
3270.058 523.4385
3255.349 523.8549
3241.932 524.0969
3217.743 525.2826
3203.019 526.0739
3181.046 526.3126
3167.938 525.4172
3146.793 524.1518
3133.465 523.6668
3120.365 523.4164
3100.02 523.1923
3085.01 522.8549
3065.658 522.4352
3051.633 522.1669
3031.616 521.7461
3018.251 521.5249
3006.934 521.4909
2990.946 521.6367
2977.988 521.8909
2964.796 522.1087
2944.785 522.0632
2930.245 521.5457
2907.356 521.7119
2894.481 521.9359
2873.355 522.356
2860.167 522.6874
2837.085 523.2386
2822.771 523.7562
2811.173 524.1816
2797.195 524.7775
2784.662 525.23
2772.124 525.4672
3436.881 560.4267
3433.305 558.1782
3430.531 556.0086
3430.144 554.6701
3430.385 552.9377
3430.612 552.1669
3431.186 552.6744
3430.666 552.283
3431.231 552.0408
3434.109 552.0223
3436.885 551.4379
3438.031 550.5339
3439.444 549.6436
3441.517 549.5942
3444.396 549.7416
3448.467 549.0907
3450.101 548.5103
3453.31 548.5973
3455.374 548.9888
3457.23 548.8771
3459.497 548.1817
3461.212 547.2918
3461.842 546.5703
3461.992 544.5944
3460.796 543.8936
3459.27 542.7126
3459.229 541.9557
3463.231 537.9872
3464.999 537.5191
3462.848 536.1617
3460.758 535.3816
3460.819 534.9716
3461.868 533.9698
3462.454 531.7608
3459.518 530.7475
3455.898 529.2723
3454.367 527.6467
3454.681 525.7477
3455.155 524.1672
3454.148 522.731
3452.474 522.0145
3450.242 519.997
3448.86 517.954
3449.407 514.074
3448.883 512.3725
3453.777 509.8119
3452.438 508.8644
3451.084 507.3377
3452.049 507.3
3458.491 505.7874
3463.328 504.6058
3465.759 503.7198
3468.554 502.7347
3470.561 502.3368
3476.908 501.1876
3480.821 500.2169
3483.621 499.642
3486.945 499.705
3489.364 499.2656
3493.07 498.5808
3503.13 499.4352
3512.828 499.3061
3517.41 499.6663
3523.023 500.0521
3527.389 500.0843
3538.537 500.3298
3547.81 500.9379
3554.156 501.6831
3560.232 502.5125
3562.23 502.704
3569.887 502.0714
3576.904 501.3874
3583.367 500.5698
3585.504 500.0403
3587.545 499.3765
3594.005 496.5237
3599.206 494.6293
3604.95 492.7012
3607.586 491.3743
3612.263 488.6595
3615.567 486.7933
3621.897 485.6969
3624.867 485.7929
3627.236 486.3761
3630.581 485.8003
3633.398 485.0858
3636.604 483.9253
3642.544 484.2263
3646.146 485.4365
3648.44 486.7311
3650.667 487.5013
3651.62 488.0107
3652.877 488.3611
3654.951 488.8831
3656.83 489.5739
3660.379 491.2966
3663.301 492.7279
3665.613 493.7718
3668.619 495.4975
3670.72 496.669
3673.579 497.8695
3676.286 498.7907
3679.665 499.6057
3684.013 500.9406
3686.468 502.0305
3688.615 503.2909
3688.243 504.2647
3688.608 504.9631
3688.266 506.174
3687.146 507.3101
3683.552 508.7119
3678.132 509.9
3672.574 510.6273
3662.078 513.8109
3654.42 515.7915
3636.951 520.6205
3625.025 524.1233
3606.64 528.2951
3594.955 529.8077
3580.768 532.0617
3559.952 534.5259
3539.31 538.134
3501.491 543.3555
3478.754 545.761
3441.906 547.6057
3417.427 548.9269
3393.081 550.5013
3351.031 552.6746
3324.194 553.7724
3285.662 553.9593
3261.067 554.3099
3216.354 554.8341
3186.148 554.6426
3156.831 553.9843
3112.356 552.2667
3085.636 552.0972
3039.546 551.7591
3011.415 550.188
2967.531 546.5496
2888.773 540.1359
2843.427 537.662
2799.999 533.5402
2775.01 530.4485
2735.505 524.9299
2714.76 522.6957
2678.402 518.5027
2654.842 515.6055
2617.79 510.5743
2596.836 506.98
2581.053 503.1175
2557.416 497.2426
2544.971 494.1409
2527.801 489.4048
2516.782 486.6017
2507.672 483.6713
2493.181 478.0771
2485.877 474.5886
2475.718 471.6888
2466.007 468.6864
2460.01 465.8872
2454.915 462.4704
2449.843 459.3019
2443.046 454.2121
2437.667 450.7275
2433.77 447.0449
2433.903 444.5508
2433.951 441.8299
2434.067 436.7451
2435.64 433.7596
2436.259 430.8478
2440.239 427.0926
2445.292 424.8395
2450.224 422.7326
2460.606 420.0187
2467.568 418.0814
2480.488 415.1758
2492.858 412.8844
2515.274 409.4733
2529.473 408.1178
2549.983 407.624
2570.097 407.3128
2588.295 406.4289
2624.585 404.9754
2648.956 404.3724
2679.943 403.6756
2709.233 404.192
2737.952 404.5581
2786.852 405.4525
2817.406 405.9753
2859.758 406.8157
2899.605 408.9905
2962.733 411.9868
2997.86 414.8508
3030.958 417.662
3083.074 423.3021
3121.628 429.1623
3185.142 437.5843
3217.5 441.0726
3266.73 446.2725
3300.328 449.3205
3333.958 453.2957
3385.246 459.998
3418.036 464.5415
3471.414 471.4443
3500.832 473.6396
3527.684 475.0266
3569.686 476.8587
3593.917 477.7474
3637.821 480.3664
3666.764 482.0771
3692.417 482.4989
3728.476 483.9457
3750.73 485.0576
3780.876 487.1825
3803.344 488.4664
3838.369 490.3408
15.42806 491.4214
35.78679 493.4337
54.20964 495.1912
63.04232 495.396
78.57162 496.5502
84.05729 497.378
96.81705 498.2026
104.2858 498.1315
109.0098 498.264
112.1055 499.3564
113.5911 500.5125
110.9495 500.9962
108.5371 500.1453
106.6211 499.54
104.6735 499.2163
102.6439 499.2383
100.4772 499.0905
96.77604 498.8195
95.55404 498.7008
86.4974 497.792
76.84635 496.8413
70.19727 496.612
62.57227 496.3444
56.10091 496.2003
49.56836 495.972
40.6582 495.4895
29.65365 495.116
19.36979 494.8425
4.516276 494.7393
3832.596 494.9937
3811.41 496.0298
3795.578 496.3219
3768.86 496.4051
3752.606 496.5316
3723.717 496.8622
3706.413 497.186
3668.875 499.1377
3648.083 500.6172
3629.921 501.5775
3599.476 502.8593
3580.419 503.7335
3545.676 506.2922
3523.79 507.8221
3489.768 509.6766
3469.031 511.0664
3447.761 513.0139
3407.408 515.3943
3387.884 515.8649
3360.469 516.5864
3340.09 517.5397
3317.556 519.6948
3297.099 521.8176
3270.058 523.4385
3255.349 523.8549
3241.932 524.0969
3217.743 525.2826
3203.019 526.0739
3181.046 526.3126
3167.938 525.4172
3146.793 524.1518
3133.465 523.6668
3120.365 523.4164
3100.02 523.1923
3085.01 522.8549
3065.658 522.4352
3051.633 522.1669
3031.616 521.7461
3018.251 521.5249
3006.934 521.4909
2990.946 521.6367
2977.988 521.8909
2964.796 522.1087
2944.785 522.0632
2930.245 521.5457
2907.356 521.7119
2894.481 521.9359
2873.355 522.356
2860.167 522.6874
2837.085 523.2386
2822.771 523.7562
2811.173 524.1816
2797.195 524.7775
2784.662 525.23
2772.124 525.4672
2757.176 525.8219
2745.134 526.1526
2725.401 527.132
2715.919 527.6656
2704.294 527.8919
2695.522 528.1088
2687.658 528.3276
2678.214 528.4795
2670.468 528.6085
2661.934 528.8582
2655.074 529.105
2648.518 529.2723
2640.064 529.3618
2633.755 529.2218
2623.413 528.9244
2618.154 528.8432
2613.605 528.8216
2604.657 529.0356
2598.606 528.9378
2592.031 528.6187
2587.304 528.842
2582.277 529.0875
2572.699 528.9743
2567.724 528.9911
2561.937 529.0869
2556.841 529.5808
2551.545 529.613
2545.306 529.5074
2540.083 529.3881
2535.483 529.3926
2529.504 528.0622
2525.362 526.2251
2523.742 525.9588
2518.88 525.189
2515.204 524.6758
2511.299 523.858
2509.95 523.3363
2509 522.9587
2507.49 521.7101
2506.653 521.1825
2507.196 520.9742
2506.156 520.5276
2509.079 520.6995
2510.483 520.7042
2512.301 520.8054
2515.052 521.358
2518.891 521.9238
2523.614 522.7667
2529.066 524.113
2533.664 525.1031
2538.569 526.2399
2543.466 527.1146
2547.672 527.729
2551.709 528.4738
2557.576 529.8532
2562.264 530.7919
2567.663 531.4547
2573.003 532.271
2576.974 533.061
2582.501 534.2834
2587.138 535.0599
2591.71 535.5576
2597.88 536.0035
2602.835 536.2689
2607.527 536.3807
2614.364 536.5048
2620.62 536.5911
2626.802 536.5923
2632.755 536.3389
2638.756 536.0676
2646.999 535.3387
2653.671 534.3989
2662.362 533.1958
2670.377 532.0721
2678.096 530.7646
2685.028 529.3212
2701.371 526.6799
2710.512 525.1678
2723.358 522.8004
2735.197 520.5172
2745.246 518.6105
2758.865 516.0898
2770.81 513.888
2784.934 511.4357
2797.505 509.326
2820.365 506.2177
2833.681 504.3562
2846.968 502.6567
2871.135 499.8825
2884.602 498.4702
2904.699 496.3777
2917.727 495.1194
2939.529 493.3307
2953.717 492.4224
2966.951 492.0718
2986.53 491.3171
3000.281 490.5903
3010.723 489.9158
3029.614 488.7456
3044.576 488.1621
3061.062 487.922
3075.608 487.8749
3087.124 488.4851
3104.174 489.1422
3120.668 489.8309
3136.947 490.4939
3149.036 491.1542
3160.653 491.8582
3178.073 493.864
3190.516 495.7887
3209.022 498.6252
3220.634 500.261
3230.784 501.7756
3243.827 504.4227
3252.073 506.4667
3259.401 508.3815
3270.94 512.0216
3278.99 514.4406
3285.468 516.6806
3290.687 518.5146
3294.424 519.8815
3301.072 521.8782
3303.099 523.5546
3308.205 526.3319
3311.916 527.92
3313.073 529.1549
3315.172 530.7306
3317.065 531.9418
3318.302 533.1633
3320.302 534.3418
3321.353 535.2226
3323.31 536.2526
3324.464 536.7805
3325.495 537.2058
3327.026 537.447
3328.377 537.6122
3329.986 537.3712
3332.808 537.2219
3335.246 537.0549
3337.93 537.1453
3339.948 537.1981
3341.699 537.089
3343.743 536.5692
3344.893 536.3088
3345.859 536.0011
3346.567 535.3051
3346.783 534.9303
3346.643 534.0504
3348.511 533.327
3351.164 532.5081
3355.158 530.9424
3357.916 529.3784
3360.403 528.1737
3362.958 527.3517
3365.912 526.5626
3369.103 525.5818
3371.319 524.7456
3373.32 523.9618
3376.702 522.2271
3380.031 520.9481
3385.745 519.6501
3388.723 518.9858
3391.108 519.7737
3391.498 519.8167
3390.285 518.3608
3391.742 514.8004
3396.747 512.6184
3404.882 511.7892
3408.665 511.719
3413.393 512.5203
3416.071 512.5745
3420.261 513.4101
3431.319 513.2706
3437.751 512.4882
3445.851 512.2
3451.34 512.4919
3456.532 512.3272
3463.975 512.0581
3479.086 514.2225
3491.047 514.7948
3496.079 514.1871
3518.593 516.6118
3534.364 520.6272
3543.115 522.5462
3555.236 525.2018
3561.559 526.9482
3567.344 529.0355
3578.342 533.4119
3585.149 536.0295
3594.066 539.1882
3596.026 540.9593
3593.985 545.2725
3597.753 547.5936
3601.027 548.916
3604.361 550.2401
3603.973 551.2731
3605.591 555.6978
3607.436 557.5571
3614.397 560.7179
3613.077 555.3767
3607.581 543.3052
3604.604 536.7771
3602.189 531.9662
3606.402 518.3121
3611.146 513.5624
3611.876 509.5469
3610.633 507.32
3609.543 504.6293
3605.03 498.6943
3601.998 492.7027
3599.165 482.5109
3599.398 473.3752
3601.879 462.4606
3603.859 449.8651
3598.975 447.1198
3599.903 473.6512
3594.324 477.7881
3599.464 474.3426
3603.101 466.9929
3606.503 464.0609
3604.507 461.7417
3597.376 465.0903
3599.907 469.0515
3603.844 469.8054
3605.303 466.8929
3604.822 465.1984
3604.275 465.5212
3605.583 466.7432
3607.569 467.1411
3607.691 467.2762
3608.212 467.7461
3607.826 465.8364
3608.197 464.6323
3608.634 465.311
3608.703 466.6219
3607.79 466.6084
3606.672 466.4049
3606.564 466.7429
3606.406 466.764
3605.961 466.6348
3606.174 466.8389
3606.485 466.8389
3606.299 466.6201
3606.514 466.3057
3606.731 466.1997
3606.629 466.1971
3606.435 466.4959
3606.511 466.5929
3606.524 466.6295
3606.476 466.3774
3606.365 465.3932
3606.583 465.4088
3606.74 465.8711
3606.507 466.4049
3606.157 466.6626
3606.514 466.6572
3606.435 466.3584
3605.946 466.3203
3607.014 466.0889
3606.313 466.0257
3606.721 465.847
3606.438 465.8475
3606.66 465.9098
3606.48 466.3857
3606.398 466.4845
3606.569 466.449
3606.364 466.2494
3606.541 465.8662
3606.638 465.7269
3606.647 465.8813
3606.512 466.1248
3606.577 466.3304
3606.507 466.3635
3606.54 466.2103
3606.603 465.9771
3606.623 465.9185
3606.592 465.886
3606.549 466.0901
3606.575 466.1494
3606.594 466.1792
3606.588 466.1665
3606.588 466.1431
3606.682 466.0596
3606.645 466.0062
3606.776 465.9937
3606.737 465.9331
3606.718 466.069
3606.693 466.1588
3606.735 466.271
3606.692 466.089
3606.803 465.9702
3606.837 465.9268
3606.825 466.0283
3606.702 466.1478
3606.733 466.2467
3606.767 466.2134
3606.757 466.1478
3606.801 466.0827
3606.821 466.0786
3606.863 466.0706
2757.176 525.8219
2745.134 526.1526
2725.401 527.132
2715.919 527.6656
2704.294 527.8919
2695.522 528.1088
2687.658 528.3276
2678.214 528.4795
2670.468 528.6085
2661.934 528.8582
2655.074 529.105
2648.518 529.2723
2640.064 529.3618
2633.755 529.2218
2623.413 528.9244
2618.154 528.8432
2613.605 528.8216
2604.657 529.0356
2598.606 528.9378
2592.031 528.6187
2587.304 528.842
2582.277 529.0875
2572.699 528.9743
2567.724 528.9911
2561.937 529.0869
2556.841 529.5808
2551.545 529.613
2545.306 529.5074
2540.083 529.3881
2535.483 529.3926
2529.504 528.0622
2525.362 526.2251
2523.742 525.9588
2518.88 525.189
2515.204 524.6758
2511.299 523.858
2509.95 523.3363
2509 522.9587
2507.49 521.7101
2506.653 521.1825
2507.196 520.9742
2506.156 520.5276
2509.079 520.6995
2510.483 520.7042
2512.301 520.8054
2515.052 521.358
2518.891 521.9238
2523.614 522.7667
2529.066 524.113
2533.664 525.1031
2538.569 526.2399
2543.466 527.1146
2547.672 527.729
2551.709 528.4738
2557.576 529.8532
2562.264 530.7919
2567.663 531.4547
2573.003 532.271
2576.974 533.061
2582.501 534.2834
2587.138 535.0599
2591.71 535.5576
2597.88 536.0035
2602.835 536.2689
2607.527 536.3807
2614.364 536.5048
2620.62 536.5911
2626.802 536.5923
2632.755 536.3389
2638.756 536.0676
2646.999 535.3387
2653.671 534.3989
2662.362 533.1958
2670.377 532.0721
2678.096 530.7646
2685.028 529.3212
2701.371 526.6799
2710.512 525.1678
2723.358 522.8004
2735.197 520.5172
2745.246 518.6105
2758.865 516.0898
2770.81 513.888
2784.934 511.4357
2797.505 509.326
2820.365 506.2177
2833.681 504.3562
2846.968 502.6567
2871.135 499.8825
2884.602 498.4702
2904.699 496.3777
2917.727 495.1194
2939.529 493.3307
2953.717 492.4224
2966.951 492.0718
2986.53 491.3171
3000.281 490.5903
3010.723 489.9158
3029.614 488.7456
3044.576 488.1621
3061.062 487.922
3075.608 487.8749
3087.124 488.4851
3104.174 489.1422
3120.668 489.8309
3136.947 490.4939
3149.036 491.1542
3160.653 491.8582
3178.073 493.864
3190.516 495.7887
3209.022 498.6252
3220.634 500.261
3230.784 501.7756
3243.827 504.4227
3252.073 506.4667
3259.401 508.3815
3270.94 512.0216
3278.99 514.4406
3285.468 516.6806
3290.687 518.5146
3294.424 519.8815
3301.072 521.8782
3303.099 523.5546
3308.205 526.3319
3311.916 527.92
3313.073 529.1549
3315.172 530.7306
3317.065 531.9418
3318.302 533.1633
3320.302 534.3418
3321.353 535.2226
3323.31 536.2526
3324.464 536.7805
3325.495 537.2058
3327.026 537.447
3328.377 537.6122
3329.986 537.3712
3332.808 537.2219
3335.246 537.0549
3337.93 537.1453
3339.948 537.1981
3341.699 537.089
3343.743 536.5692
3344.893 536.3088
3345.859 536.0011
3346.567 535.3051
3346.783 534.9303
3346.643 534.0504
3348.511 533.327
3351.164 532.5081
3355.158 530.9424
3357.916 529.3784
3360.403 528.1737
3362.958 527.3517
3365.912 526.5626
3369.103 525.5818
3371.319 524.7456
3373.32 523.9618
3376.702 522.2271
3380.031 520.9481
3385.745 519.6501
3388.723 518.9858
3391.108 519.7737
3391.498 519.8167
3390.285 518.3608
3391.742 514.8004
3396.747 512.6184
3404.882 511.7892
3408.665 511.719
3413.393 512.5203
3416.071 512.5745
3420.261 513.4101
3431.319 513.2706
3437.751 512.4882
3445.851 512.2
3451.34 512.4919
3456.532 512.3272
3463.975 512.0581
3479.086 514.2225
3491.047 514.7948
3496.079 514.1871
3518.593 516.6118
3534.364 520.6272
3543.115 522.5462
3555.236 525.2018
3561.559 526.9482
3567.344 529.0355
3578.342 533.4119
3585.149 536.0295
3594.066 539.1882
3596.026 540.9593
3593.985 545.2725
3597.753 547.5936
3601.027 548.916
3604.361 550.2401
3603.973 551.2731
3605.591 555.6978
3607.436 557.5571
3614.397 560.7179
3613.077 555.3767
3607.581 543.3052
3604.604 536.7771
3602.189 531.9662
3606.402 518.3121
3611.146 513.5624
3611.876 509.5469
3610.633 507.32
3609.543 504.6293
3605.03 498.6943
3601.998 492.7027
3599.165 482.5109
3599.398 473.3752
3601.879 462.4606
3603.859 449.8651
3598.975 447.1198
3599.903 473.6512
3594.324 477.7881
3599.464 474.3426
3603.101 466.9929
3606.503 464.0609
3604.507 461.7417
3597.376 465.0903
3599.907 469.0515
3603.844 469.8054
3605.303 466.8929
3604.822 465.1984
3604.275 465.5212
3605.583 466.7432
3607.569 467.1411
3607.691 467.2762
3608.212 467.7461
3607.826 465.8364
3608.197 464.6323
3608.634 465.311
3608.703 466.6219
3607.79 466.6084
3606.672 466.4049
3606.564 466.7429
3606.406 466.764
3605.961 466.6348
3606.174 466.8389
3606.485 466.8389
3606.299 466.6201
3606.514 466.3057
3606.731 466.1997
3606.629 466.1971
3606.435 466.4959
3606.511 466.5929
3606.524 466.6295
3606.476 466.3774
3606.365 465.3932
3606.583 465.4088
3606.74 465.8711
3606.507 466.4049
3606.157 466.6626
3606.514 466.6572
3606.435 466.3584
3605.946 466.3203
3607.014 466.0889
3606.313 466.0257
3606.721 465.847
3606.438 465.8475
3606.66 465.9098
3606.48 466.3857
3606.398 466.4845
3606.569 466.449
3606.364 466.2494
3606.541 465.8662
3606.638 465.7269
3606.647 465.8813
3606.512 466.1248
3606.577 466.3304
3606.507 466.3635
3606.54 466.2103
3606.603 465.9771
3606.623 465.9185
3606.592 465.886
3606.549 466.0901
3606.575 466.1494
3606.594 466.1792
3606.588 466.1665
3606.588 466.1431
3606.682 466.0596
3606.645 466.0062
3606.776 465.9937
3606.737 465.9331
3606.718 466.069
3606.693 466.1588
3606.735 466.271
3606.692 466.089
3606.803 465.9702
3606.837 465.9268
3606.825 466.0283
3606.702 466.1478
3606.733 466.2467
3606.767 466.2134
3606.757 466.1478
3606.801 466.0827
3606.821 466.0786
3606.863 466.0706
