1920 480
3038.727 437.886
3038.563 438.0169
3038.597 437.9844
3038.512 437.9995
3038.446 437.9904
3038.478 437.9551
3038.472 437.9551
3038.478 437.9385
3038.478 437.9289
3038.496 437.9523
3038.462 437.9712
3038.422 437.9899
3038.464 438.0013
3038.524 437.9891
3038.531 438.0052
3038.463 438.0257
3038.464 438.0304
3038.441 438.0237
3038.395 438.0371
3038.351 438.0646
3038.355 438.0522
3038.281 438.0889
3038.212 438.0329
3038.246 437.9989
3038.25 437.9836
3038.343 437.9549
3038.357 437.9084
3038.38 437.8797
3038.107 437.8856
3038.13 437.8828
3038.038 437.9061
3037.977 437.939
3037.982 437.9308
3037.835 438.0085
3037.835 438.0583
3037.806 438.0823
3037.797 438.1673
3037.804 438.2199
3037.805 438.3273
3037.866 438.3752
3037.869 438.4154
3037.941 438.4412
3037.889 438.4019
3037.918 438.4209
3037.932 438.4326
3037.919 438.4326
3037.876 438.437
3037.83 438.4438
3037.811 438.4494
3037.8 438.4663
3037.785 438.4951
3037.801 438.5236
3037.817 438.5431
3037.847 438.5498
3037.871 438.5522
3037.911 438.5356
3037.983 438.5244
3038.069 438.5154
3038.153 438.5132
3038.192 438.5163
3038.237 438.5327
3038.269 438.5278
3038.268 438.535
3038.253 438.5236
3038.226 438.5065
3038.203 438.4871
3038.169 438.4775
3038.124 438.4647
3038.114 438.4641
3038.06 438.4692
3038.007 438.4914
3037.975 438.5122
3037.88 438.5703
3037.871 438.5986
3037.849 438.6361
3037.851 438.6774
3037.879 438.7068
3037.924 438.7313
3037.996 438.7508
3038.037 438.7819
3038.093 438.7997
3038.164 438.8311
3038.262 438.8551
3038.385 438.9088
3038.46 438.9435
3038.528 438.9452
3038.505 438.9269
3038.449 438.8981
3038.369 438.8651
3038.318 438.8532
3038.256 438.8613
3038.228 438.9121
3038.205 438.986
3038.225 439.083
3038.23 439.2243
3038.304 439.3729
3038.39 439.5833
3038.474 439.7868
3038.564 440.1058
3038.59 440.1974
3038.641 440.2935
3038.672 440.3698
3038.682 440.4268
3038.688 440.4899
3038.708 440.5327
3038.709 440.5731
3038.697 440.582
3038.655 440.5783
3038.584 440.5409
3038.493 440.4502
3038.406 440.3771
3038.192 440.2777
3038.125 440.2645
3038.035 440.2287
3037.96 440.2038
3037.889 440.179
3037.834 440.1719
3037.801 440.1688
3037.757 440.173
3037.732 440.1576
3037.686 440.1323
3037.629 440.1071
3037.555 440.0659
3037.522 440.058
3037.484 440.0962
3037.51 440.1147
3037.581 440.1626
3037.654 440.2028
3037.73 440.2298
3037.788 440.2308
3037.847 440.2264
3037.947 440.2113
3038.026 440.2141
3038.112 440.2176
3038.207 440.236
3038.316 440.2438
3038.384 440.2414
3038.492 440.2262
3038.487 440.2197
3038.484 440.2049
3038.438 440.1867
3038.366 440.1872
3038.276 440.2068
3038.227 440.2358
3038.19 440.2545
3038.155 440.2715
3038.121 440.3035
3038.14 440.3386
3038.135 440.3853
3038.157 440.401
3038.165 440.3882
3038.154 440.3629
3038.079 440.3206
3038.014 440.2658
3037.934 440.2068
3037.85 440.159
3037.735 440.1161
3037.617 440.0718
3037.514 440.0313
3037.406 439.9951
3037.317 439.9674
3037.246 439.9413
3037.212 439.9216
3037.188 439.8949
3037.169 439.8875
3037.122 439.8848
3037.058 439.889
3037.01 439.8866
3036.958 439.9033
3036.914 439.9196
3036.883 439.9434
3036.823 439.9701
3036.763 439.9941
3036.759 439.999
3036.738 440.0067
3036.741 440.0192
3036.799 440.0845
3036.848 440.1336
3036.91 440.1919
3036.964 440.2669
3037.02 440.3621
3037.08 440.4609
3037.165 440.5669
3037.266 440.68
3037.379 440.7943
3037.514 440.9049
3037.684 441.0239
3037.896 441.1445
3038.091 441.2153
3038.454 441.265
3038.542 441.2761
3038.627 441.2638
3038.66 441.2568
3038.672 441.2381
3038.672 441.2116
3038.644 441.1519
3038.536 441.106
3038.479 441.0498
3038.354 440.9876
3038.226 440.8948
3038.09 440.8319
3038.038 440.7668
3037.978 440.625
3037.94 440.5447
3037.883 440.3883
3037.763 440.2323
3037.609 440.084
3037.4 439.988
3037.192 439.959
3036.995 439.9759
3036.87 440.026
3036.721 440.1082
3036.66 440.1885
3036.672 440.286
3036.728 440.3579
3036.966 440.4372
3037.062 440.4556
3037.205 440.4554
3037.351 440.4657
3037.483 440.4813
3037.589 440.5145
3037.663 440.5622
3037.737 440.5915
3037.769 440.6097
3037.793 440.5995
3037.782 440.568
3037.73 440.5052
3037.671 440.436
3037.54 440.3628
3037.483 440.3486
3037.446 440.3397
3037.428 440.335
3037.433 440.332
3037.416 440.348
3037.409 440.3651
3037.41 440.3845
3037.429 440.3994
3037.459 440.41
3037.502 440.4209
3037.539 440.4453
3037.562 440.4722
3037.525 440.5397
3037.513 440.5664
3037.48 440.5863
3037.429 440.5975
3037.382 440.5945
3037.314 440.5964
3037.252 440.5871
3037.205 440.5636
3037.138 440.5472
3037.064 440.5348
3036.981 440.5182
3036.911 440.493
3036.886 440.4736
3036.804 440.433
3036.777 440.4014
3036.732 440.3533
3036.698 440.3011
3036.642 440.2778
3036.602 440.2443
3036.571 440.213
3036.558 440.202
3036.539 440.2015
3036.544 440.2207
3036.553 440.2437
3036.548 440.2699
3036.546 440.2737
3036.56 440.2334
3036.552 440.1911
3036.54 440.1377
3036.519 440.0977
3036.502 440.0739
3036.466 440.0845
3036.402 440.0963
3036.354 440.1169
3036.296 440.133
3036.265 440.1388
3036.244 440.1361
3036.215 440.1253
3036.191 440.1035
3036.166 440.0856
3036.173 440.0913
3036.19 440.0995
3036.164 440.1079
3036.112 440.1146
3036.048 440.1006
3036.002 440.0833
3035.96 440.0653
3035.93 440.0368
3035.909 440.0103
3035.905 439.9868
3035.917 439.9549
3035.995 439.8665
3036.033 439.8073
3036.062 439.7332
3036.1 439.6563
3036.132 439.582
3036.141 439.529
3036.137 439.5161
1920 480
3038.727 437.886
3038.563 438.0169
3038.597 437.9844
3038.512 437.9995
3038.446 437.9904
3038.478 437.9551
3038.472 437.9551
3038.478 437.9385
3038.478 437.9289
3038.496 437.9523
3038.462 437.9712
3038.422 437.9899
3038.464 438.0013
3038.524 437.9891
3038.531 438.0052
3038.463 438.0257
3038.464 438.0304
3038.441 438.0237
3038.395 438.0371
3038.351 438.0646
3038.355 438.0522
3038.281 438.0889
3038.212 438.0329
3038.246 437.9989
3038.25 437.9836
3038.343 437.9549
3038.357 437.9084
3038.38 437.8797
3038.107 437.8856
3038.13 437.8828
3038.038 437.9061
3037.977 437.939
3037.982 437.9308
3037.835 438.0085
3037.835 438.0583
3037.806 438.0823
3037.797 438.1673
3037.804 438.2199
3037.805 438.3273
3037.866 438.3752
3037.869 438.4154
3037.941 438.4412
3037.889 438.4019
3037.918 438.4209
3037.932 438.4326
3037.919 438.4326
3037.876 438.437
3037.83 438.4438
3037.811 438.4494
3037.8 438.4663
3037.785 438.4951
3037.801 438.5236
3037.817 438.5431
3037.847 438.5498
3037.871 438.5522
3037.911 438.5356
3037.983 438.5244
3038.069 438.5154
3038.153 438.5132
3038.192 438.5163
3038.237 438.5327
3038.269 438.5278
3038.268 438.535
3038.253 438.5236
3038.226 438.5065
3038.203 438.4871
3038.169 438.4775
3038.124 438.4647
3038.114 438.4641
3038.06 438.4692
3038.007 438.4914
3037.975 438.5122
3037.88 438.5703
3037.871 438.5986
3037.849 438.6361
3037.851 438.6774
3037.879 438.7068
3037.924 438.7313
3037.996 438.7508
3038.037 438.7819
3038.093 438.7997
3038.164 438.8311
3038.262 438.8551
3038.385 438.9088
3038.46 438.9435
3038.528 438.9452
3038.505 438.9269
3038.449 438.8981
3038.369 438.8651
3038.318 438.8532
3038.256 438.8613
3038.228 438.9121
3038.205 438.986
3038.225 439.083
3038.23 439.2243
3038.304 439.3729
3038.39 439.5833
3038.474 439.7868
3038.564 440.1058
3038.59 440.1974
3038.641 440.2935
3038.672 440.3698
3038.682 440.4268
3038.688 440.4899
3038.708 440.5327
3038.709 440.5731
3038.697 440.582
3038.655 440.5783
3038.584 440.5409
3038.493 440.4502
3038.406 440.3771
3038.192 440.2777
3038.125 440.2645
3038.035 440.2287
3037.96 440.2038
3037.889 440.179
3037.834 440.1719
3037.801 440.1688
3037.757 440.173
3037.732 440.1576
3037.686 440.1323
3037.629 440.1071
3037.555 440.0659
3037.522 440.058
3037.484 440.0962
3037.51 440.1147
3037.581 440.1626
3037.654 440.2028
3037.73 440.2298
3037.788 440.2308
3037.847 440.2264
3037.947 440.2113
3038.026 440.2141
3038.112 440.2176
3038.207 440.236
3038.316 440.2438
3038.384 440.2414
3038.492 440.2262
3038.487 440.2197
3038.484 440.2049
3038.438 440.1867
3038.366 440.1872
3038.276 440.2068
3038.227 440.2358
3038.19 440.2545
3038.155 440.2715
3038.121 440.3035
3038.14 440.3386
3038.135 440.3853
3038.157 440.401
3038.165 440.3882
3038.154 440.3629
3038.079 440.3206
3038.014 440.2658
3037.934 440.2068
3037.85 440.159
3037.735 440.1161
3037.617 440.0718
3037.514 440.0313
3037.406 439.9951
3037.317 439.9674
3037.246 439.9413
3037.212 439.9216
3037.188 439.8949
3037.169 439.8875
3037.122 439.8848
3037.058 439.889
3037.01 439.8866
3036.958 439.9033
3036.914 439.9196
3036.883 439.9434
3036.823 439.9701
3036.763 439.9941
3036.759 439.999
3036.738 440.0067
3036.741 440.0192
3036.799 440.0845
3036.848 440.1336
3036.91 440.1919
3036.964 440.2669
3037.02 440.3621
3037.08 440.4609
3037.165 440.5669
3037.266 440.68
3037.379 440.7943
3037.514 440.9049
3037.684 441.0239
3037.896 441.1445
3038.091 441.2153
3038.454 441.265
3038.542 441.2761
3038.627 441.2638
3038.66 441.2568
3038.672 441.2381
3038.672 441.2116
3038.644 441.1519
3038.536 441.106
3038.479 441.0498
3038.354 440.9876
3038.226 440.8948
3038.09 440.8319
3038.038 440.7668
3037.978 440.625
3037.94 440.5447
3037.883 440.3883
3037.763 440.2323
3037.609 440.084
3037.4 439.988
3037.192 439.959
3036.995 439.9759
3036.87 440.026
3036.721 440.1082
3036.66 440.1885
3036.672 440.286
3036.728 440.3579
3036.966 440.4372
3037.062 440.4556
3037.205 440.4554
3037.351 440.4657
3037.483 440.4813
3037.589 440.5145
3037.663 440.5622
3037.737 440.5915
3037.769 440.6097
3037.793 440.5995
3037.782 440.568
3037.73 440.5052
3037.671 440.436
3037.54 440.3628
3037.483 440.3486
3037.446 440.3397
3037.428 440.335
3037.433 440.332
3037.416 440.348
3037.409 440.3651
3037.41 440.3845
3037.429 440.3994
3037.459 440.41
3037.502 440.4209
3037.539 440.4453
3037.562 440.4722
3037.525 440.5397
3037.513 440.5664
3037.48 440.5863
3037.429 440.5975
3037.382 440.5945
3037.314 440.5964
3037.252 440.5871
3037.205 440.5636
3037.138 440.5472
3037.064 440.5348
3036.981 440.5182
3036.911 440.493
3036.886 440.4736
3036.804 440.433
3036.777 440.4014
3036.732 440.3533
3036.698 440.3011
3036.642 440.2778
3036.602 440.2443
3036.571 440.213
3036.558 440.202
3036.539 440.2015
3036.544 440.2207
3036.553 440.2437
3036.548 440.2699
3036.546 440.2737
3036.56 440.2334
3036.552 440.1911
3036.54 440.1377
3036.519 440.0977
3036.502 440.0739
3036.466 440.0845
3036.402 440.0963
3036.354 440.1169
3036.296 440.133
3036.265 440.1388
3036.244 440.1361
3036.215 440.1253
3036.191 440.1035
3036.166 440.0856
3036.173 440.0913
3036.19 440.0995
3036.164 440.1079
3036.112 440.1146
3036.048 440.1006
3036.002 440.0833
3035.96 440.0653
3035.93 440.0368
3035.909 440.0103
3035.905 439.9868
3035.917 439.9549
3035.995 439.8665
3036.033 439.8073
3036.062 439.7332
3036.1 439.6563
3036.132 439.582
3036.141 439.529
3036.137 439.5161
3036.148 439.5501
3036.14 439.6029
3036.166 439.6968
3036.175 439.8175
3036.275 440.0133
3036.376 440.1284
3036.501 440.2435
3036.798 440.431
3036.917 440.519
3037.057 440.6191
3037.178 440.7188
3037.592 441.197
3038.381 442.0781
3038.981 443.2957
3039.219 444.7235
3039.589 446.3564
3040.658 447.7742
3042.356 449.4561
3044.231 451.5277
3045.511 452.9427
3048.727 455.2262
3049.848 455.7598
3052.167 456.8163
3054.151 457.7445
3055.428 458.5664
3056.255 459.3711
3056.918 460.251
3057.113 461.2946
3057.381 462.6984
3058.465 464.4167
3059.524 466.1294
3060.368 468.2762
3060.606 469.7025
3060.276 472.6497
3059.62 473.9435
3058.245 475.3734
3056.273 476.41
3054.03 477.0164
3051.832 477.3638
3049.213 477.6404
3045.206 477.7206
3040.325 477.6818
3034.21 477.536
3027.364 477.5182
3018.807 477.5506
3011.64 477.444
2994.737 476.7202
2988.278 476.5062
2978.683 476.3799
2967.499 476.4092
2956.131 476.4953
2943.779 476.5013
2931.781 476.4489
2919.18 476.3604
2906.014 476.2603
2892.148 476.1494
2876.034 476.0176
2849.258 475.6623
2824.345 475.1653
2787.371 473.5446
2771.068 472.8546
2749.16 471.8175
2727.311 470.7267
2706.618 469.54
2685.317 468.2834
2664.056 466.9924
2642.3 465.7547
2620.6 464.4678
2597.558 463.2341
2576.866 462.0493
2551.32 460.7601
2522.664 459.6478
2488.513 457.8433
2470.537 457.3055
2451.943 456.7209
2433.087 456.3672
2414.03 455.9596
2395.639 455.626
2377.979 455.3271
2360.248 455.2855
2342.657 455.3169
2326.337 455.38
2310.059 455.3604
2290.477 455.7257
2268.686 456.4959
2244.663 458.5396
2235.317 459.2549
2221.054 460.243
2207.493 461.3361
2194.98 462.4299
2182.302 463.5376
2170.62 464.4491
2158.269 465.5474
2146.661 466.5641
2134.704 467.5422
2123.698 468.3462
2108.981 469.3745
2091.993 470.1055
2077.023 471.5011
2069.073 471.9836
2058.073 472.5708
2047.338 473.1808
2036.674 473.8507
2027.109 474.6922
2017.197 475.5854
2007.849 476.5459
1999.699 477.394
1991.098 478.5189
1983.405 479.7422
1973.689 481.4675
1959.977 482.8215
1953.31 485.4242
1948.559 486.3203
1941.503 487.4196
1935.474 488.4503
1929.024 489.3671
1922.965 489.9176
1917.938 490.2976
1913.791 490.4324
1911.112 490.3361
1909.71 490.0932
1909.801 489.6521
1910.114 488.9349
1910.327 488.1479
1910.879 486.2283
1911.172 485.2808
1911.578 484.0128
1911.933 482.9094
1912.421 481.7494
1912.895 480.6131
1913.383 479.5099
1913.834 478.5166
1914.355 477.5848
1914.769 476.894
1915.227 476.1667
1915.635 475.4442
1915.962 474.8669
1916.388 473.9562
1916.907 473.7014
1920.183 473.3196
1925.465 472.9902
1932.622 472.6572
1940.453 472.3875
1948.062 472.1156
1954.602 471.8643
1961.113 471.5799
1968.196 471.2669
1975.28 470.8592
1984.915 470.1842
1998.496 469.57
2004.035 468.1346
2008.906 467.4741
2015.74 466.5114
2022.517 465.3641
2029.243 463.9307
2035.566 462.4054
2041.869 460.6533
2048.374 458.821
2053.885 457.0072
2059.224 455.1447
2062.684 453.1873
2064.151 451.0309
2064.282 449.0973
2064.865 445.0882
2065.202 443.3425
2065.765 440.8551
2066.289 438.5635
2066.934 435.8164
2067.613 433.0213
2068.302 430.1963
2069.034 427.3737
2070.004 424.2397
2070.988 421.6113
2072.382 418.6483
2074.354 415.1216
2076.29 412.189
2080.267 407.0151
2081.734 405.3247
2083.758 403.2005
2085.679 401.3154
2087.705 399.4792
2089.809 397.7515
2092.435 395.9303
2094.749 394.5897
2097.362 393.3499
2099.895 392.362
2102.673 391.4245
2106.174 390.2897
2109.013 389.373
2115.059 387.5609
2117.667 386.8622
2121.127 386.0099
2124.605 385.2173
2128.609 384.3148
2132.239 383.4959
2136.031 382.551
2139.823 381.4811
2143.363 380.3244
2146.71 379.0923
2149.848 377.8219
2153.107 376.3984
2155.357 375.3594
2158.97 373.5724
2160.04 372.9671
2161.212 372.2422
2161.972 371.6401
2162.499 371.0667
2162.73 370.5931
2162.719 370.2542
2162.482 370.0539
2162.162 369.8937
2161.702 369.8169
2161.216 369.7446
2160.453 369.7337
2159.715 369.7117
2157.709 369.7529
2156.865 369.777
2155.657 369.8511
2154.247 370.0086
2152.761 370.1206
2151.186 370.2445
2149.466 370.3493
2147.702 370.4557
2145.931 370.534
2144.162 370.6566
2142.545 370.8078
2140.667 371.1038
2139.311 371.3249
2137.154 371.6712
2136.463 371.8109
2135.71 371.9662
2134.994 372.1398
2134.266 372.3384
2133.618 372.558
2132.874 372.8024
2132.17 373.0119
2131.434 373.1816
2130.766 373.2962
2130.238 373.3156
2129.619 373.3913
2129.096 373.4383
2128.243 373.5926
2127.989 373.6512
2127.791 373.6585
2127.71 373.5931
2127.717 373.4586
2127.835 373.2764
2127.983 373.1087
2128.043 372.9704
2128.076 372.8151
2128.108 372.6359
2128.255 372.4346
2128.421 372.2484
2128.622 372.1104
2128.981 371.8223
2129.138 371.7051
2129.376 371.5134
2129.657 371.2603
2129.916 371.0086
2130.113 370.7531
2130.336 370.4954
2130.523 370.2764
2130.763 370.0872
2131.02 369.9375
2131.246 369.8571
2131.482 369.827
2131.672 369.8711
2132.054 370.0344
2132.221 370.1317
2132.566 370.3765
2132.678 370.4689
2132.724 370.6182
2132.656 370.7534
2132.434 370.8818
2131.992 370.9792
2131.412 371.0337
2130.665 371.0495
2129.718 371.0194
2128.579 370.9095
2126.257 370.7622
2125.083 370.7513
2123.466 370.7848
2121.706 370.7977
2119.939 370.7682
2118.08 370.73
2116.222 370.7104
2114.137 370.7275
2111.889 370.7829
2109.454 370.8885
2107.094 371.0199
2103.177 371.3477
2100.835 371.5807
2095.118 372.1896
2092.828 372.4909
2089.88 372.9636
2086.751 373.5294
2083.772 374.1078
2080.861 374.7235
2077.383 375.4123
2072.957 376.1675
3036.148 439.5501
3036.14 439.6029
3036.166 439.6968
3036.175 439.8175
3036.275 440.0133
3036.376 440.1284
3036.501 440.2435
3036.798 440.431
3036.917 440.519
3037.057 440.6191
3037.178 440.7188
3037.592 441.197
3038.381 442.0781
3038.981 443.2957
3039.219 444.7235
3039.589 446.3564
3040.658 447.7742
3042.356 449.4561
3044.231 451.5277
3045.511 452.9427
3048.727 455.2262
3049.848 455.7598
3052.167 456.8163
3054.151 457.7445
3055.428 458.5664
3056.255 459.3711
3056.918 460.251
3057.113 461.2946
3057.381 462.6984
3058.465 464.4167
3059.524 466.1294
3060.368 468.2762
3060.606 469.7025
3060.276 472.6497
3059.62 473.9435
3058.245 475.3734
3056.273 476.41
3054.03 477.0164
3051.832 477.3638
3049.213 477.6404
3045.206 477.7206
3040.325 477.6818
3034.21 477.536
3027.364 477.5182
3018.807 477.5506
3011.64 477.444
2994.737 476.7202
2988.278 476.5062
2978.683 476.3799
2967.499 476.4092
2956.131 476.4953
2943.779 476.5013
2931.781 476.4489
2919.18 476.3604
2906.014 476.2603
2892.148 476.1494
2876.034 476.0176
2849.258 475.6623
2824.345 475.1653
2787.371 473.5446
2771.068 472.8546
2749.16 471.8175
2727.311 470.7267
2706.618 469.54
2685.317 468.2834
2664.056 466.9924
2642.3 465.7547
2620.6 464.4678
2597.558 463.2341
2576.866 462.0493
2551.32 460.7601
2522.664 459.6478
2488.513 457.8433
2470.537 457.3055
2451.943 456.7209
2433.087 456.3672
2414.03 455.9596
2395.639 455.626
2377.979 455.3271
2360.248 455.2855
2342.657 455.3169
2326.337 455.38
2310.059 455.3604
2290.477 455.7257
2268.686 456.4959
2244.663 458.5396
2235.317 459.2549
2221.054 460.243
2207.493 461.3361
2194.98 462.4299
2182.302 463.5376
2170.62 464.4491
2158.269 465.5474
2146.661 466.5641
2134.704 467.5422
2123.698 468.3462
2108.981 469.3745
2091.993 470.1055
2077.023 471.5011
2069.073 471.9836
2058.073 472.5708
2047.338 473.1808
2036.674 473.8507
2027.109 474.6922
2017.197 475.5854
2007.849 476.5459
1999.699 477.394
1991.098 478.5189
1983.405 479.7422
1973.689 481.4675
1959.977 482.8215
1953.31 485.4242
1948.559 486.3203
1941.503 487.4196
1935.474 488.4503
1929.024 489.3671
1922.965 489.9176
1917.938 490.2976
1913.791 490.4324
1911.112 490.3361
1909.71 490.0932
1909.801 489.6521
1910.114 488.9349
1910.327 488.1479
1910.879 486.2283
1911.172 485.2808
1911.578 484.0128
1911.933 482.9094
1912.421 481.7494
1912.895 480.6131
1913.383 479.5099
1913.834 478.5166
1914.355 477.5848
1914.769 476.894
1915.227 476.1667
1915.635 475.4442
1915.962 474.8669
1916.388 473.9562
1916.907 473.7014
1920.183 473.3196
1925.465 472.9902
1932.622 472.6572
1940.453 472.3875
1948.062 472.1156
1954.602 471.8643
1961.113 471.5799
1968.196 471.2669
1975.28 470.8592
1984.915 470.1842
1998.496 469.57
2004.035 468.1346
2008.906 467.4741
2015.74 466.5114
2022.517 465.3641
2029.243 463.9307
2035.566 462.4054
2041.869 460.6533
2048.374 458.821
2053.885 457.0072
2059.224 455.1447
2062.684 453.1873
2064.151 451.0309
2064.282 449.0973
2064.865 445.0882
2065.202 443.3425
2065.765 440.8551
2066.289 438.5635
2066.934 435.8164
2067.613 433.0213
2068.302 430.1963
2069.034 427.3737
2070.004 424.2397
2070.988 421.6113
2072.382 418.6483
2074.354 415.1216
2076.29 412.189
2080.267 407.0151
2081.734 405.3247
2083.758 403.2005
2085.679 401.3154
2087.705 399.4792
2089.809 397.7515
2092.435 395.9303
2094.749 394.5897
2097.362 393.3499
2099.895 392.362
2102.673 391.4245
2106.174 390.2897
2109.013 389.373
2115.059 387.5609
2117.667 386.8622
2121.127 386.0099
2124.605 385.2173
2128.609 384.3148
2132.239 383.4959
2136.031 382.551
2139.823 381.4811
2143.363 380.3244
2146.71 379.0923
2149.848 377.8219
2153.107 376.3984
2155.357 375.3594
2158.97 373.5724
2160.04 372.9671
2161.212 372.2422
2161.972 371.6401
2162.499 371.0667
2162.73 370.5931
2162.719 370.2542
2162.482 370.0539
2162.162 369.8937
2161.702 369.8169
2161.216 369.7446
2160.453 369.7337
2159.715 369.7117
2157.709 369.7529
2156.865 369.777
2155.657 369.8511
2154.247 370.0086
2152.761 370.1206
2151.186 370.2445
2149.466 370.3493
2147.702 370.4557
2145.931 370.534
2144.162 370.6566
2142.545 370.8078
2140.667 371.1038
2139.311 371.3249
2137.154 371.6712
2136.463 371.8109
2135.71 371.9662
2134.994 372.1398
2134.266 372.3384
2133.618 372.558
2132.874 372.8024
2132.17 373.0119
2131.434 373.1816
2130.766 373.2962
2130.238 373.3156
2129.619 373.3913
2129.096 373.4383
2128.243 373.5926
2127.989 373.6512
2127.791 373.6585
2127.71 373.5931
2127.717 373.4586
2127.835 373.2764
2127.983 373.1087
2128.043 372.9704
2128.076 372.8151
2128.108 372.6359
2128.255 372.4346
2128.421 372.2484
2128.622 372.1104
2128.981 371.8223
2129.138 371.7051
2129.376 371.5134
2129.657 371.2603
2129.916 371.0086
2130.113 370.7531
2130.336 370.4954
2130.523 370.2764
2130.763 370.0872
2131.02 369.9375
2131.246 369.8571
2131.482 369.827
2131.672 369.8711
2132.054 370.0344
2132.221 370.1317
2132.566 370.3765
2132.678 370.4689
2132.724 370.6182
2132.656 370.7534
2132.434 370.8818
2131.992 370.9792
2131.412 371.0337
2130.665 371.0495
2129.718 371.0194
2128.579 370.9095
2126.257 370.7622
2125.083 370.7513
2123.466 370.7848
2121.706 370.7977
2119.939 370.7682
2118.08 370.73
2116.222 370.7104
2114.137 370.7275
2111.889 370.7829
2109.454 370.8885
2107.094 371.0199
2103.177 371.3477
2100.835 371.5807
2095.118 372.1896
2092.828 372.4909
2089.88 372.9636
2086.751 373.5294
2083.772 374.1078
2080.861 374.7235
2077.383 375.4123
2072.957 376.1675
2067.345 376.9955
2060.003 377.9269
2051.495 378.8421
2038.795 380.1037
2022.276 381.1286
2007.147 383.4518
1997.562 384.5807
1987.009 385.984
1975.358 387.5467
1963.544 389.3317
1951.697 391.333
1939.504 393.5576
1927.752 395.7651
1916.676 397.9984
1906.281 400.3057
1896.194 402.6707
1877.073 405.5129
1855.234 409.9408
1846.252 415.4805
1841.394 416.7021
1834.351 418.4637
1827.199 419.9437
1819.985 421.1237
1813.187 422.0386
1806.338 422.7121
1799.072 423.1685
1791.673 423.3828
1784.852 423.4071
1778.136 423.3542
1771.223 423.2148
1758.22 422.9949
1752.564 421.9728
1741.96 420.9985
1734.536 419.7805
1735.894 418.6476
1737.329 417.5526
1738.733 416.465
1739.483 416.0021
1740.363 415.5457
1741.22 415.1747
1743.19 414.604
1744.163 414.4351
1746.589 414.2474
1751.806 413.9964
1758.464 413.7396
1766.436 413.4789
1775.196 413.2423
1783.391 413.0753
1791.957 413.0236
1799.403 413.0625
1807.152 413.1561
1816.258 413.3115
1829.719 413.4597
1833.44 413.604
1840.248 413.6751
1848.094 413.7289
1856.231 413.7957
1864.137 413.907
1871.616 414.0794
1879.989 414.306
1888.53 414.5833
1896.394 414.8599
1904.851 415.1099
1912.479 415.2951
1920.71 415.4164
1928.455 415.4551
1943.062 415.4653
1951.334 415.603
1957.771 415.7336
1964.807 415.9001
1972.41 416.0306
1979.454 416.0793
1986.988 416.0493
1993.863 415.917
2001.478 415.6777
2008.546 415.4644
2015.648 415.2892
2022.406 415.1502
2030.415 414.9842
2033.368 414.8371
2033.164 414.4977
2032.856 414.356
2032.276 414.14
2031.882 413.9277
2031.77 413.7173
2031.816 413.5169
2031.861 413.3441
2031.911 413.1934
2031.995 413.0744
2032.076 412.9834
2032.14 412.9173
2032.205 412.9017
2032.266 412.9044
2032.476 412.856
2032.612 412.8423
2032.815 412.8599
2033.066 412.9494
2033.261 413.0651
2033.412 413.217
2033.594 413.3521
2033.809 413.4559
2034.042 413.5221
2033.893 413.5815
2033.149 413.6421
2031.262 413.7145
2026.127 413.8006
2023.517 414.0347
2020.388 414.1147
2015.559 414.2035
2009.857 414.2816
2004.107 414.3745
1997.629 414.4974
1990.808 414.5317
1983.798 414.6147
1977.841 414.6313
1971.064 414.654
1964.915 414.6343
1955.926 414.5428
1943.507 414.4455
1936.331 414.3076
1931.516 414.2842
1924.967 414.2443
1918.12 414.2062
1911.255 414.1478
1904.833 414.1115
1898.959 414.0745
1887.754 413.9481
1883.482 413.8765
1873.48 413.7689
1871.467 413.568
1863.493 413.4627
1862.099 413.4006
1859.215 413.4002
1857.362 413.4084
1856.355 413.388
1856.048 413.3154
1856.09 413.1864
1856.245 413.0067
1856.42 412.8623
1856.56 412.7816
1856.631 412.7469
1856.579 412.7949
1856.634 412.6922
1856.697 412.4914
1856.822 412.3363
1856.909 412.311
1856.953 412.328
1857.008 412.3664
1857.095 412.4071
1857.235 412.4258
1857.391 412.4183
1857.527 412.3901
1857.636 412.3551
1857.729 412.3498
1857.802 412.3937
1857.814 412.4583
1857.836 412.4907
1857.912 412.4823
1858.024 412.4256
1858.17 412.3223
1858.352 412.2103
1858.607 412.0921
1858.938 411.9699
1859.279 411.8495
1859.639 411.7282
1860.221 411.4837
1860.667 411.2243
1861.512 410.5915
1861.808 410.3114
1861.656 409.994
1860.55 409.6925
1859.116 409.4297
1857.463 409.1491
1855.791 408.8789
1853.97 408.612
1851.94 408.3786
1849.817 408.2181
1847.777 408.1867
1845.056 408.3169
1840.755 408.5495
1837.544 409.3224
1835.469 409.7233
1833.564 410.2363
1832.218 410.811
1831.248 411.4531
1830.383 412.1299
1829.455 412.9097
1828.02 413.988
1826.21 415.0708
1823.703 416.3247
1820.465 417.6725
1815.578 419.3084
1810.958 420.575
1800.583 422.9701
1797.057 423.7695
1791.36 425.1327
1785.609 426.5817
1779.612 428.2086
1773.324 429.9959
1767.406 431.6935
1761.454 433.2708
1755.289 434.7628
1748.871 436.1468
1742.543 437.3924
1733.519 438.9476
1726.92 439.8936
1711.519 441.2941
1705.992 441.5721
1697.585 441.8608
1688.411 442.0941
1679.263 442.3503
1670.312 442.6584
1661.006 443.0746
1652.33 443.5002
1643.045 444.0388
1633.736 444.6078
1624.89 445.2451
1614.076 446.2184
1606.258 447.1772
1592.051 449.5745
1568.119 454.189
1562.339 455.224
1558.05 455.9271
1553.814 456.5077
1549.853 456.9251
1546.015 457.1616
1542.243 457.2938
1538.772 457.3469
1535.264 457.3921
1530.685 457.4409
1527.476 457.4373
1524.449 457.4064
1523.027 457.3952
1518.174 457.4357
1514.648 457.6039
1512.541 458.041
1511.741 458.5542
1511.869 458.7598
1512.301 458.9505
1514.076 459.3176
1515.142 459.4803
1516.466 459.6613
1517.944 459.8322
1519.505 459.9943
1521.191 460.1592
1522.783 460.312
1524.299 460.4375
1525.743 460.5638
1527.028 460.6737
1528.259 460.8451
1530.021 461.2233
1531.284 461.5195
1534.136 462.011
1535.322 462.1792
1537 462.467
1538.758 462.8361
1540.704 463.2571
1542.457 463.564
1544.471 463.7495
1546.513 463.7599
1548.614 463.6405
1550.716 463.437
1552.747 463.2816
1554.766 463.1755
1556.261 463.2176
1558.819 463.4826
1559.763 463.6017
1560.865 463.7865
1561.774 463.9437
1562.697 464.1846
1563.655 464.4669
1564.616 464.8711
1565.515 465.3276
1566.369 465.8626
1567.119 466.39
1567.807 467.0174
1568.396 467.713
1568.793 468.2992
1569.084 469.0158
1569.134 469.3514
1569.11 469.8063
1568.891 470.2219
1568.502 470.5942
1567.901 470.9085
1567.094 471.1766
1566.25 471.3655
1565.348 471.4881
1564.517 471.5256
1563.667 471.4746
1562.619 471.2723
1561.774 471.0296
1561.061 470.7902
1559.646 470.3369
1559.084 470.1803
1558.276 469.9587
1557.439 469.7313
1556.581 469.4517
1555.921 469.2129
1555.274 468.9591
1554.648 468.7026
2067.345 376.9955
2060.003 377.9269
2051.495 378.8421
2038.795 380.1037
2022.276 381.1286
2007.147 383.4518
1997.562 384.5807
1987.009 385.984
1975.358 387.5467
1963.544 389.3317
1951.697 391.333
1939.504 393.5576
1927.752 395.7651
1916.676 397.9984
1906.281 400.3057
1896.194 402.6707
1877.073 405.5129
1855.234 409.9408
1846.252 415.4805
1841.394 416.7021
1834.351 418.4637
1827.199 419.9437
1819.985 421.1237
1813.187 422.0386
1806.338 422.7121
1799.072 423.1685
1791.673 423.3828
1784.852 423.4071
1778.136 423.3542
1771.223 423.2148
1758.22 422.9949
1752.564 421.9728
1741.96 420.9985
1734.536 419.7805
1735.894 418.6476
1737.329 417.5526
1738.733 416.465
1739.483 416.0021
1740.363 415.5457
1741.22 415.1747
1743.19 414.604
1744.163 414.4351
1746.589 414.2474
1751.806 413.9964
1758.464 413.7396
1766.436 413.4789
1775.196 413.2423
1783.391 413.0753
1791.957 413.0236
1799.403 413.0625
1807.152 413.1561
1816.258 413.3115
1829.719 413.4597
1833.44 413.604
1840.248 413.6751
1848.094 413.7289
1856.231 413.7957
1864.137 413.907
1871.616 414.0794
1879.989 414.306
1888.53 414.5833
1896.394 414.8599
1904.851 415.1099
1912.479 415.2951
1920.71 415.4164
1928.455 415.4551
1943.062 415.4653
1951.334 415.603
1957.771 415.7336
1964.807 415.9001
1972.41 416.0306
1979.454 416.0793
1986.988 416.0493
1993.863 415.917
2001.478 415.6777
2008.546 415.4644
2015.648 415.2892
2022.406 415.1502
2030.415 414.9842
2033.368 414.8371
2033.164 414.4977
2032.856 414.356
2032.276 414.14
2031.882 413.9277
2031.77 413.7173
2031.816 413.5169
2031.861 413.3441
2031.911 413.1934
2031.995 413.0744
2032.076 412.9834
2032.14 412.9173
2032.205 412.9017
2032.266 412.9044
2032.476 412.856
2032.612 412.8423
2032.815 412.8599
2033.066 412.9494
2033.261 413.0651
2033.412 413.217
2033.594 413.3521
2033.809 413.4559
2034.042 413.5221
2033.893 413.5815
2033.149 413.6421
2031.262 413.7145
2026.127 413.8006
2023.517 414.0347
2020.388 414.1147
2015.559 414.2035
2009.857 414.2816
2004.107 414.3745
1997.629 414.4974
1990.808 414.5317
1983.798 414.6147
1977.841 414.6313
1971.064 414.654
1964.915 414.6343
1955.926 414.5428
1943.507 414.4455
1936.331 414.3076
1931.516 414.2842
1924.967 414.2443
1918.12 414.2062
1911.255 414.1478
1904.833 414.1115
1898.959 414.0745
1887.754 413.9481
1883.482 413.8765
1873.48 413.7689
1871.467 413.568
1863.493 413.4627
1862.099 413.4006
1859.215 413.4002
1857.362 413.4084
1856.355 413.388
1856.048 413.3154
1856.09 413.1864
1856.245 413.0067
1856.42 412.8623
1856.56 412.7816
1856.631 412.7469
1856.579 412.7949
1856.634 412.6922
1856.697 412.4914
1856.822 412.3363
1856.909 412.311
1856.953 412.328
1857.008 412.3664
1857.095 412.4071
1857.235 412.4258
1857.391 412.4183
1857.527 412.3901
1857.636 412.3551
1857.729 412.3498
1857.802 412.3937
1857.814 412.4583
1857.836 412.4907
1857.912 412.4823
1858.024 412.4256
1858.17 412.3223
1858.352 412.2103
1858.607 412.0921
1858.938 411.9699
1859.279 411.8495
1859.639 411.7282
1860.221 411.4837
1860.667 411.2243
1861.512 410.5915
1861.808 410.3114
1861.656 409.994
1860.55 409.6925
1859.116 409.4297
1857.463 409.1491
1855.791 408.8789
1853.97 408.612
1851.94 408.3786
1849.817 408.2181
1847.777 408.1867
1845.056 408.3169
1840.755 408.5495
1837.544 409.3224
1835.469 409.7233
1833.564 410.2363
1832.218 410.811
1831.248 411.4531
1830.383 412.1299
1829.455 412.9097
1828.02 413.988
1826.21 415.0708
1823.703 416.3247
1820.465 417.6725
1815.578 419.3084
1810.958 420.575
1800.583 422.9701
1797.057 423.7695
1791.36 425.1327
1785.609 426.5817
1779.612 428.2086
1773.324 429.9959
1767.406 431.6935
1761.454 433.2708
1755.289 434.7628
1748.871 436.1468
1742.543 437.3924
1733.519 438.9476
1726.92 439.8936
1711.519 441.2941
1705.992 441.5721
1697.585 441.8608
1688.411 442.0941
1679.263 442.3503
1670.312 442.6584
1661.006 443.0746
1652.33 443.5002
1643.045 444.0388
1633.736 444.6078
1624.89 445.2451
1614.076 446.2184
1606.258 447.1772
1592.051 449.5745
1568.119 454.189
1562.339 455.224
1558.05 455.9271
1553.814 456.5077
1549.853 456.9251
1546.015 457.1616
1542.243 457.2938
1538.772 457.3469
1535.264 457.3921
1530.685 457.4409
1527.476 457.4373
1524.449 457.4064
1523.027 457.3952
1518.174 457.4357
1514.648 457.6039
1512.541 458.041
1511.741 458.5542
1511.869 458.7598
1512.301 458.9505
1514.076 459.3176
1515.142 459.4803
1516.466 459.6613
1517.944 459.8322
1519.505 459.9943
1521.191 460.1592
1522.783 460.312
1524.299 460.4375
1525.743 460.5638
1527.028 460.6737
1528.259 460.8451
1530.021 461.2233
1531.284 461.5195
1534.136 462.011
1535.322 462.1792
1537 462.467
1538.758 462.8361
1540.704 463.2571
1542.457 463.564
1544.471 463.7495
1546.513 463.7599
1548.614 463.6405
1550.716 463.437
1552.747 463.2816
1554.766 463.1755
1556.261 463.2176
1558.819 463.4826
1559.763 463.6017
1560.865 463.7865
1561.774 463.9437
1562.697 464.1846
1563.655 464.4669
1564.616 464.8711
1565.515 465.3276
1566.369 465.8626
1567.119 466.39
1567.807 467.0174
1568.396 467.713
1568.793 468.2992
1569.084 469.0158
1569.134 469.3514
1569.11 469.8063
1568.891 470.2219
1568.502 470.5942
1567.901 470.9085
1567.094 471.1766
1566.25 471.3655
1565.348 471.4881
1564.517 471.5256
1563.667 471.4746
1562.619 471.2723
1561.774 471.0296
1561.061 470.7902
1559.646 470.3369
1559.084 470.1803
1558.276 469.9587
1557.439 469.7313
1556.581 469.4517
1555.921 469.2129
1555.274 468.9591
1554.648 468.7026
1554.057 468.4969
1552.975 468.3264
1552.521 468.3087
1552.023 468.2731
1551.579 468.1926
1550.9 467.9528
1550.619 467.7992
1550.352 467.5923
1550.141 467.3688
1549.946 467.1312
1549.81 466.8514
1549.701 466.5404
1549.605 466.1476
1549.607 465.7614
1549.652 465.4419
1549.73 465.1455
1549.933 464.8203
1550.144 464.5882
1550.735 464.1327
1550.98 463.9987
1551.426 463.8177
1551.936 463.6797
1552.551 463.5566
1553.182 463.4735
1553.781 463.438
1554.375 463.4622
1554.945 463.5475
1555.454 463.6763
1555.942 463.8119
1556.507 463.9508
1556.863 464.0213
1557.343 463.9715
1557.481 463.9118
1557.62 463.8678
1557.726 463.8794
1557.772 463.9572
1557.823 464.0601
1557.911 464.1522
1558.025 464.2126
1558.157 464.2093
1558.333 464.1479
1558.558 464.0872
1558.916 464.0426
1559.146 464.0666
1559.462 464.1549
1559.576 464.1484
1559.666 464.118
1559.717 464.0729
1559.714 464.021
1559.697 463.9543
1559.663 463.9049
1559.607 463.8577
1559.576 463.7995
1559.568 463.7427
1559.6 463.7155
1559.725 463.7015
1559.874 463.7209
1560.197 463.8397
1560.33 463.8901
1560.543 463.972
1560.767 464.037
1560.993 464.1072
1561.2 464.1847
1561.332 464.2684
1561.436 464.3539
1561.509 464.4452
1561.536 464.5532
1561.522 464.6372
1561.47 464.7061
1561.404 464.7432
1561.358 464.7461
1561.394 464.7477
1561.439 464.7425
1561.492 464.6981
1561.583 464.624
1561.727 464.5176
1561.877 464.4325
1561.985 464.3594
1562.033 464.3153
1562.088 464.2385
1562.169 464.1367
1562.262 463.965
1562.261 463.8208
1561.993 463.6154
1561.858 463.5806
1561.682 463.5853
1561.444 463.6309
1561.146 463.695
1560.899 463.7209
1560.674 463.722
1560.506 463.6753
1560.363 463.633
1560.234 463.5944
1560.122 463.577
1559.991 463.5744
1559.882 463.5786
1559.692 463.4988
1559.644 463.4188
1559.6 463.2882
1559.607 463.1667
1559.606 463.0879
1559.595 463.0534
1559.568 463.0677
1559.546 463.1221
1559.528 463.2358
1559.555 463.3445
1559.626 463.4577
1559.757 463.5708
1559.887 463.6808
1560.211 463.8647
1560.432 463.9305
1560.699 463.9927
1561.063 464.0485
1561.475 464.0552
1561.923 464.0145
1562.449 463.9033
1562.912 463.7733
1563.324 463.6507
1563.679 463.5545
1564.025 463.4784
1564.461 463.3823
1564.815 463.2925
1565.376 463.0003
1565.603 462.8553
1565.957 462.6247
1566.333 462.3916
1566.733 462.1488
1567.166 461.918
1567.637 461.6922
1568.145 461.4689
1568.667 461.243
1569.228 460.993
1569.874 460.7399
1570.802 460.4403
1571.471 460.2495
1572.828 459.9725
1573.347 459.9188
1574.036 459.8962
1574.752 459.9395
1575.359 459.9888
1575.965 460.0073
1576.558 460.0086
1577.071 460.0223
1577.553 460.0687
1577.952 460.1637
1578.316 460.2633
1578.705 460.3483
1578.975 460.3916
1579.332 460.4468
1579.438 460.4943
1579.507 460.571
1579.537 460.6592
1579.544 460.7533
1579.504 460.833
1579.423 460.88
1579.279 460.9369
1579.109 461.0044
1578.869 461.098
1578.566 461.2124
1578.159 461.3781
1577.788 461.5415
1577.008 461.889
1576.662 462.0078
1576.22 462.1517
1575.801 462.2908
1575.388 462.444
1574.967 462.6061
1574.516 462.7995
1574.027 463.0264
1573.547 463.2186
1573.077 463.3333
1572.576 463.4126
1571.979 463.4336
1571.503 463.4097
1570.618 463.3545
1570.353 463.3641
1570.034 463.3745
1569.738 463.3981
1569.486 463.4054
1569.277 463.3851
1569.16 463.3296
1569.052 463.2562
1568.982 463.1691
1568.96 463.0781
1568.987 462.9785
1569.094 462.8611
1569.208 462.7581
1569.473 462.5138
1569.58 462.3696
1569.689 462.2057
1569.783 462.0381
1569.888 461.8669
1570.024 461.701
1570.149 461.5737
1570.291 461.5177
1570.465 461.5044
1570.615 461.5386
1570.76 461.5755
1570.966 461.6042
1571.196 461.6344
1571.706 461.7186
1571.86 461.7863
1572.023 461.9282
1572.159 462.1216
1572.267 462.3608
1572.336 462.6478
1572.351 462.9518
1572.319 463.4642
1572.321 463.6151
1572.349 463.8052
1572.4 463.9744
1572.479 464.1411
1572.534 464.2939
1572.752 464.4673
1572.87 464.4728
1573.071 464.5229
1573.347 464.5752
1573.628 464.6214
1573.936 464.6411
1574.072 464.6471
1574.735 464.5885
1575.299 464.3856
1575.753 464.0825
1576.045 463.7554
1576.312 463.4241
1576.523 463.1382
1576.667 462.9539
1576.803 462.779
1576.929 462.6139
1577.032 462.4736
1577.127 462.3643
1577.212 462.305
1577.294 462.2853
1577.39 462.2627
1577.288 462.3163
1577.187 462.2803
1576.993 462.2747
1576.832 462.2983
1576.626 462.355
1576.433 462.4183
1576.198 462.5132
1575.965 462.5952
1575.736 462.6694
1575.507 462.7352
1575.275 462.8004
1575.069 462.8556
1574.821 462.9407
1574.54 463.1203
1574.442 463.176
1574.308 463.2469
1574.169 463.3052
1574.056 463.3555
1573.952 463.3942
1573.851 463.4406
1573.741 463.4725
1573.631 463.4987
1573.545 463.5036
1573.473 463.4914
1573.363 463.4933
1573.286 463.5176
1573.145 463.6624
1573.135 463.7171
1573.134 463.7787
1573.156 463.8127
1573.207 463.8213
1573.317 463.8167
1573.398 463.8229
1573.459 463.8338
1573.475 463.8723
1573.503 463.9102
1573.516 463.9606
1573.541 464.021
1573.538 464.0786
1573.454 464.1519
1573.407 464.1664
1573.347 464.2062
1573.299 464.2342
1573.287 464.2777
1573.289 464.3231
1573.29 464.3836
1573.307 464.4727
1573.282 464.605
1573.226 464.7222
1573.133 464.8034
1573.043 464.827
1573.011 464.8145
1573.007 464.7813
1573.057 464.7943
1573.175 464.8341
1573.295 464.8654
1573.398 464.8517
1573.548 464.7743
1573.717 464.6725
1573.932 464.5443
1574.102 464.4131
1574.209 464.2957
1574.327 464.168
1574.499 464.0041
1574.656 463.8724
1575.002 463.5996
1554.057 468.4969
1552.975 468.3264
1552.521 468.3087
1552.023 468.2731
1551.579 468.1926
1550.9 467.9528
1550.619 467.7992
1550.352 467.5923
1550.141 467.3688
1549.946 467.1312
1549.81 466.8514
1549.701 466.5404
1549.605 466.1476
1549.607 465.7614
1549.652 465.4419
1549.73 465.1455
1549.933 464.8203
1550.144 464.5882
1550.735 464.1327
1550.98 463.9987
1551.426 463.8177
1551.936 463.6797
1552.551 463.5566
1553.182 463.4735
1553.781 463.438
1554.375 463.4622
1554.945 463.5475
1555.454 463.6763
1555.942 463.8119
1556.507 463.9508
1556.863 464.0213
1557.343 463.9715
1557.481 463.9118
1557.62 463.8678
1557.726 463.8794
1557.772 463.9572
1557.823 464.0601
1557.911 464.1522
1558.025 464.2126
1558.157 464.2093
1558.333 464.1479
1558.558 464.0872
1558.916 464.0426
1559.146 464.0666
1559.462 464.1549
1559.576 464.1484
1559.666 464.118
1559.717 464.0729
1559.714 464.021
1559.697 463.9543
1559.663 463.9049
1559.607 463.8577
1559.576 463.7995
1559.568 463.7427
1559.6 463.7155
1559.725 463.7015
1559.874 463.7209
1560.197 463.8397
1560.33 463.8901
1560.543 463.972
1560.767 464.037
1560.993 464.1072
1561.2 464.1847
1561.332 464.2684
1561.436 464.3539
1561.509 464.4452
1561.536 464.5532
1561.522 464.6372
1561.47 464.7061
1561.404 464.7432
1561.358 464.7461
1561.394 464.7477
1561.439 464.7425
1561.492 464.6981
1561.583 464.624
1561.727 464.5176
1561.877 464.4325
1561.985 464.3594
1562.033 464.3153
1562.088 464.2385
1562.169 464.1367
1562.262 463.965
1562.261 463.8208
1561.993 463.6154
1561.858 463.5806
1561.682 463.5853
1561.444 463.6309
1561.146 463.695
1560.899 463.7209
1560.674 463.722
1560.506 463.6753
1560.363 463.633
1560.234 463.5944
1560.122 463.577
1559.991 463.5744
1559.882 463.5786
1559.692 463.4988
1559.644 463.4188
1559.6 463.2882
1559.607 463.1667
1559.606 463.0879
1559.595 463.0534
1559.568 463.0677
1559.546 463.1221
1559.528 463.2358
1559.555 463.3445
1559.626 463.4577
1559.757 463.5708
1559.887 463.6808
1560.211 463.8647
1560.432 463.9305
1560.699 463.9927
1561.063 464.0485
1561.475 464.0552
1561.923 464.0145
1562.449 463.9033
1562.912 463.7733
1563.324 463.6507
1563.679 463.5545
1564.025 463.4784
1564.461 463.3823
1564.815 463.2925
1565.376 463.0003
1565.603 462.8553
1565.957 462.6247
1566.333 462.3916
1566.733 462.1488
1567.166 461.918
1567.637 461.6922
1568.145 461.4689
1568.667 461.243
1569.228 460.993
1569.874 460.7399
1570.802 460.4403
1571.471 460.2495
1572.828 459.9725
1573.347 459.9188
1574.036 459.8962
1574.752 459.9395
1575.359 459.9888
1575.965 460.0073
1576.558 460.0086
1577.071 460.0223
1577.553 460.0687
1577.952 460.1637
1578.316 460.2633
1578.705 460.3483
1578.975 460.3916
1579.332 460.4468
1579.438 460.4943
1579.507 460.571
1579.537 460.6592
1579.544 460.7533
1579.504 460.833
1579.423 460.88
1579.279 460.9369
1579.109 461.0044
1578.869 461.098
1578.566 461.2124
1578.159 461.3781
1577.788 461.5415
1577.008 461.889
1576.662 462.0078
1576.22 462.1517
1575.801 462.2908
1575.388 462.444
1574.967 462.6061
1574.516 462.7995
1574.027 463.0264
1573.547 463.2186
1573.077 463.3333
1572.576 463.4126
1571.979 463.4336
1571.503 463.4097
1570.618 463.3545
1570.353 463.3641
1570.034 463.3745
1569.738 463.3981
1569.486 463.4054
1569.277 463.3851
1569.16 463.3296
1569.052 463.2562
1568.982 463.1691
1568.96 463.0781
1568.987 462.9785
1569.094 462.8611
1569.208 462.7581
1569.473 462.5138
1569.58 462.3696
1569.689 462.2057
1569.783 462.0381
1569.888 461.8669
1570.024 461.701
1570.149 461.5737
1570.291 461.5177
1570.465 461.5044
1570.615 461.5386
1570.76 461.5755
1570.966 461.6042
1571.196 461.6344
1571.706 461.7186
1571.86 461.7863
1572.023 461.9282
1572.159 462.1216
1572.267 462.3608
1572.336 462.6478
1572.351 462.9518
1572.319 463.4642
1572.321 463.6151
1572.349 463.8052
1572.4 463.9744
1572.479 464.1411
1572.534 464.2939
1572.752 464.4673
1572.87 464.4728
1573.071 464.5229
1573.347 464.5752
1573.628 464.6214
1573.936 464.6411
1574.072 464.6471
1574.735 464.5885
1575.299 464.3856
1575.753 464.0825
1576.045 463.7554
1576.312 463.4241
1576.523 463.1382
1576.667 462.9539
1576.803 462.779
1576.929 462.6139
1577.032 462.4736
1577.127 462.3643
1577.212 462.305
1577.294 462.2853
1577.39 462.2627
1577.288 462.3163
1577.187 462.2803
1576.993 462.2747
1576.832 462.2983
1576.626 462.355
1576.433 462.4183
1576.198 462.5132
1575.965 462.5952
1575.736 462.6694
1575.507 462.7352
1575.275 462.8004
1575.069 462.8556
1574.821 462.9407
1574.54 463.1203
1574.442 463.176
1574.308 463.2469
1574.169 463.3052
1574.056 463.3555
1573.952 463.3942
1573.851 463.4406
1573.741 463.4725
1573.631 463.4987
1573.545 463.5036
1573.473 463.4914
1573.363 463.4933
1573.286 463.5176
1573.145 463.6624
1573.135 463.7171
1573.134 463.7787
1573.156 463.8127
1573.207 463.8213
1573.317 463.8167
1573.398 463.8229
1573.459 463.8338
1573.475 463.8723
1573.503 463.9102
1573.516 463.9606
1573.541 464.021
1573.538 464.0786
1573.454 464.1519
1573.407 464.1664
1573.347 464.2062
1573.299 464.2342
1573.287 464.2777
1573.289 464.3231
1573.29 464.3836
1573.307 464.4727
1573.282 464.605
1573.226 464.7222
1573.133 464.8034
1573.043 464.827
1573.011 464.8145
1573.007 464.7813
1573.057 464.7943
1573.175 464.8341
1573.295 464.8654
1573.398 464.8517
1573.548 464.7743
1573.717 464.6725
1573.932 464.5443
1574.102 464.4131
1574.209 464.2957
1574.327 464.168
1574.499 464.0041
1574.656 463.8724
1575.002 463.5996
1575.14 463.4967
1575.301 463.4041
1575.452 463.3434
1575.616 463.3086
1575.792 463.2886
1576.01 463.2729
1576.156 463.2668
1576.3 463.2772
1576.44 463.2972
1576.599 463.3179
1576.825 463.3675
1576.995 463.4388
1577.34 463.6037
1577.513 463.6597
1577.74 463.7204
1577.978 463.7599
1578.261 463.8032
1578.546 463.8281
1578.853 463.8371
1579.132 463.8216
1579.386 463.7939
1579.66 463.7215
1579.981 463.6154
1580.323 463.4868
1580.574 463.3747
1581.06 463.1422
1581.235 463.0506
1581.45 462.9481
1581.604 462.874
1581.762 462.7936
1581.865 462.6893
1581.969 462.5837
1582.044 462.4969
1582.072 462.4531
1582.067 462.472
1582 462.5452
1581.861 462.644
1581.781 462.7021
1581.689 462.8276
1581.658 462.8748
1581.612 462.9805
1581.572 463.1125
1581.582 463.2767
1581.593 463.438
1581.591 463.6556
1581.604 463.834
1581.609 463.9893
1581.596 464.1294
1581.571 464.2837
1581.479 464.4515
1581.342 464.5521
1581.065 464.5306
1581.015 464.4458
1581.06 464.3317
1581.22 464.2298
1581.489 464.14
1581.94 464.0344
1582.612 463.8781
1583.481 463.6675
1584.542 463.4026
1585.726 463.1172
1587.202 462.7947
1588.956 462.4707
1590.588 462.1738
1593.988 461.4159
1595.362 461.069
1597.038 460.6655
1598.719 460.3047
1600.332 459.9743
1601.83 459.6659
1603.202 459.3993
1604.457 459.1742
1605.593 458.9989
1606.578 458.8945
1607.456 458.8701
1608.329 458.9452
1607.963 459.0754
1607.658 459.4683
1607.452 459.6346
1606.38 459.9139
1605.224 460.2069
1603.762 460.5317
1600.729 460.8776
1595.886 461.2568
1591.411 461.5905
1587.029 461.896
1582.436 462.1704
1577.784 462.4153
1571.27 462.7056
1560.66 462.9248
1555.744 463.2917
1551.427 463.4263
1546.205 463.6042
1541.542 463.7979
1537.835 464.0534
1536.006 464.361
1535.944 464.7017
1535.966 465.0421
1535.953 465.3831
1535.923 465.6991
1535.876 466.0272
1535.757 466.4359
1535.574 466.8442
1535.146 467.6865
1534.953 467.9971
1534.68 468.369
1534.396 468.7059
1534.016 468.9993
1533.618 469.2086
1533.252 469.3403
1532.862 469.4503
1532.446 469.5623
1531.97 469.6732
1531.345 469.7858
1530.541 469.912
1529.813 469.999
1528.238 470.089
1527.519 470.0498
1526.679 469.9167
1525.798 469.6913
1525.087 469.4513
1524.273 469.1226
1523.507 468.8021
1522.561 468.3932
1521.471 468.0155
1520.167 467.7025
1518.966 467.5259
1517.337 467.4072
1515.885 467.4481
1512.866 468.0382
1511.401 468.4689
1509.586 468.9487
1507.691 469.3336
1505.926 469.7253
1504.36 470.2695
1502.836 471.0301
1500.932 471.9528
1498.864 472.8291
1496.361 473.8387
1493.174 475.0335
1488.462 476.6824
1484.233 478.1613
1475.291 481.5735
1472.28 482.7331
1467.339 484.5999
1462.281 486.5156
1457.122 488.5722
1451.65 490.7257
1445.734 492.8687
1440.406 494.6654
1434.786 496.6017
1429.414 498.7541
1424.053 501.3929
1417.557 504.9829
1412.614 507.6839
1402.48 513.0942
1398.627 515.1719
1393.77 517.4318
1388.787 519.5802
1384.09 521.912
1379.423 524.3083
1374.197 526.5833
1368.616 528.3815
1363.449 529.7761
1358.914 530.96
1355.609 531.9122
1351.565 533.0497
1348.269 533.9788
1342.155 535.5693
1340.143 536.0063
1338.027 536.3784
1336.228 536.6593
1334.768 536.7651
1333.679 536.6157
1333.002 536.2174
1332.657 535.3808
1332.508 534.3975
1332.44 533.1745
1332.556 531.9191
1332.907 530.4033
1333.295 529.4131
1333.779 527.6991
1333.819 527.2371
1333.893 526.5485
1334.059 525.9426
1334.245 525.3883
1334.344 525.0225
1334.362 524.7955
1334.386 524.6662
1334.414 524.6497
1334.414 524.6979
1334.328 524.7405
1333.903 524.6965
1333.476 524.5885
1332.312 524.2693
1331.7 524.0895
1330.663 523.7766
1329.548 523.3542
1328.565 522.8397
1327.726 522.2715
1327 521.674
1326.484 521.1959
1326.177 520.7457
1326.139 520.3434
1326.39 519.9714
1327.049 519.6166
1327.791 519.4465
1329.557 519.3164
1330.394 519.3055
1331.349 519.3086
1332.23 519.3093
1333.064 519.2943
1333.739 519.2818
1334.365 519.2634
1334.918 519.2466
1335.396 519.2339
1335.795 519.2419
1336.142 519.3
1336.455 519.4103
1336.921 519.7238
1337.467 520.0768
1338.01 520.4275
1338.377 520.7579
1338.686 521.0703
1338.868 521.3755
1338.974 521.644
1339.033 521.8354
1339.073 521.9636
1339.105 522.0508
1339.114 522.1559
1339.107 522.3083
1339.086 522.5163
1339.132 522.7811
1339.578 523.4566
1339.756 523.6425
1340.066 523.9688
1340.384 524.2886
1340.773 524.5862
1341.266 524.8488
1341.82 525.1057
1342.375 525.3657
1342.969 525.6029
1343.585 525.8195
1344.279 526.0001
1345.292 526.1768
1346.056 526.2311
1347.571 526.2035
1348.193 526.1834
1348.946 526.1485
1349.746 526.0974
1350.443 526.0466
1351.141 525.9822
1351.779 525.8776
1352.335 525.7503
1352.757 525.6328
1353.099 525.4993
1353.378 525.3443
1353.637 525.0727
1353.768 524.7972
1353.943 523.2799
1353.883 522.8242
1353.786 522.4114
1353.644 521.9648
1353.444 521.5385
1353.223 521.0909
1352.985 520.6763
1352.732 520.262
1352.452 519.8837
1352.116 519.4724
1351.732 519.0577
1351.117 518.485
1350.729 518.1521
1350.438 517.8473
1350.217 517.5565
1350.072 517.3108
1349.992 517.051
1349.978 516.7864
1349.991 516.462
1350.035 516.0699
1350.15 515.6041
1350.359 515.0761
1350.772 514.2179
1351.101 513.4826
1351.846 511.8102
1352.149 511.2966
1352.703 510.4646
1353.334 509.6537
1354.088 508.8465
1354.871 508.1548
1355.819 507.4245
1356.87 506.6989
1357.974 505.9424
1359.164 505.1542
1360.516 504.3647
1362.814 503.3335
1364.819 502.6338
1369.289 501.4735
1371.134 501.1147
1373.544 500.7049
1376.146 500.3235
1575.14 463.4967
1575.301 463.4041
1575.452 463.3434
1575.616 463.3086
1575.792 463.2886
1576.01 463.2729
1576.156 463.2668
1576.3 463.2772
1576.44 463.2972
1576.599 463.3179
1576.825 463.3675
1576.995 463.4388
1577.34 463.6037
1577.513 463.6597
1577.74 463.7204
1577.978 463.7599
1578.261 463.8032
1578.546 463.8281
1578.853 463.8371
1579.132 463.8216
1579.386 463.7939
1579.66 463.7215
1579.981 463.6154
1580.323 463.4868
1580.574 463.3747
1581.06 463.1422
1581.235 463.0506
1581.45 462.9481
1581.604 462.874
1581.762 462.7936
1581.865 462.6893
1581.969 462.5837
1582.044 462.4969
1582.072 462.4531
1582.067 462.472
1582 462.5452
1581.861 462.644
1581.781 462.7021
1581.689 462.8276
1581.658 462.8748
1581.612 462.9805
1581.572 463.1125
1581.582 463.2767
1581.593 463.438
1581.591 463.6556
1581.604 463.834
1581.609 463.9893
1581.596 464.1294
1581.571 464.2837
1581.479 464.4515
1581.342 464.5521
1581.065 464.5306
1581.015 464.4458
1581.06 464.3317
1581.22 464.2298
1581.489 464.14
1581.94 464.0344
1582.612 463.8781
1583.481 463.6675
1584.542 463.4026
1585.726 463.1172
1587.202 462.7947
1588.956 462.4707
1590.588 462.1738
1593.988 461.4159
1595.362 461.069
1597.038 460.6655
1598.719 460.3047
1600.332 459.9743
1601.83 459.6659
1603.202 459.3993
1604.457 459.1742
1605.593 458.9989
1606.578 458.8945
1607.456 458.8701
1608.329 458.9452
1607.963 459.0754
1607.658 459.4683
1607.452 459.6346
1606.38 459.9139
1605.224 460.2069
1603.762 460.5317
1600.729 460.8776
1595.886 461.2568
1591.411 461.5905
1587.029 461.896
1582.436 462.1704
1577.784 462.4153
1571.27 462.7056
1560.66 462.9248
1555.744 463.2917
1551.427 463.4263
1546.205 463.6042
1541.542 463.7979
1537.835 464.0534
1536.006 464.361
1535.944 464.7017
1535.966 465.0421
1535.953 465.3831
1535.923 465.6991
1535.876 466.0272
1535.757 466.4359
1535.574 466.8442
1535.146 467.6865
1534.953 467.9971
1534.68 468.369
1534.396 468.7059
1534.016 468.9993
1533.618 469.2086
1533.252 469.3403
1532.862 469.4503
1532.446 469.5623
1531.97 469.6732
1531.345 469.7858
1530.541 469.912
1529.813 469.999
1528.238 470.089
1527.519 470.0498
1526.679 469.9167
1525.798 469.6913
1525.087 469.4513
1524.273 469.1226
1523.507 468.8021
1522.561 468.3932
1521.471 468.0155
1520.167 467.7025
1518.966 467.5259
1517.337 467.4072
1515.885 467.4481
1512.866 468.0382
1511.401 468.4689
1509.586 468.9487
1507.691 469.3336
1505.926 469.7253
1504.36 470.2695
1502.836 471.0301
1500.932 471.9528
1498.864 472.8291
1496.361 473.8387
1493.174 475.0335
1488.462 476.6824
1484.233 478.1613
1475.291 481.5735
1472.28 482.7331
1467.339 484.5999
1462.281 486.5156
1457.122 488.5722
1451.65 490.7257
1445.734 492.8687
1440.406 494.6654
1434.786 496.6017
1429.414 498.7541
1424.053 501.3929
1417.557 504.9829
1412.614 507.6839
1402.48 513.0942
1398.627 515.1719
1393.77 517.4318
1388.787 519.5802
1384.09 521.912
1379.423 524.3083
1374.197 526.5833
1368.616 528.3815
1363.449 529.7761
1358.914 530.96
1355.609 531.9122
1351.565 533.0497
1348.269 533.9788
1342.155 535.5693
1340.143 536.0063
1338.027 536.3784
1336.228 536.6593
1334.768 536.7651
1333.679 536.6157
1333.002 536.2174
1332.657 535.3808
1332.508 534.3975
1332.44 533.1745
1332.556 531.9191
1332.907 530.4033
1333.295 529.4131
1333.779 527.6991
1333.819 527.2371
1333.893 526.5485
1334.059 525.9426
1334.245 525.3883
1334.344 525.0225
1334.362 524.7955
1334.386 524.6662
1334.414 524.6497
1334.414 524.6979
1334.328 524.7405
1333.903 524.6965
1333.476 524.5885
1332.312 524.2693
1331.7 524.0895
1330.663 523.7766
1329.548 523.3542
1328.565 522.8397
1327.726 522.2715
1327 521.674
1326.484 521.1959
1326.177 520.7457
1326.139 520.3434
1326.39 519.9714
1327.049 519.6166
1327.791 519.4465
1329.557 519.3164
1330.394 519.3055
1331.349 519.3086
1332.23 519.3093
1333.064 519.2943
1333.739 519.2818
1334.365 519.2634
1334.918 519.2466
1335.396 519.2339
1335.795 519.2419
1336.142 519.3
1336.455 519.4103
1336.921 519.7238
1337.467 520.0768
1338.01 520.4275
1338.377 520.7579
1338.686 521.0703
1338.868 521.3755
1338.974 521.644
1339.033 521.8354
1339.073 521.9636
1339.105 522.0508
1339.114 522.1559
1339.107 522.3083
1339.086 522.5163
1339.132 522.7811
1339.578 523.4566
1339.756 523.6425
1340.066 523.9688
1340.384 524.2886
1340.773 524.5862
1341.266 524.8488
1341.82 525.1057
1342.375 525.3657
1342.969 525.6029
1343.585 525.8195
1344.279 526.0001
1345.292 526.1768
1346.056 526.2311
1347.571 526.2035
1348.193 526.1834
1348.946 526.1485
1349.746 526.0974
1350.443 526.0466
1351.141 525.9822
1351.779 525.8776
1352.335 525.7503
1352.757 525.6328
1353.099 525.4993
1353.378 525.3443
1353.637 525.0727
1353.768 524.7972
1353.943 523.2799
1353.883 522.8242
1353.786 522.4114
1353.644 521.9648
1353.444 521.5385
1353.223 521.0909
1352.985 520.6763
1352.732 520.262
1352.452 519.8837
1352.116 519.4724
1351.732 519.0577
1351.117 518.485
1350.729 518.1521
1350.438 517.8473
1350.217 517.5565
1350.072 517.3108
1349.992 517.051
1349.978 516.7864
1349.991 516.462
1350.035 516.0699
1350.15 515.6041
1350.359 515.0761
1350.772 514.2179
1351.101 513.4826
1351.846 511.8102
1352.149 511.2966
1352.703 510.4646
1353.334 509.6537
1354.088 508.8465
1354.871 508.1548
1355.819 507.4245
1356.87 506.6989
1357.974 505.9424
1359.164 505.1542
1360.516 504.3647
1362.814 503.3335
1364.819 502.6338
1369.289 501.4735
1371.134 501.1147
1373.544 500.7049
1376.146 500.3235
1379.072 499.8535
1382.12 499.2745
1385.138 498.6206
1388.526 497.8416
1391.848 497.0634
1395.309 496.2388
1398.927 495.3254
1403.556 494.0595
1407.474 492.9579
1415.588 490.6783
1418.953 489.7043
1423.117 488.4176
1427.277 487.1127
1431.56 485.7897
1435.911 484.4431
1440.225 483.0484
1444.6 481.5517
1448.971 479.9826
1453.233 478.3929
1457.369 476.7547
1462.329 474.7048
1466.327 472.9674
1474.425 469.1699
1476.798 467.9639
1480.798 465.8481
1484.739 463.6649
1488.362 461.5659
1491.929 459.4617
1495.596 457.32
1499.117 455.3252
1502.628 453.3202
1506.043 451.3984
1509.523 449.4951
1514.178 447.1681
1517.722 445.5744
1523.738 442.7363
1525.812 441.6234
1528.142 440.3112
1530.326 438.9647
1532.486 437.4019
1534.289 436.0511
1536.166 434.6385
1538.009 433.3612
1539.553 432.2632
1541.004 431.202
1542.264 430.1969
1543.632 429.0121
1544.675 428.0762
1546.603 426.5309
1547.089 426.1869
1548.007 425.4847
1549.151 424.6748
1550.719 423.5623
1552.563 422.2168
1554.344 420.7715
1556.162 419.2282
1557.847 417.6199
1559.424 415.9199
1560.621 414.3556
1561.477 412.8128
1562.082 409.3348
1561.706 405.6615
1560.496 402.2938
1558.578 398.757
1555.823 395.7184
1552.156 392.9294
1548.738 390.0181
1546.436 387.0402
1545.257 384.8102
1544.936 384.2144
1544.697 383.9022
1544.515 383.7969
1544.594 383.8322
1544.877 383.8987
1545.335 383.9639
1545.78 384.0133
1546.361 384.0874
1547.036 384.1779
1547.641 384.3245
1548.19 384.5155
1548.671 384.8322
1548.848 385.0666
1548.971 385.4048
1549.082 385.9181
1549.172 386.5382
1549.239 387.2244
1549.395 387.9242
1549.755 388.5098
1550.418 389.021
1551.372 389.4937
1552.613 389.9901
1554.577 390.5425
1556.627 390.8901
1558.47 391.0664
1562.479 391.1833
1564.022 391.14
1566.033 391.0254
1567.87 390.9263
1569.544 390.8101
1571.125 390.6859
1572.506 390.5255
1573.622 390.3258
1574.565 390.0303
1575.301 389.6837
1575.803 389.3226
1576.227 388.8055
1576.324 388.3843
1575.871 387.6593
1575.501 387.4696
1574.914 387.3237
1574.136 387.2814
1573.155 387.3042
1572.016 387.3871
1570.86 387.5036
1569.714 387.6548
1568.622 387.841
1567.569 388.0721
1566.495 388.3643
1565.083 388.8618
1563.824 389.3721
1561.365 390.481
1560.796 390.721
1559.793 391.0854
1558.638 391.3711
1557.703 391.4836
1556.743 391.5098
1555.896 391.5026
1554.903 391.5075
1553.766 391.543
1552.525 391.655
1551.077 391.7938
1549.624 391.8889
1547.422 391.936
1544.739 391.8926
1539.375 391.7355
1534.706 391.695
1526.016 391.7264
1517.821 391.8299
1510.474 391.9398
1502.639 392.0446
1494.187 392.1129
1485.947 392.1455
1477.324 392.1414
1468.619 392.1261
1460.876 392.1379
1450.612 392.201
1436.415 392.3203
1425.797 392.6877
1419.803 392.8449
1411.808 393.0164
1403.677 393.1305
1396.289 393.2028
1388.731 393.2607
1380.303 393.3128
1373.066 393.3724
1365.42 393.4538
1357.666 393.5511
1349.777 393.6712
1339.961 393.7786
1326.357 393.8599
1318.01 393.9212
1312.007 393.9014
1305.781 393.8662
1299.684 393.7953
1294.731 393.7077
1290.966 393.6257
1288.507 393.5565
1287.245 393.5008
1286.867 393.4632
1287.222 393.4204
1287.648 393.3714
1288.274 393.3014
1288.894 393.2358
1290.286 393.0654
1290.847 392.9941
1291.581 392.8983
1292.792 392.8179
1294.47 392.7494
1296.505 392.6945
1299.174 392.6307
1302.848 392.5413
1307.133 392.4305
1311.093 392.3306
1315.794 392.2228
1322.52 392.1073
1336.199 392.0321
1345.078 391.9422
1350.029 391.9229
1357.846 391.9142
1365.743 391.9146
1373.494 391.9168
1381.58 391.9474
1389.135 392.0117
1396.741 392.1112
1404.457 392.2365
1411.437 392.3895
1418.694 392.5298
1428.747 392.7248
1443.501 392.8723
1449.955 393.1916
1454.601 393.3133
1462.105 393.4855
1469.061 393.6623
1476.636 393.8291
1483.088 393.9964
1490.189 394.16
1497.84 394.3148
1504.583 394.4598
1511.545 394.598
1518.345 394.7365
1526.871 394.929
1539.002 395.0384
1546.786 395.2529
1551.731 395.3052
1558.979 395.348
1566.215 395.382
1573.36 395.3717
1579.852 395.34
1586.618 395.3161
1593.187 395.3107
1599.721 395.3125
1607.068 395.3343
1614.027 395.3608
1622.89 395.3937
1634.993 395.3861
1643.186 395.251
1648.17 395.2106
1654.957 395.1927
1662.208 395.2046
1669.406 395.2357
1675.882 395.277
1682.767 395.3314
1689.671 395.3864
1697.075 395.4286
1704.03 395.4626
1710.366 395.4798
1712.694 395.4976
1712.49 395.5229
1712.037 395.6343
1711.9 395.7152
1711.793 395.8105
1711.721 395.9064
1711.681 395.9914
1711.676 396.0427
1711.709 396.0536
1711.779 396.0311
1711.828 395.9938
1711.896 395.9316
1711.982 395.8542
1712.086 395.7482
1712.191 395.651
1712.412 395.4378
1712.484 395.3649
1712.566 395.265
1712.673 395.1602
1712.77 395.0719
1712.888 395.0003
1713.002 394.9479
1713.104 394.9142
1713.119 394.9383
1713.124 394.9994
1713.109 395.1089
1713.016 395.2897
1712.937 395.4084
1712.687 395.6427
1712.563 395.7438
1712.358 395.8896
1712.072 396.0617
1711.812 396.2165
1711.573 396.397
1711.367 396.5705
1711.17 396.7415
1710.999 396.9102
1710.79 397.0789
1710.584 397.2236
1710.318 397.41
1710.004 397.5846
1709.085 397.9556
1708.498 398.1771
1707.932 398.4016
1707.414 398.6193
1706.913 398.8376
1706.435 399.0389
1706.002 399.2036
1705.593 399.3659
1705.218 399.5086
1704.782 399.6572
1704.301 399.8128
1703.595 400.0239
1703.025 400.1795
1702.054 400.4085
1701.782 400.4738
1701.396 400.5672
1701.067 400.6364
1700.794 400.6982
1700.567 400.7399
1700.41 400.7458
1700.253 400.7153
1700.12 400.6421
1700.025 400.5352
1379.072 499.8535
1382.12 499.2745
1385.138 498.6206
1388.526 497.8416
1391.848 497.0634
1395.309 496.2388
1398.927 495.3254
1403.556 494.0595
1407.474 492.9579
1415.588 490.6783
1418.953 489.7043
1423.117 488.4176
1427.277 487.1127
1431.56 485.7897
1435.911 484.4431
1440.225 483.0484
1444.6 481.5517
1448.971 479.9826
1453.233 478.3929
1457.369 476.7547
1462.329 474.7048
1466.327 472.9674
1474.425 469.1699
1476.798 467.9639
1480.798 465.8481
1484.739 463.6649
1488.362 461.5659
1491.929 459.4617
1495.596 457.32
1499.117 455.3252
1502.628 453.3202
1506.043 451.3984
1509.523 449.4951
1514.178 447.1681
1517.722 445.5744
1523.738 442.7363
1525.812 441.6234
1528.142 440.3112
1530.326 438.9647
1532.486 437.4019
1534.289 436.0511
1536.166 434.6385
1538.009 433.3612
1539.553 432.2632
1541.004 431.202
1542.264 430.1969
1543.632 429.0121
1544.675 428.0762
1546.603 426.5309
1547.089 426.1869
1548.007 425.4847
1549.151 424.6748
1550.719 423.5623
1552.563 422.2168
1554.344 420.7715
1556.162 419.2282
1557.847 417.6199
1559.424 415.9199
1560.621 414.3556
1561.477 412.8128
1562.082 409.3348
1561.706 405.6615
1560.496 402.2938
1558.578 398.757
1555.823 395.7184
1552.156 392.9294
1548.738 390.0181
1546.436 387.0402
1545.257 384.8102
1544.936 384.2144
1544.697 383.9022
1544.515 383.7969
1544.594 383.8322
1544.877 383.8987
1545.335 383.9639
1545.78 384.0133
1546.361 384.0874
1547.036 384.1779
1547.641 384.3245
1548.19 384.5155
1548.671 384.8322
1548.848 385.0666
1548.971 385.4048
1549.082 385.9181
1549.172 386.5382
1549.239 387.2244
1549.395 387.9242
1549.755 388.5098
1550.418 389.021
1551.372 389.4937
1552.613 389.9901
1554.577 390.5425
1556.627 390.8901
1558.47 391.0664
1562.479 391.1833
1564.022 391.14
1566.033 391.0254
1567.87 390.9263
1569.544 390.8101
1571.125 390.6859
1572.506 390.5255
1573.622 390.3258
1574.565 390.0303
1575.301 389.6837
1575.803 389.3226
1576.227 388.8055
1576.324 388.3843
1575.871 387.6593
1575.501 387.4696
1574.914 387.3237
1574.136 387.2814
1573.155 387.3042
1572.016 387.3871
1570.86 387.5036
1569.714 387.6548
1568.622 387.841
1567.569 388.0721
1566.495 388.3643
1565.083 388.8618
1563.824 389.3721
1561.365 390.481
1560.796 390.721
1559.793 391.0854
1558.638 391.3711
1557.703 391.4836
1556.743 391.5098
1555.896 391.5026
1554.903 391.5075
1553.766 391.543
1552.525 391.655
1551.077 391.7938
1549.624 391.8889
1547.422 391.936
1544.739 391.8926
1539.375 391.7355
1534.706 391.695
1526.016 391.7264
1517.821 391.8299
1510.474 391.9398
1502.639 392.0446
1494.187 392.1129
1485.947 392.1455
1477.324 392.1414
1468.619 392.1261
1460.876 392.1379
1450.612 392.201
1436.415 392.3203
1425.797 392.6877
1419.803 392.8449
1411.808 393.0164
1403.677 393.1305
1396.289 393.2028
1388.731 393.2607
1380.303 393.3128
1373.066 393.3724
1365.42 393.4538
1357.666 393.5511
1349.777 393.6712
1339.961 393.7786
1326.357 393.8599
1318.01 393.9212
1312.007 393.9014
1305.781 393.8662
1299.684 393.7953
1294.731 393.7077
1290.966 393.6257
1288.507 393.5565
1287.245 393.5008
1286.867 393.4632
1287.222 393.4204
1287.648 393.3714
1288.274 393.3014
1288.894 393.2358
1290.286 393.0654
1290.847 392.9941
1291.581 392.8983
1292.792 392.8179
1294.47 392.7494
1296.505 392.6945
1299.174 392.6307
1302.848 392.5413
1307.133 392.4305
1311.093 392.3306
1315.794 392.2228
1322.52 392.1073
1336.199 392.0321
1345.078 391.9422
1350.029 391.9229
1357.846 391.9142
1365.743 391.9146
1373.494 391.9168
1381.58 391.9474
1389.135 392.0117
1396.741 392.1112
1404.457 392.2365
1411.437 392.3895
1418.694 392.5298
1428.747 392.7248
1443.501 392.8723
1449.955 393.1916
1454.601 393.3133
1462.105 393.4855
1469.061 393.6623
1476.636 393.8291
1483.088 393.9964
1490.189 394.16
1497.84 394.3148
1504.583 394.4598
1511.545 394.598
1518.345 394.7365
1526.871 394.929
1539.002 395.0384
1546.786 395.2529
1551.731 395.3052
1558.979 395.348
1566.215 395.382
1573.36 395.3717
1579.852 395.34
1586.618 395.3161
1593.187 395.3107
1599.721 395.3125
1607.068 395.3343
1614.027 395.3608
1622.89 395.3937
1634.993 395.3861
1643.186 395.251
1648.17 395.2106
1654.957 395.1927
1662.208 395.2046
1669.406 395.2357
1675.882 395.277
1682.767 395.3314
1689.671 395.3864
1697.075 395.4286
1704.03 395.4626
1710.366 395.4798
1712.694 395.4976
1712.49 395.5229
1712.037 395.6343
1711.9 395.7152
1711.793 395.8105
1711.721 395.9064
1711.681 395.9914
1711.676 396.0427
1711.709 396.0536
1711.779 396.0311
1711.828 395.9938
1711.896 395.9316
1711.982 395.8542
1712.086 395.7482
1712.191 395.651
1712.412 395.4378
1712.484 395.3649
1712.566 395.265
1712.673 395.1602
1712.77 395.0719
1712.888 395.0003
1713.002 394.9479
1713.104 394.9142
1713.119 394.9383
1713.124 394.9994
1713.109 395.1089
1713.016 395.2897
1712.937 395.4084
1712.687 395.6427
1712.563 395.7438
1712.358 395.8896
1712.072 396.0617
1711.812 396.2165
1711.573 396.397
1711.367 396.5705
1711.17 396.7415
1710.999 396.9102
1710.79 397.0789
1710.584 397.2236
1710.318 397.41
1710.004 397.5846
1709.085 397.9556
1708.498 398.1771
1707.932 398.4016
1707.414 398.6193
1706.913 398.8376
1706.435 399.0389
1706.002 399.2036
1705.593 399.3659
1705.218 399.5086
1704.782 399.6572
1704.301 399.8128
1703.595 400.0239
1703.025 400.1795
1702.054 400.4085
1701.782 400.4738
1701.396 400.5672
1701.067 400.6364
1700.794 400.6982
1700.567 400.7399
1700.41 400.7458
1700.253 400.7153
1700.12 400.6421
1700.025 400.5352
1699.984 400.4272
1699.919 400.2959
1699.894 400.2122
1699.966 400.0548
1700.069 399.9579
1700.239 399.825
1700.465 399.6828
1700.721 399.5547
1700.988 399.4399
1701.249 399.3481
1701.43 399.2805
1701.615 399.2274
1701.803 399.1841
1702.03 399.1315
1702.334 399.0593
1702.59 398.9928
1703.254 398.8909
1703.494 398.874
1703.847 398.8398
1704.19 398.8149
1704.569 398.7971
1704.915 398.7891
1705.178 398.7926
1705.377 398.7995
1705.546 398.8213
1705.673 398.8791
1705.733 398.9377
1705.787 399.0342
1705.847 399.1149
1706.045 399.2952
1706.115 399.3674
1706.153 399.4551
1706.148 399.542
1706.047 399.6256
1705.878 399.7135
1705.669 399.7798
1705.452 399.8403
1705.168 399.9049
1704.9 399.9569
1704.578 400.0361
1704.235 400.1437
1703.954 400.2506
1703.367 400.4927
1703.183 400.5747
1702.938 400.6909
1702.681 400.8071
1702.411 400.9245
1702.165 401.0384
1701.967 401.1551
1701.764 401.2625
1701.57 401.3679
1701.391 401.4808
1701.2 401.6115
1701.016 401.763
1700.882 401.8451
1700.679 401.9434
1700.625 401.971
1700.589 402.0122
1700.534 402.0779
1700.5 402.1759
1700.498 402.2695
1700.521 402.3693
1700.58 402.4743
1700.626 402.5521
1700.68 402.6175
1700.732 402.6712
1700.855 402.7108
1700.972 402.7611
1701.269 402.8786
1701.385 402.9375
1701.534 403.0309
1701.676 403.1009
1701.839 403.1628
1702.079 403.1984
1702.345 403.208
1702.64 403.1758
1702.962 403.1255
1703.286 403.0571
1703.618 402.998
1703.944 402.9795
1704.135 403.0161
1704.519 403.1294
1704.672 403.1693
1704.823 403.2209
1704.975 403.2536
1705.135 403.2781
1705.326 403.2783
1705.534 403.2972
1705.686 403.3275
1705.821 403.3859
1705.921 403.4541
1705.973 403.535
1706.019 403.6146
1706.07 403.6608
1706.15 403.7455
1706.174 403.783
1706.134 403.8511
1706.051 403.9075
1705.955 403.9668
1705.853 404.0215
1705.714 404.0788
1705.621 404.1335
1705.52 404.2077
1705.433 404.2754
1705.382 404.3465
1705.322 404.4264
1705.297 404.4881
1705.307 404.6262
1705.287 404.6688
1705.233 404.7113
1705.199 404.7332
1705.139 404.7538
1705.062 404.7614
1705.009 404.7523
1704.95 404.7476
1704.895 404.7534
1704.869 404.7536
1704.802 404.7476
1704.705 404.7168
1704.632 404.6945
1704.573 404.5887
1704.565 404.5392
1704.588 404.4823
1704.643 404.4587
1704.695 404.451
1704.736 404.4482
1704.769 404.4303
1704.787 404.407
1704.833 404.3748
1704.955 404.3273
1705.065 404.277
1705.235 404.207
1705.402 404.1686
1705.775 404.1235
1705.928 404.1084
1706.044 404.1178
1706.108 404.1393
1706.132 404.1898
1706.13 404.2401
1706.068 404.3145
1705.973 404.3781
1705.921 404.4247
1705.855 404.4611
1705.75 404.4901
1705.631 404.5342
1705.54 404.5786
1705.377 404.7192
1705.313 404.7897
1705.161 404.9165
1705.022 405.0441
1704.884 405.1704
1704.724 405.2993
1704.552 405.4354
1704.388 405.5653
1704.205 405.7241
1703.975 405.8958
1703.647 406.084
1703.133 406.3434
1702.789 406.5436
1702.157 406.9191
1701.99 407.0327
1701.766 407.2165
1701.58 407.4041
1701.433 407.5877
1701.341 407.7562
1701.294 407.9334
1701.224 408.0913
1701.151 408.2225
1701.036 408.3356
1702.284 408.4557
1707.2 408.5818
1719.791 408.6969
1725.744 408.9025
1731.106 408.9733
1739.011 409.0589
1746.084 409.1198
1752.81 409.1475
1760.516 409.1437
1767.437 409.1203
1774.817 409.0887
1781.978 409.0742
1789.588 409.0822
1797.277 409.0977
1806.22 409.1077
1818.583 409.1011
1827.293 409.0898
1833.066 409.0931
1840.329 409.1087
1847.957 409.1564
1855.609 409.252
1862.661 409.3836
1869.85 409.5456
1877.613 409.7188
1885.416 409.9015
1892.572 410.0653
1900.045 410.182
1908.913 410.2599
1922.09 410.285
1929.587 410.3001
1933.578 410.2952
1938.383 410.2619
1941.82 410.1836
1943.714 410.0573
1944.22 409.8997
1943.928 409.7271
1943.646 409.5313
1943.64 409.3486
1943.785 409.1862
1944.049 409.0739
1944.441 409.0146
1944.821 409.0197
1945.596 409.168
1945.83 409.2593
1946.062 409.4227
1946.156 409.5897
1946.131 409.7449
1945.932 409.8864
1945.435 410.0059
1944.431 410.1007
1942.407 410.166
1939.551 410.2319
1935.811 410.3286
1929.656 410.5233
1916.431 410.7137
1908.902 411.1445
1902.728 411.2852
1895.254 411.4279
1887.382 411.5412
1881.427 411.6406
1874.876 411.7595
1867.926 411.9079
1860.223 412.0892
1852.769 412.279
1845.676 412.4933
1838.749 412.7015
1832.18 412.9579
1823.503 413.1937
1819.041 413.7459
1815.075 414.0189
1810.607 414.3115
1806.353 414.5498
1802.028 414.7717
1797.69 414.9505
1793.812 415.1039
1789.468 415.2539
1785.181 415.4017
1780.567 415.5373
1776.678 415.6673
1771.031 415.7917
1761.766 415.8882
1756.057 416.0291
1752.134 416.0818
1747.629 416.1512
1733.271 416.2536
1731.353 416.2539
1726.376 416.2552
1721.734 416.2404
1718.138 416.2243
1715.468 416.2354
1714.26 416.285
1714.057 416.355
1713.956 416.4343
1713.823 416.5145
1713.792 416.5617
1713.756 416.611
1713.739 416.6307
1713.613 416.7664
1713.466 417.0068
1713.443 417.3517
1716.776 417.7931
1719.967 418.0414
1726.006 418.3275
1740.32 418.632
1748.257 419.3429
1753.286 419.5806
1760.367 419.8659
1767.346 420.1323
1774.189 420.3584
1780.491 420.5641
1787.429 420.7432
1794.331 420.9141
1801.596 421.0959
1808.562 421.3029
1815.43 421.4834
1824.396 421.7109
1836.882 421.8527
1844.596 422.1177
1850.205 422.2233
1857.734 422.3341
1864.486 422.4549
1870.612 422.5794
1877.899 422.6922
1885.073 422.7609
1892.665 422.7816
1899.531 422.7725
1906.629 422.7234
1913.892 422.6448
1923.366 422.5303
1939.001 422.4473
1945.253 422.3889
1699.984 400.4272
1699.919 400.2959
1699.894 400.2122
1699.966 400.0548
1700.069 399.9579
1700.239 399.825
1700.465 399.6828
1700.721 399.5547
1700.988 399.4399
1701.249 399.3481
1701.43 399.2805
1701.615 399.2274
1701.803 399.1841
1702.03 399.1315
1702.334 399.0593
1702.59 398.9928
1703.254 398.8909
1703.494 398.874
1703.847 398.8398
1704.19 398.8149
1704.569 398.7971
1704.915 398.7891
1705.178 398.7926
1705.377 398.7995
1705.546 398.8213
1705.673 398.8791
1705.733 398.9377
1705.787 399.0342
1705.847 399.1149
1706.045 399.2952
1706.115 399.3674
1706.153 399.4551
1706.148 399.542
1706.047 399.6256
1705.878 399.7135
1705.669 399.7798
1705.452 399.8403
1705.168 399.9049
1704.9 399.9569
1704.578 400.0361
1704.235 400.1437
1703.954 400.2506
1703.367 400.4927
1703.183 400.5747
1702.938 400.6909
1702.681 400.8071
1702.411 400.9245
1702.165 401.0384
1701.967 401.1551
1701.764 401.2625
1701.57 401.3679
1701.391 401.4808
1701.2 401.6115
1701.016 401.763
1700.882 401.8451
1700.679 401.9434
1700.625 401.971
1700.589 402.0122
1700.534 402.0779
1700.5 402.1759
1700.498 402.2695
1700.521 402.3693
1700.58 402.4743
1700.626 402.5521
1700.68 402.6175
1700.732 402.6712
1700.855 402.7108
1700.972 402.7611
1701.269 402.8786
1701.385 402.9375
1701.534 403.0309
1701.676 403.1009
1701.839 403.1628
1702.079 403.1984
1702.345 403.208
1702.64 403.1758
1702.962 403.1255
1703.286 403.0571
1703.618 402.998
1703.944 402.9795
1704.135 403.0161
1704.519 403.1294
1704.672 403.1693
1704.823 403.2209
1704.975 403.2536
1705.135 403.2781
1705.326 403.2783
1705.534 403.2972
1705.686 403.3275
1705.821 403.3859
1705.921 403.4541
1705.973 403.535
1706.019 403.6146
1706.07 403.6608
1706.15 403.7455
1706.174 403.783
1706.134 403.8511
1706.051 403.9075
1705.955 403.9668
1705.853 404.0215
1705.714 404.0788
1705.621 404.1335
1705.52 404.2077
1705.433 404.2754
1705.382 404.3465
1705.322 404.4264
1705.297 404.4881
1705.307 404.6262
1705.287 404.6688
1705.233 404.7113
1705.199 404.7332
1705.139 404.7538
1705.062 404.7614
1705.009 404.7523
1704.95 404.7476
1704.895 404.7534
1704.869 404.7536
1704.802 404.7476
1704.705 404.7168
1704.632 404.6945
1704.573 404.5887
1704.565 404.5392
1704.588 404.4823
1704.643 404.4587
1704.695 404.451
1704.736 404.4482
1704.769 404.4303
1704.787 404.407
1704.833 404.3748
1704.955 404.3273
1705.065 404.277
1705.235 404.207
1705.402 404.1686
1705.775 404.1235
1705.928 404.1084
1706.044 404.1178
1706.108 404.1393
1706.132 404.1898
1706.13 404.2401
1706.068 404.3145
1705.973 404.3781
1705.921 404.4247
1705.855 404.4611
1705.75 404.4901
1705.631 404.5342
1705.54 404.5786
1705.377 404.7192
1705.313 404.7897
1705.161 404.9165
1705.022 405.0441
1704.884 405.1704
1704.724 405.2993
1704.552 405.4354
1704.388 405.5653
1704.205 405.7241
1703.975 405.8958
1703.647 406.084
1703.133 406.3434
1702.789 406.5436
1702.157 406.9191
1701.99 407.0327
1701.766 407.2165
1701.58 407.4041
1701.433 407.5877
1701.341 407.7562
1701.294 407.9334
1701.224 408.0913
1701.151 408.2225
1701.036 408.3356
1702.284 408.4557
1707.2 408.5818
1719.791 408.6969
1725.744 408.9025
1731.106 408.9733
1739.011 409.0589
1746.084 409.1198
1752.81 409.1475
1760.516 409.1437
1767.437 409.1203
1774.817 409.0887
1781.978 409.0742
1789.588 409.0822
1797.277 409.0977
1806.22 409.1077
1818.583 409.1011
1827.293 409.0898
1833.066 409.0931
1840.329 409.1087
1847.957 409.1564
1855.609 409.252
1862.661 409.3836
1869.85 409.5456
1877.613 409.7188
1885.416 409.9015
1892.572 410.0653
1900.045 410.182
1908.913 410.2599
1922.09 410.285
1929.587 410.3001
1933.578 410.2952
1938.383 410.2619
1941.82 410.1836
1943.714 410.0573
1944.22 409.8997
1943.928 409.7271
1943.646 409.5313
1943.64 409.3486
1943.785 409.1862
1944.049 409.0739
1944.441 409.0146
1944.821 409.0197
1945.596 409.168
1945.83 409.2593
1946.062 409.4227
1946.156 409.5897
1946.131 409.7449
1945.932 409.8864
1945.435 410.0059
1944.431 410.1007
1942.407 410.166
1939.551 410.2319
1935.811 410.3286
1929.656 410.5233
1916.431 410.7137
1908.902 411.1445
1902.728 411.2852
1895.254 411.4279
1887.382 411.5412
1881.427 411.6406
1874.876 411.7595
1867.926 411.9079
1860.223 412.0892
1852.769 412.279
1845.676 412.4933
1838.749 412.7015
1832.18 412.9579
1823.503 413.1937
1819.041 413.7459
1815.075 414.0189
1810.607 414.3115
1806.353 414.5498
1802.028 414.7717
1797.69 414.9505
1793.812 415.1039
1789.468 415.2539
1785.181 415.4017
1780.567 415.5373
1776.678 415.6673
1771.031 415.7917
1761.766 415.8882
1756.057 416.0291
1752.134 416.0818
1747.629 416.1512
1733.271 416.2536
1731.353 416.2539
1726.376 416.2552
1721.734 416.2404
1718.138 416.2243
1715.468 416.2354
1714.26 416.285
1714.057 416.355
1713.956 416.4343
1713.823 416.5145
1713.792 416.5617
1713.756 416.611
1713.739 416.6307
1713.613 416.7664
1713.466 417.0068
1713.443 417.3517
1716.776 417.7931
1719.967 418.0414
1726.006 418.3275
1740.32 418.632
1748.257 419.3429
1753.286 419.5806
1760.367 419.8659
1767.346 420.1323
1774.189 420.3584
1780.491 420.5641
1787.429 420.7432
1794.331 420.9141
1801.596 421.0959
1808.562 421.3029
1815.43 421.4834
1824.396 421.7109
1836.882 421.8527
1844.596 422.1177
1850.205 422.2233
1857.734 422.3341
1864.486 422.4549
1870.612 422.5794
1877.899 422.6922
1885.073 422.7609
1892.665 422.7816
1899.531 422.7725
1906.629 422.7234
1913.892 422.6448
1923.366 422.5303
1939.001 422.4473
1945.253 422.3889
1950.112 422.4019
1957.733 422.4246
1965.556 422.4529
1972.606 422.4884
1980.405 422.5135
1987.827 422.5345
1994.853 422.5513
2002.775 422.5956
2010.472 422.672
2018.573 422.7598
2028.285 422.8893
2041.555 422.9873
2051.043 423.2135
2056.908 423.298
2064.835 423.4095
2072.357 423.5218
2079.802 423.6318
2087.294 423.7396
2095.025 423.8285
2102.427 423.9207
2109.976 424.0086
2117.832 424.1058
2124.617 424.2018
2133.69 424.3206
2144.52 424.4153
2147.897 424.5949
2149.248 424.6479
2149.448 424.707
2149.598 424.7534
2149.741 424.7856
2149.839 424.825
2149.911 424.8753
2149.919 424.9401
2149.881 425.0054
2149.821 425.0631
2149.707 425.098
2149.523 425.1152
2149.387 425.1068
2149.045 425.0895
2148.891 425.1052
2148.602 425.1606
2147.302 425.2228
2144.771 425.2654
2140.137 425.286
2133.999 425.2838
2128.132 425.2632
2121.587 425.2585
2115.393 425.2731
2108.126 425.3154
2099.749 425.3817
2087.241 425.4351
2080.465 425.4775
2075.667 425.4668
2069.059 425.4502
2062.124 425.4754
2055.87 425.5192
2049.804 425.5631
2043.307 425.612
2036.586 425.6703
2030.209 425.7495
2024.392 425.8346
2018.918 425.9256
2012.03 426.0505
1999.628 426.1432
1994.993 426.2559
1991.22 426.2479
1985.659 426.2034
1979.928 426.1443
1974.713 426.0928
1969.93 426.0663
1964.303 426.0601
1960.094 426.0566
1955.606 426.0422
1950.781 426.0283
1946.291 425.995
1940.614 425.9336
1930.668 425.8761
1926.245 425.8213
1923.055 425.8107
1917.653 425.8078
1912.627 425.7979
1906.934 425.792
1901.454 425.7884
1896.323 425.7852
1891.265 425.798
1885.907 425.8224
1880.145 425.8477
1874.641 425.8875
1867.139 425.9565
1858.035 426.0134
1851.09 426.1909
1846.684 426.2632
1840.607 426.3451
1834.908 426.4025
1830.619 426.4635
1827.967 426.5379
1827.916 426.6035
1827.946 426.6479
1827.972 426.6844
1827.971 426.7036
1827.946 426.7095
1827.865 426.6992
1827.793 426.6712
1827.658 426.6095
1827.577 426.5972
1827.446 426.5739
1827.283 426.5534
1827.143 426.5329
1827.029 426.5041
1826.987 426.4759
1826.937 426.4373
1826.917 426.4023
1826.938 426.3641
1826.951 426.3327
1826.947 426.2918
1826.945 426.2542
1826.786 426.2065
1826.699 426.1932
1826.586 426.1823
1826.479 426.1668
1826.4 426.1357
1826.356 426.0771
1826.289 426.0104
1826.191 425.9427
1826.064 425.8916
1825.939 425.8701
1825.785 425.8617
1825.583 425.8558
1825.349 425.8735
1824.79 425.9009
1824.598 425.8716
1824.259 425.7829
1823.86 425.6522
1823.423 425.5327
1822.944 425.4196
1822.378 425.2876
1821.875 425.1139
1821.419 424.9185
1820.956 424.7257
1820.559 424.5339
1820.206 424.2357
1819.975 423.9479
1819.594 423.2928
1819.378 422.985
1819.022 422.5728
1818.543 422.159
1817.918 421.7184
1817.294 421.307
1816.653 420.8789
1815.964 420.396
1815.256 419.8753
1814.624 419.2977
1814.11 418.6422
1813.695 417.7992
1813.404 417.0101
1813.035 415.3008
1812.916 414.6479
1812.682 413.8472
1812.338 413.1514
1811.764 412.6422
1810.896 412.3578
1809.67 412.2668
1808.076 412.3096
1806.199 412.4647
1804.538 412.763
1803.015 413.2248
1801.349 414.1598
1800.205 415.2516
1798.7 418.3574
1798.285 419.8318
1797.646 422.028
1796.859 424.2716
1796.097 426.4792
1795.405 428.6777
1794.802 430.9611
1794.256 433.1857
1793.577 435.4051
1792.744 437.3548
1791.974 438.8558
1791.115 439.9595
1790.531 440.1219
1789.516 439.2258
1789.002 438.5342
1788.165 437.388
1787.337 436.0246
1786.677 434.3361
1786.363 432.4165
1786.375 430.0544
1786.701 427.2834
1787.3 424.2313
1788.148 421.0479
1789.266 417.7401
1790.58 414.1724
1791.685 411.3605
1794.198 405.5432
1795.187 403.6004
1796.875 400.7814
1798.696 398.1807
1800.596 395.7195
1802.466 393.4647
1804.362 391.4373
1806.299 389.633
1808.457 387.9435
1810.453 386.5615
1812.419 385.2993
1814.664 383.9385
1816.319 383.027
1819.435 381.5311
1820.481 381.1315
1821.804 380.7495
1823.005 380.5305
1824.015 380.4691
1824.927 380.5929
1825.854 380.8206
1826.768 381.1574
1827.805 381.5244
1828.817 381.9103
1829.929 382.3138
1831.323 382.7635
1832.638 383.0139
1835.806 383.1833
1837.158 383.2365
1838.495 383.3068
1839.492 383.4061
1840.317 383.561
1840.867 383.8032
1841.328 384.1257
1841.719 384.5269
1842.12 384.937
1842.568 385.3836
1843.089 385.862
1843.788 386.5389
1844.279 387.1753
1844.752 388.3447
1844.851 388.7112
1845.001 389.3465
1845.061 389.9717
1844.981 390.5397
1844.777 390.9909
1844.593 391.3328
1844.312 391.6701
1843.819 392.0028
1842.983 392.3167
1841.67 392.6564
1839.176 393.1348
1836.003 393.3973
1831.705 393.9053
1828.913 394.0443
1824.062 394.1649
1818.384 394.2599
1813.224 394.3542
1807.831 394.4756
1802.142 394.5913
1796.602 394.6958
1790.89 394.7966
1784.756 394.9033
1778.841 395
1771.285 395.1292
1759.747 395.2897
1751.441 395.8578
1745.594 396.1922
1739.164 396.6043
1732.474 396.9706
1725.829 397.324
1718.543 397.7173
1711.462 398.2085
1703.663 398.7757
1696.063 399.355
1687.651 399.9689
1680.147 400.6102
1669.797 401.418
1654.169 402.1411
1645.221 403.5026
1639.202 403.9842
1631.471 404.729
1623.513 405.4681
1615.538 406.2201
1607.298 406.9595
1600.199 407.6003
1593.097 408.2189
1585.413 408.8528
1577.222 409.4992
1570.137 410.0921
1560.506 410.8294
1547.344 411.3425
1538.22 412.0498
1533.125 412.221
1526.274 412.4261
1518.733 412.5945
1512.148 412.7301
1504.451 412.8079
1497.843 412.8566
1491.056 412.853
1484.831 412.8275
1477.975 412.8078
1471.1 412.779
1462.551 412.7358
1448.62 412.7072
1443.06 412.6299
1438.368 412.6058
1950.112 422.4019
1957.733 422.4246
1965.556 422.4529
1972.606 422.4884
1980.405 422.5135
1987.827 422.5345
1994.853 422.5513
2002.775 422.5956
2010.472 422.672
2018.573 422.7598
2028.285 422.8893
2041.555 422.9873
2051.043 423.2135
2056.908 423.298
2064.835 423.4095
2072.357 423.5218
2079.802 423.6318
2087.294 423.7396
2095.025 423.8285
2102.427 423.9207
2109.976 424.0086
2117.832 424.1058
2124.617 424.2018
2133.69 424.3206
2144.52 424.4153
2147.897 424.5949
2149.248 424.6479
2149.448 424.707
2149.598 424.7534
2149.741 424.7856
2149.839 424.825
2149.911 424.8753
2149.919 424.9401
2149.881 425.0054
2149.821 425.0631
2149.707 425.098
2149.523 425.1152
2149.387 425.1068
2149.045 425.0895
2148.891 425.1052
2148.602 425.1606
2147.302 425.2228
2144.771 425.2654
2140.137 425.286
2133.999 425.2838
2128.132 425.2632
2121.587 425.2585
2115.393 425.2731
2108.126 425.3154
2099.749 425.3817
2087.241 425.4351
2080.465 425.4775
2075.667 425.4668
2069.059 425.4502
2062.124 425.4754
2055.87 425.5192
2049.804 425.5631
2043.307 425.612
2036.586 425.6703
2030.209 425.7495
2024.392 425.8346
2018.918 425.9256
2012.03 426.0505
1999.628 426.1432
1994.993 426.2559
1991.22 426.2479
1985.659 426.2034
1979.928 426.1443
1974.713 426.0928
1969.93 426.0663
1964.303 426.0601
1960.094 426.0566
1955.606 426.0422
1950.781 426.0283
1946.291 425.995
1940.614 425.9336
1930.668 425.8761
1926.245 425.8213
1923.055 425.8107
1917.653 425.8078
1912.627 425.7979
1906.934 425.792
1901.454 425.7884
1896.323 425.7852
1891.265 425.798
1885.907 425.8224
1880.145 425.8477
1874.641 425.8875
1867.139 425.9565
1858.035 426.0134
1851.09 426.1909
1846.684 426.2632
1840.607 426.3451
1834.908 426.4025
1830.619 426.4635
1827.967 426.5379
1827.916 426.6035
1827.946 426.6479
1827.972 426.6844
1827.971 426.7036
1827.946 426.7095
1827.865 426.6992
1827.793 426.6712
1827.658 426.6095
1827.577 426.5972
1827.446 426.5739
1827.283 426.5534
1827.143 426.5329
1827.029 426.5041
1826.987 426.4759
1826.937 426.4373
1826.917 426.4023
1826.938 426.3641
1826.951 426.3327
1826.947 426.2918
1826.945 426.2542
1826.786 426.2065
1826.699 426.1932
1826.586 426.1823
1826.479 426.1668
1826.4 426.1357
1826.356 426.0771
1826.289 426.0104
1826.191 425.9427
1826.064 425.8916
1825.939 425.8701
1825.785 425.8617
1825.583 425.8558
1825.349 425.8735
1824.79 425.9009
1824.598 425.8716
1824.259 425.7829
1823.86 425.6522
1823.423 425.5327
1822.944 425.4196
1822.378 425.2876
1821.875 425.1139
1821.419 424.9185
1820.956 424.7257
1820.559 424.5339
1820.206 424.2357
1819.975 423.9479
1819.594 423.2928
1819.378 422.985
1819.022 422.5728
1818.543 422.159
1817.918 421.7184
1817.294 421.307
1816.653 420.8789
1815.964 420.396
1815.256 419.8753
1814.624 419.2977
1814.11 418.6422
1813.695 417.7992
1813.404 417.0101
1813.035 415.3008
1812.916 414.6479
1812.682 413.8472
1812.338 413.1514
1811.764 412.6422
1810.896 412.3578
1809.67 412.2668
1808.076 412.3096
1806.199 412.4647
1804.538 412.763
1803.015 413.2248
1801.349 414.1598
1800.205 415.2516
1798.7 418.3574
1798.285 419.8318
1797.646 422.028
1796.859 424.2716
1796.097 426.4792
1795.405 428.6777
1794.802 430.9611
1794.256 433.1857
1793.577 435.4051
1792.744 437.3548
1791.974 438.8558
1791.115 439.9595
1790.531 440.1219
1789.516 439.2258
1789.002 438.5342
1788.165 437.388
1787.337 436.0246
1786.677 434.3361
1786.363 432.4165
1786.375 430.0544
1786.701 427.2834
1787.3 424.2313
1788.148 421.0479
1789.266 417.7401
1790.58 414.1724
1791.685 411.3605
1794.198 405.5432
1795.187 403.6004
1796.875 400.7814
1798.696 398.1807
1800.596 395.7195
1802.466 393.4647
1804.362 391.4373
1806.299 389.633
1808.457 387.9435
1810.453 386.5615
1812.419 385.2993
1814.664 383.9385
1816.319 383.027
1819.435 381.5311
1820.481 381.1315
1821.804 380.7495
1823.005 380.5305
1824.015 380.4691
1824.927 380.5929
1825.854 380.8206
1826.768 381.1574
1827.805 381.5244
1828.817 381.9103
1829.929 382.3138
1831.323 382.7635
1832.638 383.0139
1835.806 383.1833
1837.158 383.2365
1838.495 383.3068
1839.492 383.4061
1840.317 383.561
1840.867 383.8032
1841.328 384.1257
1841.719 384.5269
1842.12 384.937
1842.568 385.3836
1843.089 385.862
1843.788 386.5389
1844.279 387.1753
1844.752 388.3447
1844.851 388.7112
1845.001 389.3465
1845.061 389.9717
1844.981 390.5397
1844.777 390.9909
1844.593 391.3328
1844.312 391.6701
1843.819 392.0028
1842.983 392.3167
1841.67 392.6564
1839.176 393.1348
1836.003 393.3973
1831.705 393.9053
1828.913 394.0443
1824.062 394.1649
1818.384 394.2599
1813.224 394.3542
1807.831 394.4756
1802.142 394.5913
1796.602 394.6958
1790.89 394.7966
1784.756 394.9033
1778.841 395
1771.285 395.1292
1759.747 395.2897
1751.441 395.8578
1745.594 396.1922
1739.164 396.6043
1732.474 396.9706
1725.829 397.324
1718.543 397.7173
1711.462 398.2085
1703.663 398.7757
1696.063 399.355
1687.651 399.9689
1680.147 400.6102
1669.797 401.418
1654.169 402.1411
1645.221 403.5026
1639.202 403.9842
1631.471 404.729
1623.513 405.4681
1615.538 406.2201
1607.298 406.9595
1600.199 407.6003
1593.097 408.2189
1585.413 408.8528
1577.222 409.4992
1570.137 410.0921
1560.506 410.8294
1547.344 411.3425
1538.22 412.0498
1533.125 412.221
1526.274 412.4261
1518.733 412.5945
1512.148 412.7301
1504.451 412.8079
1497.843 412.8566
1491.056 412.853
1484.831 412.8275
1477.975 412.8078
1471.1 412.779
1462.551 412.7358
1448.62 412.7072
1443.06 412.6299
1438.368 412.6058
