1920 480
1920 480
1964.639 511.3507
1972.839 511.967
1977.494 512.3408
1982.402 512.7587
1987.526 513.1809
1993.069 513.6079
1998.814 513.9713
2004.296 514.2839
2009.917 514.6624
2015.367 515.0372
2026.093 515.8985
2030.453 516.173
2034.332 516.4558
2037.689 516.7256
2040.634 517.0245
2042.768 517.3211
2044.577 517.6453
2045.885 517.96
2046.716 518.2577
2046.663 518.7749
2045.912 518.8806
2044.696 518.9319
2043.302 518.9969
2041.635 519.0266
2039.735 518.9708
2037.624 518.8575
2035.235 518.7003
2032.738 518.4425
2030.053 518.2031
2027.339 517.9299
2024.609 517.638
2021.915 517.3587
2019.499 517.0934
2017.177 516.8817
2018.233 516.9943
2016.146 516.8074
2014.397 516.6581
2012.854 516.5408
2011.62 516.4597
2010.699 516.4199
2010.088 516.4229
2009.807 516.444
2009.839 516.4711
2010.132 516.4853
2010.66 516.4816
2011.374 516.4391
2012.195 516.3657
2012.998 516.2794
2013.838 516.1753
2014.643 516.0748
2015.417 515.9708
2016.081 515.8818
2016.654 515.7748
2017.099 515.6742
2017.434 515.593
2017.661 515.5485
2017.776 515.5254
2017.779 515.5211
2017.698 515.5285
2017.572 515.5179
2017.387 515.5213
2017.141 515.5382
2016.856 515.5638
2016.553 515.6282
2016.204 515.7222
2015.838 515.8325
2015.416 515.9706
2014.923 516.1
2014.414 516.1979
2013.92 516.2576
2013.382 516.3016
2012.72 516.347
2012.057 516.3878
2011.263 516.4618
2010.446 516.5633
2009.598 516.7026
2008.717 516.8734
2007.905 517.0401
2007.108 517.2169
2006.383 517.3993
2005.702 517.6104
2005.123 517.7863
2004.738 517.8969
2004.499 517.8976
2004.402 517.8132
2004.388 517.7388
2004.451 517.7001
2004.513 517.7319
2004.559 517.871
2004.543 518.0908
2004.412 518.3886
2004.13 518.7067
2003.71 519.0457
2003.179 519.4137
2002.534 519.8188
2001.743 520.2864
2000.778 520.7791
1999.59 521.3041
1998.306 521.7618
1996.863 522.2234
1995.336 522.6588
1993.724 523.0777
1992.031 523.4815
1990.221 523.8583
1988.265 524.2644
1986.242 524.6473
1984.187 525.0408
1982.144 525.4388
1980.091 525.8959
1978.021 526.3982
1975.932 526.9561
1973.836 527.5318
1971.865 528.0508
1970.092 528.4767
1968.465 528.7742
1967.017 529.0042
1965.654 529.1633
1964.442 529.2278
1963.355 529.2971
1962.432 529.4103
1961.785 529.7588
1961.332 530.3799
1960.961 531.1542
1960.69 531.8884
1960.568 532.6146
1960.613 533.3129
1960.822 533.9719
1961.091 534.5422
1961.342 535.0264
1961.453 535.6233
1961.536 536.3121
1961.425 537.0082
1961.207 537.7061
1961.281 538.208
1961.125 538.7678
1961.661 539.3373
1963.098 540.2747
1964.126 541.241
1964.851 541.8742
1965.573 542.2435
1965.827 542.5942
1965.166 543.0848
1964.554 543.6498
1964.367 544.1688
1963.883 544.5423
1962.941 544.7776
1962.09 544.9996
1961.003 545.4941
1960.066 546.1353
1959.07 546.7603
1957.638 547.2537
1956.606 547.938
1956.253 548.4873
1956.303 549.0599
1956.266 549.4726
1956.083 549.8568
1956.2 550.0794
1956.052 549.9332
1955.762 549.7847
1955.594 549.4939
1955.456 549.2474
1955.538 549.3643
1955.737 549.4291
1955.906 549.2346
1956.009 548.9183
1955.979 548.5301
1955.658 548.0397
1955.146 547.6569
1954.796 547.2798
1954.612 546.877
1954.613 546.5568
1954.741 546.27
1954.811 545.993
1954.671 545.93
1954.452 545.9879
1954.274 545.9979
1954.125 545.9799
1953.953 545.985
1953.802 545.9832
1953.893 546.0048
1954.241 546.1168
1954.731 546.2081
1955.228 546.2339
1955.474 546.1683
1955.502 546.1483
1955.425 546.1063
1955.344 545.8858
1955.335 545.8618
1955.453 545.9305
1955.335 545.8645
1955.225 545.8351
1955.092 545.6603
1954.907 545.5535
1954.795 545.4957
1954.731 545.3902
1954.592 545.4662
1954.385 545.4271
1954.105 545.4538
1953.902 545.6389
1953.76 545.6025
1953.527 545.5556
1953.235 545.6161
1953.159 545.6212
1953.018 545.613
1952.829 545.5953
1952.774 545.4203
1952.765 545.3063
1952.714 545.2253
1952.601 545.061
1952.368 544.918
1952.117 544.9835
1951.96 545.0341
1951.815 545.1075
1951.782 545.183
1951.778 545.2317
1951.778 545.3095
1951.909 545.3489
1952.032 545.3475
1952.109 545.3605
1952.064 545.4064
1951.919 545.6473
1951.915 545.8055
1951.931 545.826
1951.906 545.8915
1951.749 545.9428
1951.549 545.9719
1951.54 545.9745
1951.521 545.8861
1951.456 545.8741
1951.459 545.842
1951.435 545.7366
1951.354 545.5959
1951.299 545.4965
1951.288 545.5177
1951.379 545.6906
1951.472 545.7501
1951.358 545.9156
1951.244 546.1411
1951.318 546.1976
1951.405 546.2272
1951.469 546.2316
1951.57 546.1812
1951.663 546.269
1951.747 546.4321
1951.732 546.6055
1951.773 546.84
1951.762 546.9444
1951.684 547.0095
1951.566 547.0421
1951.574 547.0454
1951.694 547.0449
1951.708 547.0497
1951.728 547.0931
1951.934 547.2181
1952.147 547.2441
1952.214 547.1282
1952.087 547.0763
1952.032 547.1461
1952.002 547.2641
1952.049 547.3244
1952.051 547.3613
1951.973 547.46
1951.959 547.5133
1951.997 547.4988
1952.059 547.5086
1952.108 547.5357
1952.147 547.5242
1952.146 547.4689
1952.074 547.5438
1951.888 547.7556
1951.702 547.924
1951.574 547.989
1951.42 548.0687
1951.201 548.2188
1951.035 548.3153
1951.042 548.3576
1951.18 548.4205
1951.326 548.4572
1951.386 548.4347
1951.353 548.4355
1951.304 548.4509
1951.196 548.45
1951.165 548.4217
1951.077 548.3867
1950.998 548.349
1950.819 548.3383
1950.61 548.3647
1950.402 548.4238
1950.255 548.4681
1950.176 548.4929
1950.171 548.5356
1950.223 548.5699
1950.28 548.609
1950.33 548.6373
1950.371 548.6573
1950.446 548.7034
1950.515 548.7775
1950.643 548.8647
1920 480
1920 480
1964.639 511.3507
1972.839 511.967
1977.494 512.3408
1982.402 512.7587
1987.526 513.1809
1993.069 513.6079
1998.814 513.9713
2004.296 514.2839
2009.917 514.6624
2015.367 515.0372
2026.093 515.8985
2030.453 516.173
2034.332 516.4558
2037.689 516.7256
2040.634 517.0245
2042.768 517.3211
2044.577 517.6453
2045.885 517.96
2046.716 518.2577
2046.663 518.7749
2045.912 518.8806
2044.696 518.9319
2043.302 518.9969
2041.635 519.0266
2039.735 518.9708
2037.624 518.8575
2035.235 518.7003
2032.738 518.4425
2030.053 518.2031
2027.339 517.9299
2024.609 517.638
2021.915 517.3587
2019.499 517.0934
2017.177 516.8817
2018.233 516.9943
2016.146 516.8074
2014.397 516.6581
2012.854 516.5408
2011.62 516.4597
2010.699 516.4199
2010.088 516.4229
2009.807 516.444
2009.839 516.4711
2010.132 516.4853
2010.66 516.4816
2011.374 516.4391
2012.195 516.3657
2012.998 516.2794
2013.838 516.1753
2014.643 516.0748
2015.417 515.9708
2016.081 515.8818
2016.654 515.7748
2017.099 515.6742
2017.434 515.593
2017.661 515.5485
2017.776 515.5254
2017.779 515.5211
2017.698 515.5285
2017.572 515.5179
2017.387 515.5213
2017.141 515.5382
2016.856 515.5638
2016.553 515.6282
2016.204 515.7222
2015.838 515.8325
2015.416 515.9706
2014.923 516.1
2014.414 516.1979
2013.92 516.2576
2013.382 516.3016
2012.72 516.347
2012.057 516.3878
2011.263 516.4618
2010.446 516.5633
2009.598 516.7026
2008.717 516.8734
2007.905 517.0401
2007.108 517.2169
2006.383 517.3993
2005.702 517.6104
2005.123 517.7863
2004.738 517.8969
2004.499 517.8976
2004.402 517.8132
2004.388 517.7388
2004.451 517.7001
2004.513 517.7319
2004.559 517.871
2004.543 518.0908
2004.412 518.3886
2004.13 518.7067
2003.71 519.0457
2003.179 519.4137
2002.534 519.8188
2001.743 520.2864
2000.778 520.7791
1999.59 521.3041
1998.306 521.7618
1996.863 522.2234
1995.336 522.6588
1993.724 523.0777
1992.031 523.4815
1990.221 523.8583
1988.265 524.2644
1986.242 524.6473
1984.187 525.0408
1982.144 525.4388
1980.091 525.8959
1978.021 526.3982
1975.932 526.9561
1973.836 527.5318
1971.865 528.0508
1970.092 528.4767
1968.465 528.7742
1967.017 529.0042
1965.654 529.1633
1964.442 529.2278
1963.355 529.2971
1962.432 529.4103
1961.785 529.7588
1961.332 530.3799
1960.961 531.1542
1960.69 531.8884
1960.568 532.6146
1960.613 533.3129
1960.822 533.9719
1961.091 534.5422
1961.342 535.0264
1961.453 535.6233
1961.536 536.3121
1961.425 537.0082
1961.207 537.7061
1961.281 538.208
1961.125 538.7678
1961.661 539.3373
1963.098 540.2747
1964.126 541.241
1964.851 541.8742
1965.573 542.2435
1965.827 542.5942
1965.166 543.0848
1964.554 543.6498
1964.367 544.1688
1963.883 544.5423
1962.941 544.7776
1962.09 544.9996
1961.003 545.4941
1960.066 546.1353
1959.07 546.7603
1957.638 547.2537
1956.606 547.938
1956.253 548.4873
1956.303 549.0599
1956.266 549.4726
1956.083 549.8568
1956.2 550.0794
1956.052 549.9332
1955.762 549.7847
1955.594 549.4939
1955.456 549.2474
1955.538 549.3643
1955.737 549.4291
1955.906 549.2346
1956.009 548.9183
1955.979 548.5301
1955.658 548.0397
1955.146 547.6569
1954.796 547.2798
1954.612 546.877
1954.613 546.5568
1954.741 546.27
1954.811 545.993
1954.671 545.93
1954.452 545.9879
1954.274 545.9979
1954.125 545.9799
1953.953 545.985
1953.802 545.9832
1953.893 546.0048
1954.241 546.1168
1954.731 546.2081
1955.228 546.2339
1955.474 546.1683
1955.502 546.1483
1955.425 546.1063
1955.344 545.8858
1955.335 545.8618
1955.453 545.9305
1955.335 545.8645
1955.225 545.8351
1955.092 545.6603
1954.907 545.5535
1954.795 545.4957
1954.731 545.3902
1954.592 545.4662
1954.385 545.4271
1954.105 545.4538
1953.902 545.6389
1953.76 545.6025
1953.527 545.5556
1953.235 545.6161
1953.159 545.6212
1953.018 545.613
1952.829 545.5953
1952.774 545.4203
1952.765 545.3063
1952.714 545.2253
1952.601 545.061
1952.368 544.918
1952.117 544.9835
1951.96 545.0341
1951.815 545.1075
1951.782 545.183
1951.778 545.2317
1951.778 545.3095
1951.909 545.3489
1952.032 545.3475
1952.109 545.3605
1952.064 545.4064
1951.919 545.6473
1951.915 545.8055
1951.931 545.826
1951.906 545.8915
1951.749 545.9428
1951.549 545.9719
1951.54 545.9745
1951.521 545.8861
1951.456 545.8741
1951.459 545.842
1951.435 545.7366
1951.354 545.5959
1951.299 545.4965
1951.288 545.5177
1951.379 545.6906
1951.472 545.7501
1951.358 545.9156
1951.244 546.1411
1951.318 546.1976
1951.405 546.2272
1951.469 546.2316
1951.57 546.1812
1951.663 546.269
1951.747 546.4321
1951.732 546.6055
1951.773 546.84
1951.762 546.9444
1951.684 547.0095
1951.566 547.0421
1951.574 547.0454
1951.694 547.0449
1951.708 547.0497
1951.728 547.0931
1951.934 547.2181
1952.147 547.2441
1952.214 547.1282
1952.087 547.0763
1952.032 547.1461
1952.002 547.2641
1952.049 547.3244
1952.051 547.3613
1951.973 547.46
1951.959 547.5133
1951.997 547.4988
1952.059 547.5086
1952.108 547.5357
1952.147 547.5242
1952.146 547.4689
1952.074 547.5438
1951.888 547.7556
1951.702 547.924
1951.574 547.989
1951.42 548.0687
1951.201 548.2188
1951.035 548.3153
1951.042 548.3576
1951.18 548.4205
1951.326 548.4572
1951.386 548.4347
1951.353 548.4355
1951.304 548.4509
1951.196 548.45
1951.165 548.4217
1951.077 548.3867
1950.998 548.349
1950.819 548.3383
1950.61 548.3647
1950.402 548.4238
1950.255 548.4681
1950.176 548.4929
1950.171 548.5356
1950.223 548.5699
1950.28 548.609
1950.33 548.6373
1950.371 548.6573
1950.446 548.7034
1950.515 548.7775
1950.643 548.8647
1950.792 548.9456
1950.892 549.0132
1950.926 549.0753
1950.93 549.1337
1950.994 549.1605
1951.049 549.187
1951.123 549.2491
1951.226 549.3617
1951.343 549.4897
1951.44 549.5904
1951.482 549.6352
1951.476 549.6564
1951.45 549.6848
1951.383 549.735
1951.343 549.7597
1951.38 549.7544
1951.439 549.7651
1951.505 549.775
1951.558 549.7765
1951.625 549.7706
1951.696 549.7444
1951.773 549.7118
1951.842 549.7063
1951.919 549.7184
1952.014 549.7344
1952.109 549.7243
1952.197 549.7017
1952.247 549.666
1952.295 549.6254
1952.348 549.5864
1952.415 549.5301
1952.497 549.4869
1952.566 549.4797
1952.591 549.5165
1952.568 549.5618
1952.522 549.5685
1952.459 549.548
1952.377 549.5207
1952.332 549.5118
1952.286 549.5324
1952.267 549.5833
1952.307 549.6205
1952.353 549.6556
1952.42 549.6888
1952.497 549.747
1952.554 549.8132
1952.598 549.8524
1952.651 549.8445
1952.67 549.7487
1952.608 549.5714
1952.426 549.4243
1952.176 549.326
1951.847 549.1986
1951.458 548.9537
1950.955 548.6191
1950.423 548.3651
1949.937 548.195
1949.557 548.04
1949.309 547.8879
1949.194 547.7284
1949.211 547.5849
1949.24 547.5032
1949.201 547.474
1949.05 547.4357
1948.823 547.3613
1948.624 547.2633
1948.602 547.1443
1948.766 546.9772
1948.986 546.7628
1949.175 546.533
1949.323 546.2955
1949.406 546.0733
1949.41 545.9056
1949.365 545.7819
1949.336 545.7324
1949.262 545.7823
1949.032 545.9995
1948.681 546.3298
1948.221 546.7169
1947.76 547.0281
1947.394 547.3029
1947.177 547.5112
1947.093 547.652
1947.06 547.7642
1947.076 547.839
1947.076 547.8497
1947.11 547.8378
1947.206 547.7938
1947.396 547.7654
1947.605 547.9006
1947.837 547.9995
1948.112 547.7969
1948.528 547.662
1948.861 547.5421
1948.889 547.0933
1948.745 546.556
1948.406 545.8794
1947.836 544.7511
1946.69 543.3375
1945.026 541.717
1943.432 540.0129
1942.128 538.8062
1941.328 538.2654
1940.998 537.5963
1942.044 536.4171
1943.527 534.4484
1944.795 532.0642
1945.475 529.2458
1945.655 526.03
1945.918 522.269
1946.319 518.5262
1946.849 514.8263
1947.643 511.0594
1948.533 507.4707
1949.778 504.5574
1952.469 502.0446
1957.29 499.561
1963.575 496.9958
1970.331 493.9698
1976.861 490.2274
1982.473 486.3188
1986.445 482.6397
1988.329 479.1865
1988.399 476.4194
1987.21 474.617
1986.089 473.7835
1986.001 473.7921
1986.72 474.0703
1987.382 474.6432
1987.564 475.411
1987.034 476.0358
1985.833 476.2407
1984.1 475.7194
1982.326 474.776
1980.712 473.7876
1979.295 472.9076
1978.107 472.2091
1977.122 471.7694
1976.297 471.7705
1975.765 472.1445
1975.477 472.7988
1975.422 473.6486
1975.774 474.3429
1976.362 474.8122
1977.023 474.959
1977.29 474.9424
1977.153 474.8094
1976.562 474.5558
1975.566 474.9014
1974.204 476.4946
1973.935 478.18
1974.785 480.2236
1977.18 482.4836
1980.587 483.9794
1984.58 484.6684
1988.485 484.8281
1991.942 484.9643
1995.459 485.4937
1999.493 486.4497
2004.013 487.3422
2010.53 488.0496
2019.849 488.5978
2030.901 488.9747
2044.547 489.2905
2058.438 489.3475
2071.606 489.5208
2080.364 489.6953
2085.157 489.3339
2086.099 488.7953
2083.317 488.5617
2077.669 488.6664
2070.714 489.086
2063.309 489.6207
2056.135 490.0474
2049.518 490.2525
2043.573 490.2246
2038.874 490.0669
2034.891 489.8233
2032.006 489.5818
2030.183 489.3631
2029.318 489.2387
2029.349 489.2848
2030.117 489.4672
2031.143 489.6168
2032.081 489.6371
2032.809 489.5852
2033.349 489.5729
2029.459 489.6479
2029.681 489.7532
2030.007 489.8094
2030.476 489.7617
2030.974 489.5739
2031.407 489.3305
2031.961 489.1188
2032.646 488.9146
2032.269 488.7191
2030.092 488.5666
2028.837 488.4689
2027.445 488.4603
2026.032 488.4869
2024.794 488.4833
2023.759 488.5353
2024.318 488.6873
2025.035 488.9358
2022.391 489.1421
2019.736 489.1268
2016.299 488.9966
2009.586 489.0464
2008.777 489.3554
2007.957 489.8876
2007.606 490.3185
2010.225 490.6722
2012.213 490.7412
2013.098 490.5044
2013.574 490.0764
2012.645 489.653
2011.045 489.478
2009.305 489.6613
2008.557 490.1218
2008.189 490.709
2008.184 491.2822
2008.563 491.676
2009.162 491.8575
2009.795 491.7337
2010.191 491.4674
2010.264 491.2031
2010.053 491.0383
2009.606 491.0415
2009.069 491.142
2008.445 491.2594
2007.736 491.3136
2007.029 491.2564
2006.415 491.1324
2005.92 491.0165
2005.513 490.9204
2005.249 490.8494
2005.134 490.7721
2005.169 490.7236
2005.384 490.7174
2005.727 490.7042
2006.158 490.6473
2006.65 490.5697
2007.182 490.5108
2007.716 490.4988
2008.237 490.5466
2008.708 490.618
2009.166 490.6563
2009.651 490.6042
2010.118 490.462
2010.378 490.2918
2010.419 490.1305
2010.232 490.0694
2009.758 490.0384
2008.974 489.9002
2007.944 489.6936
2006.789 489.6519
2005.332 489.8546
2003.541 490.1865
2001.616 490.5062
1999.878 490.7771
1998.405 491.0473
1997.267 491.3192
1996.579 491.5718
1996.288 491.7633
1996.372 491.8258
1996.763 491.8558
1997.179 492.0194
1997.453 492.2495
1997.511 492.3986
1997.325 492.4131
1997.023 492.3461
1996.802 492.2925
1996.782 492.3681
1996.874 492.4325
1997.117 492.5468
1997.468 492.7327
1997.799 493.041
1998.036 493.4899
1997.882 493.7725
1997.292 493.7883
1996.317 493.5659
1995.046 493.284
1993.589 493.1217
1992.015 493.1096
1990.33 493.209
1988.717 493.3338
1987.187 493.4219
1985.792 493.4863
1984.473 493.5738
1983.197 493.6635
1981.95 493.705
1980.457 493.6007
1978.513 493.2913
1975.962 492.7401
1972.75 492.0225
1968.542 491.1241
1963.839 490.1686
1957.86 489.0406
1950.904 487.817
1943.104 486.4671
1950.792 548.9456
1950.892 549.0132
1950.926 549.0753
1950.93 549.1337
1950.994 549.1605
1951.049 549.187
1951.123 549.2491
1951.226 549.3617
1951.343 549.4897
1951.44 549.5904
1951.482 549.6352
1951.476 549.6564
1951.45 549.6848
1951.383 549.735
1951.343 549.7597
1951.38 549.7544
1951.439 549.7651
1951.505 549.775
1951.558 549.7765
1951.625 549.7706
1951.696 549.7444
1951.773 549.7118
1951.842 549.7063
1951.919 549.7184
1952.014 549.7344
1952.109 549.7243
1952.197 549.7017
1952.247 549.666
1952.295 549.6254
1952.348 549.5864
1952.415 549.5301
1952.497 549.4869
1952.566 549.4797
1952.591 549.5165
1952.568 549.5618
1952.522 549.5685
1952.459 549.548
1952.377 549.5207
1952.332 549.5118
1952.286 549.5324
1952.267 549.5833
1952.307 549.6205
1952.353 549.6556
1952.42 549.6888
1952.497 549.747
1952.554 549.8132
1952.598 549.8524
1952.651 549.8445
1952.67 549.7487
1952.608 549.5714
1952.426 549.4243
1952.176 549.326
1951.847 549.1986
1951.458 548.9537
1950.955 548.6191
1950.423 548.3651
1949.937 548.195
1949.557 548.04
1949.309 547.8879
1949.194 547.7284
1949.211 547.5849
1949.24 547.5032
1949.201 547.474
1949.05 547.4357
1948.823 547.3613
1948.624 547.2633
1948.602 547.1443
1948.766 546.9772
1948.986 546.7628
1949.175 546.533
1949.323 546.2955
1949.406 546.0733
1949.41 545.9056
1949.365 545.7819
1949.336 545.7324
1949.262 545.7823
1949.032 545.9995
1948.681 546.3298
1948.221 546.7169
1947.76 547.0281
1947.394 547.3029
1947.177 547.5112
1947.093 547.652
1947.06 547.7642
1947.076 547.839
1947.076 547.8497
1947.11 547.8378
1947.206 547.7938
1947.396 547.7654
1947.605 547.9006
1947.837 547.9995
1948.112 547.7969
1948.528 547.662
1948.861 547.5421
1948.889 547.0933
1948.745 546.556
1948.406 545.8794
1947.836 544.7511
1946.69 543.3375
1945.026 541.717
1943.432 540.0129
1942.128 538.8062
1941.328 538.2654
1940.998 537.5963
1942.044 536.4171
1943.527 534.4484
1944.795 532.0642
1945.475 529.2458
1945.655 526.03
1945.918 522.269
1946.319 518.5262
1946.849 514.8263
1947.643 511.0594
1948.533 507.4707
1949.778 504.5574
1952.469 502.0446
1957.29 499.561
1963.575 496.9958
1970.331 493.9698
1976.861 490.2274
1982.473 486.3188
1986.445 482.6397
1988.329 479.1865
1988.399 476.4194
1987.21 474.617
1986.089 473.7835
1986.001 473.7921
1986.72 474.0703
1987.382 474.6432
1987.564 475.411
1987.034 476.0358
1985.833 476.2407
1984.1 475.7194
1982.326 474.776
1980.712 473.7876
1979.295 472.9076
1978.107 472.2091
1977.122 471.7694
1976.297 471.7705
1975.765 472.1445
1975.477 472.7988
1975.422 473.6486
1975.774 474.3429
1976.362 474.8122
1977.023 474.959
1977.29 474.9424
1977.153 474.8094
1976.562 474.5558
1975.566 474.9014
1974.204 476.4946
1973.935 478.18
1974.785 480.2236
1977.18 482.4836
1980.587 483.9794
1984.58 484.6684
1988.485 484.8281
1991.942 484.9643
1995.459 485.4937
1999.493 486.4497
2004.013 487.3422
2010.53 488.0496
2019.849 488.5978
2030.901 488.9747
2044.547 489.2905
2058.438 489.3475
2071.606 489.5208
2080.364 489.6953
2085.157 489.3339
2086.099 488.7953
2083.317 488.5617
2077.669 488.6664
2070.714 489.086
2063.309 489.6207
2056.135 490.0474
2049.518 490.2525
2043.573 490.2246
2038.874 490.0669
2034.891 489.8233
2032.006 489.5818
2030.183 489.3631
2029.318 489.2387
2029.349 489.2848
2030.117 489.4672
2031.143 489.6168
2032.081 489.6371
2032.809 489.5852
2033.349 489.5729
2029.459 489.6479
2029.681 489.7532
2030.007 489.8094
2030.476 489.7617
2030.974 489.5739
2031.407 489.3305
2031.961 489.1188
2032.646 488.9146
2032.269 488.7191
2030.092 488.5666
2028.837 488.4689
2027.445 488.4603
2026.032 488.4869
2024.794 488.4833
2023.759 488.5353
2024.318 488.6873
2025.035 488.9358
2022.391 489.1421
2019.736 489.1268
2016.299 488.9966
2009.586 489.0464
2008.777 489.3554
2007.957 489.8876
2007.606 490.3185
2010.225 490.6722
2012.213 490.7412
2013.098 490.5044
2013.574 490.0764
2012.645 489.653
2011.045 489.478
2009.305 489.6613
2008.557 490.1218
2008.189 490.709
2008.184 491.2822
2008.563 491.676
2009.162 491.8575
2009.795 491.7337
2010.191 491.4674
2010.264 491.2031
2010.053 491.0383
2009.606 491.0415
2009.069 491.142
2008.445 491.2594
2007.736 491.3136
2007.029 491.2564
2006.415 491.1324
2005.92 491.0165
2005.513 490.9204
2005.249 490.8494
2005.134 490.7721
2005.169 490.7236
2005.384 490.7174
2005.727 490.7042
2006.158 490.6473
2006.65 490.5697
2007.182 490.5108
2007.716 490.4988
2008.237 490.5466
2008.708 490.618
2009.166 490.6563
2009.651 490.6042
2010.118 490.462
2010.378 490.2918
2010.419 490.1305
2010.232 490.0694
2009.758 490.0384
2008.974 489.9002
2007.944 489.6936
2006.789 489.6519
2005.332 489.8546
2003.541 490.1865
2001.616 490.5062
1999.878 490.7771
1998.405 491.0473
1997.267 491.3192
1996.579 491.5718
1996.288 491.7633
1996.372 491.8258
1996.763 491.8558
1997.179 492.0194
1997.453 492.2495
1997.511 492.3986
1997.325 492.4131
1997.023 492.3461
1996.802 492.2925
1996.782 492.3681
1996.874 492.4325
1997.117 492.5468
1997.468 492.7327
1997.799 493.041
1998.036 493.4899
1997.882 493.7725
1997.292 493.7883
1996.317 493.5659
1995.046 493.284
1993.589 493.1217
1992.015 493.1096
1990.33 493.209
1988.717 493.3338
1987.187 493.4219
1985.792 493.4863
1984.473 493.5738
1983.197 493.6635
1981.95 493.705
1980.457 493.6007
1978.513 493.2913
1975.962 492.7401
1972.75 492.0225
1968.542 491.1241
1963.839 490.1686
1957.86 489.0406
1950.904 487.817
1943.104 486.4671
1935.01 485.0198
1925.714 483.3557
1915.642 481.623
1904.813 479.8047
1893.988 477.9969
1882.07 476.0436
1869.277 473.9665
1855.895 471.8942
1841.709 469.7503
1828.428 467.6904
1815.917 465.6448
1804.33 463.5978
1794.745 461.7427
1790.54 460.9098
1785.197 459.8069
1780.505 458.8463
1770.652 456.7837
1763.405 455.2417
1759.27 454.4032
1755.281 453.5858
1751.489 452.86
1748.028 452.2243
1745.022 451.7168
1742.268 451.2616
1739.858 450.8936
1978.592 497.6129
1978.521 497.6112
1978.65 497.6773
1979.694 497.6609
1979.722 497.8589
1979.907 497.923
1980.862 498.3625
1981.611 498.5076
1982.463 498.7603
1983.514 499.1089
1984.477 499.627
1985.726 499.722
1991.022 500.4048
1990.844 500.1997
1990.509 500.0992
1990.239 499.9807
1989.941 499.9422
1989.785 499.9068
1989.656 499.9243
1989.416 499.8622
1989.327 499.8447
1989.181 499.8086
1989.092 499.805
1988.845 499.7534
1988.611 499.7002
1988.395 499.6627
1988.393 499.6666
1988.346 499.6562
1988.121 499.6124
1987.926 499.5585
1987.768 499.5053
1987.638 499.4369
1987.544 499.3852
1987.503 499.3358
1987.515 499.2899
1987.569 499.2498
1987.68 499.2162
1987.822 499.177
1988.009 499.1283
1988.212 499.0753
1988.432 499.0224
1988.651 498.9758
1988.866 498.924
1989.069 498.8703
1989.249 498.8257
1989.441 498.786
1989.596 498.7491
1989.739 498.7296
1989.872 498.7171
1989.993 498.701
1990.089 498.6876
1990.176 498.68
1990.23 498.6728
1990.265 498.6611
1990.252 498.6519
1990.242 498.6374
1990.2 498.6134
1990.136 498.5858
1990.063 498.556
1989.973 498.5264
1989.876 498.4955
1989.817 498.4773
1989.747 498.4561
1989.677 498.4577
1989.625 498.4687
1989.577 498.4791
1989.525 498.4849
1989.461 498.4886
1989.404 498.4896
1989.341 498.5008
1989.269 498.5203
1989.182 498.5517
1989.104 498.5845
1989.005 498.6244
1988.918 498.6556
1988.823 498.6848
1988.738 498.7121
1988.687 498.7305
1988.647 498.7397
1988.601 498.7514
1988.556 498.7587
1988.509 498.7567
1988.468 498.7478
1988.436 498.7354
1988.404 498.7191
1988.363 498.7023
1988.35 498.6728
1988.324 498.6337
1988.291 498.5968
1988.25 498.5646
1988.208 498.5488
1988.137 498.5304
1988.041 498.5163
1987.941 498.5002
1987.829 498.4891
1987.734 498.4774
1987.633 498.454
1987.509 498.4375
1987.396 498.4283
1987.292 498.4152
1987.173 498.4012
1987.084 498.3935
1987.015 498.387
1986.957 498.3835
1986.907 498.3803
1986.875 498.3763
1986.843 498.3723
1986.811 498.3651
1986.787 498.3506
1986.761 498.3347
1986.729 498.3221
1986.692 498.31
1986.66 498.2981
1986.63 498.3002
1986.606 498.2927
1986.574 498.2897
1986.544 498.2908
1986.517 498.2926
1986.481 498.308
1986.457 498.3187
1986.446 498.3353
1986.432 498.3506
1986.414 498.3569
1986.372 498.3643
1986.328 498.361
1986.283 498.3631
1986.237 498.3617
1986.162 498.3735
1986.087 498.4021
1986.012 498.4397
1985.951 498.4954
1985.921 498.5326
1985.89 498.5742
1985.856 498.6274
1985.819 498.6775
1985.801 498.7244
1985.783 498.7614
1985.739 498.7769
1985.679 498.785
1985.583 498.79
1985.474 498.7969
1985.317 498.7961
1984.987 498.7705
1984.882 498.7574
1984.728 498.7197
1984.572 498.6935
1984.41 498.6692
1984.236 498.6486
1984.09 498.6332
1983.967 498.618
1983.839 498.5905
1983.702 498.5632
1983.558 498.543
1983.396 498.5258
1983.156 498.4862
1982.787 498.4524
1982.439 498.4492
1982.156 498.4622
1981.974 498.4431
1981.851 498.4114
1981.816 498.4052
1981.796 498.3995
1981.788 498.4063
1981.811 498.4127
1981.844 498.4241
1981.875 498.438
1981.921 498.4471
1981.948 498.4457
1981.975 498.4472
1981.969 498.4572
1981.966 498.4664
1981.959 498.4777
1981.948 498.5044
1981.934 498.5248
1981.942 498.5543
1981.957 498.5794
1981.966 498.5965
1981.962 498.6103
1981.956 498.6202
1981.927 498.6262
1981.875 498.6339
1981.779 498.6424
1981.633 498.6422
1981.402 498.6337
1981.056 498.6269
1980.598 498.6194
1980.012 498.6063
1979.353 498.5841
1978.597 498.5439
1977.736 498.4747
1976.637 498.3567
1975.113 498.1756
1973.327 497.9679
1970.979 497.7191
1968.218 497.4649
1965.339 497.2243
1962.019 496.9486
1958.482 496.6382
1954.576 496.2676
1950.371 495.853
1945.853 495.4278
1941.254 495.0319
1936.26 494.6302
1931.055 494.2409
1925.818 493.8662
1919.883 493.4419
1914.19 493.0361
1908.478 492.6113
1902.4 492.1328
1896.317 491.619
1890.214 491.0732
1883.854 490.4789
1877.697 489.8653
1871.547 489.2498
1865.31 488.599
1858.761 487.8965
1852.502 487.2161
1845.957 486.5309
1840.065 485.9129
1834.267 485.3145
1828.526 484.7159
1822.678 484.1061
1816.546 483.4756
1810.711 482.8723
1805.171 482.3036
1799.987 481.7867
1794.813 481.2739
1789.688 480.7635
1784.749 480.3023
1779.546 479.799
1774.683 479.3478
1770.061 478.9416
1765.598 478.5784
1761.317 478.209
1756.956 477.875
1752.351 477.4997
1748.054 477.1987
1743.759 476.8802
1739.52 476.6058
1735.353 476.3535
1731.206 476.1555
1727.026 475.9352
1722.911 475.7437
1718.327 475.5389
1713.624 475.3781
1708.619 475.2157
1703.473 475.1193
1698.255 475.0135
1692.755 474.9774
1687.373 474.9413
1682.031 474.9863
1675.95 475.0498
1669.632 475.2108
1663.507 475.3519
1657.416 475.5418
1651.422 475.6995
1645.557 475.897
1639.666 476.0602
1634.489 476.2505
1628.768 476.4419
1622.995 476.7049
1617.638 476.9434
1612.755 477.2189
1607.83 477.4866
1603.482 477.7682
1598.88 478.0376
1594.394 478.3449
1590.137 478.6027
1585.722 478.93
1581.776 479.2104
1578.136 479.5254
1574.449 479.8262
1570.675 480.2039
1566.847 480.6129
1563.217 481.071
1935.01 485.0198
1925.714 483.3557
1915.642 481.623
1904.813 479.8047
1893.988 477.9969
1882.07 476.0436
1869.277 473.9665
1855.895 471.8942
1841.709 469.7503
1828.428 467.6904
1815.917 465.6448
1804.33 463.5978
1794.745 461.7427
1790.54 460.9098
1785.197 459.8069
1780.505 458.8463
1770.652 456.7837
1763.405 455.2417
1759.27 454.4032
1755.281 453.5858
1751.489 452.86
1748.028 452.2243
1745.022 451.7168
1742.268 451.2616
1739.858 450.8936
1978.592 497.6129
1978.521 497.6112
1978.65 497.6773
1979.694 497.6609
1979.722 497.8589
1979.907 497.923
1980.862 498.3625
1981.611 498.5076
1982.463 498.7603
1983.514 499.1089
1984.477 499.627
1985.726 499.722
1991.022 500.4048
1990.844 500.1997
1990.509 500.0992
1990.239 499.9807
1989.941 499.9422
1989.785 499.9068
1989.656 499.9243
1989.416 499.8622
1989.327 499.8447
1989.181 499.8086
1989.092 499.805
1988.845 499.7534
1988.611 499.7002
1988.395 499.6627
1988.393 499.6666
1988.346 499.6562
1988.121 499.6124
1987.926 499.5585
1987.768 499.5053
1987.638 499.4369
1987.544 499.3852
1987.503 499.3358
1987.515 499.2899
1987.569 499.2498
1987.68 499.2162
1987.822 499.177
1988.009 499.1283
1988.212 499.0753
1988.432 499.0224
1988.651 498.9758
1988.866 498.924
1989.069 498.8703
1989.249 498.8257
1989.441 498.786
1989.596 498.7491
1989.739 498.7296
1989.872 498.7171
1989.993 498.701
1990.089 498.6876
1990.176 498.68
1990.23 498.6728
1990.265 498.6611
1990.252 498.6519
1990.242 498.6374
1990.2 498.6134
1990.136 498.5858
1990.063 498.556
1989.973 498.5264
1989.876 498.4955
1989.817 498.4773
1989.747 498.4561
1989.677 498.4577
1989.625 498.4687
1989.577 498.4791
1989.525 498.4849
1989.461 498.4886
1989.404 498.4896
1989.341 498.5008
1989.269 498.5203
1989.182 498.5517
1989.104 498.5845
1989.005 498.6244
1988.918 498.6556
1988.823 498.6848
1988.738 498.7121
1988.687 498.7305
1988.647 498.7397
1988.601 498.7514
1988.556 498.7587
1988.509 498.7567
1988.468 498.7478
1988.436 498.7354
1988.404 498.7191
1988.363 498.7023
1988.35 498.6728
1988.324 498.6337
1988.291 498.5968
1988.25 498.5646
1988.208 498.5488
1988.137 498.5304
1988.041 498.5163
1987.941 498.5002
1987.829 498.4891
1987.734 498.4774
1987.633 498.454
1987.509 498.4375
1987.396 498.4283
1987.292 498.4152
1987.173 498.4012
1987.084 498.3935
1987.015 498.387
1986.957 498.3835
1986.907 498.3803
1986.875 498.3763
1986.843 498.3723
1986.811 498.3651
1986.787 498.3506
1986.761 498.3347
1986.729 498.3221
1986.692 498.31
1986.66 498.2981
1986.63 498.3002
1986.606 498.2927
1986.574 498.2897
1986.544 498.2908
1986.517 498.2926
1986.481 498.308
1986.457 498.3187
1986.446 498.3353
1986.432 498.3506
1986.414 498.3569
1986.372 498.3643
1986.328 498.361
1986.283 498.3631
1986.237 498.3617
1986.162 498.3735
1986.087 498.4021
1986.012 498.4397
1985.951 498.4954
1985.921 498.5326
1985.89 498.5742
1985.856 498.6274
1985.819 498.6775
1985.801 498.7244
1985.783 498.7614
1985.739 498.7769
1985.679 498.785
1985.583 498.79
1985.474 498.7969
1985.317 498.7961
1984.987 498.7705
1984.882 498.7574
1984.728 498.7197
1984.572 498.6935
1984.41 498.6692
1984.236 498.6486
1984.09 498.6332
1983.967 498.618
1983.839 498.5905
1983.702 498.5632
1983.558 498.543
1983.396 498.5258
1983.156 498.4862
1982.787 498.4524
1982.439 498.4492
1982.156 498.4622
1981.974 498.4431
1981.851 498.4114
1981.816 498.4052
1981.796 498.3995
1981.788 498.4063
1981.811 498.4127
1981.844 498.4241
1981.875 498.438
1981.921 498.4471
1981.948 498.4457
1981.975 498.4472
1981.969 498.4572
1981.966 498.4664
1981.959 498.4777
1981.948 498.5044
1981.934 498.5248
1981.942 498.5543
1981.957 498.5794
1981.966 498.5965
1981.962 498.6103
1981.956 498.6202
1981.927 498.6262
1981.875 498.6339
1981.779 498.6424
1981.633 498.6422
1981.402 498.6337
1981.056 498.6269
1980.598 498.6194
1980.012 498.6063
1979.353 498.5841
1978.597 498.5439
1977.736 498.4747
1976.637 498.3567
1975.113 498.1756
1973.327 497.9679
1970.979 497.7191
1968.218 497.4649
1965.339 497.2243
1962.019 496.9486
1958.482 496.6382
1954.576 496.2676
1950.371 495.853
1945.853 495.4278
1941.254 495.0319
1936.26 494.6302
1931.055 494.2409
1925.818 493.8662
1919.883 493.4419
1914.19 493.0361
1908.478 492.6113
1902.4 492.1328
1896.317 491.619
1890.214 491.0732
1883.854 490.4789
1877.697 489.8653
1871.547 489.2498
1865.31 488.599
1858.761 487.8965
1852.502 487.2161
1845.957 486.5309
1840.065 485.9129
1834.267 485.3145
1828.526 484.7159
1822.678 484.1061
1816.546 483.4756
1810.711 482.8723
1805.171 482.3036
1799.987 481.7867
1794.813 481.2739
1789.688 480.7635
1784.749 480.3023
1779.546 479.799
1774.683 479.3478
1770.061 478.9416
1765.598 478.5784
1761.317 478.209
1756.956 477.875
1752.351 477.4997
1748.054 477.1987
1743.759 476.8802
1739.52 476.6058
1735.353 476.3535
1731.206 476.1555
1727.026 475.9352
1722.911 475.7437
1718.327 475.5389
1713.624 475.3781
1708.619 475.2157
1703.473 475.1193
1698.255 475.0135
1692.755 474.9774
1687.373 474.9413
1682.031 474.9863
1675.95 475.0498
1669.632 475.2108
1663.507 475.3519
1657.416 475.5418
1651.422 475.6995
1645.557 475.897
1639.666 476.0602
1634.489 476.2505
1628.768 476.4419
1622.995 476.7049
1617.638 476.9434
1612.755 477.2189
1607.83 477.4866
1603.482 477.7682
1598.88 478.0376
1594.394 478.3449
1590.137 478.6027
1585.722 478.93
1581.776 479.2104
1578.136 479.5254
1574.449 479.8262
1570.675 480.2039
1566.847 480.6129
1563.217 481.071
1559.397 481.6098
1557.292 481.9409
1554.09 482.4738
1551.147 483.0225
1548.299 483.6156
1545.571 484.283
1543.177 484.9634
1540.992 485.6895
1538.987 486.4568
1537.026 487.3336
1535.456 488.1537
1533.761 489.2108
1532.686 490.0294
1531.86 490.8403
1531.325 491.5995
1531.022 492.3272
1531.021 493.0059
1531.322 493.7481
1531.899 494.398
1532.693 495.0307
1533.688 495.6301
1534.827 496.1855
1536.06 496.6718
1537.46 497.1408
1539.033 497.5448
1540.717 497.9306
1542.672 498.3241
1544.767 498.7463
1546.802 499.1609
1548.953 499.6329
1551.175 500.1309
1553.403 500.6352
1556.123 501.2282
1559.073 501.8373
1562.467 502.4774
1566.062 503.0984
1569.774 503.6842
1573.296 504.2136
1577.342 504.8042
1581.626 505.4304
1586.329 506.1121
1591.712 506.8565
1597.309 507.6015
1602.62 508.2871
1608.505 509.0448
1614.543 509.8228
1620.81 510.6526
1628.406 511.6757
1634.729 512.524
1641.97 513.449
1649.489 514.3674
1657.35 515.2877
1664.817 516.1385
1673.48 517.1255
1681.581 518.067
1690.229 519.0652
1698.694 520.0113
1707.553 520.941
1716.573 521.7865
1725.912 522.5887
1735.052 523.3564
1744 524.0844
1753.478 524.8606
1763.138 525.6694
1772.609 526.4449
1782.266 527.1913
1791.899 527.9177
1799.296 528.4337
1809.282 529.1119
1819.447 529.7446
1829.983 530.3759
1840.87 530.9633
1851.781 531.5287
1873.467 532.5269
1882.563 532.9732
1893.686 533.543
1904.743 534.1146
1916.768 534.7902
1926.988 535.3305
1937.379 535.8879
1947.359 536.3716
1956.809 536.8459
1965.783 537.2692
1974.471 537.7212
1984.407 538.2396
1992.091 538.6653
1999.358 538.9996
2006.174 539.3252
2012.871 539.5926
2018.596 539.7769
2023.557 539.9063
2028.297 540.0337
2032.796 540.0857
2036.87 540.1016
2040.633 540.019
2043.701 539.8994
2046.368 539.7102
2048.643 539.5098
2050.732 539.2677
2052.393 539.0413
2054.08 538.7409
2055.309 538.4686
2056.292 538.1653
2056.904 537.9087
2057.402 537.6082
2057.651 537.3313
2057.78 537.0676
2057.711 536.853
2057.531 536.6746
2057.123 536.5362
2056.564 536.3746
2055.754 536.2283
2054.818 536.0739
2053.718 535.9089
2052.583 535.7206
2049.915 535.3328
2047.452 534.9906
2046.173 534.814
2044.758 534.5979
2043.287 534.3746
2041.787 534.129
2040.184 533.8541
2038.754 533.5828
2037.293 533.295
2035.926 532.9973
2034.579 532.6821
2033.243 532.3191
2032.123 531.9812
2031.28 531.7004
2030.642 531.4884
2030.288 531.33
2030.136 531.236
2030.25 531.1904
2030.545 531.1691
2031.037 531.1648
2031.616 531.1763
2032.221 531.1943
2032.873 531.223
2033.573 531.2354
2034.257 531.2297
2034.901 531.1951
2035.426 531.1406
2035.883 531.0731
2036.258 531.0057
2036.457 530.9532
2036.566 530.9016
2036.579 530.8476
2036.464 530.8021
2036.303 530.768
2036.005 530.7278
2035.591 530.6981
2035.126 530.6859
2034.591 530.6658
2033.992 530.6413
2033.398 530.6195
2032.723 530.595
2032.037 530.5571
2031.37 530.5215
2030.577 530.4674
2029.862 530.4104
2029.219 530.3528
2027.997 530.2369
2027.573 530.1984
2027.014 530.1238
2026.478 530.0132
2025.967 529.8809
2025.455 529.7258
2025.028 529.5647
2024.613 529.4313
2024.183 529.2965
2023.807 529.1876
2023.44 529.0933
2022.96 528.9885
2022.609 528.9149
2022.267 528.8214
2021.917 528.7321
2021.589 528.6085
2021.287 528.4974
2020.96 528.3681
2020.685 528.2771
2020.435 528.1938
2020.187 528.1342
2019.969 528.0583
2019.749 527.9894
2019.471 527.8991
2019.228 527.8201
2019.022 527.7023
2018.826 527.5759
2018.646 527.4073
2018.472 527.2407
2018.302 527.0521
2018.127 526.8736
2017.974 526.6856
2017.802 526.5007
2017.644 526.2936
2017.474 526.0959
2017.278 525.8992
2017.117 525.7206
2016.937 525.5711
2016.739 525.4383
2016.485 525.2911
2016.218 525.162
2015.925 525.0394
2015.615 524.9313
2015.313 524.8333
2015.008 524.7523
2014.715 524.697
2014.419 524.6655
2013.871 524.6733
2013.717 524.6876
2013.493 524.7171
2013.278 524.7495
2013.055 524.788
2012.86 524.8231
2012.682 524.8522
2012.534 524.8675
2012.414 524.853
2012.321 524.8306
2012.246 524.8109
2012.17 524.7781
2012.12 524.7545
2012.067 524.7262
2012.012 524.6967
2011.946 524.6741
2011.861 524.6437
2011.736 524.6182
2011.592 524.5816
2011.428 524.5474
2011.255 524.521
2011.063 524.5205
2010.855 524.5447
2010.644 524.5777
2010.432 524.6257
2010.239 524.6764
2010.04 524.7253
2009.814 524.7748
2009.593 524.8177
2009.355 524.8428
2009.132 524.8423
2008.913 524.8404
2008.692 524.8268
2008.451 524.8058
2008.217 524.7771
2007.975 524.7392
2007.748 524.6629
2007.507 524.5784
2007.262 524.4846
2007.007 524.3649
2006.764 524.2391
2006.474 524.1058
2006.206 523.9865
2005.94 523.8655
2005.672 523.7431
2005.409 523.6152
2005.143 523.4825
2004.855 523.3433
2004.566 523.2119
2004.303 523.0919
2004.007 522.9778
2003.746 522.8722
2003.526 522.787
2003.295 522.6984
2003.076 522.6144
2002.847 522.5514
2002.64 522.4855
2002.423 522.4363
2002.235 522.3985
2002.04 522.3796
2001.878 522.3591
2001.71 522.3441
2001.542 522.3322
2001.406 522.3194
2001.311 522.2878
2001.214 522.2601
2001.134 522.229
2001.043 522.1962
2000.957 522.1498
2000.865 522.1018
2000.788 522.042
2000.723 521.9875
2000.638 521.9435
2000.555 521.9027
2000.47 521.8621
2000.387 521.8252
2000.272 521.7862
2000.17 521.752
2000.054 521.7166
1999.926 521.6796
1999.805 521.6411
1999.694 521.6282
1999.594 521.6276
1999.486 521.649
1999.369 521.6934
1999.258 521.7501
1999.153 521.8148
1999.051 521.8787
1998.931 521.9438
1998.83 521.99
1998.728 522.0153
1998.646 522.0314
1559.397 481.6098
1557.292 481.9409
1554.09 482.4738
1551.147 483.0225
1548.299 483.6156
1545.571 484.283
1543.177 484.9634
1540.992 485.6895
1538.987 486.4568
1537.026 487.3336
1535.456 488.1537
1533.761 489.2108
1532.686 490.0294
1531.86 490.8403
1531.325 491.5995
1531.022 492.3272
1531.021 493.0059
1531.322 493.7481
1531.899 494.398
1532.693 495.0307
1533.688 495.6301
1534.827 496.1855
1536.06 496.6718
1537.46 497.1408
1539.033 497.5448
1540.717 497.9306
1542.672 498.3241
1544.767 498.7463
1546.802 499.1609
1548.953 499.6329
1551.175 500.1309
1553.403 500.6352
1556.123 501.2282
1559.073 501.8373
1562.467 502.4774
1566.062 503.0984
1569.774 503.6842
1573.296 504.2136
1577.342 504.8042
1581.626 505.4304
1586.329 506.1121
1591.712 506.8565
1597.309 507.6015
1602.62 508.2871
1608.505 509.0448
1614.543 509.8228
1620.81 510.6526
1628.406 511.6757
1634.729 512.524
1641.97 513.449
1649.489 514.3674
1657.35 515.2877
1664.817 516.1385
1673.48 517.1255
1681.581 518.067
1690.229 519.0652
1698.694 520.0113
1707.553 520.941
1716.573 521.7865
1725.912 522.5887
1735.052 523.3564
1744 524.0844
1753.478 524.8606
1763.138 525.6694
1772.609 526.4449
1782.266 527.1913
1791.899 527.9177
1799.296 528.4337
1809.282 529.1119
1819.447 529.7446
1829.983 530.3759
1840.87 530.9633
1851.781 531.5287
1873.467 532.5269
1882.563 532.9732
1893.686 533.543
1904.743 534.1146
1916.768 534.7902
1926.988 535.3305
1937.379 535.8879
1947.359 536.3716
1956.809 536.8459
1965.783 537.2692
1974.471 537.7212
1984.407 538.2396
1992.091 538.6653
1999.358 538.9996
2006.174 539.3252
2012.871 539.5926
2018.596 539.7769
2023.557 539.9063
2028.297 540.0337
2032.796 540.0857
2036.87 540.1016
2040.633 540.019
2043.701 539.8994
2046.368 539.7102
2048.643 539.5098
2050.732 539.2677
2052.393 539.0413
2054.08 538.7409
2055.309 538.4686
2056.292 538.1653
2056.904 537.9087
2057.402 537.6082
2057.651 537.3313
2057.78 537.0676
2057.711 536.853
2057.531 536.6746
2057.123 536.5362
2056.564 536.3746
2055.754 536.2283
2054.818 536.0739
2053.718 535.9089
2052.583 535.7206
2049.915 535.3328
2047.452 534.9906
2046.173 534.814
2044.758 534.5979
2043.287 534.3746
2041.787 534.129
2040.184 533.8541
2038.754 533.5828
2037.293 533.295
2035.926 532.9973
2034.579 532.6821
2033.243 532.3191
2032.123 531.9812
2031.28 531.7004
2030.642 531.4884
2030.288 531.33
2030.136 531.236
2030.25 531.1904
2030.545 531.1691
2031.037 531.1648
2031.616 531.1763
2032.221 531.1943
2032.873 531.223
2033.573 531.2354
2034.257 531.2297
2034.901 531.1951
2035.426 531.1406
2035.883 531.0731
2036.258 531.0057
2036.457 530.9532
2036.566 530.9016
2036.579 530.8476
2036.464 530.8021
2036.303 530.768
2036.005 530.7278
2035.591 530.6981
2035.126 530.6859
2034.591 530.6658
2033.992 530.6413
2033.398 530.6195
2032.723 530.595
2032.037 530.5571
2031.37 530.5215
2030.577 530.4674
2029.862 530.4104
2029.219 530.3528
2027.997 530.2369
2027.573 530.1984
2027.014 530.1238
2026.478 530.0132
2025.967 529.8809
2025.455 529.7258
2025.028 529.5647
2024.613 529.4313
2024.183 529.2965
2023.807 529.1876
2023.44 529.0933
2022.96 528.9885
2022.609 528.9149
2022.267 528.8214
2021.917 528.7321
2021.589 528.6085
2021.287 528.4974
2020.96 528.3681
2020.685 528.2771
2020.435 528.1938
2020.187 528.1342
2019.969 528.0583
2019.749 527.9894
2019.471 527.8991
2019.228 527.8201
2019.022 527.7023
2018.826 527.5759
2018.646 527.4073
2018.472 527.2407
2018.302 527.0521
2018.127 526.8736
2017.974 526.6856
2017.802 526.5007
2017.644 526.2936
2017.474 526.0959
2017.278 525.8992
2017.117 525.7206
2016.937 525.5711
2016.739 525.4383
2016.485 525.2911
2016.218 525.162
2015.925 525.0394
2015.615 524.9313
2015.313 524.8333
2015.008 524.7523
2014.715 524.697
2014.419 524.6655
2013.871 524.6733
2013.717 524.6876
2013.493 524.7171
2013.278 524.7495
2013.055 524.788
2012.86 524.8231
2012.682 524.8522
2012.534 524.8675
2012.414 524.853
2012.321 524.8306
2012.246 524.8109
2012.17 524.7781
2012.12 524.7545
2012.067 524.7262
2012.012 524.6967
2011.946 524.6741
2011.861 524.6437
2011.736 524.6182
2011.592 524.5816
2011.428 524.5474
2011.255 524.521
2011.063 524.5205
2010.855 524.5447
2010.644 524.5777
2010.432 524.6257
2010.239 524.6764
2010.04 524.7253
2009.814 524.7748
2009.593 524.8177
2009.355 524.8428
2009.132 524.8423
2008.913 524.8404
2008.692 524.8268
2008.451 524.8058
2008.217 524.7771
2007.975 524.7392
2007.748 524.6629
2007.507 524.5784
2007.262 524.4846
2007.007 524.3649
2006.764 524.2391
2006.474 524.1058
2006.206 523.9865
2005.94 523.8655
2005.672 523.7431
2005.409 523.6152
2005.143 523.4825
2004.855 523.3433
2004.566 523.2119
2004.303 523.0919
2004.007 522.9778
2003.746 522.8722
2003.526 522.787
2003.295 522.6984
2003.076 522.6144
2002.847 522.5514
2002.64 522.4855
2002.423 522.4363
2002.235 522.3985
2002.04 522.3796
2001.878 522.3591
2001.71 522.3441
2001.542 522.3322
2001.406 522.3194
2001.311 522.2878
2001.214 522.2601
2001.134 522.229
2001.043 522.1962
2000.957 522.1498
2000.865 522.1018
2000.788 522.042
2000.723 521.9875
2000.638 521.9435
2000.555 521.9027
2000.47 521.8621
2000.387 521.8252
2000.272 521.7862
2000.17 521.752
2000.054 521.7166
1999.926 521.6796
1999.805 521.6411
1999.694 521.6282
1999.594 521.6276
1999.486 521.649
1999.369 521.6934
1999.258 521.7501
1999.153 521.8148
1999.051 521.8787
1998.931 521.9438
1998.83 521.99
1998.728 522.0153
1998.646 522.0314
1998.589 522.0399
1998.553 522.0461
1998.515 522.0408
1998.504 522.0239
1998.497 521.9932
1998.488 521.9583
1998.488 521.9215
1998.488 521.8801
1998.491 521.8406
1998.491 521.8025
1998.495 521.765
1998.488 521.7291
1998.474 521.6965
1998.45 521.657
1998.415 521.6277
1998.366 521.5955
1998.308 521.5674
1998.232 521.5607
1998.15 521.5613
1998.064 521.5651
1997.961 521.5663
1997.845 521.5618
1997.705 521.5502
1997.572 521.5312
1997.437 521.5059
1997.299 521.4895
1997.187 521.4666
1997.069 521.4518
1996.958 521.4341
1996.843 521.42
1996.634 521.4108
1996.529 521.4196
1996.454 521.4211
1996.356 521.432
1996.274 521.4411
1996.193 521.4574
1996.121 521.4655
1996.045 521.48
1995.979 521.4894
1995.924 521.5018
1995.861 521.5034
1995.793 521.5145
1995.75 521.5155
1995.692 521.5162
1995.628 521.5123
1995.557 521.5022
1995.483 521.4912
1995.41 521.4744
1995.321 521.4669
1995.22 521.4622
1995.119 521.4499
1994.998 521.4316
1994.856 521.399
1991.187 521.3799
1983.959 521.3591
1977.352 521.3392
1970.471 521.325
1963.289 521.3227
1956.077 521.3332
1948.039 521.3599
1941.513 521.3971
1934.467 521.4318
1927.589 521.4506
1919.906 521.4445
1912.82 521.4278
1905.117 521.414
1898.13 521.4045
1891.245 521.3845
1884.042 521.362
1877.137 521.3424
1870.13 521.3163
1862.368 521.2573
1854.669 521.1785
1849.165 521.1075
1843.449 521.0365
1837.839 520.9673
1833.584 520.9099
1829.606 520.8458
1826.825 520.7881
1825.337 520.7313
1824.48 520.6799
1824.123 520.6385
1823.937 520.6201
1823.701 520.6068
1823.496 520.6033
1823.279 520.6031
1823.041 520.611
1822.804 520.6149
1822.595 520.6252
1822.428 520.6298
1822.308 520.6328
1822.196 520.6517
1822.084 520.6735
1822.016 520.692
1821.986 520.7198
1821.994 520.7557
1822.026 520.7856
1822.055 520.8054
1822.108 520.8302
1822.172 520.8577
1822.247 520.8809
1821.982 520.8994
1820.414 520.9131
1815.444 520.9269
1808.536 520.934
1801.477 520.9443
1794.37 520.9565
1785.711 520.972
1777.928 520.9917
1771.647 521.0152
1764.432 521.0521
1756.957 521.0894
1750.066 521.126
1741.798 521.1504
1734.446 521.1726
1727.556 521.1826
1720.24 521.1939
1713.15 521.2012
1705.574 521.2057
1697.289 521.2258
1691.045 521.2675
1686.054 521.3217
1681.943 521.3914
1679.45 521.4673
1678.012 521.5453
1677.707 521.6269
1677.809 521.6978
1677.895 521.7476
1677.965 521.7783
1678.039 521.7962
1678.087 521.7993
1678.098 521.7863
1678.083 521.7622
1678.041 521.7317
1677.989 521.6979
1677.921 521.6563
1677.83 521.594
1677.732 521.5241
1677.633 521.438
1677.553 521.3492
1677.452 521.2489
1677.35 521.1559
1677.242 521.083
1677.145 521.0234
1677.084 520.9777
1677.027 520.9404
1677.386 520.8997
1679.528 520.8701
1683.392 520.8505
1690.008 520.8267
1697.326 520.8096
1704.457 520.7971
1711.417 520.7796
1718.502 520.7616
1725.7 520.7556
1733.511 520.7525
1740.568 520.7592
1747.359 520.7839
1754.011 520.8101
1761.356 520.8446
1768.434 520.8805
1776.034 520.9162
1782.756 520.9429
1789.751 520.9559
1796.894 520.9685
1804.16 520.968
1810.842 520.9836
1818.757 521.0012
1825.633 521.0281
1832.432 521.0617
1839.249 521.1071
1846.482 521.1444
1853.31 521.1822
1860.939 521.2166
1868.026 521.2524
1874.581 521.2755
1881.647 521.3109
1888.897 521.3442
1896.179 521.3625
1903.603 521.3691
1910.446 521.3752
1917.492 521.3675
1924.825 521.3641
1931.64 521.3525
1938.857 521.3649
1946.692 521.3894
1953.317 521.4454
1960.424 521.4977
1967.397 521.5696
1974.243 521.6304
1981.327 521.6982
1989.046 521.7589
1995.889 521.8105
2002.604 521.8521
2009.41 521.8867
2016.238 521.914
2023.503 521.9248
2030.291 521.9305
2037.611 521.9169
2044.092 521.905
2051.338 521.8746
2058.406 521.8455
2065.71 521.8124
2072.979 521.7718
2079.985 521.7169
2086.764 521.6617
2094.001 521.5966
2101.522 521.5299
2108.69 521.4492
2115.665 521.3741
2124.158 521.3059
2129.57 521.2512
2136.338 521.2131
2142.996 521.1833
2150.364 521.1739
2157.358 521.183
2164.575 521.196
2171.413 521.219
2179.218 521.2339
2185.7 521.246
2192.516 521.261
2199.354 521.2849
2206.967 521.3141
2214.559 521.3477
2221.838 521.3848
2228.61 521.4078
2235.529 521.4355
2242.277 521.447
2249.54 521.4581
2256.751 521.4538
2264.693 521.4568
2271.279 521.4443
2278.219 521.4337
2285.011 521.4103
2291.85 521.4014
2299.112 521.3817
2307.071 521.3764
2313.463 521.3711
2320.458 521.3777
2327.782 521.3922
2334.955 521.4188
2341.942 521.4484
2350.138 521.4985
2356.257 521.5405
2361.181 521.5831
2368.116 521.6379
2375.196 521.6804
2382.245 521.7054
2390.084 521.7269
2396.772 521.7242
2403.434 521.7143
2410.533 521.7034
2417.815 521.7101
2424.703 521.7192
2433.711 521.7543
2440.888 521.7814
2447.648 521.8282
2454.79 521.86
2462.076 521.9032
2469.28 521.9276
2477.494 521.9637
2483.939 521.9774
2490.748 521.9753
2497.577 521.9503
2504.534 521.9299
2511.776 521.8914
2519.141 521.8545
2526.313 521.8105
2533.009 521.7798
2539.855 521.7467
2546.461 521.7046
2553.721 521.6702
2561.765 521.6324
2568.471 521.572
2575.583 521.5022
2582.74 521.4298
2589.38 521.3512
2595.699 521.2701
2601.718 521.1927
2605.868 521.1306
2605.919 521.0936
2605.959 521.0636
2605.987 521.0527
2606.013 521.0453
2606.003 521.0474
2605.979 521.0333
2605.927 521.0128
2605.869 520.9424
2605.832 520.8497
2605.793 520.7484
2605.809 520.6584
2605.863 520.587
2605.979 520.5478
2606.169 520.5054
2606.443 520.4692
2606.785 520.4261
2607.226 520.3661
2607.834 520.3004
2608.645 520.2321
2609.71 520.1823
1998.589 522.0399
1998.553 522.0461
1998.515 522.0408
1998.504 522.0239
1998.497 521.9932
1998.488 521.9583
1998.488 521.9215
1998.488 521.8801
1998.491 521.8406
1998.491 521.8025
1998.495 521.765
1998.488 521.7291
1998.474 521.6965
1998.45 521.657
1998.415 521.6277
1998.366 521.5955
1998.308 521.5674
1998.232 521.5607
1998.15 521.5613
1998.064 521.5651
1997.961 521.5663
1997.845 521.5618
1997.705 521.5502
1997.572 521.5312
1997.437 521.5059
1997.299 521.4895
1997.187 521.4666
1997.069 521.4518
1996.958 521.4341
1996.843 521.42
1996.634 521.4108
1996.529 521.4196
1996.454 521.4211
1996.356 521.432
1996.274 521.4411
1996.193 521.4574
1996.121 521.4655
1996.045 521.48
1995.979 521.4894
1995.924 521.5018
1995.861 521.5034
1995.793 521.5145
1995.75 521.5155
1995.692 521.5162
1995.628 521.5123
1995.557 521.5022
1995.483 521.4912
1995.41 521.4744
1995.321 521.4669
1995.22 521.4622
1995.119 521.4499
1994.998 521.4316
1994.856 521.399
1991.187 521.3799
1983.959 521.3591
1977.352 521.3392
1970.471 521.325
1963.289 521.3227
1956.077 521.3332
1948.039 521.3599
1941.513 521.3971
1934.467 521.4318
1927.589 521.4506
1919.906 521.4445
1912.82 521.4278
1905.117 521.414
1898.13 521.4045
1891.245 521.3845
1884.042 521.362
1877.137 521.3424
1870.13 521.3163
1862.368 521.2573
1854.669 521.1785
1849.165 521.1075
1843.449 521.0365
1837.839 520.9673
1833.584 520.9099
1829.606 520.8458
1826.825 520.7881
1825.337 520.7313
1824.48 520.6799
1824.123 520.6385
1823.937 520.6201
1823.701 520.6068
1823.496 520.6033
1823.279 520.6031
1823.041 520.611
1822.804 520.6149
1822.595 520.6252
1822.428 520.6298
1822.308 520.6328
1822.196 520.6517
1822.084 520.6735
1822.016 520.692
1821.986 520.7198
1821.994 520.7557
1822.026 520.7856
1822.055 520.8054
1822.108 520.8302
1822.172 520.8577
1822.247 520.8809
1821.982 520.8994
1820.414 520.9131
1815.444 520.9269
1808.536 520.934
1801.477 520.9443
1794.37 520.9565
1785.711 520.972
1777.928 520.9917
1771.647 521.0152
1764.432 521.0521
1756.957 521.0894
1750.066 521.126
1741.798 521.1504
1734.446 521.1726
1727.556 521.1826
1720.24 521.1939
1713.15 521.2012
1705.574 521.2057
1697.289 521.2258
1691.045 521.2675
1686.054 521.3217
1681.943 521.3914
1679.45 521.4673
1678.012 521.5453
1677.707 521.6269
1677.809 521.6978
1677.895 521.7476
1677.965 521.7783
1678.039 521.7962
1678.087 521.7993
1678.098 521.7863
1678.083 521.7622
1678.041 521.7317
1677.989 521.6979
1677.921 521.6563
1677.83 521.594
1677.732 521.5241
1677.633 521.438
1677.553 521.3492
1677.452 521.2489
1677.35 521.1559
1677.242 521.083
1677.145 521.0234
1677.084 520.9777
1677.027 520.9404
1677.386 520.8997
1679.528 520.8701
1683.392 520.8505
1690.008 520.8267
1697.326 520.8096
1704.457 520.7971
1711.417 520.7796
1718.502 520.7616
1725.7 520.7556
1733.511 520.7525
1740.568 520.7592
1747.359 520.7839
1754.011 520.8101
1761.356 520.8446
1768.434 520.8805
1776.034 520.9162
1782.756 520.9429
1789.751 520.9559
1796.894 520.9685
1804.16 520.968
1810.842 520.9836
1818.757 521.0012
1825.633 521.0281
1832.432 521.0617
1839.249 521.1071
1846.482 521.1444
1853.31 521.1822
1860.939 521.2166
1868.026 521.2524
1874.581 521.2755
1881.647 521.3109
1888.897 521.3442
1896.179 521.3625
1903.603 521.3691
1910.446 521.3752
1917.492 521.3675
1924.825 521.3641
1931.64 521.3525
1938.857 521.3649
1946.692 521.3894
1953.317 521.4454
1960.424 521.4977
1967.397 521.5696
1974.243 521.6304
1981.327 521.6982
1989.046 521.7589
1995.889 521.8105
2002.604 521.8521
2009.41 521.8867
2016.238 521.914
2023.503 521.9248
2030.291 521.9305
2037.611 521.9169
2044.092 521.905
2051.338 521.8746
2058.406 521.8455
2065.71 521.8124
2072.979 521.7718
2079.985 521.7169
2086.764 521.6617
2094.001 521.5966
2101.522 521.5299
2108.69 521.4492
2115.665 521.3741
2124.158 521.3059
2129.57 521.2512
2136.338 521.2131
2142.996 521.1833
2150.364 521.1739
2157.358 521.183
2164.575 521.196
2171.413 521.219
2179.218 521.2339
2185.7 521.246
2192.516 521.261
2199.354 521.2849
2206.967 521.3141
2214.559 521.3477
2221.838 521.3848
2228.61 521.4078
2235.529 521.4355
2242.277 521.447
2249.54 521.4581
2256.751 521.4538
2264.693 521.4568
2271.279 521.4443
2278.219 521.4337
2285.011 521.4103
2291.85 521.4014
2299.112 521.3817
2307.071 521.3764
2313.463 521.3711
2320.458 521.3777
2327.782 521.3922
2334.955 521.4188
2341.942 521.4484
2350.138 521.4985
2356.257 521.5405
2361.181 521.5831
2368.116 521.6379
2375.196 521.6804
2382.245 521.7054
2390.084 521.7269
2396.772 521.7242
2403.434 521.7143
2410.533 521.7034
2417.815 521.7101
2424.703 521.7192
2433.711 521.7543
2440.888 521.7814
2447.648 521.8282
2454.79 521.86
2462.076 521.9032
2469.28 521.9276
2477.494 521.9637
2483.939 521.9774
2490.748 521.9753
2497.577 521.9503
2504.534 521.9299
2511.776 521.8914
2519.141 521.8545
2526.313 521.8105
2533.009 521.7798
2539.855 521.7467
2546.461 521.7046
2553.721 521.6702
2561.765 521.6324
2568.471 521.572
2575.583 521.5022
2582.74 521.4298
2589.38 521.3512
2595.699 521.2701
2601.718 521.1927
2605.868 521.1306
2605.919 521.0936
2605.959 521.0636
2605.987 521.0527
2606.013 521.0453
2606.003 521.0474
2605.979 521.0333
2605.927 521.0128
2605.869 520.9424
2605.832 520.8497
2605.793 520.7484
2605.809 520.6584
2605.863 520.587
2605.979 520.5478
2606.169 520.5054
2606.443 520.4692
2606.785 520.4261
2607.226 520.3661
2607.834 520.3004
2608.645 520.2321
2609.71 520.1823
2611.104 520.1641
2612.815 520.1727
2614.907 520.2135
2617.395 520.2736
2620.267 520.3553
2623.433 520.4601
2627.003 520.5887
2631.126 520.7356
2635.309 520.8894
2640.162 521.0692
2645.27 521.2678
2650.79 521.5225
2656.188 521.7849
2661.341 522.0511
2667.286 522.357
2673.05 522.6708
2679.354 523.0101
2685.731 523.3436
2692.381 523.6316
2698.808 523.8608
2705.633 524.0233
2712.552 524.1414
2719.486 524.2343
2726.49 524.3505
2733.163 524.4896
2739.616 524.6589
2746.436 524.8267
2753.126 524.9621
2759.895 525.0691
2766.831 525.1423
2773.519 525.2009
2779.64 525.309
2786.128 525.4656
2792.438 525.6963
2798.913 525.9654
2805.729 526.2706
2811.925 526.5335
2817.489 526.7686
2823.378 527.0029
2829.221 527.2463
2834.824 527.4894
2840.129 527.7771
2845.373 528.1158
2850.122 528.4858
2854.691 528.889
2858.774 529.3333
2862.55 529.8134
2866.138 530.3654
2869.048 530.9063
2871.205 531.385
2873.031 531.9244
2874.139 532.4368
2874.688 532.9894
2874.582 533.5911
2873.811 534.1987
2872.457 534.842
2870.535 535.447
2868.015 535.9487
2865.207 536.293
2861.641 536.4803
2858.009 536.501
2854.469 536.4556
2850.516 536.3473
2846.392 536.2111
2842.032 536.0994
2837.634 536.0601
2833.121 536.1201
2823.517 536.7652
2819.741 537.2426
2814.625 538.0865
2809.483 539.1171
2804.003 540.3564
2798.253 541.7404
2792.322 543.181
2785.565 544.7465
2777.825 546.3842
2769.638 547.9426
2760.551 549.4632
2748.812 551.1224
2740.26 552.1253
2730.228 553.0573
2720.118 553.756
2709.77 554.1942
2698.921 554.2964
2689.429 554.0913
2678.658 553.5527
2668.662 552.7594
2658.363 551.681
2648.145 550.3981
2636.965 548.8407
2627.096 547.379
2617.823 545.9651
2607.564 544.3736
2575.316 539.8747
2569.594 539.233
2559.152 538.2314
2548.931 537.446
2538.972 536.8215
2529.727 536.3307
2520.93 535.9313
2512.719 535.6815
2504.954 535.566
2498.216 535.6101
2491.826 535.7512
2486.563 535.9728
2480.688 536.3399
2477.404 536.6242
2474.844 536.8894
2472.81 537.1369
2471.968 537.2285
2471.749 537.2711
2472.14 537.2814
2473.154 537.2872
2474.723 537.3126
2477.214 537.394
2479.79 537.4953
2482.705 537.6232
2485.98 537.79
2488.961 537.9525
2491.984 538.1221
2494.901 538.319
2496.488 538.4499
2498.414 538.6443
2500.198 538.8143
2501.695 539.0371
2503.037 539.3675
2504.178 539.8483
2505.205 540.4102
2506.094 541.1128
2506.977 541.9272
2507.912 542.9055
2509.319 544.3763
2510.637 545.5711
2512.185 546.8212
2514.025 548.0797
2516.19 549.3561
2518.975 550.7526
2521.354 551.8547
2524.507 553.1594
2527.648 554.3123
2530.537 555.2988
2532.941 556.1204
2534.626 556.7854
2535.572 557.3521
2535.818 557.8302
2535.532 558.246
2534.961 558.5717
2534.052 558.8693
2533.072 559.072
2532.033 559.2516
2530.914 559.4545
2529.91 559.6918
2529.057 559.955
2528.494 560.2335
2528.309 560.5227
2528.539 560.7957
2529.198 561.0489
2530.112 561.2706
2531.342 561.4846
2532.791 561.6967
2534.468 561.9423
2536.111 562.1989
2537.894 562.4673
2539.668 562.7097
2541.479 562.8969
2543.273 563.003
2544.89 563.0452
2546.337 563.0483
2547.519 563.0323
2548.482 563.013
2549.183 562.9993
2549.798 562.9839
2550.347 562.9896
2551.212 562.9367
2551.405 562.8965
2551.565 562.8167
2551.591 562.7207
2551.589 562.6351
2551.576 562.5381
2551.646 562.4273
2551.769 562.2753
2551.965 562.0828
2552.132 561.8466
2552.273 561.5968
2552.363 561.2905
2552.441 561.027
2552.605 560.7529
2552.939 560.4841
2553.447 560.2142
2554.162 559.9026
2555.012 559.5784
2556.061 559.2436
2557.048 558.9547
2558.158 558.6694
2559.313 558.4252
2560.443 558.2484
2561.551 558.1357
2562.599 558.0682
2563.531 558.0404
2564.43 558.0479
2565.233 558.0782
2565.903 558.1076
2566.454 558.1113
2566.997 558.0872
2567.442 558.0615
2567.848 557.9825
2568.196 557.8631
2568.485 557.732
2568.714 557.6043
2568.909 557.5014
2569.098 557.4138
2569.336 557.3253
2569.607 557.2415
2569.907 557.1605
2570.27 557.0813
2570.672 557.0056
2571.084 556.9548
2571.533 556.9101
2572.037 556.8597
2572.535 556.8077
2573.049 556.7479
2573.513 556.6994
2573.849 556.6828
2574.02 556.6844
2574.1 556.7001
2574.091 556.7144
2573.972 556.79
2573.831 556.774
2573.684 556.7051
2573.596 556.5638
2573.521 556.4005
2573.531 556.2104
2573.666 555.985
2573.951 555.7266
2574.308 555.4628
2574.765 555.1705
2575.344 554.8557
2576.036 554.5326
2576.855 554.2192
2577.782 553.8932
2578.717 553.567
2579.73 553.2642
2580.802 552.9567
2581.896 552.6535
2582.906 552.3959
2583.856 552.1572
2585.548 551.7543
2586.089 551.6243
2586.759 551.4631
2587.344 551.2555
2587.777 551.0325
2588.125 550.7823
2588.335 550.5419
2588.437 550.3011
2588.431 550.0721
2588.301 549.8383
2588.073 549.6415
2587.688 549.4046
2587.306 549.2233
2586.858 549.027
2586.26 548.8241
2585.609 548.6163
2584.809 548.4023
2584.014 548.2272
2583.174 548.0745
2582.301 547.9456
2581.324 547.8221
2580.485 547.7097
2579.593 547.624
2578.845 547.541
2578.227 547.4829
2577.708 547.4279
2577.372 547.3602
2577.206 547.3029
2577.149 547.2318
2577.272 547.1437
2577.559 547.0369
2578.019 546.9042
2578.613 546.7642
2579.294 546.6318
2580.038 546.4952
2580.859 546.3427
2581.674 546.1718
2582.588 545.9613
2583.51 545.7313
2584.422 545.5048
2585.356 545.2804
2586.212 545.0942
2586.982 544.9303
2587.769 544.7428
2588.541 544.5392
2589.26 544.3207
2589.889 544.0728
2590.409 543.7944
2590.854 543.4979
2591.214 543.1646
2591.447 542.8378
2591.564 542.4917
2591.549 542.12
2591.429 541.7604
2611.104 520.1641
2612.815 520.1727
2614.907 520.2135
2617.395 520.2736
2620.267 520.3553
2623.433 520.4601
2627.003 520.5887
2631.126 520.7356
2635.309 520.8894
2640.162 521.0692
2645.27 521.2678
2650.79 521.5225
2656.188 521.7849
2661.341 522.0511
2667.286 522.357
2673.05 522.6708
2679.354 523.0101
2685.731 523.3436
2692.381 523.6316
2698.808 523.8608
2705.633 524.0233
2712.552 524.1414
2719.486 524.2343
2726.49 524.3505
2733.163 524.4896
2739.616 524.6589
2746.436 524.8267
2753.126 524.9621
2759.895 525.0691
2766.831 525.1423
2773.519 525.2009
2779.64 525.309
2786.128 525.4656
2792.438 525.6963
2798.913 525.9654
2805.729 526.2706
2811.925 526.5335
2817.489 526.7686
2823.378 527.0029
2829.221 527.2463
2834.824 527.4894
2840.129 527.7771
2845.373 528.1158
2850.122 528.4858
2854.691 528.889
2858.774 529.3333
2862.55 529.8134
2866.138 530.3654
2869.048 530.9063
2871.205 531.385
2873.031 531.9244
2874.139 532.4368
2874.688 532.9894
2874.582 533.5911
2873.811 534.1987
2872.457 534.842
2870.535 535.447
2868.015 535.9487
2865.207 536.293
2861.641 536.4803
2858.009 536.501
2854.469 536.4556
2850.516 536.3473
2846.392 536.2111
2842.032 536.0994
2837.634 536.0601
2833.121 536.1201
2823.517 536.7652
2819.741 537.2426
2814.625 538.0865
2809.483 539.1171
2804.003 540.3564
2798.253 541.7404
2792.322 543.181
2785.565 544.7465
2777.825 546.3842
2769.638 547.9426
2760.551 549.4632
2748.812 551.1224
2740.26 552.1253
2730.228 553.0573
2720.118 553.756
2709.77 554.1942
2698.921 554.2964
2689.429 554.0913
2678.658 553.5527
2668.662 552.7594
2658.363 551.681
2648.145 550.3981
2636.965 548.8407
2627.096 547.379
2617.823 545.9651
2607.564 544.3736
2575.316 539.8747
2569.594 539.233
2559.152 538.2314
2548.931 537.446
2538.972 536.8215
2529.727 536.3307
2520.93 535.9313
2512.719 535.6815
2504.954 535.566
2498.216 535.6101
2491.826 535.7512
2486.563 535.9728
2480.688 536.3399
2477.404 536.6242
2474.844 536.8894
2472.81 537.1369
2471.968 537.2285
2471.749 537.2711
2472.14 537.2814
2473.154 537.2872
2474.723 537.3126
2477.214 537.394
2479.79 537.4953
2482.705 537.6232
2485.98 537.79
2488.961 537.9525
2491.984 538.1221
2494.901 538.319
2496.488 538.4499
2498.414 538.6443
2500.198 538.8143
2501.695 539.0371
2503.037 539.3675
2504.178 539.8483
2505.205 540.4102
2506.094 541.1128
2506.977 541.9272
2507.912 542.9055
2509.319 544.3763
2510.637 545.5711
2512.185 546.8212
2514.025 548.0797
2516.19 549.3561
2518.975 550.7526
2521.354 551.8547
2524.507 553.1594
2527.648 554.3123
2530.537 555.2988
2532.941 556.1204
2534.626 556.7854
2535.572 557.3521
2535.818 557.8302
2535.532 558.246
2534.961 558.5717
2534.052 558.8693
2533.072 559.072
2532.033 559.2516
2530.914 559.4545
2529.91 559.6918
2529.057 559.955
2528.494 560.2335
2528.309 560.5227
2528.539 560.7957
2529.198 561.0489
2530.112 561.2706
2531.342 561.4846
2532.791 561.6967
2534.468 561.9423
2536.111 562.1989
2537.894 562.4673
2539.668 562.7097
2541.479 562.8969
2543.273 563.003
2544.89 563.0452
2546.337 563.0483
2547.519 563.0323
2548.482 563.013
2549.183 562.9993
2549.798 562.9839
2550.347 562.9896
2551.212 562.9367
2551.405 562.8965
2551.565 562.8167
2551.591 562.7207
2551.589 562.6351
2551.576 562.5381
2551.646 562.4273
2551.769 562.2753
2551.965 562.0828
2552.132 561.8466
2552.273 561.5968
2552.363 561.2905
2552.441 561.027
2552.605 560.7529
2552.939 560.4841
2553.447 560.2142
2554.162 559.9026
2555.012 559.5784
2556.061 559.2436
2557.048 558.9547
2558.158 558.6694
2559.313 558.4252
2560.443 558.2484
2561.551 558.1357
2562.599 558.0682
2563.531 558.0404
2564.43 558.0479
2565.233 558.0782
2565.903 558.1076
2566.454 558.1113
2566.997 558.0872
2567.442 558.0615
2567.848 557.9825
2568.196 557.8631
2568.485 557.732
2568.714 557.6043
2568.909 557.5014
2569.098 557.4138
2569.336 557.3253
2569.607 557.2415
2569.907 557.1605
2570.27 557.0813
2570.672 557.0056
2571.084 556.9548
2571.533 556.9101
2572.037 556.8597
2572.535 556.8077
2573.049 556.7479
2573.513 556.6994
2573.849 556.6828
2574.02 556.6844
2574.1 556.7001
2574.091 556.7144
2573.972 556.79
2573.831 556.774
2573.684 556.7051
2573.596 556.5638
2573.521 556.4005
2573.531 556.2104
2573.666 555.985
2573.951 555.7266
2574.308 555.4628
2574.765 555.1705
2575.344 554.8557
2576.036 554.5326
2576.855 554.2192
2577.782 553.8932
2578.717 553.567
2579.73 553.2642
2580.802 552.9567
2581.896 552.6535
2582.906 552.3959
2583.856 552.1572
2585.548 551.7543
2586.089 551.6243
2586.759 551.4631
2587.344 551.2555
2587.777 551.0325
2588.125 550.7823
2588.335 550.5419
2588.437 550.3011
2588.431 550.0721
2588.301 549.8383
2588.073 549.6415
2587.688 549.4046
2587.306 549.2233
2586.858 549.027
2586.26 548.8241
2585.609 548.6163
2584.809 548.4023
2584.014 548.2272
2583.174 548.0745
2582.301 547.9456
2581.324 547.8221
2580.485 547.7097
2579.593 547.624
2578.845 547.541
2578.227 547.4829
2577.708 547.4279
2577.372 547.3602
2577.206 547.3029
2577.149 547.2318
2577.272 547.1437
2577.559 547.0369
2578.019 546.9042
2578.613 546.7642
2579.294 546.6318
2580.038 546.4952
2580.859 546.3427
2581.674 546.1718
2582.588 545.9613
2583.51 545.7313
2584.422 545.5048
2585.356 545.2804
2586.212 545.0942
2586.982 544.9303
2587.769 544.7428
2588.541 544.5392
2589.26 544.3207
2589.889 544.0728
2590.409 543.7944
2590.854 543.4979
2591.214 543.1646
2591.447 542.8378
2591.564 542.4917
2591.549 542.12
2591.429 541.7604
2591.229 541.421
2591.013 541.0448
2590.749 540.6615
2590.481 540.2729
2590.187 539.9004
2589.866 539.4913
2589.551 539.1161
2589.238 538.7372
2588.908 538.3707
2588.605 538.0098
2588.005 537.3814
2587.85 537.2338
2587.583 536.972
2587.319 536.7596
2587.104 536.5816
2586.865 536.4578
2586.687 536.3461
2586.524 536.2676
2586.353 536.2094
2586.143 536.2006
2585.898 536.2219
2585.594 536.2902
2585.136 536.3967
2584.227 536.6168
2583.186 536.8818
2581.967 537.1253
2581.353 537.2747
2580.756 537.415
2580.201 537.5687
2579.654 537.6787
2579.208 537.7406
2578.76 537.7711
2578.367 537.7872
2577.999 537.7734
2577.68 537.7668
2577.377 537.7513
2577.094 537.7504
2576.778 537.7596
2576.495 537.7967
2576.252 537.8505
2575.955 537.9517
2575.641 538.0814
2575.25 538.2473
2574.821 538.4332
2574.365 538.651
2573.885 538.911
2573.42 539.1985
2572.962 539.5082
2572.484 539.858
2572.077 540.1831
2571.635 540.5332
2571.199 540.9037
2570.756 541.298
2570.366 541.6896
2569.997 542.1367
2569.709 542.5623
2569.457 543.0316
2569.265 543.5205
2569.115 544.0688
2569.045 544.7239
2569.037 545.4231
2569.066 546.2385
2569.138 547.1204
2569.25 548.184
2569.37 549.2239
2569.468 550.2347
2569.521 551.5338
2569.52 553.0454
2569.454 554.7194
2569.365 556.4858
2569.341 558.3602
2569.462 560.25
2569.836 562.3038
2570.411 564.2235
2571.196 566.17
2572.472 568.4501
2573.698 570.2192
2574.913 571.944
2576.222 573.6953
2577.56 575.4321
2578.945 577.0602
2580.517 578.7132
2582.089 580.0862
2583.792 581.3455
2585.65 582.5176
2587.729 583.6783
2589.988 584.7576
2592.547 585.8732
2595.152 586.9174
2597.836 587.9574
2600.448 588.9831
2603.083 590.1302
2605.496 591.311
2607.67 592.5714
2609.669 593.9026
2611.143 595.0499
2612.623 596.3099
2613.888 597.5777
2615.043 598.866
2615.965 600.124
2616.787 601.3951
2617.392 602.5992
2617.985 603.8774
2618.445 605.1631
2618.868 606.4054
2619.205 607.7043
2619.418 608.8555
2619.449 609.909
2619.413 610.9913
2619.334 611.9789
2619.172 613.0343
2618.921 614.1283
2618.643 615.1046
2618.264 615.9987
2617.874 616.8352
2617.41 617.6426
2617.005 618.3361
2616.539 619.0546
2616.185 619.6627
2615.911 620.1024
2615.865 620.4381
2615.955 620.6471
2616.288 620.7673
2616.749 620.8135
2617.432 620.8162
2618.158 620.7812
2619.055 620.7104
2619.993 620.6144
2621.047 620.5216
2622.082 620.2741
2623.203 620.0224
2624.417 619.8944
2625.589 619.8633
2626.707 619.9371
2627.822 620.0323
2628.927 620.1101
2629.927 620.1415
2630.791 620.1589
2631.629 620.1805
2632.347 620.2263
2632.966 620.2856
2633.476 620.3643
2633.962 620.4485
2634.421 620.5261
2634.859 620.6162
2635.314 620.6904
2635.774 620.7185
2636.185 620.6851
2636.626 620.5387
2637.096 620.2695
2637.643 619.8065
2638.158 619.1848
2638.675 618.3646
2639.199 617.3539
2639.785 616.2618
2640.341 615.2833
2640.957 614.3345
2641.591 613.4946
2642.281 612.6916
2642.975 611.9426
2643.7 611.2266
2644.423 610.5844
2645.092 610.0441
2645.705 609.5453
2646.206 609.0861
2647.163 607.9586
2647.476 607.4579
2647.811 606.7134
2647.988 605.9164
2648.011 605.1207
2647.901 604.295
2647.76 603.4818
2647.733 602.6989
2647.946 601.9456
2648.395 601.2487
2648.977 600.627
2649.91 599.8835
2650.814 599.3121
2651.856 598.802
2653.094 598.3019
2654.337 597.8971
2655.527 597.5667
2656.813 597.272
2658.101 596.9829
2659.115 596.7134
2660.012 596.3685
2660.448 596.0155
2660.484 595.6691
2660.102 595.2508
2659.225 594.7431
2657.969 594.1781
2655.878 593.3787
2653.527 592.5454
2650.726 591.6338
2647.486 590.6533
2643.68 589.6125
2639.385 588.5508
2634.707 587.5305
2629.944 586.5899
2625.155 585.7534
2619.721 584.9163
2614.139 584.1829
2608.376 583.5173
2602.553 582.9499
2596.643 582.462
2591.16 582.0651
2585.628 581.6945
2580.181 581.3508
2574.458 580.994
2568.346 580.6377
2562.812 580.3537
2557.482 580.126
2551.957 579.9498
2546.442 579.8703
2540.947 579.8717
2535.382 579.9358
2529.701 580.038
2523.86 580.1595
2518.294 580.2835
2512.36 580.4451
2506.583 580.6193
2500.545 580.7747
2495.168 580.8978
2490.119 581.001
2485.416 581.0555
2481.033 581.0909
2476.929 581.111
2473.432 581.1248
2470.037 581.1398
2467.213 581.1818
2464.83 581.235
2462.873 581.2786
2461.512 581.2924
2460.352 581.2972
2459.526 581.3034
2459.001 581.3512
2458.646 581.4818
2458.475 581.6843
2458.406 581.9583
2458.422 582.2942
2458.544 582.6564
2458.81 583.0154
2459.169 583.3829
2459.561 583.6881
2459.941 583.9766
2460.439 584.2991
2460.958 584.6362
2461.551 585.0416
2462.312 585.5177
2463.12 586.0089
2463.975 586.4747
2465.88 587.3693
2466.779 587.6255
2470.198 588.1852
2471.788 588.236
2472.802 588.1984
2473.447 588.1384
2473.694 588.0713
2473.499 588.0208
2472.857 587.988
2471.842 588.0145
2470.466 588.1505
2468.76 588.4388
2466.852 588.8617
2464.607 589.5174
2462.594 590.2253
2457.513 592.3915
2451.675 594.7689
2444.428 596.7219
2434.839 598.3495
2424.147 599.5308
2414.146 599.8416
2409.038 599.6212
2403.779 599.3817
2398.188 599.2024
2392.745 599.1602
2387.003 599.1927
2381.319 599.2621
2375.009 599.3616
2368.316 599.4631
2361.605 599.5416
2354.624 599.582
2348.202 599.6145
2342.256 599.7075
2336.643 599.9351
2331.662 600.2955
2328.014 600.845
2324.951 601.5485
2322.825 602.1556
2321.063 602.7092
2319.412 603.2108
2317.662 603.681
2315.595 604.1752
2313.304 604.6708
2311.109 605.1223
2309.031 605.4219
2306.493 605.4848
2303.657 605.3131
2300.677 604.9253
2297.554 604.2552
2591.229 541.421
2591.013 541.0448
2590.749 540.6615
2590.481 540.2729
2590.187 539.9004
2589.866 539.4913
2589.551 539.1161
2589.238 538.7372
2588.908 538.3707
2588.605 538.0098
2588.005 537.3814
2587.85 537.2338
2587.583 536.972
2587.319 536.7596
2587.104 536.5816
2586.865 536.4578
2586.687 536.3461
2586.524 536.2676
2586.353 536.2094
2586.143 536.2006
2585.898 536.2219
2585.594 536.2902
2585.136 536.3967
2584.227 536.6168
2583.186 536.8818
2581.967 537.1253
2581.353 537.2747
2580.756 537.415
2580.201 537.5687
2579.654 537.6787
2579.208 537.7406
2578.76 537.7711
2578.367 537.7872
2577.999 537.7734
2577.68 537.7668
2577.377 537.7513
2577.094 537.7504
2576.778 537.7596
2576.495 537.7967
2576.252 537.8505
2575.955 537.9517
2575.641 538.0814
2575.25 538.2473
2574.821 538.4332
2574.365 538.651
2573.885 538.911
2573.42 539.1985
2572.962 539.5082
2572.484 539.858
2572.077 540.1831
2571.635 540.5332
2571.199 540.9037
2570.756 541.298
2570.366 541.6896
2569.997 542.1367
2569.709 542.5623
2569.457 543.0316
2569.265 543.5205
2569.115 544.0688
2569.045 544.7239
2569.037 545.4231
2569.066 546.2385
2569.138 547.1204
2569.25 548.184
2569.37 549.2239
2569.468 550.2347
2569.521 551.5338
2569.52 553.0454
2569.454 554.7194
2569.365 556.4858
2569.341 558.3602
2569.462 560.25
2569.836 562.3038
2570.411 564.2235
2571.196 566.17
2572.472 568.4501
2573.698 570.2192
2574.913 571.944
2576.222 573.6953
2577.56 575.4321
2578.945 577.0602
2580.517 578.7132
2582.089 580.0862
2583.792 581.3455
2585.65 582.5176
2587.729 583.6783
2589.988 584.7576
2592.547 585.8732
2595.152 586.9174
2597.836 587.9574
2600.448 588.9831
2603.083 590.1302
2605.496 591.311
2607.67 592.5714
2609.669 593.9026
2611.143 595.0499
2612.623 596.3099
2613.888 597.5777
2615.043 598.866
2615.965 600.124
2616.787 601.3951
2617.392 602.5992
2617.985 603.8774
2618.445 605.1631
2618.868 606.4054
2619.205 607.7043
2619.418 608.8555
2619.449 609.909
2619.413 610.9913
2619.334 611.9789
2619.172 613.0343
2618.921 614.1283
2618.643 615.1046
2618.264 615.9987
2617.874 616.8352
2617.41 617.6426
2617.005 618.3361
2616.539 619.0546
2616.185 619.6627
2615.911 620.1024
2615.865 620.4381
2615.955 620.6471
2616.288 620.7673
2616.749 620.8135
2617.432 620.8162
2618.158 620.7812
2619.055 620.7104
2619.993 620.6144
2621.047 620.5216
2622.082 620.2741
2623.203 620.0224
2624.417 619.8944
2625.589 619.8633
2626.707 619.9371
2627.822 620.0323
2628.927 620.1101
2629.927 620.1415
2630.791 620.1589
2631.629 620.1805
2632.347 620.2263
2632.966 620.2856
2633.476 620.3643
2633.962 620.4485
2634.421 620.5261
2634.859 620.6162
2635.314 620.6904
2635.774 620.7185
2636.185 620.6851
2636.626 620.5387
2637.096 620.2695
2637.643 619.8065
2638.158 619.1848
2638.675 618.3646
2639.199 617.3539
2639.785 616.2618
2640.341 615.2833
2640.957 614.3345
2641.591 613.4946
2642.281 612.6916
2642.975 611.9426
2643.7 611.2266
2644.423 610.5844
2645.092 610.0441
2645.705 609.5453
2646.206 609.0861
2647.163 607.9586
2647.476 607.4579
2647.811 606.7134
2647.988 605.9164
2648.011 605.1207
2647.901 604.295
2647.76 603.4818
2647.733 602.6989
2647.946 601.9456
2648.395 601.2487
2648.977 600.627
2649.91 599.8835
2650.814 599.3121
2651.856 598.802
2653.094 598.3019
2654.337 597.8971
2655.527 597.5667
2656.813 597.272
2658.101 596.9829
2659.115 596.7134
2660.012 596.3685
2660.448 596.0155
2660.484 595.6691
2660.102 595.2508
2659.225 594.7431
2657.969 594.1781
2655.878 593.3787
2653.527 592.5454
2650.726 591.6338
2647.486 590.6533
2643.68 589.6125
2639.385 588.5508
2634.707 587.5305
2629.944 586.5899
2625.155 585.7534
2619.721 584.9163
2614.139 584.1829
2608.376 583.5173
2602.553 582.9499
2596.643 582.462
2591.16 582.0651
2585.628 581.6945
2580.181 581.3508
2574.458 580.994
2568.346 580.6377
2562.812 580.3537
2557.482 580.126
2551.957 579.9498
2546.442 579.8703
2540.947 579.8717
2535.382 579.9358
2529.701 580.038
2523.86 580.1595
2518.294 580.2835
2512.36 580.4451
2506.583 580.6193
2500.545 580.7747
2495.168 580.8978
2490.119 581.001
2485.416 581.0555
2481.033 581.0909
2476.929 581.111
2473.432 581.1248
2470.037 581.1398
2467.213 581.1818
2464.83 581.235
2462.873 581.2786
2461.512 581.2924
2460.352 581.2972
2459.526 581.3034
2459.001 581.3512
2458.646 581.4818
2458.475 581.6843
2458.406 581.9583
2458.422 582.2942
2458.544 582.6564
2458.81 583.0154
2459.169 583.3829
2459.561 583.6881
2459.941 583.9766
2460.439 584.2991
2460.958 584.6362
2461.551 585.0416
2462.312 585.5177
2463.12 586.0089
2463.975 586.4747
2465.88 587.3693
2466.779 587.6255
2470.198 588.1852
2471.788 588.236
2472.802 588.1984
2473.447 588.1384
2473.694 588.0713
2473.499 588.0208
2472.857 587.988
2471.842 588.0145
2470.466 588.1505
2468.76 588.4388
2466.852 588.8617
2464.607 589.5174
2462.594 590.2253
2457.513 592.3915
2451.675 594.7689
2444.428 596.7219
2434.839 598.3495
2424.147 599.5308
2414.146 599.8416
2409.038 599.6212
2403.779 599.3817
2398.188 599.2024
2392.745 599.1602
2387.003 599.1927
2381.319 599.2621
2375.009 599.3616
2368.316 599.4631
2361.605 599.5416
2354.624 599.582
2348.202 599.6145
2342.256 599.7075
2336.643 599.9351
2331.662 600.2955
2328.014 600.845
2324.951 601.5485
2322.825 602.1556
2321.063 602.7092
2319.412 603.2108
2317.662 603.681
2315.595 604.1752
2313.304 604.6708
2311.109 605.1223
2309.031 605.4219
2306.493 605.4848
2303.657 605.3131
2300.677 604.9253
2297.554 604.2552
2294.629 603.4395
2291.571 602.5186
2288.255 601.6055
2284.494 600.6686
2280.729 599.7688
2276.888 598.8013
2273.578 597.8877
2270.391 596.9537
2267.051 595.9283
2263.489 594.8705
2260.03 593.927
2256.75 593.1466
2253.758 592.4404
2251.023 591.8151
2248.476 591.2098
2246.117 590.6923
2244.525 590.5192
2243.726 590.7655
2243.431 591.3805
2243.657 592.0417
2244.118 592.4911
2244.448 592.8163
2244.398 592.902
2243.914 592.9078
2243.253 592.9295
2242.737 593.2041
2243.244 593.3567
2244.755 593.9286
2246.205 594.281
2247.131 594.2978
2247.583 594.1658
2247.694 594.1622
2247.431 594.4623
2247.289 594.5446
2247.961 594.381
2249.543 594.8922
2251.395 595.1555
2253.049 595.1013
2253.913 595.2382
2253.888 594.8777
2253.131 594.3877
2251.966 593.9385
2250.872 593.3183
2249.716 592.4868
2248.42 591.5128
2247.122 590.4465
2245.88 589.3339
2244.826 588.4489
2243.625 587.8204
2242.515 587.6318
2241.725 587.9888
2241.064 588.5127
2240.218 588.6252
2239.689 588.5262
2239.454 588.1755
2239.536 587.5142
2239.686 586.7531
2239.788 586.0368
2239.861 585.3928
2240.08 584.6803
2240.621 584.1813
2241.446 584.0101
2242.556 584.0562
2243.889 584.3303
2245.317 584.7637
2246.793 585.2286
2248.349 585.5117
2249.443 585.6011
2249.933 585.6165
2249.849 585.4912
2249.289 585.1508
2248.167 584.6915
2246.622 584.2377
2244.863 583.7389
2243.108 583.2549
2241.576 582.6385
2240.449 582.1016
2240.142 582.8018
2240.058 583.9105
2239.661 584.7704
2239.244 586.059
2239.383 586.4303
2239.813 587.0732
2240.546 587.7159
2241.531 588.3231
2242.187 588.5042
2242.885 588.3533
2245.006 588.3546
2248.481 588.3703
2250.866 587.879
2250.735 587.2595
2248.352 587.249
2246.074 587.3872
2243.341 587.5737
2240.411 587.6882
2237.646 587.3841
2235.229 586.7295
2233.318 585.7862
2232.433 584.8892
2231.803 584.2162
2231.016 583.6218
2229.664 582.8159
2228.298 582.1083
2227.283 581.4425
2226.659 580.8707
2226.22 580.4244
2225.909 580.1277
2225.714 580.0168
2225.467 580.0268
2225.091 580.045
2224.627 580.1256
2224.599 580.1614
2224.852 580.3852
2224.92 580.7672
2224.794 581.03
2224.634 581.3607
2224.832 581.8421
2224.928 582.1918
2224.203 582.6168
2223.07 583.2473
2222.324 583.769
2222.201 584.3122
2222.598 585.0693
2223.284 586.0302
2224.184 587.1407
2224.75 587.9438
2225.354 588.4379
2226.289 588.6329
2227.365 588.7877
2228.438 589.1747
2229.083 589.5289
2229.143 589.662
2229.536 589.8313
2231.186 589.9432
2233.258 590.1278
2234.751 590.393
2235.371 590.3461
2235.378 590.1387
2235.267 589.8641
2235.299 589.4158
2235.267 588.7267
2235.222 587.9218
2235.278 587.1124
2235.417 586.4552
2235.517 585.8862
2235.512 585.4127
2235.494 585.0697
2235.966 585.0068
2237.178 585.3351
2238.75 586.0083
2240.282 586.78
2241.782 587.6667
2243.172 588.4834
2244.727 589.0057
2246.758 589.1478
2249.375 589.0386
2252.665 588.8561
2256.086 588.751
2259.694 588.7958
2263.254 589.0334
2267.077 589.5996
2270.707 590.5535
2274.519 591.8605
2279.293 593.7338
2284.757 596.0177
2290.593 598.5498
2296.727 601.2124
2302.887 604.0652
2308.881 607.009
2315.193 610.1079
2321.391 613.3984
2327.494 617.1995
2333.801 621.8256
2339.718 626.457
2345.222 630.5979
2351.178 635.3293
2356.528 640.2521
2360.954 645.3182
2365.04 650.4899
2368.914 655.4299
2372.503 660.1013
2375.858 664.9747
2378.68 669.5191
2380.922 673.6377
2382.95 677.5278
2384.307 680.9737
2385.07 684.1009
2385.645 686.9239
2385.926 689.6459
2386.009 692.3059
2386.096 695.0333
2386.425 697.5464
2386.961 699.8215
2387.743 702.266
2389.155 704.8178
2390.957 707.3545
2393.309 709.842
2395.807 712.3552
2398.473 714.7957
2401.411 717.544
2404.885 720.4541
2408.624 723.5366
2413.147 726.8242
2418.411 730.177
2423.912 732.9278
2429.761 735.4051
2434.927 737.3315
2438.576 738.7686
2441.973 740.1067
2445.542 741.2639
2450.579 742.0632
2457.631 742.3751
2465.496 742.4197
2473.126 742.381
2479.939 742.2617
2485.656 742.1926
2490.671 742.1813
2495.576 742.2487
2500.805 742.2753
2506.118 742.2448
2511.841 742.0819
2517.81 741.8076
2524.253 741.4027
2531.441 740.9714
2537.878 740.6475
2544.292 740.3169
2550.453 739.9623
2556.753 739.6002
2562.802 739.1799
2568.043 738.8766
2572.207 738.6837
2575.7 738.577
2579.306 738.4594
2582.878 738.4811
2586.13 738.6171
2588.931 738.9651
2590.773 739.439
2591.82 740.0993
2592.499 740.7373
2593.019 741.4267
2593.647 741.9849
2594.248 742.5344
2594.429 743.0016
2594.115 743.4175
2593.405 743.8306
2592.42 744.3063
2591.366 744.7693
2590.419 745.1479
2589.535 745.508
2588.666 745.7309
2587.621 745.8467
2586.479 745.7512
2585.047 745.4846
2583.257 744.936
2581.638 744.3708
2580.151 743.834
2578.504 743.3807
2576.505 743.0461
2574.001 742.8326
2570.966 742.6025
2568.079 742.4077
2565.402 742.2014
2562.972 741.9816
2560.425 741.7554
2557.762 741.4252
2554.585 740.8671
2550.843 740.1793
2546.981 739.3281
2543.192 738.1797
2540.299 737.0366
2538.657 736.022
2538.331 735.1099
2538.684 734.3563
2538.733 733.7125
2537.811 733.0823
2535.641 732.4728
2532.343 731.9435
2528.61 731.4225
2524.923 730.7834
2523.259 730.47
2520.349 729.9434
2517.61 729.4576
2514.184 728.9271
2509.965 728.3923
2505.182 727.7886
2499.998 727.1218
2494.814 726.3999
2489.738 725.642
2484.673 724.838
2478.859 723.9753
2473.623 723.2195
2467.217 722.3657
2460.88 721.6365
2454.789 721.1383
2450.284 720.3414
2446.882 719.0367
2445.091 717.6714
2443.869 716.7593
2441.014 716.2592
2434.502 715.4492
2294.629 603.4395
2291.571 602.5186
2288.255 601.6055
2284.494 600.6686
2280.729 599.7688
2276.888 598.8013
2273.578 597.8877
2270.391 596.9537
2267.051 595.9283
2263.489 594.8705
2260.03 593.927
2256.75 593.1466
2253.758 592.4404
2251.023 591.8151
2248.476 591.2098
2246.117 590.6923
2244.525 590.5192
2243.726 590.7655
2243.431 591.3805
2243.657 592.0417
2244.118 592.4911
2244.448 592.8163
2244.398 592.902
2243.914 592.9078
2243.253 592.9295
2242.737 593.2041
2243.244 593.3567
2244.755 593.9286
2246.205 594.281
2247.131 594.2978
2247.583 594.1658
2247.694 594.1622
2247.431 594.4623
2247.289 594.5446
2247.961 594.381
2249.543 594.8922
2251.395 595.1555
2253.049 595.1013
2253.913 595.2382
2253.888 594.8777
2253.131 594.3877
2251.966 593.9385
2250.872 593.3183
2249.716 592.4868
2248.42 591.5128
2247.122 590.4465
2245.88 589.3339
2244.826 588.4489
2243.625 587.8204
2242.515 587.6318
2241.725 587.9888
2241.064 588.5127
2240.218 588.6252
2239.689 588.5262
2239.454 588.1755
2239.536 587.5142
2239.686 586.7531
2239.788 586.0368
2239.861 585.3928
2240.08 584.6803
2240.621 584.1813
2241.446 584.0101
2242.556 584.0562
2243.889 584.3303
2245.317 584.7637
2246.793 585.2286
2248.349 585.5117
2249.443 585.6011
2249.933 585.6165
2249.849 585.4912
2249.289 585.1508
2248.167 584.6915
2246.622 584.2377
2244.863 583.7389
2243.108 583.2549
2241.576 582.6385
2240.449 582.1016
2240.142 582.8018
2240.058 583.9105
2239.661 584.7704
2239.244 586.059
2239.383 586.4303
2239.813 587.0732
2240.546 587.7159
2241.531 588.3231
2242.187 588.5042
2242.885 588.3533
2245.006 588.3546
2248.481 588.3703
2250.866 587.879
2250.735 587.2595
2248.352 587.249
2246.074 587.3872
2243.341 587.5737
2240.411 587.6882
2237.646 587.3841
2235.229 586.7295
2233.318 585.7862
2232.433 584.8892
2231.803 584.2162
2231.016 583.6218
2229.664 582.8159
2228.298 582.1083
2227.283 581.4425
2226.659 580.8707
2226.22 580.4244
2225.909 580.1277
2225.714 580.0168
2225.467 580.0268
2225.091 580.045
2224.627 580.1256
2224.599 580.1614
2224.852 580.3852
2224.92 580.7672
2224.794 581.03
2224.634 581.3607
2224.832 581.8421
2224.928 582.1918
2224.203 582.6168
2223.07 583.2473
2222.324 583.769
2222.201 584.3122
2222.598 585.0693
2223.284 586.0302
2224.184 587.1407
2224.75 587.9438
2225.354 588.4379
2226.289 588.6329
2227.365 588.7877
2228.438 589.1747
2229.083 589.5289
2229.143 589.662
2229.536 589.8313
2231.186 589.9432
2233.258 590.1278
2234.751 590.393
2235.371 590.3461
2235.378 590.1387
2235.267 589.8641
2235.299 589.4158
2235.267 588.7267
2235.222 587.9218
2235.278 587.1124
2235.417 586.4552
2235.517 585.8862
2235.512 585.4127
2235.494 585.0697
2235.966 585.0068
2237.178 585.3351
2238.75 586.0083
2240.282 586.78
2241.782 587.6667
2243.172 588.4834
2244.727 589.0057
2246.758 589.1478
2249.375 589.0386
2252.665 588.8561
2256.086 588.751
2259.694 588.7958
2263.254 589.0334
2267.077 589.5996
2270.707 590.5535
2274.519 591.8605
2279.293 593.7338
2284.757 596.0177
2290.593 598.5498
2296.727 601.2124
2302.887 604.0652
2308.881 607.009
2315.193 610.1079
2321.391 613.3984
2327.494 617.1995
2333.801 621.8256
2339.718 626.457
2345.222 630.5979
2351.178 635.3293
2356.528 640.2521
2360.954 645.3182
2365.04 650.4899
2368.914 655.4299
2372.503 660.1013
2375.858 664.9747
2378.68 669.5191
2380.922 673.6377
2382.95 677.5278
2384.307 680.9737
2385.07 684.1009
2385.645 686.9239
2385.926 689.6459
2386.009 692.3059
2386.096 695.0333
2386.425 697.5464
2386.961 699.8215
2387.743 702.266
2389.155 704.8178
2390.957 707.3545
2393.309 709.842
2395.807 712.3552
2398.473 714.7957
2401.411 717.544
2404.885 720.4541
2408.624 723.5366
2413.147 726.8242
2418.411 730.177
2423.912 732.9278
2429.761 735.4051
2434.927 737.3315
2438.576 738.7686
2441.973 740.1067
2445.542 741.2639
2450.579 742.0632
2457.631 742.3751
2465.496 742.4197
2473.126 742.381
2479.939 742.2617
2485.656 742.1926
2490.671 742.1813
2495.576 742.2487
2500.805 742.2753
2506.118 742.2448
2511.841 742.0819
2517.81 741.8076
2524.253 741.4027
2531.441 740.9714
2537.878 740.6475
2544.292 740.3169
2550.453 739.9623
2556.753 739.6002
2562.802 739.1799
2568.043 738.8766
2572.207 738.6837
2575.7 738.577
2579.306 738.4594
2582.878 738.4811
2586.13 738.6171
2588.931 738.9651
2590.773 739.439
2591.82 740.0993
2592.499 740.7373
2593.019 741.4267
2593.647 741.9849
2594.248 742.5344
2594.429 743.0016
2594.115 743.4175
2593.405 743.8306
2592.42 744.3063
2591.366 744.7693
2590.419 745.1479
2589.535 745.508
2588.666 745.7309
2587.621 745.8467
2586.479 745.7512
2585.047 745.4846
2583.257 744.936
2581.638 744.3708
2580.151 743.834
2578.504 743.3807
2576.505 743.0461
2574.001 742.8326
2570.966 742.6025
2568.079 742.4077
2565.402 742.2014
2562.972 741.9816
2560.425 741.7554
2557.762 741.4252
2554.585 740.8671
2550.843 740.1793
2546.981 739.3281
2543.192 738.1797
2540.299 737.0366
2538.657 736.022
2538.331 735.1099
2538.684 734.3563
2538.733 733.7125
2537.811 733.0823
2535.641 732.4728
2532.343 731.9435
2528.61 731.4225
2524.923 730.7834
2523.259 730.47
2520.349 729.9434
2517.61 729.4576
2514.184 728.9271
2509.965 728.3923
2505.182 727.7886
2499.998 727.1218
2494.814 726.3999
2489.738 725.642
2484.673 724.838
2478.859 723.9753
2473.623 723.2195
2467.217 722.3657
2460.88 721.6365
2454.789 721.1383
2450.284 720.3414
2446.882 719.0367
2445.091 717.6714
2443.869 716.7593
2441.014 716.2592
2434.502 715.4492
