1920 480
221.0957 477.9129
221.2744 478.2589
221.2702 478.2852
221.2539 478.2765
221.2031 478.2962
221.2161 478.3001
221.2308 478.3232
221.1654 478.3063
221.1673 478.3045
221.179 478.3345
221.1921 478.3314
221.2432 478.313
221.2191 478.3226
221.2311 478.3216
221.1927 478.3226
221.1927 478.3223
221.249 478.3298
221.2738 478.3655
221.4167 478.3615
221.4258 478.3198
221.4668 478.3146
221.4525 478.3467
221.4505 478.3633
221.4805 478.3582
221.5189 478.3652
221.5026 478.3377
221.5104 478.3421
221.5072 478.3665
221.5146 478.3535
221.5 478.3226
221.5208 478.3371
221.5273 478.3447
221.5674 478.3377
221.5459 478.3641
221.5423 478.3343
221.6006 478.3213
221.5264 478.3535
221.5723 478.3513
221.5804 478.347
221.5853 478.3442
221.5902 478.3416
221.3877 478.2576
221.4798 478.3242
221.5339 478.2987
221.5384 478.321
221.6507 478.3149
221.6602 478.3179
221.6175 478.2555
221.6243 478.311
221.5599 478.3468
221.6038 478.3364
221.5902 478.2904
221.5843 478.328
221.5651 478.334
221.5472 478.3481
221.5876 478.3872
221.6423 478.3372
221.5313 478.3504
221.47 478.3685
221.5225 478.32
221.4707 478.3534
221.485 478.3685
221.3949 478.4175
221.4102 478.3839
221.374 478.4001
221.3525 478.3788
221.3516 478.3789
221.3854 478.3521
221.3203 478.3806
221.3018 478.4188
221.2767 478.3924
221.3099 478.4014
221.3014 478.4251
221.2861 478.4211
221.2923 478.3898
221.3242 478.4131
221.2581 478.4137
221.2796 478.4251
221.2917 478.3996
221.3333 478.4071
221.2923 478.4045
221.2982 478.4303
221.3353 478.3807
221.2702 478.4067
221.2907 478.4268
221.3161 478.4041
221.3431 478.4185
221.2969 478.4061
221.335 478.4489
221.3392 478.4388
221.3675 478.4655
221.3796 478.4206
221.3659 478.4347
221.36 478.4059
221.3968 478.4152
221.377 478.4367
221.3226 478.4534
221.2933 478.4053
221.3385 478.4424
221.3783 478.4323
221.3958 478.4663
221.3916 478.424
221.3623 478.4413
221.3932 478.4149
221.3743 478.443
221.3945 478.4339
221.4352 478.4702
221.3425 478.5052
221.3841 478.466
221.4759 478.4806
221.3574 478.4655
221.3919 478.4829
221.361 478.4793
221.3457 478.47
221.3786 478.4596
221.4229 478.4937
221.3591 478.4993
221.3822 478.4521
221.3678 478.4756
221.3669 478.5056
221.3236 478.5008
221.3587 478.4718
221.363 478.5264
221.3236 478.5023
221.362 478.4995
221.2044 478.5158
221.3197 478.5417
221.2412 478.5298
221.2725 478.5427
221.2624 478.4886
221.2825 478.5198
221.2956 478.5464
221.3893 478.4295
221.319 478.521
221.3441 478.5163
221.249 478.4819
221.3441 478.4796
221.2715 478.494
221.2594 478.5321
221.222 478.5741
221.2266 478.5524
221.2116 478.5924
221.3174 478.5809
221.2559 478.5723
221.224 478.6302
221.1777 478.5874
221.1833 478.5848
221.2236 478.5715
221.2396 478.6136
221.2002 478.5912
221.2383 478.6348
221.1696 478.641
221.2842 478.6273
221.2891 478.6252
221.2461 478.6162
221.2415 478.6118
221.263 478.6086
221.1797 478.6526
221.2194 478.6242
221.208 478.6212
221.2572 478.6478
221.2783 478.639
221.2611 478.6665
221.276 478.7051
221.3792 478.6594
221.278 478.6942
221.2751 478.7209
221.3161 478.7005
221.3353 478.6748
221.334 478.6771
221.2721 478.6585
221.3444 478.7052
221.3418 478.6483
221.2454 478.6427
221.306 478.688
221.2796 478.6729
221.207 478.673
221.2513 478.6857
221.2207 478.6842
221.2393 478.6803
221.2728 478.6755
221.2331 478.6836
221.3242 478.6475
221.2132 478.6717
221.1868 478.6979
221.2122 478.7137
221.2051 478.6769
221.2223 478.6458
221.1312 478.6852
221.1764 478.6703
221.1908 478.6351
221.1615 478.6551
221.1442 478.7064
221.2233 478.6603
221.2363 478.6043
221.1872 478.6631
221.1953 478.6925
221.1751 478.6851
221.2119 478.6725
221.1696 478.6965
221.1732 478.6943
221.0866 478.6628
221.1283 478.6571
221.0999 478.7103
221.1693 478.7039
221.1139 478.6761
221.0973 478.6693
221.1143 478.6709
221.1315 478.6899
221.1003 478.6615
221.1969 478.6455
221.1868 478.6499
221.1204 478.6382
221.1673 478.6411
221.1719 478.6771
221.1523 478.6089
221.1706 478.6131
221.1751 478.6372
221.1947 478.6406
221.1842 478.6466
221.1563 478.6437
221.1836 478.6413
221.1908 478.6027
221.1969 478.6401
221.1654 478.6346
221.21 478.6016
221.2441 478.6139
221.2207 478.6099
221.2337 478.6169
221.2454 478.5956
221.1989 478.6247
221.2184 478.6224
221.2093 478.5991
221.2135 478.5877
221.2314 478.5898
221.181 478.6014
221.2376 478.5817
221.2435 478.5763
221.236 478.6063
221.262 478.6118
221.3034 478.5965
221.2793 478.5682
221.2842 478.5729
221.276 478.5841
221.3158 478.5702
221.3027 478.582
221.2666 478.5684
221.3005 478.583
221.3249 478.5829
221.3333 478.5817
221.3538 478.585
221.36 478.5791
221.403 478.6297
221.3994 478.5824
221.4326 478.596
221.4395 478.5939
221.4033 478.6081
221.4948 478.5853
221.4499 478.6217
221.4329 478.598
221.5026 478.603
221.4805 478.6276
221.4818 478.6229
221.5723 478.639
221.6009 478.6703
221.6042 478.6621
221.4961 478.6541
221.5934 478.6367
221.5759 478.6491
221.5911 478.6559
221.569 478.6434
221.6022 478.6611
221.6178 478.6361
221.6471 478.6496
221.6631 478.6631
221.6247 478.6675
221.6507 478.6761
221.6387 478.6834
221.64 478.668
221.6735 478.6753
221.6842 478.7191
221.7279 478.6677
221.7813 478.6719
221.6784 478.697
221.6934 478.6823
221.6966 478.6455
221.7314 478.6628
221.665 478.7157
221.651 478.6764
221.6654 478.7708
221.7402 478.6989
221.6764 478.6904
221.6654 478.6987
221.6439 478.7157
221.5475 478.7041
221.5589 478.7008
221.6257 478.7163
221.5518 478.6999
221.5928 478.7391
1920 480
221.0957 477.9129
221.2744 478.2589
221.2702 478.2852
221.2539 478.2765
221.2031 478.2962
221.2161 478.3001
221.2308 478.3232
221.1654 478.3063
221.1673 478.3045
221.179 478.3345
221.1921 478.3314
221.2432 478.313
221.2191 478.3226
221.2311 478.3216
221.1927 478.3226
221.1927 478.3223
221.249 478.3298
221.2738 478.3655
221.4167 478.3615
221.4258 478.3198
221.4668 478.3146
221.4525 478.3467
221.4505 478.3633
221.4805 478.3582
221.5189 478.3652
221.5026 478.3377
221.5104 478.3421
221.5072 478.3665
221.5146 478.3535
221.5 478.3226
221.5208 478.3371
221.5273 478.3447
221.5674 478.3377
221.5459 478.3641
221.5423 478.3343
221.6006 478.3213
221.5264 478.3535
221.5723 478.3513
221.5804 478.347
221.5853 478.3442
221.5902 478.3416
221.3877 478.2576
221.4798 478.3242
221.5339 478.2987
221.5384 478.321
221.6507 478.3149
221.6602 478.3179
221.6175 478.2555
221.6243 478.311
221.5599 478.3468
221.6038 478.3364
221.5902 478.2904
221.5843 478.328
221.5651 478.334
221.5472 478.3481
221.5876 478.3872
221.6423 478.3372
221.5313 478.3504
221.47 478.3685
221.5225 478.32
221.4707 478.3534
221.485 478.3685
221.3949 478.4175
221.4102 478.3839
221.374 478.4001
221.3525 478.3788
221.3516 478.3789
221.3854 478.3521
221.3203 478.3806
221.3018 478.4188
221.2767 478.3924
221.3099 478.4014
221.3014 478.4251
221.2861 478.4211
221.2923 478.3898
221.3242 478.4131
221.2581 478.4137
221.2796 478.4251
221.2917 478.3996
221.3333 478.4071
221.2923 478.4045
221.2982 478.4303
221.3353 478.3807
221.2702 478.4067
221.2907 478.4268
221.3161 478.4041
221.3431 478.4185
221.2969 478.4061
221.335 478.4489
221.3392 478.4388
221.3675 478.4655
221.3796 478.4206
221.3659 478.4347
221.36 478.4059
221.3968 478.4152
221.377 478.4367
221.3226 478.4534
221.2933 478.4053
221.3385 478.4424
221.3783 478.4323
221.3958 478.4663
221.3916 478.424
221.3623 478.4413
221.3932 478.4149
221.3743 478.443
221.3945 478.4339
221.4352 478.4702
221.3425 478.5052
221.3841 478.466
221.4759 478.4806
221.3574 478.4655
221.3919 478.4829
221.361 478.4793
221.3457 478.47
221.3786 478.4596
221.4229 478.4937
221.3591 478.4993
221.3822 478.4521
221.3678 478.4756
221.3669 478.5056
221.3236 478.5008
221.3587 478.4718
221.363 478.5264
221.3236 478.5023
221.362 478.4995
221.2044 478.5158
221.3197 478.5417
221.2412 478.5298
221.2725 478.5427
221.2624 478.4886
221.2825 478.5198
221.2956 478.5464
221.3893 478.4295
221.319 478.521
221.3441 478.5163
221.249 478.4819
221.3441 478.4796
221.2715 478.494
221.2594 478.5321
221.222 478.5741
221.2266 478.5524
221.2116 478.5924
221.3174 478.5809
221.2559 478.5723
221.224 478.6302
221.1777 478.5874
221.1833 478.5848
221.2236 478.5715
221.2396 478.6136
221.2002 478.5912
221.2383 478.6348
221.1696 478.641
221.2842 478.6273
221.2891 478.6252
221.2461 478.6162
221.2415 478.6118
221.263 478.6086
221.1797 478.6526
221.2194 478.6242
221.208 478.6212
221.2572 478.6478
221.2783 478.639
221.2611 478.6665
221.276 478.7051
221.3792 478.6594
221.278 478.6942
221.2751 478.7209
221.3161 478.7005
221.3353 478.6748
221.334 478.6771
221.2721 478.6585
221.3444 478.7052
221.3418 478.6483
221.2454 478.6427
221.306 478.688
221.2796 478.6729
221.207 478.673
221.2513 478.6857
221.2207 478.6842
221.2393 478.6803
221.2728 478.6755
221.2331 478.6836
221.3242 478.6475
221.2132 478.6717
221.1868 478.6979
221.2122 478.7137
221.2051 478.6769
221.2223 478.6458
221.1312 478.6852
221.1764 478.6703
221.1908 478.6351
221.1615 478.6551
221.1442 478.7064
221.2233 478.6603
221.2363 478.6043
221.1872 478.6631
221.1953 478.6925
221.1751 478.6851
221.2119 478.6725
221.1696 478.6965
221.1732 478.6943
221.0866 478.6628
221.1283 478.6571
221.0999 478.7103
221.1693 478.7039
221.1139 478.6761
221.0973 478.6693
221.1143 478.6709
221.1315 478.6899
221.1003 478.6615
221.1969 478.6455
221.1868 478.6499
221.1204 478.6382
221.1673 478.6411
221.1719 478.6771
221.1523 478.6089
221.1706 478.6131
221.1751 478.6372
221.1947 478.6406
221.1842 478.6466
221.1563 478.6437
221.1836 478.6413
221.1908 478.6027
221.1969 478.6401
221.1654 478.6346
221.21 478.6016
221.2441 478.6139
221.2207 478.6099
221.2337 478.6169
221.2454 478.5956
221.1989 478.6247
221.2184 478.6224
221.2093 478.5991
221.2135 478.5877
221.2314 478.5898
221.181 478.6014
221.2376 478.5817
221.2435 478.5763
221.236 478.6063
221.262 478.6118
221.3034 478.5965
221.2793 478.5682
221.2842 478.5729
221.276 478.5841
221.3158 478.5702
221.3027 478.582
221.2666 478.5684
221.3005 478.583
221.3249 478.5829
221.3333 478.5817
221.3538 478.585
221.36 478.5791
221.403 478.6297
221.3994 478.5824
221.4326 478.596
221.4395 478.5939
221.4033 478.6081
221.4948 478.5853
221.4499 478.6217
221.4329 478.598
221.5026 478.603
221.4805 478.6276
221.4818 478.6229
221.5723 478.639
221.6009 478.6703
221.6042 478.6621
221.4961 478.6541
221.5934 478.6367
221.5759 478.6491
221.5911 478.6559
221.569 478.6434
221.6022 478.6611
221.6178 478.6361
221.6471 478.6496
221.6631 478.6631
221.6247 478.6675
221.6507 478.6761
221.6387 478.6834
221.64 478.668
221.6735 478.6753
221.6842 478.7191
221.7279 478.6677
221.7813 478.6719
221.6784 478.697
221.6934 478.6823
221.6966 478.6455
221.7314 478.6628
221.665 478.7157
221.651 478.6764
221.6654 478.7708
221.7402 478.6989
221.6764 478.6904
221.6654 478.6987
221.6439 478.7157
221.5475 478.7041
221.5589 478.7008
221.6257 478.7163
221.5518 478.6999
221.5928 478.7391
221.556 478.7373
221.5863 478.7249
221.54 478.7635
221.5345 478.7741
221.5293 478.7796
221.4766 478.758
221.4189 478.7477
221.4824 478.708
221.4515 478.7147
221.4538 478.7111
221.4134 478.7533
221.3438 478.7331
221.4222 478.7589
221.362 478.7414
221.3695 478.7186
221.3822 478.7375
221.3955 478.7389
221.3265 478.777
221.3376 478.7169
221.2422 478.7412
221.2337 478.7572
221.3027 478.6963
221.1947 478.7249
221.167 478.7052
221.194 478.696
221.1351 478.7349
221.1973 478.7181
221.2214 478.6745
221.1722 478.6872
221.1478 478.7217
221.0869 478.7026
221.0931 478.6836
221.1038 478.7248
221.1575 478.6735
221.0898 478.6958
221.085 478.7197
221.096 478.6968
221.1367 478.6859
221.1374 478.7088
221.112 478.6986
221.0794 478.6981
221.0885 478.6683
221.1175 478.7025
221.1478 478.6927
221.1279 478.6699
221.1367 478.6917
221.1172 478.7231
221.1071 478.689
221.0824 478.6769
221.1439 478.6727
221.1123 478.672
221.1126 478.6237
221.1175 478.6133
221.1517 478.6372
221.1696 478.6436
221.1312 478.6703
221.127 478.6304
221.1615 478.6198
221.1803 478.6644
221.0944 478.6947
221.1849 478.6232
221.1553 478.6359
221.1634 478.6984
221.2181 478.616
221.18 478.6599
221.1628 478.6398
221.2777 478.6338
221.2135 478.681
221.2116 478.6696
221.2288 478.6408
221.2546 478.6836
221.2933 478.6206
221.3213 478.6169
221.1973 478.593
221.2464 478.6717
221.3066 478.6234
221.373 478.6209
221.2751 478.6729
221.2982 478.6634
221.2718 478.6296
221.3249 478.6621
221.3291 478.6361
221.3379 478.6164
221.2897 478.6242
221.2871 478.6063
221.3639 478.604
221.3115 478.584
221.3206 478.577
221.2868 478.6798
221.3958 478.5558
221.3268 478.5872
221.2959 478.6175
221.2344 478.6322
221.3284 478.5907
221.2839 478.618
221.2767 478.6203
221.3594 478.5945
221.3958 478.542
221.3066 478.6146
221.375 478.6365
221.3008 478.591
221.3421 478.6087
221.2783 478.6195
221.2624 478.6302
221.2155 478.646
221.2188 478.6779
221.2422 478.6525
221.2458 478.6514
221.2038 478.6212
221.2607 478.6458
221.2116 478.6945
221.1706 478.6924
221.1689 478.6725
221.2077 478.7145
221.2054 478.7264
221.1152 478.735
221.0918 478.7318
221.1107 478.7533
221.1022 478.724
221.1289 478.7698
221.137 478.7743
221.1641 478.7518
221.1191 478.7599
221.125 478.7409
221.1686 478.7422
221.1598 478.7682
221.1084 478.7739
221.1445 478.7638
221.1823 478.7723
221.1328 478.7829
221.1644 478.8078
221.1807 478.7933
221.1185 478.8262
221.1081 478.7799
221.1667 478.8351
221.1286 478.8306
221.1589 478.8288
221.1296 478.8137
221.0977 478.7967
221.1823 478.8018
221.0954 478.8244
221.1338 478.8076
221.127 478.792
221.1589 478.8278
221.0934 478.7847
221.1839 478.8234
221.1947 478.8302
221.153 478.8385
221.1709 478.834
221.1514 478.8415
221.166 478.8407
221.2448 478.8364
221.2559 478.8293
221.235 478.8336
221.1768 478.832
221.1842 478.8102
221.1709 478.8205
221.1641 478.8571
221.1523 478.8263
221.2122 478.8649
221.222 478.8612
221.2064 478.8354
221.1471 478.8241
221.1777 478.806
221.1937 478.8327
221.1598 478.8239
221.2366 478.8068
221.2467 478.8546
221.3073 478.7954
221.2487 478.8481
221.2695 478.8265
221.263 478.8563
221.2813 478.798
221.292 478.8299
221.2793 478.7908
221.3099 478.7693
221.2715 478.8
221.3262 478.8109
221.3229 478.7946
221.2858 478.8138
221.2533 478.8218
221.3372 478.8196
221.3405 478.7716
221.3327 478.8413
221.3294 478.8221
221.3532 478.8215
221.3359 478.7666
221.3626 478.7698
221.3734 478.8153
221.3659 478.7785
221.3923 478.771
221.3425 478.7448
221.3525 478.7269
221.2601 478.7437
221.2311 478.7469
221.4284 478.6759
221.429 478.7142
221.3525 478.6351
221.3691 478.7188
221.3317 478.6546
221.3919 478.5988
221.347 478.6489
221.3971 478.6214
221.3809 478.5822
221.4043 478.5942
221.3955 478.6292
221.4655 478.5451
221.4307 478.5589
221.4206 478.5239
221.4473 478.5397
221.4284 478.5078
221.4564 478.5422
221.4333 478.5488
221.3978 478.4753
221.487 478.5054
221.4202 478.4769
221.4482 478.4769
221.4245 478.4876
221.4818 478.492
221.5 478.5106
221.514 478.4792
221.4779 478.5078
221.4694 478.4971
221.53 478.4266
221.5026 478.4456
221.5973 478.4429
221.4557 478.4598
221.5111 478.4579
221.5208 478.4785
221.5091 478.4763
221.4795 478.4746
221.5085 478.4624
221.5228 478.4468
221.4844 478.4806
221.4717 478.4386
221.5381 478.4497
221.5934 478.4596
221.5703 478.4432
221.6497 478.4097
221.5928 478.4456
221.5739 478.4754
221.571 478.4481
221.6152 478.4437
221.5456 478.4463
221.5566 478.4369
221.5462 478.4178
221.597 478.4925
221.5983 478.5049
221.595 478.4972
221.5325 478.4959
221.5635 478.4694
221.582 478.4036
221.6257 478.4351
221.6061 478.5021
221.6465 478.5011
221.623 478.4974
221.6409 478.4803
221.5925 478.4727
221.5671 478.4658
221.7057 478.4652
221.6579 478.5122
221.6146 478.4893
221.5827 478.4626
221.6634 478.4889
221.681 478.529
221.7083 478.4544
221.6315 478.5594
221.655 478.3919
221.5843 478.4601
221.5677 478.4258
221.5661 478.3835
221.5407 478.39
221.4919 478.4147
221.5661 478.4041
221.5511 478.4414
221.5033 478.3622
221.5846 478.383
221.5423 478.4279
221.5684 478.3884
221.4772 478.3148
221.5433 478.3452
221.4115 478.3727
221.571 478.272
221.7363 478.3867
221.4216 478.4852
221.3167 478.3026
221.3014 478.182
221.5534 478.2907
221.6852 478.4277
221.5085 478.2941
221.5413 478.2271
221.3672 478.2616
221.513 478.2736
221.6794 478.3094
221.6214 478.2526
221.5124 478.1961
221.5238 478.266
221.5332 478.2838
221.5313 478.1641
221.4417 478.1491
221.556 478.7373
221.5863 478.7249
221.54 478.7635
221.5345 478.7741
221.5293 478.7796
221.4766 478.758
221.4189 478.7477
221.4824 478.708
221.4515 478.7147
221.4538 478.7111
221.4134 478.7533
221.3438 478.7331
221.4222 478.7589
221.362 478.7414
221.3695 478.7186
221.3822 478.7375
221.3955 478.7389
221.3265 478.777
221.3376 478.7169
221.2422 478.7412
221.2337 478.7572
221.3027 478.6963
221.1947 478.7249
221.167 478.7052
221.194 478.696
221.1351 478.7349
221.1973 478.7181
221.2214 478.6745
221.1722 478.6872
221.1478 478.7217
221.0869 478.7026
221.0931 478.6836
221.1038 478.7248
221.1575 478.6735
221.0898 478.6958
221.085 478.7197
221.096 478.6968
221.1367 478.6859
221.1374 478.7088
221.112 478.6986
221.0794 478.6981
221.0885 478.6683
221.1175 478.7025
221.1478 478.6927
221.1279 478.6699
221.1367 478.6917
221.1172 478.7231
221.1071 478.689
221.0824 478.6769
221.1439 478.6727
221.1123 478.672
221.1126 478.6237
221.1175 478.6133
221.1517 478.6372
221.1696 478.6436
221.1312 478.6703
221.127 478.6304
221.1615 478.6198
221.1803 478.6644
221.0944 478.6947
221.1849 478.6232
221.1553 478.6359
221.1634 478.6984
221.2181 478.616
221.18 478.6599
221.1628 478.6398
221.2777 478.6338
221.2135 478.681
221.2116 478.6696
221.2288 478.6408
221.2546 478.6836
221.2933 478.6206
221.3213 478.6169
221.1973 478.593
221.2464 478.6717
221.3066 478.6234
221.373 478.6209
221.2751 478.6729
221.2982 478.6634
221.2718 478.6296
221.3249 478.6621
221.3291 478.6361
221.3379 478.6164
221.2897 478.6242
221.2871 478.6063
221.3639 478.604
221.3115 478.584
221.3206 478.577
221.2868 478.6798
221.3958 478.5558
221.3268 478.5872
221.2959 478.6175
221.2344 478.6322
221.3284 478.5907
221.2839 478.618
221.2767 478.6203
221.3594 478.5945
221.3958 478.542
221.3066 478.6146
221.375 478.6365
221.3008 478.591
221.3421 478.6087
221.2783 478.6195
221.2624 478.6302
221.2155 478.646
221.2188 478.6779
221.2422 478.6525
221.2458 478.6514
221.2038 478.6212
221.2607 478.6458
221.2116 478.6945
221.1706 478.6924
221.1689 478.6725
221.2077 478.7145
221.2054 478.7264
221.1152 478.735
221.0918 478.7318
221.1107 478.7533
221.1022 478.724
221.1289 478.7698
221.137 478.7743
221.1641 478.7518
221.1191 478.7599
221.125 478.7409
221.1686 478.7422
221.1598 478.7682
221.1084 478.7739
221.1445 478.7638
221.1823 478.7723
221.1328 478.7829
221.1644 478.8078
221.1807 478.7933
221.1185 478.8262
221.1081 478.7799
221.1667 478.8351
221.1286 478.8306
221.1589 478.8288
221.1296 478.8137
221.0977 478.7967
221.1823 478.8018
221.0954 478.8244
221.1338 478.8076
221.127 478.792
221.1589 478.8278
221.0934 478.7847
221.1839 478.8234
221.1947 478.8302
221.153 478.8385
221.1709 478.834
221.1514 478.8415
221.166 478.8407
221.2448 478.8364
221.2559 478.8293
221.235 478.8336
221.1768 478.832
221.1842 478.8102
221.1709 478.8205
221.1641 478.8571
221.1523 478.8263
221.2122 478.8649
221.222 478.8612
221.2064 478.8354
221.1471 478.8241
221.1777 478.806
221.1937 478.8327
221.1598 478.8239
221.2366 478.8068
221.2467 478.8546
221.3073 478.7954
221.2487 478.8481
221.2695 478.8265
221.263 478.8563
221.2813 478.798
221.292 478.8299
221.2793 478.7908
221.3099 478.7693
221.2715 478.8
221.3262 478.8109
221.3229 478.7946
221.2858 478.8138
221.2533 478.8218
221.3372 478.8196
221.3405 478.7716
221.3327 478.8413
221.3294 478.8221
221.3532 478.8215
221.3359 478.7666
221.3626 478.7698
221.3734 478.8153
221.3659 478.7785
221.3923 478.771
221.3425 478.7448
221.3525 478.7269
221.2601 478.7437
221.2311 478.7469
221.4284 478.6759
221.429 478.7142
221.3525 478.6351
221.3691 478.7188
221.3317 478.6546
221.3919 478.5988
221.347 478.6489
221.3971 478.6214
221.3809 478.5822
221.4043 478.5942
221.3955 478.6292
221.4655 478.5451
221.4307 478.5589
221.4206 478.5239
221.4473 478.5397
221.4284 478.5078
221.4564 478.5422
221.4333 478.5488
221.3978 478.4753
221.487 478.5054
221.4202 478.4769
221.4482 478.4769
221.4245 478.4876
221.4818 478.492
221.5 478.5106
221.514 478.4792
221.4779 478.5078
221.4694 478.4971
221.53 478.4266
221.5026 478.4456
221.5973 478.4429
221.4557 478.4598
221.5111 478.4579
221.5208 478.4785
221.5091 478.4763
221.4795 478.4746
221.5085 478.4624
221.5228 478.4468
221.4844 478.4806
221.4717 478.4386
221.5381 478.4497
221.5934 478.4596
221.5703 478.4432
221.6497 478.4097
221.5928 478.4456
221.5739 478.4754
221.571 478.4481
221.6152 478.4437
221.5456 478.4463
221.5566 478.4369
221.5462 478.4178
221.597 478.4925
221.5983 478.5049
221.595 478.4972
221.5325 478.4959
221.5635 478.4694
221.582 478.4036
221.6257 478.4351
221.6061 478.5021
221.6465 478.5011
221.623 478.4974
221.6409 478.4803
221.5925 478.4727
221.5671 478.4658
221.7057 478.4652
221.6579 478.5122
221.6146 478.4893
221.5827 478.4626
221.6634 478.4889
221.681 478.529
221.7083 478.4544
221.6315 478.5594
221.655 478.3919
221.5843 478.4601
221.5677 478.4258
221.5661 478.3835
221.5407 478.39
221.4919 478.4147
221.5661 478.4041
221.5511 478.4414
221.5033 478.3622
221.5846 478.383
221.5423 478.4279
221.5684 478.3884
221.4772 478.3148
221.5433 478.3452
221.4115 478.3727
221.571 478.272
221.7363 478.3867
221.4216 478.4852
221.3167 478.3026
221.3014 478.182
221.5534 478.2907
221.6852 478.4277
221.5085 478.2941
221.5413 478.2271
221.3672 478.2616
221.513 478.2736
221.6794 478.3094
221.6214 478.2526
221.5124 478.1961
221.5238 478.266
221.5332 478.2838
221.5313 478.1641
221.4417 478.1491
221.625 478.2643
221.5654 478.2429
221.5078 478.2616
221.5085 478.1318
221.5941 478.1755
221.4958 478.2376
221.5586 478.2091
221.502 478.1593
221.5091 478.2682
221.5325 478.2349
221.5143 478.1704
221.6003 478.1917
221.5208 478.1943
221.5566 478.2248
221.5661 478.1929
221.5723 478.2153
221.5885 478.2212
221.6247 478.2642
221.5371 478.1473
221.5674 478.1434
221.5745 478.2236
221.6048 478.1935
221.5996 478.1688
221.5023 478.2243
221.5784 478.1794
221.6143 478.1606
221.5791 478.1628
221.6107 478.1896
221.5964 478.1696
221.585 478.1462
221.595 478.1255
221.6208 478.172
221.695 478.1372
221.5872 478.1546
221.6071 478.1182
221.6263 478.1341
221.612 478.1242
221.5866 478.1463
221.5739 478.145
221.6273 478.1745
221.5872 478.1436
221.5996 478.139
221.5846 478.1934
221.6133 478.1595
221.6149 478.1597
221.6784 478.1179
221.6504 478.141
221.6497 478.1271
221.6237 478.0762
221.6758 478.106
221.5863 478.1344
221.5938 478.159
221.6224 478.141
221.6286 478.159
221.7096 478.1715
221.6315 478.1662
221.6842 478.1883
221.6536 478.1987
221.6807 478.1987
221.6445 478.2131
221.6406 478.2124
221.6419 478.2339
221.6022 478.237
221.5866 478.2435
221.5586 478.2614
221.5091 478.2871
221.5736 478.2568
221.485 478.2524
221.5241 478.291
221.5111 478.2845
221.4961 478.2305
221.556 478.2767
221.4466 478.2829
221.4287 478.2783
221.4443 478.2603
221.5153 478.2397
221.5293 478.2328
221.4303 478.3174
221.4333 478.265
221.4079 478.279
221.4264 478.2827
221.4948 478.2521
221.4147 478.2388
221.3672 478.3036
221.3893 478.3283
221.4219 478.2954
221.4355 478.3369
221.3835 478.3136
221.4388 478.3016
221.4401 478.3141
221.4346 478.3246
221.4876 478.3102
221.4574 478.3488
221.4746 478.3188
221.4287 478.3003
221.4281 478.3044
221.3623 478.3185
221.4355 478.3102
221.4466 478.2616
221.4515 478.3089
221.4059 478.312
221.5114 478.3278
221.459 478.2808
221.4284 478.32
221.5094 478.2526
221.4941 478.2741
221.4889 478.3115
221.5026 478.314
221.4919 478.2896
221.4642 478.3027
221.5042 478.3164
221.5911 478.314
221.5745 478.3573
221.501 478.327
221.4961 478.3042
221.5378 478.3498
221.5322 478.3354
221.4941 478.3333
221.5329 478.3596
221.5146 478.3503
221.4805 478.3175
221.5065 478.3332
221.5039 478.3566
221.4772 478.3581
221.4368 478.3712
221.4841 478.3875
221.488 478.3745
221.5007 478.3622
221.5329 478.3382
221.5247 478.3976
221.5208 478.3706
221.5488 478.4058
221.5156 478.4168
221.5325 478.4033
221.5527 478.3981
221.569 478.3846
221.6204 478.4049
221.5703 478.394
221.571 478.3768
221.5628 478.3844
221.5788 478.4164
221.543 478.4066
221.5749 478.3449
221.5973 478.3714
221.6143 478.3788
221.568 478.4137
221.5521 478.3709
221.5521 478.3439
221.4954 478.4054
221.4785 478.429
221.5283 478.4354
221.4704 478.394
221.4463 478.4263
221.4824 478.4015
221.4245 478.4263
221.4167 478.4342
221.4202 478.3978
221.3994 478.3948
221.3372 478.4395
221.3721 478.4076
221.3268 478.4329
221.346 478.4432
221.3184 478.4502
221.3053 478.397
221.334 478.4486
221.3337 478.4369
221.3704 478.4608
221.2702 478.493
221.3047 478.4632
221.347 478.4523
221.306 478.4505
221.3125 478.4775
221.2637 478.4841
221.2969 478.4438
221.2415 478.4473
221.3151 478.4806
221.2803 478.4891
221.2607 478.4796
221.2497 478.5155
221.2991 478.4793
221.3249 478.5018
221.3646 478.4951
221.3366 478.4572
221.3675 478.4818
221.3581 478.5059
221.3923 478.4528
221.348 478.4674
221.3428 478.495
221.3558 478.4645
221.3066 478.4644
221.2923 478.5024
221.3242 478.495
221.4007 478.4531
221.2936 478.4746
221.2943 478.5125
221.3327 478.436
221.3099 478.4691
221.2969 478.481
221.2542 478.499
221.3298 478.4842
221.3027 478.4582
221.2923 478.4774
221.3701 478.4846
221.3083 478.5042
221.2939 478.4889
221.2998 478.4787
221.2806 478.4691
221.3216 478.4745
221.3079 478.4717
221.2822 478.4811
221.2897 478.4663
221.2949 478.4378
221.3118 478.4953
221.2884 478.4795
221.32 478.4427
221.2874 478.4769
221.2598 478.4959
221.2634 478.4463
221.3047 478.4474
221.2917 478.443
221.3216 478.4795
221.3398 478.4604
221.3138 478.4222
221.3971 478.4355
221.3447 478.4272
221.4036 478.4186
221.3294 478.4437
221.4362 478.4352
221.3923 478.4692
221.4619 478.4152
221.4437 478.4248
221.5221 478.4565
221.3975 478.4513
221.4769 478.3973
221.5319 478.3885
221.5352 478.3997
221.5208 478.3579
221.5231 478.396
221.541 478.3972
221.5898 478.3864
221.4297 478.4243
221.4818 478.388
221.5788 478.3976
221.5599 478.3612
221.6016 478.3945
221.54 478.3885
221.5352 478.4022
221.4935 478.3771
221.4938 478.4401
221.502 478.37
221.6579 478.389
221.6022 478.4004
221.6296 478.3586
221.6204 478.3667
221.5573 478.3634
221.6406 478.3866
221.6081 478.3592
221.6051 478.3237
221.6038 478.3255
221.624 478.3465
221.6146 478.3356
221.6885 478.3333
221.6712 478.3356
221.6204 478.2778
221.693 478.298
221.6901 478.3162
221.6924 478.3022
221.6602 478.3074
221.6292 478.2946
221.6829 478.2928
221.5986 478.3188
228.4899 478.3239
243.4248 478.2858
251.1341 478.3006
256.4538 478.2933
263.5788 478.2736
270.8138 478.271
276.6813 478.3062
281.4987 478.2646
286.3421 478.3138
291.2334 478.3246
291.4186 478.2437
291.4355 478.2707
291.3812 478.2988
291.4639 478.243
291.4489 478.2598
291.4528 478.2972
291.4955 478.2948
291.5439 478.2298
291.5963 478.2379
291.6162 478.2381
291.5768 478.2072
291.596 478.2498
291.5993 478.2528
291.5905 478.2243
291.5693 478.245
291.6432 478.3019
291.7109 478.3376
293.069 478.2663
296.9945 478.3022
221.625 478.2643
221.5654 478.2429
221.5078 478.2616
221.5085 478.1318
221.5941 478.1755
221.4958 478.2376
221.5586 478.2091
221.502 478.1593
221.5091 478.2682
221.5325 478.2349
221.5143 478.1704
221.6003 478.1917
221.5208 478.1943
221.5566 478.2248
221.5661 478.1929
221.5723 478.2153
221.5885 478.2212
221.6247 478.2642
221.5371 478.1473
221.5674 478.1434
221.5745 478.2236
221.6048 478.1935
221.5996 478.1688
221.5023 478.2243
221.5784 478.1794
221.6143 478.1606
221.5791 478.1628
221.6107 478.1896
221.5964 478.1696
221.585 478.1462
221.595 478.1255
221.6208 478.172
221.695 478.1372
221.5872 478.1546
221.6071 478.1182
221.6263 478.1341
221.612 478.1242
221.5866 478.1463
221.5739 478.145
221.6273 478.1745
221.5872 478.1436
221.5996 478.139
221.5846 478.1934
221.6133 478.1595
221.6149 478.1597
221.6784 478.1179
221.6504 478.141
221.6497 478.1271
221.6237 478.0762
221.6758 478.106
221.5863 478.1344
221.5938 478.159
221.6224 478.141
221.6286 478.159
221.7096 478.1715
221.6315 478.1662
221.6842 478.1883
221.6536 478.1987
221.6807 478.1987
221.6445 478.2131
221.6406 478.2124
221.6419 478.2339
221.6022 478.237
221.5866 478.2435
221.5586 478.2614
221.5091 478.2871
221.5736 478.2568
221.485 478.2524
221.5241 478.291
221.5111 478.2845
221.4961 478.2305
221.556 478.2767
221.4466 478.2829
221.4287 478.2783
221.4443 478.2603
221.5153 478.2397
221.5293 478.2328
221.4303 478.3174
221.4333 478.265
221.4079 478.279
221.4264 478.2827
221.4948 478.2521
221.4147 478.2388
221.3672 478.3036
221.3893 478.3283
221.4219 478.2954
221.4355 478.3369
221.3835 478.3136
221.4388 478.3016
221.4401 478.3141
221.4346 478.3246
221.4876 478.3102
221.4574 478.3488
221.4746 478.3188
221.4287 478.3003
221.4281 478.3044
221.3623 478.3185
221.4355 478.3102
221.4466 478.2616
221.4515 478.3089
221.4059 478.312
221.5114 478.3278
221.459 478.2808
221.4284 478.32
221.5094 478.2526
221.4941 478.2741
221.4889 478.3115
221.5026 478.314
221.4919 478.2896
221.4642 478.3027
221.5042 478.3164
221.5911 478.314
221.5745 478.3573
221.501 478.327
221.4961 478.3042
221.5378 478.3498
221.5322 478.3354
221.4941 478.3333
221.5329 478.3596
221.5146 478.3503
221.4805 478.3175
221.5065 478.3332
221.5039 478.3566
221.4772 478.3581
221.4368 478.3712
221.4841 478.3875
221.488 478.3745
221.5007 478.3622
221.5329 478.3382
221.5247 478.3976
221.5208 478.3706
221.5488 478.4058
221.5156 478.4168
221.5325 478.4033
221.5527 478.3981
221.569 478.3846
221.6204 478.4049
221.5703 478.394
221.571 478.3768
221.5628 478.3844
221.5788 478.4164
221.543 478.4066
221.5749 478.3449
221.5973 478.3714
221.6143 478.3788
221.568 478.4137
221.5521 478.3709
221.5521 478.3439
221.4954 478.4054
221.4785 478.429
221.5283 478.4354
221.4704 478.394
221.4463 478.4263
221.4824 478.4015
221.4245 478.4263
221.4167 478.4342
221.4202 478.3978
221.3994 478.3948
221.3372 478.4395
221.3721 478.4076
221.3268 478.4329
221.346 478.4432
221.3184 478.4502
221.3053 478.397
221.334 478.4486
221.3337 478.4369
221.3704 478.4608
221.2702 478.493
221.3047 478.4632
221.347 478.4523
221.306 478.4505
221.3125 478.4775
221.2637 478.4841
221.2969 478.4438
221.2415 478.4473
221.3151 478.4806
221.2803 478.4891
221.2607 478.4796
221.2497 478.5155
221.2991 478.4793
221.3249 478.5018
221.3646 478.4951
221.3366 478.4572
221.3675 478.4818
221.3581 478.5059
221.3923 478.4528
221.348 478.4674
221.3428 478.495
221.3558 478.4645
221.3066 478.4644
221.2923 478.5024
221.3242 478.495
221.4007 478.4531
221.2936 478.4746
221.2943 478.5125
221.3327 478.436
221.3099 478.4691
221.2969 478.481
221.2542 478.499
221.3298 478.4842
221.3027 478.4582
221.2923 478.4774
221.3701 478.4846
221.3083 478.5042
221.2939 478.4889
221.2998 478.4787
221.2806 478.4691
221.3216 478.4745
221.3079 478.4717
221.2822 478.4811
221.2897 478.4663
221.2949 478.4378
221.3118 478.4953
221.2884 478.4795
221.32 478.4427
221.2874 478.4769
221.2598 478.4959
221.2634 478.4463
221.3047 478.4474
221.2917 478.443
221.3216 478.4795
221.3398 478.4604
221.3138 478.4222
221.3971 478.4355
221.3447 478.4272
221.4036 478.4186
221.3294 478.4437
221.4362 478.4352
221.3923 478.4692
221.4619 478.4152
221.4437 478.4248
221.5221 478.4565
221.3975 478.4513
221.4769 478.3973
221.5319 478.3885
221.5352 478.3997
221.5208 478.3579
221.5231 478.396
221.541 478.3972
221.5898 478.3864
221.4297 478.4243
221.4818 478.388
221.5788 478.3976
221.5599 478.3612
221.6016 478.3945
221.54 478.3885
221.5352 478.4022
221.4935 478.3771
221.4938 478.4401
221.502 478.37
221.6579 478.389
221.6022 478.4004
221.6296 478.3586
221.6204 478.3667
221.5573 478.3634
221.6406 478.3866
221.6081 478.3592
221.6051 478.3237
221.6038 478.3255
221.624 478.3465
221.6146 478.3356
221.6885 478.3333
221.6712 478.3356
221.6204 478.2778
221.693 478.298
221.6901 478.3162
221.6924 478.3022
221.6602 478.3074
221.6292 478.2946
221.6829 478.2928
221.5986 478.3188
228.4899 478.3239
243.4248 478.2858
251.1341 478.3006
256.4538 478.2933
263.5788 478.2736
270.8138 478.271
276.6813 478.3062
281.4987 478.2646
286.3421 478.3138
291.2334 478.3246
291.4186 478.2437
291.4355 478.2707
291.3812 478.2988
291.4639 478.243
291.4489 478.2598
291.4528 478.2972
291.4955 478.2948
291.5439 478.2298
291.5963 478.2379
291.6162 478.2381
291.5768 478.2072
291.596 478.2498
291.5993 478.2528
291.5905 478.2243
291.5693 478.245
291.6432 478.3019
291.7109 478.3376
293.069 478.2663
296.9945 478.3022
302.6097 478.2864
309.2692 478.2886
315.5518 478.304
322.4574 478.3091
330.11 478.2531
338.8265 478.2455
344.7467 478.2672
351.3451 478.2902
358.3936 478.3148
365.388 478.3069
377.6208 478.3516
389.1465 478.3265
400.0609 478.2936
406.7008 478.3013
414.0872 478.3436
421.3148 478.3405
428.6169 478.3319
435.6631 478.3617
442.654 478.3511
449.2926 478.328
456.528 478.3398
463.9671 478.3709
473.7572 478.3415
482.8343 478.3058
488.1045 478.3177
494.3415 478.3005
502.6729 478.354
509.1855 478.3343
516.1243 478.3096
523.3542 478.3421
530.2354 478.3255
537.1862 478.2842
545.0056 478.321
552.4834 478.298
558.9131 478.3262
566.542 478.2927
573.5254 478.3057
580.6514 478.2949
588.1452 478.3346
596.1608 478.304
601.6032 478.3057
607.999 478.2611
614.9538 478.3161
621.8669 478.2788
629.1677 478.2565
638.3105 478.2793
642.9922 478.2755
650.1116 478.2819
656.7334 478.2723
663.7142 478.2666
672.4691 478.2578
679.6442 478.2729
686.5039 478.2433
693.3252 478.2342
700.7598 478.2866
707.695 478.2917
715.528 478.2375
722.9984 478.2831
729.862 478.2681
737.4593 478.2358
744.8525 478.2661
751.2432 478.2593
760.6641 478.2003
766.3806 478.2493
778.1979 478.2347
785.5127 478.2355
792.7061 478.2814
799.5696 478.2921
808.0391 478.2031
818.7451 478.2795
824.4421 478.2692
831.5804 478.2166
838.8587 478.1888
845.5016 478.2746
853.5527 478.2025
860.986 478.2256
868.3538 478.2
875.3112 478.1947
882.1243 478.2379
891.4544 478.2334
899.928 478.2368
907.3477 478.223
914.1768 478.2516
920.8018 478.2287
929.0222 478.2243
936.069 478.2248
942.7012 478.2147
949.9268 478.2251
956.959 478.2354
963.7355 478.1912
971.5275 478.1916
980.9653 478.187
986.694 478.2067
993.3151 478.1377
1000.42 478.2013
1007.556 478.2147
1014.926 478.1579
1022.859 478.202
1029.333 478.196
1036.595 478.1569
1043.768 478.216
1050.383 478.2021
1058.544 478.1517
1065.508 478.1902
1070.896 478.1881
1077.776 478.1535
1084.635 478.1507
1091.108 478.1753
1098.709 478.1602
1106.086 478.1556
1112.643 478.1932
1119.926 478.1587
1126.449 478.1901
1133.574 478.2165
1142.407 478.2074
1150.209 478.1735
1156.461 478.1854
1163.852 478.2513
1171.033 478.1883
1177.757 478.1978
1185.347 478.2036
1192.9 478.1717
1199.677 478.1571
1206.958 478.1472
1213.929 478.2041
1220.542 478.1688
1228.365 478.1572
1235.334 478.189
1242.207 478.1787
1249.791 478.1812
1256.214 478.176
1263.168 478.1499
1270.656 478.1779
1285.287 478.126
1290.33 478.1449
1297.354 478.1592
1304.283 478.1383
1311.549 478.1621
1318.977 478.1616
1325.859 478.1571
1333.012 478.1449
1340.456 478.173
1346.872 478.1468
1381.319 478.1385
1391.698 478.1437
1401.415 478.1454
1408.097 478.0981
1415.298 478.1043
1422.511 478.0912
1430.096 478.0724
1437.229 478.09
1444.282 478.1162
1451.544 478.0934
1458.523 478.069
1465.578 478.0977
1472.698 478.1138
1480.228 478.0832
1488.819 478.0806
1495.672 478.0788
1503.266 478.0778
1510.246 478.1051
1517.248 478.1229
1526.259 478.1162
1534.464 478.1028
1541.106 478.1147
1548.592 478.0995
1555.442 478.0848
1561.933 478.0931
1569.529 478.147
1577.396 478.1211
1583.218 478.1159
1590.917 478.1541
1597.518 478.1502
1604.63 478.1484
1612.135 478.1205
1620.966 478.1401
1626.372 478.1538
1633.828 478.0944
1640.792 478.1396
1647.503 478.151
1654.993 478.139
1663.194 478.1278
1669.593 478.1488
1676.872 478.1678
1683.978 478.141
1690.444 478.187
1697.957 478.2261
1712.688 478.2061
1719.208 478.175
1725 478.1898
1732.464 478.2124
1739.28 478.1667
1746.939 478.1851
1753.581 478.1803
1760.567 478.141
1768.12 478.13
1775.098 478.1401
1781.853 478.1584
1789.479 478.1973
1797.462 478.1525
1805.089 478.194
1811.935 478.167
1818.568 478.1732
1826.165 478.182
1833.85 478.1872
1840.303 478.1253
1847.698 478.2082
1854.648 478.1395
1861.717 478.1774
1868.934 478.2074
1876.341 478.208
1883.405 478.1717
1890.274 478.22
1897.453 478.2241
1904.149 478.2528
1911.764 478.2298
1926.124 478.1917
1930.65 478.2082
1937.807 478.2593
1944.636 478.2402
1951.988 478.203
1959.288 478.2432
1966.193 478.2316
1973.243 478.2305
1979.994 478.2723
1986.982 478.2751
1993.708 478.2379
2003.065 478.2401
2010.362 478.2578
2017.241 478.2524
2023.915 478.2384
2030.417 478.249
2036.743 478.2332
2042.253 478.2305
2047.118 478.266
2047.11 478.2878
2047.115 478.2508
2047.089 478.2776
2047.091 478.2847
2047.093 478.2918
2047.002 478.2762
2047.043 478.2722
2046.993 478.229
2047.019 478.2248
2047.043 478.2682
2046.964 478.231
2047.033 478.2571
2047.012 478.2904
2047.01 478.3018
2047.029 478.2425
2046.991 478.2879
2046.969 478.2485
2047.034 478.2256
2047.029 478.2589
2047.039 478.2744
2047.082 478.2337
2047.021 478.2539
2047.044 478.2404
2047.044 478.2383
2047.026 478.2409
2047.105 478.2324
2047.033 478.2554
2047.026 478.2424
2047.013 478.2557
2047.019 478.2432
2047.001 478.242
2047.075 478.1934
2047.011 478.2015
2046.981 478.2277
2046.98 478.2266
2046.94 478.2445
2046.962 478.2134
2047.038 478.2285
2046.993 478.2181
2047.003 478.243
2046.947 478.2306
2046.969 478.2834
2046.946 478.2461
2047.008 478.2422
2046.995 478.2669
2047.044 478.2178
2046.9 478.2079
2046.908 478.2326
2046.849 478.1895
2046.753 478.1639
2046.801 478.2056
2046.761 478.1747
2046.755 478.1777
2046.779 478.1454
2046.573 478.133
2046.617 478.1043
2046.639 478.1017
2046.652 478.0305
2046.576 478.0667
2046.528 478.0479
2046.517 478.0425
2046.474 478.0662
2046.512 478.0576
2046.462 478.0757
2046.479 477.9982
302.6097 478.2864
309.2692 478.2886
315.5518 478.304
322.4574 478.3091
330.11 478.2531
338.8265 478.2455
344.7467 478.2672
351.3451 478.2902
358.3936 478.3148
365.388 478.3069
377.6208 478.3516
389.1465 478.3265
400.0609 478.2936
406.7008 478.3013
414.0872 478.3436
421.3148 478.3405
428.6169 478.3319
435.6631 478.3617
442.654 478.3511
449.2926 478.328
456.528 478.3398
463.9671 478.3709
473.7572 478.3415
482.8343 478.3058
488.1045 478.3177
494.3415 478.3005
502.6729 478.354
509.1855 478.3343
516.1243 478.3096
523.3542 478.3421
530.2354 478.3255
537.1862 478.2842
545.0056 478.321
552.4834 478.298
558.9131 478.3262
566.542 478.2927
573.5254 478.3057
580.6514 478.2949
588.1452 478.3346
596.1608 478.304
601.6032 478.3057
607.999 478.2611
614.9538 478.3161
621.8669 478.2788
629.1677 478.2565
638.3105 478.2793
642.9922 478.2755
650.1116 478.2819
656.7334 478.2723
663.7142 478.2666
672.4691 478.2578
679.6442 478.2729
686.5039 478.2433
693.3252 478.2342
700.7598 478.2866
707.695 478.2917
715.528 478.2375
722.9984 478.2831
729.862 478.2681
737.4593 478.2358
744.8525 478.2661
751.2432 478.2593
760.6641 478.2003
766.3806 478.2493
778.1979 478.2347
785.5127 478.2355
792.7061 478.2814
799.5696 478.2921
808.0391 478.2031
818.7451 478.2795
824.4421 478.2692
831.5804 478.2166
838.8587 478.1888
845.5016 478.2746
853.5527 478.2025
860.986 478.2256
868.3538 478.2
875.3112 478.1947
882.1243 478.2379
891.4544 478.2334
899.928 478.2368
907.3477 478.223
914.1768 478.2516
920.8018 478.2287
929.0222 478.2243
936.069 478.2248
942.7012 478.2147
949.9268 478.2251
956.959 478.2354
963.7355 478.1912
971.5275 478.1916
980.9653 478.187
986.694 478.2067
993.3151 478.1377
1000.42 478.2013
1007.556 478.2147
1014.926 478.1579
1022.859 478.202
1029.333 478.196
1036.595 478.1569
1043.768 478.216
1050.383 478.2021
1058.544 478.1517
1065.508 478.1902
1070.896 478.1881
1077.776 478.1535
1084.635 478.1507
1091.108 478.1753
1098.709 478.1602
1106.086 478.1556
1112.643 478.1932
1119.926 478.1587
1126.449 478.1901
1133.574 478.2165
1142.407 478.2074
1150.209 478.1735
1156.461 478.1854
1163.852 478.2513
1171.033 478.1883
1177.757 478.1978
1185.347 478.2036
1192.9 478.1717
1199.677 478.1571
1206.958 478.1472
1213.929 478.2041
1220.542 478.1688
1228.365 478.1572
1235.334 478.189
1242.207 478.1787
1249.791 478.1812
1256.214 478.176
1263.168 478.1499
1270.656 478.1779
1285.287 478.126
1290.33 478.1449
1297.354 478.1592
1304.283 478.1383
1311.549 478.1621
1318.977 478.1616
1325.859 478.1571
1333.012 478.1449
1340.456 478.173
1346.872 478.1468
1381.319 478.1385
1391.698 478.1437
1401.415 478.1454
1408.097 478.0981
1415.298 478.1043
1422.511 478.0912
1430.096 478.0724
1437.229 478.09
1444.282 478.1162
1451.544 478.0934
1458.523 478.069
1465.578 478.0977
1472.698 478.1138
1480.228 478.0832
1488.819 478.0806
1495.672 478.0788
1503.266 478.0778
1510.246 478.1051
1517.248 478.1229
1526.259 478.1162
1534.464 478.1028
1541.106 478.1147
1548.592 478.0995
1555.442 478.0848
1561.933 478.0931
1569.529 478.147
1577.396 478.1211
1583.218 478.1159
1590.917 478.1541
1597.518 478.1502
1604.63 478.1484
1612.135 478.1205
1620.966 478.1401
1626.372 478.1538
1633.828 478.0944
1640.792 478.1396
1647.503 478.151
1654.993 478.139
1663.194 478.1278
1669.593 478.1488
1676.872 478.1678
1683.978 478.141
1690.444 478.187
1697.957 478.2261
1712.688 478.2061
1719.208 478.175
1725 478.1898
1732.464 478.2124
1739.28 478.1667
1746.939 478.1851
1753.581 478.1803
1760.567 478.141
1768.12 478.13
1775.098 478.1401
1781.853 478.1584
1789.479 478.1973
1797.462 478.1525
1805.089 478.194
1811.935 478.167
1818.568 478.1732
1826.165 478.182
1833.85 478.1872
1840.303 478.1253
1847.698 478.2082
1854.648 478.1395
1861.717 478.1774
1868.934 478.2074
1876.341 478.208
1883.405 478.1717
1890.274 478.22
1897.453 478.2241
1904.149 478.2528
1911.764 478.2298
1926.124 478.1917
1930.65 478.2082
1937.807 478.2593
1944.636 478.2402
1951.988 478.203
1959.288 478.2432
1966.193 478.2316
1973.243 478.2305
1979.994 478.2723
1986.982 478.2751
1993.708 478.2379
2003.065 478.2401
2010.362 478.2578
2017.241 478.2524
2023.915 478.2384
2030.417 478.249
2036.743 478.2332
2042.253 478.2305
2047.118 478.266
2047.11 478.2878
2047.115 478.2508
2047.089 478.2776
2047.091 478.2847
2047.093 478.2918
2047.002 478.2762
2047.043 478.2722
2046.993 478.229
2047.019 478.2248
2047.043 478.2682
2046.964 478.231
2047.033 478.2571
2047.012 478.2904
2047.01 478.3018
2047.029 478.2425
2046.991 478.2879
2046.969 478.2485
2047.034 478.2256
2047.029 478.2589
2047.039 478.2744
2047.082 478.2337
2047.021 478.2539
2047.044 478.2404
2047.044 478.2383
2047.026 478.2409
2047.105 478.2324
2047.033 478.2554
2047.026 478.2424
2047.013 478.2557
2047.019 478.2432
2047.001 478.242
2047.075 478.1934
2047.011 478.2015
2046.981 478.2277
2046.98 478.2266
2046.94 478.2445
2046.962 478.2134
2047.038 478.2285
2046.993 478.2181
2047.003 478.243
2046.947 478.2306
2046.969 478.2834
2046.946 478.2461
2047.008 478.2422
2046.995 478.2669
2047.044 478.2178
2046.9 478.2079
2046.908 478.2326
2046.849 478.1895
2046.753 478.1639
2046.801 478.2056
2046.761 478.1747
2046.755 478.1777
2046.779 478.1454
2046.573 478.133
2046.617 478.1043
2046.639 478.1017
2046.652 478.0305
2046.576 478.0667
2046.528 478.0479
2046.517 478.0425
2046.474 478.0662
2046.512 478.0576
2046.462 478.0757
2046.479 477.9982
2046.449 478.0217
2046.388 478.0555
2046.378 477.985
2046.374 477.9858
2046.448 477.9772
2046.431 477.9573
2046.403 477.9663
2046.376 478.0073
2046.393 477.9722
2046.44 477.9417
2046.381 477.9847
2046.448 477.9679
2046.42 477.9463
2046.407 477.9704
2046.434 477.953
2046.466 477.9626
2046.461 477.9346
2046.485 477.9515
2046.499 477.9505
2046.493 477.9494
2046.54 477.9447
2046.498 477.9032
2046.578 477.9404
2046.595 477.9162
2046.63 477.8958
2046.623 477.909
2046.618 477.9364
2046.713 477.888
2046.713 477.8993
2046.742 477.8978
2046.746 477.9139
2046.764 477.8784
2046.838 477.9155
2046.844 477.9157
2046.846 477.9081
2046.926 477.903
2046.94 477.8924
2046.989 477.8742
2047.001 477.8573
2047.054 477.8878
2047.137 477.877
2047.106 477.8407
2047.161 477.8651
2047.19 477.8797
2047.217 477.8729
2047.225 477.8379
2047.267 477.8643
2047.291 477.8783
2047.33 477.8752
2047.291 477.8934
2047.338 477.882
2047.36 477.8341
2047.357 477.8239
2047.341 477.882
2047.422 477.8755
2047.404 477.8703
2047.398 477.8093
2047.357 477.8991
2047.335 477.9084
2047.423 477.813
2047.431 477.8649
2047.481 477.8354
2047.539 477.8389
2047.532 477.8338
2047.504 477.8205
2047.453 477.896
2047.551 477.8732
2047.498 477.7865
2047.582 477.8504
2047.616 477.8999
2047.593 477.8488
2047.471 477.8424
2047.404 477.8353
2047.495 477.8368
2047.5 477.8521
2047.335 477.8608
2047.341 477.8478
2047.301 477.8694
2047.214 477.8913
2047.284 477.8474
2047.258 477.8965
2047.139 477.8981
2047.12 477.8371
2047.065 477.8574
2047.071 477.8833
2047.042 477.8594
2047.056 477.8698
2046.962 477.9237
2046.938 477.8932
2046.927 477.917
2046.906 477.9077
2046.884 477.9259
2046.828 477.9131
2046.809 477.9225
2046.768 477.9357
2046.853 477.9035
2046.833 477.9513
2046.798 477.9282
2046.792 477.9131
2046.681 477.9071
2046.687 477.95
2046.666 477.9146
2046.627 477.9427
2046.643 477.9074
2046.681 477.9043
2046.643 477.9484
2046.627 477.933
2046.573 477.9119
2046.559 477.9518
2046.58 477.9343
2046.469 477.8934
2046.584 477.9409
2046.531 477.9352
2046.481 477.9539
2046.488 477.9263
2046.551 477.9386
2046.529 477.9005
2046.558 477.8786
2046.47 477.8976
2046.511 477.8909
2046.515 477.8854
2046.508 477.8927
2046.431 477.9499
2046.528 477.9294
2046.544 477.9111
2046.481 477.9219
2046.458 477.9136
2046.551 477.9248
2046.486 477.9287
2046.499 477.9523
2046.473 477.9771
2046.542 477.9448
2046.433 477.9533
2046.523 477.945
2046.519 477.949
2046.508 477.9655
2046.5 477.93
2046.548 477.9403
2046.506 478.0042
2046.517 477.9348
2046.512 477.9611
2046.486 477.9692
2046.523 477.9346
2046.538 477.8901
2046.51 477.9567
2046.574 477.9207
2046.532 477.95
2046.511 477.9627
2046.572 477.9272
2046.514 477.9482
2046.506 477.9567
2046.563 477.9743
2046.51 478.0234
2046.539 477.9653
2046.526 477.9426
2046.531 477.9907
2046.526 477.9753
2046.543 477.9481
2046.503 477.9307
2046.506 477.9455
2046.593 477.9201
2046.522 477.9531
2046.523 477.9438
2046.572 477.9429
2046.565 477.8961
2046.639 477.8978
2046.621 477.9265
2046.635 477.958
2046.556 477.8849
2046.601 477.9316
2046.611 477.9364
2046.623 477.884
2046.601 477.9155
2046.521 477.9601
2046.57 477.9144
2046.596 477.909
2046.624 477.9222
2046.631 477.9142
2046.651 477.9349
2046.604 477.932
2046.558 477.9103
2046.645 477.8931
2046.596 477.9119
2046.617 477.9307
2046.604 477.9624
2046.604 477.9426
2046.614 477.911
2046.589 477.9119
2046.616 477.929
2046.669 477.9242
2046.574 477.9186
2046.614 477.9738
2046.675 477.918
2046.648 477.9416
2046.626 477.9549
2046.71 477.9033
2046.629 477.9357
2046.669 477.9144
2046.694 477.9302
2046.667 477.8955
2046.672 477.9364
2046.666 477.9269
2046.747 477.9142
2046.761 477.9352
2046.692 477.9256
2046.782 477.8966
2046.778 477.915
2046.784 477.9222
2046.761 477.8776
2046.766 477.9227
2046.809 477.8452
2046.763 477.832
2046.817 477.874
2046.818 477.8517
2046.797 477.8564
2046.818 477.8561
2046.886 477.8514
2046.862 477.832
2046.858 477.8472
2046.896 477.8556
2046.885 477.84
2046.932 477.8527
2046.915 477.8556
2046.912 477.8474
2046.9 477.853
2046.973 477.8989
2046.99 477.8737
2046.938 477.8634
2046.903 477.8805
2046.941 477.895
2047.005 477.8815
2046.964 477.8989
2046.961 477.8597
2046.924 477.8846
2046.949 477.8451
2046.94 477.8729
2046.963 477.8607
2047.01 477.8705
2046.989 477.8709
2046.94 477.8875
2047.072 477.855
2047.093 477.8472
2047.064 477.8705
2047.094 477.8208
2047.182 477.8268
2047.16 477.8467
2047.185 477.8423
2047.153 477.8716
2047.26 477.8542
2047.213 477.792
2047.235 477.8359
2047.243 477.8387
2047.179 477.8288
2047.187 477.8131
2047.153 477.8114
2047.178 477.8122
2047.203 477.8066
2047.189 477.7954
2047.162 477.779
2047.211 477.7692
2047.14 477.8042
2047.136 477.7966
2047.144 477.7832
2047.136 477.7843
2047.146 477.7526
2047.097 477.749
2047.076 477.7891
2047.067 477.8071
2047.139 477.7438
2047.144 477.7428
2047.09 477.7256
2047.098 477.7095
2047.121 477.7357
2047.051 477.7394
2047.062 477.6862
2047.033 477.6759
2047.053 477.7064
2047.042 477.6863
2047.023 477.6707
2047.004 477.6654
2046.966 477.6701
2047.044 477.6548
2046.964 477.6823
2047.041 477.6873
2046.976 477.6697
2046.949 477.6846
2046.944 477.6421
2046.947 477.6378
2046.933 477.6812
2046.979 477.6312
2046.957 477.6357
2046.979 477.6655
2046.981 477.6834
2046.919 477.6701
2046.935 477.6691
2046.988 477.6759
2046.914 477.6144
2046.901 477.6256
2046.888 477.667
2046.903 477.6151
2046.449 478.0217
2046.388 478.0555
2046.378 477.985
2046.374 477.9858
2046.448 477.9772
2046.431 477.9573
2046.403 477.9663
2046.376 478.0073
2046.393 477.9722
2046.44 477.9417
2046.381 477.9847
2046.448 477.9679
2046.42 477.9463
2046.407 477.9704
2046.434 477.953
2046.466 477.9626
2046.461 477.9346
2046.485 477.9515
2046.499 477.9505
2046.493 477.9494
2046.54 477.9447
2046.498 477.9032
2046.578 477.9404
2046.595 477.9162
2046.63 477.8958
2046.623 477.909
2046.618 477.9364
2046.713 477.888
2046.713 477.8993
2046.742 477.8978
2046.746 477.9139
2046.764 477.8784
2046.838 477.9155
2046.844 477.9157
2046.846 477.9081
2046.926 477.903
2046.94 477.8924
2046.989 477.8742
2047.001 477.8573
2047.054 477.8878
2047.137 477.877
2047.106 477.8407
2047.161 477.8651
2047.19 477.8797
2047.217 477.8729
2047.225 477.8379
2047.267 477.8643
2047.291 477.8783
2047.33 477.8752
2047.291 477.8934
2047.338 477.882
2047.36 477.8341
2047.357 477.8239
2047.341 477.882
2047.422 477.8755
2047.404 477.8703
2047.398 477.8093
2047.357 477.8991
2047.335 477.9084
2047.423 477.813
2047.431 477.8649
2047.481 477.8354
2047.539 477.8389
2047.532 477.8338
2047.504 477.8205
2047.453 477.896
2047.551 477.8732
2047.498 477.7865
2047.582 477.8504
2047.616 477.8999
2047.593 477.8488
2047.471 477.8424
2047.404 477.8353
2047.495 477.8368
2047.5 477.8521
2047.335 477.8608
2047.341 477.8478
2047.301 477.8694
2047.214 477.8913
2047.284 477.8474
2047.258 477.8965
2047.139 477.8981
2047.12 477.8371
2047.065 477.8574
2047.071 477.8833
2047.042 477.8594
2047.056 477.8698
2046.962 477.9237
2046.938 477.8932
2046.927 477.917
2046.906 477.9077
2046.884 477.9259
2046.828 477.9131
2046.809 477.9225
2046.768 477.9357
2046.853 477.9035
2046.833 477.9513
2046.798 477.9282
2046.792 477.9131
2046.681 477.9071
2046.687 477.95
2046.666 477.9146
2046.627 477.9427
2046.643 477.9074
2046.681 477.9043
2046.643 477.9484
2046.627 477.933
2046.573 477.9119
2046.559 477.9518
2046.58 477.9343
2046.469 477.8934
2046.584 477.9409
2046.531 477.9352
2046.481 477.9539
2046.488 477.9263
2046.551 477.9386
2046.529 477.9005
2046.558 477.8786
2046.47 477.8976
2046.511 477.8909
2046.515 477.8854
2046.508 477.8927
2046.431 477.9499
2046.528 477.9294
2046.544 477.9111
2046.481 477.9219
2046.458 477.9136
2046.551 477.9248
2046.486 477.9287
2046.499 477.9523
2046.473 477.9771
2046.542 477.9448
2046.433 477.9533
2046.523 477.945
2046.519 477.949
2046.508 477.9655
2046.5 477.93
2046.548 477.9403
2046.506 478.0042
2046.517 477.9348
2046.512 477.9611
2046.486 477.9692
2046.523 477.9346
2046.538 477.8901
2046.51 477.9567
2046.574 477.9207
2046.532 477.95
2046.511 477.9627
2046.572 477.9272
2046.514 477.9482
2046.506 477.9567
2046.563 477.9743
2046.51 478.0234
2046.539 477.9653
2046.526 477.9426
2046.531 477.9907
2046.526 477.9753
2046.543 477.9481
2046.503 477.9307
2046.506 477.9455
2046.593 477.9201
2046.522 477.9531
2046.523 477.9438
2046.572 477.9429
2046.565 477.8961
2046.639 477.8978
2046.621 477.9265
2046.635 477.958
2046.556 477.8849
2046.601 477.9316
2046.611 477.9364
2046.623 477.884
2046.601 477.9155
2046.521 477.9601
2046.57 477.9144
2046.596 477.909
2046.624 477.9222
2046.631 477.9142
2046.651 477.9349
2046.604 477.932
2046.558 477.9103
2046.645 477.8931
2046.596 477.9119
2046.617 477.9307
2046.604 477.9624
2046.604 477.9426
2046.614 477.911
2046.589 477.9119
2046.616 477.929
2046.669 477.9242
2046.574 477.9186
2046.614 477.9738
2046.675 477.918
2046.648 477.9416
2046.626 477.9549
2046.71 477.9033
2046.629 477.9357
2046.669 477.9144
2046.694 477.9302
2046.667 477.8955
2046.672 477.9364
2046.666 477.9269
2046.747 477.9142
2046.761 477.9352
2046.692 477.9256
2046.782 477.8966
2046.778 477.915
2046.784 477.9222
2046.761 477.8776
2046.766 477.9227
2046.809 477.8452
2046.763 477.832
2046.817 477.874
2046.818 477.8517
2046.797 477.8564
2046.818 477.8561
2046.886 477.8514
2046.862 477.832
2046.858 477.8472
2046.896 477.8556
2046.885 477.84
2046.932 477.8527
2046.915 477.8556
2046.912 477.8474
2046.9 477.853
2046.973 477.8989
2046.99 477.8737
2046.938 477.8634
2046.903 477.8805
2046.941 477.895
2047.005 477.8815
2046.964 477.8989
2046.961 477.8597
2046.924 477.8846
2046.949 477.8451
2046.94 477.8729
2046.963 477.8607
2047.01 477.8705
2046.989 477.8709
2046.94 477.8875
2047.072 477.855
2047.093 477.8472
2047.064 477.8705
2047.094 477.8208
2047.182 477.8268
2047.16 477.8467
2047.185 477.8423
2047.153 477.8716
2047.26 477.8542
2047.213 477.792
2047.235 477.8359
2047.243 477.8387
2047.179 477.8288
2047.187 477.8131
2047.153 477.8114
2047.178 477.8122
2047.203 477.8066
2047.189 477.7954
2047.162 477.779
2047.211 477.7692
2047.14 477.8042
2047.136 477.7966
2047.144 477.7832
2047.136 477.7843
2047.146 477.7526
2047.097 477.749
2047.076 477.7891
2047.067 477.8071
2047.139 477.7438
2047.144 477.7428
2047.09 477.7256
2047.098 477.7095
2047.121 477.7357
2047.051 477.7394
2047.062 477.6862
2047.033 477.6759
2047.053 477.7064
2047.042 477.6863
2047.023 477.6707
2047.004 477.6654
2046.966 477.6701
2047.044 477.6548
2046.964 477.6823
2047.041 477.6873
2046.976 477.6697
2046.949 477.6846
2046.944 477.6421
2046.947 477.6378
2046.933 477.6812
2046.979 477.6312
2046.957 477.6357
2046.979 477.6655
2046.981 477.6834
2046.919 477.6701
2046.935 477.6691
2046.988 477.6759
2046.914 477.6144
2046.901 477.6256
2046.888 477.667
2046.903 477.6151
