1920 480
2164.492 496.5596
2319.602 564.1364
2252.395 634.371
2200.761 639.6506
2198.273 635.0603
2199.375 632.7778
2200.137 634.5613
2201.491 637.4976
2203.311 636.8022
2202.666 636.4346
2199.915 635.4652
2193.366 633.6917
2187.656 633.2286
2040.027 618.1777
2281.266 547.4209
2255.715 537.3136
2075.196 503.2553
1990.461 505.2593
1990.771 396.2676
1991.127 396.4686
1923.409 464.7126
1908.781 477.9432
1966.802 406.6846
1966.923 435.8058
1966.343 355.4372
1978.948 348.7852
1922.777 409.3794
1869.82 532.2944
1918.615 469.3776
1935.352 456.5656
1886.945 458.6336
1838.057 463.3332
1850.6 485.1227
1893.207 481.1806
1937.872 498.5016
2151.006 489.4885
2343.37 489.8619
2327.089 514.1927
2252.763 522.638
2227.269 524.8182
2302.802 524.2647
2145.014 527.2783
1989.034 527.2803
1957.958 526.9572
1974.978 527.4114
1976.24 519.6198
1961.11 520.4562
1946.652 520.8276
1943.209 521.6902
2111.57 514.2681
2089.7 505.947
2015.322 508.5679
1958.95 515.8762
2072.213 523.4066
2017.209 526.043
1979.907 523.5976
1874.466 511.4776
1843.266 496.5349
1883.109 504.129
1889.285 503.7715
1911.868 507.9883
1920.18 484.1153
1935.047 469.4827
1945.219 466.1584
1962.111 464.4088
1969.465 471.0039
1975.567 422.8221
1976.872 440.3424
1977.657 445.7285
1976.938 448.4969
1977.953 454.0731
1978.098 480.6734
1974.066 512.3926
1977.398 501.9754
1975.141 518.0007
1975.533 516.8727
1974.482 509.6352
1974.975 518.1126
1975.497 524.7477
1976.248 527.353
1976.038 528.3751
1976.479 528.6077
1976.933 528.985
1977.46 529.0911
1977.943 529.2609
1978.591 529.491
1979.261 529.6812
1979.04 529.8231
1979.356 530.0071
1980.172 530.2468
1980.571 530.2958
1981.014 530.5974
1981.197 530.8455
1984.737 531.0992
1998.855 484.9737
1954.438 553.6314
1924.517 601.9634
1834.932 634.6299
1841.71 650.0059
1783.663 671.9119
1794.748 701.2767
1812.254 705.8124
1820.031 691.7051
1782.2 714.2299
1777.111 711.423
1778.288 717.108
1780.217 719.5067
1776.912 719.7593
1781.685 720.4783
1785.088 712.9188
1784.102 713.6483
1787.43 692.5206
1786.076 700.2402
1786.022 705.4165
1811.205 662.892
1839.534 625.1626
1816.057 659.3214
1805.659 694.1801
1803.845 705.0103
1802.585 716.6914
1800.76 715.6364
1797.798 709.7346
1792.032 706.9544
1786.495 698.4053
1778.694 692.5331
1757.694 693.1806
1755.484 699.2075
1765.72 706.7968
1785.962 710.9982
1796.074 712.3296
1804.496 713.1111
1806.276 713.2924
1809.145 713.4043
1811.79 713.455
1813.155 713.5015
1813.985 713.6902
1814.715 713.553
1815.101 713.458
1815.156 713.2609
1815.144 713.041
1821.989 677.1793
1825.939 649.8065
1823.787 666.3892
1821.219 678.1801
1817.359 698.3372
1814.164 710.8777
1811.852 715.694
1784.694 707.6866
1762.249 664.1567
1662.367 646.5459
1617.581 631.0629
1615.995 633.9137
1656.302 589.2788
1556.107 606.0198
1454.835 650.9441
1449.328 651.3249
1443.035 651.7945
1467.127 643.8372
1432.281 585.6053
1466.38 563.4729
1486.857 573.0231
1494.912 575.4128
1503.289 582.0342
1514.252 579.403
1516.82 579.6699
1520.237 568.3749
1586.443 568.9063
1636.303 565.36
1638.418 551.2102
1540.093 543.8232
1488.9 543.7537
1470.25 543.8195
1466.861 543.2383
1481.926 543.2906
1479.315 548.2085
1473.172 549.5851
1469.645 549.3372
1467.971 550.4435
1465.486 551.3306
1468.815 552.6352
1476.29 553.6551
1483.009 554.3409
1501.053 554.928
1503.138 555.2092
1508.659 555.3876
1508.791 555.6569
1511.441 555.8118
1513.262 555.7162
1514.648 555.6387
1517.756 554.9318
1519.024 554.1948
1562.479 553.0257
1563.395 552.6209
1549.36 552.5724
1542.297 551.4488
1540.287 551.6675
1539.658 551.8335
1539.414 551.4133
1539.59 551.4175
1539.623 551.586
1539.714 548.1863
1540.35 548.2921
1541.305 548.1426
1542.719 547.6647
1543.968 547.3112
1545.328 546.9711
1547.689 546.3262
1549.538 545.9488
1551.231 545.9191
1554.236 545.9623
1556.547 546.0187
1558.335 544.1693
1549.984 571.4603
1467.75 649.4733
1400.649 677.296
1470.955 642.9286
1645.635 633.9731
1747.714 577.5906
1836.588 579.1635
1890.786 531.033
1928.406 558.2833
1954.603 562.6734
1973.821 566.1327
2001.328 568.4092
1978.568 306.2998
1997.207 292.5305
2019.349 298.6331
2164.672 340.0259
2130.22 512.27
2128.163 592.8314
2136.102 598.877
2135.27 603.2359
2134.518 602.9576
2133.605 604.5044
2111.689 604.2205
2100.626 603.2839
2089.791 602.408
2092.543 592.9749
2080.799 604.2629
2072.392 595.5962
2037.317 623.468
2005.623 630.3318
2023.086 631.6819
2001.332 630.9003
1948.729 628.7578
1952.238 626.4517
1934.569 625.3742
1957.865 624.624
2010.003 624.2087
1957.491 622.2562
1913.227 617.8657
1945.42 615.5027
1964.504 614.2288
1960.547 610.5854
1929.288 607.471
1918.578 564.7652
1937.29 478.1499
1937.862 491.7809
1930.74 522.1398
1914.764 571.3487
1922.233 547.5183
1926.648 516.649
1937.7 500.9247
1938.569 494.8115
1945.044 451.4766
1946.119 467.7965
1949.428 471.8926
1951.474 473.9544
1953.611 476.4767
1951.876 476.5793
1951.667 474.9342
1951.603 475.0496
1951.759 474.6232
1952.101 474.4808
1952.281 474.5584
1952.64 474.6061
1952.779 476.1224
1952.712 479.5404
1953.5 477.8978
1954.013 477.5942
1954.455 477.4727
1954.733 477.5324
1960.094 452.9478
1994.787 470.0415
1983.197 414.1649
1992.177 363.2627
2043.218 365.7717
2088.808 367.708
2083.26 373.175
2057.223 389.651
2054.478 410.7552
2052.469 421.5272
2051.263 425.9339
2050.016 428.5107
1989.492 417.9551
1982.415 410.258
1956.086 374.652
1980.748 389.6429
2017.627 380.6761
1883.929 473.5197
2466.992 491.2819
2585.794 527.199
2640.589 526.3077
2660.452 526.5825
2429.337 603.1724
2576.258 554.0042
2666.803 543.449
2692.724 541.3004
2696.883 541.7565
2696.314 541.7944
2689.784 538.782
2682.547 536.1873
2676.66 534.2273
2418.462 339.7598
2269.988 384.0095
2042.869 480.2562
1979.417 503.3002
1937.5 418.4562
1937.962 419.326
1933.375 362.1134
1935.22 426.7681
1976.396 449.8381
1968.649 470.8091
1936.192 378.1502
1933.777 353.9279
1886.205 398.5423
1854.665 527.8509
1916.796 467.4819
1934.709 455.4668
1884.156 458.5234
1838.984 463.8164
1848.195 485.9014
1840.269 480.1212
1866.624 496.9756
1869.977 483.8732
1850.352 480.7626
1903.881 512.54
1923.875 521.743
1928.278 523.9883
1930.735 525.2886
1932.044 525.9772
1933.573 526.4211
1934.3 526.6091
1935.217 526.8321
1934.417 518.9657
1935.479 520.0007
1936.446 520.5483
1937.715 521.4246
1938.523 512.7075
1938.884 504.1704
1939.853 507.3846
1940.775 515.3297
1941.58 522.2969
1942.373 525.1085
1950.556 522.9859
1910.81 511.7557
1866.092 496.5621
1886.845 503.8563
1885.698 503.4066
1894.636 507.4613
1909.971 483.7875
1922.439 469.2269
1926.576 465.9355
1928.841 464.1027
1932.42 470.7169
1938.536 422.5324
1936.103 440.0347
1934.766 445.3994
1934.041 448.16
1933.161 453.6989
1933.18 480.3244
1934.398 512.1428
1928.217 501.6262
1930.55 517.7305
1941.789 516.7156
1961.78 509.6684
1955.35 518.0825
1951.263 524.6727
1949.566 527.2495
1948.866 528.2375
1948.68 528.4495
1948.423 528.804
1948.222 528.8889
1948.037 529.0389
1947.66 529.2333
1947.437 529.3998
1947.182 529.5299
1946.931 529.7085
1946.834 529.9399
1947.2 529.9867
1947.056 530.2565
1947.127 530.4625
1947.379 530.641
1957.962 484.3501
1919.595 552.8785
1868.817 600.2323
1824.971 633.6442
1815.112 648.139
1776.713 670.8876
1771.129 674.7815
1763.429 704.486
1795.573 669.6829
1751.438 727.1671
1743.057 722.3472
1735.602 730.0785
1731.697 731.4529
1730.606 730.7217
1730.102 730.3726
1736.949 718.2475
1735.964 718.9572
1746.864 692.1631
1771.793 665.2
1815.035 641.3917
1836.296 634.5648
1856.057 616.6818
1812.26 664.8946
1795.336 707.4147
1782.208 716.6565
1756.073 723.9271
1775.457 692.9943
1796.338 667.6991
1790.787 675.1085
1789.724 677.6488
1789.601 683.5191
1778.367 709.7277
1763.638 722.7098
1756.938 724.2312
1754.804 724.079
1754.148 723.735
1753.739 723.2514
1753.678 723.2202
1753.842 722.9038
1754.28 722.6599
1754.819 722.5173
1793.982 662.9199
1815.347 648.6182
1830.128 643.73
1834.218 643.3013
1834.747 643.7508
1834.946 643.6693
1834.275 639.9788
1833.627 644.5438
1831.94 648.7443
1825.313 671.4888
1782.15 717.3593
1762.365 722.861
1706.432 711.6104
1736.811 661.9827
1708.589 626.3886
1534.268 599.9114
1494.313 580.8104
1534.03 562.1246
1398.113 536.0875
1370.798 526.4869
1365.907 526.743
1360.561 527.0925
1413.479 530.5824
1447.428 532.959
1452.513 544.2957
1450.608 559.3817
1453.358 563.4849
1457.002 566.9183
1459.422 568.3711
1467.188 570.7247
1474.873 569.6328
1472.252 565.7629
1470.819 559.7889
1469.362 540.6699
1472.04 535.2886
1474.535 533.7614
1469.472 536.0546
1469.314 537.3331
1468.514 539.0256
1468.145 548.4725
1472.273 550.1288
1472.184 549.8428
1481.008 551.2869
1480.517 552.2135
1485.135 553.4222
1490.074 554.2133
1494.379 554.5984
1502.202 554.8895
1505.089 555.1551
1511.113 555.3419
1511.16 555.6217
1513.436 555.7411
1515.31 555.5781
1516.651 555.4306
1519.536 554.6857
1520.811 553.8563
1524.589 552.4791
1526.454 552.1171
1527.699 552.1196
1529.962 551.0341
1532.936 551.3262
1534.926 551.4863
1537.095 551.1534
1538.5 551.2008
1538.335 551.4023
1538.783 548.0626
1539.858 548.2261
1541.238 548.1174
1543.115 547.6708
1544.569 547.3091
1545.837 546.9565
1548.046 546.2608
1549.534 545.8545
1550.776 545.7623
1553.442 545.8011
1555.207 545.8473
1556.279 543.9973
1556.218 543.7659
1554.774 544.0664
1560.092 544.4725
1599.892 563.7475
1653.539 579.4689
1733.095 568.6866
1772.257 421.1021
1860.448 464.9378
1893.136 531.4256
1940.978 558.66
1963.505 565.7274
1990.921 569.6332
1969.584 322.1244
1985.088 293.7139
2007.373 297.8044
2151.971 336.3089
2122.461 522.8041
2120.036 593.6104
2127.99 598.2866
2125.312 602.6683
2127.02 602.6797
2124.082 604.266
2103.497 604.1764
2093.159 603.3751
2073.614 603.0052
2082.334 593.512
2073.302 604.2734
2018.776 596.5864
1968.922 624.3345
1955.416 630.6625
1934.912 631.951
1921.96 630.5367
1913.806 628.3479
1903.951 625.6251
1901.435 624.6989
1895.361 623.3138
1888.976 622.3276
1882.873 620.3625
1877.741 616.7024
1875.413 613.4615
1873.937 611.8509
1868.659 607.9745
1864.248 605.2899
1876.73 563.4963
1905.192 477.5109
1922.901 491.5172
1908.871 521.7119
1886.829 570.6195
1892.114 546.8875
1907.091 516.4424
1920.736 500.8893
1930.715 495.0971
1917.526 451.3722
1919.974 467.7464
1926.773 471.9598
1929.32 474.0952
1934.855 476.6076
1938.199 476.7871
1943.409 475.1818
1945.054 475.3118
1946.91 474.8649
1947.679 474.707
1948.688 474.7264
1949.636 474.7231
1950.349 476.1969
1950.497 479.557
1952.142 477.8817
1953.144 477.561
1953.921 477.4235
1954.233 477.4681
1961.468 452.9171
1946.331 512.4771
1896.745 433.4121
1858.018 363.16
1840.649 363.278
1835.332 362.5963
1847.047 372.5811
1926.211 385.2251
2000.84 406.6294
2030.943 419.3587
2041.181 424.8589
2045.322 428.0669
2029.074 419.5425
1988.083 410.2725
1867.003 373.5083
1918.049 388.2399
1884.886 377.7238
1870.093 373.6517
