1920 480
2368.476 487.6853
2368.545 487.6768
2368.531 487.6966
2368.501 487.6577
2368.481 487.7054
2368.534 487.6927
2368.493 487.6665
2368.522 487.6842
2368.529 487.6962
2368.538 487.6944
2368.507 487.6953
2368.519 487.669
2368.527 487.6747
2368.541 487.6788
2368.509 487.6821
2368.514 487.6975
2368.716 487.7757
2368.489 487.6293
2368.587 487.7784
2368.434 487.7997
2368.559 487.6503
2368.784 487.5987
2368.561 487.5573
2368.675 487.5593
2368.653 487.5475
2368.425 487.8114
2368.844 487.6343
2368.601 487.6307
2368.589 487.6468
2368.54 487.7259
2368.592 487.6981
2368.528 487.7176
2368.549 487.693
2368.625 487.6596
2368.571 487.6474
2368.631 487.6583
2368.512 487.6475
2368.468 487.7085
2368.537 487.6535
2368.611 487.6844
2368.495 487.6874
2368.616 487.6536
2368.618 487.7006
2368.532 487.6874
2368.632 487.7006
2368.594 487.6866
2368.678 487.6959
2368.646 487.7028
2368.594 487.7072
2368.576 487.7305
2368.618 487.7104
2368.647 487.7236
2368.573 487.7779
2368.596 487.7758
2368.615 487.804
2368.598 487.7923
2368.538 487.7763
2368.466 487.773
2368.46 487.8291
2368.494 487.8124
2368.509 487.8139
2368.51 487.8236
2368.447 487.8663
2368.502 487.8385
2368.563 487.8427
2368.543 487.8867
2368.533 487.8729
2368.513 487.8423
2368.467 487.8601
2368.494 487.8505
2368.521 487.8542
2368.474 487.8886
2368.441 487.8845
2368.494 487.8796
2368.579 487.8615
2368.563 487.8361
2368.512 487.8527
2368.516 487.8979
2368.471 487.8865
2368.481 487.8378
2368.44 487.8848
2368.404 487.9202
2368.446 487.8985
2368.513 487.9062
2368.412 487.8997
2368.487 487.8707
2368.541 487.8784
2368.474 487.8894
2368.439 487.9026
2368.448 487.9151
2368.405 487.8881
2368.384 487.8865
2368.455 487.9298
2368.522 487.9189
2368.413 487.913
2368.473 487.9445
2368.456 487.9395
2368.44 487.9155
2368.461 487.9141
2368.429 487.9162
2368.357 487.882
2368.431 487.8679
2368.488 487.907
2368.52 487.9371
2368.486 487.9008
2368.461 487.9399
2368.428 487.9336
2368.428 487.9151
2368.356 487.9054
2368.341 487.9334
2368.351 487.9295
2368.377 487.9614
2368.407 487.9621
2368.385 487.9504
2368.306 487.9531
2368.383 487.9598
2368.387 487.9603
2368.378 487.9805
2368.355 487.9658
2368.292 487.9945
2368.289 487.9913
2368.394 487.9506
2368.393 488.0079
2368.405 487.9557
2368.423 487.9379
2368.392 487.9963
2368.413 487.9846
2368.396 487.9273
2368.382 488.0548
2368.386 488.0057
2368.443 487.9751
2368.393 487.9655
2368.327 488.001
2368.367 488.0033
2368.41 487.9807
2368.35 487.959
2368.335 487.9602
2368.294 487.9534
2368.347 487.9807
2368.361 487.9754
2368.32 487.9467
2368.378 488.0042
2368.405 487.9541
2368.46 487.9801
2368.42 487.9986
2368.44 487.9234
2368.427 487.9262
2368.442 487.9738
2368.399 487.9427
2368.398 487.9449
2368.38 487.9384
2368.477 487.9132
2368.463 487.9365
2368.476 487.928
2368.479 487.9152
2368.49 487.9333
2368.427 487.9702
2368.464 487.8659
2368.435 487.9109
2368.43 487.8979
2368.493 487.8975
2368.406 487.9126
2368.44 487.9207
2368.41 487.92
2368.427 487.8958
2368.477 487.8632
2368.408 487.916
2368.294 487.9312
2368.343 487.9131
2368.358 487.9013
2368.372 487.9032
2368.344 487.9191
2368.365 487.9001
2368.369 487.9264
2368.429 487.9072
2368.37 487.9495
2368.393 487.9224
2368.375 487.9373
2368.364 487.9011
2368.409 487.8972
2368.393 487.9199
2368.397 487.9193
2368.352 487.9215
2368.33 487.9338
2368.34 487.9355
2368.392 487.8695
2368.34 487.9394
2368.4 487.9352
2368.359 487.9368
2368.422 487.9067
2368.382 487.9491
2368.318 487.9724
2368.361 487.9302
2368.395 487.9094
2368.468 487.9012
2368.407 487.9412
2368.388 487.9416
2368.371 487.9353
2368.364 487.9262
2368.362 487.9465
2368.374 487.9418
2368.376 487.9103
2368.417 487.9732
2368.31 487.954
2368.392 487.9496
2368.388 487.9269
2368.426 487.9334
2368.427 487.9609
2368.409 487.9067
2368.421 487.8994
2368.418 487.9382
2368.459 487.9003
2368.38 487.8976
2368.389 487.9254
2368.463 487.9077
2368.437 487.9511
2368.517 487.9294
2368.397 487.9153
2368.47 487.9061
2368.506 487.8919
2368.454 487.8874
2368.462 487.894
2368.435 487.8999
2368.469 487.893
2368.571 487.8975
2368.449 487.9115
2368.465 487.8938
2368.494 487.91
2368.433 487.8855
2368.383 487.8898
2368.431 487.8884
2368.442 487.8888
2368.416 487.8888
2368.382 487.9167
2368.422 487.9004
2368.376 487.89
2368.363 487.937
2368.353 487.9285
2368.358 487.8836
2368.4 487.8733
2368.368 487.8662
2368.302 487.8869
2368.368 487.8943
2368.321 487.9229
2368.382 487.9069
2368.33 487.9003
2368.318 487.9119
2368.315 487.8861
2368.353 487.9147
2368.255 487.936
2368.326 487.8913
2368.321 487.9002
2368.389 487.8916
2368.235 487.9009
2368.2 487.9037
2368.266 487.8946
2367.161 487.8711
2364.039 487.9075
2361.337 487.9026
2357.441 487.8905
2344.401 487.9205
2336.107 487.9073
2325.143 487.8807
2320.675 487.8905
2310.009 487.8831
2298.764 487.9126
2291.526 487.8572
2280.633 487.8793
2276.537 487.8725
2267.022 487.8665
2257.628 487.889
2248.656 487.8643
2239.232 487.8985
2229.765 487.8703
2219.865 487.8798
2210.398 487.9016
2203.698 487.8495
2194.645 487.908
2192.163 487.8783
2186.949 487.9385
2185.877 487.9187
2184.627 487.8782
2184.621 487.8741
2184.615 487.8707
2184.689 487.8819
2184.675 487.8975
2184.673 487.9008
2184.737 487.9056
2184.69 487.9305
2184.815 487.8933
2184.822 487.8788
2184.752 487.8683
2184.754 487.861
2184.757 487.8546
2184.618 487.8939
2184.664 487.9117
2184.716 487.8977
2184.719 487.9099
2184.71 487.9198
1920 480
2368.476 487.6853
2368.545 487.6768
2368.531 487.6966
2368.501 487.6577
2368.481 487.7054
2368.534 487.6927
2368.493 487.6665
2368.522 487.6842
2368.529 487.6962
2368.538 487.6944
2368.507 487.6953
2368.519 487.669
2368.527 487.6747
2368.541 487.6788
2368.509 487.6821
2368.514 487.6975
2368.716 487.7757
2368.489 487.6293
2368.587 487.7784
2368.434 487.7997
2368.559 487.6503
2368.784 487.5987
2368.561 487.5573
2368.675 487.5593
2368.653 487.5475
2368.425 487.8114
2368.844 487.6343
2368.601 487.6307
2368.589 487.6468
2368.54 487.7259
2368.592 487.6981
2368.528 487.7176
2368.549 487.693
2368.625 487.6596
2368.571 487.6474
2368.631 487.6583
2368.512 487.6475
2368.468 487.7085
2368.537 487.6535
2368.611 487.6844
2368.495 487.6874
2368.616 487.6536
2368.618 487.7006
2368.532 487.6874
2368.632 487.7006
2368.594 487.6866
2368.678 487.6959
2368.646 487.7028
2368.594 487.7072
2368.576 487.7305
2368.618 487.7104
2368.647 487.7236
2368.573 487.7779
2368.596 487.7758
2368.615 487.804
2368.598 487.7923
2368.538 487.7763
2368.466 487.773
2368.46 487.8291
2368.494 487.8124
2368.509 487.8139
2368.51 487.8236
2368.447 487.8663
2368.502 487.8385
2368.563 487.8427
2368.543 487.8867
2368.533 487.8729
2368.513 487.8423
2368.467 487.8601
2368.494 487.8505
2368.521 487.8542
2368.474 487.8886
2368.441 487.8845
2368.494 487.8796
2368.579 487.8615
2368.563 487.8361
2368.512 487.8527
2368.516 487.8979
2368.471 487.8865
2368.481 487.8378
2368.44 487.8848
2368.404 487.9202
2368.446 487.8985
2368.513 487.9062
2368.412 487.8997
2368.487 487.8707
2368.541 487.8784
2368.474 487.8894
2368.439 487.9026
2368.448 487.9151
2368.405 487.8881
2368.384 487.8865
2368.455 487.9298
2368.522 487.9189
2368.413 487.913
2368.473 487.9445
2368.456 487.9395
2368.44 487.9155
2368.461 487.9141
2368.429 487.9162
2368.357 487.882
2368.431 487.8679
2368.488 487.907
2368.52 487.9371
2368.486 487.9008
2368.461 487.9399
2368.428 487.9336
2368.428 487.9151
2368.356 487.9054
2368.341 487.9334
2368.351 487.9295
2368.377 487.9614
2368.407 487.9621
2368.385 487.9504
2368.306 487.9531
2368.383 487.9598
2368.387 487.9603
2368.378 487.9805
2368.355 487.9658
2368.292 487.9945
2368.289 487.9913
2368.394 487.9506
2368.393 488.0079
2368.405 487.9557
2368.423 487.9379
2368.392 487.9963
2368.413 487.9846
2368.396 487.9273
2368.382 488.0548
2368.386 488.0057
2368.443 487.9751
2368.393 487.9655
2368.327 488.001
2368.367 488.0033
2368.41 487.9807
2368.35 487.959
2368.335 487.9602
2368.294 487.9534
2368.347 487.9807
2368.361 487.9754
2368.32 487.9467
2368.378 488.0042
2368.405 487.9541
2368.46 487.9801
2368.42 487.9986
2368.44 487.9234
2368.427 487.9262
2368.442 487.9738
2368.399 487.9427
2368.398 487.9449
2368.38 487.9384
2368.477 487.9132
2368.463 487.9365
2368.476 487.928
2368.479 487.9152
2368.49 487.9333
2368.427 487.9702
2368.464 487.8659
2368.435 487.9109
2368.43 487.8979
2368.493 487.8975
2368.406 487.9126
2368.44 487.9207
2368.41 487.92
2368.427 487.8958
2368.477 487.8632
2368.408 487.916
2368.294 487.9312
2368.343 487.9131
2368.358 487.9013
2368.372 487.9032
2368.344 487.9191
2368.365 487.9001
2368.369 487.9264
2368.429 487.9072
2368.37 487.9495
2368.393 487.9224
2368.375 487.9373
2368.364 487.9011
2368.409 487.8972
2368.393 487.9199
2368.397 487.9193
2368.352 487.9215
2368.33 487.9338
2368.34 487.9355
2368.392 487.8695
2368.34 487.9394
2368.4 487.9352
2368.359 487.9368
2368.422 487.9067
2368.382 487.9491
2368.318 487.9724
2368.361 487.9302
2368.395 487.9094
2368.468 487.9012
2368.407 487.9412
2368.388 487.9416
2368.371 487.9353
2368.364 487.9262
2368.362 487.9465
2368.374 487.9418
2368.376 487.9103
2368.417 487.9732
2368.31 487.954
2368.392 487.9496
2368.388 487.9269
2368.426 487.9334
2368.427 487.9609
2368.409 487.9067
2368.421 487.8994
2368.418 487.9382
2368.459 487.9003
2368.38 487.8976
2368.389 487.9254
2368.463 487.9077
2368.437 487.9511
2368.517 487.9294
2368.397 487.9153
2368.47 487.9061
2368.506 487.8919
2368.454 487.8874
2368.462 487.894
2368.435 487.8999
2368.469 487.893
2368.571 487.8975
2368.449 487.9115
2368.465 487.8938
2368.494 487.91
2368.433 487.8855
2368.383 487.8898
2368.431 487.8884
2368.442 487.8888
2368.416 487.8888
2368.382 487.9167
2368.422 487.9004
2368.376 487.89
2368.363 487.937
2368.353 487.9285
2368.358 487.8836
2368.4 487.8733
2368.368 487.8662
2368.302 487.8869
2368.368 487.8943
2368.321 487.9229
2368.382 487.9069
2368.33 487.9003
2368.318 487.9119
2368.315 487.8861
2368.353 487.9147
2368.255 487.936
2368.326 487.8913
2368.321 487.9002
2368.389 487.8916
2368.235 487.9009
2368.2 487.9037
2368.266 487.8946
2367.161 487.8711
2364.039 487.9075
2361.337 487.9026
2357.441 487.8905
2344.401 487.9205
2336.107 487.9073
2325.143 487.8807
2320.675 487.8905
2310.009 487.8831
2298.764 487.9126
2291.526 487.8572
2280.633 487.8793
2276.537 487.8725
2267.022 487.8665
2257.628 487.889
2248.656 487.8643
2239.232 487.8985
2229.765 487.8703
2219.865 487.8798
2210.398 487.9016
2203.698 487.8495
2194.645 487.908
2192.163 487.8783
2186.949 487.9385
2185.877 487.9187
2184.627 487.8782
2184.621 487.8741
2184.615 487.8707
2184.689 487.8819
2184.675 487.8975
2184.673 487.9008
2184.737 487.9056
2184.69 487.9305
2184.815 487.8933
2184.822 487.8788
2184.752 487.8683
2184.754 487.861
2184.757 487.8546
2184.618 487.8939
2184.664 487.9117
2184.716 487.8977
2184.719 487.9099
2184.71 487.9198
2184.756 487.8864
2184.809 487.9115
2184.717 487.9229
2184.691 487.9483
2184.758 487.9116
2184.748 487.9217
2184.746 487.9048
2185.012 487.9263
2186.079 487.8999
2188.659 487.91
2193.683 487.8814
2198.49 487.9221
2206.089 487.845
2213.359 487.8665
2224.21 487.8731
2233.293 487.8622
2242.629 487.8849
2251.749 487.9131
2262.458 487.8751
2271.289 487.8808
2282.056 487.8087
2285.729 487.796
2296.799 487.8532
2301.172 487.8101
2310.79 487.8278
2322.243 487.8301
2328.666 487.8097
2340.069 487.8076
2344.208 487.7634
2354.531 487.7977
2363.528 487.7926
2375.119 487.7713
2383.265 487.8204
2393.69 487.7582
2401.735 487.7736
2412.403 487.7594
2425.337 487.678
2431.536 487.7184
2440.047 487.7377
2449.453 487.7286
2459.613 487.7052
2469.791 487.731
2479.973 487.7107
2491.865 487.7545
2499.307 487.8629
2511.842 487.6925
2519.357 487.6523
2531.994 487.8391
2535.637 487.8336
2546.614 487.6325
2556.845 487.7887
2566.328 487.8159
2578.717 487.6995
2582.464 487.6917
2595.161 487.735
2599.29 487.7574
2608.495 487.7269
2616.948 487.7773
2621.008 487.7787
2624.023 487.7354
2623.995 487.7104
2623.975 487.7492
2623.984 487.7995
2623.994 487.6821
2624.026 487.7076
2624.076 487.7098
2624.022 487.7494
2623.935 487.7025
2623.979 487.6543
2624.03 487.6843
2624.021 487.752
2623.934 487.6984
2623.985 487.6581
2623.993 487.7082
2624.031 487.7171
2623.95 487.6915
2623.993 487.7023
2624.048 487.7329
2623.909 487.7582
2623.973 487.7277
2623.964 487.7066
2624.023 487.6936
2623.93 487.6833
2623.956 487.6473
2623.908 487.6938
2623.916 487.7195
2623.854 487.6248
2623.897 487.6697
2623.864 487.6155
2623.946 487.6172
2623.871 487.6027
2623.805 487.6333
2623.925 487.5684
2623.836 487.6272
2623.901 487.5556
2623.871 487.5847
2623.814 487.6013
2623.791 487.5992
2623.814 487.5449
2623.816 487.4696
2623.796 487.5845
2623.891 487.7101
2623.873 487.5832
2623.876 487.4833
2623.888 487.5107
2623.781 487.6688
2623.889 487.6174
2623.879 487.5461
2623.842 487.5929
2623.894 487.593
2623.875 487.5804
2623.864 487.5182
2623.802 487.5255
2623.864 487.5649
2623.855 487.5398
2623.818 487.5446
2623.811 487.5303
2623.885 487.554
2623.85 487.5805
2623.754 487.4909
2623.763 487.5085
2623.739 487.5924
2623.751 487.5544
2623.718 487.5287
2623.713 487.5487
2623.719 487.5755
2623.795 487.5859
2623.748 487.5314
2623.757 487.5414
2623.756 487.5787
2623.75 487.6097
2623.746 487.5327
2623.739 487.5567
2623.778 487.5579
2623.796 487.5371
2623.78 487.5415
2623.753 487.5494
2623.867 487.5634
2623.78 487.5775
2623.737 487.5714
2623.787 487.5402
2623.802 487.5683
2623.814 487.558
2623.862 487.5759
2623.785 487.5869
2623.826 487.4933
2623.729 487.5745
2623.728 487.5912
2623.742 487.5587
2623.749 487.5509
2623.774 487.5461
2623.78 487.6139
2623.853 487.6045
2623.771 487.5298
2623.743 487.5428
2623.763 487.5855
2623.782 487.6632
2623.737 487.6325
2623.789 487.6396
2623.778 487.5454
2623.884 487.5646
2623.825 487.6422
2623.859 487.6136
2623.76 487.6247
2623.837 487.5311
2623.823 487.5848
2623.8 487.5349
2623.762 487.538
2623.809 487.609
2623.727 487.58
2623.823 487.5218
2623.741 487.5626
2623.814 487.5719
2623.786 487.5515
2623.825 487.478
2623.773 487.5254
2623.765 487.5309
2623.755 487.5283
2623.743 487.53
2623.781 487.5316
2623.7 487.5296
2623.783 487.5193
2623.759 487.525
2623.756 487.5473
2623.785 487.5363
2623.694 487.5199
2623.73 487.5297
2623.551 487.5566
2622.406 487.5505
2620.657 487.5874
2617.83 487.5596
2611.943 487.5318
2606.471 487.5508
2598.906 487.546
2586.11 487.5362
2578.846 487.5236
2567.529 487.5742
2562.798 487.5549
2552.733 487.5485
2542.852 487.5612
2531.078 487.5491
2522.544 487.5407
2513.162 487.5865
2502.272 487.5865
2492.864 487.5627
2481.548 487.5677
2474.859 487.5528
2463.175 487.6022
2459.032 487.5572
2449.388 487.5552
2439.26 487.5343
2430.161 487.5695
2420.54 487.5732
2410.802 487.5838
2401.472 487.5707
2391.393 487.5904
2387.667 487.5629
2375.418 487.5955
2368.865 487.5989
2361.108 487.5881
2352.885 487.6014
2342.55 487.5455
2333.434 487.6122
2322.385 487.5883
2312.853 487.5838
2302.241 487.6032
2293.388 487.583
2283.404 487.5793
2279.32 487.614
2267.599 487.6177
2263.174 487.5719
2253.688 487.5912
2245.225 487.6042
2234.956 487.5795
2225.819 487.5678
2215.699 487.6175
2206.316 487.6317
2196.537 487.6043
2187.035 487.5921
2176.677 487.6236
2169.569 487.7078
2156.55 487.6824
2152.516 487.6921
2140.735 487.6624
2136.516 487.6609
2126.737 487.7125
2118.351 487.7308
2108.89 487.769
2100.68 487.7093
2091.24 487.7553
2086.418 487.7865
2074.94 487.7835
2069.029 487.7439
2057.847 487.7542
2053.323 487.8155
2043.937 487.7612
2035.566 487.8303
2025.315 487.8161
2015.974 487.7997
2005.993 487.8017
2002.124 487.8298
1991.148 487.8215
1986.794 487.8228
1976.67 487.8434
1965.29 487.8508
1958.947 487.8654
1946.85 487.8605
1943.353 487.8376
1932.99 487.8689
1923.941 487.8641
1914.292 487.882
1904.806 487.8669
1895.794 487.8422
1887.52 487.8395
1877.081 487.8128
1867.761 487.8631
1859.297 487.8726
1855.039 487.8762
1841.952 487.8637
1837.951 487.8741
1826.673 487.8778
1818.359 487.8846
1807.886 487.8434
1798.409 487.8234
1788.566 487.8369
1779.085 487.865
1769.668 487.8541
1760.847 487.8296
1751.141 487.8743
1746.735 487.8623
1735.959 487.8688
1731.463 487.8576
1721.622 487.8659
1711.437 487.8826
1702.364 487.8391
1690.961 487.8952
1687.496 487.8537
1678.338 487.8654
1670.233 487.8673
1665.436 487.8801
2184.756 487.8864
2184.809 487.9115
2184.717 487.9229
2184.691 487.9483
2184.758 487.9116
2184.748 487.9217
2184.746 487.9048
2185.012 487.9263
2186.079 487.8999
2188.659 487.91
2193.683 487.8814
2198.49 487.9221
2206.089 487.845
2213.359 487.8665
2224.21 487.8731
2233.293 487.8622
2242.629 487.8849
2251.749 487.9131
2262.458 487.8751
2271.289 487.8808
2282.056 487.8087
2285.729 487.796
2296.799 487.8532
2301.172 487.8101
2310.79 487.8278
2322.243 487.8301
2328.666 487.8097
2340.069 487.8076
2344.208 487.7634
2354.531 487.7977
2363.528 487.7926
2375.119 487.7713
2383.265 487.8204
2393.69 487.7582
2401.735 487.7736
2412.403 487.7594
2425.337 487.678
2431.536 487.7184
2440.047 487.7377
2449.453 487.7286
2459.613 487.7052
2469.791 487.731
2479.973 487.7107
2491.865 487.7545
2499.307 487.8629
2511.842 487.6925
2519.357 487.6523
2531.994 487.8391
2535.637 487.8336
2546.614 487.6325
2556.845 487.7887
2566.328 487.8159
2578.717 487.6995
2582.464 487.6917
2595.161 487.735
2599.29 487.7574
2608.495 487.7269
2616.948 487.7773
2621.008 487.7787
2624.023 487.7354
2623.995 487.7104
2623.975 487.7492
2623.984 487.7995
2623.994 487.6821
2624.026 487.7076
2624.076 487.7098
2624.022 487.7494
2623.935 487.7025
2623.979 487.6543
2624.03 487.6843
2624.021 487.752
2623.934 487.6984
2623.985 487.6581
2623.993 487.7082
2624.031 487.7171
2623.95 487.6915
2623.993 487.7023
2624.048 487.7329
2623.909 487.7582
2623.973 487.7277
2623.964 487.7066
2624.023 487.6936
2623.93 487.6833
2623.956 487.6473
2623.908 487.6938
2623.916 487.7195
2623.854 487.6248
2623.897 487.6697
2623.864 487.6155
2623.946 487.6172
2623.871 487.6027
2623.805 487.6333
2623.925 487.5684
2623.836 487.6272
2623.901 487.5556
2623.871 487.5847
2623.814 487.6013
2623.791 487.5992
2623.814 487.5449
2623.816 487.4696
2623.796 487.5845
2623.891 487.7101
2623.873 487.5832
2623.876 487.4833
2623.888 487.5107
2623.781 487.6688
2623.889 487.6174
2623.879 487.5461
2623.842 487.5929
2623.894 487.593
2623.875 487.5804
2623.864 487.5182
2623.802 487.5255
2623.864 487.5649
2623.855 487.5398
2623.818 487.5446
2623.811 487.5303
2623.885 487.554
2623.85 487.5805
2623.754 487.4909
2623.763 487.5085
2623.739 487.5924
2623.751 487.5544
2623.718 487.5287
2623.713 487.5487
2623.719 487.5755
2623.795 487.5859
2623.748 487.5314
2623.757 487.5414
2623.756 487.5787
2623.75 487.6097
2623.746 487.5327
2623.739 487.5567
2623.778 487.5579
2623.796 487.5371
2623.78 487.5415
2623.753 487.5494
2623.867 487.5634
2623.78 487.5775
2623.737 487.5714
2623.787 487.5402
2623.802 487.5683
2623.814 487.558
2623.862 487.5759
2623.785 487.5869
2623.826 487.4933
2623.729 487.5745
2623.728 487.5912
2623.742 487.5587
2623.749 487.5509
2623.774 487.5461
2623.78 487.6139
2623.853 487.6045
2623.771 487.5298
2623.743 487.5428
2623.763 487.5855
2623.782 487.6632
2623.737 487.6325
2623.789 487.6396
2623.778 487.5454
2623.884 487.5646
2623.825 487.6422
2623.859 487.6136
2623.76 487.6247
2623.837 487.5311
2623.823 487.5848
2623.8 487.5349
2623.762 487.538
2623.809 487.609
2623.727 487.58
2623.823 487.5218
2623.741 487.5626
2623.814 487.5719
2623.786 487.5515
2623.825 487.478
2623.773 487.5254
2623.765 487.5309
2623.755 487.5283
2623.743 487.53
2623.781 487.5316
2623.7 487.5296
2623.783 487.5193
2623.759 487.525
2623.756 487.5473
2623.785 487.5363
2623.694 487.5199
2623.73 487.5297
2623.551 487.5566
2622.406 487.5505
2620.657 487.5874
2617.83 487.5596
2611.943 487.5318
2606.471 487.5508
2598.906 487.546
2586.11 487.5362
2578.846 487.5236
2567.529 487.5742
2562.798 487.5549
2552.733 487.5485
2542.852 487.5612
2531.078 487.5491
2522.544 487.5407
2513.162 487.5865
2502.272 487.5865
2492.864 487.5627
2481.548 487.5677
2474.859 487.5528
2463.175 487.6022
2459.032 487.5572
2449.388 487.5552
2439.26 487.5343
2430.161 487.5695
2420.54 487.5732
2410.802 487.5838
2401.472 487.5707
2391.393 487.5904
2387.667 487.5629
2375.418 487.5955
2368.865 487.5989
2361.108 487.5881
2352.885 487.6014
2342.55 487.5455
2333.434 487.6122
2322.385 487.5883
2312.853 487.5838
2302.241 487.6032
2293.388 487.583
2283.404 487.5793
2279.32 487.614
2267.599 487.6177
2263.174 487.5719
2253.688 487.5912
2245.225 487.6042
2234.956 487.5795
2225.819 487.5678
2215.699 487.6175
2206.316 487.6317
2196.537 487.6043
2187.035 487.5921
2176.677 487.6236
2169.569 487.7078
2156.55 487.6824
2152.516 487.6921
2140.735 487.6624
2136.516 487.6609
2126.737 487.7125
2118.351 487.7308
2108.89 487.769
2100.68 487.7093
2091.24 487.7553
2086.418 487.7865
2074.94 487.7835
2069.029 487.7439
2057.847 487.7542
2053.323 487.8155
2043.937 487.7612
2035.566 487.8303
2025.315 487.8161
2015.974 487.7997
2005.993 487.8017
2002.124 487.8298
1991.148 487.8215
1986.794 487.8228
1976.67 487.8434
1965.29 487.8508
1958.947 487.8654
1946.85 487.8605
1943.353 487.8376
1932.99 487.8689
1923.941 487.8641
1914.292 487.882
1904.806 487.8669
1895.794 487.8422
1887.52 487.8395
1877.081 487.8128
1867.761 487.8631
1859.297 487.8726
1855.039 487.8762
1841.952 487.8637
1837.951 487.8741
1826.673 487.8778
1818.359 487.8846
1807.886 487.8434
1798.409 487.8234
1788.566 487.8369
1779.085 487.865
1769.668 487.8541
1760.847 487.8296
1751.141 487.8743
1746.735 487.8623
1735.959 487.8688
1731.463 487.8576
1721.622 487.8659
1711.437 487.8826
1702.364 487.8391
1690.961 487.8952
1687.496 487.8537
1678.338 487.8654
1670.233 487.8673
1665.436 487.8801
1660.411 487.8834
1656.845 487.8813
1655.328 487.8804
1654.786 487.8986
1654.542 487.8921
1654.511 487.8795
1654.604 487.8979
1654.497 487.8742
1654.505 487.8953
1654.5 487.8818
1654.486 487.8776
1654.484 487.8628
1654.504 487.8784
1654.492 487.9221
1654.483 487.857
1654.381 488.2105
1655.578 488.3127
1653.85 487.6828
1654.429 487.3799
1655.148 487.5706
1654.229 487.19
1654.249 487.6911
1653.899 486.8166
1653.791 486.4465
1654.323 486.9539
1652.92 486.9504
1652.448 487.0576
1652.688 487.2871
1652.996 487.5005
1652.93 487.7021
1653.316 487.22
1653.702 486.97
1654.024 486.4789
1653.751 486.8259
1653.858 485.9997
1650.547 485.5762
1648.831 485.895
1647.189 487.2843
1643.45 490.0988
1641.247 491.0851
1636.684 489.1002
1633.378 489.7028
1629.829 490.8459
1626.018 491.2067
1620.194 491.1902
1614.275 491.6671
1610.324 492.3278
1605.804 492.7168
1599.61 493.3891
1593.407 494.6487
1583.465 495.8345
1575.851 495.9254
1565.428 495.0634
1551.273 493.6828
1540.941 492.4992
1530.189 491.2917
1515.156 490.8963
1502.541 490.5904
1490.695 491.1055
1479.427 491.9186
1464.418 491.7729
1452.194 490.7448
1438.09 489.7686
1421.595 488.9868
1400.933 489.4049
1383.844 490.0256
1367.509 490.9052
1345.299 492.377
1326.722 493.6798
1309.037 495.6526
1285.748 498.3987
1265.339 500.5098
1244.901 501.9844
1208.081 504.4348
1187.134 506.2008
1147.292 509.6062
1123.621 511.7154
1093.121 514.2709
1070.505 515.4776
1034.336 517.7109
1012.377 519.5099
992.9765 521.121
955.8128 524.0433
935.9974 525.4253
910.4792 526.7201
880.7161 527.8513
849.3535 530.3586
832.4414 531.3222
806.2034 531.8737
790.7002 532.3003
776.6152 532.6677
752.8284 533.9485
740.5544 534.3227
726.0159 534.388
715.4886 533.4634
704.5156 532.8323
691.7041 531.7862
679.8955 530.868
670.9193 529.7971
664.4368 528.8778
656.7409 527.7693
650.6439 526.3294
641.998 524.4183
635.113 523.21
628.2151 522.124
621.4063 520.9945
617.945 520.3788
616.6768 519.5898
614.8679 519.0752
612.2383 519.0229
607.9788 518.7879
604.8086 518.9636
602.5641 519.101
601.7734 519.5566
601.8659 520.0826
602.7051 520.4588
604.0472 520.8867
605.1631 521.209
606.415 522.316
607.0964 523.9128
607.4167 526.1371
608.364 527.7724
609.7767 528.6799
611.9089 529.359
616.904 529.6132
618.7302 530.0536
620.2773 530.6839
620.4463 530.9955
620.6211 531.3608
621.7526 531.75
622.5892 531.9639
623.1963 531.9761
623.6605 531.687
623.9844 531.5046
623.5954 531.325
622.8493 531.2475
622.2669 531.2227
622.0029 531.2261
622.0134 531.087
622.3015 530.683
622.1533 530.2397
621.9134 529.7368
622.0625 529.3208
622.5784 529.1738
623.2747 529.4978
624.2728 529.7288
625.1501 529.9102
625.8972 530.1489
626.6569 530.4709
627.3522 530.5204
628.2874 530.5468
629.1849 530.6124
629.6911 530.6008
629.7819 530.4104
627.96 529.6147
628.1309 529.6578
624.7331 530.678
623.5156 530.6146
622.4847 530.6368
622.1452 530.7968
620.8906 530.9269
619.5999 530.8957
618.2233 530.6694
616.973 530.4445
616.6722 530.3752
616.5339 530.5676
616.387 530.7509
616.0153 530.8262
615.4521 530.8002
615.0482 530.5444
614.8743 530.27
615.3923 530.2339
615.5228 530.2281
615.4355 530.0746
615.0342 529.9789
614.5303 529.847
613.9333 529.6989
613.6162 529.5445
613.6116 529.4746
613.47 529.4288
613.3831 529.328
612.9456 529.5402
612.6807 529.5987
612.5427 529.6658
612.3659 529.6212
612.1696 529.6218
613.512 529.5089
614.0349 529.5396
614.5313 529.5049
615.1826 529.3701
616.2484 529.0575
617.5651 528.7476
619.8594 528.3665
622.9241 528.0372
625.9909 527.9788
631.056 528.0614
635.153 528.2046
639.4463 528.2817
644.9837 528.2377
651.36 528.2842
657.6201 528.3215
666.2637 528.6543
673.6982 528.9828
681.5723 529.3585
692.2659 529.9874
700.8789 530.6177
712.4844 530.921
721.8255 530.8267
730.6152 530.5403
742.8682 530.0299
752.8669 529.3129
762.3392 528.7866
774.7041 527.7072
784.8694 526.6912
797.5579 525.0891
810.1543 523.6453
822.0823 523.0962
839.0059 522.8337
853.0039 522.2151
876.0661 520.0384
890.2249 517.9918
904.7972 515.8746
922.9173 513.4226
939.8708 511.7791
955.4404 511.1428
976.5358 512.1343
995.036 511.7748
1012.371 509.9788
1040.516 505.5359
1058.113 504.3178
1079.36 504.5535
1101.247 500.9673
1120.245 500.0531
1149.717 500.6558
1169.548 501.0164
1193.591 501.3646
1215.622 501.3239
1237.492 501.4904
1262.246 502.0338
1281.288 503.024
1300.122 503.7534
1319.705 504.8581
1338.433 504.9462
1357.7 505.3163
1379.399 505.8732
1398.776 506.6239
1429.715 508.1655
1447.366 508.9887
1464.57 509.3202
1487.008 509.3118
1505.935 509.1002
1522.65 508.8022
1544.651 507.8446
1562.017 506.8794
1592.616 505.2909
1611.299 504.4607
1629.792 503.0089
1650.341 499.5188
1666.969 497.316
1693.71 496.558
1709.609 495.8042
1738.058 493.391
1757.102 491.7031
1775.609 491.2715
1805.28 489.7435
1821.197 488.8783
1842.021 487.5757
1858.738 486.4765
1873.949 485.8183
1896.647 485.3524
1913.906 485.4174
1939.873 486.8524
1953.945 488.1946
1974.53 488.7199
1987.985 489.0363
2001.691 489.4851
2019.044 489.9607
2031.947 490.5856
2044.699 491.5184
2059.975 493.0223
2070.289 493.2524
2079.825 493.0217
2090.356 493.3574
2098.19 494.0558
2107.937 494.4277
2114.602 493.9481
2120.94 493.6859
2127.163 494.4077
2129.666 495.2517
2130.466 495.9352
2131.398 495.721
2131.409 494.8496
2131.113 493.4285
2131.677 493.1271
2132.087 492.6322
2131.594 492.0016
2129.758 491.088
2126.879 489.9966
2124.326 489.8712
2123.104 490.0928
1660.411 487.8834
1656.845 487.8813
1655.328 487.8804
1654.786 487.8986
1654.542 487.8921
1654.511 487.8795
1654.604 487.8979
1654.497 487.8742
1654.505 487.8953
1654.5 487.8818
1654.486 487.8776
1654.484 487.8628
1654.504 487.8784
1654.492 487.9221
1654.483 487.857
1654.381 488.2105
1655.578 488.3127
1653.85 487.6828
1654.429 487.3799
1655.148 487.5706
1654.229 487.19
1654.249 487.6911
1653.899 486.8166
1653.791 486.4465
1654.323 486.9539
1652.92 486.9504
1652.448 487.0576
1652.688 487.2871
1652.996 487.5005
1652.93 487.7021
1653.316 487.22
1653.702 486.97
1654.024 486.4789
1653.751 486.8259
1653.858 485.9997
1650.547 485.5762
1648.831 485.895
1647.189 487.2843
1643.45 490.0988
1641.247 491.0851
1636.684 489.1002
1633.378 489.7028
1629.829 490.8459
1626.018 491.2067
1620.194 491.1902
1614.275 491.6671
1610.324 492.3278
1605.804 492.7168
1599.61 493.3891
1593.407 494.6487
1583.465 495.8345
1575.851 495.9254
1565.428 495.0634
1551.273 493.6828
1540.941 492.4992
1530.189 491.2917
1515.156 490.8963
1502.541 490.5904
1490.695 491.1055
1479.427 491.9186
1464.418 491.7729
1452.194 490.7448
1438.09 489.7686
1421.595 488.9868
1400.933 489.4049
1383.844 490.0256
1367.509 490.9052
1345.299 492.377
1326.722 493.6798
1309.037 495.6526
1285.748 498.3987
1265.339 500.5098
1244.901 501.9844
1208.081 504.4348
1187.134 506.2008
1147.292 509.6062
1123.621 511.7154
1093.121 514.2709
1070.505 515.4776
1034.336 517.7109
1012.377 519.5099
992.9765 521.121
955.8128 524.0433
935.9974 525.4253
910.4792 526.7201
880.7161 527.8513
849.3535 530.3586
832.4414 531.3222
806.2034 531.8737
790.7002 532.3003
776.6152 532.6677
752.8284 533.9485
740.5544 534.3227
726.0159 534.388
715.4886 533.4634
704.5156 532.8323
691.7041 531.7862
679.8955 530.868
670.9193 529.7971
664.4368 528.8778
656.7409 527.7693
650.6439 526.3294
641.998 524.4183
635.113 523.21
628.2151 522.124
621.4063 520.9945
617.945 520.3788
616.6768 519.5898
614.8679 519.0752
612.2383 519.0229
607.9788 518.7879
604.8086 518.9636
602.5641 519.101
601.7734 519.5566
601.8659 520.0826
602.7051 520.4588
604.0472 520.8867
605.1631 521.209
606.415 522.316
607.0964 523.9128
607.4167 526.1371
608.364 527.7724
609.7767 528.6799
611.9089 529.359
616.904 529.6132
618.7302 530.0536
620.2773 530.6839
620.4463 530.9955
620.6211 531.3608
621.7526 531.75
622.5892 531.9639
623.1963 531.9761
623.6605 531.687
623.9844 531.5046
623.5954 531.325
622.8493 531.2475
622.2669 531.2227
622.0029 531.2261
622.0134 531.087
622.3015 530.683
622.1533 530.2397
621.9134 529.7368
622.0625 529.3208
622.5784 529.1738
623.2747 529.4978
624.2728 529.7288
625.1501 529.9102
625.8972 530.1489
626.6569 530.4709
627.3522 530.5204
628.2874 530.5468
629.1849 530.6124
629.6911 530.6008
629.7819 530.4104
627.96 529.6147
628.1309 529.6578
624.7331 530.678
623.5156 530.6146
622.4847 530.6368
622.1452 530.7968
620.8906 530.9269
619.5999 530.8957
618.2233 530.6694
616.973 530.4445
616.6722 530.3752
616.5339 530.5676
616.387 530.7509
616.0153 530.8262
615.4521 530.8002
615.0482 530.5444
614.8743 530.27
615.3923 530.2339
615.5228 530.2281
615.4355 530.0746
615.0342 529.9789
614.5303 529.847
613.9333 529.6989
613.6162 529.5445
613.6116 529.4746
613.47 529.4288
613.3831 529.328
612.9456 529.5402
612.6807 529.5987
612.5427 529.6658
612.3659 529.6212
612.1696 529.6218
613.512 529.5089
614.0349 529.5396
614.5313 529.5049
615.1826 529.3701
616.2484 529.0575
617.5651 528.7476
619.8594 528.3665
622.9241 528.0372
625.9909 527.9788
631.056 528.0614
635.153 528.2046
639.4463 528.2817
644.9837 528.2377
651.36 528.2842
657.6201 528.3215
666.2637 528.6543
673.6982 528.9828
681.5723 529.3585
692.2659 529.9874
700.8789 530.6177
712.4844 530.921
721.8255 530.8267
730.6152 530.5403
742.8682 530.0299
752.8669 529.3129
762.3392 528.7866
774.7041 527.7072
784.8694 526.6912
797.5579 525.0891
810.1543 523.6453
822.0823 523.0962
839.0059 522.8337
853.0039 522.2151
876.0661 520.0384
890.2249 517.9918
904.7972 515.8746
922.9173 513.4226
939.8708 511.7791
955.4404 511.1428
976.5358 512.1343
995.036 511.7748
1012.371 509.9788
1040.516 505.5359
1058.113 504.3178
1079.36 504.5535
1101.247 500.9673
1120.245 500.0531
1149.717 500.6558
1169.548 501.0164
1193.591 501.3646
1215.622 501.3239
1237.492 501.4904
1262.246 502.0338
1281.288 503.024
1300.122 503.7534
1319.705 504.8581
1338.433 504.9462
1357.7 505.3163
1379.399 505.8732
1398.776 506.6239
1429.715 508.1655
1447.366 508.9887
1464.57 509.3202
1487.008 509.3118
1505.935 509.1002
1522.65 508.8022
1544.651 507.8446
1562.017 506.8794
1592.616 505.2909
1611.299 504.4607
1629.792 503.0089
1650.341 499.5188
1666.969 497.316
1693.71 496.558
1709.609 495.8042
1738.058 493.391
1757.102 491.7031
1775.609 491.2715
1805.28 489.7435
1821.197 488.8783
1842.021 487.5757
1858.738 486.4765
1873.949 485.8183
1896.647 485.3524
1913.906 485.4174
1939.873 486.8524
1953.945 488.1946
1974.53 488.7199
1987.985 489.0363
2001.691 489.4851
2019.044 489.9607
2031.947 490.5856
2044.699 491.5184
2059.975 493.0223
2070.289 493.2524
2079.825 493.0217
2090.356 493.3574
2098.19 494.0558
2107.937 494.4277
2114.602 493.9481
2120.94 493.6859
2127.163 494.4077
2129.666 495.2517
2130.466 495.9352
2131.398 495.721
2131.409 494.8496
2131.113 493.4285
2131.677 493.1271
2132.087 492.6322
2131.594 492.0016
2129.758 491.088
2126.879 489.9966
2124.326 489.8712
2123.104 490.0928
2122.386 490.5033
2121.456 490.5728
2118.947 490.0197
2116.779 489.7929
2114.671 489.9265
2113.243 489.6834
2111.849 489.2036
2110.098 488.8517
2107.576 488.6217
2105.824 488.5659
2104.363 488.3676
2103.453 487.7566
2105.131 486.4796
2106.119 485.0057
2105.675 484.1858
2104.452 483.5778
2103.43 483.2408
2103.967 483.4902
2105.428 483.3584
2108.161 482.4341
2109.359 481.763
2110.455 480.8232
2111.297 480.576
2112.506 480.5583
2114.326 480.7356
2115.495 480.8508
2116.83 480.6989
2117.376 480.6433
2117.553 480.8824
2117.805 481.8209
2118.281 482.8066
2119.267 483.6747
2119.937 484.4346
2119.123 485.2999
2116.896 487.103
2116.063 488.5634
2116.073 489.9865
2117.274 491.4008
2118.542 492.4789
2119.271 494.936
2120.059 496.791
2121.068 498.4309
2122.518 499.5946
2123.569 499.9567
2124.925 500.4254
2127.237 501.2524
2130.659 501.914
2134.257 502.9305
2140.575 504.2385
2144.239 504.6669
2149.229 504.757
2153.64 504.6188
2158.247 504.4263
2165.909 505.0224
2172.84 505.9542
2179.756 506.3546
2185.582 506.1361
2189.237 505.0026
2194.378 503.7421
2198.411 503.159
2203.387 502.9881
2211.713 503.405
2217.03 503.2775
2221.01 502.475
2224.33 501.7609
2225.427 501.5868
2230.439 502.2426
2234.575 502.6808
2238.101 502.8366
2240.426 502.7282
2240.615 502.7319
2241.477 502.9942
2243.537 503.1191
2245.952 503.3291
2247.993 503.5883
2248.806 503.4623
2248.917 503.2433
2249.738 503.3382
2250.606 503.5761
2252.057 503.7303
2252.994 503.5419
2253.605 503.1541
2254.268 502.8899
2254.437 503.2637
2255.399 503.6
2256.816 503.7171
2257.71 503.5251
2258.083 502.9185
2257.447 502.3183
2257.449 502.1567
2258.594 502.3972
2259.852 502.866
2260.484 503.2098
2260.823 503.3897
2260.551 503.2871
2260.654 502.7864
2260.855 502.6857
2260.936 502.8903
2260.657 503.7065
2260.166 504.5265
2259.792 504.7872
2258.834 504.8125
2258 504.7625
2256.529 504.6794
2255.733 505.1393
2255.049 505.8008
2254.079 506.8661
2253.005 507.6033
2252.096 507.798
2251.193 508.1183
2250.461 508.1782
2249.236 508.2746
2248.103 508.3935
2246.913 508.9929
2246.288 509.6994
2246.187 510.231
2246.222 510.4249
2245.551 510.4594
2244.702 510.6018
2244.06 510.7194
2243.863 511.1326
2244.26 511.3477
2244.156 511.3589
2243.789 511.3757
2243.443 511.3922
2243.38 511.5884
2243.939 511.6831
2244.388 511.7379
2245.092 511.8077
2245.647 511.8573
2246.224 511.6899
2246.286 511.4569
2246.056 511.2017
2246.151 511.0866
2246.567 511.209
2247.544 511.412
2248.65 511.6232
2249.125 511.7315
2248.866 511.8269
2248.37 511.8027
2247.844 511.7115
2247.579 511.8167
2247.784 512.0037
2248.43 512.3157
2248.653 512.5652
2248.475 512.7698
2248.09 513.0419
2247.939 513.4048
2248.397 513.4915
2248.568 513.5318
2248.298 513.382
2248.228 513.3605
2248.471 513.4153
2249.194 513.7733
2249.745 513.951
2250.063 513.8146
2249.527 513.3747
2249.06 513.0309
2248.961 512.6546
2249.43 512.6379
2250.072 512.829
2250.242 512.8593
2250.166 512.7417
2250.005 512.6089
2250.141 512.6143
2251.02 513.0098
2251.547 513.1568
2251.826 513.2106
2252.093 513.2707
2252.305 513.2416
2252.562 513.2038
2252.853 513.2634
2253.048 513.5498
2253.859 514.016
2254.229 514.2664
2254.18 514.249
2254.01 514.2209
2253.802 514.1021
2253.935 513.9806
2254.826 514.3615
2255.958 514.9653
2256.947 515.4387
2257.151 515.3417
2256.994 515.116
2257.056 514.8525
2258.009 514.73
2259.282 514.8453
2261.22 514.9816
2262.117 514.9762
2261.807 514.6418
2261.688 514.4174
2262 514.1779
2263.067 513.9919
2264.309 513.9713
2265.777 514.1234
2266.633 514.0696
2266.845 513.8273
2266.724 513.7086
2267.122 513.7678
2267.919 514.0041
2268.934 514.1912
2269.805 514.207
2270.131 514.1556
2269.98 514.1203
2270.41 514.129
2270.692 514.9411
2271.041 515.1155
2271.867 515.4266
2272.064 515.4927
2272.577 516.1563
2273.023 516.4742
2273.337 516.6118
2273.481 516.6187
2273.436 516.4836
2273.467 516.3809
2273.668 516.2876
2274.02 516.2566
2274.216 516.4366
2274.644 516.6387
2274.784 516.5143
2274.704 516.2346
2274.442 515.9076
2274.889 515.9375
2275.613 516.1752
2276.302 516.2342
2276.529 516.0543
2276.38 515.8124
2276.16 515.6854
2276.375 515.8159
2276.498 515.786
2277.325 516.1395
2277.599 516.3719
2277.882 516.4741
2278.307 516.7816
2278.47 517.0206
2278.667 517.3216
2278.831 517.4328
2278.937 517.5926
2278.774 517.6848
2278.89 517.7687
2279.363 517.9984
2280.143 518.4211
2280.77 518.9361
2280.829 519.2023
2280.184 518.9733
2279.591 518.7058
2279.152 518.5515
2278.885 518.463
2279.338 518.4897
2279.89 518.6726
2280.099 518.6284
2279.892 518.5414
2279.375 518.413
2278.918 518.4163
2278.917 518.5698
2279.259 518.9501
2279.368 519.1127
2279.237 519.1224
2278.505 519.275
2278.183 519.4235
2277.9 519.5944
2277.761 519.8445
2277.552 520.1412
2277.244 520.3865
2276.779 520.5079
2276.151 520.5215
2275.418 520.4598
2274.077 520.4938
2273.538 520.6304
2272.808 520.8599
2271.973 520.8452
2270.138 520.6423
2269.079 520.6045
2268.177 520.6016
2267.138 520.4047
2265.759 520.1754
2263.608 519.6416
2260.66 519.0449
2258.617 518.9203
2255.912 519.0884
2253.342 519.1458
2250.197 518.9125
2245.615 518.8295
2237.637 519.3815
2230.259 519.598
2218.611 519.7983
2211.433 519.9507
2203.871 520.0996
2194.104 520.6344
2182.766 521.5806
2164.317 523.5424
2148.631 525.3068
2131.121 526.858
2113.976 527.0594
2099.52 527.1457
2073.512 527.3556
2055.738 528.5915
2035.98 530.1278
1998.383 531.4786
1974.334 530.3615
2122.386 490.5033
2121.456 490.5728
2118.947 490.0197
2116.779 489.7929
2114.671 489.9265
2113.243 489.6834
2111.849 489.2036
2110.098 488.8517
2107.576 488.6217
2105.824 488.5659
2104.363 488.3676
2103.453 487.7566
2105.131 486.4796
2106.119 485.0057
2105.675 484.1858
2104.452 483.5778
2103.43 483.2408
2103.967 483.4902
2105.428 483.3584
2108.161 482.4341
2109.359 481.763
2110.455 480.8232
2111.297 480.576
2112.506 480.5583
2114.326 480.7356
2115.495 480.8508
2116.83 480.6989
2117.376 480.6433
2117.553 480.8824
2117.805 481.8209
2118.281 482.8066
2119.267 483.6747
2119.937 484.4346
2119.123 485.2999
2116.896 487.103
2116.063 488.5634
2116.073 489.9865
2117.274 491.4008
2118.542 492.4789
2119.271 494.936
2120.059 496.791
2121.068 498.4309
2122.518 499.5946
2123.569 499.9567
2124.925 500.4254
2127.237 501.2524
2130.659 501.914
2134.257 502.9305
2140.575 504.2385
2144.239 504.6669
2149.229 504.757
2153.64 504.6188
2158.247 504.4263
2165.909 505.0224
2172.84 505.9542
2179.756 506.3546
2185.582 506.1361
2189.237 505.0026
2194.378 503.7421
2198.411 503.159
2203.387 502.9881
2211.713 503.405
2217.03 503.2775
2221.01 502.475
2224.33 501.7609
2225.427 501.5868
2230.439 502.2426
2234.575 502.6808
2238.101 502.8366
2240.426 502.7282
2240.615 502.7319
2241.477 502.9942
2243.537 503.1191
2245.952 503.3291
2247.993 503.5883
2248.806 503.4623
2248.917 503.2433
2249.738 503.3382
2250.606 503.5761
2252.057 503.7303
2252.994 503.5419
2253.605 503.1541
2254.268 502.8899
2254.437 503.2637
2255.399 503.6
2256.816 503.7171
2257.71 503.5251
2258.083 502.9185
2257.447 502.3183
2257.449 502.1567
2258.594 502.3972
2259.852 502.866
2260.484 503.2098
2260.823 503.3897
2260.551 503.2871
2260.654 502.7864
2260.855 502.6857
2260.936 502.8903
2260.657 503.7065
2260.166 504.5265
2259.792 504.7872
2258.834 504.8125
2258 504.7625
2256.529 504.6794
2255.733 505.1393
2255.049 505.8008
2254.079 506.8661
2253.005 507.6033
2252.096 507.798
2251.193 508.1183
2250.461 508.1782
2249.236 508.2746
2248.103 508.3935
2246.913 508.9929
2246.288 509.6994
2246.187 510.231
2246.222 510.4249
2245.551 510.4594
2244.702 510.6018
2244.06 510.7194
2243.863 511.1326
2244.26 511.3477
2244.156 511.3589
2243.789 511.3757
2243.443 511.3922
2243.38 511.5884
2243.939 511.6831
2244.388 511.7379
2245.092 511.8077
2245.647 511.8573
2246.224 511.6899
2246.286 511.4569
2246.056 511.2017
2246.151 511.0866
2246.567 511.209
2247.544 511.412
2248.65 511.6232
2249.125 511.7315
2248.866 511.8269
2248.37 511.8027
2247.844 511.7115
2247.579 511.8167
2247.784 512.0037
2248.43 512.3157
2248.653 512.5652
2248.475 512.7698
2248.09 513.0419
2247.939 513.4048
2248.397 513.4915
2248.568 513.5318
2248.298 513.382
2248.228 513.3605
2248.471 513.4153
2249.194 513.7733
2249.745 513.951
2250.063 513.8146
2249.527 513.3747
2249.06 513.0309
2248.961 512.6546
2249.43 512.6379
2250.072 512.829
2250.242 512.8593
2250.166 512.7417
2250.005 512.6089
2250.141 512.6143
2251.02 513.0098
2251.547 513.1568
2251.826 513.2106
2252.093 513.2707
2252.305 513.2416
2252.562 513.2038
2252.853 513.2634
2253.048 513.5498
2253.859 514.016
2254.229 514.2664
2254.18 514.249
2254.01 514.2209
2253.802 514.1021
2253.935 513.9806
2254.826 514.3615
2255.958 514.9653
2256.947 515.4387
2257.151 515.3417
2256.994 515.116
2257.056 514.8525
2258.009 514.73
2259.282 514.8453
2261.22 514.9816
2262.117 514.9762
2261.807 514.6418
2261.688 514.4174
2262 514.1779
2263.067 513.9919
2264.309 513.9713
2265.777 514.1234
2266.633 514.0696
2266.845 513.8273
2266.724 513.7086
2267.122 513.7678
2267.919 514.0041
2268.934 514.1912
2269.805 514.207
2270.131 514.1556
2269.98 514.1203
2270.41 514.129
2270.692 514.9411
2271.041 515.1155
2271.867 515.4266
2272.064 515.4927
2272.577 516.1563
2273.023 516.4742
2273.337 516.6118
2273.481 516.6187
2273.436 516.4836
2273.467 516.3809
2273.668 516.2876
2274.02 516.2566
2274.216 516.4366
2274.644 516.6387
2274.784 516.5143
2274.704 516.2346
2274.442 515.9076
2274.889 515.9375
2275.613 516.1752
2276.302 516.2342
2276.529 516.0543
2276.38 515.8124
2276.16 515.6854
2276.375 515.8159
2276.498 515.786
2277.325 516.1395
2277.599 516.3719
2277.882 516.4741
2278.307 516.7816
2278.47 517.0206
2278.667 517.3216
2278.831 517.4328
2278.937 517.5926
2278.774 517.6848
2278.89 517.7687
2279.363 517.9984
2280.143 518.4211
2280.77 518.9361
2280.829 519.2023
2280.184 518.9733
2279.591 518.7058
2279.152 518.5515
2278.885 518.463
2279.338 518.4897
2279.89 518.6726
2280.099 518.6284
2279.892 518.5414
2279.375 518.413
2278.918 518.4163
2278.917 518.5698
2279.259 518.9501
2279.368 519.1127
2279.237 519.1224
2278.505 519.275
2278.183 519.4235
2277.9 519.5944
2277.761 519.8445
2277.552 520.1412
2277.244 520.3865
2276.779 520.5079
2276.151 520.5215
2275.418 520.4598
2274.077 520.4938
2273.538 520.6304
2272.808 520.8599
2271.973 520.8452
2270.138 520.6423
2269.079 520.6045
2268.177 520.6016
2267.138 520.4047
2265.759 520.1754
2263.608 519.6416
2260.66 519.0449
2258.617 518.9203
2255.912 519.0884
2253.342 519.1458
2250.197 518.9125
2245.615 518.8295
2237.637 519.3815
2230.259 519.598
2218.611 519.7983
2211.433 519.9507
2203.871 520.0996
2194.104 520.6344
2182.766 521.5806
2164.317 523.5424
2148.631 525.3068
2131.121 526.858
2113.976 527.0594
2099.52 527.1457
2073.512 527.3556
2055.738 528.5915
2035.98 530.1278
1998.383 531.4786
1974.334 530.3615
