1920 480
1920 480
1750.257 503.256
1749.368 503.8139
1748.88 504.0268
1748.369 504.2252
1747.769 504.3649
1747.284 504.5026
1746.839 504.6299
1746.534 504.7313
1746.28 504.7867
1746.247 504.8265
1745.993 504.855
1745.682 504.8189
1745.347 504.7837
1744.865 504.697
1744.184 504.5921
1743.448 504.5053
1741.879 504.3427
1740.421 504.4731
1739.252 504.5794
1738.133 504.7111
1737.122 504.8699
1736.221 504.9964
1735.594 505.032
1735.068 504.9664
1734.749 504.7483
1734.405 504.5336
1734.056 504.311
1733.757 504.1006
1733.529 503.9123
1733.372 503.7131
1733.228 503.4856
1733.076 503.3219
1732.947 503.1191
1732.876 502.9376
1732.773 502.7521
1732.761 502.5717
1732.767 502.4754
1732.816 502.3743
1732.849 502.2958
1732.96 502.2102
1733.125 502.1551
1733.22 502.1614
1733.253 502.2227
1733.266 502.2921
1733.29 502.3441
1733.498 502.4036
1733.883 502.4385
1733.575 502.3723
1733.915 502.394
1734.329 502.4055
1734.796 502.3685
1735.253 502.3098
1735.707 502.2214
1736.128 502.1165
1736.505 502.0562
1736.915 502.0291
1737.262 502.0556
1737.498 502.0858
1737.594 502.1179
1737.552 502.176
1737.426 502.2789
1737.217 502.4613
1736.936 502.6722
1736.707 502.8807
1736.526 503.0872
1736.355 503.3078
1736.156 503.5503
1735.909 503.877
1735.622 504.21
1735.455 504.4864
1735.458 504.6717
1735.584 504.7306
1735.893 504.7043
1736.37 504.5359
1736.973 504.2685
1737.677 503.9271
1738.478 503.5836
1739.34 503.2417
1740.352 502.8989
1741.329 502.5945
1742.357 502.327
1743.368 502.0925
1744.422 501.9169
1745.502 501.7977
1746.622 501.7389
1747.767 501.735
1748.945 501.7797
1750.194 501.8636
1751.452 501.9592
1752.704 502.0455
1754.106 502.1139
1755.545 502.1457
1757.035 502.1487
1758.542 502.131
1760.027 502.1107
1761.617 502.0654
1763.108 502.0077
1764.685 501.9107
1766.249 501.7798
1767.841 501.5853
1769.407 501.3495
1770.929 501.0792
1772.368 500.8015
1773.716 500.5214
1775.123 500.2254
1776.397 499.9414
1777.551 499.6973
1778.661 499.4625
1779.691 499.2365
1780.608 499.0219
1781.422 498.8325
1782.111 498.681
1782.713 498.5544
1783.216 498.4391
1783.612 498.337
1783.929 498.2344
1784.18 498.1191
1784.374 498.0044
1784.52 497.9071
1784.627 497.8357
1784.739 497.8198
1784.83 497.8564
1784.926 497.9554
1784.998 498.0981
1785.046 498.2726
1785.059 498.4537
1785.06 498.6167
1785.062 498.7533
1785.083 498.8594
1785.108 498.9491
1785.172 499.0469
1785.245 499.1564
1785.355 499.2886
1785.45 499.4425
1785.554 499.5988
1785.611 499.7597
1785.659 499.9269
1785.644 500.1051
1785.58 500.3085
1785.445 500.568
1785.23 500.8965
1784.953 501.252
1784.6 501.644
1784.184 502.048
1783.694 502.4525
1783.147 502.8264
1782.559 503.1682
1781.928 503.4597
1781.269 503.6971
1780.606 503.8589
1779.991 503.955
1779.309 504.0095
1778.715 504.0186
1778.093 504.0042
1777.486 503.9796
1776.888 503.948
1776.314 503.9201
1775.755 503.8964
1775.21 503.8841
1774.746 503.8698
1774.306 503.8424
1773.936 503.8044
1773.622 503.7596
1773.381 503.719
1773.201 503.6699
1773.059 503.6196
1772.984 503.5683
1772.958 503.5225
1773.021 503.4892
1773.154 503.4567
1773.356 503.4421
1773.609 503.4263
1773.884 503.4034
1774.159 503.362
1774.393 503.3216
1774.582 503.282
1774.733 503.2573
1774.824 503.2307
1774.883 503.2065
1774.89 503.1739
1774.889 503.1526
1774.867 503.1369
1774.824 503.1395
1774.765 503.1519
1774.723 503.1746
1774.691 503.1994
1774.661 503.2371
1774.621 503.2675
1774.589 503.3001
1774.546 503.3255
1774.524 503.363
1774.512 503.4012
1774.466 503.4637
1774.416 503.5348
1774.37 503.6233
1774.314 503.7003
1774.239 503.7957
1774.141 503.9123
1774.007 504.0214
1773.868 504.1171
1773.676 504.2169
1773.464 504.2997
1773.216 504.3651
1772.947 504.4135
1772.657 504.4617
1772.359 504.5208
1772.059 504.5951
1771.758 504.6812
1771.495 504.777
1771.236 504.8898
1770.973 504.9974
1770.716 505.0947
1770.457 505.1879
1770.189 505.2766
1769.934 505.356
1769.669 505.4185
1769.432 505.4581
1769.198 505.4887
1768.984 505.5008
1768.782 505.5015
1768.596 505.4828
1768.445 505.4501
1768.243 505.4102
1767.951 505.3562
1767.701 505.3069
1767.466 505.2636
1767.234 505.2251
1767.005 505.1892
1766.752 505.1362
1766.465 505.0627
1766.123 504.9775
1765.79 504.8912
1765.394 504.815
1764.964 504.7459
1764.552 504.7091
1764.111 504.6932
1763.699 504.6963
1763.334 504.689
1763.002 504.6667
1762.747 504.6229
1762.523 504.5739
1762.394 504.5194
1762.296 504.4762
1762.264 504.4333
1762.285 504.4089
1762.363 504.4045
1762.46 504.4138
1762.612 504.426
1762.746 504.4303
1762.907 504.4373
1763.081 504.4513
1763.248 504.4503
1763.362 504.456
1763.479 504.4615
1763.592 504.4798
1763.705 504.483
1763.775 504.4849
1764.334 504.3755
1764.509 504.2878
1764.602 504.2377
1764.643 504.1849
1764.704 504.15
1764.763 504.1242
1764.81 504.1133
1764.871 504.1037
1764.944 504.0997
1764.983 504.0851
1765.036 504.0668
1765.097 504.0297
1765.137 503.99
1765.2 503.9573
1765.236 503.9135
1765.271 503.8603
1765.32 503.7967
1765.301 503.7241
1765.31 503.6563
1765.264 503.5833
1765.22 503.5068
1765.136 503.4304
1765.063 503.3693
1764.933 503.2881
1764.848 503.223
1764.703 503.1597
1764.572 503.1015
1764.469 503.0649
1764.355 503.0431
1764.294 503.0468
1764.249 503.0592
1764.222 503.059
1764.217 503.0706
1764.224 503.0682
1764.243 503.071
1764.203 503.066
1764.157 503.0862
1764.137 503.1295
1764.133 503.1807
1764.107 503.2437
1764.069 503.3061
