1920 480
1920 480
718.6634 458.4688
720.1963 458.2926
723.4544 458.5261
724.4548 458.0099
721.3672 458.9458
720.9202 458.5651
721.5222 459.2993
722.4619 459.2751
721.9964 458.6792
725.2806 458.0156
720.6999 458.8182
719.0335 458.9754
721.473 458.507
720.9245 459.4766
723.6318 458.9546
723.0657 459.1297
720.5134 459.2638
720.1416 459.4535
723.9538 457.6755
721.8503 458.8795
722.4359 459.8244
722.5322 458.1938
722.9548 457.5121
721.779 458.8006
721.7998 458.7764
721.7816 458.8105
721.7725 458.8034
721.762 458.8016
721.7559 458.8014
721.7516 458.8049
721.7484 458.7974
721.7425 458.7985
721.7366 458.7905
721.7295 458.8009
721.7249 458.7904
721.7256 458.7848
721.736 458.7762
721.7308 458.7721
721.7357 458.7705
721.7474 458.7751
721.7679 458.7775
721.7659 458.7794
721.7673 458.7762
721.7451 458.7759
721.7354 458.7829
721.7354 458.7798
721.7556 458.7713
721.7425 458.7705
721.7493 458.7689
721.7705 458.7656
721.7809 458.7671
721.7829 458.7684
721.778 458.7619
721.7878 458.759
721.806 458.7542
721.8135 458.752
721.8069 458.7463
721.8096 458.7477
721.8161 458.742
721.8167 458.7422
721.8122 458.7401
721.8021 458.7399
721.8089 458.7397
721.8177 458.7376
721.8323 458.7399
721.8317 458.742
721.8418 458.738
721.8581 458.7386
721.8734 458.734
721.8809 458.7332
721.8906 458.7345
721.8991 458.7477
721.8987 458.7456
721.8864 458.7633
721.8538 458.7788
721.8679 458.777
721.8694 458.7659
721.861 458.7676
721.8434 458.7782
721.8577 458.7835
721.8604 458.777
721.8691 458.7762
721.8773 458.7817
721.9099 458.7554
721.8835 458.7638
721.8743 458.7788
721.8672 458.7808
721.8616 458.7764
721.8499 458.7793
721.8389 458.7889
721.821 458.7863
721.8223 458.7767
721.7936 458.776
721.7751 458.7822
721.7637 458.7832
721.7484 458.79
721.7415 458.7834
721.748 458.7834
721.7461 458.7813
721.7295 458.782
721.736 458.7829
721.7429 458.7825
721.7461 458.7848
721.7327 458.7951
721.7311 458.804
721.7093 458.8089
721.6989 458.8068
721.6826 458.8148
721.6455 458.8208
721.6403 458.8172
721.6406 458.8275
721.6377 458.8438
721.6413 458.8382
721.6536 458.8216
721.6504 458.8249
721.6413 458.8294
721.6367 458.8275
721.6221 458.8216
721.6204 458.8156
721.6091 458.8084
721.5954 458.807
721.6048 458.8151
721.6055 458.8185
721.623 458.8131
721.6321 458.812
721.6328 458.8158
721.6253 458.821
721.6514 458.819
721.6699 458.8013
721.666 458.7997
721.6719 458.7843
721.6735 458.7655
721.655 458.7595
721.6663 458.7625
721.6693 458.7567
721.6511 458.7586
721.6325 458.7549
721.6448 458.758
721.6526 458.7547
721.6686 458.7454
721.6566 458.7386
721.6491 458.7311
721.6292 458.7339
721.6416 458.7318
721.6689 458.7224
721.6885 458.7201
721.6898 458.7202
721.6823 458.7116
721.6819 458.7179
721.6895 458.7209
721.707 458.716
721.7214 458.7251
721.707 458.7259
721.6878 458.7332
721.6855 458.7402
721.6585 458.7516
721.6497 458.7505
721.6439 458.7449
721.6273 458.744
721.6367 458.7423
721.6572 458.7344
721.6514 458.7358
721.6185 458.7417
721.6123 458.7378
721.6025 458.7375
721.5974 458.737
721.5908 458.7334
721.5993 458.728
721.6061 458.7328
721.6006 458.7427
721.6028 458.7474
721.6224 458.7391
721.624 458.7345
721.6204 458.7342
721.6354 458.7314
721.6462 458.723
721.6683 458.7262
721.6716 458.7274
721.653 458.7228
721.6357 458.7256
721.6155 458.7332
721.5999 458.7336
721.584 458.7349
721.5696 458.7425
721.5515 458.7567
721.5436 458.7603
721.5361 458.7518
721.5247 458.7477
721.5124 458.7438
721.4834 458.7443
721.4573 458.7495
721.4329 458.7567
721.4121 458.7604
721.4007 458.7633
721.3782 458.7762
721.362 458.7847
721.3389 458.7865
721.3167 458.7909
721.2861 458.8037
721.2917 458.8049
721.2878 458.7926
721.2878 458.7873
721.3066 458.7819
721.3138 458.7723
721.3333 458.7616
721.347 458.7645
721.3552 458.7638
721.3561 458.7697
721.3548 458.7747
721.3425 458.7764
721.3415 458.7752
721.3284 458.7767
721.3112 458.7778
721.3135 458.7747
721.3278 458.77
721.3187 458.7702
721.3177 458.7669
721.3411 458.7585
721.3474 458.7541
721.3102 458.7583
721.3018 458.7562
721.2959 458.7552
721.3015 458.7568
721.2952 458.7648
721.3021 458.7715
721.2962 458.7697
721.334 458.7689
721.3525 458.771
721.3516 458.7744
721.3382 458.7687
721.364 458.7718
721.4023 458.7659
721.4026 458.7531
721.4069 458.7449
721.4099 458.7358
721.3968 458.7337
721.3945 458.7241
721.4085 458.708
721.39 458.7052
721.3766 458.7072
721.3701 458.703
721.3669 458.7031
721.3734 458.7067
721.3874 458.7111
721.4075 458.7148
721.4229 458.7145
721.4177 458.7158
721.4202 458.7057
721.4404 458.7005
721.4525 458.6976
721.4688 458.6919
721.446 458.6974
721.4255 458.7061
721.4248 458.7106
721.4209 458.7069
721.4163 458.7052
721.4102 458.7127
721.4085 458.7137
721.4268 458.7122
721.4265 458.7104
721.4349 458.7072
721.4316 458.7059
721.4053 458.7023
721.3809 458.7056
721.3711 458.7075
721.3802 458.7038
721.3747 458.7047
721.3519 458.7109
721.345 458.713
721.3415 458.7135
721.3542 458.7173
721.3792 458.7163
721.3952 458.7245
721.3773 458.73
721.3864 458.7328
721.3848 458.7368
721.4004 458.7354
721.4092 458.7381
721.4099 458.7406
721.4225 458.739
721.4509 458.7295
721.4352 458.7292
721.4336 458.7119
721.418 458.7108
721.4193 458.7064
721.39 458.7031
721.3867 458.6999
721.402 458.7014
721.4147 458.6986
721.3965 458.7038
721.4069 458.703
721.4202 458.7018
721.4189 458.6963
721.4235 458.695
721.4453 458.6935
721.471 458.6991
721.4935 458.6991
721.5124 458.6979
1920 480
1920 480
718.6634 458.4688
720.1963 458.2926
723.4544 458.5261
724.4548 458.0099
721.3672 458.9458
720.9202 458.5651
721.5222 459.2993
722.4619 459.2751
721.9964 458.6792
725.2806 458.0156
720.6999 458.8182
719.0335 458.9754
721.473 458.507
720.9245 459.4766
723.6318 458.9546
723.0657 459.1297
720.5134 459.2638
720.1416 459.4535
723.9538 457.6755
721.8503 458.8795
722.4359 459.8244
722.5322 458.1938
722.9548 457.5121
721.779 458.8006
721.7998 458.7764
721.7816 458.8105
721.7725 458.8034
721.762 458.8016
721.7559 458.8014
721.7516 458.8049
721.7484 458.7974
721.7425 458.7985
721.7366 458.7905
721.7295 458.8009
721.7249 458.7904
721.7256 458.7848
721.736 458.7762
721.7308 458.7721
721.7357 458.7705
721.7474 458.7751
721.7679 458.7775
721.7659 458.7794
721.7673 458.7762
721.7451 458.7759
721.7354 458.7829
721.7354 458.7798
721.7556 458.7713
721.7425 458.7705
721.7493 458.7689
721.7705 458.7656
721.7809 458.7671
721.7829 458.7684
721.778 458.7619
721.7878 458.759
721.806 458.7542
721.8135 458.752
721.8069 458.7463
721.8096 458.7477
721.8161 458.742
721.8167 458.7422
721.8122 458.7401
721.8021 458.7399
721.8089 458.7397
721.8177 458.7376
721.8323 458.7399
721.8317 458.742
721.8418 458.738
721.8581 458.7386
721.8734 458.734
721.8809 458.7332
721.8906 458.7345
721.8991 458.7477
721.8987 458.7456
721.8864 458.7633
721.8538 458.7788
721.8679 458.777
721.8694 458.7659
721.861 458.7676
721.8434 458.7782
721.8577 458.7835
721.8604 458.777
721.8691 458.7762
721.8773 458.7817
721.9099 458.7554
721.8835 458.7638
721.8743 458.7788
721.8672 458.7808
721.8616 458.7764
721.8499 458.7793
721.8389 458.7889
721.821 458.7863
721.8223 458.7767
721.7936 458.776
721.7751 458.7822
721.7637 458.7832
721.7484 458.79
721.7415 458.7834
721.748 458.7834
721.7461 458.7813
721.7295 458.782
721.736 458.7829
721.7429 458.7825
721.7461 458.7848
721.7327 458.7951
721.7311 458.804
721.7093 458.8089
721.6989 458.8068
721.6826 458.8148
721.6455 458.8208
721.6403 458.8172
721.6406 458.8275
721.6377 458.8438
721.6413 458.8382
721.6536 458.8216
721.6504 458.8249
721.6413 458.8294
721.6367 458.8275
721.6221 458.8216
721.6204 458.8156
721.6091 458.8084
721.5954 458.807
721.6048 458.8151
721.6055 458.8185
721.623 458.8131
721.6321 458.812
721.6328 458.8158
721.6253 458.821
721.6514 458.819
721.6699 458.8013
721.666 458.7997
721.6719 458.7843
721.6735 458.7655
721.655 458.7595
721.6663 458.7625
721.6693 458.7567
721.6511 458.7586
721.6325 458.7549
721.6448 458.758
721.6526 458.7547
721.6686 458.7454
721.6566 458.7386
721.6491 458.7311
721.6292 458.7339
721.6416 458.7318
721.6689 458.7224
721.6885 458.7201
721.6898 458.7202
721.6823 458.7116
721.6819 458.7179
721.6895 458.7209
721.707 458.716
721.7214 458.7251
721.707 458.7259
721.6878 458.7332
721.6855 458.7402
721.6585 458.7516
721.6497 458.7505
721.6439 458.7449
721.6273 458.744
721.6367 458.7423
721.6572 458.7344
721.6514 458.7358
721.6185 458.7417
721.6123 458.7378
721.6025 458.7375
721.5974 458.737
721.5908 458.7334
721.5993 458.728
721.6061 458.7328
721.6006 458.7427
721.6028 458.7474
721.6224 458.7391
721.624 458.7345
721.6204 458.7342
721.6354 458.7314
721.6462 458.723
721.6683 458.7262
721.6716 458.7274
721.653 458.7228
721.6357 458.7256
721.6155 458.7332
721.5999 458.7336
721.584 458.7349
721.5696 458.7425
721.5515 458.7567
721.5436 458.7603
721.5361 458.7518
721.5247 458.7477
721.5124 458.7438
721.4834 458.7443
721.4573 458.7495
721.4329 458.7567
721.4121 458.7604
721.4007 458.7633
721.3782 458.7762
721.362 458.7847
721.3389 458.7865
721.3167 458.7909
721.2861 458.8037
721.2917 458.8049
721.2878 458.7926
721.2878 458.7873
721.3066 458.7819
721.3138 458.7723
721.3333 458.7616
721.347 458.7645
721.3552 458.7638
721.3561 458.7697
721.3548 458.7747
721.3425 458.7764
721.3415 458.7752
721.3284 458.7767
721.3112 458.7778
721.3135 458.7747
721.3278 458.77
721.3187 458.7702
721.3177 458.7669
721.3411 458.7585
721.3474 458.7541
721.3102 458.7583
721.3018 458.7562
721.2959 458.7552
721.3015 458.7568
721.2952 458.7648
721.3021 458.7715
721.2962 458.7697
721.334 458.7689
721.3525 458.771
721.3516 458.7744
721.3382 458.7687
721.364 458.7718
721.4023 458.7659
721.4026 458.7531
721.4069 458.7449
721.4099 458.7358
721.3968 458.7337
721.3945 458.7241
721.4085 458.708
721.39 458.7052
721.3766 458.7072
721.3701 458.703
721.3669 458.7031
721.3734 458.7067
721.3874 458.7111
721.4075 458.7148
721.4229 458.7145
721.4177 458.7158
721.4202 458.7057
721.4404 458.7005
721.4525 458.6976
721.4688 458.6919
721.446 458.6974
721.4255 458.7061
721.4248 458.7106
721.4209 458.7069
721.4163 458.7052
721.4102 458.7127
721.4085 458.7137
721.4268 458.7122
721.4265 458.7104
721.4349 458.7072
721.4316 458.7059
721.4053 458.7023
721.3809 458.7056
721.3711 458.7075
721.3802 458.7038
721.3747 458.7047
721.3519 458.7109
721.345 458.713
721.3415 458.7135
721.3542 458.7173
721.3792 458.7163
721.3952 458.7245
721.3773 458.73
721.3864 458.7328
721.3848 458.7368
721.4004 458.7354
721.4092 458.7381
721.4099 458.7406
721.4225 458.739
721.4509 458.7295
721.4352 458.7292
721.4336 458.7119
721.418 458.7108
721.4193 458.7064
721.39 458.7031
721.3867 458.6999
721.402 458.7014
721.4147 458.6986
721.3965 458.7038
721.4069 458.703
721.4202 458.7018
721.4189 458.6963
721.4235 458.695
721.4453 458.6935
721.471 458.6991
721.4935 458.6991
721.5124 458.6979
