1920 480
264.5016 480.0795
264.9733 480.2918
264.9518 480.2707
265.0303 480.2589
265.0059 480.246
265.0143 480.2515
265.0072 480.2523
265.0241 480.252
265.0166 480.2699
265.0039 480.2923
265.0391 480.2607
265.0504 480.2564
265.0436 480.2775
265.0426 480.2502
265.0504 480.239
265.015 480.2455
265.0462 480.2533
265.0677 480.2379
265.0882 480.2372
265.0215 480.2173
265.0013 480.215
265.0755 480.2038
265.1211 480.1982
265.1432 480.2043
265.1305 480.1923
265.1295 480.1889
265.1888 480.1979
265.1732 480.1769
265.1842 480.1892
265.1947 480.2163
265.1751 480.2191
265.1686 480.2535
265.166 480.2337
265.2051 480.2415
265.2181 480.2681
265.1836 480.3591
265.209 480.2397
265.208 480.2745
265.1846 480.3234
265.1654 480.2728
265.2357 480.2748
265.1865 480.3304
265.193 480.3448
265.2969 480.2915
265.1689 480.2954
265.1465 480.316
265.2148 480.2854
265.2275 480.3315
265.2357 480.3067
265.1986 480.366
265.183 480.2858
265.1807 480.2802
265.2497 480.2714
265.1335 480.3971
265.1208 480.4141
265.1087 480.43
265.179 480.3092
265.152 480.2735
265.207 480.3263
265.2379 480.305
265.2982 480.2388
265.2311 480.2907
265.2021 480.3222
265.1722 480.3255
265.196 480.3232
265.1588 480.3486
265.1436 480.2837
265.1416 480.307
265.1703 480.262
265.1205 480.2875
265.1497 480.3116
265.1354 480.2814
265.0954 480.2729
265.1159 480.3046
265.1149 480.3104
265.168 480.3072
265.1888 480.3024
265.2064 480.302
265.1461 480.2914
265.167 480.3054
265.1794 480.3069
265.1292 480.2793
265.1982 480.3101
265.1133 480.3032
265.1344 480.3414
265.1628 480.3264
265.1569 480.3498
265.071 480.3545
265.1068 480.3325
265.0609 480.373
265.0472 480.3854
265.0449 480.3508
265.1104 480.3669
265.0612 480.3558
265.0882 480.3926
265.0417 480.3864
265.0387 480.3916
265.0169 480.3569
265.0501 480.2932
264.9837 480.3768
265.028 480.3401
264.9867 480.3363
265.0127 480.3548
265.0283 480.3355
265.0443 480.3678
265.026 480.3446
265.0033 480.3784
264.9948 480.3663
264.9381 480.3834
265.0059 480.3907
264.9974 480.3976
265.0205 480.378
265.0319 480.3921
265.0423 480.4156
265.0156 480.368
265.0475 480.3997
265.0511 480.3979
265.0547 480.4004
265.0013 480.4366
265.0365 480.3987
264.9814 480.4337
265.0153 480.4094
264.9971 480.4117
264.9567 480.4345
265.0241 480.3947
265.0029 480.3925
264.9616 480.4263
265.0319 480.3888
265.0098 480.3907
264.8922 480.4092
264.8916 480.4182
264.9417 480.4203
264.9388 480.4446
264.9238 480.4189
264.9189 480.4423
264.7949 480.4361
264.8919 480.426
264.93 480.4036
264.901 480.4222
264.8548 480.3841
264.9131 480.4305
264.9541 480.3998
264.9837 480.3899
264.9453 480.3606
264.9176 480.3831
264.9844 480.3784
264.9951 480.3774
264.9355 480.4023
264.9902 480.4085
264.9619 480.4269
264.9551 480.4053
264.9713 480.4166
264.9805 480.3785
265.1244 480.4019
265.0169 480.4202
265.0475 480.3996
265.0423 480.356
265.0472 480.4172
265.0417 480.3801
265.1146 480.3883
265.0254 480.4309
265.1029 480.3951
265.0648 480.4326
265.1543 480.3776
265.1058 480.3671
265.1292 480.3981
265.1253 480.3929
265.0729 480.3729
265.0045 480.3887
265.057 480.3993
265.1367 480.4023
265.0755 480.3726
265.0993 480.4009
265.0443 480.4139
265.0775 480.4084
265.0996 480.4012
265.0358 480.3995
265.0785 480.3942
265.0836 480.3673
265.1068 480.3604
265.0957 480.4067
265.0462 480.3771
265.1797 480.4106
265.1354 480.4172
265.1136 480.4243
265.2559 480.3879
265.2477 480.4293
265.2432 480.4251
265.3119 480.4471
265.3105 480.4518
265.3112 480.5101
265.3451 480.5056
265.3434 480.4657
265.3835 480.4777
265.3649 480.4883
265.3574 480.5438
265.3656 480.5294
265.3424 480.5577
265.3477 480.5644
265.3356 480.5976
265.4294 480.5798
265.389 480.586
265.4733 480.6343
265.4111 480.6105
265.4059 480.545
265.444 480.5847
265.4274 480.633
265.3965 480.618
265.4225 480.6005
265.3594 480.6448
265.3522 480.6526
265.4456 480.6303
265.4561 480.6249
265.5039 480.6283
265.4541 480.6337
265.4349 480.6649
265.417 480.643
265.4261 480.6406
265.4688 480.6714
265.4105 480.6368
265.4284 480.6287
265.4456 480.6527
265.4186 480.6466
265.3903 480.6706
265.4131 480.6854
265.3922 480.6645
265.3952 480.7246
265.3008 480.6823
265.3258 480.6949
265.446 480.6904
265.3503 480.666
265.3802 480.7037
265.3594 480.6836
265.3786 480.6796
265.3145 480.701
265.3268 480.6649
265.4141 480.6704
265.306 480.6623
265.2933 480.725
265.3001 480.7327
265.3092 480.6933
265.2982 480.6518
265.2653 480.723
265.3145 480.6642
265.2803 480.6729
265.3333 480.7127
265.3363 480.6699
265.3184 480.6761
265.3314 480.6857
265.2194 480.7076
265.2008 480.7133
265.1826 480.7189
265.235 480.6871
265.4056 480.6639
265.3184 480.6463
265.3197 480.6649
265.2711 480.6596
265.2412 480.6656
265.2829 480.6367
265.2604 480.66
265.3024 480.66
265.2031 480.6667
265.1768 480.6077
265.2181 480.6556
265.1966 480.6139
265.1654 480.6863
265.1641 480.6965
265.1836 480.7184
265.1618 480.7124
265.2184 480.679
265.1816 480.7138
265.1836 480.7209
265.1855 480.7271
265.1195 480.6909
265.1579 480.6874
265.1217 480.6523
265.1318 480.6832
265.1676 480.6642
265.1729 480.6798
265.141 480.6667
265.1458 480.6922
265.1413 480.6582
265.2526 480.6463
265.224 480.6696
265.1777 480.7333
265.1504 480.6379
265.153 480.6908
265.1729 480.6979
265.1859 480.6237
265.2536 480.6592
265.2064 480.6783
265.2129 480.6813
265.2178 480.6343
265.2253 480.6723
265.2031 480.6697
265.1855 480.7132
265.1745 480.6964
265.1901 480.625
265.2096 480.6594
1920 480
264.5016 480.0795
264.9733 480.2918
264.9518 480.2707
265.0303 480.2589
265.0059 480.246
265.0143 480.2515
265.0072 480.2523
265.0241 480.252
265.0166 480.2699
265.0039 480.2923
265.0391 480.2607
265.0504 480.2564
265.0436 480.2775
265.0426 480.2502
265.0504 480.239
265.015 480.2455
265.0462 480.2533
265.0677 480.2379
265.0882 480.2372
265.0215 480.2173
265.0013 480.215
265.0755 480.2038
265.1211 480.1982
265.1432 480.2043
265.1305 480.1923
265.1295 480.1889
265.1888 480.1979
265.1732 480.1769
265.1842 480.1892
265.1947 480.2163
265.1751 480.2191
265.1686 480.2535
265.166 480.2337
265.2051 480.2415
265.2181 480.2681
265.1836 480.3591
265.209 480.2397
265.208 480.2745
265.1846 480.3234
265.1654 480.2728
265.2357 480.2748
265.1865 480.3304
265.193 480.3448
265.2969 480.2915
265.1689 480.2954
265.1465 480.316
265.2148 480.2854
265.2275 480.3315
265.2357 480.3067
265.1986 480.366
265.183 480.2858
265.1807 480.2802
265.2497 480.2714
265.1335 480.3971
265.1208 480.4141
265.1087 480.43
265.179 480.3092
265.152 480.2735
265.207 480.3263
265.2379 480.305
265.2982 480.2388
265.2311 480.2907
265.2021 480.3222
265.1722 480.3255
265.196 480.3232
265.1588 480.3486
265.1436 480.2837
265.1416 480.307
265.1703 480.262
265.1205 480.2875
265.1497 480.3116
265.1354 480.2814
265.0954 480.2729
265.1159 480.3046
265.1149 480.3104
265.168 480.3072
265.1888 480.3024
265.2064 480.302
265.1461 480.2914
265.167 480.3054
265.1794 480.3069
265.1292 480.2793
265.1982 480.3101
265.1133 480.3032
265.1344 480.3414
265.1628 480.3264
265.1569 480.3498
265.071 480.3545
265.1068 480.3325
265.0609 480.373
265.0472 480.3854
265.0449 480.3508
265.1104 480.3669
265.0612 480.3558
265.0882 480.3926
265.0417 480.3864
265.0387 480.3916
265.0169 480.3569
265.0501 480.2932
264.9837 480.3768
265.028 480.3401
264.9867 480.3363
265.0127 480.3548
265.0283 480.3355
265.0443 480.3678
265.026 480.3446
265.0033 480.3784
264.9948 480.3663
264.9381 480.3834
265.0059 480.3907
264.9974 480.3976
265.0205 480.378
265.0319 480.3921
265.0423 480.4156
265.0156 480.368
265.0475 480.3997
265.0511 480.3979
265.0547 480.4004
265.0013 480.4366
265.0365 480.3987
264.9814 480.4337
265.0153 480.4094
264.9971 480.4117
264.9567 480.4345
265.0241 480.3947
265.0029 480.3925
264.9616 480.4263
265.0319 480.3888
265.0098 480.3907
264.8922 480.4092
264.8916 480.4182
264.9417 480.4203
264.9388 480.4446
264.9238 480.4189
264.9189 480.4423
264.7949 480.4361
264.8919 480.426
264.93 480.4036
264.901 480.4222
264.8548 480.3841
264.9131 480.4305
264.9541 480.3998
264.9837 480.3899
264.9453 480.3606
264.9176 480.3831
264.9844 480.3784
264.9951 480.3774
264.9355 480.4023
264.9902 480.4085
264.9619 480.4269
264.9551 480.4053
264.9713 480.4166
264.9805 480.3785
265.1244 480.4019
265.0169 480.4202
265.0475 480.3996
265.0423 480.356
265.0472 480.4172
265.0417 480.3801
265.1146 480.3883
265.0254 480.4309
265.1029 480.3951
265.0648 480.4326
265.1543 480.3776
265.1058 480.3671
265.1292 480.3981
265.1253 480.3929
265.0729 480.3729
265.0045 480.3887
265.057 480.3993
265.1367 480.4023
265.0755 480.3726
265.0993 480.4009
265.0443 480.4139
265.0775 480.4084
265.0996 480.4012
265.0358 480.3995
265.0785 480.3942
265.0836 480.3673
265.1068 480.3604
265.0957 480.4067
265.0462 480.3771
265.1797 480.4106
265.1354 480.4172
265.1136 480.4243
265.2559 480.3879
265.2477 480.4293
265.2432 480.4251
265.3119 480.4471
265.3105 480.4518
265.3112 480.5101
265.3451 480.5056
265.3434 480.4657
265.3835 480.4777
265.3649 480.4883
265.3574 480.5438
265.3656 480.5294
265.3424 480.5577
265.3477 480.5644
265.3356 480.5976
265.4294 480.5798
265.389 480.586
265.4733 480.6343
265.4111 480.6105
265.4059 480.545
265.444 480.5847
265.4274 480.633
265.3965 480.618
265.4225 480.6005
265.3594 480.6448
265.3522 480.6526
265.4456 480.6303
265.4561 480.6249
265.5039 480.6283
265.4541 480.6337
265.4349 480.6649
265.417 480.643
265.4261 480.6406
265.4688 480.6714
265.4105 480.6368
265.4284 480.6287
265.4456 480.6527
265.4186 480.6466
265.3903 480.6706
265.4131 480.6854
265.3922 480.6645
265.3952 480.7246
265.3008 480.6823
265.3258 480.6949
265.446 480.6904
265.3503 480.666
265.3802 480.7037
265.3594 480.6836
265.3786 480.6796
265.3145 480.701
265.3268 480.6649
265.4141 480.6704
265.306 480.6623
265.2933 480.725
265.3001 480.7327
265.3092 480.6933
265.2982 480.6518
265.2653 480.723
265.3145 480.6642
265.2803 480.6729
265.3333 480.7127
265.3363 480.6699
265.3184 480.6761
265.3314 480.6857
265.2194 480.7076
265.2008 480.7133
265.1826 480.7189
265.235 480.6871
265.4056 480.6639
265.3184 480.6463
265.3197 480.6649
265.2711 480.6596
265.2412 480.6656
265.2829 480.6367
265.2604 480.66
265.3024 480.66
265.2031 480.6667
265.1768 480.6077
265.2181 480.6556
265.1966 480.6139
265.1654 480.6863
265.1641 480.6965
265.1836 480.7184
265.1618 480.7124
265.2184 480.679
265.1816 480.7138
265.1836 480.7209
265.1855 480.7271
265.1195 480.6909
265.1579 480.6874
265.1217 480.6523
265.1318 480.6832
265.1676 480.6642
265.1729 480.6798
265.141 480.6667
265.1458 480.6922
265.1413 480.6582
265.2526 480.6463
265.224 480.6696
265.1777 480.7333
265.1504 480.6379
265.153 480.6908
265.1729 480.6979
265.1859 480.6237
265.2536 480.6592
265.2064 480.6783
265.2129 480.6813
265.2178 480.6343
265.2253 480.6723
265.2031 480.6697
265.1855 480.7132
265.1745 480.6964
265.1901 480.625
265.2096 480.6594
265.2201 480.6436
265.1644 480.633
265.151 480.6604
265.1517 480.6281
265.1484 480.6412
265.1888 480.6458
265.0667 480.6411
265.0638 480.6574
265.0465 480.703
265.0706 480.649
265.0859 480.6393
265.0081 480.6559
265.0088 480.6785
265.0039 480.6853
264.9688 480.7216
265.0544 480.6644
265.0625 480.6649
264.9408 480.6009
264.8604 480.6502
264.8444 480.6344
264.8249 480.6433
264.7119 480.6528
264.6901 480.6461
264.7201 480.649
264.7057 480.6708
264.724 480.6498
264.6211 480.6663
264.6452 480.6611
264.6201 480.7159
264.6439 480.6686
264.5648 480.6635
264.6292 480.7038
264.6152 480.713
264.6413 480.6635
264.5794 480.6486
264.5814 480.6742
264.5527 480.657
264.5915 480.6163
264.6058 480.6417
264.5384 480.6884
264.5244 480.6448
264.4622 480.6385
264.4967 480.6786
264.4941 480.6137
264.5117 480.6123
264.5166 480.6447
264.5078 480.6389
264.5065 480.6095
264.5124 480.5717
264.5023 480.6224
264.4928 480.6373
264.5697 480.6036
264.5869 480.5978
264.4027 480.6033
264.5482 480.6168
264.6738 480.5986
264.6979 480.5955
264.6465 480.596
264.8392 480.5856
264.8535 480.5612
264.8851 480.587
264.8965 480.5882
264.9186 480.5479
265.0228 480.5316
264.9759 480.5413
265.0658 480.5207
264.9717 480.5203
265.1406 480.5042
265.1309 480.5089
265.1872 480.49
265.1683 480.4828
265.2321 480.4544
265.1937 480.4601
265.1807 480.4664
265.234 480.4826
265.1205 480.4727
265.2435 480.494
265.1719 480.4872
265.236 480.4856
265.2155 480.4676
265.1403 480.48
265.2054 480.477
265.1784 480.4767
265.2057 480.4935
265.2057 480.4994
265.1764 480.4901
265.1784 480.4865
265.2227 480.5058
265.2643 480.4919
265.2422 480.4562
265.2578 480.4514
265.2995 480.4628
265.3125 480.4648
265.2838 480.4339
265.2891 480.4297
265.2829 480.4451
265.2467 480.4009
265.2621 480.4072
265.2777 480.4165
265.3356 480.4177
265.3617 480.392
265.3783 480.3863
265.2838 480.4493
265.293 480.4973
265.2624 480.4613
265.276 480.4438
265.2402 480.4205
265.2282 480.4161
265.3083 480.4335
265.3294 480.4153
265.2643 480.4342
265.2477 480.4377
265.3503 480.4311
265.2542 480.4176
265.2669 480.4352
265.2428 480.4383
265.1387 480.495
265.236 480.416
265.2432 480.4216
265.2301 480.4401
265.3031 480.4272
265.2741 480.4383
265.1768 480.4514
265.2868 480.4489
265.3021 480.4338
265.1781 480.4308
265.2047 480.4261
265.2041 480.454
265.1947 480.4546
265.1761 480.4547
265.2676 480.4543
265.2419 480.445
265.2126 480.4434
265.2435 480.495
265.2448 480.475
265.18 480.5317
265.2806 480.4516
265.3044 480.4525
265.2337 480.4612
265.2858 480.4503
265.291 480.4355
265.2116 480.4568
265.1901 480.3799
265.2324 480.4164
265.3089 480.3999
265.2621 480.4051
265.2601 480.3588
265.235 480.3716
265.3607 480.3824
265.3021 480.3939
265.2412 480.4229
265.2897 480.357
265.2148 480.4079
265.2301 480.4077
265.1276 480.4191
265.2542 480.3995
265.2272 480.4028
265.221 480.4032
265.2451 480.3439
265.2275 480.4498
265.1533 480.3783
265.0924 480.3593
265.1507 480.3191
265.0872 480.3854
265.1641 480.4057
265.0882 480.3563
265.071 480.3381
265.056 480.3303
265.1012 480.3699
265.1068 480.2939
265.0449 480.3272
265.0365 480.3382
264.9707 480.3382
264.9824 480.3288
265.0488 480.3478
265.0775 480.3077
265.097 480.3424
265.0596 480.3231
265.0326 480.3386
265.0501 480.3159
264.9655 480.3498
264.9466 480.3514
264.9115 480.3039
264.9453 480.2933
264.9648 480.3184
264.9994 480.3011
265.0045 480.3446
264.9486 480.3342
264.9251 480.3202
264.9375 480.3203
264.915 480.3227
264.9238 480.2957
264.9697 480.3485
264.9141 480.2623
264.8705 480.3031
264.9088 480.3247
265.0026 480.3291
264.9362 480.3035
264.9821 480.3708
264.9821 480.3104
264.9642 480.3571
264.9586 480.3021
264.9515 480.3011
265.002 480.3054
264.9984 480.3336
264.9258 480.3345
264.9476 480.3512
265.0033 480.3514
264.9844 480.3743
265.0654 480.3377
265.0977 480.3571
265.2455 480.3228
265.2201 480.32
265.2542 480.318
265.2865 480.3185
265.2979 480.2986
265.2773 480.3539
265.2676 480.2986
265.2826 480.3217
265.29 480.3145
265.3138 480.309
265.278 480.2807
265.3073 480.3165
265.3415 480.3093
265.3792 480.299
265.3789 480.2712
265.3431 480.3091
265.4033 480.2763
265.3822 480.2854
265.3297 480.2878
265.3854 480.2629
265.4004 480.3017
265.3587 480.2839
265.46 480.2805
265.3874 480.285
265.3789 480.2637
265.3828 480.2737
265.3828 480.2505
265.3926 480.238
265.4567 480.2573
265.4193 480.276
265.4076 480.2719
265.3961 480.2495
265.4622 480.2371
265.4085 480.2305
265.4007 480.2401
265.3698 480.2245
265.3564 480.2579
265.3815 480.2649
265.2975 480.2257
265.3415 480.2847
265.3092 480.2396
265.3835 480.27
265.2747 480.2339
265.3822 480.2561
265.2969 480.2408
265.2617 480.2686
265.3366 480.2172
265.3089 480.2332
265.332 480.2237
265.3131 480.2542
265.2767 480.2804
265.2646 480.2539
265.3926 480.2355
265.306 480.2157
265.2793 480.2593
265.2562 480.2731
265.277 480.2671
265.2116 480.2702
265.2116 480.2904
265.2516 480.3181
265.278 480.2894
265.252 480.2564
265.2142 480.3093
265.2611 480.3124
265.2936 480.294
265.2617 480.3091
265.2917 480.2978
265.2699 480.2697
265.2975 480.2321
265.3105 480.2873
265.3307 480.2587
265.2663 480.297
265.334 480.2657
265.3223 480.2744
265.3509 480.2537
265.279 480.2764
265.3776 480.2503
265.3275 480.2462
265.3001 480.2401
265.3119 480.2412
265.2835 480.2752
265.3669 480.2481
265.404 480.2668
265.3008 480.2503
265.2549 480.2041
265.2513 480.1797
265.2516 480.1905
265.2018 480.173
265.2646 480.1058
265.2201 480.6436
265.1644 480.633
265.151 480.6604
265.1517 480.6281
265.1484 480.6412
265.1888 480.6458
265.0667 480.6411
265.0638 480.6574
265.0465 480.703
265.0706 480.649
265.0859 480.6393
265.0081 480.6559
265.0088 480.6785
265.0039 480.6853
264.9688 480.7216
265.0544 480.6644
265.0625 480.6649
264.9408 480.6009
264.8604 480.6502
264.8444 480.6344
264.8249 480.6433
264.7119 480.6528
264.6901 480.6461
264.7201 480.649
264.7057 480.6708
264.724 480.6498
264.6211 480.6663
264.6452 480.6611
264.6201 480.7159
264.6439 480.6686
264.5648 480.6635
264.6292 480.7038
264.6152 480.713
264.6413 480.6635
264.5794 480.6486
264.5814 480.6742
264.5527 480.657
264.5915 480.6163
264.6058 480.6417
264.5384 480.6884
264.5244 480.6448
264.4622 480.6385
264.4967 480.6786
264.4941 480.6137
264.5117 480.6123
264.5166 480.6447
264.5078 480.6389
264.5065 480.6095
264.5124 480.5717
264.5023 480.6224
264.4928 480.6373
264.5697 480.6036
264.5869 480.5978
264.4027 480.6033
264.5482 480.6168
264.6738 480.5986
264.6979 480.5955
264.6465 480.596
264.8392 480.5856
264.8535 480.5612
264.8851 480.587
264.8965 480.5882
264.9186 480.5479
265.0228 480.5316
264.9759 480.5413
265.0658 480.5207
264.9717 480.5203
265.1406 480.5042
265.1309 480.5089
265.1872 480.49
265.1683 480.4828
265.2321 480.4544
265.1937 480.4601
265.1807 480.4664
265.234 480.4826
265.1205 480.4727
265.2435 480.494
265.1719 480.4872
265.236 480.4856
265.2155 480.4676
265.1403 480.48
265.2054 480.477
265.1784 480.4767
265.2057 480.4935
265.2057 480.4994
265.1764 480.4901
265.1784 480.4865
265.2227 480.5058
265.2643 480.4919
265.2422 480.4562
265.2578 480.4514
265.2995 480.4628
265.3125 480.4648
265.2838 480.4339
265.2891 480.4297
265.2829 480.4451
265.2467 480.4009
265.2621 480.4072
265.2777 480.4165
265.3356 480.4177
265.3617 480.392
265.3783 480.3863
265.2838 480.4493
265.293 480.4973
265.2624 480.4613
265.276 480.4438
265.2402 480.4205
265.2282 480.4161
265.3083 480.4335
265.3294 480.4153
265.2643 480.4342
265.2477 480.4377
265.3503 480.4311
265.2542 480.4176
265.2669 480.4352
265.2428 480.4383
265.1387 480.495
265.236 480.416
265.2432 480.4216
265.2301 480.4401
265.3031 480.4272
265.2741 480.4383
265.1768 480.4514
265.2868 480.4489
265.3021 480.4338
265.1781 480.4308
265.2047 480.4261
265.2041 480.454
265.1947 480.4546
265.1761 480.4547
265.2676 480.4543
265.2419 480.445
265.2126 480.4434
265.2435 480.495
265.2448 480.475
265.18 480.5317
265.2806 480.4516
265.3044 480.4525
265.2337 480.4612
265.2858 480.4503
265.291 480.4355
265.2116 480.4568
265.1901 480.3799
265.2324 480.4164
265.3089 480.3999
265.2621 480.4051
265.2601 480.3588
265.235 480.3716
265.3607 480.3824
265.3021 480.3939
265.2412 480.4229
265.2897 480.357
265.2148 480.4079
265.2301 480.4077
265.1276 480.4191
265.2542 480.3995
265.2272 480.4028
265.221 480.4032
265.2451 480.3439
265.2275 480.4498
265.1533 480.3783
265.0924 480.3593
265.1507 480.3191
265.0872 480.3854
265.1641 480.4057
265.0882 480.3563
265.071 480.3381
265.056 480.3303
265.1012 480.3699
265.1068 480.2939
265.0449 480.3272
265.0365 480.3382
264.9707 480.3382
264.9824 480.3288
265.0488 480.3478
265.0775 480.3077
265.097 480.3424
265.0596 480.3231
265.0326 480.3386
265.0501 480.3159
264.9655 480.3498
264.9466 480.3514
264.9115 480.3039
264.9453 480.2933
264.9648 480.3184
264.9994 480.3011
265.0045 480.3446
264.9486 480.3342
264.9251 480.3202
264.9375 480.3203
264.915 480.3227
264.9238 480.2957
264.9697 480.3485
264.9141 480.2623
264.8705 480.3031
264.9088 480.3247
265.0026 480.3291
264.9362 480.3035
264.9821 480.3708
264.9821 480.3104
264.9642 480.3571
264.9586 480.3021
264.9515 480.3011
265.002 480.3054
264.9984 480.3336
264.9258 480.3345
264.9476 480.3512
265.0033 480.3514
264.9844 480.3743
265.0654 480.3377
265.0977 480.3571
265.2455 480.3228
265.2201 480.32
265.2542 480.318
265.2865 480.3185
265.2979 480.2986
265.2773 480.3539
265.2676 480.2986
265.2826 480.3217
265.29 480.3145
265.3138 480.309
265.278 480.2807
265.3073 480.3165
265.3415 480.3093
265.3792 480.299
265.3789 480.2712
265.3431 480.3091
265.4033 480.2763
265.3822 480.2854
265.3297 480.2878
265.3854 480.2629
265.4004 480.3017
265.3587 480.2839
265.46 480.2805
265.3874 480.285
265.3789 480.2637
265.3828 480.2737
265.3828 480.2505
265.3926 480.238
265.4567 480.2573
265.4193 480.276
265.4076 480.2719
265.3961 480.2495
265.4622 480.2371
265.4085 480.2305
265.4007 480.2401
265.3698 480.2245
265.3564 480.2579
265.3815 480.2649
265.2975 480.2257
265.3415 480.2847
265.3092 480.2396
265.3835 480.27
265.2747 480.2339
265.3822 480.2561
265.2969 480.2408
265.2617 480.2686
265.3366 480.2172
265.3089 480.2332
265.332 480.2237
265.3131 480.2542
265.2767 480.2804
265.2646 480.2539
265.3926 480.2355
265.306 480.2157
265.2793 480.2593
265.2562 480.2731
265.277 480.2671
265.2116 480.2702
265.2116 480.2904
265.2516 480.3181
265.278 480.2894
265.252 480.2564
265.2142 480.3093
265.2611 480.3124
265.2936 480.294
265.2617 480.3091
265.2917 480.2978
265.2699 480.2697
265.2975 480.2321
265.3105 480.2873
265.3307 480.2587
265.2663 480.297
265.334 480.2657
265.3223 480.2744
265.3509 480.2537
265.279 480.2764
265.3776 480.2503
265.3275 480.2462
265.3001 480.2401
265.3119 480.2412
265.2835 480.2752
265.3669 480.2481
265.404 480.2668
265.3008 480.2503
265.2549 480.2041
265.2513 480.1797
265.2516 480.1905
265.2018 480.173
265.2646 480.1058
265.2438 480.1346
265.2396 480.0701
265.3105 480.0679
265.2653 480.1028
265.2585 480.0883
265.276 480.1299
265.2412 480.0482
265.2562 480.0533
265.1764 480.0638
265.2126 480.0363
265.1914 480.0463
265.2803 480.0313
265.2191 480.0508
265.2471 480.0236
265.2734 480.025
265.3099 480.0999
265.2777 479.9878
265.1999 480.0141
265.1979 480.0152
265.2057 479.952
265.1979 479.9769
265.1826 479.9627
265.1491 479.9954
265.2285 479.952
265.2393 479.9695
265.307 479.8993
265.2318 479.9572
265.2796 479.9287
265.2751 479.9427
265.2506 479.9695
265.2415 479.9547
265.2588 479.9553
265.2197 479.9741
265.2422 479.9341
265.2669 479.9318
265.3148 479.9426
265.2946 479.9479
265.2305 479.9437
265.3018 479.958
265.222 480.02
265.2744 479.9199
265.1852 479.9346
265.2135 479.9401
265.1842 479.9369
265.1927 479.9636
265.18 479.9544
265.2031 479.946
265.138 479.9266
265.125 479.949
265.196 479.9782
265.1605 479.9455
265.1494 479.9269
265.1097 479.9928
265.1198 479.9386
265.1465 479.9829
265.1094 479.9359
265.1699 479.9265
265.1351 479.9535
265.1703 479.9254
265.1406 479.9171
265.1276 479.9272
265.1247 479.9377
265.1185 479.9464
265.1556 479.9711
265.1563 479.9631
265.1289 479.9469
265.1165 479.9318
265.0967 479.9549
265.1068 479.9719
265.1019 479.9777
265.1064 479.9604
265.1094 479.9732
265.1742 479.9557
265.1982 479.9588
265.1422 479.9515
265.1322 479.9407
265.1188 479.9752
265.1354 479.992
265.1478 479.9077
265.2266 479.943
265.1029 479.9497
265.1361 479.9282
265.1338 479.95
265.0954 479.9686
265.1172 479.9613
265.0342 479.9591
265.1006 479.9746
265.0241 479.9553
265.0902 479.9466
265.1341 479.9162
265.0843 479.9627
265.0732 479.9417
265.0794 479.98
265.057 479.939
265.1361 479.9536
265.1341 479.9017
265.1165 479.9701
265.1312 479.943
265.0732 479.9726
265.127 479.9711
265.0693 479.9294
265.1178 479.9416
265.0625 479.9359
265.0986 479.9689
265.1042 479.9577
265.0931 479.985
265.0208 480.0104
265.0977 479.9435
265.0146 480.0181
265.0592 480.0469
265.0247 480.0026
265.0938 479.9812
264.9674 480.0305
264.9811 480.0131
265.0459 479.9962
264.9805 480.0256
264.8929 480.0299
264.9554 480.0037
264.9375 480.0589
264.9349 480.0427
264.9229 479.9957
264.8984 480.0382
264.9437 480.0312
264.9277 479.9848
264.9469 480.0141
264.9424 480.0401
264.9567 479.9818
264.9297 479.9945
264.957 480.01
264.9079 480.0342
264.9362 480.033
264.8499 480.0105
264.8297 480.0083
264.8099 480.0062
264.9147 480.0143
264.957 480.0354
264.8939 480.0186
264.8395 480.0229
264.821 480.0211
264.8021 480.0192
264.7835 480.0173
264.8138 480.0908
264.7969 480.0058
264.9199 480.0509
264.86 480.0604
264.8939 480.0377
264.8636 480.0623
264.8958 480.0786
264.8978 480.0539
264.8346 480.0324
264.8906 480.0801
264.9463 480.0144
264.9691 480.0845
265.0241 480.0826
265.028 480.0744
265.1422 480.0269
265.0872 480.0718
265.0931 480.0056
265.1494 480.0237
265.1084 480.0034
265.1683 480.0063
265.236 480.0169
265.1881 480.0074
265.2093 479.9754
265.1693 480.0301
265.1803 479.9947
265.1989 479.9751
265.1706 479.9923
265.2093 479.9673
265.237 479.9495
265.1758 480.0298
265.1712 479.9629
265.192 479.9657
265.2201 479.9803
265.2126 480.0433
265.304 479.9634
265.2435 479.9666
265.2474 479.9976
265.2217 479.9768
265.2174 479.9802
265.1588 479.9826
265.2409 479.949
265.2487 479.9422
265.236 479.9792
265.2393 479.9848
265.2051 479.9095
265.2874 479.9279
265.2799 479.9482
265.2477 479.8999
265.2494 479.846
265.2513 479.8294
265.2533 479.813
265.2552 479.7965
265.3089 479.8387
265.4128 479.8647
265.3756 479.8384
265.4512 479.8669
265.3906 479.8496
265.5049 479.8322
265.4131 479.8755
265.4733 479.9325
265.374 479.9059
265.3665 479.8922
265.3607 479.8613
265.3568 479.8921
265.2936 479.9269
265.3203 479.8944
265.3125 479.9113
265.2467 479.9354
265.2744 479.9097
265.2116 479.9925
265.2005 480.0088
265.1956 479.9002
265.1335 479.9344
265.1566 479.9469
265.1569 479.9295
265.1211 479.943
265.1588 479.9165
265.1341 479.9466
265.1807 479.9429
265.0892 479.9515
265.1471 479.9564
265.0716 479.9745
265.0091 480.0074
265.0599 479.9608
265.0208 479.9608
265.07 479.9789
265.0117 479.9676
265.0602 479.9631
265.056 479.9307
265.1146 479.9816
265.0918 479.9471
265.0433 479.9683
265.0651 480.0137
264.9896 479.9689
264.8919 479.9648
264.9017 480.0263
264.9505 479.9686
264.9665 479.9828
264.9622 480.0387
264.945 480.023
264.9297 480.0352
264.9427 480.0043
265.0254 480.0162
264.9066 480.011
264.9437 480.0372
264.9395 480.0946
264.8232 480.0592
264.9447 480.034
264.8952 480.0655
264.8997 480.0201
264.9167 480.0375
264.8724 480.0531
264.9088 480.0332
264.8883 480.0851
264.8138 480.0538
264.7607 480.0638
264.7764 480.043
264.8613 480.0651
264.834 480.0789
264.8265 480.0544
264.8441 480.0641
264.901 480.0562
264.9336 480.0737
264.8984 480.0588
264.8874 480.051
264.8975 480.0936
264.9479 480.0981
264.8571 480.0762
264.8454 480.1169
264.8789 480.1029
264.8392 480.0567
264.8463 480.1191
264.8467 480.129
264.9404 480.1343
264.9069 480.0578
264.8486 480.0965
264.8682 480.0941
264.8717 480.1002
264.8939 480.1004
264.8812 480.0913
264.9056 480.0757
264.8548 480.0791
264.8685 480.0898
264.9254 480.0602
265.0254 480.07
264.9635 480.0414
264.9727 480.0666
264.876 480.0836
264.9583 480.0719
264.9619 480.0719
264.9541 480.0766
264.9473 480.0753
265.0049 480.0524
264.9948 480.0561
264.9818 480.0988
264.9541 480.0598
264.8984 480.0609
264.8656 480.0834
264.9095 480.0736
265.2438 480.1346
265.2396 480.0701
265.3105 480.0679
265.2653 480.1028
265.2585 480.0883
265.276 480.1299
265.2412 480.0482
265.2562 480.0533
265.1764 480.0638
265.2126 480.0363
265.1914 480.0463
265.2803 480.0313
265.2191 480.0508
265.2471 480.0236
265.2734 480.025
265.3099 480.0999
265.2777 479.9878
265.1999 480.0141
265.1979 480.0152
265.2057 479.952
265.1979 479.9769
265.1826 479.9627
265.1491 479.9954
265.2285 479.952
265.2393 479.9695
265.307 479.8993
265.2318 479.9572
265.2796 479.9287
265.2751 479.9427
265.2506 479.9695
265.2415 479.9547
265.2588 479.9553
265.2197 479.9741
265.2422 479.9341
265.2669 479.9318
265.3148 479.9426
265.2946 479.9479
265.2305 479.9437
265.3018 479.958
265.222 480.02
265.2744 479.9199
265.1852 479.9346
265.2135 479.9401
265.1842 479.9369
265.1927 479.9636
265.18 479.9544
265.2031 479.946
265.138 479.9266
265.125 479.949
265.196 479.9782
265.1605 479.9455
265.1494 479.9269
265.1097 479.9928
265.1198 479.9386
265.1465 479.9829
265.1094 479.9359
265.1699 479.9265
265.1351 479.9535
265.1703 479.9254
265.1406 479.9171
265.1276 479.9272
265.1247 479.9377
265.1185 479.9464
265.1556 479.9711
265.1563 479.9631
265.1289 479.9469
265.1165 479.9318
265.0967 479.9549
265.1068 479.9719
265.1019 479.9777
265.1064 479.9604
265.1094 479.9732
265.1742 479.9557
265.1982 479.9588
265.1422 479.9515
265.1322 479.9407
265.1188 479.9752
265.1354 479.992
265.1478 479.9077
265.2266 479.943
265.1029 479.9497
265.1361 479.9282
265.1338 479.95
265.0954 479.9686
265.1172 479.9613
265.0342 479.9591
265.1006 479.9746
265.0241 479.9553
265.0902 479.9466
265.1341 479.9162
265.0843 479.9627
265.0732 479.9417
265.0794 479.98
265.057 479.939
265.1361 479.9536
265.1341 479.9017
265.1165 479.9701
265.1312 479.943
265.0732 479.9726
265.127 479.9711
265.0693 479.9294
265.1178 479.9416
265.0625 479.9359
265.0986 479.9689
265.1042 479.9577
265.0931 479.985
265.0208 480.0104
265.0977 479.9435
265.0146 480.0181
265.0592 480.0469
265.0247 480.0026
265.0938 479.9812
264.9674 480.0305
264.9811 480.0131
265.0459 479.9962
264.9805 480.0256
264.8929 480.0299
264.9554 480.0037
264.9375 480.0589
264.9349 480.0427
264.9229 479.9957
264.8984 480.0382
264.9437 480.0312
264.9277 479.9848
264.9469 480.0141
264.9424 480.0401
264.9567 479.9818
264.9297 479.9945
264.957 480.01
264.9079 480.0342
264.9362 480.033
264.8499 480.0105
264.8297 480.0083
264.8099 480.0062
264.9147 480.0143
264.957 480.0354
264.8939 480.0186
264.8395 480.0229
264.821 480.0211
264.8021 480.0192
264.7835 480.0173
264.8138 480.0908
264.7969 480.0058
264.9199 480.0509
264.86 480.0604
264.8939 480.0377
264.8636 480.0623
264.8958 480.0786
264.8978 480.0539
264.8346 480.0324
264.8906 480.0801
264.9463 480.0144
264.9691 480.0845
265.0241 480.0826
265.028 480.0744
265.1422 480.0269
265.0872 480.0718
265.0931 480.0056
265.1494 480.0237
265.1084 480.0034
265.1683 480.0063
265.236 480.0169
265.1881 480.0074
265.2093 479.9754
265.1693 480.0301
265.1803 479.9947
265.1989 479.9751
265.1706 479.9923
265.2093 479.9673
265.237 479.9495
265.1758 480.0298
265.1712 479.9629
265.192 479.9657
265.2201 479.9803
265.2126 480.0433
265.304 479.9634
265.2435 479.9666
265.2474 479.9976
265.2217 479.9768
265.2174 479.9802
265.1588 479.9826
265.2409 479.949
265.2487 479.9422
265.236 479.9792
265.2393 479.9848
265.2051 479.9095
265.2874 479.9279
265.2799 479.9482
265.2477 479.8999
265.2494 479.846
265.2513 479.8294
265.2533 479.813
265.2552 479.7965
265.3089 479.8387
265.4128 479.8647
265.3756 479.8384
265.4512 479.8669
265.3906 479.8496
265.5049 479.8322
265.4131 479.8755
265.4733 479.9325
265.374 479.9059
265.3665 479.8922
265.3607 479.8613
265.3568 479.8921
265.2936 479.9269
265.3203 479.8944
265.3125 479.9113
265.2467 479.9354
265.2744 479.9097
265.2116 479.9925
265.2005 480.0088
265.1956 479.9002
265.1335 479.9344
265.1566 479.9469
265.1569 479.9295
265.1211 479.943
265.1588 479.9165
265.1341 479.9466
265.1807 479.9429
265.0892 479.9515
265.1471 479.9564
265.0716 479.9745
265.0091 480.0074
265.0599 479.9608
265.0208 479.9608
265.07 479.9789
265.0117 479.9676
265.0602 479.9631
265.056 479.9307
265.1146 479.9816
265.0918 479.9471
265.0433 479.9683
265.0651 480.0137
264.9896 479.9689
264.8919 479.9648
264.9017 480.0263
264.9505 479.9686
264.9665 479.9828
264.9622 480.0387
264.945 480.023
264.9297 480.0352
264.9427 480.0043
265.0254 480.0162
264.9066 480.011
264.9437 480.0372
264.9395 480.0946
264.8232 480.0592
264.9447 480.034
264.8952 480.0655
264.8997 480.0201
264.9167 480.0375
264.8724 480.0531
264.9088 480.0332
264.8883 480.0851
264.8138 480.0538
264.7607 480.0638
264.7764 480.043
264.8613 480.0651
264.834 480.0789
264.8265 480.0544
264.8441 480.0641
264.901 480.0562
264.9336 480.0737
264.8984 480.0588
264.8874 480.051
264.8975 480.0936
264.9479 480.0981
264.8571 480.0762
264.8454 480.1169
264.8789 480.1029
264.8392 480.0567
264.8463 480.1191
264.8467 480.129
264.9404 480.1343
264.9069 480.0578
264.8486 480.0965
264.8682 480.0941
264.8717 480.1002
264.8939 480.1004
264.8812 480.0913
264.9056 480.0757
264.8548 480.0791
264.8685 480.0898
264.9254 480.0602
265.0254 480.07
264.9635 480.0414
264.9727 480.0666
264.876 480.0836
264.9583 480.0719
264.9619 480.0719
264.9541 480.0766
264.9473 480.0753
265.0049 480.0524
264.9948 480.0561
264.9818 480.0988
264.9541 480.0598
264.8984 480.0609
264.8656 480.0834
264.9095 480.0736
