1920 480
720.9431 458.9622
721.2334 458.9992
721.1829 458.9922
721.1462 459.0317
721.1839 459.0021
721.1377 459.0156
721.082 459.0262
721.072 459.0177
721.1302 459.0059
721.1068 459.0146
721.0436 459.0216
721.1514 458.9985
721.1396 458.9935
721.0765 459.0438
721.11 459.0272
721.0957 459.0358
721.1729 459.0376
721.1426 458.9989
721.0589 459.0059
721.0648 459.019
721.1087 459.0052
721.0908 459.048
721.1042 459.0166
721.0745 459.026
721.0681 459.0388
721.0974 458.9854
721.1149 458.9757
721.0095 459.0021
721.0251 458.9738
721.0638 458.9821
721.072 458.9792
721.1155 458.9816
721.1068 458.9798
721.1354 458.9902
721.1719 458.9805
721.2028 458.9798
721.2246 458.9863
721.2581 458.9816
721.2686 458.9775
721.2842 458.9779
721.2888 458.9803
721.303 458.9814
721.3089 458.9756
721.334 458.9725
721.333 458.9748
721.3213 458.9745
721.3122 458.9727
721.3083 458.9767
721.3249 458.9795
721.3516 458.9688
721.3659 458.965
721.3701 458.9642
721.377 458.9639
721.3757 458.971
721.3662 458.9788
721.3633 458.9868
721.3809 458.9888
721.3786 458.9902
721.3799 458.9906
721.387 458.9865
721.4095 458.9767
721.4011 458.974
721.389 458.9738
721.3987 458.9656
721.3779 458.9642
721.3493 458.971
721.3558 458.9727
721.3613 458.9714
721.3464 458.9741
721.3477 458.972
721.3591 458.9678
721.3425 458.9573
721.3203 458.9596
721.2881 458.9624
721.2842 458.9523
721.2598 458.9413
721.2493 458.944
721.2532 458.9408
721.264 458.9307
721.2754 458.9279
721.2718 458.9248
721.2487 458.9276
721.2334 458.9238
721.2191 458.9395
721.2061 458.9499
721.1784 458.9601
721.1599 458.9609
721.1624 458.9606
721.1628 458.9582
721.1706 458.9557
721.181 458.9551
721.1765 458.9567
721.1931 458.9603
721.2136 458.9538
721.2168 458.9621
721.2061 458.9766
721.197 458.9823
721.1992 458.9813
721.1816 458.9868
721.1999 458.9785
721.2112 458.9788
721.2331 458.9798
721.2246 458.9854
721.2402 458.9821
721.2373 458.9943
721.2373 458.992
721.2454 458.9891
721.2679 458.9787
721.2487 458.9819
721.2302 458.9884
721.2292 458.9844
721.2321 458.9756
721.2396 458.9767
721.2461 458.9909
721.2402 459.0031
721.2175 459.0103
721.2217 459.0015
721.2194 459.0013
721.2285 458.9977
721.2285 458.9956
721.2145 459.0008
721.2175 458.9958
721.2256 458.9948
721.2155 458.9935
721.1963 458.9897
721.1999 458.9878
721.2214 458.9917
721.2103 459.002
721.2012 459.0044
721.1755 459.0078
721.1641 459.0054
721.1641 459.0013
721.1566 458.9984
721.154 458.9893
721.1426 458.9915
721.1279 458.9932
721.1257 458.9875
721.1204 458.981
721.0957 458.9888
721.0788 458.9899
721.0752 458.9865
721.0781 458.9832
721.0664 458.9814
721.0784 458.974
721.0856 458.9702
721.1028 458.9684
721.0977 458.9679
721.1032 458.972
721.1104 458.9823
721.125 458.9807
721.1201 458.9761
721.125 458.9792
721.1185 458.9821
721.1165 458.9823
721.0895 458.9829
721.0723 458.9788
721.054 458.9813
721.0596 458.992
721.0759 458.9884
721.0938 458.992
721.0847 459.0007
721.0853 459.0013
721.0925 459.0047
721.1266 459.0036
721.1458 459.0111
721.1575 459.0127
721.166 459.0073
721.1716 459.0093
721.153 459.0054
721.1523 459.0018
721.1709 459.0047
721.1683 459.0054
721.152 459.0101
721.1475 459.0086
721.1409 459.0158
721.1179 459.026
721.1364 459.0244
721.1194 459.03
721.1146 459.0272
721.1048 459.0272
721.0977 459.0322
721.098 459.0343
721.0898 459.0356
721.0765 459.0338
721.0804 459.0282
721.0749 459.0187
721.0778 459.0204
721.0713 459.0213
721.0472 459.0233
721.0475 459.0168
721.0222 459.0148
720.9948 459.0055
721.0085 459.0103
721.0104 459.0154
721.0137 459.0186
721.0052 459.0204
720.9993 459.0154
720.9775 459.0091
720.9694 459.0042
720.9714 458.9956
720.9964 458.9871
720.9971 458.9837
720.999 458.9813
720.9814 458.9798
720.9788 458.9694
720.9987 458.957
721.0062 458.9478
721.0075 458.9468
721.0068 458.9404
721.0091 458.9395
721.0378 458.9445
721.0524 458.9383
721.0579 458.9355
721.056 458.9466
721.0573 458.9453
721.0716 458.9434
721.0837 458.9469
721.0862 458.9509
721.0941 458.9543
721.096 458.9575
721.0908 458.9622
721.0938 458.9681
721.0925 458.9704
721.0957 458.9618
721.0827 458.9663
721.0742 458.9606
721.0837 458.9578
721.0911 458.9458
721.1097 458.9421
721.1019 458.9414
721.1266 458.9316
721.1331 458.9419
721.1426 458.9468
721.14 458.9416
721.1357 458.9344
721.1113 458.9466
721.1055 458.9539
721.114 458.9564
721.1426 458.9453
721.1475 458.9426
721.152 458.9514
721.1755 458.946
721.1605 458.9474
721.1494 458.9502
721.1572 458.9419
721.1722 458.9396
721.1559 458.9495
721.1787 458.9453
721.2126 458.9318
721.2305 458.9348
721.2405 458.9424
721.2767 458.9323
721.2982 458.9237
721.2767 458.9341
721.2607 458.9396
721.3011 458.9307
721.3109 458.9266
721.2972 458.9354
721.2728 458.9419
721.2868 458.9416
721.2871 458.9499
721.3027 458.9512
721.3235 458.9468
721.3372 458.9437
721.3323 458.9432
721.3171 458.9398
721.3115 458.9341
721.3083 458.9348
721.3021 458.93
721.305 458.9272
721.2793 458.9232
721.2669 458.925
721.2441 458.9221
721.2383 458.9268
721.223 458.9254
721.2285 458.9276
721.223 458.9258
721.2217 458.9238
721.2321 458.916
721.2305 458.9181
721.1973 458.9279
721.1956 458.9193
721.1989 458.9136
721.2168 458.9053
721.2136 458.8932
721.2142 458.8878
721.2112 458.8963
721.2191 458.8971
721.2236 458.8936
721.2224 458.8958
721.1777 458.8963
721.1566 458.901
721.1439 458.9077
721.125 458.9139
721.1068 458.915
721.1094 458.9186
721.1055 458.928
721.0879 458.9398
721.083 458.9424
1920 480
720.9431 458.9622
721.2334 458.9992
721.1829 458.9922
721.1462 459.0317
721.1839 459.0021
721.1377 459.0156
721.082 459.0262
721.072 459.0177
721.1302 459.0059
721.1068 459.0146
721.0436 459.0216
721.1514 458.9985
721.1396 458.9935
721.0765 459.0438
721.11 459.0272
721.0957 459.0358
721.1729 459.0376
721.1426 458.9989
721.0589 459.0059
721.0648 459.019
721.1087 459.0052
721.0908 459.048
721.1042 459.0166
721.0745 459.026
721.0681 459.0388
721.0974 458.9854
721.1149 458.9757
721.0095 459.0021
721.0251 458.9738
721.0638 458.9821
721.072 458.9792
721.1155 458.9816
721.1068 458.9798
721.1354 458.9902
721.1719 458.9805
721.2028 458.9798
721.2246 458.9863
721.2581 458.9816
721.2686 458.9775
721.2842 458.9779
721.2888 458.9803
721.303 458.9814
721.3089 458.9756
721.334 458.9725
721.333 458.9748
721.3213 458.9745
721.3122 458.9727
721.3083 458.9767
721.3249 458.9795
721.3516 458.9688
721.3659 458.965
721.3701 458.9642
721.377 458.9639
721.3757 458.971
721.3662 458.9788
721.3633 458.9868
721.3809 458.9888
721.3786 458.9902
721.3799 458.9906
721.387 458.9865
721.4095 458.9767
721.4011 458.974
721.389 458.9738
721.3987 458.9656
721.3779 458.9642
721.3493 458.971
721.3558 458.9727
721.3613 458.9714
721.3464 458.9741
721.3477 458.972
721.3591 458.9678
721.3425 458.9573
721.3203 458.9596
721.2881 458.9624
721.2842 458.9523
721.2598 458.9413
721.2493 458.944
721.2532 458.9408
721.264 458.9307
721.2754 458.9279
721.2718 458.9248
721.2487 458.9276
721.2334 458.9238
721.2191 458.9395
721.2061 458.9499
721.1784 458.9601
721.1599 458.9609
721.1624 458.9606
721.1628 458.9582
721.1706 458.9557
721.181 458.9551
721.1765 458.9567
721.1931 458.9603
721.2136 458.9538
721.2168 458.9621
721.2061 458.9766
721.197 458.9823
721.1992 458.9813
721.1816 458.9868
721.1999 458.9785
721.2112 458.9788
721.2331 458.9798
721.2246 458.9854
721.2402 458.9821
721.2373 458.9943
721.2373 458.992
721.2454 458.9891
721.2679 458.9787
721.2487 458.9819
721.2302 458.9884
721.2292 458.9844
721.2321 458.9756
721.2396 458.9767
721.2461 458.9909
721.2402 459.0031
721.2175 459.0103
721.2217 459.0015
721.2194 459.0013
721.2285 458.9977
721.2285 458.9956
721.2145 459.0008
721.2175 458.9958
721.2256 458.9948
721.2155 458.9935
721.1963 458.9897
721.1999 458.9878
721.2214 458.9917
721.2103 459.002
721.2012 459.0044
721.1755 459.0078
721.1641 459.0054
721.1641 459.0013
721.1566 458.9984
721.154 458.9893
721.1426 458.9915
721.1279 458.9932
721.1257 458.9875
721.1204 458.981
721.0957 458.9888
721.0788 458.9899
721.0752 458.9865
721.0781 458.9832
721.0664 458.9814
721.0784 458.974
721.0856 458.9702
721.1028 458.9684
721.0977 458.9679
721.1032 458.972
721.1104 458.9823
721.125 458.9807
721.1201 458.9761
721.125 458.9792
721.1185 458.9821
721.1165 458.9823
721.0895 458.9829
721.0723 458.9788
721.054 458.9813
721.0596 458.992
721.0759 458.9884
721.0938 458.992
721.0847 459.0007
721.0853 459.0013
721.0925 459.0047
721.1266 459.0036
721.1458 459.0111
721.1575 459.0127
721.166 459.0073
721.1716 459.0093
721.153 459.0054
721.1523 459.0018
721.1709 459.0047
721.1683 459.0054
721.152 459.0101
721.1475 459.0086
721.1409 459.0158
721.1179 459.026
721.1364 459.0244
721.1194 459.03
721.1146 459.0272
721.1048 459.0272
721.0977 459.0322
721.098 459.0343
721.0898 459.0356
721.0765 459.0338
721.0804 459.0282
721.0749 459.0187
721.0778 459.0204
721.0713 459.0213
721.0472 459.0233
721.0475 459.0168
721.0222 459.0148
720.9948 459.0055
721.0085 459.0103
721.0104 459.0154
721.0137 459.0186
721.0052 459.0204
720.9993 459.0154
720.9775 459.0091
720.9694 459.0042
720.9714 458.9956
720.9964 458.9871
720.9971 458.9837
720.999 458.9813
720.9814 458.9798
720.9788 458.9694
720.9987 458.957
721.0062 458.9478
721.0075 458.9468
721.0068 458.9404
721.0091 458.9395
721.0378 458.9445
721.0524 458.9383
721.0579 458.9355
721.056 458.9466
721.0573 458.9453
721.0716 458.9434
721.0837 458.9469
721.0862 458.9509
721.0941 458.9543
721.096 458.9575
721.0908 458.9622
721.0938 458.9681
721.0925 458.9704
721.0957 458.9618
721.0827 458.9663
721.0742 458.9606
721.0837 458.9578
721.0911 458.9458
721.1097 458.9421
721.1019 458.9414
721.1266 458.9316
721.1331 458.9419
721.1426 458.9468
721.14 458.9416
721.1357 458.9344
721.1113 458.9466
721.1055 458.9539
721.114 458.9564
721.1426 458.9453
721.1475 458.9426
721.152 458.9514
721.1755 458.946
721.1605 458.9474
721.1494 458.9502
721.1572 458.9419
721.1722 458.9396
721.1559 458.9495
721.1787 458.9453
721.2126 458.9318
721.2305 458.9348
721.2405 458.9424
721.2767 458.9323
721.2982 458.9237
721.2767 458.9341
721.2607 458.9396
721.3011 458.9307
721.3109 458.9266
721.2972 458.9354
721.2728 458.9419
721.2868 458.9416
721.2871 458.9499
721.3027 458.9512
721.3235 458.9468
721.3372 458.9437
721.3323 458.9432
721.3171 458.9398
721.3115 458.9341
721.3083 458.9348
721.3021 458.93
721.305 458.9272
721.2793 458.9232
721.2669 458.925
721.2441 458.9221
721.2383 458.9268
721.223 458.9254
721.2285 458.9276
721.223 458.9258
721.2217 458.9238
721.2321 458.916
721.2305 458.9181
721.1973 458.9279
721.1956 458.9193
721.1989 458.9136
721.2168 458.9053
721.2136 458.8932
721.2142 458.8878
721.2112 458.8963
721.2191 458.8971
721.2236 458.8936
721.2224 458.8958
721.1777 458.8963
721.1566 458.901
721.1439 458.9077
721.125 458.9139
721.1068 458.915
721.1094 458.9186
721.1055 458.928
721.0879 458.9398
721.083 458.9424
721.0742 458.9432
721.0814 458.9403
721.0569 458.938
721.0524 458.9434
721.0534 458.9381
721.0527 458.9334
721.0388 458.9352
721.0618 458.9308
721.0488 458.9307
721.0527 458.9315
721.0554 458.9321
721.069 458.9388
721.0941 458.9434
721.1013 458.9393
721.1279 458.9336
721.1533 458.9245
721.1846 458.9139
721.2048 458.9185
721.2298 458.9256
721.2438 458.9217
721.25 458.9199
721.2396 458.9154
721.2236 458.9126
721.2158 458.9152
721.2054 458.9212
721.1907 458.9189
721.1807 458.9141
721.1787 458.9181
721.1819 458.9222
721.1924 458.917
721.2028 458.9162
721.1904 458.9162
721.18 458.9164
721.1855 458.9115
721.1699 458.915
721.1608 458.9176
721.1624 458.915
721.1628 458.9201
721.1614 458.9197
721.1771 458.9202
721.1907 458.9188
721.166 458.9219
721.1563 458.9185
721.1582 458.9144
721.168 458.9092
721.1843 458.9146
721.179 458.9171
721.178 458.9201
721.1819 458.9212
721.1774 458.9272
721.1765 458.929
721.1738 458.9328
721.1875 458.9357
721.1885 458.9482
721.1683 458.949
721.1725 458.9492
721.1784 458.9463
721.1605 458.9469
721.1595 458.9367
721.1797 458.9404
721.166 458.9453
721.1833 458.9421
721.2061 458.9372
721.2214 458.9408
721.2097 458.9456
721.2119 458.9458
721.2136 458.9458
721.1826 458.9521
721.1556 458.9559
721.167 458.9531
721.1693 458.9572
721.1673 458.9603
721.1725 458.965
721.1882 458.963
721.1647 458.9647
721.1914 458.9559
721.2028 458.9622
721.2236 458.9494
721.2503 458.9381
721.2822 458.9326
721.3027 458.9232
721.3187 458.9173
721.3265 458.9157
721.303 458.9085
721.2969 458.9022
721.2943 458.9014
721.2861 458.9043
721.304 458.8996
721.291 458.903
721.2842 458.9038
721.2952 458.9056
721.321 458.8921
721.3337 458.8936
721.3659 458.8893
721.3939 458.8786
721.3978 458.8737
721.4102 458.8788
721.4121 458.884
721.4209 458.8872
721.402 458.8928
721.3854 458.896
721.388 458.8942
721.3919 458.8929
721.3708 458.8991
721.3444 458.9102
721.3235 458.9191
721.3298 458.9251
721.3203 458.9325
721.3304 458.9429
721.3486 458.9427
721.3903 458.9399
721.4053 458.9432
721.4134 458.939
721.4079 458.9326
721.3828 458.9303
721.3958 458.9253
721.4092 458.9173
721.4121 458.9183
721.4004 458.9147
721.4111 458.9189
721.4297 458.9149
721.4431 458.9129
721.4268 458.9123
721.4131 458.9124
721.4284 458.9136
721.4326 458.9254
721.4238 458.9348
721.4411 458.9455
721.4482 458.9419
721.4616 458.9352
721.4544 458.9298
721.457 458.9295
721.4645 458.9271
721.4671 458.9266
721.4616 458.9284
721.4749 458.9221
721.4958 458.9248
721.4954 458.9328
721.4915 458.9321
721.4909 458.9222
721.4606 458.9269
721.4431 458.9282
721.4495 458.9292
721.4189 458.938
721.4059 458.9445
721.3669 458.9408
721.3535 458.9413
721.3347 458.9463
721.3372 458.9424
721.3288 458.9422
721.3193 458.9409
721.3128 458.9396
721.3079 458.9426
721.3369 458.929
721.3376 458.9229
721.3317 458.9318
721.334 458.9341
721.3148 458.9419
721.3245 458.9426
721.3193 458.9403
721.3083 458.9431
721.2972 458.9464
721.3011 458.951
721.3105 458.9536
721.3323 458.9458
721.3317 458.9349
721.2995 458.9416
721.2962 458.9399
721.3047 458.9409
721.3245 458.9381
721.3298 458.9429
721.3428 458.9367
721.3665 458.931
721.3633 458.9351
721.3438 458.9318
721.3379 458.9194
721.3411 458.9183
721.3311 458.9138
721.3242 458.912
721.3242 458.9035
721.3141 458.9019
721.3213 458.8983
721.3425 458.8893
721.3347 458.8918
721.3362 458.888
721.3389 458.8818
721.3232 458.8802
721.2956 458.8825
721.3011 458.8831
721.3284 458.8799
721.3115 458.8851
721.2927 458.8958
721.3018 458.8932
721.3037 458.8939
721.306 458.897
721.3021 458.8986
721.2907 458.8931
721.2943 458.8961
721.3083 458.9002
721.3167 458.9061
721.3206 458.8981
721.3148 458.9012
721.3167 458.9069
721.3314 458.8937
721.3362 458.884
721.3411 458.8788
721.3685 458.8774
721.3773 458.8704
721.4102 458.8734
721.4128 458.8682
721.4395 458.8659
721.4434 458.8706
721.4502 458.8774
721.4606 458.8779
721.4837 458.8807
721.4984 458.873
721.5173 458.8756
721.5062 458.881
721.5251 458.8871
721.527 458.8937
721.5081 458.894
721.515 458.8965
721.5085 458.8931
721.4805 458.8968
721.4733 458.8971
721.4603 458.894
721.4391 458.8975
721.4011 458.9019
721.4026 458.9079
721.3962 458.9053
721.3815 458.9032
721.364 458.9046
721.3649 458.9038
721.3753 458.8987
721.3812 458.8949
721.3818 458.9005
721.3923 458.9051
721.3919 458.9056
721.4079 458.8996
721.4229 458.8949
721.4271 458.8954
721.4359 458.896
721.4355 458.8987
721.4362 458.8906
721.4411 458.8833
721.4375 458.8791
721.4424 458.8771
721.4414 458.8771
721.4382 458.8828
721.4388 458.8923
721.4499 458.8869
721.4541 458.8807
721.4385 458.8896
721.417 458.8908
721.416 458.9015
721.4114 458.9194
721.4189 458.9253
721.4255 458.9248
721.4183 458.9211
721.405 458.925
721.4684 458.9274
721.4814 458.9303
721.4733 458.9409
721.4733 458.9348
721.4746 458.9295
721.4675 458.9312
721.458 458.929
721.4515 458.9214
721.4277 458.9243
721.4138 458.9269
721.3906 458.9279
721.3734 458.9298
721.386 458.9274
721.3932 458.9248
721.3884 458.9247
721.3776 458.9227
721.3652 458.9264
721.3643 458.9216
721.3747 458.9237
721.3457 458.9258
721.3353 458.9344
721.3196 458.9351
721.3343 458.9263
721.3252 458.9248
721.3255 458.931
721.3105 458.9282
721.3177 458.916
721.3069 458.9229
721.2864 458.924
721.2803 458.9175
721.2832 458.9162
721.2461 458.9303
721.2656 458.9247
721.2461 458.9354
721.2302 458.939
721.2422 458.9336
721.2474 458.9375
721.25 458.9406
721.2259 458.9429
721.1956 458.9408
721.0742 458.9432
721.0814 458.9403
721.0569 458.938
721.0524 458.9434
721.0534 458.9381
721.0527 458.9334
721.0388 458.9352
721.0618 458.9308
721.0488 458.9307
721.0527 458.9315
721.0554 458.9321
721.069 458.9388
721.0941 458.9434
721.1013 458.9393
721.1279 458.9336
721.1533 458.9245
721.1846 458.9139
721.2048 458.9185
721.2298 458.9256
721.2438 458.9217
721.25 458.9199
721.2396 458.9154
721.2236 458.9126
721.2158 458.9152
721.2054 458.9212
721.1907 458.9189
721.1807 458.9141
721.1787 458.9181
721.1819 458.9222
721.1924 458.917
721.2028 458.9162
721.1904 458.9162
721.18 458.9164
721.1855 458.9115
721.1699 458.915
721.1608 458.9176
721.1624 458.915
721.1628 458.9201
721.1614 458.9197
721.1771 458.9202
721.1907 458.9188
721.166 458.9219
721.1563 458.9185
721.1582 458.9144
721.168 458.9092
721.1843 458.9146
721.179 458.9171
721.178 458.9201
721.1819 458.9212
721.1774 458.9272
721.1765 458.929
721.1738 458.9328
721.1875 458.9357
721.1885 458.9482
721.1683 458.949
721.1725 458.9492
721.1784 458.9463
721.1605 458.9469
721.1595 458.9367
721.1797 458.9404
721.166 458.9453
721.1833 458.9421
721.2061 458.9372
721.2214 458.9408
721.2097 458.9456
721.2119 458.9458
721.2136 458.9458
721.1826 458.9521
721.1556 458.9559
721.167 458.9531
721.1693 458.9572
721.1673 458.9603
721.1725 458.965
721.1882 458.963
721.1647 458.9647
721.1914 458.9559
721.2028 458.9622
721.2236 458.9494
721.2503 458.9381
721.2822 458.9326
721.3027 458.9232
721.3187 458.9173
721.3265 458.9157
721.303 458.9085
721.2969 458.9022
721.2943 458.9014
721.2861 458.9043
721.304 458.8996
721.291 458.903
721.2842 458.9038
721.2952 458.9056
721.321 458.8921
721.3337 458.8936
721.3659 458.8893
721.3939 458.8786
721.3978 458.8737
721.4102 458.8788
721.4121 458.884
721.4209 458.8872
721.402 458.8928
721.3854 458.896
721.388 458.8942
721.3919 458.8929
721.3708 458.8991
721.3444 458.9102
721.3235 458.9191
721.3298 458.9251
721.3203 458.9325
721.3304 458.9429
721.3486 458.9427
721.3903 458.9399
721.4053 458.9432
721.4134 458.939
721.4079 458.9326
721.3828 458.9303
721.3958 458.9253
721.4092 458.9173
721.4121 458.9183
721.4004 458.9147
721.4111 458.9189
721.4297 458.9149
721.4431 458.9129
721.4268 458.9123
721.4131 458.9124
721.4284 458.9136
721.4326 458.9254
721.4238 458.9348
721.4411 458.9455
721.4482 458.9419
721.4616 458.9352
721.4544 458.9298
721.457 458.9295
721.4645 458.9271
721.4671 458.9266
721.4616 458.9284
721.4749 458.9221
721.4958 458.9248
721.4954 458.9328
721.4915 458.9321
721.4909 458.9222
721.4606 458.9269
721.4431 458.9282
721.4495 458.9292
721.4189 458.938
721.4059 458.9445
721.3669 458.9408
721.3535 458.9413
721.3347 458.9463
721.3372 458.9424
721.3288 458.9422
721.3193 458.9409
721.3128 458.9396
721.3079 458.9426
721.3369 458.929
721.3376 458.9229
721.3317 458.9318
721.334 458.9341
721.3148 458.9419
721.3245 458.9426
721.3193 458.9403
721.3083 458.9431
721.2972 458.9464
721.3011 458.951
721.3105 458.9536
721.3323 458.9458
721.3317 458.9349
721.2995 458.9416
721.2962 458.9399
721.3047 458.9409
721.3245 458.9381
721.3298 458.9429
721.3428 458.9367
721.3665 458.931
721.3633 458.9351
721.3438 458.9318
721.3379 458.9194
721.3411 458.9183
721.3311 458.9138
721.3242 458.912
721.3242 458.9035
721.3141 458.9019
721.3213 458.8983
721.3425 458.8893
721.3347 458.8918
721.3362 458.888
721.3389 458.8818
721.3232 458.8802
721.2956 458.8825
721.3011 458.8831
721.3284 458.8799
721.3115 458.8851
721.2927 458.8958
721.3018 458.8932
721.3037 458.8939
721.306 458.897
721.3021 458.8986
721.2907 458.8931
721.2943 458.8961
721.3083 458.9002
721.3167 458.9061
721.3206 458.8981
721.3148 458.9012
721.3167 458.9069
721.3314 458.8937
721.3362 458.884
721.3411 458.8788
721.3685 458.8774
721.3773 458.8704
721.4102 458.8734
721.4128 458.8682
721.4395 458.8659
721.4434 458.8706
721.4502 458.8774
721.4606 458.8779
721.4837 458.8807
721.4984 458.873
721.5173 458.8756
721.5062 458.881
721.5251 458.8871
721.527 458.8937
721.5081 458.894
721.515 458.8965
721.5085 458.8931
721.4805 458.8968
721.4733 458.8971
721.4603 458.894
721.4391 458.8975
721.4011 458.9019
721.4026 458.9079
721.3962 458.9053
721.3815 458.9032
721.364 458.9046
721.3649 458.9038
721.3753 458.8987
721.3812 458.8949
721.3818 458.9005
721.3923 458.9051
721.3919 458.9056
721.4079 458.8996
721.4229 458.8949
721.4271 458.8954
721.4359 458.896
721.4355 458.8987
721.4362 458.8906
721.4411 458.8833
721.4375 458.8791
721.4424 458.8771
721.4414 458.8771
721.4382 458.8828
721.4388 458.8923
721.4499 458.8869
721.4541 458.8807
721.4385 458.8896
721.417 458.8908
721.416 458.9015
721.4114 458.9194
721.4189 458.9253
721.4255 458.9248
721.4183 458.9211
721.405 458.925
721.4684 458.9274
721.4814 458.9303
721.4733 458.9409
721.4733 458.9348
721.4746 458.9295
721.4675 458.9312
721.458 458.929
721.4515 458.9214
721.4277 458.9243
721.4138 458.9269
721.3906 458.9279
721.3734 458.9298
721.386 458.9274
721.3932 458.9248
721.3884 458.9247
721.3776 458.9227
721.3652 458.9264
721.3643 458.9216
721.3747 458.9237
721.3457 458.9258
721.3353 458.9344
721.3196 458.9351
721.3343 458.9263
721.3252 458.9248
721.3255 458.931
721.3105 458.9282
721.3177 458.916
721.3069 458.9229
721.2864 458.924
721.2803 458.9175
721.2832 458.9162
721.2461 458.9303
721.2656 458.9247
721.2461 458.9354
721.2302 458.939
721.2422 458.9336
721.2474 458.9375
721.25 458.9406
721.2259 458.9429
721.1956 458.9408
