1920 480
1920 480
1901.228 458.6273
1901.294 458.6281
1901.301 458.6256
1901.303 458.598
1901.321 458.6003
1901.286 458.6076
1901.287 458.6141
1901.346 458.5984
1901.329 458.6237
1901.302 458.5996
1901.281 458.5739
1901.298 458.5894
1901.331 458.6151
1901.319 458.6081
1901.264 458.6149
1901.207 458.6424
1901.234 458.6295
1901.268 458.6229
1901.255 458.6177
1901.207 458.6173
1901.222 458.6323
1901.323 458.5986
1901.18 458.6245
1901.23 458.6335
1901.201 458.6424
1901.237 458.6396
1901.287 458.6057
1901.226 458.6546
1901.243 458.6307
1901.238 458.6345
1901.222 458.64
1901.234 458.6418
1901.207 458.6406
1901.19 458.6421
1901.144 458.638
1901.164 458.6507
1901.137 458.6588
1901.175 458.6584
1901.184 458.6431
1901.161 458.6463
1901.189 458.6437
1901.258 458.6463
1901.332 458.6112
1901.256 458.6172
1901.271 458.6084
1901.289 458.606
1901.325 458.6003
1901.293 458.5928
1901.304 458.6006
1901.313 458.5916
1901.324 458.584
1901.313 458.5811
1901.316 458.5736
1901.315 458.5638
1901.326 458.5613
1901.324 458.5633
1901.329 458.5612
1901.32 458.5654
1901.31 458.5594
1901.315 458.5552
1901.326 458.5508
1901.317 458.5524
1901.311 458.5498
1901.329 458.5487
1901.316 458.5535
1901.31 458.5552
1901.326 458.5555
1901.327 458.5558
1901.339 458.5627
1901.33 458.5703
1901.325 458.5778
1901.337 458.5824
1901.361 458.5918
1901.368 458.5947
1901.36 458.6021
1901.353 458.6029
1901.369 458.6053
1901.363 458.6082
1901.361 458.6078
1901.359 458.6078
1901.358 458.603
1901.349 458.6074
1901.34 458.6115
1901.347 458.611
1901.34 458.613
1901.359 458.6113
1901.35 458.6146
1901.308 458.6312
1901.282 458.6395
1901.286 458.6445
1901.283 458.6496
1901.296 458.6489
1901.301 458.6434
1901.286 458.6449
1901.288 458.6434
1901.296 458.6377
1901.29 458.6353
1901.297 458.638
1901.309 458.6432
1901.306 458.6507
1901.303 458.6492
1901.298 458.6511
1901.291 458.6597
1901.302 458.6517
1901.332 458.6466
1901.353 458.6434
1901.367 458.6401
1901.373 458.6317
1901.377 458.6261
1901.379 458.6244
1901.4 458.6226
1901.397 458.6245
1901.385 458.6282
1901.405 458.6268
1901.426 458.6162
1901.422 458.6058
1901.413 458.5926
1901.395 458.5897
1901.378 458.5934
1901.372 458.5931
1901.357 458.5915
1901.348 458.5947
1901.342 458.5951
1901.331 458.5962
1901.324 458.6053
1901.308 458.6157
1901.276 458.6193
1901.27 458.6198
1901.275 458.6182
1901.293 458.6136
1901.299 458.6076
1901.293 458.6039
1901.294 458.6012
1901.288 458.5973
1901.29 458.5989
1901.296 458.5959
1901.348 458.5765
1901.354 458.5723
1901.382 458.5651
1901.421 458.5544
1901.417 458.5584
1901.395 458.5612
1901.377 458.5701
1901.36 458.5732
1901.352 458.568
1901.367 458.5623
1901.367 458.5648
1901.356 458.5675
1901.335 458.5789
1901.317 458.5848
1901.297 458.5848
1901.294 458.5864
1901.277 458.597
1901.273 458.598
1901.255 458.6004
1901.236 458.603
1901.227 458.6128
1901.224 458.6069
1901.246 458.6029
1901.262 458.6024
1901.268 458.6035
1901.261 458.6025
1901.283 458.5949
1901.281 458.5941
1901.287 458.5981
1901.302 458.5936
1901.301 458.5897
1901.295 458.5897
1901.311 458.5963
1901.317 458.5988
1901.307 458.6001
1901.299 458.6055
1901.297 458.6058
1901.29 458.6058
1901.278 458.6029
1901.254 458.6087
1901.239 458.6141
1901.23 458.6104
1901.226 458.6097
1901.238 458.6063
1901.244 458.6025
1901.243 458.6017
1901.242 458.6156
1901.248 458.6113
1901.246 458.6138
1901.23 458.6239
1901.219 458.6266
1901.214 458.6305
1901.215 458.6307
1901.234 458.6235
1901.228 458.6279
1901.213 458.6366
1901.209 458.6348
1901.215 458.6292
1901.213 458.6343
1901.213 458.633
1901.215 458.6343
1901.214 458.638
1901.221 458.6292
1901.222 458.6244
1901.222 458.6282
1901.212 458.6307
1901.233 458.6279
1901.234 458.6273
1901.244 458.6265
1901.248 458.6245
1901.267 458.619
1901.239 458.6213
1901.239 458.6297
1901.256 458.6338
1901.251 458.6429
1901.26 458.6483
1901.272 458.6514
1901.272 458.6525
1901.273 458.6553
1901.29 458.6544
1901.292 458.6501
1901.297 458.6471
1901.316 458.6328
1901.301 458.6331
1901.318 458.6322
1901.315 458.6183
1901.312 458.6164
1901.308 458.6173
1901.302 458.618
1901.312 458.6113
1901.289 458.6081
1901.267 458.6079
1901.262 458.6071
1901.26 458.605
1901.262 458.6006
1901.269 458.5996
1901.272 458.6078
1901.279 458.6136
1901.275 458.6157
1901.276 458.6188
1901.284 458.618
1901.31 458.6009
1901.302 458.6046
1901.303 458.6043
1901.3 458.6084
1901.304 458.6055
1901.293 458.6117
1901.305 458.6058
1901.322 458.5991
1901.332 458.5993
1901.348 458.5975
1901.353 458.5957
1901.341 458.596
1901.323 458.5988
1901.331 458.6012
1901.343 458.6019
1901.336 458.6034
1901.326 458.6055
1901.332 458.6063
1901.321 458.6126
1901.322 458.6123
1901.306 458.6188
1901.293 458.6203
1901.288 458.6253
1901.301 458.6271
1901.322 458.6282
1901.325 458.6304
1901.31 458.6382
1901.302 458.6473
1901.297 458.6476
1901.288 458.654
1901.256 458.6598
1901.261 458.6561
1901.264 458.6481
1901.268 458.6436
1901.264 458.6396
1901.288 458.6341
1901.306 458.6282
1901.324 458.6208
1901.341 458.6092
1901.351 458.6032
1901.364 458.6025
1901.368 458.6006
1901.375 458.5972
1901.353 458.5946
1901.327 458.5928
1901.304 458.5926
1901.279 458.5923
1901.264 458.5911
1901.271 458.5947
1901.269 458.5977
1901.293 458.5869
1901.305 458.5806
1901.313 458.5739
1901.326 458.5706
1901.331 458.5723
1901.324 458.5746
1901.318 458.5885
1901.31 458.5925
1901.322 458.6037
1901.317 458.6061
1901.314 458.6136
1920 480
1920 480
1901.228 458.6273
1901.294 458.6281
1901.301 458.6256
1901.303 458.598
1901.321 458.6003
1901.286 458.6076
1901.287 458.6141
1901.346 458.5984
1901.329 458.6237
1901.302 458.5996
1901.281 458.5739
1901.298 458.5894
1901.331 458.6151
1901.319 458.6081
1901.264 458.6149
1901.207 458.6424
1901.234 458.6295
1901.268 458.6229
1901.255 458.6177
1901.207 458.6173
1901.222 458.6323
1901.323 458.5986
1901.18 458.6245
1901.23 458.6335
1901.201 458.6424
1901.237 458.6396
1901.287 458.6057
1901.226 458.6546
1901.243 458.6307
1901.238 458.6345
1901.222 458.64
1901.234 458.6418
1901.207 458.6406
1901.19 458.6421
1901.144 458.638
1901.164 458.6507
1901.137 458.6588
1901.175 458.6584
1901.184 458.6431
1901.161 458.6463
1901.189 458.6437
1901.258 458.6463
1901.332 458.6112
1901.256 458.6172
1901.271 458.6084
1901.289 458.606
1901.325 458.6003
1901.293 458.5928
1901.304 458.6006
1901.313 458.5916
1901.324 458.584
1901.313 458.5811
1901.316 458.5736
1901.315 458.5638
1901.326 458.5613
1901.324 458.5633
1901.329 458.5612
1901.32 458.5654
1901.31 458.5594
1901.315 458.5552
1901.326 458.5508
1901.317 458.5524
1901.311 458.5498
1901.329 458.5487
1901.316 458.5535
1901.31 458.5552
1901.326 458.5555
1901.327 458.5558
1901.339 458.5627
1901.33 458.5703
1901.325 458.5778
1901.337 458.5824
1901.361 458.5918
1901.368 458.5947
1901.36 458.6021
1901.353 458.6029
1901.369 458.6053
1901.363 458.6082
1901.361 458.6078
1901.359 458.6078
1901.358 458.603
1901.349 458.6074
1901.34 458.6115
1901.347 458.611
1901.34 458.613
1901.359 458.6113
1901.35 458.6146
1901.308 458.6312
1901.282 458.6395
1901.286 458.6445
1901.283 458.6496
1901.296 458.6489
1901.301 458.6434
1901.286 458.6449
1901.288 458.6434
1901.296 458.6377
1901.29 458.6353
1901.297 458.638
1901.309 458.6432
1901.306 458.6507
1901.303 458.6492
1901.298 458.6511
1901.291 458.6597
1901.302 458.6517
1901.332 458.6466
1901.353 458.6434
1901.367 458.6401
1901.373 458.6317
1901.377 458.6261
1901.379 458.6244
1901.4 458.6226
1901.397 458.6245
1901.385 458.6282
1901.405 458.6268
1901.426 458.6162
1901.422 458.6058
1901.413 458.5926
1901.395 458.5897
1901.378 458.5934
1901.372 458.5931
1901.357 458.5915
1901.348 458.5947
1901.342 458.5951
1901.331 458.5962
1901.324 458.6053
1901.308 458.6157
1901.276 458.6193
1901.27 458.6198
1901.275 458.6182
1901.293 458.6136
1901.299 458.6076
1901.293 458.6039
1901.294 458.6012
1901.288 458.5973
1901.29 458.5989
1901.296 458.5959
1901.348 458.5765
1901.354 458.5723
1901.382 458.5651
1901.421 458.5544
1901.417 458.5584
1901.395 458.5612
1901.377 458.5701
1901.36 458.5732
1901.352 458.568
1901.367 458.5623
1901.367 458.5648
1901.356 458.5675
1901.335 458.5789
1901.317 458.5848
1901.297 458.5848
1901.294 458.5864
1901.277 458.597
1901.273 458.598
1901.255 458.6004
1901.236 458.603
1901.227 458.6128
1901.224 458.6069
1901.246 458.6029
1901.262 458.6024
1901.268 458.6035
1901.261 458.6025
1901.283 458.5949
1901.281 458.5941
1901.287 458.5981
1901.302 458.5936
1901.301 458.5897
1901.295 458.5897
1901.311 458.5963
1901.317 458.5988
1901.307 458.6001
1901.299 458.6055
1901.297 458.6058
1901.29 458.6058
1901.278 458.6029
1901.254 458.6087
1901.239 458.6141
1901.23 458.6104
1901.226 458.6097
1901.238 458.6063
1901.244 458.6025
1901.243 458.6017
1901.242 458.6156
1901.248 458.6113
1901.246 458.6138
1901.23 458.6239
1901.219 458.6266
1901.214 458.6305
1901.215 458.6307
1901.234 458.6235
1901.228 458.6279
1901.213 458.6366
1901.209 458.6348
1901.215 458.6292
1901.213 458.6343
1901.213 458.633
1901.215 458.6343
1901.214 458.638
1901.221 458.6292
1901.222 458.6244
1901.222 458.6282
1901.212 458.6307
1901.233 458.6279
1901.234 458.6273
1901.244 458.6265
1901.248 458.6245
1901.267 458.619
1901.239 458.6213
1901.239 458.6297
1901.256 458.6338
1901.251 458.6429
1901.26 458.6483
1901.272 458.6514
1901.272 458.6525
1901.273 458.6553
1901.29 458.6544
1901.292 458.6501
1901.297 458.6471
1901.316 458.6328
1901.301 458.6331
1901.318 458.6322
1901.315 458.6183
1901.312 458.6164
1901.308 458.6173
1901.302 458.618
1901.312 458.6113
1901.289 458.6081
1901.267 458.6079
1901.262 458.6071
1901.26 458.605
1901.262 458.6006
1901.269 458.5996
1901.272 458.6078
1901.279 458.6136
1901.275 458.6157
1901.276 458.6188
1901.284 458.618
1901.31 458.6009
1901.302 458.6046
1901.303 458.6043
1901.3 458.6084
1901.304 458.6055
1901.293 458.6117
1901.305 458.6058
1901.322 458.5991
1901.332 458.5993
1901.348 458.5975
1901.353 458.5957
1901.341 458.596
1901.323 458.5988
1901.331 458.6012
1901.343 458.6019
1901.336 458.6034
1901.326 458.6055
1901.332 458.6063
1901.321 458.6126
1901.322 458.6123
1901.306 458.6188
1901.293 458.6203
1901.288 458.6253
1901.301 458.6271
1901.322 458.6282
1901.325 458.6304
1901.31 458.6382
1901.302 458.6473
1901.297 458.6476
1901.288 458.654
1901.256 458.6598
1901.261 458.6561
1901.264 458.6481
1901.268 458.6436
1901.264 458.6396
1901.288 458.6341
1901.306 458.6282
1901.324 458.6208
1901.341 458.6092
1901.351 458.6032
1901.364 458.6025
1901.368 458.6006
1901.375 458.5972
1901.353 458.5946
1901.327 458.5928
1901.304 458.5926
1901.279 458.5923
1901.264 458.5911
1901.271 458.5947
1901.269 458.5977
1901.293 458.5869
1901.305 458.5806
1901.313 458.5739
1901.326 458.5706
1901.331 458.5723
1901.324 458.5746
1901.318 458.5885
1901.31 458.5925
1901.322 458.6037
1901.317 458.6061
1901.314 458.6136
