1920 480
715.2256 439.9105
715.2559 439.9053
715.3105 439.9196
715.2939 439.9233
715.3177 439.9432
715.2097 439.9165
715.3086 439.917
715.3548 439.9357
715.3493 439.9254
715.333 439.938
715.3486 439.9171
715.4079 439.9035
715.3353 439.9354
715.4069 439.9173
715.4375 439.9375
715.4297 439.9259
715.334 439.8932
715.361 439.8794
715.3679 439.8849
715.3555 439.9053
715.3405 439.8923
715.3577 439.8682
715.3115 439.8745
715.3987 439.9043
715.3665 439.912
715.3945 439.8877
715.3477 439.9012
715.3555 439.9075
715.3284 439.9507
715.3105 439.9367
715.3193 439.9153
715.3187 439.9054
715.3392 439.907
715.3275 439.9074
715.2988 439.9007
715.2845 439.9002
715.2939 439.9067
715.2868 439.9051
715.262 439.9138
715.249 439.924
715.2484 439.9354
715.2607 439.9316
715.2585 439.9355
715.2425 439.931
715.2523 439.936
715.2728 439.9336
715.2891 439.9398
715.2803 439.9316
715.2806 439.9377
715.2829 439.9307
715.2959 439.9325
715.2835 439.909
715.279 439.9188
715.2767 439.9139
715.2692 439.9229
715.2617 439.9199
715.2484 439.9196
715.2422 439.9194
715.2435 439.9233
715.2624 439.9134
715.2487 439.9058
715.237 439.9053
715.2311 439.9038
715.2263 439.8966
715.2233 439.8981
715.2302 439.894
715.2422 439.904
715.2503 439.9046
715.2448 439.9168
715.236 439.9162
715.2311 439.9128
715.2298 439.9124
715.222 439.9196
715.1992 439.9248
715.1868 439.9354
715.1911 439.9365
715.1921 439.9386
715.1833 439.9399
715.1462 439.9481
715.1315 439.9487
715.1335 439.9531
715.125 439.9515
715.1201 439.9629
715.1055 439.9549
715.1136 439.9505
715.1126 439.9521
715.0745 439.9543
715.0847 439.952
715.0755 439.951
715.0469 439.9587
715.0241 439.9621
715.0557 439.9583
715.0703 439.9616
715.0762 439.9466
715.0986 439.9359
715.0889 439.93
715.0742 439.9321
715.0895 439.9157
715.1025 439.9167
715.1055 439.9044
715.1064 439.8981
715.1227 439.8955
715.1292 439.908
715.1387 439.9011
715.1182 439.9023
715.1074 439.8954
715.1143 439.8947
715.1038 439.888
715.1035 439.8887
715.1025 439.8787
715.0967 439.8799
715.0977 439.8734
715.0876 439.8804
715.097 439.8799
715.1068 439.8758
715.1113 439.8787
715.0915 439.8828
715.0999 439.8817
715.0827 439.8916
715.0823 439.8936
715.0807 439.897
715.0742 439.8971
715.0609 439.8908
715.0674 439.8871
715.084 439.895
715.0755 439.8991
715.0801 439.9103
715.1013 439.9214
715.0872 439.9216
715.0456 439.9229
715.0127 439.9258
714.998 439.9304
715.0065 439.9359
715.0104 439.9277
715.0059 439.9351
715.0208 439.9347
715.0075 439.944
715.043 439.9385
715.0443 439.9438
715.0368 439.9431
715.0143 439.9409
715.0062 439.9328
714.9954 439.9368
714.9818 439.931
714.9645 439.9284
714.9733 439.9385
714.985 439.9224
714.9756 439.9242
715.0056 439.9203
714.9961 439.9093
714.9932 439.9051
715.0013 439.9019
714.9915 439.9063
714.987 439.9066
714.9629 439.9173
714.9616 439.9247
714.9515 439.9224
714.9268 439.9247
714.929 439.9362
714.9241 439.9368
714.9128 439.9484
714.9284 439.9502
714.9655 439.9471
714.988 439.9272
714.9782 439.9115
715.002 439.8944
715.0062 439.8916
715.0032 439.8976
714.9968 439.9095
715.0107 439.9059
715.0254 439.9035
715.0342 439.8945
1920 439.8944
1920 439.8976
1920 439.9146
1920 439.9199
1920 439.9084
1920 439.895
1920 439.8926
1920 439.8888
1920 439.9028
1920.028 439.9058
1920.029 439.8919
1920.029 439.8867
1920.078 439.8864
1920.097 439.8932
1920.103 439.9063
1920.124 439.9015
1920.112 439.894
1920.1 439.8745
1920.101 439.8677
1920.131 439.8773
1920.132 439.8957
1920.161 439.9019
1920.154 439.8882
1920.152 439.8771
1920.145 439.8779
1920.153 439.8961
1920.151 439.917
1920.136 439.9271
1920.125 439.9152
1920.131 439.9035
1920.138 439.9009
1920.127 439.9121
1920.136 439.9292
1920.155 439.9175
1920.171 439.9136
1920.186 439.9011
1920.191 439.9097
1920.195 439.9242
1920.194 439.9367
1920.206 439.9359
1920.209 439.9355
1920.211 439.9479
1920.214 439.9479
1920.198 439.9479
1920.198 439.9494
1920.204 439.9492
1920.205 439.9554
1920.224 439.9539
1920.222 439.9469
1920.234 439.9567
1920.249 439.9639
1920.292 439.9632
1920.3 439.9632
1920.312 439.9552
1920.307 439.9547
1920.29 439.9661
1920.281 439.9676
1920.305 439.9572
1920.299 439.9573
1920.298 439.96
1920.292 439.9661
1920.305 439.9813
1920.307 439.9935
1920.306 439.9953
1920.299 439.9849
1920.316 439.9831
1920.317 439.9899
1920.309 439.9885
1920.33 439.9858
1920.31 439.9915
1920.299 440.0011
1920.314 439.9943
1920.301 439.9941
1920.294 439.9914
1920.277 439.9938
1920.282 439.9959
1920.28 440.0042
1920.294 440.0036
1920.307 439.9982
1920.283 440.006
1920.264 440.0088
1920.267 440.0005
1920.268 439.9956
1920.279 439.9906
1920.257 439.9985
1920.251 440.0013
1920.265 440.0083
1920.315 439.9949
1920.298 439.9932
1920.308 439.9904
1920.308 439.9951
1920.353 439.9964
1920.383 439.9994
1920.409 439.9922
1920.397 439.9937
1920.395 439.9958
1920.39 439.9969
1920.413 440.001
1920.416 440.0099
1920.404 440.0075
1920.41 440.0237
1920.416 440.0204
1920.414 440.0156
1920.418 440.0242
1920.446 440.0234
1920.464 440.0189
1920.488 440.0103
1920.497 440.0116
1920.488 440.0006
1920.456 440.0199
1920.439 440.0155
1920.424 440.0153
1920.438 440.0067
1920.44 439.9951
1920.44 439.9811
1920.434 439.9777
1920.438 439.9626
1920.435 439.9627
1920.414 439.9538
1920.394 439.9509
1920.387 439.9438
1920.381 439.9337
1920.376 439.9162
1920.372 439.9178
1920.361 439.9199
1920.368 439.9152
1920.347 439.9051
1920 480
715.2256 439.9105
715.2559 439.9053
715.3105 439.9196
715.2939 439.9233
715.3177 439.9432
715.2097 439.9165
715.3086 439.917
715.3548 439.9357
715.3493 439.9254
715.333 439.938
715.3486 439.9171
715.4079 439.9035
715.3353 439.9354
715.4069 439.9173
715.4375 439.9375
715.4297 439.9259
715.334 439.8932
715.361 439.8794
715.3679 439.8849
715.3555 439.9053
715.3405 439.8923
715.3577 439.8682
715.3115 439.8745
715.3987 439.9043
715.3665 439.912
715.3945 439.8877
715.3477 439.9012
715.3555 439.9075
715.3284 439.9507
715.3105 439.9367
715.3193 439.9153
715.3187 439.9054
715.3392 439.907
715.3275 439.9074
715.2988 439.9007
715.2845 439.9002
715.2939 439.9067
715.2868 439.9051
715.262 439.9138
715.249 439.924
715.2484 439.9354
715.2607 439.9316
715.2585 439.9355
715.2425 439.931
715.2523 439.936
715.2728 439.9336
715.2891 439.9398
715.2803 439.9316
715.2806 439.9377
715.2829 439.9307
715.2959 439.9325
715.2835 439.909
715.279 439.9188
715.2767 439.9139
715.2692 439.9229
715.2617 439.9199
715.2484 439.9196
715.2422 439.9194
715.2435 439.9233
715.2624 439.9134
715.2487 439.9058
715.237 439.9053
715.2311 439.9038
715.2263 439.8966
715.2233 439.8981
715.2302 439.894
715.2422 439.904
715.2503 439.9046
715.2448 439.9168
715.236 439.9162
715.2311 439.9128
715.2298 439.9124
715.222 439.9196
715.1992 439.9248
715.1868 439.9354
715.1911 439.9365
715.1921 439.9386
715.1833 439.9399
715.1462 439.9481
715.1315 439.9487
715.1335 439.9531
715.125 439.9515
715.1201 439.9629
715.1055 439.9549
715.1136 439.9505
715.1126 439.9521
715.0745 439.9543
715.0847 439.952
715.0755 439.951
715.0469 439.9587
715.0241 439.9621
715.0557 439.9583
715.0703 439.9616
715.0762 439.9466
715.0986 439.9359
715.0889 439.93
715.0742 439.9321
715.0895 439.9157
715.1025 439.9167
715.1055 439.9044
715.1064 439.8981
715.1227 439.8955
715.1292 439.908
715.1387 439.9011
715.1182 439.9023
715.1074 439.8954
715.1143 439.8947
715.1038 439.888
715.1035 439.8887
715.1025 439.8787
715.0967 439.8799
715.0977 439.8734
715.0876 439.8804
715.097 439.8799
715.1068 439.8758
715.1113 439.8787
715.0915 439.8828
715.0999 439.8817
715.0827 439.8916
715.0823 439.8936
715.0807 439.897
715.0742 439.8971
715.0609 439.8908
715.0674 439.8871
715.084 439.895
715.0755 439.8991
715.0801 439.9103
715.1013 439.9214
715.0872 439.9216
715.0456 439.9229
715.0127 439.9258
714.998 439.9304
715.0065 439.9359
715.0104 439.9277
715.0059 439.9351
715.0208 439.9347
715.0075 439.944
715.043 439.9385
715.0443 439.9438
715.0368 439.9431
715.0143 439.9409
715.0062 439.9328
714.9954 439.9368
714.9818 439.931
714.9645 439.9284
714.9733 439.9385
714.985 439.9224
714.9756 439.9242
715.0056 439.9203
714.9961 439.9093
714.9932 439.9051
715.0013 439.9019
714.9915 439.9063
714.987 439.9066
714.9629 439.9173
714.9616 439.9247
714.9515 439.9224
714.9268 439.9247
714.929 439.9362
714.9241 439.9368
714.9128 439.9484
714.9284 439.9502
714.9655 439.9471
714.988 439.9272
714.9782 439.9115
715.002 439.8944
715.0062 439.8916
715.0032 439.8976
714.9968 439.9095
715.0107 439.9059
715.0254 439.9035
715.0342 439.8945
1920 439.8944
1920 439.8976
1920 439.9146
1920 439.9199
1920 439.9084
1920 439.895
1920 439.8926
1920 439.8888
1920 439.9028
1920.028 439.9058
1920.029 439.8919
1920.029 439.8867
1920.078 439.8864
1920.097 439.8932
1920.103 439.9063
1920.124 439.9015
1920.112 439.894
1920.1 439.8745
1920.101 439.8677
1920.131 439.8773
1920.132 439.8957
1920.161 439.9019
1920.154 439.8882
1920.152 439.8771
1920.145 439.8779
1920.153 439.8961
1920.151 439.917
1920.136 439.9271
1920.125 439.9152
1920.131 439.9035
1920.138 439.9009
1920.127 439.9121
1920.136 439.9292
1920.155 439.9175
1920.171 439.9136
1920.186 439.9011
1920.191 439.9097
1920.195 439.9242
1920.194 439.9367
1920.206 439.9359
1920.209 439.9355
1920.211 439.9479
1920.214 439.9479
1920.198 439.9479
1920.198 439.9494
1920.204 439.9492
1920.205 439.9554
1920.224 439.9539
1920.222 439.9469
1920.234 439.9567
1920.249 439.9639
1920.292 439.9632
1920.3 439.9632
1920.312 439.9552
1920.307 439.9547
1920.29 439.9661
1920.281 439.9676
1920.305 439.9572
1920.299 439.9573
1920.298 439.96
1920.292 439.9661
1920.305 439.9813
1920.307 439.9935
1920.306 439.9953
1920.299 439.9849
1920.316 439.9831
1920.317 439.9899
1920.309 439.9885
1920.33 439.9858
1920.31 439.9915
1920.299 440.0011
1920.314 439.9943
1920.301 439.9941
1920.294 439.9914
1920.277 439.9938
1920.282 439.9959
1920.28 440.0042
1920.294 440.0036
1920.307 439.9982
1920.283 440.006
1920.264 440.0088
1920.267 440.0005
1920.268 439.9956
1920.279 439.9906
1920.257 439.9985
1920.251 440.0013
1920.265 440.0083
1920.315 439.9949
1920.298 439.9932
1920.308 439.9904
1920.308 439.9951
1920.353 439.9964
1920.383 439.9994
1920.409 439.9922
1920.397 439.9937
1920.395 439.9958
1920.39 439.9969
1920.413 440.001
1920.416 440.0099
1920.404 440.0075
1920.41 440.0237
1920.416 440.0204
1920.414 440.0156
1920.418 440.0242
1920.446 440.0234
1920.464 440.0189
1920.488 440.0103
1920.497 440.0116
1920.488 440.0006
1920.456 440.0199
1920.439 440.0155
1920.424 440.0153
1920.438 440.0067
1920.44 439.9951
1920.44 439.9811
1920.434 439.9777
1920.438 439.9626
1920.435 439.9627
1920.414 439.9538
1920.394 439.9509
1920.387 439.9438
1920.381 439.9337
1920.376 439.9162
1920.372 439.9178
1920.361 439.9199
1920.368 439.9152
1920.347 439.9051
1920.317 439.9043
1920.309 439.8976
1920.31 439.8978
1920.305 439.9017
1920.285 439.8996
1920.298 439.9002
1920.26 439.9023
1920.241 439.8581
1920.178 439.8509
1920.21 439.8568
1920.28 439.8035
1920.26 439.8192
1920.234 439.832
1920.35 439.8166
1920.42 439.9683
1920.4 439.989
1920.366 439.8456
1920.194 439.998
1920.364 439.8552
1920.675 439.6413
1920.581 439.6624
1920.425 439.7271
1920.508 439.7321
1920.541 439.7152
1920.579 439.6302
1920.569 439.529
1920.577 439.5283
1920.646 439.4577
1920.676 439.3789
1920.721 439.3595
1920.733 439.313
1920.743 439.2936
1920.755 439.2736
1920.76 439.2939
1920.785 439.2944
1920.79 439.3096
1920.799 439.2959
1920.772 439.2822
1920.777 439.284
1920.78 439.2944
1920.821 439.305
1920.855 439.3057
1920.869 439.2793
1920.852 439.2585
1920.85 439.2528
1920.858 439.2539
1920.921 439.2235
1920.914 439.3055
1920.916 439.404
1920.896 439.4715
1920.829 439.6135
1920.773 439.9777
1920.803 440.5547
1921.059 441.1813
1921.356 441.817
1921.502 442.3405
1921.479 442.7879
1921.438 443.2028
1921.465 443.6156
1921.63 443.9084
1921.92 443.9699
1921.958 443.7787
1921.913 443.415
1921.74 442.9491
1921.491 442.4811
1921.308 442.1633
1921.344 442.2178
1921.417 442.4902
1921.254 442.9188
1921.088 443.3597
1920.924 443.715
1920.4 444.0378
1919.885 444.3996
1919.347 444.8657
1918.663 445.446
1917.699 446.3348
1916.44 447.5269
1914.632 448.8936
1912.239 450.1502
1909.427 451.2716
1906.642 452.144
1903.957 452.8319
1901.471 453.4276
1899.099 453.918
1896.905 454.3076
1894.753 454.7494
1893.086 455.2536
1891.708 455.8498
1890.617 456.6063
1889.9 457.4215
1889.66 458.1398
1889.778 458.9641
1890.3 459.9364
1891.088 461.0441
1892.041 462.4336
1892.972 463.9785
1893.776 465.4364
1895.042 467.0957
1896.77 468.7781
1898.805 470.6038
1900.856 472.4674
1902.984 474.5858
1905 476.7959
1907.019 479.2474
1909.126 482.0429
1911.122 484.842
1913.237 488.0238
1915.201 491.4075
1916.627 494.7088
1917.457 497.7413
1917.9 500.837
1918.166 503.4622
1918.42 506.4255
1918.469 509.4347
1918.082 512.3059
1917.041 515.2264
1915.579 517.9215
1914.041 520.1396
1912.093 522.4158
1909.949 524.2714
1907.531 525.8681
1904.864 527.0951
1902.543 527.8055
1900.265 528.1932
1897.935 528.3996
1895.752 528.2797
1893.618 527.9183
1891.53 527.2797
1889.766 526.6114
1888.191 525.8497
1886.611 524.9376
1884.986 523.9437
1883.422 522.9404
1881.949 521.8881
1880.711 520.8336
1879.578 519.7465
1878.497 518.5476
1877.447 517.3826
1876.476 516.2582
1875.54 515.173
1874.647 514.1117
1873.787 513.1288
1872.961 512.1738
1872.154 511.288
1871.353 510.4676
1870.586 509.7248
1869.941 509.0422
1869.405 508.4763
1868.898 507.9813
1868.401 507.5743
1867.985 507.2273
1867.668 507.0017
1867.64 506.8484
1867.903 506.7657
1868.349 506.6622
1868.983 506.5881
1869.756 506.5601
1870.668 506.5972
1871.798 506.6603
1872.957 506.7353
1874.241 506.7802
1875.552 506.8464
1876.844 506.9049
1878.129 506.9546
1879.413 506.9809
1880.651 507.0266
1881.908 507.0926
1882.88 507.1595
1883.517 507.1995
1884.312 507.2399
1884.962 507.2661
1885.447 507.2721
1885.769 507.2523
1885.93 507.1996
1885.925 507.127
1885.749 507.0479
1885.457 506.9784
1885.04 506.9272
1884.359 506.8504
1883.674 506.7918
1883.089 506.7561
1882.46 506.7756
1881.787 506.8138
1881.114 506.8646
1880.449 506.9293
1879.796 507.0057
1879.281 507.0685
1878.755 507.1283
1878.304 507.1837
1877.911 507.2268
1877.603 507.2637
1877.335 507.281
1877.112 507.2966
1876.931 507.3027
1876.8 507.3077
1876.667 507.3197
1876.57 507.2996
1876.503 507.2534
1876.47 507.1891
1876.506 507.1191
1876.571 507.0748
1876.652 507.0603
1876.715 507.0491
1876.78 507.0253
1876.836 506.9781
1876.822 506.9444
1876.874 506.9164
1876.899 506.9014
1876.884 506.8625
1876.803 506.826
1876.731 506.7692
1876.622 506.6928
1876.519 506.6175
1876.395 506.5566
1876.269 506.4841
1876.156 506.3795
1876.047 506.2374
1875.956 506.0848
1875.963 505.9293
1876.067 505.7763
1876.203 505.6043
1876.358 505.4432
1876.56 505.3006
1876.774 505.1732
1877.042 505.0385
1877.368 504.9323
1877.75 504.8292
1878.123 504.7572
1878.515 504.6974
1878.927 504.694
1879.365 504.6963
1879.831 504.7009
1880.29 504.7167
1880.747 504.7476
1881.153 504.7598
1881.524 504.7937
1881.908 504.813
1882.241 504.8446
1882.6 504.8764
1882.919 504.901
1883.217 504.9244
1883.448 504.9573
1883.676 505.0034
1883.817 505.0514
1884.017 505.0726
1884.148 505.0825
1884.247 505.0741
1884.312 505.0763
1884.359 505.0887
1884.377 505.1146
1884.331 505.1205
1884.2 505.1029
1884.01 505.0611
1883.661 505.0045
1883.393 504.9764
1883.197 504.9811
1882.954 504.9833
1882.557 504.9827
1882.13 504.9643
1881.687 504.9716
1881.301 504.9955
1880.942 505.0337
1880.623 505.0768
1880.245 505.162
1879.856 505.2514
1879.398 505.3625
1879.027 505.4751
1878.675 505.6078
1878.352 505.7678
1878.065 505.9529
1877.822 506.1643
1877.626 506.3858
1877.457 506.5976
1877.328 506.7617
1877.161 506.9214
1877.021 507.0436
1876.864 507.1675
1876.732 507.2741
1876.598 507.3523
1876.46 507.4008
1876.281 507.4113
1876.104 507.4063
1875.919 507.3745
1875.653 507.305
1875.404 507.2218
1875.164 507.1517
1874.936 507.0912
1874.684 507.0476
1874.444 507.0206
1874.199 507.0209
1873.987 507.0215
1873.788 507.0011
1873.6 506.9774
1873.458 506.9858
1873.383 506.9999
1873.336 507.0206
1873.291 507.0311
1873.248 507.0415
1873.208 507.0603
1873.195 507.0898
1920.317 439.9043
1920.309 439.8976
1920.31 439.8978
1920.305 439.9017
1920.285 439.8996
1920.298 439.9002
1920.26 439.9023
1920.241 439.8581
1920.178 439.8509
1920.21 439.8568
1920.28 439.8035
1920.26 439.8192
1920.234 439.832
1920.35 439.8166
1920.42 439.9683
1920.4 439.989
1920.366 439.8456
1920.194 439.998
1920.364 439.8552
1920.675 439.6413
1920.581 439.6624
1920.425 439.7271
1920.508 439.7321
1920.541 439.7152
1920.579 439.6302
1920.569 439.529
1920.577 439.5283
1920.646 439.4577
1920.676 439.3789
1920.721 439.3595
1920.733 439.313
1920.743 439.2936
1920.755 439.2736
1920.76 439.2939
1920.785 439.2944
1920.79 439.3096
1920.799 439.2959
1920.772 439.2822
1920.777 439.284
1920.78 439.2944
1920.821 439.305
1920.855 439.3057
1920.869 439.2793
1920.852 439.2585
1920.85 439.2528
1920.858 439.2539
1920.921 439.2235
1920.914 439.3055
1920.916 439.404
1920.896 439.4715
1920.829 439.6135
1920.773 439.9777
1920.803 440.5547
1921.059 441.1813
1921.356 441.817
1921.502 442.3405
1921.479 442.7879
1921.438 443.2028
1921.465 443.6156
1921.63 443.9084
1921.92 443.9699
1921.958 443.7787
1921.913 443.415
1921.74 442.9491
1921.491 442.4811
1921.308 442.1633
1921.344 442.2178
1921.417 442.4902
1921.254 442.9188
1921.088 443.3597
1920.924 443.715
1920.4 444.0378
1919.885 444.3996
1919.347 444.8657
1918.663 445.446
1917.699 446.3348
1916.44 447.5269
1914.632 448.8936
1912.239 450.1502
1909.427 451.2716
1906.642 452.144
1903.957 452.8319
1901.471 453.4276
1899.099 453.918
1896.905 454.3076
1894.753 454.7494
1893.086 455.2536
1891.708 455.8498
1890.617 456.6063
1889.9 457.4215
1889.66 458.1398
1889.778 458.9641
1890.3 459.9364
1891.088 461.0441
1892.041 462.4336
1892.972 463.9785
1893.776 465.4364
1895.042 467.0957
1896.77 468.7781
1898.805 470.6038
1900.856 472.4674
1902.984 474.5858
1905 476.7959
1907.019 479.2474
1909.126 482.0429
1911.122 484.842
1913.237 488.0238
1915.201 491.4075
1916.627 494.7088
1917.457 497.7413
1917.9 500.837
1918.166 503.4622
1918.42 506.4255
1918.469 509.4347
1918.082 512.3059
1917.041 515.2264
1915.579 517.9215
1914.041 520.1396
1912.093 522.4158
1909.949 524.2714
1907.531 525.8681
1904.864 527.0951
1902.543 527.8055
1900.265 528.1932
1897.935 528.3996
1895.752 528.2797
1893.618 527.9183
1891.53 527.2797
1889.766 526.6114
1888.191 525.8497
1886.611 524.9376
1884.986 523.9437
1883.422 522.9404
1881.949 521.8881
1880.711 520.8336
1879.578 519.7465
1878.497 518.5476
1877.447 517.3826
1876.476 516.2582
1875.54 515.173
1874.647 514.1117
1873.787 513.1288
1872.961 512.1738
1872.154 511.288
1871.353 510.4676
1870.586 509.7248
1869.941 509.0422
1869.405 508.4763
1868.898 507.9813
1868.401 507.5743
1867.985 507.2273
1867.668 507.0017
1867.64 506.8484
1867.903 506.7657
1868.349 506.6622
1868.983 506.5881
1869.756 506.5601
1870.668 506.5972
1871.798 506.6603
1872.957 506.7353
1874.241 506.7802
1875.552 506.8464
1876.844 506.9049
1878.129 506.9546
1879.413 506.9809
1880.651 507.0266
1881.908 507.0926
1882.88 507.1595
1883.517 507.1995
1884.312 507.2399
1884.962 507.2661
1885.447 507.2721
1885.769 507.2523
1885.93 507.1996
1885.925 507.127
1885.749 507.0479
1885.457 506.9784
1885.04 506.9272
1884.359 506.8504
1883.674 506.7918
1883.089 506.7561
1882.46 506.7756
1881.787 506.8138
1881.114 506.8646
1880.449 506.9293
1879.796 507.0057
1879.281 507.0685
1878.755 507.1283
1878.304 507.1837
1877.911 507.2268
1877.603 507.2637
1877.335 507.281
1877.112 507.2966
1876.931 507.3027
1876.8 507.3077
1876.667 507.3197
1876.57 507.2996
1876.503 507.2534
1876.47 507.1891
1876.506 507.1191
1876.571 507.0748
1876.652 507.0603
1876.715 507.0491
1876.78 507.0253
1876.836 506.9781
1876.822 506.9444
1876.874 506.9164
1876.899 506.9014
1876.884 506.8625
1876.803 506.826
1876.731 506.7692
1876.622 506.6928
1876.519 506.6175
1876.395 506.5566
1876.269 506.4841
1876.156 506.3795
1876.047 506.2374
1875.956 506.0848
1875.963 505.9293
1876.067 505.7763
1876.203 505.6043
1876.358 505.4432
1876.56 505.3006
1876.774 505.1732
1877.042 505.0385
1877.368 504.9323
1877.75 504.8292
1878.123 504.7572
1878.515 504.6974
1878.927 504.694
1879.365 504.6963
1879.831 504.7009
1880.29 504.7167
1880.747 504.7476
1881.153 504.7598
1881.524 504.7937
1881.908 504.813
1882.241 504.8446
1882.6 504.8764
1882.919 504.901
1883.217 504.9244
1883.448 504.9573
1883.676 505.0034
1883.817 505.0514
1884.017 505.0726
1884.148 505.0825
1884.247 505.0741
1884.312 505.0763
1884.359 505.0887
1884.377 505.1146
1884.331 505.1205
1884.2 505.1029
1884.01 505.0611
1883.661 505.0045
1883.393 504.9764
1883.197 504.9811
1882.954 504.9833
1882.557 504.9827
1882.13 504.9643
1881.687 504.9716
1881.301 504.9955
1880.942 505.0337
1880.623 505.0768
1880.245 505.162
1879.856 505.2514
1879.398 505.3625
1879.027 505.4751
1878.675 505.6078
1878.352 505.7678
1878.065 505.9529
1877.822 506.1643
1877.626 506.3858
1877.457 506.5976
1877.328 506.7617
1877.161 506.9214
1877.021 507.0436
1876.864 507.1675
1876.732 507.2741
1876.598 507.3523
1876.46 507.4008
1876.281 507.4113
1876.104 507.4063
1875.919 507.3745
1875.653 507.305
1875.404 507.2218
1875.164 507.1517
1874.936 507.0912
1874.684 507.0476
1874.444 507.0206
1874.199 507.0209
1873.987 507.0215
1873.788 507.0011
1873.6 506.9774
1873.458 506.9858
1873.383 506.9999
1873.336 507.0206
1873.291 507.0311
1873.248 507.0415
1873.208 507.0603
1873.195 507.0898
1873.218 507.1137
1873.255 507.1319
1873.283 507.1728
1873.35 507.2346
1873.409 507.3033
1873.507 507.3839
1873.627 507.4691
1873.836 507.5921
1874.013 507.6836
1874.205 507.7757
1874.406 507.8521
1874.607 507.9331
1874.875 508.0103
1875.143 508.0733
1875.43 508.1189
1875.654 508.1468
1875.945 508.1601
1876.178 508.1714
1876.38 508.1521
1876.528 508.1212
1876.63 508.0961
1876.687 508.0786
1876.66 508.0569
1876.589 508.0123
1876.443 507.9555
1876.249 507.9305
1876.074 507.9193
1875.857 507.93
1875.635 507.9354
1875.382 507.9265
1875.139 507.8818
1874.876 507.833
1874.622 507.7859
1874.387 507.7411
1874.192 507.6858
1874.03 507.6303
1873.891 507.5434
1873.741 507.435
1873.624 507.3395
1873.543 507.2643
1873.45 507.2177
1873.39 507.1814
1873.357 507.1463
1873.285 507.0992
1873.219 507.0729
1873.181 507.0593
1873.144 507.0639
1873.082 507.0685
1873.022 507.0683
1872.958 507.0633
1872.874 507.0724
1872.784 507.0869
1872.701 507.1026
1872.621 507.1234
1872.572 507.1403
1872.517 507.1813
1872.48 507.2273
1872.429 507.2888
1872.408 507.3592
1872.363 507.4353
1872.339 507.4922
1872.314 507.5478
1872.27 507.604
1872.251 507.6353
1872.221 507.6466
1872.212 507.6521
1872.255 507.6433
1872.312 507.6293
1872.4 507.596
1872.511 507.5642
1872.627 507.5146
1872.809 507.4482
1872.967 507.3834
1873.13 507.3233
1873.296 507.2637
1873.466 507.1937
1873.64 507.126
1873.815 507.0729
1873.947 507.0275
1874.065 506.9886
1874.124 506.9427
1874.171 506.9083
1874.189 506.915
1874.165 506.9651
1874.124 507.0584
1874.05 507.1506
1873.925 507.238
1873.772 507.3019
1873.632 507.3619
1873.499 507.423
1873.401 507.4688
1873.287 507.503
1873.174 507.4881
1873.13 507.3941
1873.144 507.2482
1873.301 507.0539
1873.528 506.8719
1873.812 506.6689
1874.106 506.4581
1874.475 506.2222
1875.095 505.9213
1875.685 505.6611
1876.208 505.4098
1876.833 505.1708
1877.493 504.9337
1878.154 504.6801
1878.883 504.3583
1879.483 504.0919
1880.119 503.8891
1880.749 503.7371
1881.324 503.5975
1881.81 503.468
1882.25 503.3374
1882.7 503.2265
1883.091 503.1572
1883.453 503.1263
1883.763 503.1429
1884.038 503.1668
1884.354 503.1751
1884.619 503.1494
1884.811 503.142
1885.052 503.2179
1885.298 503.3613
1885.659 503.6228
1885.716 503.7156
1885.723 503.8279
1885.745 503.9409
1885.751 504.0532
1885.745 504.1381
1885.682 504.2112
1885.606 504.3162
1885.444 504.4293
1885.236 504.5108
1884.939 504.5231
1884.557 504.4913
1884.275 504.4383
1884.04 504.3764
1883.814 504.3161
1883.38 504.263
1883.514 503.9139
1883.796 503.1409
1883.093 502.3842
1882.492 501.8139
1882.408 501.4434
1882.653 500.9261
1882.618 500.1465
1882.519 499.6275
1882.685 499.3921
1882.85 499.1891
1882.699 498.8734
1882.591 498.5383
1882.856 498.2213
1883.104 497.9653
1883.179 497.6573
1883.172 497.2964
1883.282 496.9251
1883.509 496.5019
1883.706 496.0783
1883.965 495.5775
1884.233 495.1504
1884.642 494.5883
1885.117 493.9618
1885.693 493.11
1886.233 492.3137
1886.783 491.4042
1887.392 490.4691
1888.049 489.4592
1888.698 488.3968
1889.308 487.2274
1889.83 485.8289
1890.15 484.5504
1890.408 483.1866
1890.633 481.7955
1890.804 480.3921
1890.904 479.0195
1891.086 477.6164
1891.453 476.2589
1891.9 474.9409
1892.378 473.5493
1892.738 472.2607
1893.079 470.9393
1893.444 469.6747
1893.792 468.4797
1894.173 467.3498
1894.657 466.2365
1895.227 465.2318
1895.875 464.1584
1896.376 463.2594
1896.795 462.3509
1897.185 461.4404
1897.583 460.4473
1898.014 459.4476
1898.569 458.4378
1898.943 457.4979
1899.261 456.6449
1899.733 455.8937
1900.243 455.0334
1900.582 454.0542
1901.05 453.0809
1901.628 452.1989
1902.197 451.5223
1902.998 450.8257
1903.935 450.1706
1904.848 449.596
1905.818 448.9613
1906.801 448.3743
1907.77 447.7568
1908.765 447.1378
1909.914 446.4438
1910.951 445.8857
1912.217 445.1816
1913.411 444.4884
1914.643 443.7404
1916.002 442.995
1917.412 442.1673
1918.407 441.4362
1919.424 440.3363
1920.291 439.2122
1921.081 438.1947
1921.767 437.4518
1922.294 436.7896
1922.278 436.3092
1922.177 435.9304
1922.148 435.7541
1922.148 435.6504
1922.417 435.6201
1922.481 435.5011
1922.487 435.4081
1922.466 435.3475
1922.468 435.3608
1922.474 435.4007
1922.42 435.4447
1922.341 435.4142
1922.349 435.3997
1922.35 435.3743
1922.359 435.355
1922.31 435.3457
1922.315 435.3408
1922.312 435.3348
1922.321 435.3447
1922.351 435.3249
1922.357 435.3372
1922.363 435.3241
1922.351 435.3127
1922.349 435.3081
1922.354 435.3253
1922.4 435.3135
1922.392 435.3161
1922.399 435.3163
1922.41 435.3244
1922.41 435.3519
1922.432 435.3436
1922.454 435.3369
1922.457 435.3299
1922.467 435.3338
1922.48 435.3511
1922.48 435.3564
1922.479 435.346
1922.497 435.3371
1922.484 435.3366
1922.516 435.3348
1922.55 435.349
1922.567 435.3521
1922.558 435.3473
1922.606 435.3445
1922.59 435.3504
1922.608 435.36
1922.627 435.3573
1922.667 435.3488
1922.636 435.3543
1922.64 435.3459
1922.626 435.3524
1922.706 435.3236
1922.695 435.3377
1922.703 435.3402
1922.703 435.3504
1922.681 435.36
1922.678 435.3579
1922.676 435.356
1922.712 435.3524
1922.719 435.3508
1922.719 435.3477
1922.72 435.3516
1922.717 435.3407
1922.709 435.341
1922.724 435.3543
1922.712 435.3615
1922.712 435.3711
1922.709 435.373
1922.737 435.3584
1922.761 435.3566
1922.801 435.3488
1922.811 435.3563
1922.786 435.3618
1922.798 435.3558
1922.808 435.3571
1922.792 435.356
1922.767 435.356
1922.772 435.3596
1922.764 435.3558
1873.218 507.1137
1873.255 507.1319
1873.283 507.1728
1873.35 507.2346
1873.409 507.3033
1873.507 507.3839
1873.627 507.4691
1873.836 507.5921
1874.013 507.6836
1874.205 507.7757
1874.406 507.8521
1874.607 507.9331
1874.875 508.0103
1875.143 508.0733
1875.43 508.1189
1875.654 508.1468
1875.945 508.1601
1876.178 508.1714
1876.38 508.1521
1876.528 508.1212
1876.63 508.0961
1876.687 508.0786
1876.66 508.0569
1876.589 508.0123
1876.443 507.9555
1876.249 507.9305
1876.074 507.9193
1875.857 507.93
1875.635 507.9354
1875.382 507.9265
1875.139 507.8818
1874.876 507.833
1874.622 507.7859
1874.387 507.7411
1874.192 507.6858
1874.03 507.6303
1873.891 507.5434
1873.741 507.435
1873.624 507.3395
1873.543 507.2643
1873.45 507.2177
1873.39 507.1814
1873.357 507.1463
1873.285 507.0992
1873.219 507.0729
1873.181 507.0593
1873.144 507.0639
1873.082 507.0685
1873.022 507.0683
1872.958 507.0633
1872.874 507.0724
1872.784 507.0869
1872.701 507.1026
1872.621 507.1234
1872.572 507.1403
1872.517 507.1813
1872.48 507.2273
1872.429 507.2888
1872.408 507.3592
1872.363 507.4353
1872.339 507.4922
1872.314 507.5478
1872.27 507.604
1872.251 507.6353
1872.221 507.6466
1872.212 507.6521
1872.255 507.6433
1872.312 507.6293
1872.4 507.596
1872.511 507.5642
1872.627 507.5146
1872.809 507.4482
1872.967 507.3834
1873.13 507.3233
1873.296 507.2637
1873.466 507.1937
1873.64 507.126
1873.815 507.0729
1873.947 507.0275
1874.065 506.9886
1874.124 506.9427
1874.171 506.9083
1874.189 506.915
1874.165 506.9651
1874.124 507.0584
1874.05 507.1506
1873.925 507.238
1873.772 507.3019
1873.632 507.3619
1873.499 507.423
1873.401 507.4688
1873.287 507.503
1873.174 507.4881
1873.13 507.3941
1873.144 507.2482
1873.301 507.0539
1873.528 506.8719
1873.812 506.6689
1874.106 506.4581
1874.475 506.2222
1875.095 505.9213
1875.685 505.6611
1876.208 505.4098
1876.833 505.1708
1877.493 504.9337
1878.154 504.6801
1878.883 504.3583
1879.483 504.0919
1880.119 503.8891
1880.749 503.7371
1881.324 503.5975
1881.81 503.468
1882.25 503.3374
1882.7 503.2265
1883.091 503.1572
1883.453 503.1263
1883.763 503.1429
1884.038 503.1668
1884.354 503.1751
1884.619 503.1494
1884.811 503.142
1885.052 503.2179
1885.298 503.3613
1885.659 503.6228
1885.716 503.7156
1885.723 503.8279
1885.745 503.9409
1885.751 504.0532
1885.745 504.1381
1885.682 504.2112
1885.606 504.3162
1885.444 504.4293
1885.236 504.5108
1884.939 504.5231
1884.557 504.4913
1884.275 504.4383
1884.04 504.3764
1883.814 504.3161
1883.38 504.263
1883.514 503.9139
1883.796 503.1409
1883.093 502.3842
1882.492 501.8139
1882.408 501.4434
1882.653 500.9261
1882.618 500.1465
1882.519 499.6275
1882.685 499.3921
1882.85 499.1891
1882.699 498.8734
1882.591 498.5383
1882.856 498.2213
1883.104 497.9653
1883.179 497.6573
1883.172 497.2964
1883.282 496.9251
1883.509 496.5019
1883.706 496.0783
1883.965 495.5775
1884.233 495.1504
1884.642 494.5883
1885.117 493.9618
1885.693 493.11
1886.233 492.3137
1886.783 491.4042
1887.392 490.4691
1888.049 489.4592
1888.698 488.3968
1889.308 487.2274
1889.83 485.8289
1890.15 484.5504
1890.408 483.1866
1890.633 481.7955
1890.804 480.3921
1890.904 479.0195
1891.086 477.6164
1891.453 476.2589
1891.9 474.9409
1892.378 473.5493
1892.738 472.2607
1893.079 470.9393
1893.444 469.6747
1893.792 468.4797
1894.173 467.3498
1894.657 466.2365
1895.227 465.2318
1895.875 464.1584
1896.376 463.2594
1896.795 462.3509
1897.185 461.4404
1897.583 460.4473
1898.014 459.4476
1898.569 458.4378
1898.943 457.4979
1899.261 456.6449
1899.733 455.8937
1900.243 455.0334
1900.582 454.0542
1901.05 453.0809
1901.628 452.1989
1902.197 451.5223
1902.998 450.8257
1903.935 450.1706
1904.848 449.596
1905.818 448.9613
1906.801 448.3743
1907.77 447.7568
1908.765 447.1378
1909.914 446.4438
1910.951 445.8857
1912.217 445.1816
1913.411 444.4884
1914.643 443.7404
1916.002 442.995
1917.412 442.1673
1918.407 441.4362
1919.424 440.3363
1920.291 439.2122
1921.081 438.1947
1921.767 437.4518
1922.294 436.7896
1922.278 436.3092
1922.177 435.9304
1922.148 435.7541
1922.148 435.6504
1922.417 435.6201
1922.481 435.5011
1922.487 435.4081
1922.466 435.3475
1922.468 435.3608
1922.474 435.4007
1922.42 435.4447
1922.341 435.4142
1922.349 435.3997
1922.35 435.3743
1922.359 435.355
1922.31 435.3457
1922.315 435.3408
1922.312 435.3348
1922.321 435.3447
1922.351 435.3249
1922.357 435.3372
1922.363 435.3241
1922.351 435.3127
1922.349 435.3081
1922.354 435.3253
1922.4 435.3135
1922.392 435.3161
1922.399 435.3163
1922.41 435.3244
1922.41 435.3519
1922.432 435.3436
1922.454 435.3369
1922.457 435.3299
1922.467 435.3338
1922.48 435.3511
1922.48 435.3564
1922.479 435.346
1922.497 435.3371
1922.484 435.3366
1922.516 435.3348
1922.55 435.349
1922.567 435.3521
1922.558 435.3473
1922.606 435.3445
1922.59 435.3504
1922.608 435.36
1922.627 435.3573
1922.667 435.3488
1922.636 435.3543
1922.64 435.3459
1922.626 435.3524
1922.706 435.3236
1922.695 435.3377
1922.703 435.3402
1922.703 435.3504
1922.681 435.36
1922.678 435.3579
1922.676 435.356
1922.712 435.3524
1922.719 435.3508
1922.719 435.3477
1922.72 435.3516
1922.717 435.3407
1922.709 435.341
1922.724 435.3543
1922.712 435.3615
1922.712 435.3711
1922.709 435.373
1922.737 435.3584
1922.761 435.3566
1922.801 435.3488
1922.811 435.3563
1922.786 435.3618
1922.798 435.3558
1922.808 435.3571
1922.792 435.356
1922.767 435.356
1922.772 435.3596
1922.764 435.3558
