1920 480
264.626 479.2803
264.543 479.314
264.5313 479.3058
264.5081 479.3278
264.5462 479.3175
264.4811 479.3249
264.4967 479.2997
264.4775 479.321
264.4658 479.3219
264.5423 479.3413
264.5651 479.3589
264.5469 479.3734
264.5576 479.3582
264.5566 479.3532
264.556 479.348
264.5397 479.3789
264.5723 479.3859
264.596 479.3924
264.6061 479.3878
264.5771 479.395
264.6256 479.4072
264.6234 479.4001
264.6191 479.4097
264.6357 479.4138
264.5921 479.4193
264.6348 479.4048
264.6468 479.4028
264.6784 479.4097
264.6426 479.4339
264.6712 479.4294
264.6507 479.4118
264.6611 479.4233
264.6253 479.4268
264.6393 479.4167
264.6488 479.4053
264.6598 479.4331
264.6634 479.4075
264.6803 479.4059
264.6569 479.4097
264.694 479.4176
264.6631 479.4295
264.6335 479.4106
264.6849 479.4074
264.7415 479.3921
264.6966 479.4546
264.7236 479.3888
264.7428 479.3782
264.6491 479.3849
264.7331 479.4176
264.64 479.4185
264.7441 479.4302
264.7295 479.4447
264.7328 479.4388
264.6172 479.4271
264.6953 479.4546
264.8044 479.39
264.752 479.4098
264.8301 479.3792
264.6725 479.4022
264.7526 479.4139
264.7324 479.395
264.627 479.3771
264.6764 479.2388
264.5697 479.3018
264.6029 479.2137
264.599 479.2328
264.5788 479.2822
264.5791 479.2899
264.5518 479.2928
264.5423 479.3021
264.5645 479.2638
264.6221 479.2482
264.6996 479.2367
264.5365 479.2769
264.5736 479.3014
264.567 479.2982
264.6354 479.2275
264.5736 479.2412
264.5651 479.2419
264.6048 479.2829
264.6533 479.2282
264.6426 479.2658
264.6169 479.1875
264.5938 479.1442
264.61 479.3014
264.5882 479.239
264.5996 479.2082
264.6869 479.2433
264.6475 479.3325
264.683 479.2298
264.681 479.1764
264.6273 479.2798
264.707 479.2161
264.6699 479.235
264.6113 479.2715
264.6621 479.2295
264.7282 479.1948
264.763 479.2378
264.7777 479.2409
264.8014 479.2173
264.7201 479.223
264.7367 479.1852
264.737 479.1984
264.6898 479.2414
264.7038 479.2285
264.7731 479.1528
264.7555 479.1924
264.734 479.2078
264.7474 479.1927
264.7842 479.1808
264.7529 479.2021
264.7529 479.153
264.7038 479.2124
264.7181 479.1628
264.6471 479.193
264.6947 479.1966
264.692 479.1883
264.7204 479.1795
264.7344 479.1727
264.7038 479.1766
264.7438 479.1973
264.7061 479.2109
264.7279 479.1807
264.7168 479.1584
264.7409 479.2189
264.6673 479.2181
264.7611 479.179
264.7171 479.1978
264.7428 479.1973
264.7038 479.1917
264.707 479.1976
264.8008 479.2397
264.7747 479.1558
264.821 479.1628
264.8795 479.2921
264.8359 479.2134
264.7552 479.229
264.8633 479.2494
264.8444 479.2575
264.8219 479.2067
264.8395 479.2513
264.9499 479.2524
264.9557 479.2808
264.8809 479.2254
264.9134 479.1946
264.8799 479.2067
264.8857 479.2243
264.9723 479.2028
264.9671 479.2003
264.9665 479.1986
265.0273 479.1976
264.9684 479.1667
264.9824 479.1799
265.0677 479.1973
265.0605 479.1956
265.0801 479.1683
265.0283 479.2077
264.9948 479.2201
264.9603 479.21
265.0085 479.1875
265.0993 479.2038
264.9889 479.2005
265.0518 479.1733
265.0059 479.2409
264.9906 479.2531
264.9662 479.2459
265.0492 479.2272
265.0176 479.2303
265.0384 479.2482
265.1133 479.1774
265.0898 479.2212
265.0508 479.2103
265.0553 479.2161
265.0566 479.2135
265.0003 479.2432
265.0394 479.2552
265.0088 479.2305
265.013 479.2052
264.9453 479.2223
265.0391 479.1925
265.0469 479.2257
264.984 479.2428
265.0169 479.2583
264.9476 479.2147
264.9961 479.202
265.0059 479.2485
264.9837 479.2663
264.9496 479.2196
264.9863 479.2373
265.0039 479.2328
264.9652 479.2349
264.9674 479.236
264.9655 479.2866
265.0091 479.231
264.9789 479.2142
264.9743 479.2655
264.9652 479.2204
264.9984 479.2051
265.0101 479.2201
264.9193 479.2752
264.9245 479.2179
264.9681 479.2127
264.9482 479.2009
264.9694 479.1766
264.9596 479.2057
264.9381 479.2031
265.0335 479.1828
264.9945 479.1707
264.9095 479.2137
264.9395 479.1556
264.9023 479.2018
264.9603 479.1929
264.9108 479.2279
264.9108 479.2567
264.9079 479.2158
264.8929 479.2253
264.859 479.2239
264.8405 479.2316
264.805 479.2274
264.791 479.2362
264.7995 479.2489
264.8151 479.2591
264.8727 479.2686
264.7946 479.2814
264.8392 479.2619
264.8294 479.2718
264.8343 479.2705
264.7259 479.3013
264.7965 479.3213
264.8353 479.2953
264.7614 479.3136
264.8463 479.2969
264.833 479.3075
264.8281 479.3208
264.7819 479.3328
264.735 479.3773
264.7956 479.3411
264.7464 479.3092
264.7904 479.313
264.7868 479.3081
264.8164 479.3462
264.6439 479.3164
264.804 479.346
264.7103 479.3564
264.779 479.3294
264.8203 479.3188
264.7946 479.3379
264.7953 479.2848
264.8356 479.2852
264.8197 479.3198
264.821 479.3411
264.8766 479.3014
264.834 479.3208
264.849 479.363
264.8945 479.3714
264.8665 479.3054
264.8939 479.3519
264.9173 479.3441
264.8753 479.3385
264.9538 479.3442
264.8936 479.3673
264.9658 479.326
264.9323 479.3275
264.9642 479.3049
264.958 479.3364
264.9844 479.3259
264.8812 479.3447
264.9258 479.3434
264.9072 479.363
264.9271 479.3457
264.9896 479.3113
264.9567 479.3315
264.8971 479.3273
264.9779 479.3532
264.9531 479.3477
264.916 479.3475
264.9655 479.3369
264.9398 479.3219
264.9984 479.2778
264.9801 479.3382
264.9437 479.325
264.9824 479.3489
264.9469 479.3257
264.9662 479.3009
264.9388 479.3042
264.9629 479.2949
264.9606 479.2902
265.0381 479.3123
264.9824 479.3236
264.9818 479.3223
265.0199 479.3179
265.0228 479.3047
265.043 479.3247
265.057 479.3267
264.9134 479.2666
264.9707 479.2876
264.9772 479.2855
264.9727 479.3203
264.9824 479.3156
1920 480
264.626 479.2803
264.543 479.314
264.5313 479.3058
264.5081 479.3278
264.5462 479.3175
264.4811 479.3249
264.4967 479.2997
264.4775 479.321
264.4658 479.3219
264.5423 479.3413
264.5651 479.3589
264.5469 479.3734
264.5576 479.3582
264.5566 479.3532
264.556 479.348
264.5397 479.3789
264.5723 479.3859
264.596 479.3924
264.6061 479.3878
264.5771 479.395
264.6256 479.4072
264.6234 479.4001
264.6191 479.4097
264.6357 479.4138
264.5921 479.4193
264.6348 479.4048
264.6468 479.4028
264.6784 479.4097
264.6426 479.4339
264.6712 479.4294
264.6507 479.4118
264.6611 479.4233
264.6253 479.4268
264.6393 479.4167
264.6488 479.4053
264.6598 479.4331
264.6634 479.4075
264.6803 479.4059
264.6569 479.4097
264.694 479.4176
264.6631 479.4295
264.6335 479.4106
264.6849 479.4074
264.7415 479.3921
264.6966 479.4546
264.7236 479.3888
264.7428 479.3782
264.6491 479.3849
264.7331 479.4176
264.64 479.4185
264.7441 479.4302
264.7295 479.4447
264.7328 479.4388
264.6172 479.4271
264.6953 479.4546
264.8044 479.39
264.752 479.4098
264.8301 479.3792
264.6725 479.4022
264.7526 479.4139
264.7324 479.395
264.627 479.3771
264.6764 479.2388
264.5697 479.3018
264.6029 479.2137
264.599 479.2328
264.5788 479.2822
264.5791 479.2899
264.5518 479.2928
264.5423 479.3021
264.5645 479.2638
264.6221 479.2482
264.6996 479.2367
264.5365 479.2769
264.5736 479.3014
264.567 479.2982
264.6354 479.2275
264.5736 479.2412
264.5651 479.2419
264.6048 479.2829
264.6533 479.2282
264.6426 479.2658
264.6169 479.1875
264.5938 479.1442
264.61 479.3014
264.5882 479.239
264.5996 479.2082
264.6869 479.2433
264.6475 479.3325
264.683 479.2298
264.681 479.1764
264.6273 479.2798
264.707 479.2161
264.6699 479.235
264.6113 479.2715
264.6621 479.2295
264.7282 479.1948
264.763 479.2378
264.7777 479.2409
264.8014 479.2173
264.7201 479.223
264.7367 479.1852
264.737 479.1984
264.6898 479.2414
264.7038 479.2285
264.7731 479.1528
264.7555 479.1924
264.734 479.2078
264.7474 479.1927
264.7842 479.1808
264.7529 479.2021
264.7529 479.153
264.7038 479.2124
264.7181 479.1628
264.6471 479.193
264.6947 479.1966
264.692 479.1883
264.7204 479.1795
264.7344 479.1727
264.7038 479.1766
264.7438 479.1973
264.7061 479.2109
264.7279 479.1807
264.7168 479.1584
264.7409 479.2189
264.6673 479.2181
264.7611 479.179
264.7171 479.1978
264.7428 479.1973
264.7038 479.1917
264.707 479.1976
264.8008 479.2397
264.7747 479.1558
264.821 479.1628
264.8795 479.2921
264.8359 479.2134
264.7552 479.229
264.8633 479.2494
264.8444 479.2575
264.8219 479.2067
264.8395 479.2513
264.9499 479.2524
264.9557 479.2808
264.8809 479.2254
264.9134 479.1946
264.8799 479.2067
264.8857 479.2243
264.9723 479.2028
264.9671 479.2003
264.9665 479.1986
265.0273 479.1976
264.9684 479.1667
264.9824 479.1799
265.0677 479.1973
265.0605 479.1956
265.0801 479.1683
265.0283 479.2077
264.9948 479.2201
264.9603 479.21
265.0085 479.1875
265.0993 479.2038
264.9889 479.2005
265.0518 479.1733
265.0059 479.2409
264.9906 479.2531
264.9662 479.2459
265.0492 479.2272
265.0176 479.2303
265.0384 479.2482
265.1133 479.1774
265.0898 479.2212
265.0508 479.2103
265.0553 479.2161
265.0566 479.2135
265.0003 479.2432
265.0394 479.2552
265.0088 479.2305
265.013 479.2052
264.9453 479.2223
265.0391 479.1925
265.0469 479.2257
264.984 479.2428
265.0169 479.2583
264.9476 479.2147
264.9961 479.202
265.0059 479.2485
264.9837 479.2663
264.9496 479.2196
264.9863 479.2373
265.0039 479.2328
264.9652 479.2349
264.9674 479.236
264.9655 479.2866
265.0091 479.231
264.9789 479.2142
264.9743 479.2655
264.9652 479.2204
264.9984 479.2051
265.0101 479.2201
264.9193 479.2752
264.9245 479.2179
264.9681 479.2127
264.9482 479.2009
264.9694 479.1766
264.9596 479.2057
264.9381 479.2031
265.0335 479.1828
264.9945 479.1707
264.9095 479.2137
264.9395 479.1556
264.9023 479.2018
264.9603 479.1929
264.9108 479.2279
264.9108 479.2567
264.9079 479.2158
264.8929 479.2253
264.859 479.2239
264.8405 479.2316
264.805 479.2274
264.791 479.2362
264.7995 479.2489
264.8151 479.2591
264.8727 479.2686
264.7946 479.2814
264.8392 479.2619
264.8294 479.2718
264.8343 479.2705
264.7259 479.3013
264.7965 479.3213
264.8353 479.2953
264.7614 479.3136
264.8463 479.2969
264.833 479.3075
264.8281 479.3208
264.7819 479.3328
264.735 479.3773
264.7956 479.3411
264.7464 479.3092
264.7904 479.313
264.7868 479.3081
264.8164 479.3462
264.6439 479.3164
264.804 479.346
264.7103 479.3564
264.779 479.3294
264.8203 479.3188
264.7946 479.3379
264.7953 479.2848
264.8356 479.2852
264.8197 479.3198
264.821 479.3411
264.8766 479.3014
264.834 479.3208
264.849 479.363
264.8945 479.3714
264.8665 479.3054
264.8939 479.3519
264.9173 479.3441
264.8753 479.3385
264.9538 479.3442
264.8936 479.3673
264.9658 479.326
264.9323 479.3275
264.9642 479.3049
264.958 479.3364
264.9844 479.3259
264.8812 479.3447
264.9258 479.3434
264.9072 479.363
264.9271 479.3457
264.9896 479.3113
264.9567 479.3315
264.8971 479.3273
264.9779 479.3532
264.9531 479.3477
264.916 479.3475
264.9655 479.3369
264.9398 479.3219
264.9984 479.2778
264.9801 479.3382
264.9437 479.325
264.9824 479.3489
264.9469 479.3257
264.9662 479.3009
264.9388 479.3042
264.9629 479.2949
264.9606 479.2902
265.0381 479.3123
264.9824 479.3236
264.9818 479.3223
265.0199 479.3179
265.0228 479.3047
265.043 479.3247
265.057 479.3267
264.9134 479.2666
264.9707 479.2876
264.9772 479.2855
264.9727 479.3203
264.9824 479.3156
264.9876 479.3185
264.9102 479.3135
264.9284 479.3195
264.9648 479.3131
264.9713 479.3143
264.9902 479.3231
265.0384 479.286
264.9824 479.3185
264.9554 479.2962
265.0638 479.2813
265.0566 479.292
265.0299 479.3148
264.972 479.2951
265.0335 479.3323
265.0531 479.305
265.0469 479.3202
265.0326 479.3328
265.0693 479.3192
265.0273 479.3044
265.1419 479.305
265.112 479.248
265.126 479.2899
265.1686 479.335
265.1237 479.2871
265.139 479.2411
265.2158 479.2759
265.0882 479.2542
265.1227 479.2383
265.1247 479.2585
265.1422 479.2736
265.1432 479.2716
265.1436 479.2552
265.1751 479.2949
265.1706 479.2275
265.1361 479.291
265.1582 479.269
265.1706 479.2878
265.1354 479.2521
265.1872 479.2915
265.1572 479.2855
265.1367 479.2804
265.1426 479.2686
265.1064 479.2643
265.1403 479.3039
265.1631 479.2804
265.0651 479.2856
265.0882 479.2239
265.0534 479.2676
265.0833 479.2664
265.0322 479.2747
265.0602 479.2997
265.0589 479.2778
265.0485 479.2752
265.1126 479.2373
265.0583 479.282
265.0986 479.2591
265.0797 479.2595
264.9955 479.2541
265.0368 479.3057
265.057 479.2936
265.0225 479.2645
265.0703 479.3231
265.0576 479.2874
265.0931 479.2723
265.0524 479.2495
265.1107 479.3177
265.0524 479.2793
265.084 479.2902
265.0866 479.3203
265.1094 479.2549
265.112 479.2873
265.1188 479.2791
265.0192 479.2624
265.0924 479.3286
265.1344 479.2837
265.0856 479.3278
265.0358 479.319
265.1136 479.3122
265.1205 479.3179
265.0697 479.2876
265.123 479.2853
265.0924 479.2396
265.1074 479.2241
265.1182 479.1823
265.1312 479.2599
265.0479 479.2508
265.1042 479.213
265.11 479.2459
265.112 479.2536
265.1139 479.2616
265.1335 479.2231
265.0768 479.2355
265.1426 479.2134
265.0479 479.2642
265.123 479.2228
265.1322 479.2199
265.2018 479.238
265.139 479.1951
265.1637 479.2456
265.2148 479.1978
265.1533 479.2161
265.1387 479.2145
265.1911 479.2375
265.1999 479.1558
265.2008 479.1792
265.1133 479.2083
265.1934 479.1908
265.1452 479.2375
265.1006 479.2572
265.1709 479.2118
265.1055 479.208
265.0768 479.2542
265.0963 479.2165
265.0996 479.179
265.1396 479.1943
265.0492 479.1953
265.1146 479.2041
265.1165 479.1911
264.9909 479.2012
265.0163 479.228
265.0479 479.2046
265.0326 479.2446
264.9789 479.23
265.0378 479.2324
265.0352 479.2482
265.0225 479.2695
265.0313 479.238
265.0553 479.221
265.0143 479.2427
265.1178 479.2194
265.0797 479.2204
264.9902 479.2472
264.9857 479.272
264.9551 479.1989
264.9909 479.2624
264.9206 479.2868
264.8548 479.2704
264.9658 479.2397
264.932 479.2702
264.8922 479.2676
264.8903 479.2015
264.888 479.1919
264.8851 479.1805
264.9333 479.1999
264.9196 479.2118
264.9756 479.2756
264.8503 479.1935
264.8438 479.1877
264.79 479.2121
264.8672 479.2207
264.8688 479.2087
264.8444 479.2249
264.8607 479.2106
264.8359 479.1499
264.8919 479.2056
264.9496 479.1258
264.9212 479.1681
264.8574 479.1616
264.9043 479.2153
264.944 479.231
264.9059 479.2936
264.9362 479.2879
264.9346 479.2918
265.0475 479.3117
265.0192 479.3057
265.0335 479.3647
265.0338 479.3063
264.9717 479.3387
264.9886 479.3254
265.1016 479.2813
265.0638 479.3649
265.0465 479.3516
265.0944 479.3239
265.0283 479.3529
265.1045 479.3659
265.0951 479.3952
265.1152 479.3616
265.1673 479.3301
265.1585 479.3525
265.1256 479.375
265.1973 479.3709
265.1927 479.363
265.151 479.3776
265.2516 479.4136
265.223 479.4214
265.2256 479.3766
265.2171 479.3966
265.1836 479.3905
265.1761 479.3914
265.1383 479.4009
265.1556 479.4004
265.2256 479.3694
265.2015 479.3984
265.1901 479.3887
265.1846 479.3646
265.1862 479.3888
265.2155 479.3752
265.2113 479.3205
265.2425 479.3698
265.224 479.4061
265.1719 479.3871
265.1624 479.3777
265.1816 479.3906
265.1162 479.4144
265.1576 479.3701
265.1286 479.3467
265.1654 479.3605
265.1318 479.328
265.1445 479.3354
265.1419 479.382
265.0781 479.3905
265.1113 479.3597
265.112 479.375
265.123 479.3706
265.1585 479.3444
265.1315 479.3815
265.0859 479.39
265.0283 479.3661
265.0794 479.3805
265.0755 479.3898
264.9658 479.4128
264.9492 479.4154
265.1344 479.3698
265.0524 479.3817
265.0504 479.4139
264.9948 479.4189
265.0475 479.3934
265.0358 479.4679
265.0026 479.383
265.0485 479.4601
265.0199 479.3954
265.0469 479.4539
265.084 479.4819
265.0384 479.5154
265.0963 479.4951
265.097 479.534
265.0605 479.5879
265.055 479.5573
265.0661 479.5497
265.0944 479.5508
265.098 479.5892
265.0654 479.5643
265.0371 479.57
265.0765 479.5718
265.0417 479.6209
265.1071 479.5985
265.112 479.5999
265.0879 479.6628
265.0319 479.6211
265.1312 479.6087
265.084 479.6014
265.067 479.6507
265.082 479.6541
265.1123 479.6753
265.1387 479.68
265.0983 479.681
265.0068 479.6952
265.1003 479.6431
265.1061 479.6577
265.1439 479.6489
265.1338 479.6372
265.067 479.6491
264.9997 479.6615
265.1165 479.7091
265.0631 479.6646
264.9967 479.7292
265.1403 479.7331
265.1126 479.7174
265.071 479.7002
265.0316 479.7752
264.9762 479.7557
265.0889 479.7085
265.0631 479.7028
264.9886 479.7497
264.9427 479.6909
265.0023 479.6999
264.9635 479.7166
264.998 479.7114
265.0332 479.7277
265.0013 479.716
264.9134 479.7235
264.9681 479.6953
264.9072 479.6616
264.8945 479.7031
265.0124 479.7388
264.901 479.6745
264.8604 479.7396
264.8747 479.6621
264.8932 479.6499
264.8896 479.6699
264.8665 479.723
264.8665 479.6896
264.9346 479.5714
264.8887 479.7049
264.918 479.6616
264.931 479.6916
264.8991 479.6974
264.9085 479.6872
264.8705 479.6595
264.9079 479.6559
264.9876 479.3185
264.9102 479.3135
264.9284 479.3195
264.9648 479.3131
264.9713 479.3143
264.9902 479.3231
265.0384 479.286
264.9824 479.3185
264.9554 479.2962
265.0638 479.2813
265.0566 479.292
265.0299 479.3148
264.972 479.2951
265.0335 479.3323
265.0531 479.305
265.0469 479.3202
265.0326 479.3328
265.0693 479.3192
265.0273 479.3044
265.1419 479.305
265.112 479.248
265.126 479.2899
265.1686 479.335
265.1237 479.2871
265.139 479.2411
265.2158 479.2759
265.0882 479.2542
265.1227 479.2383
265.1247 479.2585
265.1422 479.2736
265.1432 479.2716
265.1436 479.2552
265.1751 479.2949
265.1706 479.2275
265.1361 479.291
265.1582 479.269
265.1706 479.2878
265.1354 479.2521
265.1872 479.2915
265.1572 479.2855
265.1367 479.2804
265.1426 479.2686
265.1064 479.2643
265.1403 479.3039
265.1631 479.2804
265.0651 479.2856
265.0882 479.2239
265.0534 479.2676
265.0833 479.2664
265.0322 479.2747
265.0602 479.2997
265.0589 479.2778
265.0485 479.2752
265.1126 479.2373
265.0583 479.282
265.0986 479.2591
265.0797 479.2595
264.9955 479.2541
265.0368 479.3057
265.057 479.2936
265.0225 479.2645
265.0703 479.3231
265.0576 479.2874
265.0931 479.2723
265.0524 479.2495
265.1107 479.3177
265.0524 479.2793
265.084 479.2902
265.0866 479.3203
265.1094 479.2549
265.112 479.2873
265.1188 479.2791
265.0192 479.2624
265.0924 479.3286
265.1344 479.2837
265.0856 479.3278
265.0358 479.319
265.1136 479.3122
265.1205 479.3179
265.0697 479.2876
265.123 479.2853
265.0924 479.2396
265.1074 479.2241
265.1182 479.1823
265.1312 479.2599
265.0479 479.2508
265.1042 479.213
265.11 479.2459
265.112 479.2536
265.1139 479.2616
265.1335 479.2231
265.0768 479.2355
265.1426 479.2134
265.0479 479.2642
265.123 479.2228
265.1322 479.2199
265.2018 479.238
265.139 479.1951
265.1637 479.2456
265.2148 479.1978
265.1533 479.2161
265.1387 479.2145
265.1911 479.2375
265.1999 479.1558
265.2008 479.1792
265.1133 479.2083
265.1934 479.1908
265.1452 479.2375
265.1006 479.2572
265.1709 479.2118
265.1055 479.208
265.0768 479.2542
265.0963 479.2165
265.0996 479.179
265.1396 479.1943
265.0492 479.1953
265.1146 479.2041
265.1165 479.1911
264.9909 479.2012
265.0163 479.228
265.0479 479.2046
265.0326 479.2446
264.9789 479.23
265.0378 479.2324
265.0352 479.2482
265.0225 479.2695
265.0313 479.238
265.0553 479.221
265.0143 479.2427
265.1178 479.2194
265.0797 479.2204
264.9902 479.2472
264.9857 479.272
264.9551 479.1989
264.9909 479.2624
264.9206 479.2868
264.8548 479.2704
264.9658 479.2397
264.932 479.2702
264.8922 479.2676
264.8903 479.2015
264.888 479.1919
264.8851 479.1805
264.9333 479.1999
264.9196 479.2118
264.9756 479.2756
264.8503 479.1935
264.8438 479.1877
264.79 479.2121
264.8672 479.2207
264.8688 479.2087
264.8444 479.2249
264.8607 479.2106
264.8359 479.1499
264.8919 479.2056
264.9496 479.1258
264.9212 479.1681
264.8574 479.1616
264.9043 479.2153
264.944 479.231
264.9059 479.2936
264.9362 479.2879
264.9346 479.2918
265.0475 479.3117
265.0192 479.3057
265.0335 479.3647
265.0338 479.3063
264.9717 479.3387
264.9886 479.3254
265.1016 479.2813
265.0638 479.3649
265.0465 479.3516
265.0944 479.3239
265.0283 479.3529
265.1045 479.3659
265.0951 479.3952
265.1152 479.3616
265.1673 479.3301
265.1585 479.3525
265.1256 479.375
265.1973 479.3709
265.1927 479.363
265.151 479.3776
265.2516 479.4136
265.223 479.4214
265.2256 479.3766
265.2171 479.3966
265.1836 479.3905
265.1761 479.3914
265.1383 479.4009
265.1556 479.4004
265.2256 479.3694
265.2015 479.3984
265.1901 479.3887
265.1846 479.3646
265.1862 479.3888
265.2155 479.3752
265.2113 479.3205
265.2425 479.3698
265.224 479.4061
265.1719 479.3871
265.1624 479.3777
265.1816 479.3906
265.1162 479.4144
265.1576 479.3701
265.1286 479.3467
265.1654 479.3605
265.1318 479.328
265.1445 479.3354
265.1419 479.382
265.0781 479.3905
265.1113 479.3597
265.112 479.375
265.123 479.3706
265.1585 479.3444
265.1315 479.3815
265.0859 479.39
265.0283 479.3661
265.0794 479.3805
265.0755 479.3898
264.9658 479.4128
264.9492 479.4154
265.1344 479.3698
265.0524 479.3817
265.0504 479.4139
264.9948 479.4189
265.0475 479.3934
265.0358 479.4679
265.0026 479.383
265.0485 479.4601
265.0199 479.3954
265.0469 479.4539
265.084 479.4819
265.0384 479.5154
265.0963 479.4951
265.097 479.534
265.0605 479.5879
265.055 479.5573
265.0661 479.5497
265.0944 479.5508
265.098 479.5892
265.0654 479.5643
265.0371 479.57
265.0765 479.5718
265.0417 479.6209
265.1071 479.5985
265.112 479.5999
265.0879 479.6628
265.0319 479.6211
265.1312 479.6087
265.084 479.6014
265.067 479.6507
265.082 479.6541
265.1123 479.6753
265.1387 479.68
265.0983 479.681
265.0068 479.6952
265.1003 479.6431
265.1061 479.6577
265.1439 479.6489
265.1338 479.6372
265.067 479.6491
264.9997 479.6615
265.1165 479.7091
265.0631 479.6646
264.9967 479.7292
265.1403 479.7331
265.1126 479.7174
265.071 479.7002
265.0316 479.7752
264.9762 479.7557
265.0889 479.7085
265.0631 479.7028
264.9886 479.7497
264.9427 479.6909
265.0023 479.6999
264.9635 479.7166
264.998 479.7114
265.0332 479.7277
265.0013 479.716
264.9134 479.7235
264.9681 479.6953
264.9072 479.6616
264.8945 479.7031
265.0124 479.7388
264.901 479.6745
264.8604 479.7396
264.8747 479.6621
264.8932 479.6499
264.8896 479.6699
264.8665 479.723
264.8665 479.6896
264.9346 479.5714
264.8887 479.7049
264.918 479.6616
264.931 479.6916
264.8991 479.6974
264.9085 479.6872
264.8705 479.6595
264.9079 479.6559
264.8197 479.6751
264.8971 479.6629
264.8744 479.655
264.8984 479.683
264.8578 479.6756
264.8451 479.6777
264.7914 479.6274
264.8229 479.6559
264.7777 479.7005
264.7865 479.6714
264.8011 479.6761
264.8027 479.6777
264.7533 479.6701
264.7526 479.6855
264.724 479.6784
264.6888 479.6727
264.7432 479.6994
264.6855 479.7009
264.6878 479.6309
264.7109 479.6834
264.7103 479.6877
264.7796 479.6359
264.7354 479.667
264.6624 479.703
264.6846 479.6865
264.7513 479.6662
264.7682 479.6724
264.7428 479.6772
264.7109 479.6914
264.7321 479.6851
264.7324 479.6543
264.7715 479.6724
264.7708 479.6512
264.8083 479.6543
264.709 479.6867
264.7422 479.7073
264.7581 479.6574
264.8372 479.6348
264.7305 479.674
264.777 479.6798
264.8122 479.6938
264.7663 479.6992
264.7503 479.7227
264.7796 479.6837
264.7907 479.668
264.8369 479.6888
264.6667 479.7443
264.7591 479.7228
264.7545 479.7277
264.8281 479.6841
264.7686 479.6795
264.7708 479.6821
264.7787 479.6789
264.7969 479.6807
264.8105 479.7059
264.8389 479.6883
264.8164 479.6714
264.8125 479.6931
264.8148 479.6717
264.8239 479.6768
264.8275 479.6789
264.8307 479.6825
264.75 479.7166
264.8177 479.7039
264.8756 479.6633
264.86 479.6807
264.8727 479.6878
264.8392 479.6924
264.8438 479.6885
264.8265 479.7202
264.8346 479.7174
264.8545 479.6707
264.8304 479.7118
264.8086 479.6618
264.8955 479.6676
264.8835 479.6619
264.9069 479.6581
264.8652 479.6458
264.873 479.6795
264.9128 479.6701
264.9066 479.6509
264.8727 479.623
264.8812 479.6615
264.8678 479.6644
264.8438 479.6461
264.8997 479.6449
264.8871 479.6196
264.776 479.6404
264.8568 479.6416
264.8363 479.5698
264.8402 479.5923
264.8626 479.5338
264.9069 479.5114
264.8467 479.5294
264.8708 479.5589
264.8418 479.5589
264.8379 479.4779
264.8906 479.5204
264.8493 479.5044
264.8001 479.4719
264.8568 479.5119
264.8516 479.5322
264.7767 479.5122
264.8542 479.4928
264.8454 479.4946
264.8438 479.4994
264.7682 479.4885
264.8008 479.5443
264.791 479.5269
264.8496 479.5352
264.7965 479.5264
264.7025 479.5275
264.7552 479.5093
264.8151 479.52
264.8001 479.5504
264.8336 479.5514
264.8242 479.5109
264.8314 479.4854
264.8291 479.5208
264.8369 479.5211
264.8532 479.5207
264.8776 479.5664
264.8467 479.5451
264.8711 479.5308
264.8659 479.5103
264.8867 479.5477
264.9518 479.5158
264.9144 479.5133
264.8949 479.5516
264.9268 479.5265
264.9294 479.5179
264.946 479.5386
264.9453 479.5168
264.9684 479.5467
264.9906 479.5547
264.9645 479.5913
264.9456 479.5397
264.933 479.5366
264.8662 479.5801
264.9059 479.612
265.0117 479.5361
265.0247 479.5313
264.9427 479.5545
264.9727 479.5114
265.0081 479.5594
264.9733 479.5923
264.9759 479.5583
264.8675 479.5874
264.974 479.564
265.0101 479.5947
265.0137 479.5591
265.0156 479.5627
265.0169 479.5454
264.9577 479.584
264.9453 479.5939
264.9652 479.5667
264.9492 479.5708
264.9567 479.597
265.0273 479.5412
265.0192 479.5688
264.9749 479.6006
264.9541 479.5605
265.042 479.5723
265.0299 479.5246
265.0338 479.5234
265.0124 479.4629
264.9955 479.4857
265.07 479.3854
265.0479 479.4665
265.0189 479.4378
264.987 479.4461
264.9925 479.39
265.0387 479.3719
265.0169 479.3898
265.015 479.4136
265.0287 479.4113
265.0303 479.3882
264.9889 479.4307
265.0801 479.3936
265.0179 479.3981
265.0368 479.3646
265.0638 479.3875
265.0547 479.3488
265.0371 479.3649
264.9967 479.4087
265.0319 479.3612
265.058 479.3958
264.9824 479.4006
265.0963 479.3983
265.0599 479.3506
264.999 479.3664
264.9102 479.3874
264.9779 479.382
264.9785 479.3813
264.9789 479.3841
265.026 479.3589
264.9167 479.3747
264.9717 479.3332
264.9505 479.3571
264.945 479.3665
264.9027 479.3439
265.0228 479.3449
264.9355 479.3744
264.9251 479.3569
264.9515 479.3709
265.0352 479.3281
265.0374 479.3486
265.001 479.3424
265.0163 479.359
265.0726 479.376
265.0068 479.3942
264.9997 479.3018
265.0355 479.3503
265.0504 479.3446
265.0482 479.3156
265.067 479.3257
265.0638 479.3385
265.0856 479.3854
265.0771 479.3439
265.1237 479.3257
265.0426 479.3901
265.043 479.3699
265.0723 479.3605
265.0309 479.3527
265.0609 479.3802
265.0338 479.432
265.0182 479.3753
265.0042 479.3987
265.054 479.3871
265.0931 479.317
265.126 479.3699
265.0241 479.3641
265.0651 479.3916
265.0378 479.3654
264.9854 479.3792
265.0924 479.3838
265.1247 479.3905
265.1104 479.3678
265.0866 479.3589
265.0918 479.341
265.1517 479.3237
265.0052 479.3535
265.0417 479.3504
265.0944 479.3286
265.0619 479.3597
265.0631 479.3763
265.0882 479.3145
265.0238 479.3949
265.0583 479.3358
265.0915 479.333
264.9941 479.3529
265.0449 479.3371
265.07 479.3019
265.055 479.3366
265.0417 479.3566
265.0091 479.3198
265.0485 479.3004
265.0472 479.3035
265.0609 479.3379
265.0866 479.2881
265.1178 479.3265
265.0703 479.3268
265.1156 479.2886
265.0781 479.311
265.0797 479.3164
265.0485 479.2814
265.0928 479.2884
265.1113 479.2692
265.0677 479.2882
265.0957 479.2121
265.1016 479.2808
265.0814 479.2737
265.0918 479.2878
265.0121 479.2946
265.0612 479.2754
265.0859 479.2778
265.1042 479.2684
265.0511 479.283
265.0443 479.2573
265.11 479.2468
265.0277 479.222
265.0313 479.2806
265.0176 479.2577
265.0771 479.2349
265.0723 479.2347
265.1139 479.2957
265.1061 479.2728
265.041 479.2498
265.1237 479.2454
265.0234 479.2314
265.0912 479.2184
265.0436 479.242
265.1432 479.2521
265.1185 479.2233
265.0908 479.1913
265.1429 479.285
265.1517 479.2129
265.1465 479.2186
265.1237 479.2345
265.1426 479.2518
264.8197 479.6751
264.8971 479.6629
264.8744 479.655
264.8984 479.683
264.8578 479.6756
264.8451 479.6777
264.7914 479.6274
264.8229 479.6559
264.7777 479.7005
264.7865 479.6714
264.8011 479.6761
264.8027 479.6777
264.7533 479.6701
264.7526 479.6855
264.724 479.6784
264.6888 479.6727
264.7432 479.6994
264.6855 479.7009
264.6878 479.6309
264.7109 479.6834
264.7103 479.6877
264.7796 479.6359
264.7354 479.667
264.6624 479.703
264.6846 479.6865
264.7513 479.6662
264.7682 479.6724
264.7428 479.6772
264.7109 479.6914
264.7321 479.6851
264.7324 479.6543
264.7715 479.6724
264.7708 479.6512
264.8083 479.6543
264.709 479.6867
264.7422 479.7073
264.7581 479.6574
264.8372 479.6348
264.7305 479.674
264.777 479.6798
264.8122 479.6938
264.7663 479.6992
264.7503 479.7227
264.7796 479.6837
264.7907 479.668
264.8369 479.6888
264.6667 479.7443
264.7591 479.7228
264.7545 479.7277
264.8281 479.6841
264.7686 479.6795
264.7708 479.6821
264.7787 479.6789
264.7969 479.6807
264.8105 479.7059
264.8389 479.6883
264.8164 479.6714
264.8125 479.6931
264.8148 479.6717
264.8239 479.6768
264.8275 479.6789
264.8307 479.6825
264.75 479.7166
264.8177 479.7039
264.8756 479.6633
264.86 479.6807
264.8727 479.6878
264.8392 479.6924
264.8438 479.6885
264.8265 479.7202
264.8346 479.7174
264.8545 479.6707
264.8304 479.7118
264.8086 479.6618
264.8955 479.6676
264.8835 479.6619
264.9069 479.6581
264.8652 479.6458
264.873 479.6795
264.9128 479.6701
264.9066 479.6509
264.8727 479.623
264.8812 479.6615
264.8678 479.6644
264.8438 479.6461
264.8997 479.6449
264.8871 479.6196
264.776 479.6404
264.8568 479.6416
264.8363 479.5698
264.8402 479.5923
264.8626 479.5338
264.9069 479.5114
264.8467 479.5294
264.8708 479.5589
264.8418 479.5589
264.8379 479.4779
264.8906 479.5204
264.8493 479.5044
264.8001 479.4719
264.8568 479.5119
264.8516 479.5322
264.7767 479.5122
264.8542 479.4928
264.8454 479.4946
264.8438 479.4994
264.7682 479.4885
264.8008 479.5443
264.791 479.5269
264.8496 479.5352
264.7965 479.5264
264.7025 479.5275
264.7552 479.5093
264.8151 479.52
264.8001 479.5504
264.8336 479.5514
264.8242 479.5109
264.8314 479.4854
264.8291 479.5208
264.8369 479.5211
264.8532 479.5207
264.8776 479.5664
264.8467 479.5451
264.8711 479.5308
264.8659 479.5103
264.8867 479.5477
264.9518 479.5158
264.9144 479.5133
264.8949 479.5516
264.9268 479.5265
264.9294 479.5179
264.946 479.5386
264.9453 479.5168
264.9684 479.5467
264.9906 479.5547
264.9645 479.5913
264.9456 479.5397
264.933 479.5366
264.8662 479.5801
264.9059 479.612
265.0117 479.5361
265.0247 479.5313
264.9427 479.5545
264.9727 479.5114
265.0081 479.5594
264.9733 479.5923
264.9759 479.5583
264.8675 479.5874
264.974 479.564
265.0101 479.5947
265.0137 479.5591
265.0156 479.5627
265.0169 479.5454
264.9577 479.584
264.9453 479.5939
264.9652 479.5667
264.9492 479.5708
264.9567 479.597
265.0273 479.5412
265.0192 479.5688
264.9749 479.6006
264.9541 479.5605
265.042 479.5723
265.0299 479.5246
265.0338 479.5234
265.0124 479.4629
264.9955 479.4857
265.07 479.3854
265.0479 479.4665
265.0189 479.4378
264.987 479.4461
264.9925 479.39
265.0387 479.3719
265.0169 479.3898
265.015 479.4136
265.0287 479.4113
265.0303 479.3882
264.9889 479.4307
265.0801 479.3936
265.0179 479.3981
265.0368 479.3646
265.0638 479.3875
265.0547 479.3488
265.0371 479.3649
264.9967 479.4087
265.0319 479.3612
265.058 479.3958
264.9824 479.4006
265.0963 479.3983
265.0599 479.3506
264.999 479.3664
264.9102 479.3874
264.9779 479.382
264.9785 479.3813
264.9789 479.3841
265.026 479.3589
264.9167 479.3747
264.9717 479.3332
264.9505 479.3571
264.945 479.3665
264.9027 479.3439
265.0228 479.3449
264.9355 479.3744
264.9251 479.3569
264.9515 479.3709
265.0352 479.3281
265.0374 479.3486
265.001 479.3424
265.0163 479.359
265.0726 479.376
265.0068 479.3942
264.9997 479.3018
265.0355 479.3503
265.0504 479.3446
265.0482 479.3156
265.067 479.3257
265.0638 479.3385
265.0856 479.3854
265.0771 479.3439
265.1237 479.3257
265.0426 479.3901
265.043 479.3699
265.0723 479.3605
265.0309 479.3527
265.0609 479.3802
265.0338 479.432
265.0182 479.3753
265.0042 479.3987
265.054 479.3871
265.0931 479.317
265.126 479.3699
265.0241 479.3641
265.0651 479.3916
265.0378 479.3654
264.9854 479.3792
265.0924 479.3838
265.1247 479.3905
265.1104 479.3678
265.0866 479.3589
265.0918 479.341
265.1517 479.3237
265.0052 479.3535
265.0417 479.3504
265.0944 479.3286
265.0619 479.3597
265.0631 479.3763
265.0882 479.3145
265.0238 479.3949
265.0583 479.3358
265.0915 479.333
264.9941 479.3529
265.0449 479.3371
265.07 479.3019
265.055 479.3366
265.0417 479.3566
265.0091 479.3198
265.0485 479.3004
265.0472 479.3035
265.0609 479.3379
265.0866 479.2881
265.1178 479.3265
265.0703 479.3268
265.1156 479.2886
265.0781 479.311
265.0797 479.3164
265.0485 479.2814
265.0928 479.2884
265.1113 479.2692
265.0677 479.2882
265.0957 479.2121
265.1016 479.2808
265.0814 479.2737
265.0918 479.2878
265.0121 479.2946
265.0612 479.2754
265.0859 479.2778
265.1042 479.2684
265.0511 479.283
265.0443 479.2573
265.11 479.2468
265.0277 479.222
265.0313 479.2806
265.0176 479.2577
265.0771 479.2349
265.0723 479.2347
265.1139 479.2957
265.1061 479.2728
265.041 479.2498
265.1237 479.2454
265.0234 479.2314
265.0912 479.2184
265.0436 479.242
265.1432 479.2521
265.1185 479.2233
265.0908 479.1913
265.1429 479.285
265.1517 479.2129
265.1465 479.2186
265.1237 479.2345
265.1426 479.2518
265.1087 479.2803
265.1068 479.2671
265.1244 479.2671
265.1917 479.238
265.1208 479.2468
265.1237 479.2681
265.166 479.2305
265.1546 479.2578
265.181 479.3105
265.1182 479.2902
265.1081 479.2944
265.1664 479.3102
265.2627 479.3177
265.1045 479.2622
265.1507 479.2606
265.1989 479.3075
265.2083 479.2939
265.1045 479.2689
265.1784 479.2718
265.1654 479.3112
265.2396 479.3255
265.125 479.3089
265.2409 479.3174
265.2067 479.3534
265.0915 479.3438
265.0619 479.3498
265.043 479.3527
265.0247 479.3557
265.0853 479.3652
265.1341 479.4058
265.1035 479.3737
265.0104 479.3906
265.0589 479.3965
265.0648 479.3661
265.0814 479.3468
265.0534 479.4027
265.0195 479.4056
264.9997 479.4165
264.9427 479.3975
264.9896 479.4136
265.0143 479.4185
265.0195 479.4063
264.9971 479.3895
264.9967 479.4142
264.8936 479.4632
264.9586 479.4181
264.9499 479.3579
264.9427 479.4315
264.9743 479.3799
264.9948 479.3887
265.0371 479.4229
264.9577 479.4038
265.0039 479.382
265.0547 479.4419
264.9906 479.4056
265.0338 479.3636
265.0094 479.3846
264.9837 479.3918
265.0296 479.3986
264.9801 479.4084
264.9769 479.4004
264.9736 479.3983
264.9834 479.4088
264.9987 479.3678
264.9238 479.4219
264.9479 479.4328
264.8695 479.3753
264.9463 479.4245
264.8763 479.4087
264.9102 479.3994
264.9359 479.3869
264.8835 479.4396
264.9362 479.4565
264.9362 479.4494
264.8861 479.48
264.8971 479.4481
264.8646 479.4442
264.862 479.4715
264.9189 479.5098
264.9655 479.4565
264.8981 479.5059
264.8756 479.4907
264.9561 479.4995
264.916 479.5042
264.8581 479.4855
264.9007 479.5006
264.8802 479.4759
264.9713 479.481
264.9515 479.466
264.9424 479.4572
264.9408 479.4967
264.9056 479.5137
264.945 479.4318
264.9586 479.4881
264.8691 479.4982
264.8431 479.4839
264.9658 479.4619
264.9388 479.4861
264.9261 479.498
264.9251 479.3958
264.86 479.4274
264.8255 479.3744
264.9212 479.3477
264.748 479.342
264.7936 479.3958
264.8353 479.3094
264.8027 479.3073
264.7604 479.3426
264.7783 479.2669
264.8633 479.2354
264.8844 479.2231
264.8629 479.2464
264.7572 479.2407
264.806 479.2311
264.6996 479.2259
264.8252 479.2498
264.7861 479.187
264.9232 479.2044
264.8669 479.154
264.8044 479.1816
264.8463 479.2018
264.8125 479.1396
264.8278 479.1219
264.8102 479.1681
264.8089 479.1707
264.8542 479.0731
264.7926 479.0952
264.808 479.1141
264.861 479.0827
264.7988 479.0949
264.849 479.0552
264.8851 479.0781
264.9115 479.0781
264.8818 479.0602
264.891 479.0785
264.862 479.0635
264.8643 479.0632
264.9059 479.0724
264.8952 479.0617
264.848 479.0824
264.8662 479.0764
264.8545 479.0319
264.9245 479.0637
264.9723 479.0609
264.9056 479.0596
264.9789 479.0514
264.9486 479.0488
264.9395 479.0444
264.9639 479.0193
264.9037 479.037
264.9547 479.0394
264.9743 479.0804
264.9518 479.0705
264.8522 479.0637
264.9476 479.0591
264.9701 479.1011
264.9756 479.1079
264.9811 479.1149
265.0352 479.0529
264.9938 479.0708
264.9411 479.1338
265.0368 479.1346
265.0589 479.1122
264.9466 479.0492
264.9447 479.0973
264.9941 479.0563
264.9814 479.1185
264.9876 479.0685
265.0625 479.068
265.0293 479.0472
264.9544 479.0204
265.0029 478.9552
264.9613 478.9847
264.9505 478.9979
264.9987 478.911
264.9486 478.9671
264.8903 478.9694
264.8965 478.9814
264.9268 478.9178
264.8968 478.9388
264.8131 478.9277
264.8382 478.9066
264.7988 478.8997
264.8353 478.9054
264.8454 478.8617
264.7923 478.8327
264.8659 478.8504
264.8822 478.8615
264.8997 478.8602
264.9053 478.8608
264.8607 478.8273
264.8975 478.8
264.8623 478.8081
264.8076 478.8336
264.8424 478.8003
264.9189 478.7505
264.8727 478.8117
264.8903 478.8206
264.901 478.7953
264.8705 478.8257
264.8412 478.8835
264.8558 478.8052
264.79 478.7944
264.7611 478.8896
264.8451 478.869
264.8776 478.7985
264.7946 478.8101
264.8105 478.8031
264.901 478.8345
264.8379 478.8221
264.8854 478.8271
264.8545 478.8187
264.9102 478.8096
264.8578 478.8249
264.9284 478.8115
264.8412 478.8602
264.8626 478.8473
264.8148 478.8083
264.8971 478.7974
264.9037 478.793
264.8418 478.8188
264.9144 478.7917
264.8092 478.7879
264.8392 478.8483
264.8695 478.814
264.8441 478.8436
264.8151 478.8011
264.8275 478.8539
264.7243 478.8438
264.7272 478.7849
264.7852 478.8483
264.7965 478.8223
264.8197 478.7852
264.7536 478.8045
264.7728 478.7996
264.7116 478.8361
264.6553 478.8709
264.6807 478.8617
264.7054 478.8172
264.7269 478.8442
264.7129 478.8815
264.7122 478.886
264.709 478.8325
264.6992 478.8491
264.7936 478.8228
264.7581 478.8418
264.7601 478.8433
264.735 478.87
264.7526 478.8174
264.8568 478.8506
264.7591 478.8723
264.7822 478.8228
264.8408 478.8431
264.8444 478.8801
264.8473 478.8633
264.8724 478.8288
264.7962 478.8231
264.7969 478.8734
264.8463 478.8467
264.8545 478.867
264.7897 478.8869
264.7936 478.8721
264.9063 478.9069
264.8877 478.8491
264.933 478.8413
264.9404 478.8794
264.9108 478.8818
264.9186 478.8672
264.888 478.8652
264.8594 478.8485
264.8971 478.8802
264.9085 478.8587
264.8457 478.8874
264.9828 478.8361
264.9088 478.8622
264.8695 478.842
264.8483 478.8483
264.9385 478.855
264.8939 478.8314
264.8763 478.874
264.8574 478.8716
264.9079 478.8271
264.9502 478.833
264.8805 478.8454
264.8887 478.8771
264.9466 478.886
264.861 478.8657
264.8281 478.8309
264.8463 478.8711
264.8197 478.8729
264.8564 478.8706
264.8965 478.9011
264.888 478.8652
264.8825 478.8719
264.8408 478.876
264.8691 478.9105
264.8385 478.8869
264.8431 478.8766
264.891 478.8691
264.8965 478.8625
265.1087 479.2803
265.1068 479.2671
265.1244 479.2671
265.1917 479.238
265.1208 479.2468
265.1237 479.2681
265.166 479.2305
265.1546 479.2578
265.181 479.3105
265.1182 479.2902
265.1081 479.2944
265.1664 479.3102
265.2627 479.3177
265.1045 479.2622
265.1507 479.2606
265.1989 479.3075
265.2083 479.2939
265.1045 479.2689
265.1784 479.2718
265.1654 479.3112
265.2396 479.3255
265.125 479.3089
265.2409 479.3174
265.2067 479.3534
265.0915 479.3438
265.0619 479.3498
265.043 479.3527
265.0247 479.3557
265.0853 479.3652
265.1341 479.4058
265.1035 479.3737
265.0104 479.3906
265.0589 479.3965
265.0648 479.3661
265.0814 479.3468
265.0534 479.4027
265.0195 479.4056
264.9997 479.4165
264.9427 479.3975
264.9896 479.4136
265.0143 479.4185
265.0195 479.4063
264.9971 479.3895
264.9967 479.4142
264.8936 479.4632
264.9586 479.4181
264.9499 479.3579
264.9427 479.4315
264.9743 479.3799
264.9948 479.3887
265.0371 479.4229
264.9577 479.4038
265.0039 479.382
265.0547 479.4419
264.9906 479.4056
265.0338 479.3636
265.0094 479.3846
264.9837 479.3918
265.0296 479.3986
264.9801 479.4084
264.9769 479.4004
264.9736 479.3983
264.9834 479.4088
264.9987 479.3678
264.9238 479.4219
264.9479 479.4328
264.8695 479.3753
264.9463 479.4245
264.8763 479.4087
264.9102 479.3994
264.9359 479.3869
264.8835 479.4396
264.9362 479.4565
264.9362 479.4494
264.8861 479.48
264.8971 479.4481
264.8646 479.4442
264.862 479.4715
264.9189 479.5098
264.9655 479.4565
264.8981 479.5059
264.8756 479.4907
264.9561 479.4995
264.916 479.5042
264.8581 479.4855
264.9007 479.5006
264.8802 479.4759
264.9713 479.481
264.9515 479.466
264.9424 479.4572
264.9408 479.4967
264.9056 479.5137
264.945 479.4318
264.9586 479.4881
264.8691 479.4982
264.8431 479.4839
264.9658 479.4619
264.9388 479.4861
264.9261 479.498
264.9251 479.3958
264.86 479.4274
264.8255 479.3744
264.9212 479.3477
264.748 479.342
264.7936 479.3958
264.8353 479.3094
264.8027 479.3073
264.7604 479.3426
264.7783 479.2669
264.8633 479.2354
264.8844 479.2231
264.8629 479.2464
264.7572 479.2407
264.806 479.2311
264.6996 479.2259
264.8252 479.2498
264.7861 479.187
264.9232 479.2044
264.8669 479.154
264.8044 479.1816
264.8463 479.2018
264.8125 479.1396
264.8278 479.1219
264.8102 479.1681
264.8089 479.1707
264.8542 479.0731
264.7926 479.0952
264.808 479.1141
264.861 479.0827
264.7988 479.0949
264.849 479.0552
264.8851 479.0781
264.9115 479.0781
264.8818 479.0602
264.891 479.0785
264.862 479.0635
264.8643 479.0632
264.9059 479.0724
264.8952 479.0617
264.848 479.0824
264.8662 479.0764
264.8545 479.0319
264.9245 479.0637
264.9723 479.0609
264.9056 479.0596
264.9789 479.0514
264.9486 479.0488
264.9395 479.0444
264.9639 479.0193
264.9037 479.037
264.9547 479.0394
264.9743 479.0804
264.9518 479.0705
264.8522 479.0637
264.9476 479.0591
264.9701 479.1011
264.9756 479.1079
264.9811 479.1149
265.0352 479.0529
264.9938 479.0708
264.9411 479.1338
265.0368 479.1346
265.0589 479.1122
264.9466 479.0492
264.9447 479.0973
264.9941 479.0563
264.9814 479.1185
264.9876 479.0685
265.0625 479.068
265.0293 479.0472
264.9544 479.0204
265.0029 478.9552
264.9613 478.9847
264.9505 478.9979
264.9987 478.911
264.9486 478.9671
264.8903 478.9694
264.8965 478.9814
264.9268 478.9178
264.8968 478.9388
264.8131 478.9277
264.8382 478.9066
264.7988 478.8997
264.8353 478.9054
264.8454 478.8617
264.7923 478.8327
264.8659 478.8504
264.8822 478.8615
264.8997 478.8602
264.9053 478.8608
264.8607 478.8273
264.8975 478.8
264.8623 478.8081
264.8076 478.8336
264.8424 478.8003
264.9189 478.7505
264.8727 478.8117
264.8903 478.8206
264.901 478.7953
264.8705 478.8257
264.8412 478.8835
264.8558 478.8052
264.79 478.7944
264.7611 478.8896
264.8451 478.869
264.8776 478.7985
264.7946 478.8101
264.8105 478.8031
264.901 478.8345
264.8379 478.8221
264.8854 478.8271
264.8545 478.8187
264.9102 478.8096
264.8578 478.8249
264.9284 478.8115
264.8412 478.8602
264.8626 478.8473
264.8148 478.8083
264.8971 478.7974
264.9037 478.793
264.8418 478.8188
264.9144 478.7917
264.8092 478.7879
264.8392 478.8483
264.8695 478.814
264.8441 478.8436
264.8151 478.8011
264.8275 478.8539
264.7243 478.8438
264.7272 478.7849
264.7852 478.8483
264.7965 478.8223
264.8197 478.7852
264.7536 478.8045
264.7728 478.7996
264.7116 478.8361
264.6553 478.8709
264.6807 478.8617
264.7054 478.8172
264.7269 478.8442
264.7129 478.8815
264.7122 478.886
264.709 478.8325
264.6992 478.8491
264.7936 478.8228
264.7581 478.8418
264.7601 478.8433
264.735 478.87
264.7526 478.8174
264.8568 478.8506
264.7591 478.8723
264.7822 478.8228
264.8408 478.8431
264.8444 478.8801
264.8473 478.8633
264.8724 478.8288
264.7962 478.8231
264.7969 478.8734
264.8463 478.8467
264.8545 478.867
264.7897 478.8869
264.7936 478.8721
264.9063 478.9069
264.8877 478.8491
264.933 478.8413
264.9404 478.8794
264.9108 478.8818
264.9186 478.8672
264.888 478.8652
264.8594 478.8485
264.8971 478.8802
264.9085 478.8587
264.8457 478.8874
264.9828 478.8361
264.9088 478.8622
264.8695 478.842
264.8483 478.8483
264.9385 478.855
264.8939 478.8314
264.8763 478.874
264.8574 478.8716
264.9079 478.8271
264.9502 478.833
264.8805 478.8454
264.8887 478.8771
264.9466 478.886
264.861 478.8657
264.8281 478.8309
264.8463 478.8711
264.8197 478.8729
264.8564 478.8706
264.8965 478.9011
264.888 478.8652
264.8825 478.8719
264.8408 478.876
264.8691 478.9105
264.8385 478.8869
264.8431 478.8766
264.891 478.8691
264.8965 478.8625
