1920 480
1907.486 515.9365
2015.707 525.7545
2039.143 527.3776
2060.786 528.2832
2085.499 526.7955
2104.572 523.0109
2123.196 517.0268
2137.376 514.249
2151.62 511.6151
2162.027 509.7474
2167.583 508.7491
2166.214 507.3061
2166.375 504.8422
2164.695 502.3087
2164.166 499.424
2164.235 496.4051
2159.281 494.4906
2154.728 495.5822
2152.287 497.392
2143.56 501.5939
2137.836 503.7332
2125.171 504.1685
2113.707 501.0618
2111.718 499.9839
2112.207 499.032
2051.775 506.3254
2052.29 505.8639
2052.271 505.4537
2051.572 505.0702
2050.209 504.7323
2048.27 504.4293
2045.191 504.162
2041.905 503.9779
2038.784 504.0271
2035.836 504.2547
2033.169 504.6641
2030.876 505.2432
2029.032 505.9205
2027.646 506.6083
2026.701 507.2583
2026.057 507.782
2025.639 508.1248
2025.398 508.2282
2025.12 508.0804
2024.727 507.6797
2024.102 507.1434
2023.199 506.5247
2022.15 505.8298
2020.797 505.0521
2019.027 504.1997
2016.87 503.3495
2014.245 502.4626
2011.196 501.5183
2007.942 500.5495
2004.343 499.5216
2000.928 498.5709
1997.569 497.6706
1994.255 496.7987
1991.2 495.9555
1988.317 495.1761
1985.553 494.4809
1982.901 493.8896
1980.497 493.4543
1978.216 493.1615
1976.249 493.022
1974.531 493.0128
1973.058 493.1047
1971.772 493.2534
1970.578 493.4225
1969.35 493.6146
1968.004 493.8521
1966.51 494.1299
1964.859 494.4214
1963.258 494.6207
1961.69 494.6356
1960.125 494.5812
1958.604 494.5398
1957.269 494.5603
1956.148 494.6348
1955.264 494.7506
1954.456 494.9285
1953.709 495.1251
1953.04 495.2995
1952.488 495.4278
1952.047 495.5096
1951.628 495.5469
1951.216 495.566
1950.709 495.5839
1950.11 495.6061
1949.406 495.6401
1948.61 495.6729
1947.714 495.6875
1946.797 495.667
1945.837 495.6018
1944.75 495.4987
1943.579 495.359
1942.305 495.1693
1941.045 494.9793
1939.815 494.8083
1938.637 494.6884
1937.451 494.5973
1936.339 494.5119
1935.262 494.4217
1934.273 494.3194
1933.374 494.2093
1932.575 494.0674
1931.896 493.8789
1931.35 493.6187
1930.893 493.2704
1930.51 492.8528
1930.215 492.3988
1930.001 491.9741
1929.909 491.5977
1929.905 491.3311
1929.997 491.1552
1930.117 491.0919
1930.272 491.1104
1930.427 491.1947
1930.591 491.3087
1930.741 491.4621
1930.907 491.6103
1931.083 491.7513
1931.245 491.8417
1931.345 491.9178
1931.414 491.9622
1931.422 492.0402
1931.41 492.1407
1931.363 492.2808
1931.31 492.4325
1931.225 492.6085
1931.177 492.7707
1931.168 492.9082
1931.194 493.0076
1931.274 493.0922
1931.436 493.1466
1931.624 493.208
1931.821 493.2811
1932.014 493.3817
1932.202 493.4723
1932.426 493.583
1932.682 493.6712
1932.928 493.7657
1933.198 493.835
1933.445 493.9046
1933.652 493.9505
1933.808 493.9988
1933.932 494.02
1934.017 494.0414
1934.021 494.0654
1934.046 494.1098
1934.191 494.1885
1934.538 494.2739
1935.128 494.368
1935.88 494.4669
1936.677 494.5968
1937.48 494.7191
1938.261 494.841
1938.813 494.9189
1939.124 494.9782
1938.951 495.0047
1938.746 495.0328
1938.502 495.0883
1938.227 495.1632
1937.947 495.2493
1937.617 495.3342
1937.266 495.3974
1936.835 495.4164
1936.37 495.3997
1935.893 495.3322
1935.37 495.2487
1934.88 495.1889
1934.431 495.1572
1934 495.1559
1933.612 495.1742
1920 495.2198
1920 495.2613
1920 495.2914
1920 495.2768
1920 495.2094
1920 495.1302
1920 495.0077
1920 494.896
1920.218 494.8009
1920.479 494.7687
1920.809 494.7702
1921.187 494.8135
1921.605 494.8459
1922.014 494.8654
1922.439 494.8145
1922.808 494.6941
1923.084 494.5199
1923.257 494.2865
1923.307 494.0573
1923.251 493.8708
1923.123 493.8229
1922.932 493.8906
1922.707 494.035
1922.447 494.1912
1922.156 494.2854
1921.876 494.3013
1921.583 494.2523
1921.31 494.1446
1921.074 494.0448
1920.848 493.9656
1920.631 493.9373
1920.407 493.9604
1920.195 494.0394
1920.021 494.158
1919.87 494.2873
1919.676 494.4094
1919.496 494.5094
1919.323 494.593
1919.178 494.6815
1919.057 494.7575
1919 494.8092
1918.998 494.8507
1919.024 494.873
1919.094 494.8908
1919.172 494.904
1919.212 494.9223
1919.256 494.9501
1919.3 494.9954
1919.328 495.0562
1919.341 495.1202
1919.337 495.1848
1919.316 495.2556
1919.295 495.3257
1919.252 495.3777
1919.137 495.4028
1918.931 495.3847
1918.683 495.3354
1918.395 495.2867
1918.07 495.2493
1917.708 495.207
1917.291 495.1514
1916.776 495.0629
1916.208 494.9494
1915.62 494.825
1915.021 494.7324
1914.49 494.6981
1914.049 494.7068
1913.706 494.7238
1913.433 494.741
1913.254 494.766
1913.188 494.8005
1913.281 494.8481
1913.497 494.896
1913.844 494.9194
1914.269 494.9041
1914.744 494.8578
1915.253 494.7984
1915.807 494.7352
1916.409 494.683
1917.05 494.6473
1917.678 494.6288
1918.293 494.6337
1918.886 494.67
1919.435 494.7262
1919.947 494.8046
1920.414 494.8887
1920.849 494.959
1921.213 495.0046
1921.541 495.0746
1921.837 495.0809
1922.095 495.0959
1922.311 495.0836
1922.464 495.068
1922.555 495.0522
1922.597 495.0435
1922.573 495.0572
1922.511 495.0957
1922.459 495.1881
1922.438 495.3125
1922.445 495.4719
1922.458 495.5861
1922.456 495.6611
1922.336 495.6177
1922.075 495.3555
1921.673 494.9173
1921.194 494.4341
1920.721 493.9976
1920.345 493.6737
1920.12 493.4456
1920.114 493.2944
1920.365 493.2634
1920.703 493.3661
1921.295 493.568
1921.957 493.8149
1922.596 494.0464
1923.183 494.235
1923.646 494.4051
1924.029 494.5022
1924.333 494.5762
1924.672 494.6074
1925.016 494.5806
1925.264 494.4784
1925.44 494.3473
1925.606 494.2597
1925.828 494.2331
1920 480
1907.486 515.9365
2015.707 525.7545
2039.143 527.3776
2060.786 528.2832
2085.499 526.7955
2104.572 523.0109
2123.196 517.0268
2137.376 514.249
2151.62 511.6151
2162.027 509.7474
2167.583 508.7491
2166.214 507.3061
2166.375 504.8422
2164.695 502.3087
2164.166 499.424
2164.235 496.4051
2159.281 494.4906
2154.728 495.5822
2152.287 497.392
2143.56 501.5939
2137.836 503.7332
2125.171 504.1685
2113.707 501.0618
2111.718 499.9839
2112.207 499.032
2051.775 506.3254
2052.29 505.8639
2052.271 505.4537
2051.572 505.0702
2050.209 504.7323
2048.27 504.4293
2045.191 504.162
2041.905 503.9779
2038.784 504.0271
2035.836 504.2547
2033.169 504.6641
2030.876 505.2432
2029.032 505.9205
2027.646 506.6083
2026.701 507.2583
2026.057 507.782
2025.639 508.1248
2025.398 508.2282
2025.12 508.0804
2024.727 507.6797
2024.102 507.1434
2023.199 506.5247
2022.15 505.8298
2020.797 505.0521
2019.027 504.1997
2016.87 503.3495
2014.245 502.4626
2011.196 501.5183
2007.942 500.5495
2004.343 499.5216
2000.928 498.5709
1997.569 497.6706
1994.255 496.7987
1991.2 495.9555
1988.317 495.1761
1985.553 494.4809
1982.901 493.8896
1980.497 493.4543
1978.216 493.1615
1976.249 493.022
1974.531 493.0128
1973.058 493.1047
1971.772 493.2534
1970.578 493.4225
1969.35 493.6146
1968.004 493.8521
1966.51 494.1299
1964.859 494.4214
1963.258 494.6207
1961.69 494.6356
1960.125 494.5812
1958.604 494.5398
1957.269 494.5603
1956.148 494.6348
1955.264 494.7506
1954.456 494.9285
1953.709 495.1251
1953.04 495.2995
1952.488 495.4278
1952.047 495.5096
1951.628 495.5469
1951.216 495.566
1950.709 495.5839
1950.11 495.6061
1949.406 495.6401
1948.61 495.6729
1947.714 495.6875
1946.797 495.667
1945.837 495.6018
1944.75 495.4987
1943.579 495.359
1942.305 495.1693
1941.045 494.9793
1939.815 494.8083
1938.637 494.6884
1937.451 494.5973
1936.339 494.5119
1935.262 494.4217
1934.273 494.3194
1933.374 494.2093
1932.575 494.0674
1931.896 493.8789
1931.35 493.6187
1930.893 493.2704
1930.51 492.8528
1930.215 492.3988
1930.001 491.9741
1929.909 491.5977
1929.905 491.3311
1929.997 491.1552
1930.117 491.0919
1930.272 491.1104
1930.427 491.1947
1930.591 491.3087
1930.741 491.4621
1930.907 491.6103
1931.083 491.7513
1931.245 491.8417
1931.345 491.9178
1931.414 491.9622
1931.422 492.0402
1931.41 492.1407
1931.363 492.2808
1931.31 492.4325
1931.225 492.6085
1931.177 492.7707
1931.168 492.9082
1931.194 493.0076
1931.274 493.0922
1931.436 493.1466
1931.624 493.208
1931.821 493.2811
1932.014 493.3817
1932.202 493.4723
1932.426 493.583
1932.682 493.6712
1932.928 493.7657
1933.198 493.835
1933.445 493.9046
1933.652 493.9505
1933.808 493.9988
1933.932 494.02
1934.017 494.0414
1934.021 494.0654
1934.046 494.1098
1934.191 494.1885
1934.538 494.2739
1935.128 494.368
1935.88 494.4669
1936.677 494.5968
1937.48 494.7191
1938.261 494.841
1938.813 494.9189
1939.124 494.9782
1938.951 495.0047
1938.746 495.0328
1938.502 495.0883
1938.227 495.1632
1937.947 495.2493
1937.617 495.3342
1937.266 495.3974
1936.835 495.4164
1936.37 495.3997
1935.893 495.3322
1935.37 495.2487
1934.88 495.1889
1934.431 495.1572
1934 495.1559
1933.612 495.1742
1920 495.2198
1920 495.2613
1920 495.2914
1920 495.2768
1920 495.2094
1920 495.1302
1920 495.0077
1920 494.896
1920.218 494.8009
1920.479 494.7687
1920.809 494.7702
1921.187 494.8135
1921.605 494.8459
1922.014 494.8654
1922.439 494.8145
1922.808 494.6941
1923.084 494.5199
1923.257 494.2865
1923.307 494.0573
1923.251 493.8708
1923.123 493.8229
1922.932 493.8906
1922.707 494.035
1922.447 494.1912
1922.156 494.2854
1921.876 494.3013
1921.583 494.2523
1921.31 494.1446
1921.074 494.0448
1920.848 493.9656
1920.631 493.9373
1920.407 493.9604
1920.195 494.0394
1920.021 494.158
1919.87 494.2873
1919.676 494.4094
1919.496 494.5094
1919.323 494.593
1919.178 494.6815
1919.057 494.7575
1919 494.8092
1918.998 494.8507
1919.024 494.873
1919.094 494.8908
1919.172 494.904
1919.212 494.9223
1919.256 494.9501
1919.3 494.9954
1919.328 495.0562
1919.341 495.1202
1919.337 495.1848
1919.316 495.2556
1919.295 495.3257
1919.252 495.3777
1919.137 495.4028
1918.931 495.3847
1918.683 495.3354
1918.395 495.2867
1918.07 495.2493
1917.708 495.207
1917.291 495.1514
1916.776 495.0629
1916.208 494.9494
1915.62 494.825
1915.021 494.7324
1914.49 494.6981
1914.049 494.7068
1913.706 494.7238
1913.433 494.741
1913.254 494.766
1913.188 494.8005
1913.281 494.8481
1913.497 494.896
1913.844 494.9194
1914.269 494.9041
1914.744 494.8578
1915.253 494.7984
1915.807 494.7352
1916.409 494.683
1917.05 494.6473
1917.678 494.6288
1918.293 494.6337
1918.886 494.67
1919.435 494.7262
1919.947 494.8046
1920.414 494.8887
1920.849 494.959
1921.213 495.0046
1921.541 495.0746
1921.837 495.0809
1922.095 495.0959
1922.311 495.0836
1922.464 495.068
1922.555 495.0522
1922.597 495.0435
1922.573 495.0572
1922.511 495.0957
1922.459 495.1881
1922.438 495.3125
1922.445 495.4719
1922.458 495.5861
1922.456 495.6611
1922.336 495.6177
1922.075 495.3555
1921.673 494.9173
1921.194 494.4341
1920.721 493.9976
1920.345 493.6737
1920.12 493.4456
1920.114 493.2944
1920.365 493.2634
1920.703 493.3661
1921.295 493.568
1921.957 493.8149
1922.596 494.0464
1923.183 494.235
1923.646 494.4051
1924.029 494.5022
1924.333 494.5762
1924.672 494.6074
1925.016 494.5806
1925.264 494.4784
1925.44 494.3473
1925.606 494.2597
1925.828 494.2331
