1920 480
3.219727 451.7199
127.6315 522.4409
133.1237 509.1875
133.5234 508.8084
157.0742 457.8965
151.7171 445.0337
151.7363 445.0303
151.8259 445.1022
151.8688 445.1278
151.9036 445.1486
151.8818 445.1851
151.2184 443.1898
150.2318 443.1152
149.2122 443.9826
148.361 444.6299
147.5332 445.1507
146.3001 445.3488
144.1618 447.0337
144.0085 447.0153
143.8346 447.0426
143.5915 447.0389
143.3867 447.0614
143.112 447.0381
142.9118 447.0892
142.7731 446.967
142.4824 446.5991
142.4144 446.3978
142.3724 445.9998
142.5179 445.4552
142.6374 445.1649
142.8236 444.8889
143.0049 444.9115
143.1445 444.8945
143.237 444.9175
143.3193 444.9697
143.5046 444.869
143.6706 444.6947
143.8639 444.4409
143.8151 444.4479
144.0182 443.5591
144.3317 442.8167
144.4577 442.3032
144.499 442.2124
144.3675 442.0044
144.2425 441.8312
144.1097 441.8115
144.0765 441.4554
144.1061 441.0296
128.2653 367.0848
120.5326 357.8167
115.6771 354.6338
112.5332 353.5946
110.1292 352.8229
108.8034 353.2292
108.708 352.9417
106.6335 352.7424
106.5413 351.9792
106.3089 351.4873
105.3571 351.0148
104.9453 350.6563
104.1641 349.5135
103.1725 348.9595
101.5127 348.0509
100.1302 347.4043
98.7513 345.877
96.8418 342.3626
90.03646 316.9844
81.54102 294.1234
67.69889 268.7272
63.46647 262.952
60.91699 259.827
59.88118 257.9624
59.07682 256.9598
58.4056 256.9362
56.66081 256.6634
55.23047 256.8359
53.55794 256.5887
52.30957 256.3717
51.31673 256.2453
50.51042 256.0462
49.63379 255.8099
49.4668 255.4468
49.16048 254.9883
60.98145 253.6917
110.043 251.5195
225.097 251.9435
260.6146 252.918
333.5381 256.5744
353.0944 257.5584
359.4609 258.4152
360.6461 258.6859
360.3835 258.7591
359.2428 258.8932
358.6445 258.8903
357.9541 258.9704
357.7344 258.9969
356.9688 259.1418
356.8135 259.1268
356.4271 259.2448
355.8216 259.3955
355.04 259.4702
354.2539 259.5389
353.3063 259.5353
352.4193 259.6721
351.9701 259.8236
341.526 259.1961
272.529 259.2729
184.1787 278.8486
120.444 316.5641
101.8229 343.2712
100.3577 349.0757
99.97266 350.9536
99.67545 352.5243
99.51855 353.4587
99.40039 354.3171
99.36361 354.8392
99.73242 355.6986
99.34896 356.547
99.17676 357.6012
98.86491 358.6602
98.03971 361.6646
97.96517 365.2715
96.80143 368.9256
95.69466 369.7879
94.57389 371.7476
93.64388 373.4967
91.65462 374.8076
89.66406 376.1265
86.9362 376.4656
84.16797 376.6974
81.15951 377.5356
76.90202 379.799
71.52084 384.1812
63.69531 409.3623
52.04036 449.5921
26.25358 485.6015
13.04167 496.0892
3838.789 507.3913
3832.814 514.9865
3830.117 517.0596
3825.906 517.6074
3822.589 518.1725
3819.182 519.1686
3814.44 521.7649
3811.064 523.1213
3806.164 525.4236
3804.488 525.9255
3801.927 526.6068
3798.098 527.5085
3793.703 528.3361
3788.275 529.7512
3785.458 529.7763
3782.847 529.7187
3777.955 530.4359
3774.348 530.8321
3770.651 530.7662
3766.049 531.1285
3763.36 530.8702
3752.734 533.4924
3747.371 535.1845
3743.577 536.4436
3736.284 539.0786
3732.666 539.5613
3726.8 540.842
3720.681 542.8563
3715.561 545.8027
3711.116 547.1917
3716.881 544.5263
3715.644 545.4826
3716.321 545.7465
3709.759 551.028
3705.01 553.5994
3699.985 557.5329
3695.059 559.3159
3693.089 560.5306
3690.809 562.5488
3688.803 564.1963
3688.629 565.8819
3690.798 566.6397
3688.575 567.533
3671.948 569.1637
3655.551 571.7313
3659.942 572.0615
3642.516 573.4072
3638.379 573.9846
3619.154 573.4404
3604.301 572.2999
3543.636 561.565
3477.743 553.9428
3382.189 538.3074
3342.343 530.9808
3288.072 516.9613
3256.047 508.6876
3249.467 505.1529
3244.251 502.9907
3237.515 502.0104
3226.375 501.3615
3225.699 500.0639
3230.546 500.6765
3235.712 501.0087
3233.485 500.5744
3229.63 500.1212
3227.072 499.7257
3240.847 500.1216
3248.555 500.1822
3261.346 500.4892
3267.48 500.6145
3266.457 500.0824
3269.08 500.1073
3268.259 498.1766
3269.595 496.1836
3270.597 495.2114
3271.875 494.3209
3267.823 492.7458
3256.812 470.5661
3252.556 444.2593
3241.046 428.339
3228.879 416.7495
3222.586 407.3952
3221.705 406.3241
3217.682 399.3346
3215.83 394.4385
3214.804 391.1424
3213.725 390.3252
3213.609 391.4645
3215.017 390.91
3216.108 389.2399
3216.206 387.5314
3215.95 386.7324
3215.702 386.1167
3215.902 385.4901
3216.639 384.9315
3217.77 384.1888
3218.938 383.4979
3220.036 383.1946
3221.04 382.8838
3221.786 382.8048
3224.485 383.7529
3235.175 392.9871
3251.986 401.4901
3349.323 445.834
3374.843 451.3229
3380.462 454.5031
3385.923 455.3961
3392.506 454.9235
3397.578 453.4567
3402.719 452.0223
3408.116 450.8052
3413.197 449.7129
3417.889 448.6216
3422.333 447.4043
3426.495 445.8955
3432.109 443.4514
3436.918 441.5169
3442.036 439.8249
3448.522 437.8105
3452.379 436.458
3453.037 435.2785
3464.785 433.3452
3487.638 431.8286
3554.827 428.3262
3660.329 423.8726
3742.385 419.7625
3773.243 414.8867
3790.981 408.7628
3803.238 404.8438
3811.799 402.8673
3818.868 402.3503
3826.563 401.718
3834.093 400.2028
1.739909 398.445
8.841797 398.2544
19.82487 397.3141
30.91504 396.3109
40.35417 395.4714
68.11816 389.9466
79.7334 348.9183
92.67709 322.6164
101.0107 309.519
109.5137 299.7864
117.5339 291.5441
120.5583 286.3052
116.6035 279.7967
124.7506 277.2256
130.4772 275.3836
138.8086 273.8053
149.6335 272.3766
161.5938 271.1315
171.4072 270.7565
173.0573 271.5237
178.4163 271.1328
197.625 270.1797
205.6533 269.8778
213.5137 269.432
219.349 268.7645
225.3646 267.9854
237.5618 267.0107
242.3158 266.7072
250.8799 266.4915
1804.63 416.3835
118.1755 630.4646
130.0202 504.6867
130.5726 502.9213
130.7093 502.8348
152.7682 447.0329
152.776 447.016
152.7949 447.0125
152.8838 447.0847
152.9264 447.1102
152.9606 447.131
151.8678 443.901
151.2428 443.4665
150.4362 444.3454
149.3818 444.9539
148.5159 445.5119
147.6279 445.9093
144.3828 447.487
144.3434 447.4743
144.0508 447.4461
143.8171 447.4217
143.584 447.3896
143.2103 447.3249
143.0964 447.3
142.7852 447.0741
142.6243 446.6066
142.4281 446.3501
142.3981 445.8773
142.4801 445.3047
142.6676 444.9928
142.7747 444.7554
142.9512 444.7755
143.0394 444.7785
143.2663 444.7811
143.2754 444.7967
143.4909 444.7261
143.7087 444.5337
143.8835 444.2952
143.9831 444.1733
143.7441 443.4801
143.5547 442.8242
143.4316 442.3101
143.1406 442.1787
143.0007 442.0906
142.6019 441.8744
142.3109 441.8145
142.1777 441.7948
142.0804 441.4215
111.0856 367.291
98.98698 358.1162
89.98959 354.9694
87.16666 353.7891
85.20377 353.0998
84.69271 353.5101
84.74023 353.3864
85.8392 353.389
86.05241 352.4813
85.99609 352.085
86.12305 351.6178
86.2308 351.2858
86.28646 350.9152
86.43327 350.3574
87.05045 349.4518
86.57943 348.3883
86.07291 346.7567
85.06022 343.3232
78.35547 317.9463
70.15006 295.1344
51.38118 269.6963
46.48828 263.8288
41.8877 260.828
39.45866 258.9832
37.99154 257.9873
37.30534 257.8301
36.95378 257.888
35.6084 257.9484
34.57129 257.4635
33.72591 257.0281
33.17448 256.8102
32.70898 256.6934
32.39518 256.4608
32.18132 256.1881
32.69206 255.6247
51.91081 253.999
108.5596 251.6405
225.7822 252.1642
261.668 253.1059
331.7083 256.5409
345.8232 256.8882
352.1354 257.6658
353.57 257.9321
354.8356 258.1623
355.5472 258.4544
355.7002 258.6185
355.8587 258.6795
355.7702 258.7896
355.8174 258.9204
355.6419 258.9629
355.4307 259.1323
355.235 259.2562
354.7174 259.4131
354.0475 259.457
353.349 259.3058
352.4385 259.3945
351.3499 259.5628
337.4707 258.6037
260.8825 258.2838
167.3587 277.9642
95.85873 316.0589
79.6735 342.8423
77.57552 348.9505
78.36523 350.7658
79.39323 352.3545
79.92513 353.1798
80.66113 354.1027
81.10905 354.527
81.9707 355.3143
83.34049 355.9902
83.69303 356.6405
84.22982 357.4951
84.64453 358.1028
85.1862 360.8882
85.73047 364.8416
86.31413 368.0601
86.38412 369.8833
86.61556 371.8037
85.52865 373.2521
83.85709 374.3644
82.32455 374.8058
80.49935 375.0646
78.29492 375.9404
75.2959 377.4738
69.89291 381.9521
61.26497 406.7056
44.51758 445.5534
5.077474 481.8392
3832.19 492.4104
3820.657 504.3244
3813.428 512.2563
3808.476 515.6685
3806.422 515.5896
3802.874 516.7197
3800.156 517.6198
3796.994 519.5367
3794.299 521.7152
3792.673 523.041
3790.62 524.5421
3788.85 525.2263
3786.755 525.7008
3782.471 527.2983
3778.515 528.1539
3776.141 528.543
3775.555 528.4226
3772.984 528.7781
3769.136 529.5186
3766.269 529.8146
3763.446 529.8605
3760.91 529.8715
3756.423 530.806
3746.222 533.3869
3742.318 534.7546
3737.824 536.1337
3731.956 537.5324
3727.39 538.6174
3719.859 541.097
3713.73 543.1091
3710.161 544.8229
3712.097 542.8914
3709.261 544.0007
3706.763 544.7477
3696.328 550.2028
3689.661 552.936
3684.79 556.3308
3679.188 558.3477
3674.226 561.2725
3672.399 562.1234
3668.735 564.035
3667.052 565.6583
3668.893 565.9969
3665.569 567.2135
3663.533 568.0895
3650.948 569.0537
3642.271 571.1468
3634.757 572.2239
3622.376 573.1946
3614.395 574.1431
3593.302 572.345
3545.868 561.718
3480.229 554.6393
3380.506 538.4662
3340.271 531.2652
3286.389 517.1431
3254.781 509.123
3245.535 505.4628
3238.76 503.2389
3231.389 502.1218
3221.382 501.5336
3213.631 500.5932
3223.71 501.0113
3227.761 501.2036
3228.731 500.8458
3229.907 500.5547
3221.692 499.8607
3242.537 500.5947
3246.948 500.4467
3259.128 500.8155
3266.125 500.9363
3260.58 500.3959
3266.674 500.5217
3270.176 500.5726
3264.759 498.2517
3266.345 496.2686
3268.519 495.386
3263.996 493.7546
3250.387 471.6831
3246.226 445.4928
3229.436 429.6907
3211.724 418.1113
3203.217 408.8931
3202.265 407.8036
3198.098 400.8682
3195.417 398.0415
3193.242 392.9761
3192.759 392.1976
3194.002 392.7494
3194.258 392.3906
3194.647 391.1141
3194.48 389.2725
3194.536 388.4617
3194.857 387.875
3195.402 387.1387
3196.623 386.8718
3198.164 386.0171
3199.436 385.2222
3200.658 384.8263
3202.019 384.4323
3203.595 384.1934
3205.919 384.8636
3217.523 393.7495
3231.454 402.4388
3319.689 447.8613
3342.083 453.0951
3354.197 455.8931
3360.845 457.1479
3368.588 457.1227
3376.616 455.2448
3382.212 453.7181
3387.74 452.4984
3394.282 451.217
3400.392 450.0316
3405.68 448.9661
3409.968 447.6139
3414.537 445.6725
3421.022 443.3055
3426.232 441.5436
3431.126 440.2162
3438.642 438.3371
3442.805 437.0962
3450.545 435.6452
3483.554 433.082
3549.229 429.6559
3652.217 425.0384
3728.023 421.1423
3760.798 416.5617
3778.565 410.119
3788.916 406.2966
3798.011 404.3493
3807.712 404.0425
3816.254 403.5742
3823.298 402.4565
3830.484 400.8226
3837.334 400.3687
6.136393 399.7329
17.10938 398.8024
27.38509 397.8442
38.32585 395.4787
66.25748 351.0316
77.71615 324.5778
85.43587 311.4134
94.2793 301.5799
99.0306 293.5508
101.5218 287.9341
98.57584 281.3123
105.8154 278.6909
113.2549 276.6484
122.8916 275.395
134.5521 274.0252
147.1862 272.3304
157.9492 271.3486
162.2487 272.6561
167.3496 272.1375
175.6676 271.3004
195.0817 270.2959
201.8083 270.0154
207.6979 269.5503
213.7871 268.8431
221.6914 268.0964
229.8682 267.4915
236.1771 267.3545
247.5466 267.666
261.2347 267.002
273.4987 267.6566
285.6878 268.7747
297.6266 269.0623
308.514 268.1963
321.7145 267.4655
338.9496 266.4564
260.2061 262.9264
214.2441 261.6204
192.6038 261.4772
213.9616 259.9056
217.0745 258.9229
214.4681 258.7956
219.4854 258.4138
229.4079 257.4271
237.2454 256.5267
244.9723 255.9779
254.655 255.542
260.5807 255.5566
270.8906 255.3246
270.7419 255.933
275.373 255.7126
280.2565 255.4764
284.4997 255.5975
288.4199 255.5706
292.5807 255.6891
298.277 255.5728
301.442 255.4209
305.2015 255.2814
311.5941 254.7891
312.6608 255.0033
315.4759 255.1971
324.6576 254.0327
327.6813 254.0112
327.8626 254.2622
332.8587 253.3903
332.7152 253.3888
342.4408 254.1405
373.0052 275.405
405.6664 284.1847
463.124 290.4461
613.9255 316.6118
653.6914 322.3252
659.1321 325.3218
663.8431 325.9128
662.9186 327.3446
663.7614 329.1255
661.6009 330.7476
661.5179 331.7326
661.3818 332.8916
660.4811 334.6396
663.2034 335.416
660.5684 337.5331
658.7236 338.4982
660.6673 338.8219
663.6556 338.8753
659.8141 340.0122
656.0355 340.4478
651.2158 340.8491
648.4521 341.3828
653.1468 340.464
683.6003 338.8242
749.1432 334.7008
674.7933 331.7752
673.25 331.3968
671.5276 331.2607
671.4193 332.4958
666.3418 332.7391
670.4518 331.4834
669.9636 325.9665
673.2415 318.8105
672.6243 314.2183
677.6423 310.1516
667.7604 303.5418
658.1266 291.9297
655.0501 283.4669
646.6777 277.903
643.4316 270.77
639.3975 271.0412
628.5137 276.0273
580.2425 270.4624
572.0735 263.3456
562.2871 260.0426
561.2376 258.45
674.1927 297.7052
674.0807 298.3507
675.1999 299.002
675.4245 300.1064
676.3841 301.02
677.7532 301.7982
678.4551 302.2607
679.4632 302.6398
678.5892 302.167
680.4336 301.7757
680.2458 301.213
680.9788 301.5552
680.2542 302.3864
679.153 303.2497
678.0886 303.9824
671.8196 303.0317
594.7249 258.9246
555.779 247.7101
546.5316 247.0928
539.6859 246.9103
534.2585 246.2384
530.5866 245.2668
527.8542 244.73
523.9915 244.555
522.9984 244.9585
519.3613 244.6683
517.1729 244.693
515.9134 244.5282
513.6787 244.112
512.3229 243.7091
511.1305 243.745
508.8682 243.9793
508.7021 244.4297
506.1865 244.5781
504.5234 244.9201
503.9189 245.5191
500.696 246.0715
497.877 246.7423
495.4873 247.3141
492.2207 247.3293
490.2279 247.4292
486.7347 246.5695
483.0908 243.221
480.2425 240.3457
477.0329 234.1968
475.2484 226.5926
473.8835 222.6878
471.4987 221.2389
470.832 220.7725
469.1484 220.158
469.3795 220.4712
469.0794 220.2497
468.3978 220.1442
468.3311 220.0026
468.1598 219.5428
467.484 218.7951
467.1771 218.2834
466.624 217.8675
465.8633 217.5941
465.7471 217.4753
464.3952 217.2632
463.3288 217.3646
461.7152 217.5166
459.528 217.8579
457.3128 218.3366
455.375 218.8016
452.6374 219.6754
450.2907 220.5524
447.8037 221.3483
443.8271 222.1071
437.1107 225.9914
423.8369 247.5114
414.3981 268.196
407.8516 285.5456
404.3848 286.1299
398.8968 286.4531
393.9678 292.3578
390.1305 297.218
386.5996 302.5752
376.6205 304.8348
371.4801 305.8063
366.5267 306.0349
361.7923 306.2508
354.3678 306.0316
347.6569 306.4935
342.5176 306.36
337.6374 306.3226
329.6582 306.5718
323.5081 306.3278
318.0664 306.034
311.5208 306.3398
308.2064 306.3146
302.721 306.1292
300.7233 306.484
298.2796 306.4652
294.7581 306.4247
294.3623 306.8408
294.8063 307.1724
292.0771 307.3314
292.224 307.8639
289.9352 308.1309
288.7415 308.2474
288.0199 308.2731
285.7148 308.2643
285.6237 308.305
282.487 308.7144
279.8887 309.6481
276.4023 310.3032
271.1211 310.6991
267.6543 310.8647
264.2464 310.9536
260.0833 310.8406
256.6563 310.9351
252.9053 310.936
249.9089 310.8561
246.1221 310.5068
242.8984 310.3397
240.876 310.1458
239.0843 309.8771
237.9447 309.7028
237.6084 309.5776
237.3161 309.6327
237.3421 309.6491
237.5508 309.6414
238.2982 309.5015
238.7536 309.4453
239.0033 309.4641
239.7975 309.5753
240.7572 309.5316
241.2171 309.4945
241.1966 309.7013
240.9984 309.769
240.3714 310.1247
239.5365 310.4505
239.3112 310.6903
237.1911 310.9821
236.3379 311.1377
234.5983 311.3789
232.5967 311.5094
231.4893 311.6691
231.1569 311.875
230.418 312.0303
230.347 312.25
227.248 313.1219
221.4134 317.8572
218.3607 321.6768
216.7972 324.7062
215.4333 326.933
214.7018 328.52
213.3981 329.9269
213.3219 330.3444
213.2718 331.1057
213.318 331.5718
213.347 332.0369
213.7477 332.4132
213.7979 332.933
214.2386 334.0168
212.8906 336.821
209.7383 340.2816
188.3301 398.5962
142.0378 393.6821
186.2207 361.4517
165.3926 371.911
148.0814 378.9401
129.7585 386.7322
117.9453 392.8242
111.7324 398.2974
102.7965 406.2085
98.25455 409.9233
93.76172 414.8608
85.72266 420.583
81.15755 423.9974
78.39551 427.5508
74.41634 432.2873
72.04297 431.821
66.1403 431.2717
62.21289 428.4525
58.25 428.3887
53.09636 428.072
50.38542 425.8198
46.9196 426.2259
45.73568 424.7674
42.44759 424.2495
38.78386 423.2414
37.00325 420.7822
35.01432 419.4609
31.62695 417.8712
29.04948 417.3673
30.94564 413.5714
30.01758 412.0923
35.55339 406.5352
34.77181 406.0166
37.83171 405.1416
38.84082 405.8677
37.67578 407.4604
37.72982 408.6932
35.94954 410.0246
34.77051 411.5682
33.81901 412.7523
33.03483 413.8083
33.50195 414.7855
33.28776 415.7036
32.5166 417.0581
31.12988 418.1141
29.52897 418.8031
27.58594 419.4429
22.45866 418.2788
0.9248047 412.6909
3792.642 395.0031
3767.95 386.3426
3762.26 384.5609
3757.455 383.505
3754.672 383.0677
3752.25 382.9759
3748.574 382.0649
3745.075 381.8068
260.1322 268.3463
272.8463 269.3613
284.1862 269.7725
295.334 269.0125
308.5469 268.1973
321.3529 267.591
243.155 263.7471
171.762 263.9966
174.9694 262.5109
178.5449 261.8379
190.1833 260.6813
194.404 260.1538
202.8717 259.6608
209.249 259.1191
219.61 258.229
227.8005 257.4548
234.5736 257.3451
245.8099 256.7031
251.2943 256.7855
256.3717 256.9331
260.0127 256.7638
264.6377 256.5218
268.5169 256.4759
271.8027 256.6592
275.25 256.7869
278.847 256.8299
283.9362 256.6461
288.9222 256.4679
296.2223 256.0027
300.6683 256.0112
303.6488 256.3192
311.722 255.4245
314.6354 255.4637
317.0651 255.6035
321.6205 255.0596
319.7399 255.1113
325.4277 256.14
354.0143 277.2842
381.8412 286.0698
419.1647 294.7067
587.5807 317.5405
627.1055 322.4326
643.7233 325.516
650.7991 326.0734
652.154 327.428
653.335 329.1154
652.1224 330.6061
652.4619 331.7106
653.9456 332.7778
654.0173 334.5208
655.6468 335.0601
656.5778 337.2204
656.6292 338.165
657.1546 338.7557
661.054 338.8286
662.5745 339.0669
656.6758 340.2646
652.2939 340.6836
650.2708 340.986
653.404 340.2034
685.4196 338.6904
751.0466 334.723
715.402 315.0309
671.8828 331.6126
670.3203 331.3234
668.5696 331.2482
668.5173 332.433
664.1377 331.5207
670.1673 326.8729
672.8239 318.9608
674.8096 315.7948
674.0491 311.7821
676.5407 309.471
666.1683 303.1538
655.763 291.7628
653.2474 283.3651
646.1872 278.0776
643.7402 270.9383
639.2005 271.1711
628.2913 276.0327
579.6722 270.0493
572.0163 262.4207
561.6595 259.6209
560.8711 258.0876
673.5941 297.9512
674.0335 298.5651
675.6328 299.1585
676.4424 300.2689
678.5641 301.2173
679.1517 301.9796
679.4443 302.5115
678.7051 302.6289
680.2477 302.4764
679.748 301.84
680.4128 301.9487
680.4905 302.9089
679.8037 303.5684
679.235 304.1301
677.7031 303.9183
589.6631 260.2355
542.4554 248.6038
533.6852 248.1192
527.7793 247.7085
526.2803 247.026
523.8347 245.9173
522.46 245.2826
521.0856 245.367
518.2952 245.5254
515.4954 245.2754
512.8613 245.0895
512.2253 244.9294
511.2318 244.6422
509.317 244.2762
506.5352 244.0456
504.0716 244.2751
501.348 244.683
499.5453 244.7894
496.4678 245.2767
495.1641 245.9772
493.1605 246.4728
489.8268 247.0604
487.1634 247.6647
485.2272 247.7248
481.6947 247.8937
479.4691 247.1742
474.6048 243.5933
470.6748 240.6872
466.3229 234.515
461.8578 226.9855
459.0052 223.172
457.3747 221.8662
456.0179 221.2341
453.5846 220.9979
455.0234 220.9707
453.7015 220.8874
454.7838 220.7848
455.2754 220.4826
455.5072 220.1191
455.6422 219.411
454.9404 218.7279
454.3073 218.2497
453.8587 217.8213
454.3877 217.5506
454.6966 217.4774
453.3089 217.2536
452.9515 217.3833
451.9098 217.5879
450.2946 217.9295
448.4645 218.4749
446.7428 219.0371
444.2975 220.0332
442.0394 220.8698
439.7988 221.4238
434.0068 225.4403
420.0404 246.8062
407.14 267.6776
398.541 285.1475
396.0482 285.5667
392.5983 286.1465
385.7526 292.0807
381.0631 296.8851
376.3672 302.3802
372.946 304.5179
362.8014 305.819
358.9769 305.9561
353.3027 306.0884
348.5749 306.3063
342.3047 306.4499
336.484 306.3188
332.3389 306.2468
326.929 306.3665
321.1895 306.137
319.7301 305.9282
316.3789 306.4194
314.3174 306.3602
311.4577 306.4637
307.3744 306.8675
304.0397 307.0669
301.6592 307.0488
299.5918 307.1113
299.1341 307.2337
296.8574 307.2653
296.027 307.5083
294.766 307.7859
292.5397 307.8664
291.4639 308.0773
290.8978 308.2166
289.29 308.3576
287.6787 308.5975
283.9561 309.5947
280.0752 310.3903
276.2936 310.9875
271.182 311.0758
267.4437 311.0412
264.1133 310.9955
259.515 310.9876
256.2051 311.0576
252.0664 310.9167
248.2588 310.59
244.9909 310.3564
242.0426 310.2175
240.1706 309.9186
238.86 309.7174
237.9434 309.6315
237.626 309.5757
237.4443 309.6039
237.4616 309.6278
237.6953 309.6177
238.5908 309.4421
238.8831 309.4569
239.5801 309.5697
240.3597 309.7086
240.8587 309.5846
241.1322 309.6526
241.0456 309.7547
240.207 310.0317
239.2474 310.342
239.0313 310.5226
236.8639 310.8259
235.7077 310.9829
233.9756 311.105
232.2155 311.3117
231.0869 311.4569
230.0658 311.6266
229.5352 311.8265
229.3346 311.9953
225.9658 312.9614
219.8434 317.7012
216.2428 321.3682
212.8698 324.4456
210.8828 326.7619
209.8945 328.2941
208.9362 329.745
208.8346 330.1888
209.3171 330.7536
209.7702 331.2845
209.4899 331.7326
209.7301 332.0516
209.2214 332.4574
206.6035 332.8286
204.5466 334.7842
199.2835 338.1815
180.528 364.3459
169.9248 374.6094
163.1449 376.3127
144.7565 377.9842
125.776 381.0803
115.8402 385.7663
106.3939 389.6367
100.5456 395.0557
96.14225 400.0376
90.27604 407.7074
87.45638 411.1688
81.30209 415.6006
74.72852 421.4634
71.43848 424.6826
68.68262 427.2303
64.18848 426.9214
60.00456 425.5767
55.01237 424.9299
52.22461 425.1414
51.60645 423.9561
49.05729 423.3823
46.39486 422.5728
44.58626 422.3501
42.24609 422.4001
39.06706 421.9193
36.75911 419.9536
34.41113 418.7849
32.20085 416.9453
29.24479 416.5762
31.54297 412.6302
31.36296 410.7749
31.59245 405.721
31.30924 404.7287
31.62598 404.3167
31.97266 405.0109
31.91113 406.118
30.66927 407.9974
29.48307 409.1431
28.27018 411.042
27.23047 412.1605
26.70996 413.2437
27.21875 414.3297
27.30404 415.2907
27.56087 416.4499
26.49284 417.6475
25.05078 418.4354
23.75163 418.9608
17.2806 417.9093
3835.122 412.3717
3783.551 395.0514
3758.351 386.668
3750.171 384.8833
3744.498 384.0978
3742.214 383.8949
3740.4 383.859
3737.243 383.6058
3734.874 382.8882
3732.354 382.6022
