1920 480
785.21 452.7762
785.7659 452.7339
785.9186 452.7527
785.8806 452.729
785.8669 452.7463
785.8389 452.7551
785.9033 452.7604
785.8867 452.7692
785.8226 452.7834
785.8314 452.7762
785.8073 452.7676
785.8311 452.7607
785.8278 452.7686
785.8034 452.7223
785.8099 452.7772
785.8558 452.7679
785.8271 452.7555
785.8259 452.7778
785.752 452.7537
785.7669 452.769
785.8011 452.7594
785.8141 452.7358
785.7487 452.734
785.8109 452.7415
785.8128 452.7432
785.779 452.7427
785.7002 452.7239
785.7796 452.7056
785.7073 452.7308
785.722 452.7176
785.6143 452.7539
785.6455 452.7313
785.6179 452.7238
785.57 452.6999
785.5475 452.7446
785.5892 452.7318
785.5596 452.7428
785.5605 452.7459
785.5316 452.7523
785.5264 452.7505
785.5342 452.7515
785.5088 452.7524
785.4778 452.7577
785.4802 452.7577
785.4619 452.766
785.4515 452.7744
785.4453 452.771
785.4509 452.7684
785.4694 452.7734
785.4954 452.7752
785.4775 452.7747
785.4632 452.7711
785.4414 452.7518
785.4495 452.7505
785.4616 452.7469
785.4691 452.7451
785.4824 452.7314
785.4707 452.7259
785.47 452.7231
785.472 452.7111
785.4619 452.7181
785.4629 452.7132
785.4688 452.7074
785.4893 452.6991
785.4724 452.6965
785.4564 452.6903
785.4597 452.6823
785.4485 452.6745
785.4372 452.6754
785.4258 452.6782
785.4114 452.6847
785.416 452.6891
785.4173 452.6872
785.4108 452.6794
785.4004 452.6787
785.4128 452.6753
785.3636 452.6875
785.3145 452.6891
785.3018 452.6903
785.3125 452.6934
785.3268 452.6925
785.3184 452.6989
785.3118 452.6951
785.2962 452.701
785.2702 452.6937
785.2773 452.6953
785.2852 452.6945
785.2891 452.6951
785.2995 452.6924
785.2982 452.6903
785.2923 452.6911
785.2761 452.7
785.28 452.7046
785.2816 452.7184
785.2858 452.7213
785.3105 452.7092
785.3271 452.7003
785.322 452.6976
785.3086 452.7018
785.2891 452.7088
785.2744 452.714
785.2952 452.7188
785.2832 452.73
785.2803 452.7357
785.2725 452.7487
785.2614 452.743
785.2809 452.7336
785.3037 452.7321
785.3291 452.7246
785.3213 452.7209
785.3366 452.718
785.3597 452.7005
785.3724 452.6942
785.3636 452.6883
785.3561 452.6885
785.3655 452.6782
785.3948 452.6753
785.4089 452.6738
785.4238 452.6795
785.4365 452.6823
785.4446 452.6901
785.4388 452.6971
785.4466 452.6953
785.4587 452.6994
785.472 452.7015
785.4304 452.6987
785.4417 452.6986
785.4434 452.7052
785.4671 452.7157
785.4886 452.7144
785.5198 452.7173
785.5166 452.7134
785.5374 452.7109
785.5225 452.7157
785.5208 452.7222
785.5495 452.723
785.585 452.7188
785.5895 452.7201
785.6038 452.7201
785.611 452.7147
785.6328 452.7083
785.6429 452.7103
785.6563 452.7069
785.652 452.7165
785.6638 452.7253
785.6647 452.7199
785.6706 452.723
785.6494 452.7358
785.654 452.7427
785.6465 452.7523
785.654 452.7563
785.6429 452.758
785.666 452.7521
785.6745 452.745
785.6722 452.7402
785.6569 452.737
785.6693 452.7332
785.6836 452.7394
785.678 452.7357
785.6924 452.7347
785.7073 452.7282
785.7054 452.7194
785.7285 452.7206
785.7194 452.7271
785.7253 452.7349
785.7503 452.737
785.7614 452.7425
785.7366 452.7362
785.7357 452.7375
785.7536 452.7332
785.7526 452.7326
785.7617 452.7213
785.7399 452.7248
785.7327 452.7215
785.709 452.7385
785.7106 452.744
785.6761 452.7532
785.6826 452.7583
785.6804 452.7633
785.6833 452.7643
785.6895 452.7692
785.7151 452.7674
785.7285 452.757
785.7204 452.7497
785.7269 452.7379
785.7073 452.7264
785.7148 452.7134
785.6748 452.7236
785.6657 452.7379
785.6784 452.744
785.694 452.7448
785.6797 452.7379
785.6852 452.7334
785.6738 452.7314
785.668 452.7388
785.6602 452.7376
785.6751 452.7419
785.6761 452.7318
785.6689 452.7251
785.7018 452.717
785.697 452.722
785.7227 452.7223
785.7204 452.7324
785.7188 452.7375
785.7025 452.751
785.6943 452.7536
785.678 452.7591
785.6686 452.7583
785.6559 452.7728
785.667 452.7761
785.6706 452.7739
785.6748 452.7729
785.6663 452.7738
785.6735 452.7738
785.6765 452.7751
785.6927 452.7837
785.6901 452.7918
785.695 452.7931
785.7021 452.7949
785.6976 452.8001
785.7122 452.807
785.7259 452.8011
785.7305 452.7975
785.7233 452.7834
785.7513 452.7746
785.7702 452.7672
785.7565 452.7726
785.7334 452.7711
785.7402 452.769
785.7298 452.7711
785.7363 452.7746
785.7337 452.7775
785.7432 452.7801
785.7383 452.7803
785.7337 452.7799
785.7419 452.7766
785.7933 452.8
785.8727 452.907
785.9319 453.0257
785.8193 453.083
785.3942 453.1012
784.862 453.203
784.1224 453.4485
783.0677 453.7894
781.8662 454.2663
780.6064 454.5747
779.5361 454.506
778.6599 454.5669
777.8291 454.981
776.9714 456.2878
777.1396 458.0099
779.1702 459.0402
782.4398 459.7769
786.595 460.311
791.2451 461.1569
796.3616 462.8237
801.8646 464.944
807.8011 467.0228
814.6227 468.742
822.0388 469.7658
830.1387 470.0906
839.0339 469.8306
848.1689 469.2801
857.0491 468.4884
866.8093 467.5187
875.3633 466.7384
884.4958 466.0868
893.7178 465.6514
903.3896 465.5412
910.3477 465.7345
920.2233 466.3011
930.1019 466.7889
939.2405 466.7013
948.2663 466.0921
957.0495 465.3914
965.3077 465.0391
972.9206 464.9305
980.2048 464.9937
986.926 465.4515
994.8444 466.6756
1000.949 467.9123
1006.203 468.9652
1011.362 469.8328
1016.666 470.8083
1021.513 471.9289
1026.94 473.4699
1032.967 475.3044
1039.142 477.3359
1046.035 479.7848
1053.53 482.6223
1060.115 485.0124
1067.703 487.3465
1076.504 489.4595
1085.967 491.2269
1097.279 493.0975
1109.081 495.0398
1119.317 496.8361
1130.437 498.8943
1142.429 501.2354
1920 480
785.21 452.7762
785.7659 452.7339
785.9186 452.7527
785.8806 452.729
785.8669 452.7463
785.8389 452.7551
785.9033 452.7604
785.8867 452.7692
785.8226 452.7834
785.8314 452.7762
785.8073 452.7676
785.8311 452.7607
785.8278 452.7686
785.8034 452.7223
785.8099 452.7772
785.8558 452.7679
785.8271 452.7555
785.8259 452.7778
785.752 452.7537
785.7669 452.769
785.8011 452.7594
785.8141 452.7358
785.7487 452.734
785.8109 452.7415
785.8128 452.7432
785.779 452.7427
785.7002 452.7239
785.7796 452.7056
785.7073 452.7308
785.722 452.7176
785.6143 452.7539
785.6455 452.7313
785.6179 452.7238
785.57 452.6999
785.5475 452.7446
785.5892 452.7318
785.5596 452.7428
785.5605 452.7459
785.5316 452.7523
785.5264 452.7505
785.5342 452.7515
785.5088 452.7524
785.4778 452.7577
785.4802 452.7577
785.4619 452.766
785.4515 452.7744
785.4453 452.771
785.4509 452.7684
785.4694 452.7734
785.4954 452.7752
785.4775 452.7747
785.4632 452.7711
785.4414 452.7518
785.4495 452.7505
785.4616 452.7469
785.4691 452.7451
785.4824 452.7314
785.4707 452.7259
785.47 452.7231
785.472 452.7111
785.4619 452.7181
785.4629 452.7132
785.4688 452.7074
785.4893 452.6991
785.4724 452.6965
785.4564 452.6903
785.4597 452.6823
785.4485 452.6745
785.4372 452.6754
785.4258 452.6782
785.4114 452.6847
785.416 452.6891
785.4173 452.6872
785.4108 452.6794
785.4004 452.6787
785.4128 452.6753
785.3636 452.6875
785.3145 452.6891
785.3018 452.6903
785.3125 452.6934
785.3268 452.6925
785.3184 452.6989
785.3118 452.6951
785.2962 452.701
785.2702 452.6937
785.2773 452.6953
785.2852 452.6945
785.2891 452.6951
785.2995 452.6924
785.2982 452.6903
785.2923 452.6911
785.2761 452.7
785.28 452.7046
785.2816 452.7184
785.2858 452.7213
785.3105 452.7092
785.3271 452.7003
785.322 452.6976
785.3086 452.7018
785.2891 452.7088
785.2744 452.714
785.2952 452.7188
785.2832 452.73
785.2803 452.7357
785.2725 452.7487
785.2614 452.743
785.2809 452.7336
785.3037 452.7321
785.3291 452.7246
785.3213 452.7209
785.3366 452.718
785.3597 452.7005
785.3724 452.6942
785.3636 452.6883
785.3561 452.6885
785.3655 452.6782
785.3948 452.6753
785.4089 452.6738
785.4238 452.6795
785.4365 452.6823
785.4446 452.6901
785.4388 452.6971
785.4466 452.6953
785.4587 452.6994
785.472 452.7015
785.4304 452.6987
785.4417 452.6986
785.4434 452.7052
785.4671 452.7157
785.4886 452.7144
785.5198 452.7173
785.5166 452.7134
785.5374 452.7109
785.5225 452.7157
785.5208 452.7222
785.5495 452.723
785.585 452.7188
785.5895 452.7201
785.6038 452.7201
785.611 452.7147
785.6328 452.7083
785.6429 452.7103
785.6563 452.7069
785.652 452.7165
785.6638 452.7253
785.6647 452.7199
785.6706 452.723
785.6494 452.7358
785.654 452.7427
785.6465 452.7523
785.654 452.7563
785.6429 452.758
785.666 452.7521
785.6745 452.745
785.6722 452.7402
785.6569 452.737
785.6693 452.7332
785.6836 452.7394
785.678 452.7357
785.6924 452.7347
785.7073 452.7282
785.7054 452.7194
785.7285 452.7206
785.7194 452.7271
785.7253 452.7349
785.7503 452.737
785.7614 452.7425
785.7366 452.7362
785.7357 452.7375
785.7536 452.7332
785.7526 452.7326
785.7617 452.7213
785.7399 452.7248
785.7327 452.7215
785.709 452.7385
785.7106 452.744
785.6761 452.7532
785.6826 452.7583
785.6804 452.7633
785.6833 452.7643
785.6895 452.7692
785.7151 452.7674
785.7285 452.757
785.7204 452.7497
785.7269 452.7379
785.7073 452.7264
785.7148 452.7134
785.6748 452.7236
785.6657 452.7379
785.6784 452.744
785.694 452.7448
785.6797 452.7379
785.6852 452.7334
785.6738 452.7314
785.668 452.7388
785.6602 452.7376
785.6751 452.7419
785.6761 452.7318
785.6689 452.7251
785.7018 452.717
785.697 452.722
785.7227 452.7223
785.7204 452.7324
785.7188 452.7375
785.7025 452.751
785.6943 452.7536
785.678 452.7591
785.6686 452.7583
785.6559 452.7728
785.667 452.7761
785.6706 452.7739
785.6748 452.7729
785.6663 452.7738
785.6735 452.7738
785.6765 452.7751
785.6927 452.7837
785.6901 452.7918
785.695 452.7931
785.7021 452.7949
785.6976 452.8001
785.7122 452.807
785.7259 452.8011
785.7305 452.7975
785.7233 452.7834
785.7513 452.7746
785.7702 452.7672
785.7565 452.7726
785.7334 452.7711
785.7402 452.769
785.7298 452.7711
785.7363 452.7746
785.7337 452.7775
785.7432 452.7801
785.7383 452.7803
785.7337 452.7799
785.7419 452.7766
785.7933 452.8
785.8727 452.907
785.9319 453.0257
785.8193 453.083
785.3942 453.1012
784.862 453.203
784.1224 453.4485
783.0677 453.7894
781.8662 454.2663
780.6064 454.5747
779.5361 454.506
778.6599 454.5669
777.8291 454.981
776.9714 456.2878
777.1396 458.0099
779.1702 459.0402
782.4398 459.7769
786.595 460.311
791.2451 461.1569
796.3616 462.8237
801.8646 464.944
807.8011 467.0228
814.6227 468.742
822.0388 469.7658
830.1387 470.0906
839.0339 469.8306
848.1689 469.2801
857.0491 468.4884
866.8093 467.5187
875.3633 466.7384
884.4958 466.0868
893.7178 465.6514
903.3896 465.5412
910.3477 465.7345
920.2233 466.3011
930.1019 466.7889
939.2405 466.7013
948.2663 466.0921
957.0495 465.3914
965.3077 465.0391
972.9206 464.9305
980.2048 464.9937
986.926 465.4515
994.8444 466.6756
1000.949 467.9123
1006.203 468.9652
1011.362 469.8328
1016.666 470.8083
1021.513 471.9289
1026.94 473.4699
1032.967 475.3044
1039.142 477.3359
1046.035 479.7848
1053.53 482.6223
1060.115 485.0124
1067.703 487.3465
1076.504 489.4595
1085.967 491.2269
1097.279 493.0975
1109.081 495.0398
1119.317 496.8361
1130.437 498.8943
1142.429 501.2354
1154.578 503.6965
1168.093 506.5182
1181.062 509.1574
1193.071 511.6379
1205.514 514.2245
1217.809 516.8181
1230.439 519.2256
1244.207 521.5433
1257.591 523.3494
1270.711 524.9011
1283.781 526.2825
1297.081 527.6726
1309.581 528.7725
1323.514 529.7495
1336.425 530.2673
1347.915 530.6033
1360.256 530.734
1372.851 530.6929
1384.671 530.3531
1396.636 529.9553
1408.624 529.4739
1420.184 529.0889
1431.113 528.709
1442.114 528.3668
1452.081 528.0844
1462.637 527.9612
1471.682 527.922
1477.872 527.9625
1485.415 527.9422
1492.853 527.9416
1499.903 528.0231
1506.072 528.2793
1512.003 528.6922
1517.591 529.2485
1522.544 529.796
1527.569 530.4068
1532.251 531.1414
1537.902 532.1806
1542.256 533.105
1546.203 534.1053
1550.4 535.262
1554.112 536.4373
1557.927 537.8289
1561.629 539.3761
1565.234 541.201
1568.667 543.1849
1572.429 545.6436
1576.14 548.3126
1579.728 551.0276
1583.404 553.925
1587.07 556.9162
1591.007 560.3568
1594.92 563.9164
1599.069 567.6555
1603.071 571.0732
1607.71 574.9744
1612.398 578.6649
1617.129 582.0773
1622.202 585.2775
1627.371 588.1767
1632.704 590.9036
1638.486 593.7445
1644.59 596.5725
1650.9 599.2428
1657.948 601.7651
1664.689 603.8807
1671.155 605.7454
1678.175 607.6752
1685.368 609.4507
1692.92 611.099
1699.968 612.4929
1707.366 613.8487
1714.203 615.0182
1721.039 616.0798
1727.541 616.8868
1733.716 617.4341
1739.433 617.792
1744.368 617.9988
1748.327 618.1077
1751.6 618.0772
1753.951 617.9124
1755.36 617.6365
1756.017 617.2471
1754.818 616.3811
1752.223 615.8078
1749.292 615.3079
1745.906 614.7553
1742.161 614.1967
1738.037 613.6506
1733.622 613.163
1729.043 612.66
1724.277 612.1462
1719.869 611.6746
1715.117 611.2327
1710.288 610.7833
1707.457 610.4805
1698.485 609.0822
1690.626 607.3056
1683.713 605.7371
1678.269 604.5704
1676.22 604.2211
1676.61 604.4716
1677.543 604.7944
1679.118 605.3291
1681.123 606.1281
1682.968 607.1434
1684.826 608.494
1686.716 609.9493
1688.755 611.4687
1690.949 613.012
1693.043 614.5464
1695.135 616.5084
1696.898 618.567
1698.688 620.61
1700.966 622.8176
1703.557 625.0399
1705.982 627.2138
1708.378 629.6471
1710.498 632.0971
1712.702 634.5863
1715.283 637.2393
1718.4 640.0129
1721.428 642.7227
1724.142 645.6697
1726.096 648.5488
1727.618 651.2885
1729.323 654.1477
1731.14 656.9052
1732.424 659.5436
1732.839 662.2896
1732.574 664.7919
1732.037 667.1772
1731.416 669.279
1730.681 671.1259
1729.9 672.9145
1728.187 674.4147
1726.806 675.7475
1725.641 676.9337
1724.669 678.2214
1723.886 679.5059
1723.099 680.7432
1722.426 681.7679
1721.941 682.5898
1721.617 683.0847
1721.382 683.293
1721.417 683.2636
1721.758 683.0676
1722.305 682.7451
1722.833 682.3102
1723.378 681.7191
1724.162 680.8975
1725.223 679.8253
1726.178 678.645
1726.863 677.3304
1727.197 675.8981
1727.311 674.5239
1727.264 673.123
1726.93 671.6681
1726.408 670.501
1725.43 669.0088
1723.949 667.3351
1722.106 665.5021
1719.831 663.4586
1717.239 661.2548
1714.561 658.8848
1711.866 656.4523
1708.81 653.8824
1705.342 651.2061
1701.024 647.6814
1697.627 644.7395
1694.298 641.7954
1690.798 638.838
1686.918 635.8375
1682.933 632.91
1678.948 629.9344
1674.908 626.8195
1671.192 624.1301
1666.843 621.3325
1662.344 618.6101
1658.002 615.9722
1653.632 613.3118
1649.389 610.8135
1646.203 608.9777
1642.109 606.6733
1638.039 604.4464
1634.214 602.3079
1630.902 600.2733
1628.237 598.3754
1626.057 596.7278
1624.486 595.4873
1623.455 594.3335
1623.416 593.2301
1624.226 591.9265
1625.096 590.8541
1626.008 589.9609
1627.527 588.9572
1629.786 587.8037
1632.344 586.6474
1634.886 585.5778
1637.669 584.5093
1640.047 583.7036
1642.662 582.9735
1645.412 582.3651
1648.565 581.7803
1652.546 581.1957
1656.556 580.7695
1660.182 580.617
1664.001 580.7404
1668.465 581.1894
1673.23 581.8239
1678.231 582.542
1683.054 583.2255
1687.723 583.8016
1692.715 584.1666
1698.177 584.2297
1704.097 584.0546
1710.866 583.712
1717.762 583.207
1724.366 582.6571
1731.27 582.2048
1737.957 581.9464
1744.048 581.8314
1749.717 581.7932
1754.377 581.8224
1757.339 581.881
1760.345 582.0052
1762.182 582.3586
1762.645 583.0089
1761.735 584.1705
1759.512 585.9064
1756.129 588.301
1752.019 591.2418
1747.257 594.8351
1741.779 599.0065
1734.906 603.8105
1729.533 607.1227
1722.94 610.7382
1716.607 613.8158
1709.978 616.7091
1703.69 619.2238
1697.653 621.3976
1691.746 623.3285
1686.475 625.0005
1681.928 626.5009
1678.071 627.9062
1674.535 629.4423
1671.891 630.9746
1670.07 632.4317
1668.706 633.9977
1667.972 635.5233
1667.885 636.9535
1668.421 638.1126
1669.359 639.0355
1670.558 639.7308
1671.991 640.1223
1674.011 640.3624
1676.412 640.5184
1679.153 640.6499
1682.314 640.7949
1685.67 640.9592
1688.971 641.1172
1692.469 641.2603
1696.189 641.3988
1700.18 641.5646
1704.75 641.7305
1709.07 641.8758
1712.956 641.9801
1716.702 642.0885
1720.145 642.2277
1723.484 642.3461
1726.984 642.433
1730.267 642.4776
1732.737 642.4875
1734.9 642.4778
1736.771 642.4371
1738.095 642.4067
1739.043 642.3947
1739.449 642.3921
1739.485 642.3961
1739.129 642.3729
1738.292 642.2429
1736.905 642.0202
1735.003 641.7184
1733.132 641.4402
1731.052 641.1954
1728.566 641.0061
1725.769 640.8717
1722.784 640.724
1719.722 640.5146
1716.757 640.1815
1713.908 639.7426
1711.229 639.2377
1708.464 638.6129
1705.714 637.9631
1702.923 637.3083
1700.213 636.6485
1697.877 636.084
1695.795 635.5403
1693.897 634.9922
1692.282 634.443
1154.578 503.6965
1168.093 506.5182
1181.062 509.1574
1193.071 511.6379
1205.514 514.2245
1217.809 516.8181
1230.439 519.2256
1244.207 521.5433
1257.591 523.3494
1270.711 524.9011
1283.781 526.2825
1297.081 527.6726
1309.581 528.7725
1323.514 529.7495
1336.425 530.2673
1347.915 530.6033
1360.256 530.734
1372.851 530.6929
1384.671 530.3531
1396.636 529.9553
1408.624 529.4739
1420.184 529.0889
1431.113 528.709
1442.114 528.3668
1452.081 528.0844
1462.637 527.9612
1471.682 527.922
1477.872 527.9625
1485.415 527.9422
1492.853 527.9416
1499.903 528.0231
1506.072 528.2793
1512.003 528.6922
1517.591 529.2485
1522.544 529.796
1527.569 530.4068
1532.251 531.1414
1537.902 532.1806
1542.256 533.105
1546.203 534.1053
1550.4 535.262
1554.112 536.4373
1557.927 537.8289
1561.629 539.3761
1565.234 541.201
1568.667 543.1849
1572.429 545.6436
1576.14 548.3126
1579.728 551.0276
1583.404 553.925
1587.07 556.9162
1591.007 560.3568
1594.92 563.9164
1599.069 567.6555
1603.071 571.0732
1607.71 574.9744
1612.398 578.6649
1617.129 582.0773
1622.202 585.2775
1627.371 588.1767
1632.704 590.9036
1638.486 593.7445
1644.59 596.5725
1650.9 599.2428
1657.948 601.7651
1664.689 603.8807
1671.155 605.7454
1678.175 607.6752
1685.368 609.4507
1692.92 611.099
1699.968 612.4929
1707.366 613.8487
1714.203 615.0182
1721.039 616.0798
1727.541 616.8868
1733.716 617.4341
1739.433 617.792
1744.368 617.9988
1748.327 618.1077
1751.6 618.0772
1753.951 617.9124
1755.36 617.6365
1756.017 617.2471
1754.818 616.3811
1752.223 615.8078
1749.292 615.3079
1745.906 614.7553
1742.161 614.1967
1738.037 613.6506
1733.622 613.163
1729.043 612.66
1724.277 612.1462
1719.869 611.6746
1715.117 611.2327
1710.288 610.7833
1707.457 610.4805
1698.485 609.0822
1690.626 607.3056
1683.713 605.7371
1678.269 604.5704
1676.22 604.2211
1676.61 604.4716
1677.543 604.7944
1679.118 605.3291
1681.123 606.1281
1682.968 607.1434
1684.826 608.494
1686.716 609.9493
1688.755 611.4687
1690.949 613.012
1693.043 614.5464
1695.135 616.5084
1696.898 618.567
1698.688 620.61
1700.966 622.8176
1703.557 625.0399
1705.982 627.2138
1708.378 629.6471
1710.498 632.0971
1712.702 634.5863
1715.283 637.2393
1718.4 640.0129
1721.428 642.7227
1724.142 645.6697
1726.096 648.5488
1727.618 651.2885
1729.323 654.1477
1731.14 656.9052
1732.424 659.5436
1732.839 662.2896
1732.574 664.7919
1732.037 667.1772
1731.416 669.279
1730.681 671.1259
1729.9 672.9145
1728.187 674.4147
1726.806 675.7475
1725.641 676.9337
1724.669 678.2214
1723.886 679.5059
1723.099 680.7432
1722.426 681.7679
1721.941 682.5898
1721.617 683.0847
1721.382 683.293
1721.417 683.2636
1721.758 683.0676
1722.305 682.7451
1722.833 682.3102
1723.378 681.7191
1724.162 680.8975
1725.223 679.8253
1726.178 678.645
1726.863 677.3304
1727.197 675.8981
1727.311 674.5239
1727.264 673.123
1726.93 671.6681
1726.408 670.501
1725.43 669.0088
1723.949 667.3351
1722.106 665.5021
1719.831 663.4586
1717.239 661.2548
1714.561 658.8848
1711.866 656.4523
1708.81 653.8824
1705.342 651.2061
1701.024 647.6814
1697.627 644.7395
1694.298 641.7954
1690.798 638.838
1686.918 635.8375
1682.933 632.91
1678.948 629.9344
1674.908 626.8195
1671.192 624.1301
1666.843 621.3325
1662.344 618.6101
1658.002 615.9722
1653.632 613.3118
1649.389 610.8135
1646.203 608.9777
1642.109 606.6733
1638.039 604.4464
1634.214 602.3079
1630.902 600.2733
1628.237 598.3754
1626.057 596.7278
1624.486 595.4873
1623.455 594.3335
1623.416 593.2301
1624.226 591.9265
1625.096 590.8541
1626.008 589.9609
1627.527 588.9572
1629.786 587.8037
1632.344 586.6474
1634.886 585.5778
1637.669 584.5093
1640.047 583.7036
1642.662 582.9735
1645.412 582.3651
1648.565 581.7803
1652.546 581.1957
1656.556 580.7695
1660.182 580.617
1664.001 580.7404
1668.465 581.1894
1673.23 581.8239
1678.231 582.542
1683.054 583.2255
1687.723 583.8016
1692.715 584.1666
1698.177 584.2297
1704.097 584.0546
1710.866 583.712
1717.762 583.207
1724.366 582.6571
1731.27 582.2048
1737.957 581.9464
1744.048 581.8314
1749.717 581.7932
1754.377 581.8224
1757.339 581.881
1760.345 582.0052
1762.182 582.3586
1762.645 583.0089
1761.735 584.1705
1759.512 585.9064
1756.129 588.301
1752.019 591.2418
1747.257 594.8351
1741.779 599.0065
1734.906 603.8105
1729.533 607.1227
1722.94 610.7382
1716.607 613.8158
1709.978 616.7091
1703.69 619.2238
1697.653 621.3976
1691.746 623.3285
1686.475 625.0005
1681.928 626.5009
1678.071 627.9062
1674.535 629.4423
1671.891 630.9746
1670.07 632.4317
1668.706 633.9977
1667.972 635.5233
1667.885 636.9535
1668.421 638.1126
1669.359 639.0355
1670.558 639.7308
1671.991 640.1223
1674.011 640.3624
1676.412 640.5184
1679.153 640.6499
1682.314 640.7949
1685.67 640.9592
1688.971 641.1172
1692.469 641.2603
1696.189 641.3988
1700.18 641.5646
1704.75 641.7305
1709.07 641.8758
1712.956 641.9801
1716.702 642.0885
1720.145 642.2277
1723.484 642.3461
1726.984 642.433
1730.267 642.4776
1732.737 642.4875
1734.9 642.4778
1736.771 642.4371
1738.095 642.4067
1739.043 642.3947
1739.449 642.3921
1739.485 642.3961
1739.129 642.3729
1738.292 642.2429
1736.905 642.0202
1735.003 641.7184
1733.132 641.4402
1731.052 641.1954
1728.566 641.0061
1725.769 640.8717
1722.784 640.724
1719.722 640.5146
1716.757 640.1815
1713.908 639.7426
1711.229 639.2377
1708.464 638.6129
1705.714 637.9631
1702.923 637.3083
1700.213 636.6485
1697.877 636.084
1695.795 635.5403
1693.897 634.9922
1692.282 634.443
1690.85 633.8733
1689.523 633.2965
1688.571 632.8726
1687.834 632.5167
1687.415 632.2673
1687.349 632.0988
1687.546 632.0361
1688.145 632.0635
1689.054 632.1552
1690.268 632.3086
1691.738 632.5724
1693.482 632.9249
1695.361 633.3082
1697.725 633.7964
1700.119 634.2979
1701.985 634.7008
1704.435 635.2391
1707.114 635.7971
1709.848 636.3269
1712.908 636.9441
1715.672 637.5626
1718.332 638.2138
1721.007 638.8918
1723.739 639.5378
1726.542 640.1316
1729.773 640.843
1732.052 641.4888
1733.986 642.2214
1735.746 643.005
1737.349 643.8046
1738.691 644.5418
1740.062 645.3189
1741.021 645.965
1741.721 646.4723
1742.259 646.8901
1742.691 647.2202
1742.931 647.4351
1743.091 647.6637
1743.103 647.8249
1743.06 647.884
1742.96 647.8329
1742.705 647.6943
1742.308 647.5152
1741.879 647.2901
1741.48 647.0023
1740.989 646.7032
1740.219 646.2683
1739.45 645.835
1738.823 645.4781
1737.944 645.0441
1736.938 644.6525
1735.923 644.317
1734.937 643.9898
1733.9 643.6635
1732.831 643.3501
1731.694 643.0636
1730.489 642.7883
1729.342 642.5266
1727.991 642.2352
1726.921 642.0308
1725.912 641.8342
1724.788 641.6506
1723.878 641.52
1722.951 641.4045
1722.076 641.3493
1721.233 641.363
1720.578 641.4263
1720.032 641.5362
1719.574 641.6805
1719.122 641.8538
1718.55 642.0864
1717.944 642.2642
1717.424 642.3702
1716.943 642.4557
1716.398 642.5698
1715.775 642.73
1715.162 642.934
1714.678 643.2169
1714.385 643.5228
1714.246 643.8582
1714.29 644.1764
1714.514 644.4921
1714.915 644.8397
1715.432 645.1635
1716.076 645.4855
1716.874 645.8373
1717.767 646.2069
1718.722 646.5658
1719.884 646.98
1721.063 647.4088
1722.091 647.8071
1723.21 648.2771
1724.398 648.7497
1725.643 649.1755
1726.815 649.6075
1727.89 650.0559
1728.853 650.4233
1729.968 650.7627
1731.088 651.0604
1732.032 651.3492
1732.873 651.629
1733.523 651.9097
1734.032 652.1789
1734.44 652.4154
1734.768 652.5939
1734.882 652.6807
1734.833 652.7085
1734.679 652.6896
1734.417 652.6241
1733.991 652.5447
1733.462 652.4395
1732.901 652.327
1731.599 652.0721
1731.168 651.9904
1730.313 651.8175
1729.496 651.6381
1728.688 651.4072
1727.934 651.1272
1727.229 650.7917
1726.592 650.4547
1725.969 650.1067
1725.426 649.7277
1724.939 649.3749
1724.425 649.0296
1724.214 648.7813
1724.179 648.5486
1724.219 648.2942
1724.257 648.033
1724.281 647.7592
1724.318 647.4498
1724.36 647.1438
1724.398 646.8622
1724.438 646.571
1724.478 646.2707
1724.517 645.9824
1724.559 645.663
1724.597 645.3672
1724.624 645.1573
1724.661 644.8661
1724.698 644.5798
1724.734 644.2906
1724.77 644.0016
1724.807 643.7013
1724.841 643.4211
1724.875 643.1372
1724.911 642.8387
1724.947 642.5242
1724.988 642.176
1725.021 641.891
1725.053 641.6053
1725.086 641.3088
1725.118 641.0253
1725.149 640.7421
1725.182 640.4343
1725.213 640.1432
1725.243 639.8589
1725.274 639.5643
1725.304 639.27
1725.333 638.9822
1725.364 638.6788
1725.393 638.3881
1725.42 638.1121
1725.447 637.8291
1725.475 637.5389
1725.502 637.2529
1725.526 636.99
1725.553 636.6965
1725.577 636.4421
1725.601 636.1672
1725.626 635.8821
1725.652 635.5896
1725.676 635.3043
1725.701 635.0166
1725.724 634.7347
1725.748 634.4539
1725.773 634.1345
1725.796 633.8475
1725.82 633.5452
1725.844 633.2426
1725.863 632.9832
1725.882 632.7379
1725.903 632.4484
1725.924 632.1631
1725.946 631.8584
1725.966 631.5615
1725.98 631.3635
1726 631.0767
1726.019 630.7939
1726.038 630.5045
1726.057 630.2097
1726.075 629.9254
1726.092 629.6457
1726.111 629.3452
1726.127 629.072
1726.144 628.7839
1726.165 628.4253
1726.181 628.1415
1726.196 627.853
1726.212 627.5641
1726.228 627.264
1726.242 626.9861
1726.258 626.6764
1726.272 626.3881
1726.286 626.0922
1726.299 625.8099
1726.312 625.5162
1726.325 625.2224
1726.339 624.9199
1726.35 624.6406
1726.362 624.3618
1726.373 624.0764
1726.384 623.7877
1726.395 623.488
1726.406 623.1984
1726.416 622.9099
1726.425 622.6295
1726.435 622.3312
1726.444 622.0532
1726.453 621.7637
1726.462 621.4459
1726.47 621.1691
1726.478 620.8806
1726.485 620.5913
1726.493 620.3041
1726.5 620.0039
1726.506 619.7046
1726.513 619.4142
1726.518 619.1548
1726.523 618.8607
1726.528 618.5862
1726.533 618.2976
1726.538 618.0081
1726.542 617.7197
1726.546 617.4385
1726.55 617.1484
1726.553 616.8631
1726.556 616.5787
1726.558 616.3073
1726.561 616.0145
1726.563 615.7402
1726.564 615.4547
1726.566 615.1666
1726.567 614.8664
1726.568 614.5881
1726.568 614.2932
1726.568 614.0211
1726.568 613.7265
1726.568 613.4186
1726.567 613.1304
1726.566 612.8237
1726.564 612.5377
1726.563 612.265
1726.561 611.9725
1726.558 611.6897
1726.555 611.3964
1726.552 611.093
1726.549 610.8062
1726.546 610.5237
1726.542 610.2351
1726.537 609.951
1726.533 609.6636
1726.528 609.3583
1726.522 609.0653
1726.517 608.7896
1726.511 608.5015
1726.505 608.2134
1726.499 607.9225
1726.492 607.6195
1726.484 607.3305
1726.478 607.0529
1726.47 606.7653
1726.462 606.4804
1726.454 606.1917
1726.445 605.8907
1726.416 604.9886
1726.408 604.7437
1726.398 604.4548
1726.387 604.1668
1726.376 603.8787
1726.366 603.5903
1726.354 603.3016
1726.343 603.0136
1726.331 602.7253
1726.318 602.4365
1726.306 602.1494
1726.293 601.8529
1726.28 601.5671
1726.253 600.9944
1726.224 600.4108
1726.195 599.8326
1726.165 599.2661
1726.133 598.6931
1726.1 598.1166
1726.083 597.8303
1726.066 597.5451
1726.048 597.2517
1726.031 596.9791
1726.014 596.7028
1725.995 596.412
1725.977 596.1351
1690.85 633.8733
1689.523 633.2965
1688.571 632.8726
1687.834 632.5167
1687.415 632.2673
1687.349 632.0988
1687.546 632.0361
1688.145 632.0635
1689.054 632.1552
1690.268 632.3086
1691.738 632.5724
1693.482 632.9249
1695.361 633.3082
1697.725 633.7964
1700.119 634.2979
1701.985 634.7008
1704.435 635.2391
1707.114 635.7971
1709.848 636.3269
1712.908 636.9441
1715.672 637.5626
1718.332 638.2138
1721.007 638.8918
1723.739 639.5378
1726.542 640.1316
1729.773 640.843
1732.052 641.4888
1733.986 642.2214
1735.746 643.005
1737.349 643.8046
1738.691 644.5418
1740.062 645.3189
1741.021 645.965
1741.721 646.4723
1742.259 646.8901
1742.691 647.2202
1742.931 647.4351
1743.091 647.6637
1743.103 647.8249
1743.06 647.884
1742.96 647.8329
1742.705 647.6943
1742.308 647.5152
1741.879 647.2901
1741.48 647.0023
1740.989 646.7032
1740.219 646.2683
1739.45 645.835
1738.823 645.4781
1737.944 645.0441
1736.938 644.6525
1735.923 644.317
1734.937 643.9898
1733.9 643.6635
1732.831 643.3501
1731.694 643.0636
1730.489 642.7883
1729.342 642.5266
1727.991 642.2352
1726.921 642.0308
1725.912 641.8342
1724.788 641.6506
1723.878 641.52
1722.951 641.4045
1722.076 641.3493
1721.233 641.363
1720.578 641.4263
1720.032 641.5362
1719.574 641.6805
1719.122 641.8538
1718.55 642.0864
1717.944 642.2642
1717.424 642.3702
1716.943 642.4557
1716.398 642.5698
1715.775 642.73
1715.162 642.934
1714.678 643.2169
1714.385 643.5228
1714.246 643.8582
1714.29 644.1764
1714.514 644.4921
1714.915 644.8397
1715.432 645.1635
1716.076 645.4855
1716.874 645.8373
1717.767 646.2069
1718.722 646.5658
1719.884 646.98
1721.063 647.4088
1722.091 647.8071
1723.21 648.2771
1724.398 648.7497
1725.643 649.1755
1726.815 649.6075
1727.89 650.0559
1728.853 650.4233
1729.968 650.7627
1731.088 651.0604
1732.032 651.3492
1732.873 651.629
1733.523 651.9097
1734.032 652.1789
1734.44 652.4154
1734.768 652.5939
1734.882 652.6807
1734.833 652.7085
1734.679 652.6896
1734.417 652.6241
1733.991 652.5447
1733.462 652.4395
1732.901 652.327
1731.599 652.0721
1731.168 651.9904
1730.313 651.8175
1729.496 651.6381
1728.688 651.4072
1727.934 651.1272
1727.229 650.7917
1726.592 650.4547
1725.969 650.1067
1725.426 649.7277
1724.939 649.3749
1724.425 649.0296
1724.214 648.7813
1724.179 648.5486
1724.219 648.2942
1724.257 648.033
1724.281 647.7592
1724.318 647.4498
1724.36 647.1438
1724.398 646.8622
1724.438 646.571
1724.478 646.2707
1724.517 645.9824
1724.559 645.663
1724.597 645.3672
1724.624 645.1573
1724.661 644.8661
1724.698 644.5798
1724.734 644.2906
1724.77 644.0016
1724.807 643.7013
1724.841 643.4211
1724.875 643.1372
1724.911 642.8387
1724.947 642.5242
1724.988 642.176
1725.021 641.891
1725.053 641.6053
1725.086 641.3088
1725.118 641.0253
1725.149 640.7421
1725.182 640.4343
1725.213 640.1432
1725.243 639.8589
1725.274 639.5643
1725.304 639.27
1725.333 638.9822
1725.364 638.6788
1725.393 638.3881
1725.42 638.1121
1725.447 637.8291
1725.475 637.5389
1725.502 637.2529
1725.526 636.99
1725.553 636.6965
1725.577 636.4421
1725.601 636.1672
1725.626 635.8821
1725.652 635.5896
1725.676 635.3043
1725.701 635.0166
1725.724 634.7347
1725.748 634.4539
1725.773 634.1345
1725.796 633.8475
1725.82 633.5452
1725.844 633.2426
1725.863 632.9832
1725.882 632.7379
1725.903 632.4484
1725.924 632.1631
1725.946 631.8584
1725.966 631.5615
1725.98 631.3635
1726 631.0767
1726.019 630.7939
1726.038 630.5045
1726.057 630.2097
1726.075 629.9254
1726.092 629.6457
1726.111 629.3452
1726.127 629.072
1726.144 628.7839
1726.165 628.4253
1726.181 628.1415
1726.196 627.853
1726.212 627.5641
1726.228 627.264
1726.242 626.9861
1726.258 626.6764
1726.272 626.3881
1726.286 626.0922
1726.299 625.8099
1726.312 625.5162
1726.325 625.2224
1726.339 624.9199
1726.35 624.6406
1726.362 624.3618
1726.373 624.0764
1726.384 623.7877
1726.395 623.488
1726.406 623.1984
1726.416 622.9099
1726.425 622.6295
1726.435 622.3312
1726.444 622.0532
1726.453 621.7637
1726.462 621.4459
1726.47 621.1691
1726.478 620.8806
1726.485 620.5913
1726.493 620.3041
1726.5 620.0039
1726.506 619.7046
1726.513 619.4142
1726.518 619.1548
1726.523 618.8607
1726.528 618.5862
1726.533 618.2976
1726.538 618.0081
1726.542 617.7197
1726.546 617.4385
1726.55 617.1484
1726.553 616.8631
1726.556 616.5787
1726.558 616.3073
1726.561 616.0145
1726.563 615.7402
1726.564 615.4547
1726.566 615.1666
1726.567 614.8664
1726.568 614.5881
1726.568 614.2932
1726.568 614.0211
1726.568 613.7265
1726.568 613.4186
1726.567 613.1304
1726.566 612.8237
1726.564 612.5377
1726.563 612.265
1726.561 611.9725
1726.558 611.6897
1726.555 611.3964
1726.552 611.093
1726.549 610.8062
1726.546 610.5237
1726.542 610.2351
1726.537 609.951
1726.533 609.6636
1726.528 609.3583
1726.522 609.0653
1726.517 608.7896
1726.511 608.5015
1726.505 608.2134
1726.499 607.9225
1726.492 607.6195
1726.484 607.3305
1726.478 607.0529
1726.47 606.7653
1726.462 606.4804
1726.454 606.1917
1726.445 605.8907
1726.416 604.9886
1726.408 604.7437
1726.398 604.4548
1726.387 604.1668
1726.376 603.8787
1726.366 603.5903
1726.354 603.3016
1726.343 603.0136
1726.331 602.7253
1726.318 602.4365
1726.306 602.1494
1726.293 601.8529
1726.28 601.5671
1726.253 600.9944
1726.224 600.4108
1726.195 599.8326
1726.165 599.2661
1726.133 598.6931
1726.1 598.1166
1726.083 597.8303
1726.066 597.5451
1726.048 597.2517
1726.031 596.9791
1726.014 596.7028
1725.995 596.412
1725.977 596.1351
1725.958 595.8416
1725.939 595.5569
1725.919 595.2665
1725.9 594.9831
1725.878 594.6794
1725.858 594.3973
1725.838 594.1151
1725.816 593.8139
1725.794 593.5199
1725.773 593.2363
1725.751 592.9463
1725.728 592.6433
1725.712 592.4369
1725.689 592.15
1725.666 591.8638
1725.643 591.5778
1725.618 591.2783
1725.595 590.9944
1725.57 590.7025
1725.547 590.4322
1725.523 590.1425
1454.364 544.118
1450.978 541.0479
1447.937 538.0327
1444.786 534.7747
1441.509 531.1486
1438.51 527.6584
1435.35 523.8854
1431.726 519.8366
1428.015 516.0809
1423.831 512.3461
1418.85 508.3665
1413.968 504.7546
1408.839 501.1883
1402.805 497.2132
1396.682 493.3686
1390.241 489.5276
1383.54 485.5316
1376.693 481.5102
1369.726 477.624
1362.319 473.9277
1354.998 470.6383
1347.35 467.4152
1339.847 464.3496
1332.157 461.3356
1324.483 458.54
1317.039 455.9795
1309.647 453.1987
1302.768 450.7223
1295.564 447.9684
1288.655 445.7323
1281.996 443.5713
1275.483 442.1878
1269.096 441.0895
1262.921 440.3788
1257.087 439.9837
1251.493 440.0239
1245.787 440.3288
1240.052 441.6216
1234.976 443.2573
1230.552 445.3952
1226.016 447.8963
1221.824 450.9105
1217.693 454.4319
1213.985 458.2897
1210.652 462.4912
1207.937 466.8929
1205.603 471.6807
1204.234 476.0381
1203.71 480.0618
1203.896 483.8203
1204.367 486.9437
1204.933 489.6276
1205.65 492.1867
1206.253 494.6035
1206.267 496.8087
1205.508 498.8781
1204.205 500.4991
1202.221 501.8903
1199.599 502.986
1196.278 504.0011
1192.442 504.9459
1187.641 506.0565
1182.155 507.2127
1175.97 508.3668
1168.885 509.4284
1161.555 510.2797
1154.098 510.8776
1146.103 511.359
1137.326 511.7855
1128.049 512.26
1118.245 512.8989
1108.135 513.817
1098.169 514.929
1087.035 516.3505
1075.709 517.9253
1063.681 519.588
1051.632 521.2059
1039.996 522.6486
1031.287 523.6327
1019.445 524.7749
1007.493 525.7592
995.4691 526.6404
983.2512 527.4279
971.6892 528.2185
960.3875 528.8732
949.2021 529.5142
938.4108 529.8864
928.2318 530.0223
915.8532 529.8276
906.5755 529.5898
898.0042 529.2758
889.7855 528.8787
881.9141 528.2776
874.5762 527.5242
867.124 526.4121
860.7158 525.2117
855.3099 523.9865
849.9688 522.6976
845.2171 521.4115
840.7503 519.9901
837.2363 518.6548
833.363 516.9887
829.9583 515.338
826.9382 513.7183
824.1751 512.0974
821.9421 510.5213
819.7695 508.5524
818.125 506.6003
816.9258 504.7946
815.8008 502.8973
814.6716 500.8587
813.8411 499.1182
813.1725 497.3073
812.5599 495.6225
811.7998 493.8475
811.0742 492.3348
810.3196 490.8609
809.4668 489.5599
808.2292 488.1255
806.8245 486.9572
805.3675 485.8921
803.7285 484.9678
801.9736 484.1853
800.0521 483.6844
797.9004 483.3124
796.0286 483.0947
794.2302 482.8946
792.4206 482.7349
790.7148 482.7722
789.0071 482.9929
787.1487 483.2606
785.3109 483.5222
783.7464 483.7416
782.5938 483.9988
781.6755 484.3875
780.9655 484.9606
780.2939 485.6973
779.5876 486.4591
778.7975 487.1923
777.9831 487.9942
777.2803 488.7597
776.6556 489.5741
776.0544 490.5108
775.3646 491.6108
774.64 492.7789
773.7451 494.1068
772.5671 495.5491
771.0534 497.0815
769.4092 498.7078
767.7712 500.4815
766.1709 502.3188
764.9534 503.8032
763.5843 505.764
762.4557 507.9074
761.4655 510.3767
760.7298 512.6204
760.1061 514.5745
760.7571 514.5854
761.8457 513.5898
762.8278 513.1149
763.1693 513.0917
762.9587 512.9319
763.111 512.3241
764.4847 511.5135
765.8978 510.8538
766.7718 510.0788
767.6758 509.1953
768.9153 508.3872
770.2646 507.5791
771.2161 506.2131
771.5521 504.0097
771.5681 502.2539
771.402 500.3786
770.5433 498.7755
769.5101 496.8579
768.8792 494.7245
768.7796 492.5723
768.3893 490.5032
767.6247 488.3671
766.9099 486.2359
766.4727 484.3319
765.8528 482.1702
765.1165 479.9921
764.4622 477.9066
764.0449 475.7047
763.695 473.4932
763.2044 471.2725
762.6852 469.0129
762.5967 467.609
762.2936 466.9045
761.1003 466.5693
759.9802 466.1317
759.6364 465.8299
759.32 465.6234
759.071 465.4157
758.833 465.189
758.7344 464.7082
758.8401 464.0902
758.9336 463.4281
759.04 462.6053
759.1074 461.6952
759.0732 461.1484
759.1042 460.5296
759.1686 460.2861
759.0433 460.3062
759.0388 460.3802
759.0586 460.3301
759.0381 460.3086
759.029 460.3792
759.0579 460.4224
759.0898 460.3822
759.0703 460.293
759.0345 460.2693
759.0518 460.2767
759.0872 460.2385
759.0954 460.1826
759.1218 460.1608
759.1423 460.1509
759.1634 460.1051
759.2005 460.089
759.2097 460.0736
759.2097 460.0661
759.2139 460.0537
759.2148 460.0387
759.2142 460.0373
759.2002 460.0269
759.21 459.9927
759.2191 460.0021
759.2458 459.9946
759.2845 459.9707
759.2891 459.9591
759.278 459.9409
759.2737 459.9351
759.2871 459.9128
759.3213 459.9458
759.3467 459.9692
759.3909 459.9915
759.4114 459.9992
759.4319 460.0115
759.4362 460.0272
759.4561 460.0453
759.46 460.0664
759.488 460.0737
759.4948 460.091
759.4977 460.1136
759.5095 460.1203
759.5124 460.1356
759.5146 460.1561
759.5189 460.1675
759.4925 460.1751
759.4948 460.1885
759.5003 460.1953
759.5498 460.1938
759.5749 460.2134
759.5947 460.2365
759.5996 460.2397
759.6077 460.2479
759.6221 460.2572
759.639 460.2589
759.6644 460.2606
759.6579 460.2637
759.6699 460.2645
759.6813 460.2555
759.6846 460.2549
759.6859 460.2567
759.7067 460.2653
759.7083 460.2705
759.7132 460.2743
759.7386 460.2593
759.7513 460.2542
759.7409 460.2332
759.7324 460.2378
759.7272 460.2355
759.6891 460.2126
759.678 460.2002
759.6579 460.1867
759.6445 460.1808
759.6091 460.1888
759.5801 460.1754
1725.958 595.8416
1725.939 595.5569
1725.919 595.2665
1725.9 594.9831
1725.878 594.6794
1725.858 594.3973
1725.838 594.1151
1725.816 593.8139
1725.794 593.5199
1725.773 593.2363
1725.751 592.9463
1725.728 592.6433
1725.712 592.4369
1725.689 592.15
1725.666 591.8638
1725.643 591.5778
1725.618 591.2783
1725.595 590.9944
1725.57 590.7025
1725.547 590.4322
1725.523 590.1425
1454.364 544.118
1450.978 541.0479
1447.937 538.0327
1444.786 534.7747
1441.509 531.1486
1438.51 527.6584
1435.35 523.8854
1431.726 519.8366
1428.015 516.0809
1423.831 512.3461
1418.85 508.3665
1413.968 504.7546
1408.839 501.1883
1402.805 497.2132
1396.682 493.3686
1390.241 489.5276
1383.54 485.5316
1376.693 481.5102
1369.726 477.624
1362.319 473.9277
1354.998 470.6383
1347.35 467.4152
1339.847 464.3496
1332.157 461.3356
1324.483 458.54
1317.039 455.9795
1309.647 453.1987
1302.768 450.7223
1295.564 447.9684
1288.655 445.7323
1281.996 443.5713
1275.483 442.1878
1269.096 441.0895
1262.921 440.3788
1257.087 439.9837
1251.493 440.0239
1245.787 440.3288
1240.052 441.6216
1234.976 443.2573
1230.552 445.3952
1226.016 447.8963
1221.824 450.9105
1217.693 454.4319
1213.985 458.2897
1210.652 462.4912
1207.937 466.8929
1205.603 471.6807
1204.234 476.0381
1203.71 480.0618
1203.896 483.8203
1204.367 486.9437
1204.933 489.6276
1205.65 492.1867
1206.253 494.6035
1206.267 496.8087
1205.508 498.8781
1204.205 500.4991
1202.221 501.8903
1199.599 502.986
1196.278 504.0011
1192.442 504.9459
1187.641 506.0565
1182.155 507.2127
1175.97 508.3668
1168.885 509.4284
1161.555 510.2797
1154.098 510.8776
1146.103 511.359
1137.326 511.7855
1128.049 512.26
1118.245 512.8989
1108.135 513.817
1098.169 514.929
1087.035 516.3505
1075.709 517.9253
1063.681 519.588
1051.632 521.2059
1039.996 522.6486
1031.287 523.6327
1019.445 524.7749
1007.493 525.7592
995.4691 526.6404
983.2512 527.4279
971.6892 528.2185
960.3875 528.8732
949.2021 529.5142
938.4108 529.8864
928.2318 530.0223
915.8532 529.8276
906.5755 529.5898
898.0042 529.2758
889.7855 528.8787
881.9141 528.2776
874.5762 527.5242
867.124 526.4121
860.7158 525.2117
855.3099 523.9865
849.9688 522.6976
845.2171 521.4115
840.7503 519.9901
837.2363 518.6548
833.363 516.9887
829.9583 515.338
826.9382 513.7183
824.1751 512.0974
821.9421 510.5213
819.7695 508.5524
818.125 506.6003
816.9258 504.7946
815.8008 502.8973
814.6716 500.8587
813.8411 499.1182
813.1725 497.3073
812.5599 495.6225
811.7998 493.8475
811.0742 492.3348
810.3196 490.8609
809.4668 489.5599
808.2292 488.1255
806.8245 486.9572
805.3675 485.8921
803.7285 484.9678
801.9736 484.1853
800.0521 483.6844
797.9004 483.3124
796.0286 483.0947
794.2302 482.8946
792.4206 482.7349
790.7148 482.7722
789.0071 482.9929
787.1487 483.2606
785.3109 483.5222
783.7464 483.7416
782.5938 483.9988
781.6755 484.3875
780.9655 484.9606
780.2939 485.6973
779.5876 486.4591
778.7975 487.1923
777.9831 487.9942
777.2803 488.7597
776.6556 489.5741
776.0544 490.5108
775.3646 491.6108
774.64 492.7789
773.7451 494.1068
772.5671 495.5491
771.0534 497.0815
769.4092 498.7078
767.7712 500.4815
766.1709 502.3188
764.9534 503.8032
763.5843 505.764
762.4557 507.9074
761.4655 510.3767
760.7298 512.6204
760.1061 514.5745
760.7571 514.5854
761.8457 513.5898
762.8278 513.1149
763.1693 513.0917
762.9587 512.9319
763.111 512.3241
764.4847 511.5135
765.8978 510.8538
766.7718 510.0788
767.6758 509.1953
768.9153 508.3872
770.2646 507.5791
771.2161 506.2131
771.5521 504.0097
771.5681 502.2539
771.402 500.3786
770.5433 498.7755
769.5101 496.8579
768.8792 494.7245
768.7796 492.5723
768.3893 490.5032
767.6247 488.3671
766.9099 486.2359
766.4727 484.3319
765.8528 482.1702
765.1165 479.9921
764.4622 477.9066
764.0449 475.7047
763.695 473.4932
763.2044 471.2725
762.6852 469.0129
762.5967 467.609
762.2936 466.9045
761.1003 466.5693
759.9802 466.1317
759.6364 465.8299
759.32 465.6234
759.071 465.4157
758.833 465.189
758.7344 464.7082
758.8401 464.0902
758.9336 463.4281
759.04 462.6053
759.1074 461.6952
759.0732 461.1484
759.1042 460.5296
759.1686 460.2861
759.0433 460.3062
759.0388 460.3802
759.0586 460.3301
759.0381 460.3086
759.029 460.3792
759.0579 460.4224
759.0898 460.3822
759.0703 460.293
759.0345 460.2693
759.0518 460.2767
759.0872 460.2385
759.0954 460.1826
759.1218 460.1608
759.1423 460.1509
759.1634 460.1051
759.2005 460.089
759.2097 460.0736
759.2097 460.0661
759.2139 460.0537
759.2148 460.0387
759.2142 460.0373
759.2002 460.0269
759.21 459.9927
759.2191 460.0021
759.2458 459.9946
759.2845 459.9707
759.2891 459.9591
759.278 459.9409
759.2737 459.9351
759.2871 459.9128
759.3213 459.9458
759.3467 459.9692
759.3909 459.9915
759.4114 459.9992
759.4319 460.0115
759.4362 460.0272
759.4561 460.0453
759.46 460.0664
759.488 460.0737
759.4948 460.091
759.4977 460.1136
759.5095 460.1203
759.5124 460.1356
759.5146 460.1561
759.5189 460.1675
759.4925 460.1751
759.4948 460.1885
759.5003 460.1953
759.5498 460.1938
759.5749 460.2134
759.5947 460.2365
759.5996 460.2397
759.6077 460.2479
759.6221 460.2572
759.639 460.2589
759.6644 460.2606
759.6579 460.2637
759.6699 460.2645
759.6813 460.2555
759.6846 460.2549
759.6859 460.2567
759.7067 460.2653
759.7083 460.2705
759.7132 460.2743
759.7386 460.2593
759.7513 460.2542
759.7409 460.2332
759.7324 460.2378
759.7272 460.2355
759.6891 460.2126
759.678 460.2002
759.6579 460.1867
759.6445 460.1808
759.6091 460.1888
759.5801 460.1754
