1920 480
264.3851 479.6893
265.2555 479.9281
265.2764 479.9419
265.2845 479.9861
265.109 479.9492
265.0889 479.943
265.1289 479.9201
265.1156 479.9357
265.1009 479.9212
265.04 479.9063
265.0658 479.9015
265.0453 479.9084
265.0557 479.9004
265.0195 479.9219
265.0283 479.7257
264.9717 479.7399
264.9762 479.7179
264.9219 479.7456
264.9206 479.7339
264.904 479.7321
264.8961 479.7429
264.8802 479.7516
264.8705 479.751
264.8766 479.749
264.8783 479.7503
264.7751 479.7726
265.0358 479.7292
264.9134 479.7467
264.8659 479.702
264.9789 479.7492
264.9984 479.7257
264.9414 479.6785
264.7897 479.7173
264.9245 479.7031
264.9001 479.7067
264.9069 479.6924
264.946 479.6978
264.8952 479.7249
264.8871 479.6898
264.9186 479.701
264.8991 479.6803
264.972 479.6537
264.9798 479.6492
264.9909 479.6427
264.7995 479.6989
264.9762 479.7054
264.9082 479.6688
264.9082 479.6517
264.9385 479.6985
264.958 479.6818
264.9447 479.6971
264.9609 479.68
264.9482 479.6981
264.9499 479.7166
264.9242 479.7243
264.9902 479.6895
264.9105 479.7236
264.9108 479.7466
264.89 479.7539
264.9336 479.7616
264.8503 479.7098
264.8112 479.723
264.7813 479.7204
264.7663 479.7191
264.8119 479.7487
264.7663 479.7305
264.6719 479.7494
264.7109 479.7466
264.6247 479.742
264.6699 479.7677
264.5729 479.7412
264.6029 479.7422
264.5553 479.7477
264.5166 479.7345
264.5524 479.7632
264.4098 479.7547
264.474 479.7313
264.4948 479.7363
264.4512 479.7334
264.4967 479.757
264.5332 479.7502
264.5133 479.7534
264.4955 479.808
264.4434 479.7531
264.5091 479.7951
264.5221 479.7788
264.514 479.7751
264.4665 479.8211
264.4964 479.7808
264.5267 479.8224
264.36 479.8371
264.4645 479.7513
264.4066 479.7795
264.4102 479.8169
264.4297 479.7663
264.4375 479.7474
264.4199 479.7412
264.4508 479.8224
264.5645 479.7695
264.4694 479.7542
264.4909 479.7472
264.4551 479.7479
264.458 479.7375
264.5225 479.7599
264.5387 479.8068
264.4596 479.8027
264.5963 479.8016
264.4795 479.8237
264.4336 479.7617
264.5234 479.8073
264.4967 479.8176
264.5462 479.7835
264.5915 479.8029
264.5179 479.7515
264.4531 479.7806
264.4857 479.8208
264.5238 479.7806
264.5085 479.8
264.5068 479.8036
264.5306 479.8341
264.5807 479.8532
264.6051 479.8171
264.5788 479.8364
264.5684 479.8345
264.5742 479.827
264.5404 479.8224
264.596 479.8242
264.5547 479.808
264.6201 479.8032
264.5573 479.7404
264.6247 479.7708
264.6078 479.765
264.6126 479.7402
264.6484 479.7389
264.7236 479.7695
264.735 479.7642
264.7259 479.7583
264.7067 479.7643
264.89 479.7607
264.7799 479.772
264.8438 479.7793
264.7402 479.7529
264.7458 479.7676
264.8119 479.7952
264.7884 479.777
264.8503 479.7635
264.805 479.7083
264.8587 479.7116
264.9447 479.7497
264.8932 479.7588
264.8864 479.7407
264.8809 479.7595
264.9193 479.7068
264.9798 479.7437
264.9196 479.6955
264.9792 479.7026
264.9525 479.7459
264.9932 479.737
264.9723 479.7612
265.0156 479.713
265.0335 479.6881
265.0387 479.7607
265.0547 479.77
265.0085 479.7323
265.0313 479.7326
264.999 479.7536
264.9948 479.7505
264.9844 479.7124
264.9974 479.7438
264.9316 479.7419
264.9912 479.7235
264.9665 479.7137
264.9648 479.6865
264.9681 479.7013
264.9417 479.7349
264.9616 479.6992
265.0326 479.6898
264.918 479.6665
264.834 479.6878
264.9287 479.6785
264.8958 479.6919
264.8861 479.7091
264.8828 479.7306
264.9417 479.7108
264.8984 479.6984
264.9069 479.703
264.9665 479.6807
264.9411 479.7127
264.9268 479.7507
264.9896 479.7028
264.8486 479.7147
264.9577 479.6901
264.8392 479.6953
264.8669 479.7487
264.8434 479.675
264.8717 479.6895
264.8535 479.745
264.8835 479.6873
264.8105 479.666
264.7568 479.7114
264.8177 479.7026
264.8034 479.6733
264.8353 479.6569
264.7838 479.6818
264.8213 479.6654
264.7871 479.702
264.7311 479.682
264.7435 479.6974
264.7738 479.7207
264.8092 479.7533
264.8164 479.659
264.8568 479.6553
264.8802 479.699
264.8496 479.7179
264.8359 479.6532
264.9658 479.6709
264.8822 479.6795
264.8981 479.6582
264.8848 479.6121
264.9681 479.5863
264.9512 479.6146
264.9027 479.6073
264.9889 479.6426
264.9844 479.6128
265.0156 479.6086
264.9645 479.63
264.9567 479.6354
265.0117 479.583
265.0661 479.5846
264.984 479.6209
265.0547 479.5649
264.987 479.5956
265.0895 479.5981
265.0068 479.5613
265.0475 479.5607
265.0654 479.5837
265.084 479.5547
264.9863 479.5868
265.0329 479.5547
265.0488 479.5688
265.0094 479.5653
265.0208 479.5571
265.0352 479.5229
264.9876 479.5906
264.9616 479.5623
265.0742 479.5435
265.0039 479.5887
264.957 479.5978
265.0114 479.5622
265.0257 479.5534
265.0247 479.5736
264.9919 479.5294
265.0391 479.5681
265.1152 479.5059
265.0631 479.5698
265.0957 479.5838
265.056 479.5469
265.0449 479.5785
265.0651 479.59
265.0101 479.5957
265.0703 479.5794
265.0228 479.5967
265.0065 479.5724
265.0446 479.5688
265.0029 479.5211
265.0013 479.5578
265.0794 479.5625
265.0781 479.5216
265.0436 479.5153
264.9538 479.5392
264.985 479.5643
265.0977 479.5322
265.0934 479.5449
265.0143 479.6123
265.0908 479.5724
265.054 479.5535
265.0381 479.5578
265.0996 479.519
265.0612 479.536
265.0765 479.5343
265.0736 479.5278
265.0742 479.5257
265.1263 479.5474
265.2174 479.4971
265.1787 479.5776
265.1976 479.5856
265.0951 479.5522
265.1318 479.5915
265.2484 479.6151
265.2155 479.5542
265.2581 479.5913
265.2588 479.6104
265.2741 479.5728
265.2663 479.5653
265.2799 479.5601
265.2738 479.5389
265.2435 479.6116
265.2715 479.5601
265.2471 479.5815
1920 480
264.3851 479.6893
265.2555 479.9281
265.2764 479.9419
265.2845 479.9861
265.109 479.9492
265.0889 479.943
265.1289 479.9201
265.1156 479.9357
265.1009 479.9212
265.04 479.9063
265.0658 479.9015
265.0453 479.9084
265.0557 479.9004
265.0195 479.9219
265.0283 479.7257
264.9717 479.7399
264.9762 479.7179
264.9219 479.7456
264.9206 479.7339
264.904 479.7321
264.8961 479.7429
264.8802 479.7516
264.8705 479.751
264.8766 479.749
264.8783 479.7503
264.7751 479.7726
265.0358 479.7292
264.9134 479.7467
264.8659 479.702
264.9789 479.7492
264.9984 479.7257
264.9414 479.6785
264.7897 479.7173
264.9245 479.7031
264.9001 479.7067
264.9069 479.6924
264.946 479.6978
264.8952 479.7249
264.8871 479.6898
264.9186 479.701
264.8991 479.6803
264.972 479.6537
264.9798 479.6492
264.9909 479.6427
264.7995 479.6989
264.9762 479.7054
264.9082 479.6688
264.9082 479.6517
264.9385 479.6985
264.958 479.6818
264.9447 479.6971
264.9609 479.68
264.9482 479.6981
264.9499 479.7166
264.9242 479.7243
264.9902 479.6895
264.9105 479.7236
264.9108 479.7466
264.89 479.7539
264.9336 479.7616
264.8503 479.7098
264.8112 479.723
264.7813 479.7204
264.7663 479.7191
264.8119 479.7487
264.7663 479.7305
264.6719 479.7494
264.7109 479.7466
264.6247 479.742
264.6699 479.7677
264.5729 479.7412
264.6029 479.7422
264.5553 479.7477
264.5166 479.7345
264.5524 479.7632
264.4098 479.7547
264.474 479.7313
264.4948 479.7363
264.4512 479.7334
264.4967 479.757
264.5332 479.7502
264.5133 479.7534
264.4955 479.808
264.4434 479.7531
264.5091 479.7951
264.5221 479.7788
264.514 479.7751
264.4665 479.8211
264.4964 479.7808
264.5267 479.8224
264.36 479.8371
264.4645 479.7513
264.4066 479.7795
264.4102 479.8169
264.4297 479.7663
264.4375 479.7474
264.4199 479.7412
264.4508 479.8224
264.5645 479.7695
264.4694 479.7542
264.4909 479.7472
264.4551 479.7479
264.458 479.7375
264.5225 479.7599
264.5387 479.8068
264.4596 479.8027
264.5963 479.8016
264.4795 479.8237
264.4336 479.7617
264.5234 479.8073
264.4967 479.8176
264.5462 479.7835
264.5915 479.8029
264.5179 479.7515
264.4531 479.7806
264.4857 479.8208
264.5238 479.7806
264.5085 479.8
264.5068 479.8036
264.5306 479.8341
264.5807 479.8532
264.6051 479.8171
264.5788 479.8364
264.5684 479.8345
264.5742 479.827
264.5404 479.8224
264.596 479.8242
264.5547 479.808
264.6201 479.8032
264.5573 479.7404
264.6247 479.7708
264.6078 479.765
264.6126 479.7402
264.6484 479.7389
264.7236 479.7695
264.735 479.7642
264.7259 479.7583
264.7067 479.7643
264.89 479.7607
264.7799 479.772
264.8438 479.7793
264.7402 479.7529
264.7458 479.7676
264.8119 479.7952
264.7884 479.777
264.8503 479.7635
264.805 479.7083
264.8587 479.7116
264.9447 479.7497
264.8932 479.7588
264.8864 479.7407
264.8809 479.7595
264.9193 479.7068
264.9798 479.7437
264.9196 479.6955
264.9792 479.7026
264.9525 479.7459
264.9932 479.737
264.9723 479.7612
265.0156 479.713
265.0335 479.6881
265.0387 479.7607
265.0547 479.77
265.0085 479.7323
265.0313 479.7326
264.999 479.7536
264.9948 479.7505
264.9844 479.7124
264.9974 479.7438
264.9316 479.7419
264.9912 479.7235
264.9665 479.7137
264.9648 479.6865
264.9681 479.7013
264.9417 479.7349
264.9616 479.6992
265.0326 479.6898
264.918 479.6665
264.834 479.6878
264.9287 479.6785
264.8958 479.6919
264.8861 479.7091
264.8828 479.7306
264.9417 479.7108
264.8984 479.6984
264.9069 479.703
264.9665 479.6807
264.9411 479.7127
264.9268 479.7507
264.9896 479.7028
264.8486 479.7147
264.9577 479.6901
264.8392 479.6953
264.8669 479.7487
264.8434 479.675
264.8717 479.6895
264.8535 479.745
264.8835 479.6873
264.8105 479.666
264.7568 479.7114
264.8177 479.7026
264.8034 479.6733
264.8353 479.6569
264.7838 479.6818
264.8213 479.6654
264.7871 479.702
264.7311 479.682
264.7435 479.6974
264.7738 479.7207
264.8092 479.7533
264.8164 479.659
264.8568 479.6553
264.8802 479.699
264.8496 479.7179
264.8359 479.6532
264.9658 479.6709
264.8822 479.6795
264.8981 479.6582
264.8848 479.6121
264.9681 479.5863
264.9512 479.6146
264.9027 479.6073
264.9889 479.6426
264.9844 479.6128
265.0156 479.6086
264.9645 479.63
264.9567 479.6354
265.0117 479.583
265.0661 479.5846
264.984 479.6209
265.0547 479.5649
264.987 479.5956
265.0895 479.5981
265.0068 479.5613
265.0475 479.5607
265.0654 479.5837
265.084 479.5547
264.9863 479.5868
265.0329 479.5547
265.0488 479.5688
265.0094 479.5653
265.0208 479.5571
265.0352 479.5229
264.9876 479.5906
264.9616 479.5623
265.0742 479.5435
265.0039 479.5887
264.957 479.5978
265.0114 479.5622
265.0257 479.5534
265.0247 479.5736
264.9919 479.5294
265.0391 479.5681
265.1152 479.5059
265.0631 479.5698
265.0957 479.5838
265.056 479.5469
265.0449 479.5785
265.0651 479.59
265.0101 479.5957
265.0703 479.5794
265.0228 479.5967
265.0065 479.5724
265.0446 479.5688
265.0029 479.5211
265.0013 479.5578
265.0794 479.5625
265.0781 479.5216
265.0436 479.5153
264.9538 479.5392
264.985 479.5643
265.0977 479.5322
265.0934 479.5449
265.0143 479.6123
265.0908 479.5724
265.054 479.5535
265.0381 479.5578
265.0996 479.519
265.0612 479.536
265.0765 479.5343
265.0736 479.5278
265.0742 479.5257
265.1263 479.5474
265.2174 479.4971
265.1787 479.5776
265.1976 479.5856
265.0951 479.5522
265.1318 479.5915
265.2484 479.6151
265.2155 479.5542
265.2581 479.5913
265.2588 479.6104
265.2741 479.5728
265.2663 479.5653
265.2799 479.5601
265.2738 479.5389
265.2435 479.6116
265.2715 479.5601
265.2471 479.5815
