1920 480
2672.266 480
2672.266 480
2672.266 480
2672.266 480
2672.266 480
2672.266 480
2672.266 480
2672.266 480
2672.266 480
2672.266 480
2672.266 480
2672.266 480
2672.266 480
2672.266 480
2672.266 480
2672.266 480
2672.266 480
2672.266 480
2672.266 480
2672.266 480
2672.266 480
2672.266 480
2672.266 480
2672.266 480
2672.266 480
2672.266 480
2672.266 480
2672.266 480
2672.266 480
2672.266 480
2672.266 480
2672.266 480
2672.266 480
2672.266 480
2672.266 480
2672.266 480
2672.266 480
2672.266 480
2672.266 480
2672.266 480
2672.266 480
2672.266 480
2672.266 480
2672.266 480
2672.266 480
2672.266 480
2672.266 480
2672.266 480
2672.266 480
2672.266 480
2672.266 480
2672.266 480
2672.266 480
2672.266 480
2672.266 480
2672.266 480
2672.266 480
2672.266 480
2672.266 480
2672.266 480
2672.266 480
2672.266 480
2672.266 480
2672.266 480
2672.266 480
2672.266 480
2672.266 480
2672.266 480
2672.266 480
2672.266 480
2672.266 480
2672.266 480
2672.266 480
2672.266 480
2672.266 480
2672.266 480
2672.266 480
2672.266 480
2672.266 480
2672.266 480
2672.266 480
2672.266 480
2672.266 480
2672.266 480
2672.266 480
2672.266 480
2672.266 480
2672.266 480
2672.266 480
2672.266 480
2672.266 480
2672.266 480
2672.266 480
2672.266 480
2672.266 480
2672.266 480
2672.266 480
2672.266 480
2672.266 480
2672.266 480
2672.266 480
2672.266 480
2672.266 480
2672.266 480
2672.266 480
2672.266 480
2672.266 480
2672.266 480
2672.266 480
2672.266 480
2672.266 480
2672.266 480
2672.266 480
2672.266 480
2672.266 480
2672.266 480
2672.266 480
2672.266 480
2672.266 480
2672.266 480
2672.266 480
2672.266 480
2672.266 480
2672.266 480
2672.266 480
2672.266 480
2672.266 480
2672.266 480
2672.266 480
2672.266 480
2672.266 480
2672.266 480
2672.266 480
2672.266 480
2672.266 480
2672.266 480
2672.266 480
2672.266 480
2672.266 480
2672.266 480
2672.266 480
2672.266 480
2672.266 480
2672.266 480
2672.266 480
2672.266 480
2672.266 480
2672.266 480
2672.266 480
2672.266 480
2672.266 480
2672.266 480
2672.266 480
2672.266 480
2672.266 480
2672.266 480
2672.266 480
2672.266 480
2672.266 480
2672.266 480
2672.266 480
2672.266 480
2672.266 480
2672.266 480
2672.266 480
2672.266 480
2672.266 480
2672.266 480
2672.266 480
2672.266 480
2672.266 480
2672.266 480
2672.266 480
2672.266 480
2672.266 480
2672.266 480
2672.266 480
2672.266 480
2672.266 480
2672.266 480
2672.266 480
2672.266 480
2672.266 480
2672.266 480
2672.266 480
2672.266 480
2672.266 480
2672.266 480
2672.266 480
2672.266 480
2672.266 480
2672.266 480
2672.266 480
2672.266 480
2672.266 480
2672.266 480
2672.266 480
2672.266 480
2672.266 480
2672.266 480
2672.266 480
2672.266 480
2672.266 480
2672.266 480
2672.266 480
2672.266 480
2672.266 480
2672.266 480
2672.266 480
2672.266 480
2672.266 480
2672.266 480
2672.266 480
2672.266 480
2672.266 480
2672.266 480
2672.266 480
2672.266 480
2651.991 480
2630.297 480
2609.017 480
2585.489 480
2563.518 480
2544.772 480
2523.687 480
2499.606 480
2481.252 480
2457.134 480
2435.86 480
2417.242 480
2395.838 480
2371.714 480
2350.206 480
2331.701 480
2307.194 480
2289.099 480
2267.589 480
2242.343 480
2225.242 480
2204.019 480
2178.968 480
2160.793 480
2137.052 480
2115.591 480
2096.977 480
2075.739 480
2052.052 480
2030.484 480
2011.697 480
1987.136 480
1969.297 480
1946.386 480
1923.146 480
1905.047 480
1884.076 480
1859.616 480
1841.042 480
1817.063 480
1794.835 480
1776.899 480
1755.925 480
1730.892 480
1709.748 480
1691.822 480
1666.914 480
1646.948 480
1627.682 480
1603.744 480
1584.906 480
1563.937 480
1539.355 480
1521.37 480
1501.17 480
1489.866 480
1489.866 480
1489.866 480
1489.866 480
1489.866 480
1489.866 480
1489.866 480
1489.866 480
1509.487 480
1528.795 480
1550.4 480
1571.546 480
1593.155 480
1614.353 480
1641.192 480
1657.525 480
1678.458 480
1702.572 480
1721.089 480
1745.827 480
1773.142 480
1784.857 480
1806.244 480
1830.808 480
1853.257 480
1870.08 480
1920 480
2672.266 480
2672.266 480
2672.266 480
2672.266 480
2672.266 480
2672.266 480
2672.266 480
2672.266 480
2672.266 480
2672.266 480
2672.266 480
2672.266 480
2672.266 480
2672.266 480
2672.266 480
2672.266 480
2672.266 480
2672.266 480
2672.266 480
2672.266 480
2672.266 480
2672.266 480
2672.266 480
2672.266 480
2672.266 480
2672.266 480
2672.266 480
2672.266 480
2672.266 480
2672.266 480
2672.266 480
2672.266 480
2672.266 480
2672.266 480
2672.266 480
2672.266 480
2672.266 480
2672.266 480
2672.266 480
2672.266 480
2672.266 480
2672.266 480
2672.266 480
2672.266 480
2672.266 480
2672.266 480
2672.266 480
2672.266 480
2672.266 480
2672.266 480
2672.266 480
2672.266 480
2672.266 480
2672.266 480
2672.266 480
2672.266 480
2672.266 480
2672.266 480
2672.266 480
2672.266 480
2672.266 480
2672.266 480
2672.266 480
2672.266 480
2672.266 480
2672.266 480
2672.266 480
2672.266 480
2672.266 480
2672.266 480
2672.266 480
2672.266 480
2672.266 480
2672.266 480
2672.266 480
2672.266 480
2672.266 480
2672.266 480
2672.266 480
2672.266 480
2672.266 480
2672.266 480
2672.266 480
2672.266 480
2672.266 480
2672.266 480
2672.266 480
2672.266 480
2672.266 480
2672.266 480
2672.266 480
2672.266 480
2672.266 480
2672.266 480
2672.266 480
2672.266 480
2672.266 480
2672.266 480
2672.266 480
2672.266 480
2672.266 480
2672.266 480
2672.266 480
2672.266 480
2672.266 480
2672.266 480
2672.266 480
2672.266 480
2672.266 480
2672.266 480
2672.266 480
2672.266 480
2672.266 480
2672.266 480
2672.266 480
2672.266 480
2672.266 480
2672.266 480
2672.266 480
2672.266 480
2672.266 480
2672.266 480
2672.266 480
2672.266 480
2672.266 480
2672.266 480
2672.266 480
2672.266 480
2672.266 480
2672.266 480
2672.266 480
2672.266 480
2672.266 480
2672.266 480
2672.266 480
2672.266 480
2672.266 480
2672.266 480
2672.266 480
2672.266 480
2672.266 480
2672.266 480
2672.266 480
2672.266 480
2672.266 480
2672.266 480
2672.266 480
2672.266 480
2672.266 480
2672.266 480
2672.266 480
2672.266 480
2672.266 480
2672.266 480
2672.266 480
2672.266 480
2672.266 480
2672.266 480
2672.266 480
2672.266 480
2672.266 480
2672.266 480
2672.266 480
2672.266 480
2672.266 480
2672.266 480
2672.266 480
2672.266 480
2672.266 480
2672.266 480
2672.266 480
2672.266 480
2672.266 480
2672.266 480
2672.266 480
2672.266 480
2672.266 480
2672.266 480
2672.266 480
2672.266 480
2672.266 480
2672.266 480
2672.266 480
2672.266 480
2672.266 480
2672.266 480
2672.266 480
2672.266 480
2672.266 480
2672.266 480
2672.266 480
2672.266 480
2672.266 480
2672.266 480
2672.266 480
2672.266 480
2672.266 480
2672.266 480
2672.266 480
2672.266 480
2672.266 480
2672.266 480
2672.266 480
2672.266 480
2672.266 480
2672.266 480
2672.266 480
2672.266 480
2672.266 480
2672.266 480
2672.266 480
2672.266 480
2672.266 480
2672.266 480
2672.266 480
2672.266 480
2672.266 480
2672.266 480
2651.991 480
2630.297 480
2609.017 480
2585.489 480
2563.518 480
2544.772 480
2523.687 480
2499.606 480
2481.252 480
2457.134 480
2435.86 480
2417.242 480
2395.838 480
2371.714 480
2350.206 480
2331.701 480
2307.194 480
2289.099 480
2267.589 480
2242.343 480
2225.242 480
2204.019 480
2178.968 480
2160.793 480
2137.052 480
2115.591 480
2096.977 480
2075.739 480
2052.052 480
2030.484 480
2011.697 480
1987.136 480
1969.297 480
1946.386 480
1923.146 480
1905.047 480
1884.076 480
1859.616 480
1841.042 480
1817.063 480
1794.835 480
1776.899 480
1755.925 480
1730.892 480
1709.748 480
1691.822 480
1666.914 480
1646.948 480
1627.682 480
1603.744 480
1584.906 480
1563.937 480
1539.355 480
1521.37 480
1501.17 480
1489.866 480
1489.866 480
1489.866 480
1489.866 480
1489.866 480
1489.866 480
1489.866 480
1489.866 480
1509.487 480
1528.795 480
1550.4 480
1571.546 480
1593.155 480
1614.353 480
1641.192 480
1657.525 480
1678.458 480
1702.572 480
1721.089 480
1745.827 480
1773.142 480
1784.857 480
1806.244 480
1830.808 480
1853.257 480
1870.08 480
