1920 480
809.3698 393.4416
730.9473 419.5906
735.7246 421.5503
736.7943 421.9235
737.7917 422.3239
739.2009 422.5264
740.7692 422.5793
742.4778 422.6027
744.3496 422.5536
746.4388 422.3721
748.348 422.1815
750.223 421.9932
752.0911 421.8499
753.6458 421.9985
755.2952 422.4238
764.3275 429.6453
764.0439 431.4303
763.4421 433.3096
763.0173 434.8363
762.6807 436.591
762.9411 438.1133
763.0745 439.6107
763.291 441.141
763.614 442.7285
764.2585 444.2837
764.8076 445.6074
765.6751 446.7433
766.5723 447.904
768.2337 448.2674
770.1143 448.5954
768.3499 447.777
770.1989 448.2593
772.3854 448.5894
773.3408 448.7196
776.1439 448.9806
779.207 449.2097
782.6393 449.5091
786.5182 449.7988
790.9446 450.0894
795.9199 450.3537
801.4368 450.5231
807.6563 450.6419
814.5013 450.6405
822.2881 450.5093
830.388 450.2275
839.1364 449.7785
848.5156 449.1758
857.9521 448.4767
867.9769 447.5749
878.5325 446.4932
888.8372 445.3439
899.9153 444.0789
911.0944 442.7831
922.4925 441.446
934.1478 439.9997
946.1159 438.508
958.5586 437.0335
971.5513 435.5573
984.3864 434.1213
997.4747 432.597
1011.183 430.8908
1025.033 429.0941
1039.635 427.1638
1053.497 425.3073
1067.842 423.2803
1082.382 421.0939
1096.789 418.822
1110.876 416.5784
1124.931 414.3809
1138.275 412.3602
1151.774 410.3293
1165.243 408.2542
1178.27 406.2
1191.059 404.1499
1204.092 402.0752
1216.943 400.0739
1229.555 398.1789
1242.027 396.3371
1254.158 394.486
1266.052 392.661
1277.706 390.912
1288.664 389.3247
1299.092 387.9372
1308.974 386.8586
1317.853 386.1273
1325.78 385.61
1332.858 385.2272
1339.04 385.0544
1343.936 385.1258
1348.138 385.4191
1351.354 385.8882
1353.411 386.535
1920 387.4259
1920 389.9023
1920 390.9655
1920 392.6987
1920 394.5703
1920 396.7559
1920 398.9193
1920 401.1628
1920 403.2316
1920 405.4452
1920 407.6898
1915.997 409.9264
1910.516 412.6398
1906.082 414.6789
1901.233 416.7876
1896.207 418.8644
1890.925 420.8629
1885.37 422.7848
1879.732 424.6658
1873.896 426.5824
1868.03 428.5394
1862.314 430.3929
1856.704 432.1647
1851.221 433.8818
1846.042 435.4988
1840.971 437.0062
1836.277 438.2883
1831.766 439.5156
1827.945 440.5542
1824.165 441.4736
1820.699 442.3021
1817.481 443.0329
1814.607 443.6842
1811.914 444.2669
1809.511 444.7635
1807.466 445.136
1805.475 445.4696
1803.577 445.8008
1801.748 446.1699
1800.007 446.5672
1798.357 446.999
1796.739 447.4837
1795.277 448.0269
1793.934 448.661
1792.824 449.3573
1791.789 450.2205
1791.078 450.9912
1790.433 451.8952
1790.054 452.8153
1789.9 453.7985
1790.026 454.7077
1790.453 455.6032
1791.24 456.3651
1792.382 456.9663
1793.864 457.4733
1795.373 457.8839
1796.92 458.1787
1798.627 458.3638
1800.384 458.4212
1802.167 458.4051
1803.923 458.3262
1805.564 458.1865
1807.096 457.9235
1808.693 457.5255
1810.256 457.0231
1811.786 456.4932
1813.283 455.8986
1814.664 455.3395
1815.884 454.8275
1817.098 454.3465
1818.165 453.9375
1819.176 453.6641
1819.934 453.5186
1820.547 453.5096
1821.082 453.6211
1821.461 453.8512
1821.771 454.1424
1821.976 454.5241
1822.133 454.973
1822.236 455.4679
1822.265 455.8249
1822.225 456.3359
1822.077 456.8044
1821.761 457.2253
1821.271 457.5944
1820.578 458.0077
1819.725 458.4437
1818.727 458.9002
1817.467 459.3314
1815.988 459.8003
1813.886 460.4419
1811.998 461.0479
1809.886 461.762
1807.606 462.6312
1805.193 463.6709
1802.805 464.8211
1800.076 466.1943
1797.194 467.7425
1794.242 469.4606
1791.282 471.3813
1788.106 473.6177
1785.148 475.8158
1782.001 478.2515
1778.971 480.7126
1775.985 483.2926
1772.943 486.1711
1770.141 489.0709
1767.889 491.5776
1765.557 494.3565
1763.407 497.1469
1761.485 499.8529
1759.71 502.6819
1758.293 505.2668
1757.179 507.5702
1756.278 509.8217
1755.601 512.0085
1755.272 514.0582
1755.271 516.3442
1755.563 518.5212
1756.005 520.5709
1756.631 522.6398
1757.563 524.6666
1758.671 526.6911
1759.844 528.8657
1761 531.0554
1762.03 532.8022
1763.688 535.2724
1765.613 537.8142
1767.652 540.1885
1769.667 542.4528
1771.595 544.5349
1773.241 546.407
1774.727 548.0461
1776.267 549.421
1778.085 550.4365
1780.594 551.4242
1782.849 552.1837
1785.131 553.0551
1787.18 553.9771
1789.353 555.0056
1791.584 555.7699
1795.515 556.6501
1796.526 556.8199
1798.005 557.2155
1799.429 557.6558
1800.691 557.8514
1801.526 557.7347
1802.13 557.3475
1802.413 557.0275
1802.345 556.9215
1801.917 557.0987
1801.267 557.4405
1800.179 557.8862
1799.124 557.9949
1797.57 558.0334
1795.632 558.1948
1793.677 558.6284
1791.648 559.2177
1789.698 559.6779
1787.569 559.829
1785.477 559.7264
1783.389 559.5896
1781.23 559.5721
1779.186 559.599
1777.331 559.5149
1775.463 559.2413
1773.862 558.8861
1772.436 558.4766
1771.123 558.074
1769.986 557.7534
1768.984 557.432
1768.118 556.9653
1767.527 556.4653
1767.034 555.9044
1766.682 555.3605
1766.501 554.8229
1766.465 554.2151
1766.506 553.4514
1766.636 552.7191
1766.957 551.9742
1767.531 551.3435
1768.347 550.7773
1769.191 550.0541
1769.818 549.1542
1770.352 548.0179
1770.912 546.8408
1771.502 545.6149
1772.181 544.3658
1772.941 542.9509
1773.648 541.4666
1774.28 539.9431
1774.846 538.2768
1775.261 536.6254
1775.461 535.0012
1775.456 533.3585
1775.181 531.4315
1774.834 529.5852
1774.378 527.5643
1773.807 525.455
1773.061 523.4208
1772.143 521.2444
1771.132 519.0917
1770.058 516.851
1768.831 514.5849
1767.451 512.2694
1766 510.1116
1764.41 507.7337
1920 480
809.3698 393.4416
730.9473 419.5906
735.7246 421.5503
736.7943 421.9235
737.7917 422.3239
739.2009 422.5264
740.7692 422.5793
742.4778 422.6027
744.3496 422.5536
746.4388 422.3721
748.348 422.1815
750.223 421.9932
752.0911 421.8499
753.6458 421.9985
755.2952 422.4238
764.3275 429.6453
764.0439 431.4303
763.4421 433.3096
763.0173 434.8363
762.6807 436.591
762.9411 438.1133
763.0745 439.6107
763.291 441.141
763.614 442.7285
764.2585 444.2837
764.8076 445.6074
765.6751 446.7433
766.5723 447.904
768.2337 448.2674
770.1143 448.5954
768.3499 447.777
770.1989 448.2593
772.3854 448.5894
773.3408 448.7196
776.1439 448.9806
779.207 449.2097
782.6393 449.5091
786.5182 449.7988
790.9446 450.0894
795.9199 450.3537
801.4368 450.5231
807.6563 450.6419
814.5013 450.6405
822.2881 450.5093
830.388 450.2275
839.1364 449.7785
848.5156 449.1758
857.9521 448.4767
867.9769 447.5749
878.5325 446.4932
888.8372 445.3439
899.9153 444.0789
911.0944 442.7831
922.4925 441.446
934.1478 439.9997
946.1159 438.508
958.5586 437.0335
971.5513 435.5573
984.3864 434.1213
997.4747 432.597
1011.183 430.8908
1025.033 429.0941
1039.635 427.1638
1053.497 425.3073
1067.842 423.2803
1082.382 421.0939
1096.789 418.822
1110.876 416.5784
1124.931 414.3809
1138.275 412.3602
1151.774 410.3293
1165.243 408.2542
1178.27 406.2
1191.059 404.1499
1204.092 402.0752
1216.943 400.0739
1229.555 398.1789
1242.027 396.3371
1254.158 394.486
1266.052 392.661
1277.706 390.912
1288.664 389.3247
1299.092 387.9372
1308.974 386.8586
1317.853 386.1273
1325.78 385.61
1332.858 385.2272
1339.04 385.0544
1343.936 385.1258
1348.138 385.4191
1351.354 385.8882
1353.411 386.535
1920 387.4259
1920 389.9023
1920 390.9655
1920 392.6987
1920 394.5703
1920 396.7559
1920 398.9193
1920 401.1628
1920 403.2316
1920 405.4452
1920 407.6898
1915.997 409.9264
1910.516 412.6398
1906.082 414.6789
1901.233 416.7876
1896.207 418.8644
1890.925 420.8629
1885.37 422.7848
1879.732 424.6658
1873.896 426.5824
1868.03 428.5394
1862.314 430.3929
1856.704 432.1647
1851.221 433.8818
1846.042 435.4988
1840.971 437.0062
1836.277 438.2883
1831.766 439.5156
1827.945 440.5542
1824.165 441.4736
1820.699 442.3021
1817.481 443.0329
1814.607 443.6842
1811.914 444.2669
1809.511 444.7635
1807.466 445.136
1805.475 445.4696
1803.577 445.8008
1801.748 446.1699
1800.007 446.5672
1798.357 446.999
1796.739 447.4837
1795.277 448.0269
1793.934 448.661
1792.824 449.3573
1791.789 450.2205
1791.078 450.9912
1790.433 451.8952
1790.054 452.8153
1789.9 453.7985
1790.026 454.7077
1790.453 455.6032
1791.24 456.3651
1792.382 456.9663
1793.864 457.4733
1795.373 457.8839
1796.92 458.1787
1798.627 458.3638
1800.384 458.4212
1802.167 458.4051
1803.923 458.3262
1805.564 458.1865
1807.096 457.9235
1808.693 457.5255
1810.256 457.0231
1811.786 456.4932
1813.283 455.8986
1814.664 455.3395
1815.884 454.8275
1817.098 454.3465
1818.165 453.9375
1819.176 453.6641
1819.934 453.5186
1820.547 453.5096
1821.082 453.6211
1821.461 453.8512
1821.771 454.1424
1821.976 454.5241
1822.133 454.973
1822.236 455.4679
1822.265 455.8249
1822.225 456.3359
1822.077 456.8044
1821.761 457.2253
1821.271 457.5944
1820.578 458.0077
1819.725 458.4437
1818.727 458.9002
1817.467 459.3314
1815.988 459.8003
1813.886 460.4419
1811.998 461.0479
1809.886 461.762
1807.606 462.6312
1805.193 463.6709
1802.805 464.8211
1800.076 466.1943
1797.194 467.7425
1794.242 469.4606
1791.282 471.3813
1788.106 473.6177
1785.148 475.8158
1782.001 478.2515
1778.971 480.7126
1775.985 483.2926
1772.943 486.1711
1770.141 489.0709
1767.889 491.5776
1765.557 494.3565
1763.407 497.1469
1761.485 499.8529
1759.71 502.6819
1758.293 505.2668
1757.179 507.5702
1756.278 509.8217
1755.601 512.0085
1755.272 514.0582
1755.271 516.3442
1755.563 518.5212
1756.005 520.5709
1756.631 522.6398
1757.563 524.6666
1758.671 526.6911
1759.844 528.8657
1761 531.0554
1762.03 532.8022
1763.688 535.2724
1765.613 537.8142
1767.652 540.1885
1769.667 542.4528
1771.595 544.5349
1773.241 546.407
1774.727 548.0461
1776.267 549.421
1778.085 550.4365
1780.594 551.4242
1782.849 552.1837
1785.131 553.0551
1787.18 553.9771
1789.353 555.0056
1791.584 555.7699
1795.515 556.6501
1796.526 556.8199
1798.005 557.2155
1799.429 557.6558
1800.691 557.8514
1801.526 557.7347
1802.13 557.3475
1802.413 557.0275
1802.345 556.9215
1801.917 557.0987
1801.267 557.4405
1800.179 557.8862
1799.124 557.9949
1797.57 558.0334
1795.632 558.1948
1793.677 558.6284
1791.648 559.2177
1789.698 559.6779
1787.569 559.829
1785.477 559.7264
1783.389 559.5896
1781.23 559.5721
1779.186 559.599
1777.331 559.5149
1775.463 559.2413
1773.862 558.8861
1772.436 558.4766
1771.123 558.074
1769.986 557.7534
1768.984 557.432
1768.118 556.9653
1767.527 556.4653
1767.034 555.9044
1766.682 555.3605
1766.501 554.8229
1766.465 554.2151
1766.506 553.4514
1766.636 552.7191
1766.957 551.9742
1767.531 551.3435
1768.347 550.7773
1769.191 550.0541
1769.818 549.1542
1770.352 548.0179
1770.912 546.8408
1771.502 545.6149
1772.181 544.3658
1772.941 542.9509
1773.648 541.4666
1774.28 539.9431
1774.846 538.2768
1775.261 536.6254
1775.461 535.0012
1775.456 533.3585
1775.181 531.4315
1774.834 529.5852
1774.378 527.5643
1773.807 525.455
1773.061 523.4208
1772.143 521.2444
1771.132 519.0917
1770.058 516.851
1768.831 514.5849
1767.451 512.2694
1766 510.1116
1764.41 507.7337
1762.791 505.4361
1761.427 503.2728
1760.023 501.0554
1758.574 498.8282
1757.043 496.8303
1755.544 494.9092
1754.088 493.106
1752.823 491.2183
1751.746 489.4311
1750.9 487.5583
1750.248 485.8915
1749.816 484.0977
1749.573 482.3969
1749.668 480.6912
1750.062 478.9484
1750.811 477.2065
1751.798 475.5737
1753.01 473.8939
1754.476 472.1268
1755.902 470.7122
1757.154 469.675
1758.472 468.6343
1759.755 467.681
1761.087 466.6899
1762.375 465.8441
1763.468 465.1444
1764.326 464.6808
1765.125 464.3291
1765.881 464.0052
1766.531 463.7495
1767.029 463.6854
1767.436 463.8267
1767.781 464.0508
1768.015 464.3507
1768.125 464.8293
1768.155 465.3556
1768.063 466.0503
1767.953 466.7067
1767.835 467.2917
1767.761 467.7254
1767.765 468.1078
1767.8 468.4831
1767.778 468.9341
1767.688 469.3294
1767.647 469.6761
1767.69 469.891
1768.244 470.0688
1768.432 470.1141
1768.864 470.2082
1769.394 470.3511
1770.033 470.5326
1770.826 470.6336
1771.75 470.6237
1772.74 470.5503
1773.832 470.4876
1775.036 470.4471
1776.202 470.3965
1777.516 470.3276
1779.06 470.1943
1781.601 470.0247
1784.013 469.8068
1786.566 469.445
1788.895 469.0711
1790.911 468.5705
1792.619 467.7453
1793.347 467.3723
1793.794 467.145
1794.146 466.9935
1794.512 466.7497
1794.804 466.4606
1795.129 466.1784
1795.443 465.9828
1795.745 465.8844
1796.023 465.8564
1796.29 465.8535
1796.59 465.8503
1796.981 465.8211
1797.406 465.791
1797.792 465.7949
1798.159 465.8843
1798.559 465.9949
1799.097 466.1341
1799.691 466.2009
1800.348 466.182
1800.894 466.1141
1801.662 466.0627
1802.484 466.0171
1803.378 465.891
1804.369 465.6281
1805.523 465.2845
1806.796 464.8919
1808.109 464.5516
1809.483 464.2822
1810.925 464.0413
1812.767 463.7116
1814.353 463.4385
1815.936 463.1834
1817.346 462.9696
1818.798 462.7489
1820.14 462.5471
1821.412 462.333
1822.63 462.1516
1823.686 462.0187
1824.678 461.9142
1825.608 461.7951
1826.533 461.7095
1827.357 461.6362
1828.857 461.5148
1829.78 461.3823
1830.438 461.2975
1831 461.2689
1831.438 461.245
1831.728 461.2119
1831.911 461.2113
1831.994 461.2555
1831.971 461.3247
1831.937 461.3809
1831.838 461.4063
1831.731 461.4591
1831.581 461.6094
1831.454 461.762
1831.311 461.9087
1831.202 462.0215
1831.11 462.1419
1830.964 462.2957
1830.854 462.4235
1830.725 462.5347
1830.57 462.6588
1830.418 462.8127
1830.126 462.9616
1829.828 463.0892
1829.531 463.2065
1829.188 463.3669
1828.863 463.5508
1828.497 463.7757
1828.102 464.0182
1827.735 464.208
1827.365 464.34
1826.951 464.4352
1826.574 464.5125
1826.157 464.5897
1825.661 464.6702
1825.23 464.7361
1824.781 464.7888
1824.304 464.8462
1823.9 464.8734
1823.547 464.9116
1823.194 464.9321
1822.863 464.9282
1822.583 464.9116
1822.307 464.9289
1822.054 464.9678
1821.815 465.013
1821.548 465.0488
1821.242 465.09
1820.985 465.1317
1820.682 465.1985
1820.33 465.32
1819.981 465.4606
1819.616 465.6063
1819.312 465.7306
1819.008 465.7979
1818.742 465.8273
1818.485 465.8579
1818.253 465.9232
1818.1 465.971
1818.004 465.9754
1817.908 465.9238
1817.816 465.8605
1817.67 465.8599
1817.48 465.8878
1817.291 465.9181
1817.126 465.9054
1816.96 465.8568
1816.763 465.799
1816.534 465.7455
1816.359 465.6997
1816.223 465.6479
1816.12 465.577
1816.051 465.506
1815.999 465.4115
1815.949 465.2954
1815.899 465.1593
1815.839 465.0353
1815.818 464.8906
1815.776 464.7614
1815.715 464.6494
1815.655 464.5548
1815.648 464.4668
1815.652 464.3848
1815.648 464.3104
1815.618 464.2371
1815.6 464.159
1815.599 464.1016
1815.568 464.0812
1815.549 464.0685
1815.462 464.0592
1815.319 464.0521
1815.113 464.0544
1814.807 464.0649
1814.407 464.0736
1813.903 464.0968
1813.327 464.1335
1812.633 464.1805
1811.867 464.2492
1811.129 464.3366
1810.464 464.4984
1809.88 464.8075
1809.52 465.256
1809.372 465.8097
1809.424 466.4627
1809.714 467.1982
1810.166 467.9972
1810.757 468.7603
1811.447 469.4037
1812.177 469.9438
1812.993 470.4782
1814.116 471.0781
1814.975 471.6095
1815.672 472.0706
1816.383 472.5796
1817.037 473.1221
1817.758 473.7067
1818.6 474.3073
1819.548 474.882
1820.621 475.5338
1821.896 476.305
1823.321 477.0898
1824.794 477.9678
1826.86 479.2568
1828.738 480.3604
1831.216 481.6176
1833.788 482.8322
1836.535 484.1016
1839.698 485.56
1843.182 487.228
1846.668 488.9514
1850.165 490.798
1853.473 492.7149
1856.211 494.4564
1858.918 496.2254
1861.497 497.8045
1863.848 499.3021
1865.753 500.762
1867.17 502.1656
1868.146 503.3486
1868.976 504.541
1869.424 505.6134
1869.562 506.8305
1869.422 508.2892
1869.057 509.4938
1868.352 510.7119
1867.514 511.8178
1866.529 513.1792
1865.58 514.5645
1864.391 516.1536
1863.214 517.6155
1862.166 519.1691
1861.214 520.9921
1860.266 522.8257
1859.093 524.6568
1857.613 526.5609
1856.018 528.259
1854.364 529.8467
1852.588 531.5252
1850.774 533.2772
1848.699 535.0629
1846.116 536.952
1843.532 538.6302
1840.87 540.2309
1838.171 541.6209
1835.24 542.9258
1831.793 544.2439
1828.151 545.6187
1824.479 547.158
1820.999 548.6813
1817.536 550.1313
1813.968 551.6118
1810.281 553.1163
1806.477 554.6157
1802.573 556.1661
1799.576 557.4724
1795.671 559.2449
1791.648 561.2411
1787.677 563.2629
1783.306 565.4705
1778.9 567.5379
1774.822 569.3474
1770.326 571.1734
1765.56 572.9417
1760.665 574.7008
1755.063 576.9601
1750.491 578.9249
1746.476 580.6688
1742.04 582.4828
1737.341 584.2921
1732.797 585.8452
1727.743 587.6368
1723.827 589.1791
1720.641 590.5783
1762.791 505.4361
1761.427 503.2728
1760.023 501.0554
1758.574 498.8282
1757.043 496.8303
1755.544 494.9092
1754.088 493.106
1752.823 491.2183
1751.746 489.4311
1750.9 487.5583
1750.248 485.8915
1749.816 484.0977
1749.573 482.3969
1749.668 480.6912
1750.062 478.9484
1750.811 477.2065
1751.798 475.5737
1753.01 473.8939
1754.476 472.1268
1755.902 470.7122
1757.154 469.675
1758.472 468.6343
1759.755 467.681
1761.087 466.6899
1762.375 465.8441
1763.468 465.1444
1764.326 464.6808
1765.125 464.3291
1765.881 464.0052
1766.531 463.7495
1767.029 463.6854
1767.436 463.8267
1767.781 464.0508
1768.015 464.3507
1768.125 464.8293
1768.155 465.3556
1768.063 466.0503
1767.953 466.7067
1767.835 467.2917
1767.761 467.7254
1767.765 468.1078
1767.8 468.4831
1767.778 468.9341
1767.688 469.3294
1767.647 469.6761
1767.69 469.891
1768.244 470.0688
1768.432 470.1141
1768.864 470.2082
1769.394 470.3511
1770.033 470.5326
1770.826 470.6336
1771.75 470.6237
1772.74 470.5503
1773.832 470.4876
1775.036 470.4471
1776.202 470.3965
1777.516 470.3276
1779.06 470.1943
1781.601 470.0247
1784.013 469.8068
1786.566 469.445
1788.895 469.0711
1790.911 468.5705
1792.619 467.7453
1793.347 467.3723
1793.794 467.145
1794.146 466.9935
1794.512 466.7497
1794.804 466.4606
1795.129 466.1784
1795.443 465.9828
1795.745 465.8844
1796.023 465.8564
1796.29 465.8535
1796.59 465.8503
1796.981 465.8211
1797.406 465.791
1797.792 465.7949
1798.159 465.8843
1798.559 465.9949
1799.097 466.1341
1799.691 466.2009
1800.348 466.182
1800.894 466.1141
1801.662 466.0627
1802.484 466.0171
1803.378 465.891
1804.369 465.6281
1805.523 465.2845
1806.796 464.8919
1808.109 464.5516
1809.483 464.2822
1810.925 464.0413
1812.767 463.7116
1814.353 463.4385
1815.936 463.1834
1817.346 462.9696
1818.798 462.7489
1820.14 462.5471
1821.412 462.333
1822.63 462.1516
1823.686 462.0187
1824.678 461.9142
1825.608 461.7951
1826.533 461.7095
1827.357 461.6362
1828.857 461.5148
1829.78 461.3823
1830.438 461.2975
1831 461.2689
1831.438 461.245
1831.728 461.2119
1831.911 461.2113
1831.994 461.2555
1831.971 461.3247
1831.937 461.3809
1831.838 461.4063
1831.731 461.4591
1831.581 461.6094
1831.454 461.762
1831.311 461.9087
1831.202 462.0215
1831.11 462.1419
1830.964 462.2957
1830.854 462.4235
1830.725 462.5347
1830.57 462.6588
1830.418 462.8127
1830.126 462.9616
1829.828 463.0892
1829.531 463.2065
1829.188 463.3669
1828.863 463.5508
1828.497 463.7757
1828.102 464.0182
1827.735 464.208
1827.365 464.34
1826.951 464.4352
1826.574 464.5125
1826.157 464.5897
1825.661 464.6702
1825.23 464.7361
1824.781 464.7888
1824.304 464.8462
1823.9 464.8734
1823.547 464.9116
1823.194 464.9321
1822.863 464.9282
1822.583 464.9116
1822.307 464.9289
1822.054 464.9678
1821.815 465.013
1821.548 465.0488
1821.242 465.09
1820.985 465.1317
1820.682 465.1985
1820.33 465.32
1819.981 465.4606
1819.616 465.6063
1819.312 465.7306
1819.008 465.7979
1818.742 465.8273
1818.485 465.8579
1818.253 465.9232
1818.1 465.971
1818.004 465.9754
1817.908 465.9238
1817.816 465.8605
1817.67 465.8599
1817.48 465.8878
1817.291 465.9181
1817.126 465.9054
1816.96 465.8568
1816.763 465.799
1816.534 465.7455
1816.359 465.6997
1816.223 465.6479
1816.12 465.577
1816.051 465.506
1815.999 465.4115
1815.949 465.2954
1815.899 465.1593
1815.839 465.0353
1815.818 464.8906
1815.776 464.7614
1815.715 464.6494
1815.655 464.5548
1815.648 464.4668
1815.652 464.3848
1815.648 464.3104
1815.618 464.2371
1815.6 464.159
1815.599 464.1016
1815.568 464.0812
1815.549 464.0685
1815.462 464.0592
1815.319 464.0521
1815.113 464.0544
1814.807 464.0649
1814.407 464.0736
1813.903 464.0968
1813.327 464.1335
1812.633 464.1805
1811.867 464.2492
1811.129 464.3366
1810.464 464.4984
1809.88 464.8075
1809.52 465.256
1809.372 465.8097
1809.424 466.4627
1809.714 467.1982
1810.166 467.9972
1810.757 468.7603
1811.447 469.4037
1812.177 469.9438
1812.993 470.4782
1814.116 471.0781
1814.975 471.6095
1815.672 472.0706
1816.383 472.5796
1817.037 473.1221
1817.758 473.7067
1818.6 474.3073
1819.548 474.882
1820.621 475.5338
1821.896 476.305
1823.321 477.0898
1824.794 477.9678
1826.86 479.2568
1828.738 480.3604
1831.216 481.6176
1833.788 482.8322
1836.535 484.1016
1839.698 485.56
1843.182 487.228
1846.668 488.9514
1850.165 490.798
1853.473 492.7149
1856.211 494.4564
1858.918 496.2254
1861.497 497.8045
1863.848 499.3021
1865.753 500.762
1867.17 502.1656
1868.146 503.3486
1868.976 504.541
1869.424 505.6134
1869.562 506.8305
1869.422 508.2892
1869.057 509.4938
1868.352 510.7119
1867.514 511.8178
1866.529 513.1792
1865.58 514.5645
1864.391 516.1536
1863.214 517.6155
1862.166 519.1691
1861.214 520.9921
1860.266 522.8257
1859.093 524.6568
1857.613 526.5609
1856.018 528.259
1854.364 529.8467
1852.588 531.5252
1850.774 533.2772
1848.699 535.0629
1846.116 536.952
1843.532 538.6302
1840.87 540.2309
1838.171 541.6209
1835.24 542.9258
1831.793 544.2439
1828.151 545.6187
1824.479 547.158
1820.999 548.6813
1817.536 550.1313
1813.968 551.6118
1810.281 553.1163
1806.477 554.6157
1802.573 556.1661
1799.576 557.4724
1795.671 559.2449
1791.648 561.2411
1787.677 563.2629
1783.306 565.4705
1778.9 567.5379
1774.822 569.3474
1770.326 571.1734
1765.56 572.9417
1760.665 574.7008
1755.063 576.9601
1750.491 578.9249
1746.476 580.6688
1742.04 582.4828
1737.341 584.2921
1732.797 585.8452
1727.743 587.6368
1723.827 589.1791
1720.641 590.5783
1717.556 592.0618
1714.777 593.6498
1712.569 595.2418
1710.672 597.2753
1709.766 599.0353
1709.63 600.6462
1710.153 602.0243
1711.147 603.366
1712.736 604.6121
1715.125 605.7545
1717.935 606.6125
1721.356 607.2448
1725.616 607.6234
1730.646 607.9048
1736.395 608.3513
1743.449 609.0056
1750.495 609.4339
1758.349 609.5411
1765.734 609.47
1773.286 609.5887
1780.254 610.2059
1787.333 611.3337
1793.414 612.6331
1797.945 614.03
1803.296 616.8828
1804.1 617.7131
1804.979 618.7889
1805.635 619.5835
1805.451 620.0594
1804.073 620.2351
1801.643 620.2795
1798.417 620.1183
1794.442 619.8091
1789.823 619.3761
1784.496 619.046
1776.389 618.7928
1769.286 618.7642
1761.741 618.8459
1754.078 619.0189
1745.867 619.3751
1737.611 620.09
1728.651 621.1898
1720.602 622.3163
1712.144 623.4729
1703.853 624.5635
1695.851 625.7347
1688.825 626.808
1682.288 627.8148
1676.877 628.7341
1672.59 629.5584
1669.255 630.2641
1666.937 630.8339
1665.839 631.3024
1665.797 631.7605
1666.217 632.361
1666.95 633.1979
1667.864 634.2905
1668.765 635.6304
1669.482 637.2606
1670.088 639.3163
1670.681 641.6237
1671.126 643.5042
1671.587 646.562
1671.886 650.2383
1672.057 654.2795
1672.201 658.7574
1672.319 663.5609
1672.645 668.1512
1673.379 673.2004
1674.18 677.7479
1674.771 682.0927
1675.483 687.1259
1676.391 691.0728
1677.586 694.647
1679.141 697.9445
1681.058 700.714
1683.516 702.7712
1687.069 704.2452
1690.857 704.9996
1694.241 705.1989
1697.088 704.9999
1698.979 704.4235
1699.938 703.5653
1700.181 702.5062
1699.742 701.4157
1698.581 700.3594
1696.403 699.1874
1693.761 697.9379
1690.769 696.4769
1687.583 694.78
1684.303 692.9286
1681.135 690.9872
1678.286 688.9943
1675.835 686.9461
1673.525 684.7496
1671.709 682.6055
1670.729 680.4642
1670.709 678.8809
1671.629 676.7438
1673.396 674.5743
1675.848 672.3302
1678.717 670.0584
1681.854 667.6869
1684.891 665.3666
1687.769 663.1683
1690.479 661.1146
1692.821 659.3884
1695.055 657.6111
1696.29 656.3045
1696.994 655.0955
1697.2 654.0533
1697.031 653.0363
1696.66 652.095
1696.007 651.0754
1695.125 650.118
1694.077 649.2962
1692.829 648.496
1691.589 647.8684
1690.46 647.4435
1689.384 647.2204
1688.289 647.1735
1687.286 647.2704
1686.664 647.4771
1686.433 647.7433
1686.53 647.9668
1686.869 648.1396
1687.345 648.2195
1687.812 648.2645
1688.404 648.4651
1689.093 648.8871
1689.867 649.4436
1690.639 650.092
1691.364 650.7225
1692.03 651.3071
1692.692 651.7473
1693.278 652.0695
1693.701 652.3365
1693.858 652.6552
1693.811 653.0812
1693.57 653.6839
1693.14 654.5079
1692.565 655.31
1692.022 655.8965
1691.24 656.6448
1690.51 657.2764
1689.88 657.7179
1689.34 658.0323
1688.986 658.2415
1688.847 658.3925
1688.903 658.5572
1689.164 658.7396
1689.513 658.8646
1690.108 658.9072
1690.613 658.8603
1691.111 658.7192
1691.661 658.4747
1692.208 658.1695
1692.749 657.7749
1693.304 657.2663
1693.735 656.7471
1694.081 656.2087
1694.363 655.6058
1694.638 654.9636
1694.933 654.2867
1695.393 653.5078
1695.944 652.7487
1696.595 651.954
1697.4 651.0714
1698.456 650.084
1699.741 649.0919
1701.043 648.1636
1702.374 647.2674
1703.683 646.4911
1705.166 645.8208
1706.761 645.2375
1708.404 644.7589
1710.161 644.2703
1711.906 643.7205
1713.473 643.0876
1715.326 642.2539
1717.261 641.3416
1719.176 640.3893
1721.071 639.2628
1722.915 638.0203
1724.721 636.6802
1726.499 635.136
1728.116 633.3315
1730.759 629.3167
1731.678 627.6545
1732.581 625.8774
1733.36 624.0222
1733.916 622.002
1734.291 619.7305
1734.566 617.2632
1734.947 614.723
1735.467 612.1709
1736.149 609.4798
1736.917 606.5353
1737.91 602.8308
1739.026 599.177
1740.252 595.7097
1741.436 592.261
1742.625 588.6719
1743.693 585.2046
1744.566 581.7487
1745.262 578.0876
1745.801 574.3413
1746.209 570.8472
1746.582 567.1891
1746.888 563.8564
1747.029 560.7411
1746.947 557.4958
1746.73 554.4154
1746.506 551.3722
1746.477 548.2315
1746.672 545.1401
1747.029 542.2
1747.469 539.0612
1747.957 535.9551
1748.453 532.7623
1749.045 529.551
1749.837 526.5294
1750.765 523.8759
1751.812 521.144
1753.058 518.1045
1754.403 514.5938
1755.655 511.3125
1757.122 507.8327
1758.477 504.6908
1759.889 501.4706
1761.068 498.6272
1762.179 495.6042
1763.131 492.4607
1763.943 489.4755
1764.593 486.6595
1765.176 484.0983
1765.602 481.8823
1765.896 479.8503
1765.989 477.7834
1765.907 475.8693
1765.66 474.263
1765.356 472.8185
1764.989 471.6003
1764.511 470.5211
1763.864 469.7473
1763.159 469.1989
1762.491 468.7676
1761.882 468.3872
1761.264 468.2142
1760.715 468.2383
1760.18 468.5311
1759.819 468.9071
1759.467 469.3599
1759.194 469.8862
1758.875 470.6546
1758.573 471.4904
1758.277 472.3893
1758.026 473.2884
1757.758 474.2477
1757.506 475.269
1757.321 476.2536
1757.128 477.1525
1756.935 478.0579
1756.565 481.5238
1756.497 482.1036
1756.492 482.5743
1756.522 482.9897
1756.564 483.3366
1756.605 483.5968
1756.636 483.7823
1756.614 483.916
1756.634 483.9835
1756.627 483.9862
1756.588 483.9181
1756.499 483.7749
1756.327 483.5405
1755.955 482.9022
1755.587 482.2589
1755.375 481.6226
1755.37 480.7305
1755.565 480.2392
1756.177 479.3641
1756.438 479.0941
1756.899 478.6408
1757.459 478.2435
1758.162 477.9515
1759.087 477.6994
1760.097 477.5075
1761.245 477.2938
1762.411 477.133
1763.656 476.9351
1764.865 476.7518
1766.548 476.5316
1767.626 476.5089
1768.766 476.5422
1769.909 476.662
1771.033 476.7844
1773.081 476.8853
1773.853 476.9597
1774.794 477.1403
1717.556 592.0618
1714.777 593.6498
1712.569 595.2418
1710.672 597.2753
1709.766 599.0353
1709.63 600.6462
1710.153 602.0243
1711.147 603.366
1712.736 604.6121
1715.125 605.7545
1717.935 606.6125
1721.356 607.2448
1725.616 607.6234
1730.646 607.9048
1736.395 608.3513
1743.449 609.0056
1750.495 609.4339
1758.349 609.5411
1765.734 609.47
1773.286 609.5887
1780.254 610.2059
1787.333 611.3337
1793.414 612.6331
1797.945 614.03
1803.296 616.8828
1804.1 617.7131
1804.979 618.7889
1805.635 619.5835
1805.451 620.0594
1804.073 620.2351
1801.643 620.2795
1798.417 620.1183
1794.442 619.8091
1789.823 619.3761
1784.496 619.046
1776.389 618.7928
1769.286 618.7642
1761.741 618.8459
1754.078 619.0189
1745.867 619.3751
1737.611 620.09
1728.651 621.1898
1720.602 622.3163
1712.144 623.4729
1703.853 624.5635
1695.851 625.7347
1688.825 626.808
1682.288 627.8148
1676.877 628.7341
1672.59 629.5584
1669.255 630.2641
1666.937 630.8339
1665.839 631.3024
1665.797 631.7605
1666.217 632.361
1666.95 633.1979
1667.864 634.2905
1668.765 635.6304
1669.482 637.2606
1670.088 639.3163
1670.681 641.6237
1671.126 643.5042
1671.587 646.562
1671.886 650.2383
1672.057 654.2795
1672.201 658.7574
1672.319 663.5609
1672.645 668.1512
1673.379 673.2004
1674.18 677.7479
1674.771 682.0927
1675.483 687.1259
1676.391 691.0728
1677.586 694.647
1679.141 697.9445
1681.058 700.714
1683.516 702.7712
1687.069 704.2452
1690.857 704.9996
1694.241 705.1989
1697.088 704.9999
1698.979 704.4235
1699.938 703.5653
1700.181 702.5062
1699.742 701.4157
1698.581 700.3594
1696.403 699.1874
1693.761 697.9379
1690.769 696.4769
1687.583 694.78
1684.303 692.9286
1681.135 690.9872
1678.286 688.9943
1675.835 686.9461
1673.525 684.7496
1671.709 682.6055
1670.729 680.4642
1670.709 678.8809
1671.629 676.7438
1673.396 674.5743
1675.848 672.3302
1678.717 670.0584
1681.854 667.6869
1684.891 665.3666
1687.769 663.1683
1690.479 661.1146
1692.821 659.3884
1695.055 657.6111
1696.29 656.3045
1696.994 655.0955
1697.2 654.0533
1697.031 653.0363
1696.66 652.095
1696.007 651.0754
1695.125 650.118
1694.077 649.2962
1692.829 648.496
1691.589 647.8684
1690.46 647.4435
1689.384 647.2204
1688.289 647.1735
1687.286 647.2704
1686.664 647.4771
1686.433 647.7433
1686.53 647.9668
1686.869 648.1396
1687.345 648.2195
1687.812 648.2645
1688.404 648.4651
1689.093 648.8871
1689.867 649.4436
1690.639 650.092
1691.364 650.7225
1692.03 651.3071
1692.692 651.7473
1693.278 652.0695
1693.701 652.3365
1693.858 652.6552
1693.811 653.0812
1693.57 653.6839
1693.14 654.5079
1692.565 655.31
1692.022 655.8965
1691.24 656.6448
1690.51 657.2764
1689.88 657.7179
1689.34 658.0323
1688.986 658.2415
1688.847 658.3925
1688.903 658.5572
1689.164 658.7396
1689.513 658.8646
1690.108 658.9072
1690.613 658.8603
1691.111 658.7192
1691.661 658.4747
1692.208 658.1695
1692.749 657.7749
1693.304 657.2663
1693.735 656.7471
1694.081 656.2087
1694.363 655.6058
1694.638 654.9636
1694.933 654.2867
1695.393 653.5078
1695.944 652.7487
1696.595 651.954
1697.4 651.0714
1698.456 650.084
1699.741 649.0919
1701.043 648.1636
1702.374 647.2674
1703.683 646.4911
1705.166 645.8208
1706.761 645.2375
1708.404 644.7589
1710.161 644.2703
1711.906 643.7205
1713.473 643.0876
1715.326 642.2539
1717.261 641.3416
1719.176 640.3893
1721.071 639.2628
1722.915 638.0203
1724.721 636.6802
1726.499 635.136
1728.116 633.3315
1730.759 629.3167
1731.678 627.6545
1732.581 625.8774
1733.36 624.0222
1733.916 622.002
1734.291 619.7305
1734.566 617.2632
1734.947 614.723
1735.467 612.1709
1736.149 609.4798
1736.917 606.5353
1737.91 602.8308
1739.026 599.177
1740.252 595.7097
1741.436 592.261
1742.625 588.6719
1743.693 585.2046
1744.566 581.7487
1745.262 578.0876
1745.801 574.3413
1746.209 570.8472
1746.582 567.1891
1746.888 563.8564
1747.029 560.7411
1746.947 557.4958
1746.73 554.4154
1746.506 551.3722
1746.477 548.2315
1746.672 545.1401
1747.029 542.2
1747.469 539.0612
1747.957 535.9551
1748.453 532.7623
1749.045 529.551
1749.837 526.5294
1750.765 523.8759
1751.812 521.144
1753.058 518.1045
1754.403 514.5938
1755.655 511.3125
1757.122 507.8327
1758.477 504.6908
1759.889 501.4706
1761.068 498.6272
1762.179 495.6042
1763.131 492.4607
1763.943 489.4755
1764.593 486.6595
1765.176 484.0983
1765.602 481.8823
1765.896 479.8503
1765.989 477.7834
1765.907 475.8693
1765.66 474.263
1765.356 472.8185
1764.989 471.6003
1764.511 470.5211
1763.864 469.7473
1763.159 469.1989
1762.491 468.7676
1761.882 468.3872
1761.264 468.2142
1760.715 468.2383
1760.18 468.5311
1759.819 468.9071
1759.467 469.3599
1759.194 469.8862
1758.875 470.6546
1758.573 471.4904
1758.277 472.3893
1758.026 473.2884
1757.758 474.2477
1757.506 475.269
1757.321 476.2536
1757.128 477.1525
1756.935 478.0579
1756.565 481.5238
1756.497 482.1036
1756.492 482.5743
1756.522 482.9897
1756.564 483.3366
1756.605 483.5968
1756.636 483.7823
1756.614 483.916
1756.634 483.9835
1756.627 483.9862
1756.588 483.9181
1756.499 483.7749
1756.327 483.5405
1755.955 482.9022
1755.587 482.2589
1755.375 481.6226
1755.37 480.7305
1755.565 480.2392
1756.177 479.3641
1756.438 479.0941
1756.899 478.6408
1757.459 478.2435
1758.162 477.9515
1759.087 477.6994
1760.097 477.5075
1761.245 477.2938
1762.411 477.133
1763.656 476.9351
1764.865 476.7518
1766.548 476.5316
1767.626 476.5089
1768.766 476.5422
1769.909 476.662
1771.033 476.7844
1773.081 476.8853
1773.853 476.9597
1774.794 477.1403
1775.549 477.4074
1776.125 477.7088
1776.534 478.0664
1776.938 478.5101
1777.236 478.8888
1777.488 479.2704
1777.7 479.6167
1777.861 479.9116
1778.095 480.2174
1778.266 480.4852
1778.443 480.7715
1778.606 481.106
1778.75 481.4323
1778.938 481.7582
1779.205 482.0536
1779.428 482.2786
1779.709 482.4958
1780.065 482.6807
1780.382 482.8553
1780.728 483.0399
1781.091 483.2437
1781.418 483.4652
1781.718 483.7275
1781.98 484.0214
1782.202 484.3102
1782.407 484.6653
1782.551 484.9798
1782.649 485.3202
1782.731 485.6958
1782.797 486.0478
1782.864 486.3855
1782.93 486.6542
1782.974 486.8928
1783.009 487.1233
1783.035 487.384
1783.038 487.6392
1783.04 487.918
1783.086 488.1484
1783.144 488.3591
1783.212 488.5527
1783.349 488.774
1783.502 488.991
1783.646 489.1496
1783.762 489.2195
1783.872 489.219
1783.958 489.185
1784.026 489.1444
1784.07 489.0586
1784.059 488.9204
1783.977 488.742
1783.922 488.4993
1783.857 488.1747
1783.822 487.7687
1783.781 487.3552
1783.684 486.9977
1783.528 486.652
1783.33 486.2574
1783.122 485.8304
1782.919 485.4171
1782.771 485.0205
1782.64 484.5959
1782.475 484.1829
1782.345 483.8323
1782.271 483.6499
1782.208 483.5681
1782.177 483.6012
1782.153 483.6607
1782.114 483.6726
1782.05 483.7684
1782.048 483.9867
1782.056 484.3331
1782.095 484.7987
1782.204 485.4781
1782.527 486.5953
1782.906 487.6431
1783.319 488.7242
1783.768 489.8704
1784.163 491.1439
1784.506 492.5597
1784.759 494.1527
1784.865 495.6342
1784.76 498.7284
1784.634 499.9572
1784.319 501.7229
1783.715 503.6166
1782.763 505.4611
1781.535 507.2209
1780.079 508.8651
1778.315 510.4268
1776.212 511.8771
1773.78 513.2898
1771.076 514.9656
1767.767 517.6946
1765.078 520.2428
1762.007 523.0223
1758.728 525.9036
1755.224 529.0894
1752.07 532.2065
1749.166 535.4658
1746.31 539.0435
1743.457 543.062
1740.867 547.3589
1738.57 552.0132
1736.399 556.5586
1734.251 560.673
1731.685 564.9789
1729.117 568.9293
1726.408 573.0313
1723.577 577.3837
1720.665 581.645
1717.529 585.7095
1713.995 589.772
1710.297 593.7504
1706.59 597.4194
1702.524 600.9198
1698.398 603.9025
1694.323 606.4913
1690.106 608.7958
1685.747 611.0264
1681.609 613.1603
1677.617 615.5432
1673.799 617.8828
1670.006 619.9459
1665.423 621.9811
1660.34 624.1733
1655.756 626.1782
1650.957 628.4805
1646.449 630.5439
1641.981 632.3817
1637.725 633.94
1633.899 635.2899
1630.747 636.2828
1627.679 637.0402
1625.547 637.4384
1624.168 637.6531
1623.53 637.668
1623.544 637.5446
1624.264 637.2578
1625.562 636.7618
1627.312 635.9517
1629.556 634.8773
1632.112 633.7665
1635.233 632.5502
1638.754 631.2438
1642.513 629.8105
1646.613 628.1868
1650.377 626.6168
1654.51 624.9217
1658.753 623.2067
1663.179 621.577
1667.89 620.0065
1672.88 618.5216
1677.551 617.1724
1682.569 615.7762
1687.793 614.3753
1692.867 613.09
1697.768 611.9478
1702.537 611.0013
1707.179 610.1899
1711.688 609.5265
1715.919 608.8923
1719.635 608.3193
1723.112 607.6812
1725.895 607.0729
1728.207 606.4561
1730.07 605.9661
1731.575 605.64
1732.653 605.5347
1733.339 605.5594
1733.508 605.7345
1733.387 605.991
1733.03 606.397
1732.492 606.8651
1731.806 607.334
1730.832 607.9163
1729.576 608.685
1728.097 609.6606
1726.322 610.9102
1724.519 612.3537
1722.728 613.9971
1720.625 616.0958
1718.31 618.5545
1715.862 621.3015
1713.304 624.4755
1711 627.6763
1708.869 630.8445
1706.695 634.1986
1704.599 637.5666
1702.789 640.6135
1701.045 643.7322
1699.543 646.6661
1698.248 649.6245
1697.079 652.6387
1695.906 655.759
1694.654 658.892
1693.293 662.1155
1691.886 665.2966
1690.744 668.1152
1689.59 670.9327
1688.515 673.5477
1687.576 675.9207
1687.075 677.9403
1686.92 679.444
1687.056 680.4506
1687.432 681.1178
1688.02 681.4618
1688.698 681.5434
1689.562 681.2861
1690.275 680.7755
1690.852 680.0717
1691.366 679.1407
1691.89 678.0154
1692.279 676.7524
1692.539 675.3101
1692.724 673.8109
1693.109 672.3303
1693.688 670.6603
1694.322 668.8426
1694.932 666.9446
1695.52 665.1377
1696.262 663.4636
1697.073 661.8992
1697.963 660.2856
1698.99 658.689
1700.257 657.0895
1701.979 655.3205
1703.89 653.4846
1705.148 652.3176
1707.314 650.4811
1709.793 648.711
1712.839 646.8809
1716.035 645.0834
1719.382 642.9842
1722.818 640.5919
1726.304 637.8602
1730.192 634.6483
1733.858 631.371
1738.651 626.8848
1742.268 623.2548
1745.567 619.767
1748.53 616.1285
1751.257 612.2749
1753.436 608.5827
1755.417 604.7139
1757.195 600.6562
1758.682 596.7487
1759.982 592.7076
1761.209 588.4987
1762.138 584.2579
1762.731 579.7504
1762.973 575.2693
1762.846 571.1509
1761.491 562.674
1760.89 560.4752
1759.48 556.5286
1757.745 552.6138
1755.606 548.8152
1753.163 545.2645
1750.415 541.9825
1747.401 538.9036
1744.428 536.4122
1740.809 533.9166
1736.874 531.7754
1731.255 529.4111
1726.968 528.0183
1722.722 526.6779
1718.791 525.4263
1715.099 524.1622
1711.743 522.8857
1709.389 521.7148
1707.133 520.328
1705.235 519.0895
1703.503 518.2141
1701.7 517.5508
1699.693 517.1041
1697.507 516.7094
1694.75 516.5396
1692.2 516.4214
1688.938 516.6911
1685.589 517.2354
1681.586 518.1259
1677.448 518.9235
1672.703 519.4861
1667.946 519.686
1663.19 519.5427
1658.274 519.1765
1653.2 518.8109
1647.928 518.348
1637.46 517.1572
1634.78 516.8293
1629.61 516.0773
1624.476 515.2029
1619.483 514.1265
1614.692 512.7902
1610.058 511.1999
1605.847 509.3007
1601.87 507.1156
1598.245 504.7007
1594.992 502.4961
1590.645 499.5842
1775.549 477.4074
1776.125 477.7088
1776.534 478.0664
1776.938 478.5101
1777.236 478.8888
1777.488 479.2704
1777.7 479.6167
1777.861 479.9116
1778.095 480.2174
1778.266 480.4852
1778.443 480.7715
1778.606 481.106
1778.75 481.4323
1778.938 481.7582
1779.205 482.0536
1779.428 482.2786
1779.709 482.4958
1780.065 482.6807
1780.382 482.8553
1780.728 483.0399
1781.091 483.2437
1781.418 483.4652
1781.718 483.7275
1781.98 484.0214
1782.202 484.3102
1782.407 484.6653
1782.551 484.9798
1782.649 485.3202
1782.731 485.6958
1782.797 486.0478
1782.864 486.3855
1782.93 486.6542
1782.974 486.8928
1783.009 487.1233
1783.035 487.384
1783.038 487.6392
1783.04 487.918
1783.086 488.1484
1783.144 488.3591
1783.212 488.5527
1783.349 488.774
1783.502 488.991
1783.646 489.1496
1783.762 489.2195
1783.872 489.219
1783.958 489.185
1784.026 489.1444
1784.07 489.0586
1784.059 488.9204
1783.977 488.742
1783.922 488.4993
1783.857 488.1747
1783.822 487.7687
1783.781 487.3552
1783.684 486.9977
1783.528 486.652
1783.33 486.2574
1783.122 485.8304
1782.919 485.4171
1782.771 485.0205
1782.64 484.5959
1782.475 484.1829
1782.345 483.8323
1782.271 483.6499
1782.208 483.5681
1782.177 483.6012
1782.153 483.6607
1782.114 483.6726
1782.05 483.7684
1782.048 483.9867
1782.056 484.3331
1782.095 484.7987
1782.204 485.4781
1782.527 486.5953
1782.906 487.6431
1783.319 488.7242
1783.768 489.8704
1784.163 491.1439
1784.506 492.5597
1784.759 494.1527
1784.865 495.6342
1784.76 498.7284
1784.634 499.9572
1784.319 501.7229
1783.715 503.6166
1782.763 505.4611
1781.535 507.2209
1780.079 508.8651
1778.315 510.4268
1776.212 511.8771
1773.78 513.2898
1771.076 514.9656
1767.767 517.6946
1765.078 520.2428
1762.007 523.0223
1758.728 525.9036
1755.224 529.0894
1752.07 532.2065
1749.166 535.4658
1746.31 539.0435
1743.457 543.062
1740.867 547.3589
1738.57 552.0132
1736.399 556.5586
1734.251 560.673
1731.685 564.9789
1729.117 568.9293
1726.408 573.0313
1723.577 577.3837
1720.665 581.645
1717.529 585.7095
1713.995 589.772
1710.297 593.7504
1706.59 597.4194
1702.524 600.9198
1698.398 603.9025
1694.323 606.4913
1690.106 608.7958
1685.747 611.0264
1681.609 613.1603
1677.617 615.5432
1673.799 617.8828
1670.006 619.9459
1665.423 621.9811
1660.34 624.1733
1655.756 626.1782
1650.957 628.4805
1646.449 630.5439
1641.981 632.3817
1637.725 633.94
1633.899 635.2899
1630.747 636.2828
1627.679 637.0402
1625.547 637.4384
1624.168 637.6531
1623.53 637.668
1623.544 637.5446
1624.264 637.2578
1625.562 636.7618
1627.312 635.9517
1629.556 634.8773
1632.112 633.7665
1635.233 632.5502
1638.754 631.2438
1642.513 629.8105
1646.613 628.1868
1650.377 626.6168
1654.51 624.9217
1658.753 623.2067
1663.179 621.577
1667.89 620.0065
1672.88 618.5216
1677.551 617.1724
1682.569 615.7762
1687.793 614.3753
1692.867 613.09
1697.768 611.9478
1702.537 611.0013
1707.179 610.1899
1711.688 609.5265
1715.919 608.8923
1719.635 608.3193
1723.112 607.6812
1725.895 607.0729
1728.207 606.4561
1730.07 605.9661
1731.575 605.64
1732.653 605.5347
1733.339 605.5594
1733.508 605.7345
1733.387 605.991
1733.03 606.397
1732.492 606.8651
1731.806 607.334
1730.832 607.9163
1729.576 608.685
1728.097 609.6606
1726.322 610.9102
1724.519 612.3537
1722.728 613.9971
1720.625 616.0958
1718.31 618.5545
1715.862 621.3015
1713.304 624.4755
1711 627.6763
1708.869 630.8445
1706.695 634.1986
1704.599 637.5666
1702.789 640.6135
1701.045 643.7322
1699.543 646.6661
1698.248 649.6245
1697.079 652.6387
1695.906 655.759
1694.654 658.892
1693.293 662.1155
1691.886 665.2966
1690.744 668.1152
1689.59 670.9327
1688.515 673.5477
1687.576 675.9207
1687.075 677.9403
1686.92 679.444
1687.056 680.4506
1687.432 681.1178
1688.02 681.4618
1688.698 681.5434
1689.562 681.2861
1690.275 680.7755
1690.852 680.0717
1691.366 679.1407
1691.89 678.0154
1692.279 676.7524
1692.539 675.3101
1692.724 673.8109
1693.109 672.3303
1693.688 670.6603
1694.322 668.8426
1694.932 666.9446
1695.52 665.1377
1696.262 663.4636
1697.073 661.8992
1697.963 660.2856
1698.99 658.689
1700.257 657.0895
1701.979 655.3205
1703.89 653.4846
1705.148 652.3176
1707.314 650.4811
1709.793 648.711
1712.839 646.8809
1716.035 645.0834
1719.382 642.9842
1722.818 640.5919
1726.304 637.8602
1730.192 634.6483
1733.858 631.371
1738.651 626.8848
1742.268 623.2548
1745.567 619.767
1748.53 616.1285
1751.257 612.2749
1753.436 608.5827
1755.417 604.7139
1757.195 600.6562
1758.682 596.7487
1759.982 592.7076
1761.209 588.4987
1762.138 584.2579
1762.731 579.7504
1762.973 575.2693
1762.846 571.1509
1761.491 562.674
1760.89 560.4752
1759.48 556.5286
1757.745 552.6138
1755.606 548.8152
1753.163 545.2645
1750.415 541.9825
1747.401 538.9036
1744.428 536.4122
1740.809 533.9166
1736.874 531.7754
1731.255 529.4111
1726.968 528.0183
1722.722 526.6779
1718.791 525.4263
1715.099 524.1622
1711.743 522.8857
1709.389 521.7148
1707.133 520.328
1705.235 519.0895
1703.503 518.2141
1701.7 517.5508
1699.693 517.1041
1697.507 516.7094
1694.75 516.5396
1692.2 516.4214
1688.938 516.6911
1685.589 517.2354
1681.586 518.1259
1677.448 518.9235
1672.703 519.4861
1667.946 519.686
1663.19 519.5427
1658.274 519.1765
1653.2 518.8109
1647.928 518.348
1637.46 517.1572
1634.78 516.8293
1629.61 516.0773
1624.476 515.2029
1619.483 514.1265
1614.692 512.7902
1610.058 511.1999
1605.847 509.3007
1601.87 507.1156
1598.245 504.7007
1594.992 502.4961
1590.645 499.5842
1587.566 497.6801
1585.059 496.1418
1582.442 494.423
1579.607 492.6857
1576.763 491.2118
1573.586 489.9114
1570.568 488.8226
1567.606 488.0552
1564.819 487.52
1562.13 486.9835
1559.418 486.4583
1556.323 486.0157
1553.544 485.618
1551.646 485.3642
1549.153 484.8295
1546.393 484.0897
1543.619 483.1459
1540.882 481.9547
1538.231 480.6
1535.775 479.3094
1533.159 478.0021
1530.498 476.7708
1527.848 475.6406
1524.465 474.0716
1521.768 472.632
1519.121 471.2271
1516.62 469.9847
1514.362 469.1357
1512.302 468.4432
1510.187 467.8099
1508.103 467.4099
1506.13 467.2801
1504.176 467.5119
1502.388 468.1393
1500.801 469.0112
1499.302 470.1689
1498.018 471.4325
1496.8 472.9203
1495.715 474.5366
1494.736 476.3625
1493.896 478.2017
1493.18 480.3029
1492.797 482.415
1492.703 484.6332
1492.758 486.8731
1493.011 489.1769
1493.462 491.3056
1494.005 493.467
1494.515 495.3699
1495.074 497.0008
1495.744 498.5512
1496.385 500.1282
1497.042 501.7132
1497.725 503.3593
1498.359 504.953
1498.858 506.4837
1499.196 507.9167
1499.375 509.1542
1499.416 510.2668
1499.269 511.3078
1498.918 512.4626
1498.485 513.5612
1497.895 514.8209
1497.156 516.0552
1496.799 515.0419
1495.31 513.8329
1493.636 512.9022
1493.849 512.9035
1494.854 511.4115
1493.464 510.2399
1491.487 508.8217
1490.613 507.9105
1490.492 507.3264
1490.365 506.6952
1489.48 505.5226
1488.603 504.0802
1488.885 502.6155
1490.081 501.3481
1490.678 499.9908
1490.94 497.9926
1491.879 496.1132
1493.809 494.0776
1496.268 491.9803
1498.49 490.1058
1500.707 488.0882
1503.446 485.6878
1506.002 483.5966
1508.435 481.5301
1510.885 479.2444
1513.504 476.7287
1516.441 474.0633
1519.575 471.2106
1522.746 468.1123
1526.072 464.8244
1529.892 461.2856
1532.936 459.4043
1533.73 458.6237
1533.667 458.7721
1533.917 459.168
1534.104 459.5381
1534.367 459.866
1534.334 460.0866
1534.151 460.1758
1534.164 460.0545
1534.305 459.8574
1534.382 459.6266
1534.464 459.3724
1534.758 459.1064
1535.294 458.8382
1535.841 458.528
1536.054 458.3976
1536.048 458.3097
1535.905 458.2047
1535.82 458.084
1535.814 457.9372
1535.817 457.7783
1535.869 457.6366
1535.998 457.4867
1536.134 457.2965
1536.188 457.0425
1536.133 456.7231
1536.042 456.2863
1535.843 455.8644
1535.538 455.5814
1535.031 455.3055
1534.65 455.0654
1534.441 454.9868
1534.156 454.9871
1533.782 455.0189
1533.564 455.0247
1533.573 454.9782
1533.738 454.946
1533.804 454.8792
1533.628 454.9175
1533.42 454.9351
1533.415 454.8979
1533.523 454.8259
1533.472 454.8509
1533.429 454.8107
1533.389 454.7941
1533.344 454.8001
1533.324 454.799
1533.338 454.7861
1533.343 454.7892
1533.31 454.7855
1533.28 454.7746
1533.253 454.763
1533.285 454.7414
1533.282 454.7292
1533.276 454.7487
1533.304 454.7296
1533.395 454.6974
1533.328 454.707
1533.254 454.7129
1533.317 454.6924
1533.375 454.6945
1533.345 454.6934
1533.24 454.7176
1533.223 454.7209
1533.255 454.7269
1533.246 454.7344
1533.231 454.7532
1533.229 454.7427
1533.227 454.755
1533.234 454.7699
1533.245 454.7591
1533.233 454.7778
1533.229 454.7782
1533.226 454.7889
1533.201 454.7923
1533.163 454.8133
1533.147 454.8122
1533.115 454.8255
1533.099 454.8297
1533.088 454.8398
1533.087 454.8356
1533.082 454.8516
1533.08 454.856
1533.07 454.8711
1533.048 454.8846
1533.016 454.8936
1533.046 454.8978
1533.027 454.9056
1533.026 454.9054
1533.019 454.9185
1532.995 454.9188
1532.981 454.9242
1532.969 454.9261
1532.95 454.9333
1532.941 454.9372
1532.946 454.945
1532.936 454.9473
1532.887 454.9651
1532.927 454.9422
1532.945 454.9466
1532.941 454.9546
1532.928 454.9634
1532.953 454.9517
1532.944 454.9702
1532.952 454.9597
1532.934 454.9712
1532.953 454.9604
1532.973 454.9718
1532.993 454.957
1532.996 454.9598
1532.991 454.9478
1532.988 454.9463
1532.999 454.9523
1533.027 454.9598
1533.02 454.9767
1533.021 454.9883
1533.05 454.9733
1533.044 454.9873
1533.045 454.9772
1533.052 454.9814
1533.052 454.9769
1533.052 454.9928
1533.065 454.9839
1533.044 455.0111
1533.054 455.0038
1533.055 455.0008
1533.048 454.9932
1532.994 455.008
1532.99 454.9958
1533.004 455.0018
1533.021 454.9948
1532.997 455.006
1532.971 455.014
1532.965 455.0283
1532.963 455.0347
1532.954 455.054
1532.956 455.0511
1532.934 455.0676
1532.918 455.0625
1532.931 455.0676
1532.973 455.0643
1532.986 455.0601
1532.961 455.0778
1532.963 455.0887
1532.983 455.1034
1532.993 455.1157
1532.982 455.134
1532.947 455.1497
1532.92 455.1584
1532.911 455.1644
1532.886 455.1807
1532.87 455.1958
1532.829 455.2148
1532.837 455.2303
1532.848 455.25
1532.854 455.2523
1532.858 455.2627
1532.855 455.2808
1532.85 455.307
1532.87 455.3164
1532.842 455.3446
1532.81 455.3563
1532.792 455.3846
1532.796 455.4028
1532.792 455.4219
1532.761 455.4242
1532.746 455.4414
1532.726 455.4606
1532.706 455.4946
1532.68 455.5106
1532.641 455.5255
1532.615 455.5548
1532.582 455.583
1532.568 455.6179
1532.554 455.6551
1532.537 455.6865
1532.525 455.7056
1532.513 455.7321
1532.518 455.7472
1532.51 455.7769
1532.498 455.7951
1532.47 455.8276
1532.465 455.8625
1532.443 455.8958
1532.456 455.9286
1532.421 455.9655
1532.38 455.9881
1532.362 456.0106
1532.36 456.0368
1532.337 456.0768
1532.331 456.0928
1532.306 456.1377
1532.288 456.1807
1532.287 456.2259
1532.305 456.2536
1532.277 456.2964
1532.246 456.3428
1532.21 456.3836
1532.203 456.4282
1532.18 456.4624
1532.195 456.4893
1532.18 456.5332
1532.162 456.5746
1532.127 456.627
1532.119 456.6629
1587.566 497.6801
1585.059 496.1418
1582.442 494.423
1579.607 492.6857
1576.763 491.2118
1573.586 489.9114
1570.568 488.8226
1567.606 488.0552
1564.819 487.52
1562.13 486.9835
1559.418 486.4583
1556.323 486.0157
1553.544 485.618
1551.646 485.3642
1549.153 484.8295
1546.393 484.0897
1543.619 483.1459
1540.882 481.9547
1538.231 480.6
1535.775 479.3094
1533.159 478.0021
1530.498 476.7708
1527.848 475.6406
1524.465 474.0716
1521.768 472.632
1519.121 471.2271
1516.62 469.9847
1514.362 469.1357
1512.302 468.4432
1510.187 467.8099
1508.103 467.4099
1506.13 467.2801
1504.176 467.5119
1502.388 468.1393
1500.801 469.0112
1499.302 470.1689
1498.018 471.4325
1496.8 472.9203
1495.715 474.5366
1494.736 476.3625
1493.896 478.2017
1493.18 480.3029
1492.797 482.415
1492.703 484.6332
1492.758 486.8731
1493.011 489.1769
1493.462 491.3056
1494.005 493.467
1494.515 495.3699
1495.074 497.0008
1495.744 498.5512
1496.385 500.1282
1497.042 501.7132
1497.725 503.3593
1498.359 504.953
1498.858 506.4837
1499.196 507.9167
1499.375 509.1542
1499.416 510.2668
1499.269 511.3078
1498.918 512.4626
1498.485 513.5612
1497.895 514.8209
1497.156 516.0552
1496.799 515.0419
1495.31 513.8329
1493.636 512.9022
1493.849 512.9035
1494.854 511.4115
1493.464 510.2399
1491.487 508.8217
1490.613 507.9105
1490.492 507.3264
1490.365 506.6952
1489.48 505.5226
1488.603 504.0802
1488.885 502.6155
1490.081 501.3481
1490.678 499.9908
1490.94 497.9926
1491.879 496.1132
1493.809 494.0776
1496.268 491.9803
1498.49 490.1058
1500.707 488.0882
1503.446 485.6878
1506.002 483.5966
1508.435 481.5301
1510.885 479.2444
1513.504 476.7287
1516.441 474.0633
1519.575 471.2106
1522.746 468.1123
1526.072 464.8244
1529.892 461.2856
1532.936 459.4043
1533.73 458.6237
1533.667 458.7721
1533.917 459.168
1534.104 459.5381
1534.367 459.866
1534.334 460.0866
1534.151 460.1758
1534.164 460.0545
1534.305 459.8574
1534.382 459.6266
1534.464 459.3724
1534.758 459.1064
1535.294 458.8382
1535.841 458.528
1536.054 458.3976
1536.048 458.3097
1535.905 458.2047
1535.82 458.084
1535.814 457.9372
1535.817 457.7783
1535.869 457.6366
1535.998 457.4867
1536.134 457.2965
1536.188 457.0425
1536.133 456.7231
1536.042 456.2863
1535.843 455.8644
1535.538 455.5814
1535.031 455.3055
1534.65 455.0654
1534.441 454.9868
1534.156 454.9871
1533.782 455.0189
1533.564 455.0247
1533.573 454.9782
1533.738 454.946
1533.804 454.8792
1533.628 454.9175
1533.42 454.9351
1533.415 454.8979
1533.523 454.8259
1533.472 454.8509
1533.429 454.8107
1533.389 454.7941
1533.344 454.8001
1533.324 454.799
1533.338 454.7861
1533.343 454.7892
1533.31 454.7855
1533.28 454.7746
1533.253 454.763
1533.285 454.7414
1533.282 454.7292
1533.276 454.7487
1533.304 454.7296
1533.395 454.6974
1533.328 454.707
1533.254 454.7129
1533.317 454.6924
1533.375 454.6945
1533.345 454.6934
1533.24 454.7176
1533.223 454.7209
1533.255 454.7269
1533.246 454.7344
1533.231 454.7532
1533.229 454.7427
1533.227 454.755
1533.234 454.7699
1533.245 454.7591
1533.233 454.7778
1533.229 454.7782
1533.226 454.7889
1533.201 454.7923
1533.163 454.8133
1533.147 454.8122
1533.115 454.8255
1533.099 454.8297
1533.088 454.8398
1533.087 454.8356
1533.082 454.8516
1533.08 454.856
1533.07 454.8711
1533.048 454.8846
1533.016 454.8936
1533.046 454.8978
1533.027 454.9056
1533.026 454.9054
1533.019 454.9185
1532.995 454.9188
1532.981 454.9242
1532.969 454.9261
1532.95 454.9333
1532.941 454.9372
1532.946 454.945
1532.936 454.9473
1532.887 454.9651
1532.927 454.9422
1532.945 454.9466
1532.941 454.9546
1532.928 454.9634
1532.953 454.9517
1532.944 454.9702
1532.952 454.9597
1532.934 454.9712
1532.953 454.9604
1532.973 454.9718
1532.993 454.957
1532.996 454.9598
1532.991 454.9478
1532.988 454.9463
1532.999 454.9523
1533.027 454.9598
1533.02 454.9767
1533.021 454.9883
1533.05 454.9733
1533.044 454.9873
1533.045 454.9772
1533.052 454.9814
1533.052 454.9769
1533.052 454.9928
1533.065 454.9839
1533.044 455.0111
1533.054 455.0038
1533.055 455.0008
1533.048 454.9932
1532.994 455.008
1532.99 454.9958
1533.004 455.0018
1533.021 454.9948
1532.997 455.006
1532.971 455.014
1532.965 455.0283
1532.963 455.0347
1532.954 455.054
1532.956 455.0511
1532.934 455.0676
1532.918 455.0625
1532.931 455.0676
1532.973 455.0643
1532.986 455.0601
1532.961 455.0778
1532.963 455.0887
1532.983 455.1034
1532.993 455.1157
1532.982 455.134
1532.947 455.1497
1532.92 455.1584
1532.911 455.1644
1532.886 455.1807
1532.87 455.1958
1532.829 455.2148
1532.837 455.2303
1532.848 455.25
1532.854 455.2523
1532.858 455.2627
1532.855 455.2808
1532.85 455.307
1532.87 455.3164
1532.842 455.3446
1532.81 455.3563
1532.792 455.3846
1532.796 455.4028
1532.792 455.4219
1532.761 455.4242
1532.746 455.4414
1532.726 455.4606
1532.706 455.4946
1532.68 455.5106
1532.641 455.5255
1532.615 455.5548
1532.582 455.583
1532.568 455.6179
1532.554 455.6551
1532.537 455.6865
1532.525 455.7056
1532.513 455.7321
1532.518 455.7472
1532.51 455.7769
1532.498 455.7951
1532.47 455.8276
1532.465 455.8625
1532.443 455.8958
1532.456 455.9286
1532.421 455.9655
1532.38 455.9881
1532.362 456.0106
1532.36 456.0368
1532.337 456.0768
1532.331 456.0928
1532.306 456.1377
1532.288 456.1807
1532.287 456.2259
1532.305 456.2536
1532.277 456.2964
1532.246 456.3428
1532.21 456.3836
1532.203 456.4282
1532.18 456.4624
1532.195 456.4893
1532.18 456.5332
1532.162 456.5746
1532.127 456.627
1532.119 456.6629
