1920 480
595.7549 462.8332
596.0182 462.8343
595.9733 462.8244
595.9446 462.8278
596.014 462.8611
595.9941 462.8301
596.0169 462.8438
596.0124 462.8333
595.9886 462.8429
595.9883 462.8297
595.9333 462.8309
595.9573 462.8581
595.9505 462.8558
595.9886 462.853
595.9375 462.841
595.9802 462.8211
595.9818 462.8289
595.9544 462.849
595.8408 462.7869
595.8181 462.7855
595.7861 462.8084
595.7718 462.8229
595.7327 462.8467
595.7627 462.8115
595.736 462.8006
595.7936 462.8213
595.7874 462.8386
595.7321 462.8184
595.7562 462.8249
595.761 462.8205
595.7614 462.8136
595.7529 462.8084
595.7438 462.8101
595.7562 462.8159
595.764 462.8226
595.7617 462.8216
595.749 462.8125
595.7487 462.8174
595.7422 462.8285
595.7595 462.8302
595.7689 462.8268
595.7663 462.8221
595.7692 462.8004
595.7744 462.7907
595.7728 462.7905
595.7552 462.7988
595.7324 462.8027
595.7308 462.807
595.739 462.8093
595.7448 462.8231
595.7513 462.8297
595.7432 462.8325
595.7263 462.8403
595.7269 462.8475
595.7275 462.8481
595.752 462.8431
595.7722 462.8363
595.763 462.8317
595.7627 462.8242
595.7627 462.8276
595.7539 462.8322
595.7546 462.8376
595.7722 462.8359
595.7903 462.8418
595.7939 462.8434
595.7839 462.8433
595.7741 462.8462
595.778 462.8503
595.7676 462.8403
595.7669 462.8372
595.7793 462.8353
595.7715 462.8307
595.751 462.8267
595.7419 462.8356
595.7549 462.8486
595.7673 462.86
595.7624 462.8602
595.7539 462.859
595.7399 462.8555
595.7292 462.8506
595.7295 462.8548
595.737 462.8685
595.7578 462.8672
595.7982 462.8581
595.819 462.8474
595.8151 462.8516
595.8128 462.8478
595.8135 462.8589
595.821 462.8734
595.8323 462.8708
595.8359 462.8739
595.8333 462.8752
595.8148 462.8807
595.791 462.8817
595.79 462.881
595.793 462.8815
595.7897 462.8854
595.7809 462.894
595.7734 462.8919
595.7783 462.8878
595.7832 462.8914
595.78 462.8869
595.7816 462.8779
595.777 462.8729
595.7816 462.8745
595.7747 462.873
595.7695 462.8688
595.7722 462.8727
595.7659 462.875
595.7588 462.8706
595.7669 462.8683
595.7816 462.875
595.78 462.875
595.7695 462.869
595.7936 462.8659
595.7855 462.8657
595.7988 462.8629
595.8206 462.8578
595.832 462.8507
595.8216 462.8441
595.8203 462.8573
595.8105 462.8722
595.8021 462.86
595.7991 462.8662
595.8138 462.8726
595.8047 462.8706
595.7933 462.8739
595.7975 462.8735
595.7712 462.8691
595.7708 462.8649
595.7816 462.8641
595.8037 462.8586
595.8054 462.8602
595.8099 462.8623
595.8151 462.8659
595.8181 462.8569
595.8099 462.8537
595.8193 462.859
595.804 462.8669
595.8102 462.8634
595.8268 462.8602
595.8401 462.8493
595.8262 462.8483
595.8096 462.8522
595.8089 462.8566
595.8044 462.8533
595.7998 462.8527
595.8086 462.8465
595.8187 462.8438
595.8294 462.8346
595.8294 462.8392
595.8122 462.8358
595.8138 462.8366
595.7962 462.848
595.7975 462.8439
595.7962 462.8376
595.7474 462.8533
595.7165 462.8631
595.7109 462.8597
595.7288 462.8634
595.7227 462.8646
595.7188 462.8602
595.7158 462.8643
595.7097 462.8672
595.7112 462.8633
595.7207 462.8582
595.7256 462.8509
595.7292 462.8528
595.7132 462.8679
595.72 462.8701
595.7324 462.8729
595.7419 462.8685
595.7507 462.8755
595.7598 462.8783
595.7595 462.874
595.78 462.8706
595.791 462.8698
595.7946 462.859
595.8011 462.8533
595.8154 462.8514
595.82 462.8459
595.7988 462.8475
595.7858 462.8478
595.7975 462.8474
595.7975 462.8555
595.8076 462.8568
595.8086 462.8535
595.8157 462.8398
595.8372 462.8412
595.8457 462.8394
595.8275 462.8457
595.8024 462.847
1920 462.8527
1920 462.8447
1920 462.8403
1920 462.853
1920 462.8556
1920 462.8434
1920 462.8464
1920 462.8608
1920 462.8556
1920 462.8429
1920.021 462.8495
1920.012 462.8543
1919.993 462.8439
1919.99 462.8469
1919.995 462.8452
1919.993 462.8389
1919.991 462.833
1919.96 462.8401
1919.949 462.8359
1919.944 462.8276
1919.948 462.8369
1919.951 462.8403
1919.957 462.841
1919.946 462.8457
1919.946 462.8516
1919.953 462.8528
1919.967 462.8504
1919.984 462.8548
1920.007 462.8519
1920.026 462.8522
1920.041 462.8436
1920.057 462.8462
1920.072 462.8488
1920.076 462.8512
1920.066 462.8457
1920.074 462.8525
1920.081 462.8503
1920.089 462.8537
1920.098 462.8528
1920.108 462.856
1920.093 462.8578
1920.071 462.8605
1920.072 462.8629
1920.098 462.8626
1920.09 462.855
1920.081 462.8555
1920.082 462.8582
1920.067 462.8533
1920.065 462.8504
1920.074 462.8506
1920.075 462.8589
1920.071 462.8545
1920.058 462.8486
1920.063 462.8568
1920.062 462.8628
1920.056 462.8693
1920.06 462.8717
1920.046 462.8683
1920.026 462.8547
1920.012 462.856
1920.009 462.8602
1920.028 462.8605
1920.034 462.8602
1920.016 462.8694
1920.011 462.8673
1920.011 462.8595
1919.997 462.8507
1920.002 462.849
1920.007 462.8462
1920.025 462.8469
1920.029 462.8486
1920.046 462.8438
1920.06 462.8386
1920.063 462.8346
1920.07 462.8213
1920.088 462.8171
1920.1 462.8114
1920.108 462.8086
1920.129 462.808
1920.135 462.8078
1920.135 462.8048
1920.139 462.8032
1920.133 462.7951
1920.136 462.793
1920.137 462.7926
1920.147 462.7957
1920.168 462.806
1920.171 462.806
1920.204 462.8083
1920.213 462.8141
1920.213 462.8062
1920.197 462.803
1920.191 462.8112
1920.176 462.8202
1920.169 462.8218
1920.172 462.8156
1920.175 462.8242
1920.175 462.8267
1920.183 462.8304
1920.159 462.846
1920.148 462.8512
1920.164 462.8525
1920.159 462.8547
1920.173 462.8578
1920.159 462.8597
1920.154 462.8496
1920.155 462.849
1920 480
595.7549 462.8332
596.0182 462.8343
595.9733 462.8244
595.9446 462.8278
596.014 462.8611
595.9941 462.8301
596.0169 462.8438
596.0124 462.8333
595.9886 462.8429
595.9883 462.8297
595.9333 462.8309
595.9573 462.8581
595.9505 462.8558
595.9886 462.853
595.9375 462.841
595.9802 462.8211
595.9818 462.8289
595.9544 462.849
595.8408 462.7869
595.8181 462.7855
595.7861 462.8084
595.7718 462.8229
595.7327 462.8467
595.7627 462.8115
595.736 462.8006
595.7936 462.8213
595.7874 462.8386
595.7321 462.8184
595.7562 462.8249
595.761 462.8205
595.7614 462.8136
595.7529 462.8084
595.7438 462.8101
595.7562 462.8159
595.764 462.8226
595.7617 462.8216
595.749 462.8125
595.7487 462.8174
595.7422 462.8285
595.7595 462.8302
595.7689 462.8268
595.7663 462.8221
595.7692 462.8004
595.7744 462.7907
595.7728 462.7905
595.7552 462.7988
595.7324 462.8027
595.7308 462.807
595.739 462.8093
595.7448 462.8231
595.7513 462.8297
595.7432 462.8325
595.7263 462.8403
595.7269 462.8475
595.7275 462.8481
595.752 462.8431
595.7722 462.8363
595.763 462.8317
595.7627 462.8242
595.7627 462.8276
595.7539 462.8322
595.7546 462.8376
595.7722 462.8359
595.7903 462.8418
595.7939 462.8434
595.7839 462.8433
595.7741 462.8462
595.778 462.8503
595.7676 462.8403
595.7669 462.8372
595.7793 462.8353
595.7715 462.8307
595.751 462.8267
595.7419 462.8356
595.7549 462.8486
595.7673 462.86
595.7624 462.8602
595.7539 462.859
595.7399 462.8555
595.7292 462.8506
595.7295 462.8548
595.737 462.8685
595.7578 462.8672
595.7982 462.8581
595.819 462.8474
595.8151 462.8516
595.8128 462.8478
595.8135 462.8589
595.821 462.8734
595.8323 462.8708
595.8359 462.8739
595.8333 462.8752
595.8148 462.8807
595.791 462.8817
595.79 462.881
595.793 462.8815
595.7897 462.8854
595.7809 462.894
595.7734 462.8919
595.7783 462.8878
595.7832 462.8914
595.78 462.8869
595.7816 462.8779
595.777 462.8729
595.7816 462.8745
595.7747 462.873
595.7695 462.8688
595.7722 462.8727
595.7659 462.875
595.7588 462.8706
595.7669 462.8683
595.7816 462.875
595.78 462.875
595.7695 462.869
595.7936 462.8659
595.7855 462.8657
595.7988 462.8629
595.8206 462.8578
595.832 462.8507
595.8216 462.8441
595.8203 462.8573
595.8105 462.8722
595.8021 462.86
595.7991 462.8662
595.8138 462.8726
595.8047 462.8706
595.7933 462.8739
595.7975 462.8735
595.7712 462.8691
595.7708 462.8649
595.7816 462.8641
595.8037 462.8586
595.8054 462.8602
595.8099 462.8623
595.8151 462.8659
595.8181 462.8569
595.8099 462.8537
595.8193 462.859
595.804 462.8669
595.8102 462.8634
595.8268 462.8602
595.8401 462.8493
595.8262 462.8483
595.8096 462.8522
595.8089 462.8566
595.8044 462.8533
595.7998 462.8527
595.8086 462.8465
595.8187 462.8438
595.8294 462.8346
595.8294 462.8392
595.8122 462.8358
595.8138 462.8366
595.7962 462.848
595.7975 462.8439
595.7962 462.8376
595.7474 462.8533
595.7165 462.8631
595.7109 462.8597
595.7288 462.8634
595.7227 462.8646
595.7188 462.8602
595.7158 462.8643
595.7097 462.8672
595.7112 462.8633
595.7207 462.8582
595.7256 462.8509
595.7292 462.8528
595.7132 462.8679
595.72 462.8701
595.7324 462.8729
595.7419 462.8685
595.7507 462.8755
595.7598 462.8783
595.7595 462.874
595.78 462.8706
595.791 462.8698
595.7946 462.859
595.8011 462.8533
595.8154 462.8514
595.82 462.8459
595.7988 462.8475
595.7858 462.8478
595.7975 462.8474
595.7975 462.8555
595.8076 462.8568
595.8086 462.8535
595.8157 462.8398
595.8372 462.8412
595.8457 462.8394
595.8275 462.8457
595.8024 462.847
1920 462.8527
1920 462.8447
1920 462.8403
1920 462.853
1920 462.8556
1920 462.8434
1920 462.8464
1920 462.8608
1920 462.8556
1920 462.8429
1920.021 462.8495
1920.012 462.8543
1919.993 462.8439
1919.99 462.8469
1919.995 462.8452
1919.993 462.8389
1919.991 462.833
1919.96 462.8401
1919.949 462.8359
1919.944 462.8276
1919.948 462.8369
1919.951 462.8403
1919.957 462.841
1919.946 462.8457
1919.946 462.8516
1919.953 462.8528
1919.967 462.8504
1919.984 462.8548
1920.007 462.8519
1920.026 462.8522
1920.041 462.8436
1920.057 462.8462
1920.072 462.8488
1920.076 462.8512
1920.066 462.8457
1920.074 462.8525
1920.081 462.8503
1920.089 462.8537
1920.098 462.8528
1920.108 462.856
1920.093 462.8578
1920.071 462.8605
1920.072 462.8629
1920.098 462.8626
1920.09 462.855
1920.081 462.8555
1920.082 462.8582
1920.067 462.8533
1920.065 462.8504
1920.074 462.8506
1920.075 462.8589
1920.071 462.8545
1920.058 462.8486
1920.063 462.8568
1920.062 462.8628
1920.056 462.8693
1920.06 462.8717
1920.046 462.8683
1920.026 462.8547
1920.012 462.856
1920.009 462.8602
1920.028 462.8605
1920.034 462.8602
1920.016 462.8694
1920.011 462.8673
1920.011 462.8595
1919.997 462.8507
1920.002 462.849
1920.007 462.8462
1920.025 462.8469
1920.029 462.8486
1920.046 462.8438
1920.06 462.8386
1920.063 462.8346
1920.07 462.8213
1920.088 462.8171
1920.1 462.8114
1920.108 462.8086
1920.129 462.808
1920.135 462.8078
1920.135 462.8048
1920.139 462.8032
1920.133 462.7951
1920.136 462.793
1920.137 462.7926
1920.147 462.7957
1920.168 462.806
1920.171 462.806
1920.204 462.8083
1920.213 462.8141
1920.213 462.8062
1920.197 462.803
1920.191 462.8112
1920.176 462.8202
1920.169 462.8218
1920.172 462.8156
1920.175 462.8242
1920.175 462.8267
1920.183 462.8304
1920.159 462.846
1920.148 462.8512
1920.164 462.8525
1920.159 462.8547
1920.173 462.8578
1920.159 462.8597
1920.154 462.8496
1920.155 462.849
1920.164 462.8462
1920.146 462.8446
1920.134 462.8465
1920.113 462.856
1920.093 462.8633
1920.08 462.8646
1920.067 462.8556
1920.062 462.8483
1920.069 462.8384
1920.075 462.8195
1920.076 462.8154
1920.08 462.8091
1920.092 462.811
1920.084 462.8162
1920.084 462.8211
1920.075 462.8195
1920.069 462.8242
1920.066 462.8307
1920.077 462.8257
1920.069 462.8281
1920.056 462.8307
1920.058 462.8309
1920.062 462.8301
1920.056 462.8325
1920.052 462.8317
1920.044 462.8415
1920.043 462.8397
1920.037 462.8371
1920.03 462.8416
1920.036 462.8407
1920.047 462.8424
1920.029 462.8477
1920.017 462.8586
1920.013 462.8613
1920.003 462.8568
1919.986 462.8558
1919.978 462.8574
1919.965 462.8581
1919.956 462.8498
1919.951 462.8442
1919.942 462.8511
1919.931 462.8405
1919.926 462.8379
1919.904 462.8358
1919.914 462.8387
1919.911 462.8369
1919.91 462.846
1919.932 462.8398
1919.927 462.8361
1919.926 462.8343
1919.904 462.8309
1919.887 462.8301
1919.88 462.8288
1919.862 462.8311
1919.865 462.8377
1919.891 462.833
1919.891 462.8315
1919.883 462.8328
1919.879 462.8332
1919.88 462.8322
1919.886 462.8297
1919.891 462.8304
1919.878 462.8391
1919.887 462.8472
1919.898 462.8452
1919.929 462.8412
1919.924 462.8389
1919.942 462.8255
1919.96 462.8206
1919.989 462.8138
1920.006 462.808
1920.012 462.812
1920.003 462.8193
1919.998 462.825
1919.995 462.8234
1920.003 462.8221
1920.016 462.8176
1919.998 462.8117
1920.009 462.8052
1920.006 462.8112
1919.996 462.8203
1920.009 462.814
1920.009 462.8166
1919.984 462.8288
1919.976 462.828
1919.964 462.8293
1919.974 462.8296
1920.007 462.8296
1920.034 462.8271
1920.032 462.825
1920.019 462.8223
1920.031 462.8133
1920.018 462.8193
1920.034 462.8268
1920.03 462.8351
1920.034 462.8273
1920.032 462.8234
1920.054 462.8239
1920.051 462.832
1920.039 462.8341
1920.042 462.838
1920.049 462.8428
1920.058 462.841
1920.042 462.8441
1920.046 462.8397
1920.056 462.8446
1920.044 462.8442
1920.032 462.8416
1920.036 462.8389
1920.02 462.8451
1920.005 462.8415
1920.017 462.8278
1920.036 462.8223
1920.04 462.8237
1920.053 462.8224
1920.078 462.8135
1920.08 462.8146
1920.065 462.8112
1920.048 462.8156
1920.049 462.8252
1920.079 462.8413
1920.077 462.8412
1920.07 462.8452
1920.082 462.8428
1920.068 462.8368
1920.045 462.8457
1920.028 462.8568
1919.996 462.8664
1919.979 462.8716
1919.957 462.8703
1919.926 462.861
1919.9 462.861
1919.896 462.86
1919.89 462.8631
1919.877 462.8611
1919.891 462.8654
1919.937 462.8449
1919.927 462.8469
1919.922 462.855
1919.957 462.8533
1919.963 462.8581
1919.983 462.8589
1919.995 462.8703
1920.005 462.8709
1920.019 462.875
1920.04 462.8654
1920.032 462.8696
1920.029 462.8708
1920.015 462.8638
1920.001 462.86
1919.995 462.8626
1920.006 462.8633
1919.988 462.8512
1920.004 462.8455
1920.042 462.8512
1920.047 462.848
1920.011 462.8481
1920.012 462.8426
1920.032 462.8291
1920.051 462.8154
1920.064 462.8094
1920.071 462.8089
1920.069 462.8107
1920.062 462.7998
1920.096 462.7959
1920.099 462.7969
1920.103 462.7957
1920.099 462.7896
1920.094 462.7876
1920.07 462.7892
1920.069 462.7983
1920.057 462.8114
1920.055 462.8073
1920.067 462.8078
1920.062 462.8138
1920.046 462.8228
1920.054 462.827
1920.067 462.8254
1920.066 462.8239
1920.076 462.8185
1920.059 462.8148
1920.026 462.8179
1920.046 462.8219
1920.076 462.8193
1920.086 462.8299
1920.093 462.8315
1920.104 462.835
1920.119 462.8361
1920.117 462.8424
1920.095 462.8449
1920.117 462.8351
1920.104 462.84
1920.117 462.8449
1920.163 462.8403
1920.151 462.8415
1920.175 462.8455
1920.196 462.8496
1920.205 462.8623
1920.217 462.8672
1920.204 462.8669
1920.191 462.8714
1920.188 462.8791
1920.162 462.8786
1920.151 462.8745
1920.142 462.8711
1920.119 462.8732
1920.121 462.8714
1920.095 462.8797
1920.091 462.8885
1920.108 462.8851
1920.092 462.8904
1920.082 462.9009
1920.072 462.8954
1920.068 462.8909
1920.037 462.8929
1920.014 462.8976
1920.016 462.8975
1920.019 462.8888
1919.98 462.9041
1919.97 462.9176
1919.969 462.917
1919.929 462.9134
1919.895 462.9196
1919.904 462.9085
1919.911 462.8918
1919.897 462.8857
1919.914 462.8815
1919.923 462.881
1919.905 462.876
1919.908 462.8628
1919.918 462.8647
1919.926 462.8634
1919.928 462.8631
1919.947 462.8599
1919.95 462.8581
1919.943 462.8639
1919.938 462.8503
1919.937 462.8467
1919.945 462.855
1919.952 462.8491
1919.945 462.8434
1919.932 462.8384
1919.965 462.8283
1920.008 462.8198
1919.993 462.824
1919.991 462.8296
1919.977 462.8323
1919.992 462.8278
1920.016 462.8327
1920.015 462.8454
1920.002 462.8424
1920.026 462.8348
1920.032 462.8372
1920.002 462.8403
1919.999 462.8454
1920.001 462.853
1919.985 462.8647
1919.996 462.8522
1919.998 462.8499
1920.01 462.8558
1920.019 462.8568
1920.031 462.8481
1920.027 462.8509
1920.049 462.8415
1920.094 462.8374
1920.086 462.8371
1920.108 462.8325
1920.123 462.8289
1920.136 462.8228
1920.095 462.8247
1920.07 462.8218
1920.078 462.8221
1920.097 462.8143
1920.105 462.8138
1920.117 462.8135
1920.12 462.8185
1920.102 462.8179
1920.087 462.812
1920.095 462.8099
1920.091 462.8164
1920.1 462.8216
1920.116 462.8192
1920.126 462.8125
1920.129 462.8001
1920.144 462.7835
1920.143 462.7805
1920.127 462.7894
1920.111 462.7865
1920.076 462.7959
1920.067 462.7993
1920.08 462.7905
1920.1 462.7881
1920.077 462.797
1920.073 462.8
1920.069 462.7972
1920.073 462.785
1920.083 462.7861
1920.1 462.7785
1920.097 462.7764
1920.101 462.7904
1920.164 462.8462
1920.146 462.8446
1920.134 462.8465
1920.113 462.856
1920.093 462.8633
1920.08 462.8646
1920.067 462.8556
1920.062 462.8483
1920.069 462.8384
1920.075 462.8195
1920.076 462.8154
1920.08 462.8091
1920.092 462.811
1920.084 462.8162
1920.084 462.8211
1920.075 462.8195
1920.069 462.8242
1920.066 462.8307
1920.077 462.8257
1920.069 462.8281
1920.056 462.8307
1920.058 462.8309
1920.062 462.8301
1920.056 462.8325
1920.052 462.8317
1920.044 462.8415
1920.043 462.8397
1920.037 462.8371
1920.03 462.8416
1920.036 462.8407
1920.047 462.8424
1920.029 462.8477
1920.017 462.8586
1920.013 462.8613
1920.003 462.8568
1919.986 462.8558
1919.978 462.8574
1919.965 462.8581
1919.956 462.8498
1919.951 462.8442
1919.942 462.8511
1919.931 462.8405
1919.926 462.8379
1919.904 462.8358
1919.914 462.8387
1919.911 462.8369
1919.91 462.846
1919.932 462.8398
1919.927 462.8361
1919.926 462.8343
1919.904 462.8309
1919.887 462.8301
1919.88 462.8288
1919.862 462.8311
1919.865 462.8377
1919.891 462.833
1919.891 462.8315
1919.883 462.8328
1919.879 462.8332
1919.88 462.8322
1919.886 462.8297
1919.891 462.8304
1919.878 462.8391
1919.887 462.8472
1919.898 462.8452
1919.929 462.8412
1919.924 462.8389
1919.942 462.8255
1919.96 462.8206
1919.989 462.8138
1920.006 462.808
1920.012 462.812
1920.003 462.8193
1919.998 462.825
1919.995 462.8234
1920.003 462.8221
1920.016 462.8176
1919.998 462.8117
1920.009 462.8052
1920.006 462.8112
1919.996 462.8203
1920.009 462.814
1920.009 462.8166
1919.984 462.8288
1919.976 462.828
1919.964 462.8293
1919.974 462.8296
1920.007 462.8296
1920.034 462.8271
1920.032 462.825
1920.019 462.8223
1920.031 462.8133
1920.018 462.8193
1920.034 462.8268
1920.03 462.8351
1920.034 462.8273
1920.032 462.8234
1920.054 462.8239
1920.051 462.832
1920.039 462.8341
1920.042 462.838
1920.049 462.8428
1920.058 462.841
1920.042 462.8441
1920.046 462.8397
1920.056 462.8446
1920.044 462.8442
1920.032 462.8416
1920.036 462.8389
1920.02 462.8451
1920.005 462.8415
1920.017 462.8278
1920.036 462.8223
1920.04 462.8237
1920.053 462.8224
1920.078 462.8135
1920.08 462.8146
1920.065 462.8112
1920.048 462.8156
1920.049 462.8252
1920.079 462.8413
1920.077 462.8412
1920.07 462.8452
1920.082 462.8428
1920.068 462.8368
1920.045 462.8457
1920.028 462.8568
1919.996 462.8664
1919.979 462.8716
1919.957 462.8703
1919.926 462.861
1919.9 462.861
1919.896 462.86
1919.89 462.8631
1919.877 462.8611
1919.891 462.8654
1919.937 462.8449
1919.927 462.8469
1919.922 462.855
1919.957 462.8533
1919.963 462.8581
1919.983 462.8589
1919.995 462.8703
1920.005 462.8709
1920.019 462.875
1920.04 462.8654
1920.032 462.8696
1920.029 462.8708
1920.015 462.8638
1920.001 462.86
1919.995 462.8626
1920.006 462.8633
1919.988 462.8512
1920.004 462.8455
1920.042 462.8512
1920.047 462.848
1920.011 462.8481
1920.012 462.8426
1920.032 462.8291
1920.051 462.8154
1920.064 462.8094
1920.071 462.8089
1920.069 462.8107
1920.062 462.7998
1920.096 462.7959
1920.099 462.7969
1920.103 462.7957
1920.099 462.7896
1920.094 462.7876
1920.07 462.7892
1920.069 462.7983
1920.057 462.8114
1920.055 462.8073
1920.067 462.8078
1920.062 462.8138
1920.046 462.8228
1920.054 462.827
1920.067 462.8254
1920.066 462.8239
1920.076 462.8185
1920.059 462.8148
1920.026 462.8179
1920.046 462.8219
1920.076 462.8193
1920.086 462.8299
1920.093 462.8315
1920.104 462.835
1920.119 462.8361
1920.117 462.8424
1920.095 462.8449
1920.117 462.8351
1920.104 462.84
1920.117 462.8449
1920.163 462.8403
1920.151 462.8415
1920.175 462.8455
1920.196 462.8496
1920.205 462.8623
1920.217 462.8672
1920.204 462.8669
1920.191 462.8714
1920.188 462.8791
1920.162 462.8786
1920.151 462.8745
1920.142 462.8711
1920.119 462.8732
1920.121 462.8714
1920.095 462.8797
1920.091 462.8885
1920.108 462.8851
1920.092 462.8904
1920.082 462.9009
1920.072 462.8954
1920.068 462.8909
1920.037 462.8929
1920.014 462.8976
1920.016 462.8975
1920.019 462.8888
1919.98 462.9041
1919.97 462.9176
1919.969 462.917
1919.929 462.9134
1919.895 462.9196
1919.904 462.9085
1919.911 462.8918
1919.897 462.8857
1919.914 462.8815
1919.923 462.881
1919.905 462.876
1919.908 462.8628
1919.918 462.8647
1919.926 462.8634
1919.928 462.8631
1919.947 462.8599
1919.95 462.8581
1919.943 462.8639
1919.938 462.8503
1919.937 462.8467
1919.945 462.855
1919.952 462.8491
1919.945 462.8434
1919.932 462.8384
1919.965 462.8283
1920.008 462.8198
1919.993 462.824
1919.991 462.8296
1919.977 462.8323
1919.992 462.8278
1920.016 462.8327
1920.015 462.8454
1920.002 462.8424
1920.026 462.8348
1920.032 462.8372
1920.002 462.8403
1919.999 462.8454
1920.001 462.853
1919.985 462.8647
1919.996 462.8522
1919.998 462.8499
1920.01 462.8558
1920.019 462.8568
1920.031 462.8481
1920.027 462.8509
1920.049 462.8415
1920.094 462.8374
1920.086 462.8371
1920.108 462.8325
1920.123 462.8289
1920.136 462.8228
1920.095 462.8247
1920.07 462.8218
1920.078 462.8221
1920.097 462.8143
1920.105 462.8138
1920.117 462.8135
1920.12 462.8185
1920.102 462.8179
1920.087 462.812
1920.095 462.8099
1920.091 462.8164
1920.1 462.8216
1920.116 462.8192
1920.126 462.8125
1920.129 462.8001
1920.144 462.7835
1920.143 462.7805
1920.127 462.7894
1920.111 462.7865
1920.076 462.7959
1920.067 462.7993
1920.08 462.7905
1920.1 462.7881
1920.077 462.797
1920.073 462.8
1920.069 462.7972
1920.073 462.785
1920.083 462.7861
1920.1 462.7785
1920.097 462.7764
1920.101 462.7904
1920.121 462.7947
1920.116 462.7889
1920.122 462.7907
1920.107 462.8008
1920.085 462.8081
1920.083 462.8117
1920.062 462.8101
1920.054 462.8176
1920.039 462.8226
1920.042 462.8197
1920.07 462.8184
1920.09 462.8145
1920.102 462.8133
1920.117 462.8037
1920.118 462.8081
1920.091 462.8158
1920.07 462.8133
1920.089 462.8099
1920.076 462.8094
1920.031 462.8206
1920.028 462.827
1920.042 462.8351
1920.053 462.8302
1920.056 462.8262
1920.063 462.8252
1920.049 462.8231
1920.042 462.8276
1920.044 462.824
1920.08 462.8338
1920.056 462.8424
1920.041 462.8392
1920.03 462.8465
1920.002 462.8491
1919.993 462.8493
1919.978 462.8528
1919.969 462.8451
1919.944 462.8488
1919.947 462.8462
1919.936 462.8424
1919.918 462.8504
1919.902 462.8527
1919.924 462.8657
1919.912 462.8712
1919.91 462.8639
1919.918 462.8576
1919.928 462.8665
1919.886 462.8748
1919.873 462.8742
1919.875 462.8709
1919.909 462.8574
1919.923 462.856
1919.959 462.8462
1919.993 462.8469
1919.974 462.8433
1919.979 462.8394
1920.005 462.8386
1920.02 462.8386
1920.018 462.8317
1920.005 462.8348
1920.02 462.8419
1920.004 462.8548
1920.009 462.8516
1919.999 462.8501
1919.98 462.8533
1919.951 462.855
1919.985 462.8455
1919.973 462.8368
1919.965 462.8318
1919.945 462.8354
1919.955 462.8376
1919.958 462.8149
1919.962 462.8158
1919.969 462.8131
1919.975 462.8169
1919.987 462.8286
1919.991 462.8327
1920.022 462.8336
1920.029 462.8372
1920.016 462.8449
1920.01 462.8452
1920.018 462.8424
1920.016 462.8306
1920.033 462.8237
1920.016 462.8148
1920.001 462.8098
1919.996 462.8167
1919.987 462.812
1919.977 462.8115
1919.987 462.8143
1920.002 462.8149
1920.021 462.8093
1920.019 462.8053
1920.031 462.8123
1920.044 462.8011
1920.06 462.7925
1920.038 462.799
1920.017 462.8098
1919.98 462.8177
1919.972 462.8271
1919.974 462.8299
1919.953 462.8315
1919.933 462.8154
1919.931 462.8102
1919.91 462.8185
1919.904 462.8228
1919.912 462.8096
1919.906 462.8187
1919.915 462.8267
1919.93 462.8237
1919.926 462.8259
1919.926 462.8312
1919.953 462.8429
1919.959 462.8419
1919.951 462.8465
1919.967 462.8477
1919.97 462.8533
1919.984 462.855
1919.977 462.8444
1919.982 462.8336
1919.98 462.8271
1919.982 462.8317
1919.988 462.832
1920.008 462.8202
1920.039 462.8109
1920.048 462.8146
1920.028 462.8159
1920.026 462.8235
1920.048 462.8299
1920.025 462.8328
1920.022 462.8317
1920.03 462.8288
1920.051 462.8398
1920.057 462.8315
1920.054 462.8323
1920.042 462.8301
1920.048 462.8176
1920.051 462.8146
1920.038 462.8288
1920.026 462.8382
1920 462.8405
1919.998 462.849
1919.973 462.8573
1919.98 462.8579
1919.966 462.8638
1919.967 462.8664
1919.969 462.8739
1919.962 462.8669
1919.939 462.8578
1919.96 462.86
1919.967 462.862
1919.987 462.8636
1920.021 462.8683
1920.025 462.8691
1920.032 462.8613
1920.023 462.859
1920.026 462.8503
1920.02 462.8449
1920.025 462.846
1920.004 462.8496
1920.007 462.8438
1919.993 462.8312
1919.981 462.8358
1919.996 462.8452
1919.989 462.861
1919.968 462.8615
1919.953 462.8712
1919.944 462.873
1919.925 462.8771
1919.939 462.8618
1919.967 462.847
1919.953 462.8516
1919.952 462.8495
1919.948 462.8359
1919.938 462.8412
1919.945 462.8524
1919.945 462.8618
1919.961 462.862
1919.973 462.8649
1919.978 462.8722
1919.99 462.8747
1920.007 462.8762
1920.007 462.8784
1920.008 462.86
1919.997 462.8532
1919.996 462.8564
1919.998 462.8592
1919.999 462.8548
1920.017 462.849
1920.032 462.8459
1920.053 462.8336
1920.071 462.8255
1920.099 462.814
1920.094 462.8133
1920.054 462.8288
1920.041 462.8299
1920.038 462.8405
1920.034 462.8403
1920.075 462.8391
1920.072 462.8374
1920.056 462.8386
1920.051 462.8407
1920.043 462.8511
1920.066 462.8571
1920.076 462.8628
1920.067 462.8753
1920.082 462.882
1920.08 462.8779
1920.05 462.869
1920.068 462.873
1920.056 462.876
1920.056 462.8768
1920.063 462.8661
1920.047 462.869
1920.051 462.8558
1920.039 462.8571
1920.014 462.8525
1919.99 462.8607
1919.976 462.8636
1919.963 462.8716
1919.943 462.8828
1919.941 462.8778
1919.932 462.8856
1919.912 462.882
1919.935 462.8786
1919.901 462.8853
1919.889 462.8846
1919.893 462.8802
1919.876 462.8768
1919.859 462.889
1919.855 462.8807
1919.828 462.8892
1919.835 462.8862
1919.857 462.8857
1919.882 462.8916
1919.881 462.8857
1919.89 462.8742
1919.887 462.8739
1919.915 462.8654
1919.912 462.869
1919.929 462.8682
1919.942 462.8665
1919.963 462.8628
1919.96 462.862
1919.969 462.856
1919.948 462.8552
1919.939 462.8595
1919.941 462.8592
1919.941 462.8599
1919.956 462.8618
1919.979 462.8677
1920.006 462.8607
1920.012 462.8604
1920.012 462.856
1920.041 462.8442
1920.046 462.8361
1920.049 462.8377
1920.066 462.8268
1920.11 462.8125
1920.097 462.813
1920.081 462.8235
1920.083 462.8162
1920.086 462.8136
1920.079 462.8119
1920.111 462.8224
1920.109 462.8244
1920.091 462.8333
1920.091 462.8374
1920.098 462.8345
1920.075 462.8354
1920.053 462.849
1920.083 462.8519
1920.081 462.8578
1920.107 462.8608
1920.125 462.8605
1920.16 462.8628
1920.182 462.8661
1920.199 462.8752
1920.208 462.8786
1920.232 462.8771
1920.202 462.8758
1920.218 462.8636
1920.206 462.8682
1920.182 462.875
1920.137 462.8709
1920.121 462.8763
1920.088 462.8968
1920.069 462.9128
1920.057 462.9193
1920.058 462.9265
1920.059 462.9238
1920.055 462.9229
1920.075 462.922
1920.101 462.9251
1920.108 462.9272
1920.089 462.9261
1920.07 462.9243
1920.068 462.9176
1920.084 462.9126
1920.101 462.9173
1920.1 462.9225
1920.121 462.7947
1920.116 462.7889
1920.122 462.7907
1920.107 462.8008
1920.085 462.8081
1920.083 462.8117
1920.062 462.8101
1920.054 462.8176
1920.039 462.8226
1920.042 462.8197
1920.07 462.8184
1920.09 462.8145
1920.102 462.8133
1920.117 462.8037
1920.118 462.8081
1920.091 462.8158
1920.07 462.8133
1920.089 462.8099
1920.076 462.8094
1920.031 462.8206
1920.028 462.827
1920.042 462.8351
1920.053 462.8302
1920.056 462.8262
1920.063 462.8252
1920.049 462.8231
1920.042 462.8276
1920.044 462.824
1920.08 462.8338
1920.056 462.8424
1920.041 462.8392
1920.03 462.8465
1920.002 462.8491
1919.993 462.8493
1919.978 462.8528
1919.969 462.8451
1919.944 462.8488
1919.947 462.8462
1919.936 462.8424
1919.918 462.8504
1919.902 462.8527
1919.924 462.8657
1919.912 462.8712
1919.91 462.8639
1919.918 462.8576
1919.928 462.8665
1919.886 462.8748
1919.873 462.8742
1919.875 462.8709
1919.909 462.8574
1919.923 462.856
1919.959 462.8462
1919.993 462.8469
1919.974 462.8433
1919.979 462.8394
1920.005 462.8386
1920.02 462.8386
1920.018 462.8317
1920.005 462.8348
1920.02 462.8419
1920.004 462.8548
1920.009 462.8516
1919.999 462.8501
1919.98 462.8533
1919.951 462.855
1919.985 462.8455
1919.973 462.8368
1919.965 462.8318
1919.945 462.8354
1919.955 462.8376
1919.958 462.8149
1919.962 462.8158
1919.969 462.8131
1919.975 462.8169
1919.987 462.8286
1919.991 462.8327
1920.022 462.8336
1920.029 462.8372
1920.016 462.8449
1920.01 462.8452
1920.018 462.8424
1920.016 462.8306
1920.033 462.8237
1920.016 462.8148
1920.001 462.8098
1919.996 462.8167
1919.987 462.812
1919.977 462.8115
1919.987 462.8143
1920.002 462.8149
1920.021 462.8093
1920.019 462.8053
1920.031 462.8123
1920.044 462.8011
1920.06 462.7925
1920.038 462.799
1920.017 462.8098
1919.98 462.8177
1919.972 462.8271
1919.974 462.8299
1919.953 462.8315
1919.933 462.8154
1919.931 462.8102
1919.91 462.8185
1919.904 462.8228
1919.912 462.8096
1919.906 462.8187
1919.915 462.8267
1919.93 462.8237
1919.926 462.8259
1919.926 462.8312
1919.953 462.8429
1919.959 462.8419
1919.951 462.8465
1919.967 462.8477
1919.97 462.8533
1919.984 462.855
1919.977 462.8444
1919.982 462.8336
1919.98 462.8271
1919.982 462.8317
1919.988 462.832
1920.008 462.8202
1920.039 462.8109
1920.048 462.8146
1920.028 462.8159
1920.026 462.8235
1920.048 462.8299
1920.025 462.8328
1920.022 462.8317
1920.03 462.8288
1920.051 462.8398
1920.057 462.8315
1920.054 462.8323
1920.042 462.8301
1920.048 462.8176
1920.051 462.8146
1920.038 462.8288
1920.026 462.8382
1920 462.8405
1919.998 462.849
1919.973 462.8573
1919.98 462.8579
1919.966 462.8638
1919.967 462.8664
1919.969 462.8739
1919.962 462.8669
1919.939 462.8578
1919.96 462.86
1919.967 462.862
1919.987 462.8636
1920.021 462.8683
1920.025 462.8691
1920.032 462.8613
1920.023 462.859
1920.026 462.8503
1920.02 462.8449
1920.025 462.846
1920.004 462.8496
1920.007 462.8438
1919.993 462.8312
1919.981 462.8358
1919.996 462.8452
1919.989 462.861
1919.968 462.8615
1919.953 462.8712
1919.944 462.873
1919.925 462.8771
1919.939 462.8618
1919.967 462.847
1919.953 462.8516
1919.952 462.8495
1919.948 462.8359
1919.938 462.8412
1919.945 462.8524
1919.945 462.8618
1919.961 462.862
1919.973 462.8649
1919.978 462.8722
1919.99 462.8747
1920.007 462.8762
1920.007 462.8784
1920.008 462.86
1919.997 462.8532
1919.996 462.8564
1919.998 462.8592
1919.999 462.8548
1920.017 462.849
1920.032 462.8459
1920.053 462.8336
1920.071 462.8255
1920.099 462.814
1920.094 462.8133
1920.054 462.8288
1920.041 462.8299
1920.038 462.8405
1920.034 462.8403
1920.075 462.8391
1920.072 462.8374
1920.056 462.8386
1920.051 462.8407
1920.043 462.8511
1920.066 462.8571
1920.076 462.8628
1920.067 462.8753
1920.082 462.882
1920.08 462.8779
1920.05 462.869
1920.068 462.873
1920.056 462.876
1920.056 462.8768
1920.063 462.8661
1920.047 462.869
1920.051 462.8558
1920.039 462.8571
1920.014 462.8525
1919.99 462.8607
1919.976 462.8636
1919.963 462.8716
1919.943 462.8828
1919.941 462.8778
1919.932 462.8856
1919.912 462.882
1919.935 462.8786
1919.901 462.8853
1919.889 462.8846
1919.893 462.8802
1919.876 462.8768
1919.859 462.889
1919.855 462.8807
1919.828 462.8892
1919.835 462.8862
1919.857 462.8857
1919.882 462.8916
1919.881 462.8857
1919.89 462.8742
1919.887 462.8739
1919.915 462.8654
1919.912 462.869
1919.929 462.8682
1919.942 462.8665
1919.963 462.8628
1919.96 462.862
1919.969 462.856
1919.948 462.8552
1919.939 462.8595
1919.941 462.8592
1919.941 462.8599
1919.956 462.8618
1919.979 462.8677
1920.006 462.8607
1920.012 462.8604
1920.012 462.856
1920.041 462.8442
1920.046 462.8361
1920.049 462.8377
1920.066 462.8268
1920.11 462.8125
1920.097 462.813
1920.081 462.8235
1920.083 462.8162
1920.086 462.8136
1920.079 462.8119
1920.111 462.8224
1920.109 462.8244
1920.091 462.8333
1920.091 462.8374
1920.098 462.8345
1920.075 462.8354
1920.053 462.849
1920.083 462.8519
1920.081 462.8578
1920.107 462.8608
1920.125 462.8605
1920.16 462.8628
1920.182 462.8661
1920.199 462.8752
1920.208 462.8786
1920.232 462.8771
1920.202 462.8758
1920.218 462.8636
1920.206 462.8682
1920.182 462.875
1920.137 462.8709
1920.121 462.8763
1920.088 462.8968
1920.069 462.9128
1920.057 462.9193
1920.058 462.9265
1920.059 462.9238
1920.055 462.9229
1920.075 462.922
1920.101 462.9251
1920.108 462.9272
1920.089 462.9261
1920.07 462.9243
1920.068 462.9176
1920.084 462.9126
1920.101 462.9173
1920.1 462.9225
1920.09 462.9294
1920.096 462.9265
1920.094 462.9338
1920.078 462.9396
1920.068 462.9419
1920.07 462.9334
1920.078 462.9348
1920.072 462.9406
1920.074 462.9391
1920.068 462.9427
1920.057 462.9471
1920.076 462.9351
1920.087 462.9307
1920.094 462.9271
1920.1 462.9186
1920.109 462.9108
1920.112 462.9025
1920.095 462.9041
1920.047 462.9066
1920.031 462.9072
1920.017 462.9014
1920.025 462.9023
1920.047 462.8976
1920.074 462.8851
1920.054 462.8944
1920.011 462.9025
1920 462.901
1920.001 462.9007
1919.993 462.903
1919.97 462.909
1919.978 462.8936
1919.998 462.8845
1920.004 462.8835
1920.011 462.8841
1920.036 462.87
1920.018 462.8729
1920.002 462.8714
1920.007 462.8636
1920.009 462.8595
1920.016 462.8584
1920.029 462.8503
1920.06 462.8359
1920.081 462.8356
1920.097 462.8359
1920.092 462.8218
1920.09 462.8229
1920.071 462.834
1920.073 462.8315
1920.129 462.8249
1920.136 462.8307
1920.13 462.8318
1920.114 462.8296
1920.096 462.8237
1920.08 462.82
1920.092 462.8181
1920.055 462.8276
1920.053 462.834
1920.069 462.8314
1920.035 462.8338
1920.026 462.8451
1920.042 462.8377
1920.048 462.8276
1920.04 462.8244
1920.025 462.8281
1920.018 462.8299
1919.992 462.8361
1919.965 462.8348
1919.95 462.8317
1919.936 462.8335
1919.942 462.8239
1919.968 462.8114
1919.968 462.8098
1919.965 462.8164
1919.985 462.826
1919.995 462.8237
1919.984 462.8289
1919.973 462.8372
1919.982 462.8315
1920.001 462.8307
1920.018 462.8351
1920.029 462.8366
1920.03 462.8336
1920.028 462.8315
1920.033 462.8369
1920.007 462.8386
1920.031 462.8446
1920.029 462.8569
1920.017 462.8641
1920.015 462.8611
1920.008 462.8662
1920.019 462.8717
1920.011 462.8748
1919.992 462.8735
1919.998 462.8675
1920.015 462.8698
1920.009 462.8752
1920.012 462.8762
1920.028 462.876
1920.029 462.8721
1920.047 462.8717
1920.056 462.8724
1920.066 462.8755
1920.072 462.8688
1920.083 462.8547
1920.068 462.854
1920.056 462.8569
1920.038 462.8532
1920.042 462.8507
1920.058 462.8571
1920.077 462.8602
1920.082 462.8578
1920.078 462.8644
1920.067 462.8732
1920.06 462.877
1920.042 462.8766
1920.037 462.8781
1920.03 462.8845
1920.037 462.875
1920.031 462.8742
1920.036 462.8776
1920.04 462.8734
1920.067 462.8771
1920.057 462.8821
1920.031 462.8821
1920.016 462.8818
1920.01 462.8851
1920.022 462.8859
1920.013 462.8784
1920.014 462.8843
1919.987 462.883
1919.984 462.8825
1919.981 462.8825
1919.994 462.8804
1919.977 462.88
1919.975 462.8776
1919.974 462.8778
1919.958 462.8828
1919.936 462.8904
1919.917 462.9028
1919.923 462.9061
1919.917 462.9056
1919.915 462.9027
1919.92 462.9023
1919.929 462.9097
1919.94 462.9138
1919.936 462.9196
1919.921 462.9194
1919.927 462.9202
1919.942 462.9212
1919.939 462.928
1919.926 462.9242
1919.94 462.9219
1919.949 462.916
1919.955 462.9066
1919.952 462.9058
1919.94 462.9055
1919.938 462.9069
1919.965 462.8963
1919.972 462.8888
1919.984 462.8821
1919.994 462.8781
1919.951 462.8748
1919.933 462.88
1919.925 462.8945
1919.908 462.8997
1919.917 462.8958
1919.92 462.8893
1919.919 462.8911
1919.909 462.8973
1919.923 462.9025
1919.928 462.9154
1919.923 462.9178
1919.927 462.9303
1919.95 462.937
1919.962 462.9369
1919.953 462.9334
1919.948 462.9369
1919.942 462.929
1919.953 462.9199
1919.945 462.9225
1919.942 462.9251
1919.96 462.925
1919.947 462.9258
1919.942 462.931
1919.951 462.9325
1919.946 462.9292
1919.945 462.9235
1919.965 462.9227
1919.977 462.9238
1919.978 462.9266
1919.983 462.9266
1919.991 462.9286
1920.007 462.9268
1920.015 462.9142
1920.008 462.9141
1920.018 462.9197
1920.022 462.9292
1920.016 462.9343
1919.995 462.9336
1919.978 462.937
1919.988 462.9375
1919.986 462.9307
1919.983 462.9354
1919.984 462.9362
1920 462.9303
1920.003 462.9263
1920.026 462.918
1920.047 462.9147
1920.056 462.9061
1920.066 462.9033
1920.076 462.8913
1920.078 462.8817
1920.09 462.8758
1920.103 462.8774
1920.116 462.8719
1920.119 462.8613
1920.134 462.859
1920.14 462.8673
1920.156 462.8679
1920.167 462.8747
1920.176 462.8799
1920.169 462.8768
1920.159 462.8779
1920.163 462.8794
1920.146 462.8869
1920.138 462.8878
1920.13 462.8931
1920.13 462.8947
1920.135 462.8957
1920.131 462.8972
1920.144 462.8975
1920.141 462.895
1920.126 462.8973
1920.131 462.8929
1920.124 462.8848
1920.109 462.8976
1920.092 462.91
1920.086 462.9133
1920.09 462.9206
1920.089 462.9224
1920.075 462.9116
1920.069 462.9027
1920.062 462.9033
1920.043 462.9134
1920.022 462.9194
1920.031 462.9159
1920.019 462.9126
1920.009 462.916
1920.024 462.9119
1920.03 462.9037
1920.022 462.8937
1920.036 462.8892
1920.044 462.883
1920.036 462.8788
1920.038 462.8605
1920.063 462.8512
1920.052 462.8607
1920.046 462.8737
1920.059 462.8644
1920.089 462.8608
1920.088 462.8533
1920.085 462.8423
1920.095 462.8285
1920.093 462.82
1920.113 462.8234
1920.123 462.813
1920.105 462.8114
1920.099 462.8009
1920.084 462.7957
1920.072 462.8001
1920.048 462.8075
1920.057 462.8098
1920.035 462.8076
1920.016 462.8131
1919.998 462.8232
1920.004 462.8214
1920.001 462.8294
1920.019 462.8267
1920.042 462.8293
1920.042 462.8221
1920.033 462.8247
1920.039 462.8314
1920.023 462.8293
1920.03 462.8348
1920.054 462.846
1920.058 462.835
1920.077 462.8294
1920.081 462.826
1920.092 462.8188
1920.089 462.8265
1920.099 462.8398
1920.091 462.841
1920.112 462.849
1920.115 462.8514
1920.123 462.8586
1920.139 462.8582
1920.163 462.8661
1920.149 462.8647
1920.156 462.8602
1920.14 462.8472
1920.09 462.9294
1920.096 462.9265
1920.094 462.9338
1920.078 462.9396
1920.068 462.9419
1920.07 462.9334
1920.078 462.9348
1920.072 462.9406
1920.074 462.9391
1920.068 462.9427
1920.057 462.9471
1920.076 462.9351
1920.087 462.9307
1920.094 462.9271
1920.1 462.9186
1920.109 462.9108
1920.112 462.9025
1920.095 462.9041
1920.047 462.9066
1920.031 462.9072
1920.017 462.9014
1920.025 462.9023
1920.047 462.8976
1920.074 462.8851
1920.054 462.8944
1920.011 462.9025
1920 462.901
1920.001 462.9007
1919.993 462.903
1919.97 462.909
1919.978 462.8936
1919.998 462.8845
1920.004 462.8835
1920.011 462.8841
1920.036 462.87
1920.018 462.8729
1920.002 462.8714
1920.007 462.8636
1920.009 462.8595
1920.016 462.8584
1920.029 462.8503
1920.06 462.8359
1920.081 462.8356
1920.097 462.8359
1920.092 462.8218
1920.09 462.8229
1920.071 462.834
1920.073 462.8315
1920.129 462.8249
1920.136 462.8307
1920.13 462.8318
1920.114 462.8296
1920.096 462.8237
1920.08 462.82
1920.092 462.8181
1920.055 462.8276
1920.053 462.834
1920.069 462.8314
1920.035 462.8338
1920.026 462.8451
1920.042 462.8377
1920.048 462.8276
1920.04 462.8244
1920.025 462.8281
1920.018 462.8299
1919.992 462.8361
1919.965 462.8348
1919.95 462.8317
1919.936 462.8335
1919.942 462.8239
1919.968 462.8114
1919.968 462.8098
1919.965 462.8164
1919.985 462.826
1919.995 462.8237
1919.984 462.8289
1919.973 462.8372
1919.982 462.8315
1920.001 462.8307
1920.018 462.8351
1920.029 462.8366
1920.03 462.8336
1920.028 462.8315
1920.033 462.8369
1920.007 462.8386
1920.031 462.8446
1920.029 462.8569
1920.017 462.8641
1920.015 462.8611
1920.008 462.8662
1920.019 462.8717
1920.011 462.8748
1919.992 462.8735
1919.998 462.8675
1920.015 462.8698
1920.009 462.8752
1920.012 462.8762
1920.028 462.876
1920.029 462.8721
1920.047 462.8717
1920.056 462.8724
1920.066 462.8755
1920.072 462.8688
1920.083 462.8547
1920.068 462.854
1920.056 462.8569
1920.038 462.8532
1920.042 462.8507
1920.058 462.8571
1920.077 462.8602
1920.082 462.8578
1920.078 462.8644
1920.067 462.8732
1920.06 462.877
1920.042 462.8766
1920.037 462.8781
1920.03 462.8845
1920.037 462.875
1920.031 462.8742
1920.036 462.8776
1920.04 462.8734
1920.067 462.8771
1920.057 462.8821
1920.031 462.8821
1920.016 462.8818
1920.01 462.8851
1920.022 462.8859
1920.013 462.8784
1920.014 462.8843
1919.987 462.883
1919.984 462.8825
1919.981 462.8825
1919.994 462.8804
1919.977 462.88
1919.975 462.8776
1919.974 462.8778
1919.958 462.8828
1919.936 462.8904
1919.917 462.9028
1919.923 462.9061
1919.917 462.9056
1919.915 462.9027
1919.92 462.9023
1919.929 462.9097
1919.94 462.9138
1919.936 462.9196
1919.921 462.9194
1919.927 462.9202
1919.942 462.9212
1919.939 462.928
1919.926 462.9242
1919.94 462.9219
1919.949 462.916
1919.955 462.9066
1919.952 462.9058
1919.94 462.9055
1919.938 462.9069
1919.965 462.8963
1919.972 462.8888
1919.984 462.8821
1919.994 462.8781
1919.951 462.8748
1919.933 462.88
1919.925 462.8945
1919.908 462.8997
1919.917 462.8958
1919.92 462.8893
1919.919 462.8911
1919.909 462.8973
1919.923 462.9025
1919.928 462.9154
1919.923 462.9178
1919.927 462.9303
1919.95 462.937
1919.962 462.9369
1919.953 462.9334
1919.948 462.9369
1919.942 462.929
1919.953 462.9199
1919.945 462.9225
1919.942 462.9251
1919.96 462.925
1919.947 462.9258
1919.942 462.931
1919.951 462.9325
1919.946 462.9292
1919.945 462.9235
1919.965 462.9227
1919.977 462.9238
1919.978 462.9266
1919.983 462.9266
1919.991 462.9286
1920.007 462.9268
1920.015 462.9142
1920.008 462.9141
1920.018 462.9197
1920.022 462.9292
1920.016 462.9343
1919.995 462.9336
1919.978 462.937
1919.988 462.9375
1919.986 462.9307
1919.983 462.9354
1919.984 462.9362
1920 462.9303
1920.003 462.9263
1920.026 462.918
1920.047 462.9147
1920.056 462.9061
1920.066 462.9033
1920.076 462.8913
1920.078 462.8817
1920.09 462.8758
1920.103 462.8774
1920.116 462.8719
1920.119 462.8613
1920.134 462.859
1920.14 462.8673
1920.156 462.8679
1920.167 462.8747
1920.176 462.8799
1920.169 462.8768
1920.159 462.8779
1920.163 462.8794
1920.146 462.8869
1920.138 462.8878
1920.13 462.8931
1920.13 462.8947
1920.135 462.8957
1920.131 462.8972
1920.144 462.8975
1920.141 462.895
1920.126 462.8973
1920.131 462.8929
1920.124 462.8848
1920.109 462.8976
1920.092 462.91
1920.086 462.9133
1920.09 462.9206
1920.089 462.9224
1920.075 462.9116
1920.069 462.9027
1920.062 462.9033
1920.043 462.9134
1920.022 462.9194
1920.031 462.9159
1920.019 462.9126
1920.009 462.916
1920.024 462.9119
1920.03 462.9037
1920.022 462.8937
1920.036 462.8892
1920.044 462.883
1920.036 462.8788
1920.038 462.8605
1920.063 462.8512
1920.052 462.8607
1920.046 462.8737
1920.059 462.8644
1920.089 462.8608
1920.088 462.8533
1920.085 462.8423
1920.095 462.8285
1920.093 462.82
1920.113 462.8234
1920.123 462.813
1920.105 462.8114
1920.099 462.8009
1920.084 462.7957
1920.072 462.8001
1920.048 462.8075
1920.057 462.8098
1920.035 462.8076
1920.016 462.8131
1919.998 462.8232
1920.004 462.8214
1920.001 462.8294
1920.019 462.8267
1920.042 462.8293
1920.042 462.8221
1920.033 462.8247
1920.039 462.8314
1920.023 462.8293
1920.03 462.8348
1920.054 462.846
1920.058 462.835
1920.077 462.8294
1920.081 462.826
1920.092 462.8188
1920.089 462.8265
1920.099 462.8398
1920.091 462.841
1920.112 462.849
1920.115 462.8514
1920.123 462.8586
1920.139 462.8582
1920.163 462.8661
1920.149 462.8647
1920.156 462.8602
1920.14 462.8472
1920.149 462.8488
1920.165 462.8535
1920.162 462.856
1920.181 462.8472
1920.174 462.8455
1920.171 462.8398
1920.156 462.838
1920.166 462.8377
1920.169 462.8358
1920.168 462.8249
1920.156 462.8214
1920.173 462.8237
1920.167 462.826
1920.165 462.8278
1920.168 462.8179
1920.167 462.819
1920.185 462.8249
1920.184 462.8202
1920.192 462.8263
1920.19 462.8232
1920.196 462.8179
1920.202 462.8087
1920.211 462.8112
1920.198 462.8122
1920.176 462.8107
1920.177 462.8042
1920.176 462.8101
1920.179 462.8094
1920.178 462.8083
1920.177 462.8193
1920.176 462.8257
1920.161 462.8289
1920.147 462.8351
1920.15 462.8454
1920.128 462.8522
1920.106 462.8532
1920.1 462.8576
1920.089 462.8641
1920.093 462.8586
1920.109 462.8511
1920.109 462.8501
1920.097 462.8584
1920.091 462.8594
1920.1 462.8607
1920.1 462.8682
1920.104 462.8735
1920.124 462.8722
1920.121 462.8693
1920.117 462.8708
1920.109 462.8747
1920.109 462.8685
1920.111 462.8716
1920.111 462.8647
1920.126 462.8525
1920.129 462.8436
1920.146 462.8387
1920.152 462.8441
1920.175 462.8379
1920.199 462.8359
1920.216 462.832
1920.234 462.8294
1920.241 462.8259
1920.231 462.8237
1920.238 462.8242
1920.221 462.827
1920.22 462.8311
1920.26 462.8353
1920.291 462.8413
1920.285 462.853
1920.266 462.8587
1920.259 462.8631
1920.245 462.8673
1920.237 462.8651
1920.236 462.86
1920.245 462.8496
1920.238 462.8413
1920.23 462.8376
1920.235 462.8364
1920.248 462.8307
1920.254 462.8307
1920.255 462.8433
1920.257 462.8564
1920.253 462.8535
1920.259 462.8499
1920.254 462.8516
1920.254 462.8444
1920.247 462.8389
1920.23 462.8395
1920.227 462.8371
1920.235 462.8302
1920.201 462.8514
1920.218 462.8639
1920.236 462.8641
1920.242 462.8616
1920.231 462.8644
1920.215 462.8703
1920.208 462.8656
1920.182 462.8748
1920.176 462.8818
1920.176 462.8821
1920.18 462.8797
1920.173 462.8823
1920.176 462.8908
1920.183 462.882
1920.168 462.8797
1920.177 462.8722
1920.204 462.8628
1920.191 462.8636
1920.196 462.8516
1920.181 462.8499
1920.191 462.848
1920.205 462.8376
1920.208 462.8239
1920.198 462.8158
1920.186 462.8105
1920.179 462.8112
1920.182 462.8094
1920.156 462.814
1920.159 462.8226
1920.139 462.8181
1920.129 462.82
1920.124 462.8245
1920.108 462.8296
1920.094 462.8283
1920.071 462.84
1920.084 462.8403
1920.085 462.8304
1920.08 462.8188
1920.101 462.807
1920.123 462.8062
1920.145 462.8009
1920.155 462.799
1920.142 462.8013
1920.143 462.7946
1920.135 462.8065
1920.14 462.8081
1920.154 462.8146
1920.154 462.8174
1920.144 462.8275
1920.141 462.832
1920.144 462.8377
1920.154 462.8506
1920.15 462.8527
1920.159 462.8509
1920.168 462.8579
1920.149 462.859
1920.151 462.861
1920.149 462.8589
1920.162 462.8552
1920.172 462.854
1920.174 462.86
1920.175 462.8594
1920.168 462.8646
1920.186 462.8604
1920.169 462.8687
1920.155 462.8762
1920.15 462.8838
1920.154 462.8888
1920.141 462.8887
1920.154 462.8825
1920.182 462.8813
1920.185 462.8783
1920.188 462.8661
1920.182 462.8643
1920.204 462.8595
1920.216 462.8533
1920.219 462.853
1920.207 462.8485
1920.202 462.8398
1920.201 462.84
1920.18 462.8486
1920.177 462.8517
1920.188 462.8438
1920.173 462.8436
1920.187 462.8436
1920.175 462.8369
1920.177 462.8345
1920.203 462.8423
1920.207 462.8538
1920.218 462.8524
1920.204 462.8574
1920.194 462.8643
1920.197 462.8615
1920.188 462.86
1920.186 462.8581
1920.193 462.8667
1920.196 462.8621
1920.192 462.8578
1920.174 462.8665
1920.164 462.8665
1920.167 462.8701
1920.143 462.8836
1920.111 462.895
1920.099 462.8922
1920.081 462.8918
1920.071 462.8877
1920.061 462.8812
1920.054 462.874
1920.032 462.8705
1920.029 462.8753
1920.007 462.8766
1920 462.8762
1919.985 462.8864
1919.967 462.8984
1919.971 462.8996
1919.989 462.8972
1919.979 462.9014
1919.973 462.8996
1919.979 462.9027
1919.989 462.9033
1919.992 462.9051
1919.987 462.8994
1919.952 462.8942
1919.93 462.9009
1919.928 462.9128
1919.93 462.9154
1919.966 462.9118
1919.979 462.9152
1919.986 462.9238
1919.988 462.9209
1920.005 462.9219
1920.002 462.9243
1920.014 462.9119
1919.993 462.9138
1919.983 462.9284
1919.996 462.93
1920.021 462.9212
1920.04 462.9134
1920.033 462.9225
1920.026 462.9201
1920.019 462.9168
1920.031 462.9136
1920.04 462.9093
1920.045 462.9097
1920.044 462.9019
1920.045 462.8927
1920.048 462.8817
1920.041 462.8797
1920.057 462.8797
1920.073 462.8705
1920.071 462.8734
1920.088 462.87
1920.086 462.8742
1920.097 462.881
1920.086 462.883
1920.068 462.8815
1920.034 462.8766
1920.038 462.8747
1920.033 462.8688
1920.004 462.8727
1919.987 462.873
1919.987 462.8701
1919.978 462.8691
1919.997 462.8631
1919.995 462.8638
1920.011 462.8625
1920.02 462.8594
1920.025 462.8629
1920.01 462.8656
1920.001 462.8711
1920.013 462.8735
1920.051 462.8737
1920.031 462.8799
1920.022 462.8721
1920.036 462.87
1920.041 462.8682
1920.035 462.8755
1920.031 462.8762
1920.032 462.8807
1920.031 462.873
1920.04 462.8726
1920.013 462.8866
1919.979 462.8872
1919.978 462.8817
1919.963 462.8859
1919.954 462.889
1919.959 462.8924
1919.947 462.8922
1919.947 462.896
1919.938 462.8968
1919.933 462.8952
1919.921 462.8898
1919.913 462.8965
1919.908 462.8996
1919.882 462.9038
1919.875 462.8976
1919.891 462.8906
1919.884 462.8846
1919.877 462.8875
1919.893 462.8869
1919.903 462.8939
1919.905 462.889
1919.92 462.8848
1919.953 462.8926
1919.978 462.8997
1919.974 462.8952
1919.979 462.8908
1919.969 462.8937
1919.951 462.9005
1919.932 462.9061
1920.149 462.8488
1920.165 462.8535
1920.162 462.856
1920.181 462.8472
1920.174 462.8455
1920.171 462.8398
1920.156 462.838
1920.166 462.8377
1920.169 462.8358
1920.168 462.8249
1920.156 462.8214
1920.173 462.8237
1920.167 462.826
1920.165 462.8278
1920.168 462.8179
1920.167 462.819
1920.185 462.8249
1920.184 462.8202
1920.192 462.8263
1920.19 462.8232
1920.196 462.8179
1920.202 462.8087
1920.211 462.8112
1920.198 462.8122
1920.176 462.8107
1920.177 462.8042
1920.176 462.8101
1920.179 462.8094
1920.178 462.8083
1920.177 462.8193
1920.176 462.8257
1920.161 462.8289
1920.147 462.8351
1920.15 462.8454
1920.128 462.8522
1920.106 462.8532
1920.1 462.8576
1920.089 462.8641
1920.093 462.8586
1920.109 462.8511
1920.109 462.8501
1920.097 462.8584
1920.091 462.8594
1920.1 462.8607
1920.1 462.8682
1920.104 462.8735
1920.124 462.8722
1920.121 462.8693
1920.117 462.8708
1920.109 462.8747
1920.109 462.8685
1920.111 462.8716
1920.111 462.8647
1920.126 462.8525
1920.129 462.8436
1920.146 462.8387
1920.152 462.8441
1920.175 462.8379
1920.199 462.8359
1920.216 462.832
1920.234 462.8294
1920.241 462.8259
1920.231 462.8237
1920.238 462.8242
1920.221 462.827
1920.22 462.8311
1920.26 462.8353
1920.291 462.8413
1920.285 462.853
1920.266 462.8587
1920.259 462.8631
1920.245 462.8673
1920.237 462.8651
1920.236 462.86
1920.245 462.8496
1920.238 462.8413
1920.23 462.8376
1920.235 462.8364
1920.248 462.8307
1920.254 462.8307
1920.255 462.8433
1920.257 462.8564
1920.253 462.8535
1920.259 462.8499
1920.254 462.8516
1920.254 462.8444
1920.247 462.8389
1920.23 462.8395
1920.227 462.8371
1920.235 462.8302
1920.201 462.8514
1920.218 462.8639
1920.236 462.8641
1920.242 462.8616
1920.231 462.8644
1920.215 462.8703
1920.208 462.8656
1920.182 462.8748
1920.176 462.8818
1920.176 462.8821
1920.18 462.8797
1920.173 462.8823
1920.176 462.8908
1920.183 462.882
1920.168 462.8797
1920.177 462.8722
1920.204 462.8628
1920.191 462.8636
1920.196 462.8516
1920.181 462.8499
1920.191 462.848
1920.205 462.8376
1920.208 462.8239
1920.198 462.8158
1920.186 462.8105
1920.179 462.8112
1920.182 462.8094
1920.156 462.814
1920.159 462.8226
1920.139 462.8181
1920.129 462.82
1920.124 462.8245
1920.108 462.8296
1920.094 462.8283
1920.071 462.84
1920.084 462.8403
1920.085 462.8304
1920.08 462.8188
1920.101 462.807
1920.123 462.8062
1920.145 462.8009
1920.155 462.799
1920.142 462.8013
1920.143 462.7946
1920.135 462.8065
1920.14 462.8081
1920.154 462.8146
1920.154 462.8174
1920.144 462.8275
1920.141 462.832
1920.144 462.8377
1920.154 462.8506
1920.15 462.8527
1920.159 462.8509
1920.168 462.8579
1920.149 462.859
1920.151 462.861
1920.149 462.8589
1920.162 462.8552
1920.172 462.854
1920.174 462.86
1920.175 462.8594
1920.168 462.8646
1920.186 462.8604
1920.169 462.8687
1920.155 462.8762
1920.15 462.8838
1920.154 462.8888
1920.141 462.8887
1920.154 462.8825
1920.182 462.8813
1920.185 462.8783
1920.188 462.8661
1920.182 462.8643
1920.204 462.8595
1920.216 462.8533
1920.219 462.853
1920.207 462.8485
1920.202 462.8398
1920.201 462.84
1920.18 462.8486
1920.177 462.8517
1920.188 462.8438
1920.173 462.8436
1920.187 462.8436
1920.175 462.8369
1920.177 462.8345
1920.203 462.8423
1920.207 462.8538
1920.218 462.8524
1920.204 462.8574
1920.194 462.8643
1920.197 462.8615
1920.188 462.86
1920.186 462.8581
1920.193 462.8667
1920.196 462.8621
1920.192 462.8578
1920.174 462.8665
1920.164 462.8665
1920.167 462.8701
1920.143 462.8836
1920.111 462.895
1920.099 462.8922
1920.081 462.8918
1920.071 462.8877
1920.061 462.8812
1920.054 462.874
1920.032 462.8705
1920.029 462.8753
1920.007 462.8766
1920 462.8762
1919.985 462.8864
1919.967 462.8984
1919.971 462.8996
1919.989 462.8972
1919.979 462.9014
1919.973 462.8996
1919.979 462.9027
1919.989 462.9033
1919.992 462.9051
1919.987 462.8994
1919.952 462.8942
1919.93 462.9009
1919.928 462.9128
1919.93 462.9154
1919.966 462.9118
1919.979 462.9152
1919.986 462.9238
1919.988 462.9209
1920.005 462.9219
1920.002 462.9243
1920.014 462.9119
1919.993 462.9138
1919.983 462.9284
1919.996 462.93
1920.021 462.9212
1920.04 462.9134
1920.033 462.9225
1920.026 462.9201
1920.019 462.9168
1920.031 462.9136
1920.04 462.9093
1920.045 462.9097
1920.044 462.9019
1920.045 462.8927
1920.048 462.8817
1920.041 462.8797
1920.057 462.8797
1920.073 462.8705
1920.071 462.8734
1920.088 462.87
1920.086 462.8742
1920.097 462.881
1920.086 462.883
1920.068 462.8815
1920.034 462.8766
1920.038 462.8747
1920.033 462.8688
1920.004 462.8727
1919.987 462.873
1919.987 462.8701
1919.978 462.8691
1919.997 462.8631
1919.995 462.8638
1920.011 462.8625
1920.02 462.8594
1920.025 462.8629
1920.01 462.8656
1920.001 462.8711
1920.013 462.8735
1920.051 462.8737
1920.031 462.8799
1920.022 462.8721
1920.036 462.87
1920.041 462.8682
1920.035 462.8755
1920.031 462.8762
1920.032 462.8807
1920.031 462.873
1920.04 462.8726
1920.013 462.8866
1919.979 462.8872
1919.978 462.8817
1919.963 462.8859
1919.954 462.889
1919.959 462.8924
1919.947 462.8922
1919.947 462.896
1919.938 462.8968
1919.933 462.8952
1919.921 462.8898
1919.913 462.8965
1919.908 462.8996
1919.882 462.9038
1919.875 462.8976
1919.891 462.8906
1919.884 462.8846
1919.877 462.8875
1919.893 462.8869
1919.903 462.8939
1919.905 462.889
1919.92 462.8848
1919.953 462.8926
1919.978 462.8997
1919.974 462.8952
1919.979 462.8908
1919.969 462.8937
1919.951 462.9005
1919.932 462.9061
