1920 480
1920 480
1000.765 252.2749
1000.963 252.7141
1002.037 249.9219
1002.811 249.7329
1003.306 249.7746
1003.34 249.7699
1003.57 249.7635
1003.599 249.7402
1003.561 249.7158
1003.596 249.637
1003.509 249.4976
1003.518 249.2741
1003.479 248.9811
1003.312 248.6667
1003.336 248.2923
1003.093 247.8734
1009.03 261.432
1011.164 265.1621
1013.754 267.7741
1021.99 276.6963
1023.121 277.0785
1025.673 279.4007
1026.892 281.3034
1031.521 286.9727
1035.835 293.1291
1038.132 295.9419
1039.971 298.3122
1041.469 299.3623
1048.615 306.5462
1050.62 307.991
1054.014 310.9875
1058.076 314.5332
1084.621 335.2775
1102.985 348.0605
1113.35 354.8976
1124.226 361.7039
1135.561 368.4346
1147.206 374.862
1159.397 381.2734
1170.659 386.7599
1182.659 392.3846
1202.085 400.8944
1213.933 406.0498
1227.452 411.549
1236.678 415.1563
1248.734 419.2422
1260.316 422.9106
1272.591 425.7925
1285.365 428.6187
1298.386 431.0657
1324.785 435.4585
1341.162 437.1327
1355.19 438.417
1368.909 439.3626
1383.352 440.1626
1398.232 440.8299
1422.923 441.7209
1437.643 441.9419
1452.917 442.0719
1468.109 441.8878
1482.642 441.6252
1498.105 441.0207
1511.664 440.3348
1525.141 439.3187
1538.271 438.1678
1552.316 436.651
1566.456 434.9402
1581.07 432.807
1594.783 430.6361
1608.569 428.1323
1622.162 425.5096
1634.358 422.8713
1652.912 418.5449
1667.296 414.9748
1681.672 411.3711
1695.422 407.9435
1711.107 404.2266
1723.524 401.3932
1736.572 398.6042
1745.424 396.8024
1760.055 394.0462
1776.204 391.2651
1791.035 389.0122
1806.764 386.8382
1829.156 384.2245
1843.273 382.8654
1858.096 381.7578
1872.675 381.0428
1890.479 380.731
1903.838 380.9557
1917.16 381.5503
1950.005 384.1982
1961.476 385.6131
1970.334 386.8753
1978.131 388.054
1984.963 389.1868
1992.348 390.4082
2000.783 392.0128
2005.523 393.1673
2008.753 394.3091
2010.064 394.9072
2008.36 397.2619
2005.268 397.4303
2000.846 397.4554
1995.591 397.3485
1989.113 397.1169
1981.45 396.7798
1972.523 396.3896
1962.502 395.9347
1951.085 395.4051
1938.855 394.8812
1925.403 394.4033
1910.518 393.9251
1895.74 393.4618
1860.425 392.4575
1841.082 391.8861
1819.741 391.265
1796.768 390.6196
1775.721 390.055
1752.524 389.494
1725.754 388.9372
1703.046 388.4684
1678.056 387.8877
1651.644 387.2357
1631.542 386.7417
1605.149 386.1484
1576.947 385.6138
1550.418 385.2451
1524.033 384.9795
1498.046 384.8687
1472.859 384.883
1445.531 385.0877
1423.029 385.3337
1400.529 385.6678
1371.469 385.9697
1347.854 386.064
1324.113 386.0809
1301.628 386.0361
1278.914 385.9715
1259.03 385.9507
1235.491 385.8804
1215.532 385.8717
1193.534 385.903
1171.467 386.0254
1155.104 386.0767
1135.638 386.1652
1118.207 386.2419
1100.053 386.2036
1082.698 385.8166
1064.707 385.2261
1049.794 384.4324
1038.637 383.8314
1022.618 382.8545
1008.562 382.088
992.1777 381.1077
978.9152 380.3057
963.9011 379.1916
950.6657 378.1224
937.7432 376.8656
925.4043 375.6195
912.3691 374.0894
888.3734 371.2044
871.8145 369.3171
859.6855 367.9266
847.0003 366.6315
834.7399 365.3516
821.0612 364.0794
807.9417 362.8179
796.1722 361.8024
784.1338 360.7796
770.248 359.7277
757.5573 358.817
743.1511 357.8682
734.7858 357.3221
721.5371 356.5278
711.5817 355.9149
697.5729 355.1579
682.3262 354.3304
664.598 353.4759
645.2103 352.8387
628.3528 352.4722
611.4707 352.2109
593.5501 351.8887
578.5 351.554
560.8584 351.1707
542.5316 350.9334
522.8841 350.7214
504.7998 350.6209
485.2497 350.4235
468.0993 350.234
452.5306 349.9325
437.9535 349.6911
423.5814 349.3756
407.665 349.0451
394.5414 348.7406
380.8607 348.6177
367.0453 348.6006
353.9551 348.7176
340.9896 348.811
328.7643 348.9746
317.528 349.1139
307.3795 349.4181
298.457 349.7956
290.9964 350.374
284.0378 351.0991
278.0404 351.9832
272.6517 352.8906
267.7559 353.9264
263.8034 354.8786
260.6165 355.8815
258.1152 356.8921
256.4919 357.8696
255.2334 358.9661
254.4336 360.119
253.8828 361.1567
253.2585 362.2856
252.4753 363.2998
251.3083 364.3415
249.8561 365.2464
248.1546 366.133
243.7012 367.6953
237.8581 368.7621
231.1911 369.2337
228.2103 369.2632
223.6598 369.0884
220.1081 368.9009
216.7122 368.7114
212.6178 368.3467
209.5928 367.9574
206.1859 367.3117
204.2738 366.8446
202.6445 366.3979
200.9925 365.8335
200.1829 365.423
199.5814 364.807
199.2835 364.3564
198.9818 363.8821
198.4241 363.2334
197.8288 362.6369
197.0443 361.9232
195.7103 360.8856
194.2982 359.9222
192.252 358.6842
190.5313 357.6613
188.6009 356.5387
185.36 354.4141
183.2279 352.6235
181.0296 350.0754
179.4307 347.1361
178.5645 344.5736
177.8835 340.8675
177.8529 337.5641
178.3737 334.1603
179.7979 329.396
181.6107 325.505
184.0625 321.3263
187.8984 316.1042
191.8477 311.5705
197.1657 306.2866
202.6891 301.5788
208.8245 297.0208
218.7832 290.9178
229.2451 285.6715
238.6836 281.7067
255.6706 275.6902
267.5156 272.0387
283.7819 267.6761
295.5384 264.821
306.6794 262.2585
322.6748 258.6068
333.2308 255.9706
343.4128 253.0902
349.7969 250.9077
354.9118 248.8096
360.0299 246.1571
362.623 244.3498
364.1999 242.3802
364.4066 240.8763
363.1025 239.4657
359.5843 238.1478
356.4557 237.6021
352.057 237.4668
348.6904 237.6009
345.4115 238.0352
341.6422 238.8791
339.2347 239.6855
336.959 240.6966
334.5794 242.0794
332.5827 243.6582
331.2096 245.2936
330.3447 246.6307
329.7207 247.8896
329.0514 249.6128
328.6481 250.7334
328.3086 251.8244
327.5404 253.2806
326.7965 254.1421
325.679 255.0223
1920 480
1920 480
1000.765 252.2749
1000.963 252.7141
1002.037 249.9219
1002.811 249.7329
1003.306 249.7746
1003.34 249.7699
1003.57 249.7635
1003.599 249.7402
1003.561 249.7158
1003.596 249.637
1003.509 249.4976
1003.518 249.2741
1003.479 248.9811
1003.312 248.6667
1003.336 248.2923
1003.093 247.8734
1009.03 261.432
1011.164 265.1621
1013.754 267.7741
1021.99 276.6963
1023.121 277.0785
1025.673 279.4007
1026.892 281.3034
1031.521 286.9727
1035.835 293.1291
1038.132 295.9419
1039.971 298.3122
1041.469 299.3623
1048.615 306.5462
1050.62 307.991
1054.014 310.9875
1058.076 314.5332
1084.621 335.2775
1102.985 348.0605
1113.35 354.8976
1124.226 361.7039
1135.561 368.4346
1147.206 374.862
1159.397 381.2734
1170.659 386.7599
1182.659 392.3846
1202.085 400.8944
1213.933 406.0498
1227.452 411.549
1236.678 415.1563
1248.734 419.2422
1260.316 422.9106
1272.591 425.7925
1285.365 428.6187
1298.386 431.0657
1324.785 435.4585
1341.162 437.1327
1355.19 438.417
1368.909 439.3626
1383.352 440.1626
1398.232 440.8299
1422.923 441.7209
1437.643 441.9419
1452.917 442.0719
1468.109 441.8878
1482.642 441.6252
1498.105 441.0207
1511.664 440.3348
1525.141 439.3187
1538.271 438.1678
1552.316 436.651
1566.456 434.9402
1581.07 432.807
1594.783 430.6361
1608.569 428.1323
1622.162 425.5096
1634.358 422.8713
1652.912 418.5449
1667.296 414.9748
1681.672 411.3711
1695.422 407.9435
1711.107 404.2266
1723.524 401.3932
1736.572 398.6042
1745.424 396.8024
1760.055 394.0462
1776.204 391.2651
1791.035 389.0122
1806.764 386.8382
1829.156 384.2245
1843.273 382.8654
1858.096 381.7578
1872.675 381.0428
1890.479 380.731
1903.838 380.9557
1917.16 381.5503
1950.005 384.1982
1961.476 385.6131
1970.334 386.8753
1978.131 388.054
1984.963 389.1868
1992.348 390.4082
2000.783 392.0128
2005.523 393.1673
2008.753 394.3091
2010.064 394.9072
2008.36 397.2619
2005.268 397.4303
2000.846 397.4554
1995.591 397.3485
1989.113 397.1169
1981.45 396.7798
1972.523 396.3896
1962.502 395.9347
1951.085 395.4051
1938.855 394.8812
1925.403 394.4033
1910.518 393.9251
1895.74 393.4618
1860.425 392.4575
1841.082 391.8861
1819.741 391.265
1796.768 390.6196
1775.721 390.055
1752.524 389.494
1725.754 388.9372
1703.046 388.4684
1678.056 387.8877
1651.644 387.2357
1631.542 386.7417
1605.149 386.1484
1576.947 385.6138
1550.418 385.2451
1524.033 384.9795
1498.046 384.8687
1472.859 384.883
1445.531 385.0877
1423.029 385.3337
1400.529 385.6678
1371.469 385.9697
1347.854 386.064
1324.113 386.0809
1301.628 386.0361
1278.914 385.9715
1259.03 385.9507
1235.491 385.8804
1215.532 385.8717
1193.534 385.903
1171.467 386.0254
1155.104 386.0767
1135.638 386.1652
1118.207 386.2419
1100.053 386.2036
1082.698 385.8166
1064.707 385.2261
1049.794 384.4324
1038.637 383.8314
1022.618 382.8545
1008.562 382.088
992.1777 381.1077
978.9152 380.3057
963.9011 379.1916
950.6657 378.1224
937.7432 376.8656
925.4043 375.6195
912.3691 374.0894
888.3734 371.2044
871.8145 369.3171
859.6855 367.9266
847.0003 366.6315
834.7399 365.3516
821.0612 364.0794
807.9417 362.8179
796.1722 361.8024
784.1338 360.7796
770.248 359.7277
757.5573 358.817
743.1511 357.8682
734.7858 357.3221
721.5371 356.5278
711.5817 355.9149
697.5729 355.1579
682.3262 354.3304
664.598 353.4759
645.2103 352.8387
628.3528 352.4722
611.4707 352.2109
593.5501 351.8887
578.5 351.554
560.8584 351.1707
542.5316 350.9334
522.8841 350.7214
504.7998 350.6209
485.2497 350.4235
468.0993 350.234
452.5306 349.9325
437.9535 349.6911
423.5814 349.3756
407.665 349.0451
394.5414 348.7406
380.8607 348.6177
367.0453 348.6006
353.9551 348.7176
340.9896 348.811
328.7643 348.9746
317.528 349.1139
307.3795 349.4181
298.457 349.7956
290.9964 350.374
284.0378 351.0991
278.0404 351.9832
272.6517 352.8906
267.7559 353.9264
263.8034 354.8786
260.6165 355.8815
258.1152 356.8921
256.4919 357.8696
255.2334 358.9661
254.4336 360.119
253.8828 361.1567
253.2585 362.2856
252.4753 363.2998
251.3083 364.3415
249.8561 365.2464
248.1546 366.133
243.7012 367.6953
237.8581 368.7621
231.1911 369.2337
228.2103 369.2632
223.6598 369.0884
220.1081 368.9009
216.7122 368.7114
212.6178 368.3467
209.5928 367.9574
206.1859 367.3117
204.2738 366.8446
202.6445 366.3979
200.9925 365.8335
200.1829 365.423
199.5814 364.807
199.2835 364.3564
198.9818 363.8821
198.4241 363.2334
197.8288 362.6369
197.0443 361.9232
195.7103 360.8856
194.2982 359.9222
192.252 358.6842
190.5313 357.6613
188.6009 356.5387
185.36 354.4141
183.2279 352.6235
181.0296 350.0754
179.4307 347.1361
178.5645 344.5736
177.8835 340.8675
177.8529 337.5641
178.3737 334.1603
179.7979 329.396
181.6107 325.505
184.0625 321.3263
187.8984 316.1042
191.8477 311.5705
197.1657 306.2866
202.6891 301.5788
208.8245 297.0208
218.7832 290.9178
229.2451 285.6715
238.6836 281.7067
255.6706 275.6902
267.5156 272.0387
283.7819 267.6761
295.5384 264.821
306.6794 262.2585
322.6748 258.6068
333.2308 255.9706
343.4128 253.0902
349.7969 250.9077
354.9118 248.8096
360.0299 246.1571
362.623 244.3498
364.1999 242.3802
364.4066 240.8763
363.1025 239.4657
359.5843 238.1478
356.4557 237.6021
352.057 237.4668
348.6904 237.6009
345.4115 238.0352
341.6422 238.8791
339.2347 239.6855
336.959 240.6966
334.5794 242.0794
332.5827 243.6582
331.2096 245.2936
330.3447 246.6307
329.7207 247.8896
329.0514 249.6128
328.6481 250.7334
328.3086 251.8244
327.5404 253.2806
326.7965 254.1421
325.679 255.0223
324.5199 255.6546
323.1686 256.201
320.9388 256.8424
318.9515 257.2218
316.4609 257.5356
314.5215 257.6846
312.623 257.7679
310.4792 257.7824
308.2975 257.7469
306.0296 257.6911
302.4531 257.5587
300.5586 257.5439
298.6152 257.6252
297.5335 257.8322
296.8763 258.0887
296.7917 258.5228
297.4505 258.9544
298.8646 259.4642
302.195 260.3143
305.8766 261.0693
312.6283 262.313
319.0921 263.3721
327.0537 264.5675
341.317 266.4735
353.4261 267.9245
372.903 270.1102
387.9137 271.7136
404.2607 273.5202
424.2409 275.8519
442.1406 278.1152
460.179 280.4961
483.6201 283.6377
502.6009 286.1058
528.0433 289.3226
547.112 291.624
566.722 293.8851
593.5081 296.7775
615.5215 299.0207
637.875 301.1737
666.1982 303.7051
689.3122 305.4897
714.112 307.1126
742.3418 308.6758
765.2656 309.8237
794.9919 311.403
817.9352 312.7622
840.6432 314.0573
869.9108 315.2349
890.7634 315.5038
911.8916 315.2982
935.8972 314.571
956.751 313.6338
1013.691 311.6442
1033.792 311.0086
1060.195 310.1161
1081.23 309.4521
1108.16 308.8708
1127.218 308.7912
1145.258 309.0267
1170.458 309.8683
1186.378 310.7245
1208.41 312.3659
1223.946 313.6932
1240.754 315.3447
1259.309 317.508
1273.593 319.4016
1286.686 321.2503
1303.848 323.8719
1320.668 326.6948
1335.771 329.5306
1346.711 331.7393
1357.372 334.0409
1372.858 337.5358
1384.247 339.9292
1400.857 343.4265
1413.073 346.0067
1425.945 348.6581
1444.72 352.4092
1459.805 355.1292
1475.124 357.5903
1498.587 360.5775
1518.106 362.5498
1543.265 364.7077
1564.443 366.258
1586.309 367.8228
1616.882 369.9585
1639.67 371.7104
1670.566 374.2323
1693.357 376.0843
1716.774 377.9006
1745.71 379.7337
1766.134 380.7995
1786.123 381.5457
1809.53 382.1484
1826.813 382.2645
1851.153 381.8776
1865.867 381.2554
1879.347 380.4533
1895.622 378.9377
1906.274 377.6281
1915.883 376.1582
1927.371 374.0034
1937.239 371.999
1947.83 369.8182
1955.776 368.1362
1963.182 366.4224
1972.07 364.0119
1978.256 362.0241
1985.254 359.5454
1990.233 357.7188
1994.728 356.0657
2000.234 354.1639
2004.036 352.7751
2007.518 351.3802
2010.977 349.5583
2013.005 348.0513
2014.029 346.561
2014.23 344.3136
2013.33 342.8934
2010.803 341.0293
2008.126 339.6685
2004.883 338.5342
1999.897 337.2744
1995.544 336.6053
1988.762 336.1611
1983.323 336.1704
1977.667 336.4007
1969.338 337.0156
1963.55 337.5762
1958.254 338.2604
1952.739 339.103
1946.923 340.0894
1941.42 340.9793
1932.879 342.0601
1926.351 342.6025
1917.397 342.9582
1909.809 343.0114
1901.289 342.8454
1889.06 342.2253
1879.22 341.3535
1867.387 339.8846
1857.787 338.3678
1848.851 336.645
1837.148 333.8654
1827.472 331.0832
1818.745 328.2902
1807.144 324.3773
1798.064 321.3617
1786.14 317.4072
1777.229 314.3756
1769.396 311.6017
1758.648 307.5308
1750.775 304.5654
1742.92 301.6719
1731.701 298.0159
1723.757 295.5223
1713.962 292.5407
1706.502 290.2513
1699.357 288.0549
1690.825 285.5789
1684.388 283.7513
1678.562 282.2269
1671.11 280.2658
1665.453 278.8788
1659.269 277.3474
1655.193 276.3577
1651.39 275.5474
1646.867 274.6128
1644.027 274.186
1640.703 273.8131
1639.398 273.8074
1638.561 274.0067
1638.459 274.5215
1638.948 275.0121
1640.117 275.9616
1641.363 276.7723
1642.713 277.7917
1644.622 279.4437
1645.804 280.7773
1647.49 283.1295
1648.349 284.9834
1648.773 286.9401
1648.835 289.5939
1648.25 291.7433
1646.969 294.3441
1645.033 296.8739
1642.416 299.5872
1637.88 303.5627
1633.607 307.1125
1629.126 310.7951
1622.845 316.179
1618.077 320.6846
1614.021 324.8545
1607.84 331.7451
1603.488 337.0365
1597.486 345.0588
1593.594 350.8157
1590.087 356.5799
1586.223 363.8727
1583.496 369.5853
1581.549 374.0677
1578.565 381.3196
1576.177 387.5397
1573.483 394.8727
1571.343 400.674
1569.713 405.0083
1568.206 409.2067
1566.995 412.5488
1565.862 415.6037
1564.772 418.3112
1563.873 420.5485
1562.867 422.9976
1562.338 424.4673
1562.066 425.2785
1562.053 425.8587
1562.271 426.1443
1562.821 426.1784
1564.249 425.8384
1565.271 425.5753
1567.073 425.0749
1569.172 424.5075
1571.202 423.8914
1574.276 423.0231
1577.128 422.2296
1579.706 421.5952
1584.211 420.5557
1588.552 419.6636
1593.305 418.7995
1600.736 417.5764
1606.773 416.7686
1615.765 415.8127
1623.213 415.269
1630.872 414.8638
1641.941 414.5163
1650.047 414.3582
1658.55 414.2106
1670.094 414.1385
1680.294 414.1313
1689.818 414.1802
1697.407 414.1593
1704.721 414.061
1712.765 413.7861
1719.539 413.404
1725.915 412.9094
1740.752 411.0791
1752.608 408.5204
1755.901 407.1593
1757.269 406.2544
1758.259 405.23
1758.501 403.9557
1757.779 403.3809
1756.807 403.0869
1754.943 402.6697
1753.234 402.3434
1751.821 402.105
1749.784 401.8114
1748.302 401.6429
1746.399 401.4331
1744.98 401.2681
1743.502 401.1066
1741.64 400.9193
1740.457 400.82
1739.214 400.7135
1738.392 400.6471
1737.808 400.5916
1737.18 400.5379
1736.894 400.5474
1736.769 400.6217
1736.682 400.8236
1736.77 400.9476
1736.833 401.0876
1736.827 401.1439
1736.723 401.103
1736.445 400.9923
1736.15 400.8163
1735.627 400.5441
1735.205 400.278
1734.734 399.9912
1734.026 399.5625
1733.541 399.2855
1733.094 399.043
1732.489 398.7227
1732.048 398.4565
1731.565 398.1585
1731.231 397.9352
1730.936 397.7228
1730.612 397.4282
1730.415 397.221
1730.102 396.8664
1729.739 396.5117
1729.444 396.2352
1729.099 395.9095
1728.804 395.7422
1728.174 395.3599
1727.681 395.0926
1727.092 394.7747
1726.291 394.3317
1725.758 393.9733
1725.21 393.5342
1724.841 393.2204
324.5199 255.6546
323.1686 256.201
320.9388 256.8424
318.9515 257.2218
316.4609 257.5356
314.5215 257.6846
312.623 257.7679
310.4792 257.7824
308.2975 257.7469
306.0296 257.6911
302.4531 257.5587
300.5586 257.5439
298.6152 257.6252
297.5335 257.8322
296.8763 258.0887
296.7917 258.5228
297.4505 258.9544
298.8646 259.4642
302.195 260.3143
305.8766 261.0693
312.6283 262.313
319.0921 263.3721
327.0537 264.5675
341.317 266.4735
353.4261 267.9245
372.903 270.1102
387.9137 271.7136
404.2607 273.5202
424.2409 275.8519
442.1406 278.1152
460.179 280.4961
483.6201 283.6377
502.6009 286.1058
528.0433 289.3226
547.112 291.624
566.722 293.8851
593.5081 296.7775
615.5215 299.0207
637.875 301.1737
666.1982 303.7051
689.3122 305.4897
714.112 307.1126
742.3418 308.6758
765.2656 309.8237
794.9919 311.403
817.9352 312.7622
840.6432 314.0573
869.9108 315.2349
890.7634 315.5038
911.8916 315.2982
935.8972 314.571
956.751 313.6338
1013.691 311.6442
1033.792 311.0086
1060.195 310.1161
1081.23 309.4521
1108.16 308.8708
1127.218 308.7912
1145.258 309.0267
1170.458 309.8683
1186.378 310.7245
1208.41 312.3659
1223.946 313.6932
1240.754 315.3447
1259.309 317.508
1273.593 319.4016
1286.686 321.2503
1303.848 323.8719
1320.668 326.6948
1335.771 329.5306
1346.711 331.7393
1357.372 334.0409
1372.858 337.5358
1384.247 339.9292
1400.857 343.4265
1413.073 346.0067
1425.945 348.6581
1444.72 352.4092
1459.805 355.1292
1475.124 357.5903
1498.587 360.5775
1518.106 362.5498
1543.265 364.7077
1564.443 366.258
1586.309 367.8228
1616.882 369.9585
1639.67 371.7104
1670.566 374.2323
1693.357 376.0843
1716.774 377.9006
1745.71 379.7337
1766.134 380.7995
1786.123 381.5457
1809.53 382.1484
1826.813 382.2645
1851.153 381.8776
1865.867 381.2554
1879.347 380.4533
1895.622 378.9377
1906.274 377.6281
1915.883 376.1582
1927.371 374.0034
1937.239 371.999
1947.83 369.8182
1955.776 368.1362
1963.182 366.4224
1972.07 364.0119
1978.256 362.0241
1985.254 359.5454
1990.233 357.7188
1994.728 356.0657
2000.234 354.1639
2004.036 352.7751
2007.518 351.3802
2010.977 349.5583
2013.005 348.0513
2014.029 346.561
2014.23 344.3136
2013.33 342.8934
2010.803 341.0293
2008.126 339.6685
2004.883 338.5342
1999.897 337.2744
1995.544 336.6053
1988.762 336.1611
1983.323 336.1704
1977.667 336.4007
1969.338 337.0156
1963.55 337.5762
1958.254 338.2604
1952.739 339.103
1946.923 340.0894
1941.42 340.9793
1932.879 342.0601
1926.351 342.6025
1917.397 342.9582
1909.809 343.0114
1901.289 342.8454
1889.06 342.2253
1879.22 341.3535
1867.387 339.8846
1857.787 338.3678
1848.851 336.645
1837.148 333.8654
1827.472 331.0832
1818.745 328.2902
1807.144 324.3773
1798.064 321.3617
1786.14 317.4072
1777.229 314.3756
1769.396 311.6017
1758.648 307.5308
1750.775 304.5654
1742.92 301.6719
1731.701 298.0159
1723.757 295.5223
1713.962 292.5407
1706.502 290.2513
1699.357 288.0549
1690.825 285.5789
1684.388 283.7513
1678.562 282.2269
1671.11 280.2658
1665.453 278.8788
1659.269 277.3474
1655.193 276.3577
1651.39 275.5474
1646.867 274.6128
1644.027 274.186
1640.703 273.8131
1639.398 273.8074
1638.561 274.0067
1638.459 274.5215
1638.948 275.0121
1640.117 275.9616
1641.363 276.7723
1642.713 277.7917
1644.622 279.4437
1645.804 280.7773
1647.49 283.1295
1648.349 284.9834
1648.773 286.9401
1648.835 289.5939
1648.25 291.7433
1646.969 294.3441
1645.033 296.8739
1642.416 299.5872
1637.88 303.5627
1633.607 307.1125
1629.126 310.7951
1622.845 316.179
1618.077 320.6846
1614.021 324.8545
1607.84 331.7451
1603.488 337.0365
1597.486 345.0588
1593.594 350.8157
1590.087 356.5799
1586.223 363.8727
1583.496 369.5853
1581.549 374.0677
1578.565 381.3196
1576.177 387.5397
1573.483 394.8727
1571.343 400.674
1569.713 405.0083
1568.206 409.2067
1566.995 412.5488
1565.862 415.6037
1564.772 418.3112
1563.873 420.5485
1562.867 422.9976
1562.338 424.4673
1562.066 425.2785
1562.053 425.8587
1562.271 426.1443
1562.821 426.1784
1564.249 425.8384
1565.271 425.5753
1567.073 425.0749
1569.172 424.5075
1571.202 423.8914
1574.276 423.0231
1577.128 422.2296
1579.706 421.5952
1584.211 420.5557
1588.552 419.6636
1593.305 418.7995
1600.736 417.5764
1606.773 416.7686
1615.765 415.8127
1623.213 415.269
1630.872 414.8638
1641.941 414.5163
1650.047 414.3582
1658.55 414.2106
1670.094 414.1385
1680.294 414.1313
1689.818 414.1802
1697.407 414.1593
1704.721 414.061
1712.765 413.7861
1719.539 413.404
1725.915 412.9094
1740.752 411.0791
1752.608 408.5204
1755.901 407.1593
1757.269 406.2544
1758.259 405.23
1758.501 403.9557
1757.779 403.3809
1756.807 403.0869
1754.943 402.6697
1753.234 402.3434
1751.821 402.105
1749.784 401.8114
1748.302 401.6429
1746.399 401.4331
1744.98 401.2681
1743.502 401.1066
1741.64 400.9193
1740.457 400.82
1739.214 400.7135
1738.392 400.6471
1737.808 400.5916
1737.18 400.5379
1736.894 400.5474
1736.769 400.6217
1736.682 400.8236
1736.77 400.9476
1736.833 401.0876
1736.827 401.1439
1736.723 401.103
1736.445 400.9923
1736.15 400.8163
1735.627 400.5441
1735.205 400.278
1734.734 399.9912
1734.026 399.5625
1733.541 399.2855
1733.094 399.043
1732.489 398.7227
1732.048 398.4565
1731.565 398.1585
1731.231 397.9352
1730.936 397.7228
1730.612 397.4282
1730.415 397.221
1730.102 396.8664
1729.739 396.5117
1729.444 396.2352
1729.099 395.9095
1728.804 395.7422
1728.174 395.3599
1727.681 395.0926
1727.092 394.7747
1726.291 394.3317
1725.758 393.9733
1725.21 393.5342
1724.841 393.2204
