1920 480
1920 480
1052.003 482.4532
1051.93 482.453
1052.007 482.4802
1051.886 482.5219
1051.863 482.5351
1051.891 482.5164
1051.955 482.4857
1051.954 482.515
1051.913 482.5391
1051.925 482.4974
1051.986 482.5349
1051.969 482.5382
1051.998 482.523
1051.996 482.5289
1051.969 482.515
1051.995 482.5087
1052.023 482.4976
1051.991 482.5077
1051.992 482.4743
1052.006 482.4981
1052.039 482.5006
1051.966 482.4972
1052.066 482.4917
1051.98 482.4819
1052.018 482.5308
1052.005 482.5435
1052.054 482.5513
1052.059 482.5408
1052.047 482.541
1052.054 482.5433
1052.065 482.5428
1052.072 482.5412
1052.103 482.5408
1052.102 482.5409
1052.104 482.5398
1052.105 482.5414
1052.116 482.5367
1052.104 482.5415
1052.11 482.5372
1052.102 482.5374
1052.096 482.5373
1052.095 482.5374
1052.102 482.5323
1052.109 482.5285
1052.094 482.5291
1052.093 482.5281
1052.083 482.5311
1052.105 482.5276
1052.089 482.5296
1052.05 482.5274
1052.057 482.521
1052.052 482.5215
1052.065 482.5206
1052.056 482.5115
1052.077 482.5108
1052.081 482.5118
1052.084 482.5013
1052.074 482.492
1052.063 482.489
1052.067 482.4779
1052.047 482.4731
1052.033 482.4721
1052.055 482.4716
1052.065 482.4774
1052.05 482.4778
1052.051 482.4887
1052.052 482.4966
1052.025 482.5111
1052.007 482.51
1051.992 482.5148
1051.97 482.5131
1051.954 482.5184
1051.938 482.5203
1051.93 482.5305
1051.893 482.5335
1051.879 482.5418
1051.877 482.5413
1051.876 482.5411
1051.888 482.5372
1051.869 482.5347
1051.873 482.5255
1051.865 482.5247
1051.868 482.5291
1051.867 482.5264
1051.872 482.5286
1051.896 482.5289
1051.934 482.5282
1051.956 482.5354
1051.959 482.5291
1051.965 482.5223
1051.97 482.525
1051.979 482.5142
1052.001 482.5031
1051.977 482.5018
1051.954 482.5014
1051.947 482.5044
1051.966 482.5016
1051.964 482.5112
1051.976 482.5106
1051.993 482.5024
1052.011 482.5031
1052.035 482.507
1052.057 482.5082
1052.043 482.5096
1052.043 482.5127
1052.041 482.5157
1052.023 482.5159
1052.039 482.5059
1052.059 482.5106
1052.054 482.5173
1052.076 482.5123
1052.092 482.5148
1052.095 482.5134
1052.091 482.5089
1052.107 482.5053
1052.096 482.51
1052.08 482.5143
1052.077 482.5075
1052.055 482.5103
1052.068 482.5184
1052.069 482.5222
1052.041 482.5258
1052.011 482.5287
1051.995 482.535
1051.957 482.5415
1051.931 482.5464
1051.925 482.5502
1051.892 482.5569
1051.878 482.5556
1051.852 482.5537
1051.847 482.5508
1051.818 482.5543
1051.804 482.559
1051.783 482.572
1051.778 482.575
1051.75 482.5835
1051.757 482.5841
1051.669 482.5968
1051.635 482.5919
1051.58 482.5924
1051.563 482.5988
1051.511 482.6122
1051.479 482.6085
1051.457 482.5993
1051.449 482.5966
1051.45 482.5936
1051.441 482.5724
1051.392 482.5749
1051.369 482.5795
1051.352 482.5625
1051.323 482.5591
1051.305 482.5651
1051.297 482.5524
1051.292 482.55
1051.315 482.5622
1051.328 482.5658
1051.321 482.5699
1051.312 482.5829
1051.328 482.5697
1051.328 482.5699
1051.338 482.5818
1051.319 482.5901
1051.335 482.587
1051.324 482.5922
1051.32 482.5881
1051.339 482.5771
1051.341 482.5669
1051.346 482.566
1051.346 482.5641
1051.339 482.5612
1051.354 482.5573
1051.333 482.5626
1051.347 482.5443
1051.393 482.5433
1051.441 482.529
1051.505 482.5221
1051.541 482.5146
1051.598 482.5096
1051.632 482.5078
1051.663 482.5028
1051.701 482.4908
1051.723 482.4928
1051.713 482.4965
1051.747 482.4888
1051.749 482.4956
1051.774 482.4839
1051.805 482.4743
1051.83 482.4758
1051.837 482.4714
1051.859 482.4593
1051.871 482.4543
1051.858 482.4645
1051.843 482.4702
1051.847 482.4653
1051.844 482.4702
1051.871 482.4667
1051.903 482.4652
1051.959 482.4738
1051.973 482.472
1051.975 482.4712
1051.976 482.4753
1051.963 482.4577
1051.852 482.2955
1051.662 482.1254
1051.677 482.1573
1051.775 482.251
1051.828 482.2372
1051.815 482.2049
1051.814 482.2117
1051.862 482.1981
1052.177 482.0434
1052.042 482.0298
1052.028 482.0412
1052.067 482.1202
1052.079 482.1566
1052.091 482.1633
1052.107 482.1654
1052.129 482.1653
1052.117 482.1584
1052.079 482.1459
1052.119 482.1276
1052.096 482.1334
1052.138 482.1555
1052.192 482.1859
1052.204 482.2266
1052.21 482.3065
1052.187 482.4206
1052.134 482.5598
1052.114 482.7254
1052.079 482.8485
1052.115 482.9847
1051.996 482.9601
1051.788 483.0541
1051.534 483.2783
1051.161 483.528
1050.857 483.6988
1050.731 483.8482
1050.701 484.0181
1050.412 484.3935
1050.004 484.7672
1049.607 485.1314
1050.126 486.9174
1051.631 488.5491
1054.734 492.9053
1057.441 496.4553
1059.076 497.3034
1060.035 497.1147
1061.742 496.8097
1063.435 496.6795
1065.489 496.5099
1068.652 496.287
1071.467 495.9828
1074.707 495.2337
1076.942 494.0582
1078.958 492.3138
1081.498 489.5816
1083.42 487.4503
1085.229 485.399
1087.812 482.7854
1090.33 480.9066
1094.093 478.5212
1097.69 476.2484
1101.061 473.8205
1105.328 470.5598
1108.495 468.4568
1112.107 466.4639
1115.849 464.4606
1120.119 463.0384
1124.385 461.5038
1129.359 459.8213
1133.502 458.4675
1137.347 457.2272
1141.271 455.8913
1143.8 454.8374
1146.053 453.8031
1148.068 453.1255
1150.825 452.6224
1157.188 452.0368
1161.562 451.7585
1164.99 451.6102
1171.303 451.5
1174.762 451.4232
1178.882 451.3343
1183.27 451.3669
1188.143 451.6362
1194 452.0366
1198.285 452.2028
1201.965 452.1479
1206.749 451.9933
1210.024 451.7528
1214.084 451.2161
1216.923 450.8354
1220.168 450.4706
1223.764 449.9665
1226.815 449.154
1229.677 447.812
1233.004 445.6164
1235.452 443.4885
1920 480
1920 480
1052.003 482.4532
1051.93 482.453
1052.007 482.4802
1051.886 482.5219
1051.863 482.5351
1051.891 482.5164
1051.955 482.4857
1051.954 482.515
1051.913 482.5391
1051.925 482.4974
1051.986 482.5349
1051.969 482.5382
1051.998 482.523
1051.996 482.5289
1051.969 482.515
1051.995 482.5087
1052.023 482.4976
1051.991 482.5077
1051.992 482.4743
1052.006 482.4981
1052.039 482.5006
1051.966 482.4972
1052.066 482.4917
1051.98 482.4819
1052.018 482.5308
1052.005 482.5435
1052.054 482.5513
1052.059 482.5408
1052.047 482.541
1052.054 482.5433
1052.065 482.5428
1052.072 482.5412
1052.103 482.5408
1052.102 482.5409
1052.104 482.5398
1052.105 482.5414
1052.116 482.5367
1052.104 482.5415
1052.11 482.5372
1052.102 482.5374
1052.096 482.5373
1052.095 482.5374
1052.102 482.5323
1052.109 482.5285
1052.094 482.5291
1052.093 482.5281
1052.083 482.5311
1052.105 482.5276
1052.089 482.5296
1052.05 482.5274
1052.057 482.521
1052.052 482.5215
1052.065 482.5206
1052.056 482.5115
1052.077 482.5108
1052.081 482.5118
1052.084 482.5013
1052.074 482.492
1052.063 482.489
1052.067 482.4779
1052.047 482.4731
1052.033 482.4721
1052.055 482.4716
1052.065 482.4774
1052.05 482.4778
1052.051 482.4887
1052.052 482.4966
1052.025 482.5111
1052.007 482.51
1051.992 482.5148
1051.97 482.5131
1051.954 482.5184
1051.938 482.5203
1051.93 482.5305
1051.893 482.5335
1051.879 482.5418
1051.877 482.5413
1051.876 482.5411
1051.888 482.5372
1051.869 482.5347
1051.873 482.5255
1051.865 482.5247
1051.868 482.5291
1051.867 482.5264
1051.872 482.5286
1051.896 482.5289
1051.934 482.5282
1051.956 482.5354
1051.959 482.5291
1051.965 482.5223
1051.97 482.525
1051.979 482.5142
1052.001 482.5031
1051.977 482.5018
1051.954 482.5014
1051.947 482.5044
1051.966 482.5016
1051.964 482.5112
1051.976 482.5106
1051.993 482.5024
1052.011 482.5031
1052.035 482.507
1052.057 482.5082
1052.043 482.5096
1052.043 482.5127
1052.041 482.5157
1052.023 482.5159
1052.039 482.5059
1052.059 482.5106
1052.054 482.5173
1052.076 482.5123
1052.092 482.5148
1052.095 482.5134
1052.091 482.5089
1052.107 482.5053
1052.096 482.51
1052.08 482.5143
1052.077 482.5075
1052.055 482.5103
1052.068 482.5184
1052.069 482.5222
1052.041 482.5258
1052.011 482.5287
1051.995 482.535
1051.957 482.5415
1051.931 482.5464
1051.925 482.5502
1051.892 482.5569
1051.878 482.5556
1051.852 482.5537
1051.847 482.5508
1051.818 482.5543
1051.804 482.559
1051.783 482.572
1051.778 482.575
1051.75 482.5835
1051.757 482.5841
1051.669 482.5968
1051.635 482.5919
1051.58 482.5924
1051.563 482.5988
1051.511 482.6122
1051.479 482.6085
1051.457 482.5993
1051.449 482.5966
1051.45 482.5936
1051.441 482.5724
1051.392 482.5749
1051.369 482.5795
1051.352 482.5625
1051.323 482.5591
1051.305 482.5651
1051.297 482.5524
1051.292 482.55
1051.315 482.5622
1051.328 482.5658
1051.321 482.5699
1051.312 482.5829
1051.328 482.5697
1051.328 482.5699
1051.338 482.5818
1051.319 482.5901
1051.335 482.587
1051.324 482.5922
1051.32 482.5881
1051.339 482.5771
1051.341 482.5669
1051.346 482.566
1051.346 482.5641
1051.339 482.5612
1051.354 482.5573
1051.333 482.5626
1051.347 482.5443
1051.393 482.5433
1051.441 482.529
1051.505 482.5221
1051.541 482.5146
1051.598 482.5096
1051.632 482.5078
1051.663 482.5028
1051.701 482.4908
1051.723 482.4928
1051.713 482.4965
1051.747 482.4888
1051.749 482.4956
1051.774 482.4839
1051.805 482.4743
1051.83 482.4758
1051.837 482.4714
1051.859 482.4593
1051.871 482.4543
1051.858 482.4645
1051.843 482.4702
1051.847 482.4653
1051.844 482.4702
1051.871 482.4667
1051.903 482.4652
1051.959 482.4738
1051.973 482.472
1051.975 482.4712
1051.976 482.4753
1051.963 482.4577
1051.852 482.2955
1051.662 482.1254
1051.677 482.1573
1051.775 482.251
1051.828 482.2372
1051.815 482.2049
1051.814 482.2117
1051.862 482.1981
1052.177 482.0434
1052.042 482.0298
1052.028 482.0412
1052.067 482.1202
1052.079 482.1566
1052.091 482.1633
1052.107 482.1654
1052.129 482.1653
1052.117 482.1584
1052.079 482.1459
1052.119 482.1276
1052.096 482.1334
1052.138 482.1555
1052.192 482.1859
1052.204 482.2266
1052.21 482.3065
1052.187 482.4206
1052.134 482.5598
1052.114 482.7254
1052.079 482.8485
1052.115 482.9847
1051.996 482.9601
1051.788 483.0541
1051.534 483.2783
1051.161 483.528
1050.857 483.6988
1050.731 483.8482
1050.701 484.0181
1050.412 484.3935
1050.004 484.7672
1049.607 485.1314
1050.126 486.9174
1051.631 488.5491
1054.734 492.9053
1057.441 496.4553
1059.076 497.3034
1060.035 497.1147
1061.742 496.8097
1063.435 496.6795
1065.489 496.5099
1068.652 496.287
1071.467 495.9828
1074.707 495.2337
1076.942 494.0582
1078.958 492.3138
1081.498 489.5816
1083.42 487.4503
1085.229 485.399
1087.812 482.7854
1090.33 480.9066
1094.093 478.5212
1097.69 476.2484
1101.061 473.8205
1105.328 470.5598
1108.495 468.4568
1112.107 466.4639
1115.849 464.4606
1120.119 463.0384
1124.385 461.5038
1129.359 459.8213
1133.502 458.4675
1137.347 457.2272
1141.271 455.8913
1143.8 454.8374
1146.053 453.8031
1148.068 453.1255
1150.825 452.6224
1157.188 452.0368
1161.562 451.7585
1164.99 451.6102
1171.303 451.5
1174.762 451.4232
1178.882 451.3343
1183.27 451.3669
1188.143 451.6362
1194 452.0366
1198.285 452.2028
1201.965 452.1479
1206.749 451.9933
1210.024 451.7528
1214.084 451.2161
1216.923 450.8354
1220.168 450.4706
1223.764 449.9665
1226.815 449.154
1229.677 447.812
1233.004 445.6164
1235.452 443.4885
1237.943 441.3377
1241.632 438.6893
1245.405 436.5278
1249.357 434.4224
1253.738 431.8892
1257.222 429.5243
1260.572 426.826
1263.095 424.7331
1265.452 423.1227
1268.972 422.0119
1272.482 422.0518
1276.456 422.4538
1283.134 423.1636
1289.234 423.1621
1296.289 423.1707
1302.552 423.5995
1308.416 424.6115
1314.731 426.0996
1318.649 426.9037
1322.738 427.3447
1327.769 427.3062
1331.685 426.7993
1337.419 425.0724
1339.273 424.0226
1340.923 422.8745
1343.339 421.2334
1345.306 419.8616
1346.71 418.4352
1348.453 416.3626
1350.012 414.4624
1351.569 412.7538
1353.875 410.3748
1355.445 408.7285
1357.144 406.9258
1358.492 406.0225
1360.208 405.6315
1362.843 405.6867
1365.385 406.2059
1368.733 407.2231
1374.067 409.2604
1379.305 411.5872
1384.219 413.9906
1390.198 417.3018
1395.467 420.5544
1401.632 424.5244
1406.821 427.993
1411.437 431.2796
1417.108 435.8695
1421.632 439.8898
1425.388 443.3854
1430.572 448.1401
1434.673 451.3535
1438.897 453.9087
1445.636 456.8936
1452.233 459.2622
1461.318 461.915
1469.299 463.9984
1477.243 465.8867
1487.188 468.1615
1495.957 470.3066
1505.018 472.5428
1518.602 475.9863
1528.46 478.4534
1538.157 480.9777
1550.864 484.3641
1560.545 487.2525
1570.766 490.6385
1578.638 493.7485
1585.685 496.8192
1593.55 500.762
1599.595 504.1751
1604.695 507.4066
1610.011 511.3993
1613.536 514.5972
1615.895 517.4482
1618.425 521.1342
1618.508 524.4908
1618.623 528.8167
1618.061 532.0306
1616.903 534.8921
1614.492 538.3881
1612.046 541.0589
1609.309 543.807
1605.73 547.2034
1602.373 550.0602
1599.437 552.2972
1595.948 554.6989
1592.402 556.9062
1588.608 559.1232
1583.797 561.9537
1580.607 564.0663
1577.649 566.3149
1574.944 568.4505
1572.6 570.3536
1569.256 572.6455
1566.853 574.3019
1564.679 576.0419
1562.76 578.214
1561.926 579.8945
1561.686 581.4327
1561.852 583.1652
1561.925 584.5388
1561.709 586.2505
1561.618 587.614
1562.108 588.9314
1563.664 590.5436
1565.29 591.8829
1566.422 593.203
1566.798 594.7603
1566.499 595.8872
1566.41 596.9235
1566.697 598.4034
1566.779 599.7021
1566.089 601.3682
1564.841 602.6581
1563.142 603.8988
1561.132 605.2174
1559.153 606.4644
1556.95 607.8527
1553.722 609.8301
1550.664 611.5145
1547.681 613.0167
1543.242 614.8736
1539.114 616.3182
1533.937 618.0933
1529.395 619.809
1525.271 621.6055
1520.533 623.9113
1516.93 625.5844
1513.323 626.8876
1507.953 628.7602
1502.718 630.7927
1497.765 633.141
1493.281 635.9889
1490.949 637.9481
1489.114 639.5429
1487.12 640.9801
1484.544 642.6167
1480.843 645.2043
1478.284 647.4653
1476.455 649.6043
1475.324 651.8491
1474.794 653.3054
1474.116 654.5236
1472.638 656.077
1470.78 657.7542
1468.688 659.6661
1466.606 662.0703
1465.577 663.8044
1465.241 665.1228
1464.914 666.3677
1464.157 667.4446
1462.405 669.0015
1460.809 670.3435
1459.57 671.6303
1458.903 672.95
1458.786 673.9436
1458.67 675.1331
1458.365 676.6367
1458.008 678.1722
1457.804 679.4694
1457.798 681.1382
1458.115 682.4346
1458.498 683.735
1459.667 685.3254
1460.935 686.6565
1462.947 688.0504
1464.63 689.0364
1466.079 689.8736
1468.033 691.5023
1468.885 692.2819
1470.186 693.1122
1471.598 693.7016
1473.021 694.2083
1474.608 694.7928
1475.625 695.2435
1476.404 695.6639
1477.127 696.2446
1477.958 696.8147
1479.103 697.3448
1481.203 697.817
1483.033 698.0909
1484.892 698.3008
1486.073 698.5266
1486.989 698.7292
1487.986 698.9146
1489.086 698.8797
1490.324 698.6554
1491.89 698.245
1493.181 697.8006
1494.115 697.3704
1494.649 696.9451
1495.014 696.5832
1495.44 696.2755
1496.807 695.3256
1497.784 694.6887
1498.636 694.4957
1499.715 694.4426
1500.784 694.5242
1501.924 694.73
1503.237 695.1111
1504.426 695.5361
1505.527 695.9202
1506.991 696.3516
1508.547 696.7227
1510.135 697.1063
1512.191 697.6375
1513.945 698.2324
1515.871 699.0928
1517.017 699.7572
1517.99 700.3302
1519.493 700.9518
1520.946 701.4006
1522.331 701.7692
1523.979 702.2957
1525.151 702.7596
1525.987 703.1296
1526.842 703.509
1527.393 703.7394
1527.869 703.837
1528.018 703.8857
1527.993 703.8792
1527.944 703.8575
1527.105 703.6057
1526.247 703.3444
1524.94 702.9233
1523.632 702.4836
1522.307 701.949
1520.421 701.13
1518.79 700.4672
1516.765 699.7554
1512.679 698.4711
1510.387 697.7962
1507.357 696.9048
1504.225 696.0023
1501.093 695.2039
1497.556 694.383
1494.1 693.6901
1490.711 693.0581
1487.025 692.4386
1483.95 691.9328
1481.149 691.5322
1477.599 691.0385
1475.137 690.7336
1472.411 690.3879
1469.048 690.0405
1467.062 689.9078
1464.7 689.8881
1462.518 689.9163
1461.206 689.983
1459.689 690.1109
1457.401 690.4778
1456.912 690.6078
1456.641 690.8326
1456.79 691.1491
1457.154 691.4493
1458.771 692.4487
1460.409 693.2498
1461.875 694.0543
1462.276 695.0321
1461.302 695.8948
1459.943 696.7001
1458.964 697.613
1458.926 698.4116
1459.292 699.1284
1460.242 700.0281
1461.474 700.7386
1463.478 701.4843
1465.623 702.0571
1467.93 702.5065
1470.846 702.9327
1473.229 703.1866
1475.313 703.3277
1478.873 703.4382
1482.078 703.3859
1484.959 703.2561
1489.562 702.9277
1493.397 702.5564
1497.085 702.1464
1501.438 701.5698
1505.337 700.9775
1508.478 700.4312
1512.769 699.6441
1517.277 698.7631
1521.05 697.9586
1524.279 697.1088
1526.982 696.2864
1529.937 695.2743
1532.279 694.4467
1534.18 693.7175
1536.857 692.6538
1538.664 691.9037
1540.412 691.1533
1542.169 690.3013
1543.387 689.5897
1544.321 688.965
1545.357 688.2898
1546.037 687.8558
1546.463 687.5267
1546.806 687.0821
1237.943 441.3377
1241.632 438.6893
1245.405 436.5278
1249.357 434.4224
1253.738 431.8892
1257.222 429.5243
1260.572 426.826
1263.095 424.7331
1265.452 423.1227
1268.972 422.0119
1272.482 422.0518
1276.456 422.4538
1283.134 423.1636
1289.234 423.1621
1296.289 423.1707
1302.552 423.5995
1308.416 424.6115
1314.731 426.0996
1318.649 426.9037
1322.738 427.3447
1327.769 427.3062
1331.685 426.7993
1337.419 425.0724
1339.273 424.0226
1340.923 422.8745
1343.339 421.2334
1345.306 419.8616
1346.71 418.4352
1348.453 416.3626
1350.012 414.4624
1351.569 412.7538
1353.875 410.3748
1355.445 408.7285
1357.144 406.9258
1358.492 406.0225
1360.208 405.6315
1362.843 405.6867
1365.385 406.2059
1368.733 407.2231
1374.067 409.2604
1379.305 411.5872
1384.219 413.9906
1390.198 417.3018
1395.467 420.5544
1401.632 424.5244
1406.821 427.993
1411.437 431.2796
1417.108 435.8695
1421.632 439.8898
1425.388 443.3854
1430.572 448.1401
1434.673 451.3535
1438.897 453.9087
1445.636 456.8936
1452.233 459.2622
1461.318 461.915
1469.299 463.9984
1477.243 465.8867
1487.188 468.1615
1495.957 470.3066
1505.018 472.5428
1518.602 475.9863
1528.46 478.4534
1538.157 480.9777
1550.864 484.3641
1560.545 487.2525
1570.766 490.6385
1578.638 493.7485
1585.685 496.8192
1593.55 500.762
1599.595 504.1751
1604.695 507.4066
1610.011 511.3993
1613.536 514.5972
1615.895 517.4482
1618.425 521.1342
1618.508 524.4908
1618.623 528.8167
1618.061 532.0306
1616.903 534.8921
1614.492 538.3881
1612.046 541.0589
1609.309 543.807
1605.73 547.2034
1602.373 550.0602
1599.437 552.2972
1595.948 554.6989
1592.402 556.9062
1588.608 559.1232
1583.797 561.9537
1580.607 564.0663
1577.649 566.3149
1574.944 568.4505
1572.6 570.3536
1569.256 572.6455
1566.853 574.3019
1564.679 576.0419
1562.76 578.214
1561.926 579.8945
1561.686 581.4327
1561.852 583.1652
1561.925 584.5388
1561.709 586.2505
1561.618 587.614
1562.108 588.9314
1563.664 590.5436
1565.29 591.8829
1566.422 593.203
1566.798 594.7603
1566.499 595.8872
1566.41 596.9235
1566.697 598.4034
1566.779 599.7021
1566.089 601.3682
1564.841 602.6581
1563.142 603.8988
1561.132 605.2174
1559.153 606.4644
1556.95 607.8527
1553.722 609.8301
1550.664 611.5145
1547.681 613.0167
1543.242 614.8736
1539.114 616.3182
1533.937 618.0933
1529.395 619.809
1525.271 621.6055
1520.533 623.9113
1516.93 625.5844
1513.323 626.8876
1507.953 628.7602
1502.718 630.7927
1497.765 633.141
1493.281 635.9889
1490.949 637.9481
1489.114 639.5429
1487.12 640.9801
1484.544 642.6167
1480.843 645.2043
1478.284 647.4653
1476.455 649.6043
1475.324 651.8491
1474.794 653.3054
1474.116 654.5236
1472.638 656.077
1470.78 657.7542
1468.688 659.6661
1466.606 662.0703
1465.577 663.8044
1465.241 665.1228
1464.914 666.3677
1464.157 667.4446
1462.405 669.0015
1460.809 670.3435
1459.57 671.6303
1458.903 672.95
1458.786 673.9436
1458.67 675.1331
1458.365 676.6367
1458.008 678.1722
1457.804 679.4694
1457.798 681.1382
1458.115 682.4346
1458.498 683.735
1459.667 685.3254
1460.935 686.6565
1462.947 688.0504
1464.63 689.0364
1466.079 689.8736
1468.033 691.5023
1468.885 692.2819
1470.186 693.1122
1471.598 693.7016
1473.021 694.2083
1474.608 694.7928
1475.625 695.2435
1476.404 695.6639
1477.127 696.2446
1477.958 696.8147
1479.103 697.3448
1481.203 697.817
1483.033 698.0909
1484.892 698.3008
1486.073 698.5266
1486.989 698.7292
1487.986 698.9146
1489.086 698.8797
1490.324 698.6554
1491.89 698.245
1493.181 697.8006
1494.115 697.3704
1494.649 696.9451
1495.014 696.5832
1495.44 696.2755
1496.807 695.3256
1497.784 694.6887
1498.636 694.4957
1499.715 694.4426
1500.784 694.5242
1501.924 694.73
1503.237 695.1111
1504.426 695.5361
1505.527 695.9202
1506.991 696.3516
1508.547 696.7227
1510.135 697.1063
1512.191 697.6375
1513.945 698.2324
1515.871 699.0928
1517.017 699.7572
1517.99 700.3302
1519.493 700.9518
1520.946 701.4006
1522.331 701.7692
1523.979 702.2957
1525.151 702.7596
1525.987 703.1296
1526.842 703.509
1527.393 703.7394
1527.869 703.837
1528.018 703.8857
1527.993 703.8792
1527.944 703.8575
1527.105 703.6057
1526.247 703.3444
1524.94 702.9233
1523.632 702.4836
1522.307 701.949
1520.421 701.13
1518.79 700.4672
1516.765 699.7554
1512.679 698.4711
1510.387 697.7962
1507.357 696.9048
1504.225 696.0023
1501.093 695.2039
1497.556 694.383
1494.1 693.6901
1490.711 693.0581
1487.025 692.4386
1483.95 691.9328
1481.149 691.5322
1477.599 691.0385
1475.137 690.7336
1472.411 690.3879
1469.048 690.0405
1467.062 689.9078
1464.7 689.8881
1462.518 689.9163
1461.206 689.983
1459.689 690.1109
1457.401 690.4778
1456.912 690.6078
1456.641 690.8326
1456.79 691.1491
1457.154 691.4493
1458.771 692.4487
1460.409 693.2498
1461.875 694.0543
1462.276 695.0321
1461.302 695.8948
1459.943 696.7001
1458.964 697.613
1458.926 698.4116
1459.292 699.1284
1460.242 700.0281
1461.474 700.7386
1463.478 701.4843
1465.623 702.0571
1467.93 702.5065
1470.846 702.9327
1473.229 703.1866
1475.313 703.3277
1478.873 703.4382
1482.078 703.3859
1484.959 703.2561
1489.562 702.9277
1493.397 702.5564
1497.085 702.1464
1501.438 701.5698
1505.337 700.9775
1508.478 700.4312
1512.769 699.6441
1517.277 698.7631
1521.05 697.9586
1524.279 697.1088
1526.982 696.2864
1529.937 695.2743
1532.279 694.4467
1534.18 693.7175
1536.857 692.6538
1538.664 691.9037
1540.412 691.1533
1542.169 690.3013
1543.387 689.5897
1544.321 688.965
1545.357 688.2898
1546.037 687.8558
1546.463 687.5267
1546.806 687.0821
1547.009 686.6321
1547.335 686.1104
1547.619 685.8013
1547.885 685.6616
1548.106 685.6051
1548.274 685.6233
1548.472 685.6948
1548.848 685.8459
1549.449 686.0085
1550.406 686.1789
1551.952 686.4703
1553.509 686.7906
1555.171 687.2034
1556.968 687.8035
1558.83 688.5484
1560.988 689.3165
1564.454 690.2145
1567.318 690.7371
1571.246 690.9011
1575.482 690.8224
1580.028 690.7008
1585.584 690.608
1590.666 690.6335
1595.949 690.6094
1602.959 690.2715
1609.394 689.6219
1616.04 688.6741
1623.109 687.5067
1630.53 686.1906
1637.579 684.8039
1644.646 683.1463
1651.255 681.0424
1656.81 678.7563
1664.462 674.8322
1669.188 672.0011
1675.069 668.0051
1679.111 664.8082
1682.866 661.41
1687.634 656.391
1691.213 652.1293
1694.711 647.558
1698.499 641.9506
1701.318 637.0464
1703.654 632.1091
1705.558 627.0981
1707.166 621.9796
1708.865 615.673
1710.155 610.0784
1711.265 604.3077
1714.144 596.9476
1722.799 589.9236
1729.664 584.5598
1734.165 577.8361
1735.416 572.9799
1736.324 568.404
1736.227 563.8568
1734.573 560.1249
1732.943 556.5347
1733.061 551.5801
1736.139 547.2316
1741.324 542.8926
1747.512 538.4847
1752.257 534.7148
1755.294 530.747
1756.257 527.285
1756.365 523.6473
1756.352 518.7943
1756.699 514.5199
1757.117 510.7129
1757.446 505.9381
1756.871 501.4896
1755.55 497.9138
1752.669 493.2563
1749.497 489.095
1746.506 485.236
1743.369 481.1612
1739.935 477.0719
1736.732 473.2837
1732.716 468.9035
1729.1 465.2936
1724.649 461.0605
1720.652 457.513
1716.91 454.2594
1711.754 449.8099
1707.46 445.9422
1703.238 441.9396
1698.448 436.9971
1694.654 432.9431
1691.014 428.9235
1687.345 424.7393
1684.625 420.8351
1682.593 417.4251
1679.73 412.244
1677.033 408.0114
1673.828 403.2104
1671.157 398.868
1669.255 394.4505
1668.559 389.0633
1668.584 384.4673
1668.535 380.367
1668.056 375.632
1667.525 371.4849
1666.797 367.7902
1665.479 363.1286
1663.893 359.4722
1662.27 356.4775
1660.198 353.7104
1657.623 351.0871
1655.185 348.8288
1652.4 346.104
1650.244 343.943
1646.996 341.3149
1643.638 339.5238
1640.072 337.758
1635.76 335.3125
1632.99 333.3957
1631.051 331.4295
1629.042 327.923
1627.88 324.9313
1626.577 321.2588
1625.413 318.1019
1624.137 315.2145
1622.195 311.9153
1620.439 309.3079
1618.475 306.5088
1616.882 303.1777
1616.075 300.3343
1615.927 297.3408
1616.17 293.326
1616.836 290.1878
1618.066 286.5524
1619.57 283.1937
1621.551 279.7918
1624.477 274.9413
1626.555 271.7067
1628.338 268.7007
1630.415 265.5623
1631.995 262.9915
1633.746 260.5421
1635.815 257.641
1637.234 255.7694
1638.56 253.8722
1639.404 252.373
1640.213 251.0015
1640.898 249.336
1641.172 248.1655
1640.932 247.0884
1640.259 245.9572
1639.055 245.1434
1637.525 244.5474
1634.206 243.9841
1631.418 243.6735
1628.176 243.4054
1624.873 243.2344
1621.484 243.1157
1617.683 243.0433
1614.598 243.0101
1611.629 243.0504
1608.622 243.1564
1606.185 243.3132
1604.402 243.4317
1602.434 243.625
1601.528 243.7935
1600.956 244.0062
1600.694 244.1032
1600.765 243.9557
1601.42 243.2744
1602.275 242.5645
1603.082 241.682
1603.628 240.2373
1603.873 238.8717
1604.633 233.5124
1604.631 228.7546
1604.192 226.5158
1603.111 223.8823
1602.112 221.9766
1600.891 220.3172
1599.312 218.5161
1597.993 217.4028
1596.754 216.5083
1595.182 215.7502
1593.913 215.3975
1592.369 215.3511
1591.086 215.6401
1589.863 216.1172
1587.909 217.0765
1582.85 219.6857
1581.068 220.3366
1578.492 221.0602
1576.555 221.5604
1574.67 222.0776
1572.741 222.6226
1570.809 223.1922
1568.865 223.757
1566.357 224.4876
1564.498 225.0889
1563.008 225.6201
1561.065 226.3205
1559.681 226.8312
1558.21 227.3556
1557.301 227.6945
1556.576 227.9932
1555.935 228.2739
1555.422 228.5173
1554.911 228.7764
1554.226 229.1646
1553.654 229.5436
1553.115 229.889
1552.414 230.3175
1551.889 230.6322
1551.324 230.9437
1550.927 231.1313
1550.416 231.3413
1549.837 231.57
1549.362 231.7967
1548.867 232.0911
1548.165 232.5179
1547.392 232.9248
1546.548 233.3586
1545.667 233.9058
1545.005 234.3625
1544.48 234.7228
1543.65 235.2873
1543.025 235.7217
1542.37 236.2087
1541.743 236.6414
1541.041 237.0763
1539.896 237.6663
1538.678 238.2461
1537.468 238.8114
1535.843 239.599
1534.418 240.3501
1532.405 241.4797
1530.496 242.5978
1528.315 243.8822
1525.789 245.4665
1523.563 246.9772
1521.353 248.6461
1518.712 250.8166
1516.218 252.9917
1513.655 255.3065
1510.154 258.5124
1507.31 261.271
1504.519 264.2152
1501.259 268.1141
1498.567 271.5931
1495.125 276.3729
1492.577 280.1698
1490.113 283.951
1487.468 288.3561
1485.444 292.1756
1483.509 295.999
1481.763 300.9123
1480.2 304.9814
1478.361 309.0247
1476.184 313.659
1474.335 317.2962
1472.464 321.3286
1470.831 324.7065
1469.01 328.104
1465.987 332.0276
1463.108 334.9535
1459.876 337.5479
1455.802 340.1795
1452.205 342.0931
1448.231 343.8366
1442.315 346.0068
1436.929 347.778
1430.182 349.8893
1423.313 352.0353
1417.963 353.667
1410.569 355.7949
1404.483 357.4757
1398.282 359.1372
1390.069 361.2051
1383.347 362.7529
1376.388 364.3302
1368.005 366.3291
1360.846 368.1535
1351.358 370.5604
1344.349 372.2362
1337.319 373.8509
1326.179 376.4383
1318.457 378.3406
1310.686 380.3436
1299.05 383.4434
1289.878 385.9289
1279.055 388.8175
1271.102 390.8416
1264.381 392.4626
1254.975 394.6411
1246.594 396.5261
1238.123 398.3402
1228.019 400.3939
1219.694 402.0667
1210.726 403.9134
1201.598 405.8009
1193.464 407.4123
1182.884 409.3498
1174.012 410.8156
1547.009 686.6321
1547.335 686.1104
1547.619 685.8013
1547.885 685.6616
1548.106 685.6051
1548.274 685.6233
1548.472 685.6948
1548.848 685.8459
1549.449 686.0085
1550.406 686.1789
1551.952 686.4703
1553.509 686.7906
1555.171 687.2034
1556.968 687.8035
1558.83 688.5484
1560.988 689.3165
1564.454 690.2145
1567.318 690.7371
1571.246 690.9011
1575.482 690.8224
1580.028 690.7008
1585.584 690.608
1590.666 690.6335
1595.949 690.6094
1602.959 690.2715
1609.394 689.6219
1616.04 688.6741
1623.109 687.5067
1630.53 686.1906
1637.579 684.8039
1644.646 683.1463
1651.255 681.0424
1656.81 678.7563
1664.462 674.8322
1669.188 672.0011
1675.069 668.0051
1679.111 664.8082
1682.866 661.41
1687.634 656.391
1691.213 652.1293
1694.711 647.558
1698.499 641.9506
1701.318 637.0464
1703.654 632.1091
1705.558 627.0981
1707.166 621.9796
1708.865 615.673
1710.155 610.0784
1711.265 604.3077
1714.144 596.9476
1722.799 589.9236
1729.664 584.5598
1734.165 577.8361
1735.416 572.9799
1736.324 568.404
1736.227 563.8568
1734.573 560.1249
1732.943 556.5347
1733.061 551.5801
1736.139 547.2316
1741.324 542.8926
1747.512 538.4847
1752.257 534.7148
1755.294 530.747
1756.257 527.285
1756.365 523.6473
1756.352 518.7943
1756.699 514.5199
1757.117 510.7129
1757.446 505.9381
1756.871 501.4896
1755.55 497.9138
1752.669 493.2563
1749.497 489.095
1746.506 485.236
1743.369 481.1612
1739.935 477.0719
1736.732 473.2837
1732.716 468.9035
1729.1 465.2936
1724.649 461.0605
1720.652 457.513
1716.91 454.2594
1711.754 449.8099
1707.46 445.9422
1703.238 441.9396
1698.448 436.9971
1694.654 432.9431
1691.014 428.9235
1687.345 424.7393
1684.625 420.8351
1682.593 417.4251
1679.73 412.244
1677.033 408.0114
1673.828 403.2104
1671.157 398.868
1669.255 394.4505
1668.559 389.0633
1668.584 384.4673
1668.535 380.367
1668.056 375.632
1667.525 371.4849
1666.797 367.7902
1665.479 363.1286
1663.893 359.4722
1662.27 356.4775
1660.198 353.7104
1657.623 351.0871
1655.185 348.8288
1652.4 346.104
1650.244 343.943
1646.996 341.3149
1643.638 339.5238
1640.072 337.758
1635.76 335.3125
1632.99 333.3957
1631.051 331.4295
1629.042 327.923
1627.88 324.9313
1626.577 321.2588
1625.413 318.1019
1624.137 315.2145
1622.195 311.9153
1620.439 309.3079
1618.475 306.5088
1616.882 303.1777
1616.075 300.3343
1615.927 297.3408
1616.17 293.326
1616.836 290.1878
1618.066 286.5524
1619.57 283.1937
1621.551 279.7918
1624.477 274.9413
1626.555 271.7067
1628.338 268.7007
1630.415 265.5623
1631.995 262.9915
1633.746 260.5421
1635.815 257.641
1637.234 255.7694
1638.56 253.8722
1639.404 252.373
1640.213 251.0015
1640.898 249.336
1641.172 248.1655
1640.932 247.0884
1640.259 245.9572
1639.055 245.1434
1637.525 244.5474
1634.206 243.9841
1631.418 243.6735
1628.176 243.4054
1624.873 243.2344
1621.484 243.1157
1617.683 243.0433
1614.598 243.0101
1611.629 243.0504
1608.622 243.1564
1606.185 243.3132
1604.402 243.4317
1602.434 243.625
1601.528 243.7935
1600.956 244.0062
1600.694 244.1032
1600.765 243.9557
1601.42 243.2744
1602.275 242.5645
1603.082 241.682
1603.628 240.2373
1603.873 238.8717
1604.633 233.5124
1604.631 228.7546
1604.192 226.5158
1603.111 223.8823
1602.112 221.9766
1600.891 220.3172
1599.312 218.5161
1597.993 217.4028
1596.754 216.5083
1595.182 215.7502
1593.913 215.3975
1592.369 215.3511
1591.086 215.6401
1589.863 216.1172
1587.909 217.0765
1582.85 219.6857
1581.068 220.3366
1578.492 221.0602
1576.555 221.5604
1574.67 222.0776
1572.741 222.6226
1570.809 223.1922
1568.865 223.757
1566.357 224.4876
1564.498 225.0889
1563.008 225.6201
1561.065 226.3205
1559.681 226.8312
1558.21 227.3556
1557.301 227.6945
1556.576 227.9932
1555.935 228.2739
1555.422 228.5173
1554.911 228.7764
1554.226 229.1646
1553.654 229.5436
1553.115 229.889
1552.414 230.3175
1551.889 230.6322
1551.324 230.9437
1550.927 231.1313
1550.416 231.3413
1549.837 231.57
1549.362 231.7967
1548.867 232.0911
1548.165 232.5179
1547.392 232.9248
1546.548 233.3586
1545.667 233.9058
1545.005 234.3625
1544.48 234.7228
1543.65 235.2873
1543.025 235.7217
1542.37 236.2087
1541.743 236.6414
1541.041 237.0763
1539.896 237.6663
1538.678 238.2461
1537.468 238.8114
1535.843 239.599
1534.418 240.3501
1532.405 241.4797
1530.496 242.5978
1528.315 243.8822
1525.789 245.4665
1523.563 246.9772
1521.353 248.6461
1518.712 250.8166
1516.218 252.9917
1513.655 255.3065
1510.154 258.5124
1507.31 261.271
1504.519 264.2152
1501.259 268.1141
1498.567 271.5931
1495.125 276.3729
1492.577 280.1698
1490.113 283.951
1487.468 288.3561
1485.444 292.1756
1483.509 295.999
1481.763 300.9123
1480.2 304.9814
1478.361 309.0247
1476.184 313.659
1474.335 317.2962
1472.464 321.3286
1470.831 324.7065
1469.01 328.104
1465.987 332.0276
1463.108 334.9535
1459.876 337.5479
1455.802 340.1795
1452.205 342.0931
1448.231 343.8366
1442.315 346.0068
1436.929 347.778
1430.182 349.8893
1423.313 352.0353
1417.963 353.667
1410.569 355.7949
1404.483 357.4757
1398.282 359.1372
1390.069 361.2051
1383.347 362.7529
1376.388 364.3302
1368.005 366.3291
1360.846 368.1535
1351.358 370.5604
1344.349 372.2362
1337.319 373.8509
1326.179 376.4383
1318.457 378.3406
1310.686 380.3436
1299.05 383.4434
1289.878 385.9289
1279.055 388.8175
1271.102 390.8416
1264.381 392.4626
1254.975 394.6411
1246.594 396.5261
1238.123 398.3402
1228.019 400.3939
1219.694 402.0667
1210.726 403.9134
1201.598 405.8009
1193.464 407.4123
1182.884 409.3498
1174.012 410.8156
1166.187 412.0583
1157.672 413.4194
1150.392 414.6883
1143.421 415.9736
1134.613 417.6209
1127.197 418.965
1120.644 420.1619
1112.289 421.6742
1105.708 422.819
1097.212 424.3102
1090.391 425.5952
1083.977 426.8713
1076.369 428.4463
1070.188 429.7656
1064.792 430.9409
1057.397 432.5618
1051.724 433.7405
1046.086 434.7787
1040.353 435.6364
1035.104 436.1896
1030.383 436.4676
1026.216 436.5646
1023 436.4984
1019.512 436.3058
1017.009 436.0713
1014.814 435.8486
1012.637 435.7664
1010.341 435.9354
1008.239 436.3138
1005.328 437.0063
1002.921 437.5594
1000.744 438.0343
997.5038 438.7293
994.769 439.2881
991.7842 439.7925
989.2407 440.1123
986.8552 440.3626
984.4719 440.5789
982.1211 440.7603
979.8385 440.9007
977.2971 441.0605
975.4989 441.2175
973.6798 441.4396
971.3309 441.8034
969.6393 442.1183
967.721 442.4731
966.1461 442.7964
964.794 443.1154
963.5829 443.4831
962.7039 443.7456
962.1697 443.979
961.736 444.2047
961.7053 444.3839
961.992 444.5096
962.79 444.6187
963.6581 444.6765
964.6668 444.7228
966.1936 444.737
967.511 444.6419
969.1204 444.4543
970.6321 444.2474
972.1995 444.0598
974.0942 443.8188
975.7493 443.6481
977.3564 443.515
979.438 443.3716
981.2168 443.2251
982.8544 443.0925
985.2406 442.8714
987.0106 442.7098
989.0064 442.5127
991.5847 442.2363
993.7405 442.0041
995.8831 441.7966
997.9188 441.647
999.7194 441.5531
1001.785 441.4215
1003.221 441.2794
1004.193 441.1794
1005.386 441.1489
1006.248 441.2012
1007.005 441.2707
1007.489 441.3475
1007.708 441.4533
1007.773 441.5915
1007.765 441.7583
1007.757 441.9328
1007.683 442.154
1007.471 442.3629
1007.165 442.5313
1006.706 442.659
1006.309 442.7321
1006.006 442.7909
1005.687 442.887
1005.434 443.0081
1005.289 443.1248
1005.136 443.3094
1005.111 443.4854
1005.094 443.6535
1005.083 443.869
1005.07 444.0423
1005.09 444.1981
1005.128 444.3263
1005.17 444.4453
1005.157 444.5783
1005.084 444.6947
1004.989 444.7813
1004.834 444.8527
1004.686 444.8806
1004.471 444.9191
1004.205 444.9769
1003.994 445.041
1003.806 445.133
1003.667 445.2726
1003.554 445.3875
1003.489 445.4753
1003.469 445.5613
1003.484 445.6388
1003.615 445.7122
1004.674 445.88
1006.088 446.1507
1007.218 446.341
1008.932 446.5747
1010.603 446.785
1012.566 447.0583
1015.527 447.5024
1018.33 447.9037
1022.611 448.3939
1026.097 448.6717
1029.959 448.8708
1035.019 448.9574
1039.582 448.9284
1044.478 448.7936
1050.624 448.4612
1056.024 448.0456
1061.594 447.5199
1068.568 446.7591
1075.006 446.0026
1082.422 445.0931
1088.762 444.2923
1095.188 443.4683
1103.576 442.3849
1110.675 441.4849
1117.279 440.666
1125.474 439.6813
1132.409 438.8795
1139.381 438.1014
1148.511 437.0985
1156.43 436.2446
1164.613 435.4328
1173.095 434.6164
1180.577 433.8229
1190.177 432.6335
1197.985 431.6255
1205.237 430.7033
1215.801 429.3382
1223.96 428.1846
1231.967 426.9748
1241.815 425.4722
1249.999 424.2541
1260.364 422.7715
1268.648 421.6333
1276.893 420.5428
1287.592 419.2092
1295.869 418.2476
1304.139 417.3385
1313.724 416.3247
1322.1 415.4663
1329.367 414.7352
1340.641 413.7009
1349.373 412.9489
1358.24 412.2204
1368.729 411.3356
1378.063 410.5241
1390.77 409.4316
1399.738 408.7134
1408.141 408.0631
1419.108 407.2121
1428.028 406.5648
1436.06 406.0213
1446.667 405.409
1456.623 404.869
1467.103 404.3825
1475.916 404.0252
1484.611 403.7868
1495.544 403.4492
1504.695 403.1292
1513.361 402.7585
1524.604 402.2686
1533.755 401.9466
1541.862 401.7577
1555.688 401.6445
1564.641 401.6556
1574.475 401.7437
1582.853 401.8833
1591.453 402.0571
1603.44 402.3875
1612.314 402.7201
1619.677 403.09
1630.735 403.832
1638.77 404.4321
1646.934 404.998
1657.146 405.7086
1665.605 406.3628
1677.001 407.4026
1685.365 408.2261
1692.783 408.9406
1702.746 409.7666
1710.429 410.3351
1717.696 410.8573
1726.35 411.5604
1733.467 412.2217
1740.087 412.8288
1748.708 413.5793
1755.202 414.1559
1761.534 414.7738
1767.129 415.3353
1772.646 415.8792
1777.714 416.3833
1782.351 416.8734
1786.63 417.3729
1791.605 418.0202
1795.534 418.6154
1799.345 419.2336
1803.8 420.0125
1807.492 420.6594
1810.899 421.2472
1815.133 422.0142
1818.553 422.6258
1822.813 423.4126
1826.348 424.0746
1829.579 424.7648
1833.503 425.6555
1836.637 426.3781
1839.682 427.1115
1843.085 427.9621
1845.495 428.5785
1847.522 429.117
1850.265 429.8776
1852.165 430.4505
1854.116 431.2227
1855.331 431.8439
1856.12 432.3732
1856.815 433.0332
1857.118 433.4974
1857.256 433.9515
1857.419 434.5656
1857.467 435.0973
1857.363 435.6898
1857.041 436.1009
1856.748 436.4103
1856.293 436.8629
1855.956 437.2419
1855.54 437.6177
1854.837 438.1325
1854.085 438.5449
1853.314 438.9447
1852.169 439.4836
1851.264 439.9235
1850.382 440.313
1849.065 440.7419
1848.131 440.9665
1847.031 441.1807
1846.282 441.2941
1845.62 441.362
1844.839 441.3916
1844.287 441.4102
1843.869 441.4253
1843.347 441.4155
1843.103 441.3789
1842.974 441.3358
1843.009 441.3167
1843.081 441.312
1843.153 441.2624
1843.227 441.1929
1843.269 441.1152
1843.362 441.0021
1843.399 440.9334
1843.428 440.8763
1843.27 440.7681
1842.901 440.6781
1842.331 440.5742
1841.734 440.501
1841.086 440.4204
1840.226 440.3358
1839.486 440.2622
1838.857 440.2339
1837.82 440.2399
1837.063 440.3
1836.486 440.3851
1835.566 440.5773
1834.924 440.7306
1834.403 440.8737
1833.799 441.0495
1833.399 441.1763
1833.028 441.3
1832.667 441.4084
1832.296 441.4739
1831.798 441.5205
1831.381 441.5267
1166.187 412.0583
1157.672 413.4194
1150.392 414.6883
1143.421 415.9736
1134.613 417.6209
1127.197 418.965
1120.644 420.1619
1112.289 421.6742
1105.708 422.819
1097.212 424.3102
1090.391 425.5952
1083.977 426.8713
1076.369 428.4463
1070.188 429.7656
1064.792 430.9409
1057.397 432.5618
1051.724 433.7405
1046.086 434.7787
1040.353 435.6364
1035.104 436.1896
1030.383 436.4676
1026.216 436.5646
1023 436.4984
1019.512 436.3058
1017.009 436.0713
1014.814 435.8486
1012.637 435.7664
1010.341 435.9354
1008.239 436.3138
1005.328 437.0063
1002.921 437.5594
1000.744 438.0343
997.5038 438.7293
994.769 439.2881
991.7842 439.7925
989.2407 440.1123
986.8552 440.3626
984.4719 440.5789
982.1211 440.7603
979.8385 440.9007
977.2971 441.0605
975.4989 441.2175
973.6798 441.4396
971.3309 441.8034
969.6393 442.1183
967.721 442.4731
966.1461 442.7964
964.794 443.1154
963.5829 443.4831
962.7039 443.7456
962.1697 443.979
961.736 444.2047
961.7053 444.3839
961.992 444.5096
962.79 444.6187
963.6581 444.6765
964.6668 444.7228
966.1936 444.737
967.511 444.6419
969.1204 444.4543
970.6321 444.2474
972.1995 444.0598
974.0942 443.8188
975.7493 443.6481
977.3564 443.515
979.438 443.3716
981.2168 443.2251
982.8544 443.0925
985.2406 442.8714
987.0106 442.7098
989.0064 442.5127
991.5847 442.2363
993.7405 442.0041
995.8831 441.7966
997.9188 441.647
999.7194 441.5531
1001.785 441.4215
1003.221 441.2794
1004.193 441.1794
1005.386 441.1489
1006.248 441.2012
1007.005 441.2707
1007.489 441.3475
1007.708 441.4533
1007.773 441.5915
1007.765 441.7583
1007.757 441.9328
1007.683 442.154
1007.471 442.3629
1007.165 442.5313
1006.706 442.659
1006.309 442.7321
1006.006 442.7909
1005.687 442.887
1005.434 443.0081
1005.289 443.1248
1005.136 443.3094
1005.111 443.4854
1005.094 443.6535
1005.083 443.869
1005.07 444.0423
1005.09 444.1981
1005.128 444.3263
1005.17 444.4453
1005.157 444.5783
1005.084 444.6947
1004.989 444.7813
1004.834 444.8527
1004.686 444.8806
1004.471 444.9191
1004.205 444.9769
1003.994 445.041
1003.806 445.133
1003.667 445.2726
1003.554 445.3875
1003.489 445.4753
1003.469 445.5613
1003.484 445.6388
1003.615 445.7122
1004.674 445.88
1006.088 446.1507
1007.218 446.341
1008.932 446.5747
1010.603 446.785
1012.566 447.0583
1015.527 447.5024
1018.33 447.9037
1022.611 448.3939
1026.097 448.6717
1029.959 448.8708
1035.019 448.9574
1039.582 448.9284
1044.478 448.7936
1050.624 448.4612
1056.024 448.0456
1061.594 447.5199
1068.568 446.7591
1075.006 446.0026
1082.422 445.0931
1088.762 444.2923
1095.188 443.4683
1103.576 442.3849
1110.675 441.4849
1117.279 440.666
1125.474 439.6813
1132.409 438.8795
1139.381 438.1014
1148.511 437.0985
1156.43 436.2446
1164.613 435.4328
1173.095 434.6164
1180.577 433.8229
1190.177 432.6335
1197.985 431.6255
1205.237 430.7033
1215.801 429.3382
1223.96 428.1846
1231.967 426.9748
1241.815 425.4722
1249.999 424.2541
1260.364 422.7715
1268.648 421.6333
1276.893 420.5428
1287.592 419.2092
1295.869 418.2476
1304.139 417.3385
1313.724 416.3247
1322.1 415.4663
1329.367 414.7352
1340.641 413.7009
1349.373 412.9489
1358.24 412.2204
1368.729 411.3356
1378.063 410.5241
1390.77 409.4316
1399.738 408.7134
1408.141 408.0631
1419.108 407.2121
1428.028 406.5648
1436.06 406.0213
1446.667 405.409
1456.623 404.869
1467.103 404.3825
1475.916 404.0252
1484.611 403.7868
1495.544 403.4492
1504.695 403.1292
1513.361 402.7585
1524.604 402.2686
1533.755 401.9466
1541.862 401.7577
1555.688 401.6445
1564.641 401.6556
1574.475 401.7437
1582.853 401.8833
1591.453 402.0571
1603.44 402.3875
1612.314 402.7201
1619.677 403.09
1630.735 403.832
1638.77 404.4321
1646.934 404.998
1657.146 405.7086
1665.605 406.3628
1677.001 407.4026
1685.365 408.2261
1692.783 408.9406
1702.746 409.7666
1710.429 410.3351
1717.696 410.8573
1726.35 411.5604
1733.467 412.2217
1740.087 412.8288
1748.708 413.5793
1755.202 414.1559
1761.534 414.7738
1767.129 415.3353
1772.646 415.8792
1777.714 416.3833
1782.351 416.8734
1786.63 417.3729
1791.605 418.0202
1795.534 418.6154
1799.345 419.2336
1803.8 420.0125
1807.492 420.6594
1810.899 421.2472
1815.133 422.0142
1818.553 422.6258
1822.813 423.4126
1826.348 424.0746
1829.579 424.7648
1833.503 425.6555
1836.637 426.3781
1839.682 427.1115
1843.085 427.9621
1845.495 428.5785
1847.522 429.117
1850.265 429.8776
1852.165 430.4505
1854.116 431.2227
1855.331 431.8439
1856.12 432.3732
1856.815 433.0332
1857.118 433.4974
1857.256 433.9515
1857.419 434.5656
1857.467 435.0973
1857.363 435.6898
1857.041 436.1009
1856.748 436.4103
1856.293 436.8629
1855.956 437.2419
1855.54 437.6177
1854.837 438.1325
1854.085 438.5449
1853.314 438.9447
1852.169 439.4836
1851.264 439.9235
1850.382 440.313
1849.065 440.7419
1848.131 440.9665
1847.031 441.1807
1846.282 441.2941
1845.62 441.362
1844.839 441.3916
1844.287 441.4102
1843.869 441.4253
1843.347 441.4155
1843.103 441.3789
1842.974 441.3358
1843.009 441.3167
1843.081 441.312
1843.153 441.2624
1843.227 441.1929
1843.269 441.1152
1843.362 441.0021
1843.399 440.9334
1843.428 440.8763
1843.27 440.7681
1842.901 440.6781
1842.331 440.5742
1841.734 440.501
1841.086 440.4204
1840.226 440.3358
1839.486 440.2622
1838.857 440.2339
1837.82 440.2399
1837.063 440.3
1836.486 440.3851
1835.566 440.5773
1834.924 440.7306
1834.403 440.8737
1833.799 441.0495
1833.399 441.1763
1833.028 441.3
1832.667 441.4084
1832.296 441.4739
1831.798 441.5205
1831.381 441.5267
1830.95 441.5117
1830.369 441.4492
1829.864 441.3618
1829.344 441.2565
1828.788 441.0807
1828.345 440.8643
1827.896 440.6424
1827.264 440.3548
1826.802 440.1416
1826.29 439.929
1825.876 439.8006
1825.455 439.6797
1824.859 439.5143
1824.413 439.4111
1823.997 439.32
1823.446 439.2588
1823.002 439.2508
1822.594 439.2705
1822.102 439.3442
1821.668 439.4312
1821.149 439.5651
1820.666 439.6997
1820.184 439.8342
1819.765 440.0373
1819.323 440.1636
1818.824 440.2808
1818.232 440.3904
1817.819 440.4875
1817.48 440.5729
1816.986 440.6668
1816.552 440.721
1815.936 440.8065
1815.404 440.9005
1814.857 441.0072
1814.285 441.1214
1813.884 441.2117
1813.47 441.3146
1812.911 441.4284
1812.488 441.4879
1812.121 441.5381
1811.777 441.6061
1811.59 441.6569
1811.459 441.7189
1811.398 441.8014
1811.312 441.8984
1811.23 442.0296
1811.276 442.0692
1811.381 442.0856
1811.591 442.0739
1811.792 442.0646
1811.926 442.0598
1812.14 442.0381
1812.357 442.0119
1812.581 442.0018
1812.733 441.9852
1812.845 441.9699
1812.92 441.9106
1812.937 441.8325
1812.968 441.7705
1813.07 441.7047
1813.132 441.6351
1813.2 441.5298
1813.311 441.3903
1813.44 441.2849
1813.555 441.2106
1813.77 441.1393
1813.943 441.125
1814.237 441.1396
1814.459 441.1416
1814.626 441.124
1814.795 441.0815
1814.928 441.0101
1815.028 440.9432
1815.045 440.9141
1814.974 440.9164
1814.752 440.9331
1814.466 440.9456
1814.187 440.9842
1813.791 441.0641
1813.405 441.1587
1812.942 441.2537
1812.285 441.4254
1811.754 441.6328
1811.347 441.8654
1810.735 442.2306
1810.284 442.4819
1809.813 442.7515
1809.377 442.9976
1808.886 443.2798
1808.297 443.6388
1807.861 443.8918
1807.489 444.1413
1807.051 444.4736
1806.66 444.7634
1806.3 445.0034
1806.021 445.2046
1805.856 445.3324
1805.803 445.4339
1805.772 445.5343
1805.732 445.5802
1805.681 445.5746
1805.62 445.5519
1805.633 445.5513
1805.632 445.5399
1805.551 445.4979
1805.39 445.4155
1805.177 445.3153
1805.056 445.2231
1804.957 445.1255
1804.818 445.0089
1804.691 444.9134
1804.624 444.7983
1804.686 444.6344
1804.767 444.5028
1804.834 444.3675
1804.946 444.2717
1805.164 444.1854
1805.429 444.1056
1805.586 444.0514
1805.747 443.9735
1806.025 443.8288
1806.296 443.7035
1806.464 443.5903
1806.534 443.4535
1806.515 443.3231
1806.492 443.1854
1806.491 443.097
1806.501 443.0228
1806.482 442.9438
1806.416 442.8463
1806.349 442.7741
1806.24 442.6489
1806.145 442.5728
1806.041 442.5215
1806.02 442.5059
1806.026 442.5023
1806.069 442.5179
1806.067 442.5428
1806.041 442.5861
1806.003 442.6677
1805.976 442.7396
1805.904 442.8048
1805.807 442.89
1805.718 443.0106
1805.624 443.1302
1805.549 443.222
1805.459 443.2581
1805.318 443.2972
1805.186 443.3143
1805.059 443.3195
1804.946 443.2975
1804.858 443.2827
1804.785 443.2777
1804.724 443.2347
1804.729 443.1782
1804.738 443.0991
1804.776 442.9984
1804.816 442.9245
1804.877 442.8314
1804.905 442.7495
1804.936 442.6751
1805.026 442.5867
1805.08 442.5229
1805.082 442.4727
1805.023 442.4012
1804.912 442.3926
1804.733 442.3947
1804.485 442.4456
1804.227 442.5137
1803.758 442.6595
1803.321 442.7914
1802.803 442.8901
1802.182 442.9933
1801.657 443.0957
1801.148 443.2259
1800.403 443.3914
1799.769 443.488
1799.215 443.5408
1798.588 443.5978
1797.953 443.6371
1797.278 443.6268
1796.479 443.5594
1795.847 443.4819
1795.041 443.3841
1794.252 443.2972
1793.391 443.1953
1792.323 443.0355
1791.363 442.8444
1790.406 442.666
1788.605 442.4204
1786.996 442.2305
1785.508 442.0578
1783.34 441.8117
1781.766 441.6296
1778.76 441.3625
1776.496 441.1841
1774.46 441.0161
1771.584 440.8237
1769.135 440.6841
1766.209 440.5228
1763.825 440.3625
1761.44 440.2049
1758.409 440.0269
1755.743 439.9173
1753.018 439.8411
1749.023 439.7166
1745.951 439.6003
1743.061 439.5089
1739.093 439.4053
1735.925 439.3132
1731.967 439.2041
1728.632 439.1169
1725.757 439.0594
1721.56 438.9909
1717.882 438.9212
1715.082 438.8752
1710.607 438.7914
1707.228 438.7575
1703.906 438.7137
1699.792 438.6795
1696.993 438.6525
1693.314 438.6151
1689.297 438.5255
1685.713 438.4092
1681.177 438.299
1677.557 438.1863
1673.778 438.0433
1668.757 437.8384
1664.486 437.7155
1660.446 437.5868
1655.392 437.4266
1651.009 437.2586
1646.813 437.0856
1640.859 436.8895
1636.635 436.7148
1631.929 436.4832
1627.719 436.2697
1623.563 436.0804
1619.101 435.9274
1614.877 435.8161
1611.045 435.683
1605.743 435.4645
1601.611 435.2552
1597.659 435.0897
1592.172 434.79
1588.688 434.5609
1583.078 434.2289
1578.445 433.9771
1574.752 433.7982
1569.001 433.4834
1564.703 433.2762
1560.426 433.0671
1555.649 432.9045
1550.698 432.71
1546.384 432.5544
1541.166 432.4007
1536.745 432.3252
1530.878 432.3356
1526.516 432.386
1522.595 432.4944
1517.673 432.6475
1512.624 432.8374
1508.241 432.9897
1503.302 433.201
1498.547 433.4266
1494.278 433.6299
1488.78 433.8756
1485.001 434.0724
1479.989 434.3311
1475.578 434.5729
1471.397 434.7586
1466.041 434.9769
1461.594 435.168
1457.642 435.3263
1452.448 435.5272
1448.211 435.6641
1444.268 435.7676
1440.004 435.8159
1436.11 435.7879
1432.513 435.7153
1428.14 435.6122
1424.678 435.52
1420.133 435.4066
1416.544 435.3413
1413.074 435.3226
1408.456 435.3519
1404.479 435.4015
1400.804 435.4839
1396.47 435.654
1392.089 435.8659
1387.991 436.1118
1382.875 436.4155
1379.259 436.6732
1374.728 436.9836
1371.002 437.1986
1367.319 437.3717
1362.902 437.5874
1359.588 437.7728
1356.176 437.9165
1352.293 437.9894
1830.95 441.5117
1830.369 441.4492
1829.864 441.3618
1829.344 441.2565
1828.788 441.0807
1828.345 440.8643
1827.896 440.6424
1827.264 440.3548
1826.802 440.1416
1826.29 439.929
1825.876 439.8006
1825.455 439.6797
1824.859 439.5143
1824.413 439.4111
1823.997 439.32
1823.446 439.2588
1823.002 439.2508
1822.594 439.2705
1822.102 439.3442
1821.668 439.4312
1821.149 439.5651
1820.666 439.6997
1820.184 439.8342
1819.765 440.0373
1819.323 440.1636
1818.824 440.2808
1818.232 440.3904
1817.819 440.4875
1817.48 440.5729
1816.986 440.6668
1816.552 440.721
1815.936 440.8065
1815.404 440.9005
1814.857 441.0072
1814.285 441.1214
1813.884 441.2117
1813.47 441.3146
1812.911 441.4284
1812.488 441.4879
1812.121 441.5381
1811.777 441.6061
1811.59 441.6569
1811.459 441.7189
1811.398 441.8014
1811.312 441.8984
1811.23 442.0296
1811.276 442.0692
1811.381 442.0856
1811.591 442.0739
1811.792 442.0646
1811.926 442.0598
1812.14 442.0381
1812.357 442.0119
1812.581 442.0018
1812.733 441.9852
1812.845 441.9699
1812.92 441.9106
1812.937 441.8325
1812.968 441.7705
1813.07 441.7047
1813.132 441.6351
1813.2 441.5298
1813.311 441.3903
1813.44 441.2849
1813.555 441.2106
1813.77 441.1393
1813.943 441.125
1814.237 441.1396
1814.459 441.1416
1814.626 441.124
1814.795 441.0815
1814.928 441.0101
1815.028 440.9432
1815.045 440.9141
1814.974 440.9164
1814.752 440.9331
1814.466 440.9456
1814.187 440.9842
1813.791 441.0641
1813.405 441.1587
1812.942 441.2537
1812.285 441.4254
1811.754 441.6328
1811.347 441.8654
1810.735 442.2306
1810.284 442.4819
1809.813 442.7515
1809.377 442.9976
1808.886 443.2798
1808.297 443.6388
1807.861 443.8918
1807.489 444.1413
1807.051 444.4736
1806.66 444.7634
1806.3 445.0034
1806.021 445.2046
1805.856 445.3324
1805.803 445.4339
1805.772 445.5343
1805.732 445.5802
1805.681 445.5746
1805.62 445.5519
1805.633 445.5513
1805.632 445.5399
1805.551 445.4979
1805.39 445.4155
1805.177 445.3153
1805.056 445.2231
1804.957 445.1255
1804.818 445.0089
1804.691 444.9134
1804.624 444.7983
1804.686 444.6344
1804.767 444.5028
1804.834 444.3675
1804.946 444.2717
1805.164 444.1854
1805.429 444.1056
1805.586 444.0514
1805.747 443.9735
1806.025 443.8288
1806.296 443.7035
1806.464 443.5903
1806.534 443.4535
1806.515 443.3231
1806.492 443.1854
1806.491 443.097
1806.501 443.0228
1806.482 442.9438
1806.416 442.8463
1806.349 442.7741
1806.24 442.6489
1806.145 442.5728
1806.041 442.5215
1806.02 442.5059
1806.026 442.5023
1806.069 442.5179
1806.067 442.5428
1806.041 442.5861
1806.003 442.6677
1805.976 442.7396
1805.904 442.8048
1805.807 442.89
1805.718 443.0106
1805.624 443.1302
1805.549 443.222
1805.459 443.2581
1805.318 443.2972
1805.186 443.3143
1805.059 443.3195
1804.946 443.2975
1804.858 443.2827
1804.785 443.2777
1804.724 443.2347
1804.729 443.1782
1804.738 443.0991
1804.776 442.9984
1804.816 442.9245
1804.877 442.8314
1804.905 442.7495
1804.936 442.6751
1805.026 442.5867
1805.08 442.5229
1805.082 442.4727
1805.023 442.4012
1804.912 442.3926
1804.733 442.3947
1804.485 442.4456
1804.227 442.5137
1803.758 442.6595
1803.321 442.7914
1802.803 442.8901
1802.182 442.9933
1801.657 443.0957
1801.148 443.2259
1800.403 443.3914
1799.769 443.488
1799.215 443.5408
1798.588 443.5978
1797.953 443.6371
1797.278 443.6268
1796.479 443.5594
1795.847 443.4819
1795.041 443.3841
1794.252 443.2972
1793.391 443.1953
1792.323 443.0355
1791.363 442.8444
1790.406 442.666
1788.605 442.4204
1786.996 442.2305
1785.508 442.0578
1783.34 441.8117
1781.766 441.6296
1778.76 441.3625
1776.496 441.1841
1774.46 441.0161
1771.584 440.8237
1769.135 440.6841
1766.209 440.5228
1763.825 440.3625
1761.44 440.2049
1758.409 440.0269
1755.743 439.9173
1753.018 439.8411
1749.023 439.7166
1745.951 439.6003
1743.061 439.5089
1739.093 439.4053
1735.925 439.3132
1731.967 439.2041
1728.632 439.1169
1725.757 439.0594
1721.56 438.9909
1717.882 438.9212
1715.082 438.8752
1710.607 438.7914
1707.228 438.7575
1703.906 438.7137
1699.792 438.6795
1696.993 438.6525
1693.314 438.6151
1689.297 438.5255
1685.713 438.4092
1681.177 438.299
1677.557 438.1863
1673.778 438.0433
1668.757 437.8384
1664.486 437.7155
1660.446 437.5868
1655.392 437.4266
1651.009 437.2586
1646.813 437.0856
1640.859 436.8895
1636.635 436.7148
1631.929 436.4832
1627.719 436.2697
1623.563 436.0804
1619.101 435.9274
1614.877 435.8161
1611.045 435.683
1605.743 435.4645
1601.611 435.2552
1597.659 435.0897
1592.172 434.79
1588.688 434.5609
1583.078 434.2289
1578.445 433.9771
1574.752 433.7982
1569.001 433.4834
1564.703 433.2762
1560.426 433.0671
1555.649 432.9045
1550.698 432.71
1546.384 432.5544
1541.166 432.4007
1536.745 432.3252
1530.878 432.3356
1526.516 432.386
1522.595 432.4944
1517.673 432.6475
1512.624 432.8374
1508.241 432.9897
1503.302 433.201
1498.547 433.4266
1494.278 433.6299
1488.78 433.8756
1485.001 434.0724
1479.989 434.3311
1475.578 434.5729
1471.397 434.7586
1466.041 434.9769
1461.594 435.168
1457.642 435.3263
1452.448 435.5272
1448.211 435.6641
1444.268 435.7676
1440.004 435.8159
1436.11 435.7879
1432.513 435.7153
1428.14 435.6122
1424.678 435.52
1420.133 435.4066
1416.544 435.3413
1413.074 435.3226
1408.456 435.3519
1404.479 435.4015
1400.804 435.4839
1396.47 435.654
1392.089 435.8659
1387.991 436.1118
1382.875 436.4155
1379.259 436.6732
1374.728 436.9836
1371.002 437.1986
1367.319 437.3717
1362.902 437.5874
1359.588 437.7728
1356.176 437.9165
1352.293 437.9894
1349.129 437.9964
1346.082 438.0099
1342.319 438.0853
1339.106 438.1924
1335.796 438.3291
1332.543 438.502
1329.496 438.709
1326.561 438.9901
1323.561 439.3053
1320.447 439.6406
1317.439 439.938
1313.54 440.3029
1308.312 440.696
1304.829 440.8872
1302.405 440.9764
1299.493 441.0638
1297.257 441.1364
1295.411 441.2199
1293.455 441.3765
1291.819 441.563
1290.619 441.752
1289.37 441.9771
1288.289 442.1431
1287.5 442.2248
1286.825 442.277
1286.38 442.2446
1286.005 442.1926
1285.637 442.1487
1285.317 442.1486
1285.091 442.1533
1284.777 442.1507
1284.463 442.0631
1283.926 441.8688
1283.305 441.6378
1282.719 441.4538
1282.05 441.27
1281.512 441.1631
1281.07 441.069
1280.602 440.9676
1280.153 440.8582
1279.836 440.7591
1279.423 440.6144
1279.057 440.4258
1278.796 440.2874
1278.538 440.1457
1278.384 440.1403
1278.311 440.2026
1278.27 440.3058
1278.24 440.381
1278.146 440.4318
1278.151 440.45
1278.216 440.4704
1278.343 440.5735
1278.492 440.7072
1278.619 440.8307
1278.76 440.9341
1278.959 441.0485
1279.239 441.1605
1279.623 441.3052
1279.807 441.3862
1279.915 441.4684
1280.038 441.5591
1280.214 441.6885
1280.482 441.8667
1280.694 442.0653
1280.803 442.224
1280.813 442.4133
1280.782 442.5267
1280.726 442.5962
1280.694 442.6574
1280.601 442.7056
1280.469 442.7591
1280.326 442.825
1280.277 442.9014
1280.339 443.0182
1280.498 443.2028
1280.619 443.3797
1280.717 443.5801
1280.799 443.8202
1280.933 444.0587
1281.146 444.2747
1281.334 444.3802
1281.47 444.4188
1281.519 444.3755
1281.496 444.2977
1281.503 444.23
1281.577 444.2015
1281.625 444.2528
1281.679 444.3303
1281.698 444.4484
1281.664 444.6444
1281.608 444.8459
1281.492 445.0778
1281.385 445.1903
1281.273 445.3086
1281.239 445.4191
1281.173 445.5388
1281.038 445.7002
1280.879 445.7813
1280.755 445.8055
1280.66 445.8112
1280.577 445.791
1280.486 445.7741
1280.319 445.8001
1280.171 445.826
1280.03 445.8044
1279.839 445.7275
1279.692 445.6193
1279.561 445.4279
1279.448 445.2391
1279.347 445.0513
1279.231 444.8615
1279.103 444.6956
1278.953 444.5265
1278.759 444.324
1278.613 444.1766
1278.456 444.0153
1278.252 443.7456
1278.107 443.5412
1278.007 443.3586
1277.924 443.1872
1277.852 443.0607
1277.756 442.9297
1277.657 442.8104
1277.578 442.7144
1277.495 442.6396
1277.398 442.605
1277.274 442.5939
1277.139 442.5924
1277.048 442.5975
1276.962 442.6263
1276.868 442.7005
1276.804 442.7694
1276.773 442.8117
1276.698 442.8431
1276.571 442.8913
1276.488 442.9471
1276.449 443.0469
1276.434 443.1733
1276.405 443.2926
1276.25 443.4658
1276.086 443.568
1275.933 443.6592
1275.839 443.7097
1275.746 443.7593
1275.658 443.8188
1275.463 443.9001
1275.333 443.9689
1275.179 444.0711
1275.025 444.1642
1274.855 444.2609
1274.578 444.3615
1274.36 444.4276
1274.016 444.5174
1273.742 444.6144
1273.576 444.7083
1273.434 444.8159
1273.358 444.8729
1273.296 444.9022
1273.2 444.8947
1273.146 444.8485
1273.114 444.8078
1273.12 444.758
1273.142 444.7298
1273.105 444.6677
1273.022 444.6016
1272.927 444.5226
1272.794 444.4669
1272.648 444.4222
1272.506 444.3997
1272.338 444.373
1272.134 444.3419
1271.951 444.3213
1271.681 444.2808
1271.476 444.2791
1271.349 444.319
1271.185 444.3856
1271.027 444.4214
1270.838 444.5174
1270.774 444.6205
1270.758 444.6937
1270.613 444.7274
1270.496 444.7254
1270.449 444.757
1270.603 444.841
1270.739 444.952
1270.823 445.0942
1270.824 445.1849
1270.833 445.2407
1270.902 445.3115
1271.015 445.3711
1271.117 445.3989
1271.195 445.3973
1271.217 445.3958
1271.235 445.4059
1271.27 445.4718
1271.294 445.5399
1271.271 445.5778
1271.177 445.6149
1271.072 445.668
1270.947 445.7609
1270.912 445.8646
1270.895 445.9681
1270.9 446.0607
1270.876 446.1161
1270.87 446.133
1270.898 446.1317
1270.981 446.1226
1271.03 446.1073
1271.026 446.0558
1270.945 446.0093
1270.853 445.949
1270.805 445.9081
1270.777 445.8452
1270.692 445.7303
1270.603 445.6419
1270.544 445.5659
1270.485 445.4873
1270.437 445.4201
1270.4 445.3651
1270.321 445.3252
1270.265 445.305
1270.208 445.3232
1270.134 445.3966
1270.069 445.4686
1269.997 445.541
1269.96 445.5895
1269.936 445.6232
1269.907 445.6636
1269.923 445.7371
1270.004 445.8327
1270.136 445.949
1270.19 446.0705
1270.24 446.2057
1270.26 446.3924
1270.247 446.5435
1270.216 446.6916
1270.204 446.8275
1270.186 446.9481
1270.151 447.0449
1270.054 447.1213
1269.887 447.1733
1269.637 447.2217
1269.435 447.2414
1269.241 447.237
1268.979 447.1851
1268.77 447.1268
1268.568 447.0339
1268.316 446.916
1268.11 446.8135
1267.93 446.7112
1267.75 446.5788
1267.59 446.4505
1267.37 446.3237
1267.171 446.2109
1266.982 446.1665
1266.778 446.215
1266.531 446.3367
1266.315 446.4308
1265.982 446.5524
1265.682 446.6289
1265.436 446.6763
1265.265 446.6937
1265.183 446.6888
1265.213 446.6934
1265.327 446.7129
1265.526 446.7329
1265.686 446.7526
1265.957 446.7248
1266.108 446.6808
1266.299 446.5926
1266.487 446.4997
1266.617 446.4128
1266.769 446.3125
1266.862 446.2179
1266.879 446.1491
1266.834 446.0785
1266.783 446.0503
1266.781 446.0475
1266.812 446.048
1266.853 446.0526
1266.901 446.049
1266.976 446.0435
1267.065 446.0226
1267.235 445.9992
1267.451 445.9785
1267.629 445.9582
1267.79 445.9289
1267.892 445.8968
1267.917 445.8748
1267.883 445.8694
1267.771 445.8651
1267.622 445.8512
1267.228 445.8047
1266.924 445.7563
1266.512 445.7106
1266.133 445.6714
1265.774 445.606
1265.402 445.514
1265.034 445.4046
1349.129 437.9964
1346.082 438.0099
1342.319 438.0853
1339.106 438.1924
1335.796 438.3291
1332.543 438.502
1329.496 438.709
1326.561 438.9901
1323.561 439.3053
1320.447 439.6406
1317.439 439.938
1313.54 440.3029
1308.312 440.696
1304.829 440.8872
1302.405 440.9764
1299.493 441.0638
1297.257 441.1364
1295.411 441.2199
1293.455 441.3765
1291.819 441.563
1290.619 441.752
1289.37 441.9771
1288.289 442.1431
1287.5 442.2248
1286.825 442.277
1286.38 442.2446
1286.005 442.1926
1285.637 442.1487
1285.317 442.1486
1285.091 442.1533
1284.777 442.1507
1284.463 442.0631
1283.926 441.8688
1283.305 441.6378
1282.719 441.4538
1282.05 441.27
1281.512 441.1631
1281.07 441.069
1280.602 440.9676
1280.153 440.8582
1279.836 440.7591
1279.423 440.6144
1279.057 440.4258
1278.796 440.2874
1278.538 440.1457
1278.384 440.1403
1278.311 440.2026
1278.27 440.3058
1278.24 440.381
1278.146 440.4318
1278.151 440.45
1278.216 440.4704
1278.343 440.5735
1278.492 440.7072
1278.619 440.8307
1278.76 440.9341
1278.959 441.0485
1279.239 441.1605
1279.623 441.3052
1279.807 441.3862
1279.915 441.4684
1280.038 441.5591
1280.214 441.6885
1280.482 441.8667
1280.694 442.0653
1280.803 442.224
1280.813 442.4133
1280.782 442.5267
1280.726 442.5962
1280.694 442.6574
1280.601 442.7056
1280.469 442.7591
1280.326 442.825
1280.277 442.9014
1280.339 443.0182
1280.498 443.2028
1280.619 443.3797
1280.717 443.5801
1280.799 443.8202
1280.933 444.0587
1281.146 444.2747
1281.334 444.3802
1281.47 444.4188
1281.519 444.3755
1281.496 444.2977
1281.503 444.23
1281.577 444.2015
1281.625 444.2528
1281.679 444.3303
1281.698 444.4484
1281.664 444.6444
1281.608 444.8459
1281.492 445.0778
1281.385 445.1903
1281.273 445.3086
1281.239 445.4191
1281.173 445.5388
1281.038 445.7002
1280.879 445.7813
1280.755 445.8055
1280.66 445.8112
1280.577 445.791
1280.486 445.7741
1280.319 445.8001
1280.171 445.826
1280.03 445.8044
1279.839 445.7275
1279.692 445.6193
1279.561 445.4279
1279.448 445.2391
1279.347 445.0513
1279.231 444.8615
1279.103 444.6956
1278.953 444.5265
1278.759 444.324
1278.613 444.1766
1278.456 444.0153
1278.252 443.7456
1278.107 443.5412
1278.007 443.3586
1277.924 443.1872
1277.852 443.0607
1277.756 442.9297
1277.657 442.8104
1277.578 442.7144
1277.495 442.6396
1277.398 442.605
1277.274 442.5939
1277.139 442.5924
1277.048 442.5975
1276.962 442.6263
1276.868 442.7005
1276.804 442.7694
1276.773 442.8117
1276.698 442.8431
1276.571 442.8913
1276.488 442.9471
1276.449 443.0469
1276.434 443.1733
1276.405 443.2926
1276.25 443.4658
1276.086 443.568
1275.933 443.6592
1275.839 443.7097
1275.746 443.7593
1275.658 443.8188
1275.463 443.9001
1275.333 443.9689
1275.179 444.0711
1275.025 444.1642
1274.855 444.2609
1274.578 444.3615
1274.36 444.4276
1274.016 444.5174
1273.742 444.6144
1273.576 444.7083
1273.434 444.8159
1273.358 444.8729
1273.296 444.9022
1273.2 444.8947
1273.146 444.8485
1273.114 444.8078
1273.12 444.758
1273.142 444.7298
1273.105 444.6677
1273.022 444.6016
1272.927 444.5226
1272.794 444.4669
1272.648 444.4222
1272.506 444.3997
1272.338 444.373
1272.134 444.3419
1271.951 444.3213
1271.681 444.2808
1271.476 444.2791
1271.349 444.319
1271.185 444.3856
1271.027 444.4214
1270.838 444.5174
1270.774 444.6205
1270.758 444.6937
1270.613 444.7274
1270.496 444.7254
1270.449 444.757
1270.603 444.841
1270.739 444.952
1270.823 445.0942
1270.824 445.1849
1270.833 445.2407
1270.902 445.3115
1271.015 445.3711
1271.117 445.3989
1271.195 445.3973
1271.217 445.3958
1271.235 445.4059
1271.27 445.4718
1271.294 445.5399
1271.271 445.5778
1271.177 445.6149
1271.072 445.668
1270.947 445.7609
1270.912 445.8646
1270.895 445.9681
1270.9 446.0607
1270.876 446.1161
1270.87 446.133
1270.898 446.1317
1270.981 446.1226
1271.03 446.1073
1271.026 446.0558
1270.945 446.0093
1270.853 445.949
1270.805 445.9081
1270.777 445.8452
1270.692 445.7303
1270.603 445.6419
1270.544 445.5659
1270.485 445.4873
1270.437 445.4201
1270.4 445.3651
1270.321 445.3252
1270.265 445.305
1270.208 445.3232
1270.134 445.3966
1270.069 445.4686
1269.997 445.541
1269.96 445.5895
1269.936 445.6232
1269.907 445.6636
1269.923 445.7371
1270.004 445.8327
1270.136 445.949
1270.19 446.0705
1270.24 446.2057
1270.26 446.3924
1270.247 446.5435
1270.216 446.6916
1270.204 446.8275
1270.186 446.9481
1270.151 447.0449
1270.054 447.1213
1269.887 447.1733
1269.637 447.2217
1269.435 447.2414
1269.241 447.237
1268.979 447.1851
1268.77 447.1268
1268.568 447.0339
1268.316 446.916
1268.11 446.8135
1267.93 446.7112
1267.75 446.5788
1267.59 446.4505
1267.37 446.3237
1267.171 446.2109
1266.982 446.1665
1266.778 446.215
1266.531 446.3367
1266.315 446.4308
1265.982 446.5524
1265.682 446.6289
1265.436 446.6763
1265.265 446.6937
1265.183 446.6888
1265.213 446.6934
1265.327 446.7129
1265.526 446.7329
1265.686 446.7526
1265.957 446.7248
1266.108 446.6808
1266.299 446.5926
1266.487 446.4997
1266.617 446.4128
1266.769 446.3125
1266.862 446.2179
1266.879 446.1491
1266.834 446.0785
1266.783 446.0503
1266.781 446.0475
1266.812 446.048
1266.853 446.0526
1266.901 446.049
1266.976 446.0435
1267.065 446.0226
1267.235 445.9992
1267.451 445.9785
1267.629 445.9582
1267.79 445.9289
1267.892 445.8968
1267.917 445.8748
1267.883 445.8694
1267.771 445.8651
1267.622 445.8512
1267.228 445.8047
1266.924 445.7563
1266.512 445.7106
1266.133 445.6714
1265.774 445.606
1265.402 445.514
1265.034 445.4046
1264.726 445.3123
1264.312 445.2269
1264.031 445.2202
1263.821 445.2303
1263.513 445.264
1263.33 445.2983
1263.169 445.3289
1262.999 445.3374
1262.892 445.3262
1262.809 445.3062
1262.798 445.2959
1262.788 445.2844
1262.829 445.2948
1262.877 445.3398
1262.981 445.4092
1263.051 445.5018
1263.097 445.5581
1263.157 445.576
1263.279 445.5638
1263.38 445.519
1263.534 445.4446
1263.689 445.3813
1263.783 445.3208
1263.847 445.2575
1263.834 445.2233
1263.825 445.1986
1263.789 445.1595
1263.751 445.1229
1263.701 445.0913
1263.624 445.0858
1263.55 445.0925
1263.526 445.0752
1263.514 445.0127
1263.579 444.9559
1263.651 444.8776
1263.674 444.8048
1263.682 444.7578
1263.711 444.7502
1263.792 444.7749
1263.835 444.8263
1263.822 444.9147
1263.757 444.9922
1263.713 445.0563
1263.711 445.1387
1263.744 445.2127
1263.794 445.2801
1263.847 445.3462
1263.868 445.4152
1263.925 445.5063
1263.992 445.6187
1264.073 445.7275
1264.141 445.82
1264.154 445.8952
1264.088 446.0942
1263.949 446.2516
1263.741 446.377
1263.557 446.4429
1263.349 446.492
1263.144 446.5295
1263.01 446.5491
1262.849 446.5343
1262.702 446.5304
1262.582 446.5349
1262.517 446.5566
1262.567 446.5866
1262.685 446.6203
1262.86 446.6504
1263.071 446.6564
1263.315 446.6505
1263.625 446.6174
1263.933 446.5765
1264.22 446.5225
1264.515 446.4391
1264.684 446.3568
1264.788 446.2731
1264.842 446.1546
1264.86 446.057
1264.81 445.9219
1264.717 445.803
1264.595 445.7033
1264.418 445.6001
1264.291 445.516
1264.17 445.4403
1264.021 445.3796
1263.95 445.3595
1263.851 445.3579
1263.685 445.3553
1263.517 445.3735
1263.353 445.415
1263.197 445.4893
1263.113 445.5739
1262.956 445.7064
1262.868 445.8416
1262.794 445.9976
1262.706 446.2199
1262.632 446.4323
1262.6 446.6289
1262.697 446.8739
1262.885 447.0918
1263.174 447.3652
1263.649 447.7638
1264.12 448.1426
1264.715 448.593
1265.688 449.3145
1266.636 449.9657
1267.851 450.734
1268.935 451.4541
1270.042 452.1698
1271.75 453.2752
1273.141 454.1126
1274.49 454.8086
1276.752 455.6608
1278.346 456.1323
1280.58 456.6108
1282.765 456.9839
1285.339 457.3045
1288.948 457.5558
1292.099 457.6317
1295.324 457.6078
1299.482 457.4745
1302.805 457.2772
1306.256 456.9836
1310.917 456.4056
1314.963 455.7453
1319.886 454.9888
1324.368 454.3939
1328.62 453.7926
1333.712 452.8752
1337.745 452.069
1341.832 451.3475
1348.269 450.6325
1353.243 450.4074
1358.182 450.2764
1363.141 450.111
1367.282 449.9653
1371.915 449.8528
1375.95 449.9243
1379.942 450.1302
1385.437 450.4955
1389.352 450.79
1392.815 451.1378
1396.363 451.6948
1398.358 452.4476
1399.678 453.3611
1400.406 454.6776
1400.241 455.9572
1399.483 457.3779
1397.966 459.134
1396.022 460.7801
1393.809 462.2843
1389.614 464.4696
1384.642 466.5249
1379.195 468.4766
1373.874 470.3415
1369.054 472.1258
1363.732 474.2578
1359.274 475.984
1355.27 477.4614
1350.548 479.0882
1346.875 480.524
1343.905 481.8945
1340.682 483.5929
1338.229 484.8242
1336.521 485.5207
1335.212 485.8023
1334.42 485.8495
1334.023 485.8509
1333.632 485.8595
1333.024 485.4586
1332.575 484.5568
1331.573 482.8855
1330.297 481.1297
1328.944 479.3771
1327.271 477.2593
1325.607 475.5879
1323.487 474.1431
1320.713 472.8973
1317.07 471.6042
1312.927 470.2344
1308.378 468.6772
1300.933 465.9175
1296.226 464.1323
1291.771 462.5376
1282.237 459.2632
1275.97 457.0504
1272.214 455.6341
1264.702 452.7635
1260.492 451.3397
1255.772 449.8581
1252.105 449.0558
1248.048 449.5596
1243.404 451.9048
1241.208 454.8882
1239.671 457.8975
1237.199 461.2842
1235.54 463.189
1234.083 465.3822
1233.368 467.4701
1233.053 469.8638
1233.083 473.5617
1233.49 476.0836
1234.173 478.4043
1235.441 480.7446
1236.775 481.3596
1238.428 481.0247
1239.448 480.7182
1240.019 480.6226
1240.121 480.866
1240.029 481.2659
1240.798 482.0507
1242.724 483.1265
1244.479 483.8658
1245.789 484.7017
1245.712 484.3785
1244.222 483.9467
1242.731 484.2601
1242.526 484.29
1242.803 484.0217
1243.048 483.9496
1243.12 484.0665
1243.134 484.3252
1243.629 484.5395
1244.428 484.703
1245.002 484.875
1245.308 485.4271
1244.948 484.7239
1245.068 483.8599
1246.554 483.3419
1248.876 482.5161
1249.845 482.2253
1249.887 482.1219
1249.4 482.0957
1249.085 481.9617
1248.585 481.8469
1247.734 481.762
1247.027 481.6894
1246.385 481.6686
1246.514 481.6398
1246.717 481.7101
1246.824 481.779
1246.901 481.8084
1246.879 481.7542
1246.884 481.5906
1246.941 481.4283
1247.131 481.2357
1247.483 480.9218
1247.838 480.635
1248.224 480.4724
1248.464 480.2951
1248.635 480.0906
1248.699 479.8578
1248.543 479.6349
1248.332 479.3678
1248.15 479.1188
1248.144 478.9727
1248.243 478.8991
1248.417 479.0146
1248.472 479.3128
1248.496 479.6271
1248.543 479.8919
1248.551 480.0981
1248.447 480.2144
1248.321 480.2146
1248.169 480.1402
1247.96 479.9404
1247.929 479.6343
1247.891 479.2223
1247.975 478.5288
1247.886 477.8861
1247.734 477.5095
1247.584 477.2835
1247.483 477.2166
1247.477 477.2879
1247.426 477.4613
1247.323 477.5898
1247.269 477.6461
1247.454 477.7702
1247.669 478.2467
1247.947 478.5804
1248.004 479.0601
1247.718 479.3827
1247.498 479.5895
1247.21 479.7926
1247.239 479.8119
1247.667 479.433
1247.784 479.0861
1247.509 478.9505
1247.12 478.7658
1247.17 478.7794
1247.316 478.9362
1247.282 479.0885
1247.276 479.1567
1247.286 479.14
1247.241 479.0744
1247.231 479.0402
1247.271 479.0178
1247.309 479.0266
1247.298 479.0791
1247.248 479.1156
1247.293 479.0967
1264.726 445.3123
1264.312 445.2269
1264.031 445.2202
1263.821 445.2303
1263.513 445.264
1263.33 445.2983
1263.169 445.3289
1262.999 445.3374
1262.892 445.3262
1262.809 445.3062
1262.798 445.2959
1262.788 445.2844
1262.829 445.2948
1262.877 445.3398
1262.981 445.4092
1263.051 445.5018
1263.097 445.5581
1263.157 445.576
1263.279 445.5638
1263.38 445.519
1263.534 445.4446
1263.689 445.3813
1263.783 445.3208
1263.847 445.2575
1263.834 445.2233
1263.825 445.1986
1263.789 445.1595
1263.751 445.1229
1263.701 445.0913
1263.624 445.0858
1263.55 445.0925
1263.526 445.0752
1263.514 445.0127
1263.579 444.9559
1263.651 444.8776
1263.674 444.8048
1263.682 444.7578
1263.711 444.7502
1263.792 444.7749
1263.835 444.8263
1263.822 444.9147
1263.757 444.9922
1263.713 445.0563
1263.711 445.1387
1263.744 445.2127
1263.794 445.2801
1263.847 445.3462
1263.868 445.4152
1263.925 445.5063
1263.992 445.6187
1264.073 445.7275
1264.141 445.82
1264.154 445.8952
1264.088 446.0942
1263.949 446.2516
1263.741 446.377
1263.557 446.4429
1263.349 446.492
1263.144 446.5295
1263.01 446.5491
1262.849 446.5343
1262.702 446.5304
1262.582 446.5349
1262.517 446.5566
1262.567 446.5866
1262.685 446.6203
1262.86 446.6504
1263.071 446.6564
1263.315 446.6505
1263.625 446.6174
1263.933 446.5765
1264.22 446.5225
1264.515 446.4391
1264.684 446.3568
1264.788 446.2731
1264.842 446.1546
1264.86 446.057
1264.81 445.9219
1264.717 445.803
1264.595 445.7033
1264.418 445.6001
1264.291 445.516
1264.17 445.4403
1264.021 445.3796
1263.95 445.3595
1263.851 445.3579
1263.685 445.3553
1263.517 445.3735
1263.353 445.415
1263.197 445.4893
1263.113 445.5739
1262.956 445.7064
1262.868 445.8416
1262.794 445.9976
1262.706 446.2199
1262.632 446.4323
1262.6 446.6289
1262.697 446.8739
1262.885 447.0918
1263.174 447.3652
1263.649 447.7638
1264.12 448.1426
1264.715 448.593
1265.688 449.3145
1266.636 449.9657
1267.851 450.734
1268.935 451.4541
1270.042 452.1698
1271.75 453.2752
1273.141 454.1126
1274.49 454.8086
1276.752 455.6608
1278.346 456.1323
1280.58 456.6108
1282.765 456.9839
1285.339 457.3045
1288.948 457.5558
1292.099 457.6317
1295.324 457.6078
1299.482 457.4745
1302.805 457.2772
1306.256 456.9836
1310.917 456.4056
1314.963 455.7453
1319.886 454.9888
1324.368 454.3939
1328.62 453.7926
1333.712 452.8752
1337.745 452.069
1341.832 451.3475
1348.269 450.6325
1353.243 450.4074
1358.182 450.2764
1363.141 450.111
1367.282 449.9653
1371.915 449.8528
1375.95 449.9243
1379.942 450.1302
1385.437 450.4955
1389.352 450.79
1392.815 451.1378
1396.363 451.6948
1398.358 452.4476
1399.678 453.3611
1400.406 454.6776
1400.241 455.9572
1399.483 457.3779
1397.966 459.134
1396.022 460.7801
1393.809 462.2843
1389.614 464.4696
1384.642 466.5249
1379.195 468.4766
1373.874 470.3415
1369.054 472.1258
1363.732 474.2578
1359.274 475.984
1355.27 477.4614
1350.548 479.0882
1346.875 480.524
1343.905 481.8945
1340.682 483.5929
1338.229 484.8242
1336.521 485.5207
1335.212 485.8023
1334.42 485.8495
1334.023 485.8509
1333.632 485.8595
1333.024 485.4586
1332.575 484.5568
1331.573 482.8855
1330.297 481.1297
1328.944 479.3771
1327.271 477.2593
1325.607 475.5879
1323.487 474.1431
1320.713 472.8973
1317.07 471.6042
1312.927 470.2344
1308.378 468.6772
1300.933 465.9175
1296.226 464.1323
1291.771 462.5376
1282.237 459.2632
1275.97 457.0504
1272.214 455.6341
1264.702 452.7635
1260.492 451.3397
1255.772 449.8581
1252.105 449.0558
1248.048 449.5596
1243.404 451.9048
1241.208 454.8882
1239.671 457.8975
1237.199 461.2842
1235.54 463.189
1234.083 465.3822
1233.368 467.4701
1233.053 469.8638
1233.083 473.5617
1233.49 476.0836
1234.173 478.4043
1235.441 480.7446
1236.775 481.3596
1238.428 481.0247
1239.448 480.7182
1240.019 480.6226
1240.121 480.866
1240.029 481.2659
1240.798 482.0507
1242.724 483.1265
1244.479 483.8658
1245.789 484.7017
1245.712 484.3785
1244.222 483.9467
1242.731 484.2601
1242.526 484.29
1242.803 484.0217
1243.048 483.9496
1243.12 484.0665
1243.134 484.3252
1243.629 484.5395
1244.428 484.703
1245.002 484.875
1245.308 485.4271
1244.948 484.7239
1245.068 483.8599
1246.554 483.3419
1248.876 482.5161
1249.845 482.2253
1249.887 482.1219
1249.4 482.0957
1249.085 481.9617
1248.585 481.8469
1247.734 481.762
1247.027 481.6894
1246.385 481.6686
1246.514 481.6398
1246.717 481.7101
1246.824 481.779
1246.901 481.8084
1246.879 481.7542
1246.884 481.5906
1246.941 481.4283
1247.131 481.2357
1247.483 480.9218
1247.838 480.635
1248.224 480.4724
1248.464 480.2951
1248.635 480.0906
1248.699 479.8578
1248.543 479.6349
1248.332 479.3678
1248.15 479.1188
1248.144 478.9727
1248.243 478.8991
1248.417 479.0146
1248.472 479.3128
1248.496 479.6271
1248.543 479.8919
1248.551 480.0981
1248.447 480.2144
1248.321 480.2146
1248.169 480.1402
1247.96 479.9404
1247.929 479.6343
1247.891 479.2223
1247.975 478.5288
1247.886 477.8861
1247.734 477.5095
1247.584 477.2835
1247.483 477.2166
1247.477 477.2879
1247.426 477.4613
1247.323 477.5898
1247.269 477.6461
1247.454 477.7702
1247.669 478.2467
1247.947 478.5804
1248.004 479.0601
1247.718 479.3827
1247.498 479.5895
1247.21 479.7926
1247.239 479.8119
1247.667 479.433
1247.784 479.0861
1247.509 478.9505
1247.12 478.7658
1247.17 478.7794
1247.316 478.9362
1247.282 479.0885
1247.276 479.1567
1247.286 479.14
1247.241 479.0744
1247.231 479.0402
1247.271 479.0178
1247.309 479.0266
1247.298 479.0791
1247.248 479.1156
1247.293 479.0967
