1920 480
1920 480
757.502 457.0501
757.5117 457.015
757.5296 457.019
757.5452 456.9976
757.5316 456.9967
757.5527 457.009
757.5107 457.0334
757.5657 457.0006
757.5771 456.9949
757.5886 456.9893
757.596 456.9987
757.6146 456.9891
757.5684 456.9686
757.5023 456.979
757.5771 456.9854
757.5566 457.0003
757.4854 457.0264
757.511 456.9738
757.4941 456.9919
757.6028 456.9865
757.5313 456.9559
757.5195 457.0132
757.5358 456.9779
757.5628 456.9724
757.6286 456.9787
757.5706 456.9969
757.5651 456.9692
757.5332 456.9666
757.4834 456.9813
757.5794 456.9528
757.585 456.9432
757.6667 456.9857
757.6442 457.006
757.5735 456.9823
757.6188 456.9658
757.624 456.9627
757.6159 456.9912
757.7308 456.9381
757.6882 456.9568
757.6035 456.9614
757.6198 456.972
757.6182 456.9821
757.5667 456.9614
757.5459 456.9495
757.6032 456.9461
757.595 456.9609
757.5901 456.9767
757.5967 456.9546
757.5862 456.9665
757.5827 456.9712
757.57 456.971
757.5589 456.9749
757.5928 456.9719
757.6071 456.9749
757.5941 456.9866
757.5791 456.9967
757.5726 456.9927
757.5661 456.9894
757.5681 456.9855
757.5729 456.9813
757.5657 456.981
757.5518 456.9897
757.5755 456.9889
757.556 456.9951
757.5352 457.0024
757.5381 457.0044
757.5355 457.0091
757.5505 457.0036
757.5596 457.002
757.5511 457.0095
757.5602 457.0112
757.5622 457.0202
757.5713 457.0278
757.569 457.0128
757.5755 457.0124
757.5547 457.0107
757.5374 457.0101
757.5342 457.0062
757.5127 457.0179
757.502 457.0101
757.502 457.0099
757.5179 457.005
757.5237 457.0101
757.5029 457.0195
757.4818 457.0252
757.4707 457.0234
757.4538 457.0233
757.4691 457.0229
757.4446 457.034
757.4401 457.0322
757.4343 457.0269
757.4352 457.0228
757.4372 457.0278
757.4492 457.0273
757.4548 457.021
757.4694 457.0231
757.4785 457.0246
757.4968 457.0133
757.5049 457.0038
757.512 456.9958
757.5114 457.0023
757.5186 457.0036
757.5156 457.0015
757.5456 456.986
757.5423 456.9863
757.5257 456.9857
757.528 456.9883
757.5371 456.9914
757.5427 457.0006
757.5716 456.9972
757.5723 456.9836
757.5599 456.9829
757.5554 456.9868
757.5413 456.9922
757.5378 456.9989
757.5495 457.0015
757.5449 456.9995
757.5612 457.0006
757.5452 457.0034
757.5355 457.0003
757.5319 456.9944
757.5576 456.9966
757.5456 456.9933
757.543 456.9937
757.5384 456.9954
757.5527 456.9914
757.5495 456.9868
757.5515 456.9938
757.5804 456.9937
757.5798 456.9938
757.5684 456.9917
757.5866 456.9976
757.6003 457.0026
757.6224 456.9927
757.6478 456.9847
757.668 456.9865
757.6768 456.986
757.6865 456.9766
757.697 456.9702
757.6976 456.9759
757.6956 456.9831
757.6937 456.9855
757.6797 456.9837
757.7097 456.9673
757.707 456.9666
757.7009 456.9691
757.6865 456.9712
757.6917 456.9669
757.72 456.96
757.7292 456.9577
757.7363 456.9531
757.7471 456.9517
757.7513 456.9478
757.7556 456.9434
757.7474 456.9461
757.7653 456.9528
757.7796 456.9567
757.778 456.9573
757.7676 456.9603
757.7559 456.9609
757.7529 456.9626
757.752 456.9629
757.7614 456.9556
757.7839 456.9417
757.7776 456.9349
757.7539 456.9458
757.7581 456.952
757.751 456.9521
757.752 456.9499
757.7383 456.9528
757.7523 456.9565
757.7451 456.957
757.737 456.958
757.7191 456.9557
757.7285 456.9531
757.7298 456.9531
757.7207 456.9609
757.7112 456.9689
757.7087 456.9684
757.666 456.9706
757.6735 456.9593
757.6566 456.9531
757.6426 456.9505
757.6384 456.95
757.6221 456.9556
757.6377 456.9487
757.6575 456.9443
757.6566 456.9417
757.6543 456.9445
757.6494 456.9489
757.6341 456.9491
757.6182 456.9541
757.611 456.9487
757.6055 456.945
757.6247 456.95
757.6282 456.9502
757.6341 456.9474
757.6335 456.958
757.6194 456.9596
757.6204 456.958
757.6263 456.9468
757.626 456.9495
757.6423 456.9414
757.6579 456.9339
757.6566 456.9396
757.6501 456.9409
757.639 456.946
757.6279 456.9455
757.623 456.9533
757.6013 456.9601
757.5892 456.9575
757.57 456.9552
757.5521 456.9564
757.5329 456.958
757.5374 456.95
757.5706 456.9434
757.5501 456.95
757.5403 456.952
757.5632 456.9491
757.5586 456.9543
757.5651 456.9556
757.5759 456.9609
757.5876 456.9706
757.5931 456.9772
757.5944 456.979
757.6107 456.9704
757.6227 456.966
757.6194 456.9606
757.6338 456.9551
757.6338 456.9486
757.6351 456.9492
757.6331 456.9435
757.6335 456.9478
757.6218 456.9509
757.6218 456.9432
757.6253 456.9365
757.6149 456.9411
757.6042 456.9419
757.584 456.9466
757.5886 456.9564
757.6009 456.9509
757.6221 456.9393
757.6227 456.9509
757.6224 456.9604
757.6318 456.9648
757.6429 456.9634
757.6543 456.9565
757.6699 456.9533
757.6774 456.9523
757.6813 456.9598
757.6862 456.9684
757.7093 456.9655
757.7064 456.9658
757.721 456.9694
757.9118 456.9666
760.4743 456.9663
768.9485 456.9696
776.0101 456.9608
781.2002 456.9645
788.0645 456.9606
795.2607 456.9514
802.3181 456.9539
809.9085 456.9619
816.7565 456.9611
824.0388 456.9621
830.6963 456.964
837.848 456.9578
846.2288 456.9509
855.2975 456.9514
861.9958 456.9464
869.0687 456.9438
875.9316 456.9375
883.0042 456.939
890.2946 456.9396
898.8193 456.9414
905.3398 456.9399
912.2982 456.9419
919.707 456.9487
926.8766 456.9464
934.6468 456.9336
941.4951 456.9294
948.6901 456.9354
955.8447 456.9328
962.9142 456.9274
969.917 456.9248
978.8417 456.915
984.9538 456.912
991.3268 456.9123
998.3781 456.9168
1005.375 456.9224
1012.734 456.9209
1020.033 456.9232
1027.028 456.9243
1033.667 456.9305
1041.023 456.9254
1047.989 456.9341
1055.274 456.9453
1062.774 456.9399
1920 480
1920 480
757.502 457.0501
757.5117 457.015
757.5296 457.019
757.5452 456.9976
757.5316 456.9967
757.5527 457.009
757.5107 457.0334
757.5657 457.0006
757.5771 456.9949
757.5886 456.9893
757.596 456.9987
757.6146 456.9891
757.5684 456.9686
757.5023 456.979
757.5771 456.9854
757.5566 457.0003
757.4854 457.0264
757.511 456.9738
757.4941 456.9919
757.6028 456.9865
757.5313 456.9559
757.5195 457.0132
757.5358 456.9779
757.5628 456.9724
757.6286 456.9787
757.5706 456.9969
757.5651 456.9692
757.5332 456.9666
757.4834 456.9813
757.5794 456.9528
757.585 456.9432
757.6667 456.9857
757.6442 457.006
757.5735 456.9823
757.6188 456.9658
757.624 456.9627
757.6159 456.9912
757.7308 456.9381
757.6882 456.9568
757.6035 456.9614
757.6198 456.972
757.6182 456.9821
757.5667 456.9614
757.5459 456.9495
757.6032 456.9461
757.595 456.9609
757.5901 456.9767
757.5967 456.9546
757.5862 456.9665
757.5827 456.9712
757.57 456.971
757.5589 456.9749
757.5928 456.9719
757.6071 456.9749
757.5941 456.9866
757.5791 456.9967
757.5726 456.9927
757.5661 456.9894
757.5681 456.9855
757.5729 456.9813
757.5657 456.981
757.5518 456.9897
757.5755 456.9889
757.556 456.9951
757.5352 457.0024
757.5381 457.0044
757.5355 457.0091
757.5505 457.0036
757.5596 457.002
757.5511 457.0095
757.5602 457.0112
757.5622 457.0202
757.5713 457.0278
757.569 457.0128
757.5755 457.0124
757.5547 457.0107
757.5374 457.0101
757.5342 457.0062
757.5127 457.0179
757.502 457.0101
757.502 457.0099
757.5179 457.005
757.5237 457.0101
757.5029 457.0195
757.4818 457.0252
757.4707 457.0234
757.4538 457.0233
757.4691 457.0229
757.4446 457.034
757.4401 457.0322
757.4343 457.0269
757.4352 457.0228
757.4372 457.0278
757.4492 457.0273
757.4548 457.021
757.4694 457.0231
757.4785 457.0246
757.4968 457.0133
757.5049 457.0038
757.512 456.9958
757.5114 457.0023
757.5186 457.0036
757.5156 457.0015
757.5456 456.986
757.5423 456.9863
757.5257 456.9857
757.528 456.9883
757.5371 456.9914
757.5427 457.0006
757.5716 456.9972
757.5723 456.9836
757.5599 456.9829
757.5554 456.9868
757.5413 456.9922
757.5378 456.9989
757.5495 457.0015
757.5449 456.9995
757.5612 457.0006
757.5452 457.0034
757.5355 457.0003
757.5319 456.9944
757.5576 456.9966
757.5456 456.9933
757.543 456.9937
757.5384 456.9954
757.5527 456.9914
757.5495 456.9868
757.5515 456.9938
757.5804 456.9937
757.5798 456.9938
757.5684 456.9917
757.5866 456.9976
757.6003 457.0026
757.6224 456.9927
757.6478 456.9847
757.668 456.9865
757.6768 456.986
757.6865 456.9766
757.697 456.9702
757.6976 456.9759
757.6956 456.9831
757.6937 456.9855
757.6797 456.9837
757.7097 456.9673
757.707 456.9666
757.7009 456.9691
757.6865 456.9712
757.6917 456.9669
757.72 456.96
757.7292 456.9577
757.7363 456.9531
757.7471 456.9517
757.7513 456.9478
757.7556 456.9434
757.7474 456.9461
757.7653 456.9528
757.7796 456.9567
757.778 456.9573
757.7676 456.9603
757.7559 456.9609
757.7529 456.9626
757.752 456.9629
757.7614 456.9556
757.7839 456.9417
757.7776 456.9349
757.7539 456.9458
757.7581 456.952
757.751 456.9521
757.752 456.9499
757.7383 456.9528
757.7523 456.9565
757.7451 456.957
757.737 456.958
757.7191 456.9557
757.7285 456.9531
757.7298 456.9531
757.7207 456.9609
757.7112 456.9689
757.7087 456.9684
757.666 456.9706
757.6735 456.9593
757.6566 456.9531
757.6426 456.9505
757.6384 456.95
757.6221 456.9556
757.6377 456.9487
757.6575 456.9443
757.6566 456.9417
757.6543 456.9445
757.6494 456.9489
757.6341 456.9491
757.6182 456.9541
757.611 456.9487
757.6055 456.945
757.6247 456.95
757.6282 456.9502
757.6341 456.9474
757.6335 456.958
757.6194 456.9596
757.6204 456.958
757.6263 456.9468
757.626 456.9495
757.6423 456.9414
757.6579 456.9339
757.6566 456.9396
757.6501 456.9409
757.639 456.946
757.6279 456.9455
757.623 456.9533
757.6013 456.9601
757.5892 456.9575
757.57 456.9552
757.5521 456.9564
757.5329 456.958
757.5374 456.95
757.5706 456.9434
757.5501 456.95
757.5403 456.952
757.5632 456.9491
757.5586 456.9543
757.5651 456.9556
757.5759 456.9609
757.5876 456.9706
757.5931 456.9772
757.5944 456.979
757.6107 456.9704
757.6227 456.966
757.6194 456.9606
757.6338 456.9551
757.6338 456.9486
757.6351 456.9492
757.6331 456.9435
757.6335 456.9478
757.6218 456.9509
757.6218 456.9432
757.6253 456.9365
757.6149 456.9411
757.6042 456.9419
757.584 456.9466
757.5886 456.9564
757.6009 456.9509
757.6221 456.9393
757.6227 456.9509
757.6224 456.9604
757.6318 456.9648
757.6429 456.9634
757.6543 456.9565
757.6699 456.9533
757.6774 456.9523
757.6813 456.9598
757.6862 456.9684
757.7093 456.9655
757.7064 456.9658
757.721 456.9694
757.9118 456.9666
760.4743 456.9663
768.9485 456.9696
776.0101 456.9608
781.2002 456.9645
788.0645 456.9606
795.2607 456.9514
802.3181 456.9539
809.9085 456.9619
816.7565 456.9611
824.0388 456.9621
830.6963 456.964
837.848 456.9578
846.2288 456.9509
855.2975 456.9514
861.9958 456.9464
869.0687 456.9438
875.9316 456.9375
883.0042 456.939
890.2946 456.9396
898.8193 456.9414
905.3398 456.9399
912.2982 456.9419
919.707 456.9487
926.8766 456.9464
934.6468 456.9336
941.4951 456.9294
948.6901 456.9354
955.8447 456.9328
962.9142 456.9274
969.917 456.9248
978.8417 456.915
984.9538 456.912
991.3268 456.9123
998.3781 456.9168
1005.375 456.9224
1012.734 456.9209
1020.033 456.9232
1027.028 456.9243
1033.667 456.9305
1041.023 456.9254
1047.989 456.9341
1055.274 456.9453
1062.774 456.9399
1069.999 456.9295
1076.928 456.9256
1083.915 456.932
1090.948 456.9424
1098.167 456.9416
1105.801 456.9431
1112.013 456.9458
1117.132 456.9518
1121.112 456.9648
1124.304 456.9627
1126.657 456.9684
1128.661 456.9764
1130.276 456.9795
1131.73 456.9816
1132.908 456.9922
1133.603 456.986
1133.626 456.9857
1133.637 457.0016
1133.628 457.0111
1133.626 457.0132
1133.629 457.0205
1133.631 457.0223
1133.634 457.021
1133.645 457.0125
1133.663 457.0091
1133.658 457.0096
1133.657 457.0127
1133.637 457.0184
1133.626 457.0095
1133.61 457.0055
1133.612 457.0137
1133.612 457.0153
1133.564 457.0237
1133.532 457.0249
1133.527 457.0205
1133.515 457.0255
1133.513 457.0223
1133.522 457.0166
1133.529 457.0189
1133.511 457.0264
1133.51 457.0178
1133.527 457.0156
1133.544 457.0128
1133.537 457.0029
1133.537 456.9964
1133.542 456.992
1133.528 456.9876
1133.539 456.9762
1133.527 456.9728
1133.521 456.9713
1133.526 456.9748
1133.53 456.9712
1133.538 456.9644
1133.536 456.9627
1133.535 456.9505
1133.528 456.9416
1133.547 456.9381
1133.549 456.933
1133.545 456.9305
1133.555 456.9229
1133.574 456.9159
1133.575 456.9144
1133.584 456.9189
1133.573 456.9214
1133.569 456.9199
1133.578 456.9243
1133.59 456.9292
1133.565 456.9292
1133.534 456.9261
1133.523 456.929
1133.536 456.9222
1133.545 456.9141
1133.557 456.9102
1133.554 456.9133
1133.549 456.9082
1133.551 456.9133
1133.564 456.925
1133.57 456.9269
1133.568 456.9263
1133.553 456.9295
1133.561 456.9274
1133.542 456.9272
1133.532 456.9287
1133.523 456.9375
1133.499 456.9347
1133.514 456.9373
1133.5 456.9391
1133.502 456.9445
1133.51 456.9417
1133.508 456.9388
1133.509 456.9435
1133.513 456.9431
1133.528 456.9416
1133.536 456.938
1133.522 456.9399
1133.526 456.9385
1133.521 456.9378
1133.503 456.9321
1133.527 456.9253
1133.545 456.931
1133.553 456.928
1133.552 456.9199
1133.564 456.9111
1133.567 456.9085
1133.556 456.9025
1133.568 456.9019
1133.598 456.9002
1133.586 456.9014
1133.568 456.8989
1133.817 456.9108
1135.123 456.918
1138.828 456.928
1143.817 456.9212
1149.461 456.9204
1155.238 456.9242
1161.379 456.9383
1166.879 456.9471
1172.156 456.9629
1178.057 456.9588
1183.666 456.9517
1189.636 456.9515
1195.905 456.9531
1202.591 456.9464
1208.761 456.9502
1215.278 456.9447
1221.56 456.9479
1227.518 456.9443
1231.822 456.9368
1233.796 456.9333
1233.793 456.9344
1233.783 456.9289
1233.774 456.9243
1233.776 456.923
1233.767 456.9466
1233.765 456.9547
1233.753 456.9629
1233.77 456.957
1233.769 456.9647
1233.767 456.965
1233.765 456.9622
1233.76 456.9624
1233.76 456.9603
1233.779 456.9624
1233.785 456.9621
1233.778 456.9601
1233.759 456.9583
1233.729 456.9567
1233.715 456.9583
1233.719 456.9557
1233.74 456.9492
1233.74 456.9424
1233.753 456.9416
1233.756 456.9517
1233.77 456.9562
1233.775 456.9598
1233.781 456.9497
1233.784 456.9419
1233.788 456.9383
1233.783 456.9362
1233.787 456.9259
1233.775 456.9271
1233.775 456.9247
1233.77 456.9279
1233.783 456.931
1233.785 456.933
1233.787 456.9395
1233.78 456.9437
1233.756 456.9505
1233.719 456.9539
1233.718 456.9559
1233.711 456.9471
1233.71 456.9406
1233.699 456.9333
1233.689 456.9339
1233.696 456.936
1233.686 456.9448
1233.706 456.9517
1233.717 456.9431
1233.735 456.9331
1233.763 456.9261
1233.803 456.9144
1233.825 456.9063
1233.862 456.9066
1233.874 456.9149
1233.872 456.9146
1233.858 456.9191
1233.855 456.9238
1233.845 456.9271
1233.821 456.9434
1233.807 456.9499
1233.812 456.9442
1233.805 456.9479
1233.803 456.9463
1233.798 456.9414
1233.809 456.9235
1233.822 456.9186
1233.825 456.91
1233.823 456.912
1233.841 456.9116
1233.846 456.9171
1233.842 456.9139
1233.857 456.9188
1233.841 456.9271
1233.845 456.9302
1233.841 456.9355
1233.84 456.932
1233.852 456.9259
1233.838 456.9274
1233.822 456.9248
1233.811 456.9277
1233.801 456.9437
1233.794 456.9504
1233.761 456.9624
1233.732 456.9651
1233.724 456.9684
1233.719 456.9713
1233.697 456.9709
1233.689 456.9717
1233.683 456.9727
1233.7 456.9651
1233.701 456.9608
1233.711 456.9648
1233.718 456.9655
1233.717 456.9587
1233.716 456.9568
1233.692 456.9554
1233.686 456.951
1233.703 456.9437
1233.698 456.9461
1233.696 456.9422
1233.683 456.9375
1233.694 456.9391
1233.696 456.9352
1233.7 456.9272
1233.719 456.9155
1233.742 456.9106
1233.753 456.9069
1233.765 456.9092
1233.755 456.9165
1233.769 456.9199
1233.773 456.9193
1233.797 456.9202
1233.794 456.9171
1233.797 456.923
1233.83 456.9196
1233.849 456.9277
1233.852 456.9342
1233.859 456.9303
1233.861 456.9271
1233.878 456.9277
1233.877 456.9242
1233.881 456.9186
1233.891 456.9186
1233.89 456.9131
1233.897 456.9058
1233.902 456.903
1233.892 456.9103
1233.897 456.9138
1233.912 456.918
1233.892 456.9227
1233.872 456.918
1233.861 456.9152
1233.849 456.9154
1233.814 456.9188
1233.806 456.9165
1233.807 456.9247
1233.81 456.9171
1233.802 456.9183
1233.811 456.911
1233.798 456.9138
1233.8 456.9136
1233.791 456.9259
1233.776 456.9331
1233.769 456.9337
1233.751 456.9351
1233.744 456.937
1233.745 456.9404
1233.755 456.9429
1233.756 456.9419
1233.752 456.951
1233.757 456.9502
1233.759 456.9588
1233.762 456.9701
1233.748 456.9676
1233.738 456.9648
1233.735 456.9622
1233.747 456.9642
1233.765 456.951
1233.769 456.9509
1233.769 456.9552
1233.775 456.9634
1233.796 456.9684
1233.794 456.9666
1233.815 456.9609
1233.811 456.9528
1233.807 456.9595
1233.798 456.9656
1233.771 456.966
1233.761 456.9759
1233.77 456.9836
1069.999 456.9295
1076.928 456.9256
1083.915 456.932
1090.948 456.9424
1098.167 456.9416
1105.801 456.9431
1112.013 456.9458
1117.132 456.9518
1121.112 456.9648
1124.304 456.9627
1126.657 456.9684
1128.661 456.9764
1130.276 456.9795
1131.73 456.9816
1132.908 456.9922
1133.603 456.986
1133.626 456.9857
1133.637 457.0016
1133.628 457.0111
1133.626 457.0132
1133.629 457.0205
1133.631 457.0223
1133.634 457.021
1133.645 457.0125
1133.663 457.0091
1133.658 457.0096
1133.657 457.0127
1133.637 457.0184
1133.626 457.0095
1133.61 457.0055
1133.612 457.0137
1133.612 457.0153
1133.564 457.0237
1133.532 457.0249
1133.527 457.0205
1133.515 457.0255
1133.513 457.0223
1133.522 457.0166
1133.529 457.0189
1133.511 457.0264
1133.51 457.0178
1133.527 457.0156
1133.544 457.0128
1133.537 457.0029
1133.537 456.9964
1133.542 456.992
1133.528 456.9876
1133.539 456.9762
1133.527 456.9728
1133.521 456.9713
1133.526 456.9748
1133.53 456.9712
1133.538 456.9644
1133.536 456.9627
1133.535 456.9505
1133.528 456.9416
1133.547 456.9381
1133.549 456.933
1133.545 456.9305
1133.555 456.9229
1133.574 456.9159
1133.575 456.9144
1133.584 456.9189
1133.573 456.9214
1133.569 456.9199
1133.578 456.9243
1133.59 456.9292
1133.565 456.9292
1133.534 456.9261
1133.523 456.929
1133.536 456.9222
1133.545 456.9141
1133.557 456.9102
1133.554 456.9133
1133.549 456.9082
1133.551 456.9133
1133.564 456.925
1133.57 456.9269
1133.568 456.9263
1133.553 456.9295
1133.561 456.9274
1133.542 456.9272
1133.532 456.9287
1133.523 456.9375
1133.499 456.9347
1133.514 456.9373
1133.5 456.9391
1133.502 456.9445
1133.51 456.9417
1133.508 456.9388
1133.509 456.9435
1133.513 456.9431
1133.528 456.9416
1133.536 456.938
1133.522 456.9399
1133.526 456.9385
1133.521 456.9378
1133.503 456.9321
1133.527 456.9253
1133.545 456.931
1133.553 456.928
1133.552 456.9199
1133.564 456.9111
1133.567 456.9085
1133.556 456.9025
1133.568 456.9019
1133.598 456.9002
1133.586 456.9014
1133.568 456.8989
1133.817 456.9108
1135.123 456.918
1138.828 456.928
1143.817 456.9212
1149.461 456.9204
1155.238 456.9242
1161.379 456.9383
1166.879 456.9471
1172.156 456.9629
1178.057 456.9588
1183.666 456.9517
1189.636 456.9515
1195.905 456.9531
1202.591 456.9464
1208.761 456.9502
1215.278 456.9447
1221.56 456.9479
1227.518 456.9443
1231.822 456.9368
1233.796 456.9333
1233.793 456.9344
1233.783 456.9289
1233.774 456.9243
1233.776 456.923
1233.767 456.9466
1233.765 456.9547
1233.753 456.9629
1233.77 456.957
1233.769 456.9647
1233.767 456.965
1233.765 456.9622
1233.76 456.9624
1233.76 456.9603
1233.779 456.9624
1233.785 456.9621
1233.778 456.9601
1233.759 456.9583
1233.729 456.9567
1233.715 456.9583
1233.719 456.9557
1233.74 456.9492
1233.74 456.9424
1233.753 456.9416
1233.756 456.9517
1233.77 456.9562
1233.775 456.9598
1233.781 456.9497
1233.784 456.9419
1233.788 456.9383
1233.783 456.9362
1233.787 456.9259
1233.775 456.9271
1233.775 456.9247
1233.77 456.9279
1233.783 456.931
1233.785 456.933
1233.787 456.9395
1233.78 456.9437
1233.756 456.9505
1233.719 456.9539
1233.718 456.9559
1233.711 456.9471
1233.71 456.9406
1233.699 456.9333
1233.689 456.9339
1233.696 456.936
1233.686 456.9448
1233.706 456.9517
1233.717 456.9431
1233.735 456.9331
1233.763 456.9261
1233.803 456.9144
1233.825 456.9063
1233.862 456.9066
1233.874 456.9149
1233.872 456.9146
1233.858 456.9191
1233.855 456.9238
1233.845 456.9271
1233.821 456.9434
1233.807 456.9499
1233.812 456.9442
1233.805 456.9479
1233.803 456.9463
1233.798 456.9414
1233.809 456.9235
1233.822 456.9186
1233.825 456.91
1233.823 456.912
1233.841 456.9116
1233.846 456.9171
1233.842 456.9139
1233.857 456.9188
1233.841 456.9271
1233.845 456.9302
1233.841 456.9355
1233.84 456.932
1233.852 456.9259
1233.838 456.9274
1233.822 456.9248
1233.811 456.9277
1233.801 456.9437
1233.794 456.9504
1233.761 456.9624
1233.732 456.9651
1233.724 456.9684
1233.719 456.9713
1233.697 456.9709
1233.689 456.9717
1233.683 456.9727
1233.7 456.9651
1233.701 456.9608
1233.711 456.9648
1233.718 456.9655
1233.717 456.9587
1233.716 456.9568
1233.692 456.9554
1233.686 456.951
1233.703 456.9437
1233.698 456.9461
1233.696 456.9422
1233.683 456.9375
1233.694 456.9391
1233.696 456.9352
1233.7 456.9272
1233.719 456.9155
1233.742 456.9106
1233.753 456.9069
1233.765 456.9092
1233.755 456.9165
1233.769 456.9199
1233.773 456.9193
1233.797 456.9202
1233.794 456.9171
1233.797 456.923
1233.83 456.9196
1233.849 456.9277
1233.852 456.9342
1233.859 456.9303
1233.861 456.9271
1233.878 456.9277
1233.877 456.9242
1233.881 456.9186
1233.891 456.9186
1233.89 456.9131
1233.897 456.9058
1233.902 456.903
1233.892 456.9103
1233.897 456.9138
1233.912 456.918
1233.892 456.9227
1233.872 456.918
1233.861 456.9152
1233.849 456.9154
1233.814 456.9188
1233.806 456.9165
1233.807 456.9247
1233.81 456.9171
1233.802 456.9183
1233.811 456.911
1233.798 456.9138
1233.8 456.9136
1233.791 456.9259
1233.776 456.9331
1233.769 456.9337
1233.751 456.9351
1233.744 456.937
1233.745 456.9404
1233.755 456.9429
1233.756 456.9419
1233.752 456.951
1233.757 456.9502
1233.759 456.9588
1233.762 456.9701
1233.748 456.9676
1233.738 456.9648
1233.735 456.9622
1233.747 456.9642
1233.765 456.951
1233.769 456.9509
1233.769 456.9552
1233.775 456.9634
1233.796 456.9684
1233.794 456.9666
1233.815 456.9609
1233.811 456.9528
1233.807 456.9595
1233.798 456.9656
1233.771 456.966
1233.761 456.9759
1233.77 456.9836
