1920 480
1125.537 462.7547
1125.63 462.8239
1125.608 462.7806
1125.617 462.8115
1125.642 462.7902
1125.641 462.7741
1125.682 462.7886
1125.625 462.7889
1125.721 462.7966
1125.668 462.7671
1125.697 462.7542
1125.643 462.7565
1125.63 462.7534
1125.642 462.757
1125.654 462.736
1125.594 462.755
1125.623 462.7212
1125.684 462.7302
1125.667 462.7581
1125.683 462.7607
1125.756 462.7347
1125.696 462.7809
1125.685 462.7697
1125.738 462.7547
1125.743 462.7764
1125.746 462.7752
1125.821 462.7477
1125.792 462.7716
1125.765 462.7645
1125.726 462.7539
1125.791 462.7651
1125.8 462.7847
1125.755 462.7793
1125.791 462.7692
1125.778 462.8016
1125.768 462.7669
1125.763 462.7666
1125.712 462.7783
1125.734 462.8034
1125.647 462.7869
1125.747 462.7749
1125.726 462.7874
1125.724 462.7852
1125.739 462.7777
1125.757 462.778
1125.751 462.7769
1125.751 462.7744
1125.745 462.776
1125.743 462.7775
1125.738 462.7813
1125.747 462.7952
1125.74 462.8055
1125.739 462.8093
1125.745 462.8133
1125.735 462.8213
1125.737 462.826
1125.746 462.8341
1125.754 462.8389
1125.749 462.8403
1125.732 462.8348
1125.73 462.8366
1125.719 462.8364
1125.725 462.8346
1125.727 462.8255
1125.726 462.8235
1125.713 462.8086
1125.712 462.8037
1125.692 462.8044
1125.719 462.8203
1125.811 462.7889
1125.821 462.7892
1125.856 462.7926
1125.894 462.7767
1125.889 462.7817
1125.881 462.7831
1125.858 462.793
1125.846 462.8027
1125.819 462.8114
1125.79 462.8262
1125.787 462.819
1125.798 462.8076
1125.803 462.8003
1125.783 462.7822
1125.771 462.7708
1125.783 462.7765
1125.776 462.7778
1125.778 462.7879
1125.762 462.7855
1125.762 462.78
1125.762 462.7808
1125.742 462.7742
1125.744 462.7686
1125.746 462.7646
1125.747 462.7673
1125.759 462.7648
1125.762 462.7757
1125.752 462.7751
1125.756 462.77
1125.751 462.7666
1125.765 462.764
1125.773 462.7668
1125.78 462.772
1125.77 462.776
1125.753 462.7783
1125.75 462.7755
1125.742 462.7809
1125.738 462.7741
1125.738 462.7741
1125.729 462.7728
1125.732 462.7682
1125.741 462.7746
1125.747 462.7798
1125.735 462.7773
1125.755 462.7796
1125.768 462.792
1125.758 462.7964
1125.764 462.7962
1125.756 462.7995
1125.743 462.8011
1125.736 462.7987
1125.74 462.7969
1125.718 462.8032
1125.701 462.8083
1125.714 462.8151
1125.729 462.8159
1125.721 462.8181
1125.722 462.8213
1125.708 462.8307
1125.694 462.8336
1125.68 462.8419
1125.688 462.853
1125.71 462.8633
1125.732 462.8608
1125.74 462.8646
1125.742 462.869
1125.754 462.8757
1125.769 462.8734
1125.778 462.8679
1125.785 462.868
1125.776 462.8708
1125.776 462.8646
1125.774 462.8573
1125.77 462.8597
1125.76 462.8629
1125.758 462.8623
1125.757 462.8602
1125.755 462.8516
1125.738 462.8474
1125.738 462.8452
1125.728 462.8467
1125.744 462.8442
1125.745 462.8464
1125.759 462.8469
1125.759 462.8436
1125.754 462.8452
1125.741 462.8558
1125.745 462.8574
1125.74 462.8679
1125.732 462.8742
1125.71 462.8833
1125.712 462.8758
1125.701 462.8688
1125.708 462.8742
1125.724 462.869
1125.723 462.8661
1125.697 462.8607
1125.695 462.8553
1125.692 462.8424
1125.686 462.8322
1125.67 462.8219
1125.656 462.8283
1125.676 462.8249
1125.679 462.824
1125.69 462.8242
1125.677 462.827
1125.658 462.8345
1125.64 462.8348
1125.638 462.8293
1125.635 462.8221
1125.644 462.8224
1125.652 462.826
1125.65 462.8291
1125.664 462.828
1125.677 462.8259
1125.675 462.8341
1125.663 462.8354
1125.673 462.8351
1125.676 462.8371
1125.671 462.8358
1125.672 462.8387
1125.661 462.8407
1125.645 462.8374
1125.634 462.8452
1125.625 462.8516
1125.616 462.8499
1125.615 462.8519
1125.609 462.8537
1125.589 462.8573
1125.578 462.8613
1125.58 462.8584
1125.595 462.8538
1125.588 462.8566
1125.587 462.8636
1125.587 462.8628
1125.592 462.862
1125.599 462.8558
1125.597 462.8527
1125.584 462.8547
1125.577 462.8724
1125.575 462.8727
1125.581 462.8654
1125.586 462.8616
1125.573 462.8644
1125.563 462.8675
1125.56 462.8685
1125.562 462.8647
1125.558 462.8639
1125.554 462.8638
1125.534 462.8629
1125.532 462.859
1125.533 462.8584
1125.536 462.8597
1125.53 462.8566
1125.541 462.8571
1125.539 462.8615
1125.545 462.8616
1125.544 462.8587
1125.546 462.8537
1125.535 462.8545
1125.549 462.8604
1125.568 462.8705
1125.588 462.8615
1125.594 462.8498
1125.608 462.8446
1125.607 462.8419
1125.605 462.8387
1125.589 462.841
1125.596 462.8441
1125.604 462.8454
1125.6 462.8496
1125.593 462.855
1125.614 462.8545
1125.614 462.8522
1125.603 462.8528
1125.606 462.8408
1125.63 462.8345
1125.639 462.8379
1125.66 462.8351
1125.668 462.8299
1125.689 462.8297
1125.679 462.8291
1125.681 462.8235
1125.68 462.8285
1125.694 462.8242
1125.72 462.8244
1125.744 462.8289
1125.744 462.8317
1125.743 462.8268
1125.725 462.835
1125.73 462.838
1125.729 462.8421
1125.733 462.8429
1125.729 462.8499
1125.733 462.8415
1125.735 462.8465
1125.743 462.8488
1125.748 462.8574
1125.748 462.8623
1125.742 462.8611
1125.746 462.8677
1125.766 462.8599
1125.761 462.8638
1125.762 462.8629
1125.75 462.8613
1125.73 462.8683
1125.721 462.8698
1125.72 462.8608
1125.723 462.8519
1125.725 462.8528
1125.735 462.8469
1125.757 462.8485
1125.753 462.8441
1125.74 462.8413
1125.724 462.8424
1125.711 462.8483
1125.701 462.8519
1125.7 462.8587
1125.706 462.8597
1125.704 462.8563
1125.709 462.8434
1125.705 462.8428
1125.7 462.835
1125.721 462.8366
1125.71 462.8403
1125.711 462.841
1125.7 462.8325
1125.691 462.8361
1125.678 462.8366
1125.657 462.8395
1920 480
1125.537 462.7547
1125.63 462.8239
1125.608 462.7806
1125.617 462.8115
1125.642 462.7902
1125.641 462.7741
1125.682 462.7886
1125.625 462.7889
1125.721 462.7966
1125.668 462.7671
1125.697 462.7542
1125.643 462.7565
1125.63 462.7534
1125.642 462.757
1125.654 462.736
1125.594 462.755
1125.623 462.7212
1125.684 462.7302
1125.667 462.7581
1125.683 462.7607
1125.756 462.7347
1125.696 462.7809
1125.685 462.7697
1125.738 462.7547
1125.743 462.7764
1125.746 462.7752
1125.821 462.7477
1125.792 462.7716
1125.765 462.7645
1125.726 462.7539
1125.791 462.7651
1125.8 462.7847
1125.755 462.7793
1125.791 462.7692
1125.778 462.8016
1125.768 462.7669
1125.763 462.7666
1125.712 462.7783
1125.734 462.8034
1125.647 462.7869
1125.747 462.7749
1125.726 462.7874
1125.724 462.7852
1125.739 462.7777
1125.757 462.778
1125.751 462.7769
1125.751 462.7744
1125.745 462.776
1125.743 462.7775
1125.738 462.7813
1125.747 462.7952
1125.74 462.8055
1125.739 462.8093
1125.745 462.8133
1125.735 462.8213
1125.737 462.826
1125.746 462.8341
1125.754 462.8389
1125.749 462.8403
1125.732 462.8348
1125.73 462.8366
1125.719 462.8364
1125.725 462.8346
1125.727 462.8255
1125.726 462.8235
1125.713 462.8086
1125.712 462.8037
1125.692 462.8044
1125.719 462.8203
1125.811 462.7889
1125.821 462.7892
1125.856 462.7926
1125.894 462.7767
1125.889 462.7817
1125.881 462.7831
1125.858 462.793
1125.846 462.8027
1125.819 462.8114
1125.79 462.8262
1125.787 462.819
1125.798 462.8076
1125.803 462.8003
1125.783 462.7822
1125.771 462.7708
1125.783 462.7765
1125.776 462.7778
1125.778 462.7879
1125.762 462.7855
1125.762 462.78
1125.762 462.7808
1125.742 462.7742
1125.744 462.7686
1125.746 462.7646
1125.747 462.7673
1125.759 462.7648
1125.762 462.7757
1125.752 462.7751
1125.756 462.77
1125.751 462.7666
1125.765 462.764
1125.773 462.7668
1125.78 462.772
1125.77 462.776
1125.753 462.7783
1125.75 462.7755
1125.742 462.7809
1125.738 462.7741
1125.738 462.7741
1125.729 462.7728
1125.732 462.7682
1125.741 462.7746
1125.747 462.7798
1125.735 462.7773
1125.755 462.7796
1125.768 462.792
1125.758 462.7964
1125.764 462.7962
1125.756 462.7995
1125.743 462.8011
1125.736 462.7987
1125.74 462.7969
1125.718 462.8032
1125.701 462.8083
1125.714 462.8151
1125.729 462.8159
1125.721 462.8181
1125.722 462.8213
1125.708 462.8307
1125.694 462.8336
1125.68 462.8419
1125.688 462.853
1125.71 462.8633
1125.732 462.8608
1125.74 462.8646
1125.742 462.869
1125.754 462.8757
1125.769 462.8734
1125.778 462.8679
1125.785 462.868
1125.776 462.8708
1125.776 462.8646
1125.774 462.8573
1125.77 462.8597
1125.76 462.8629
1125.758 462.8623
1125.757 462.8602
1125.755 462.8516
1125.738 462.8474
1125.738 462.8452
1125.728 462.8467
1125.744 462.8442
1125.745 462.8464
1125.759 462.8469
1125.759 462.8436
1125.754 462.8452
1125.741 462.8558
1125.745 462.8574
1125.74 462.8679
1125.732 462.8742
1125.71 462.8833
1125.712 462.8758
1125.701 462.8688
1125.708 462.8742
1125.724 462.869
1125.723 462.8661
1125.697 462.8607
1125.695 462.8553
1125.692 462.8424
1125.686 462.8322
1125.67 462.8219
1125.656 462.8283
1125.676 462.8249
1125.679 462.824
1125.69 462.8242
1125.677 462.827
1125.658 462.8345
1125.64 462.8348
1125.638 462.8293
1125.635 462.8221
1125.644 462.8224
1125.652 462.826
1125.65 462.8291
1125.664 462.828
1125.677 462.8259
1125.675 462.8341
1125.663 462.8354
1125.673 462.8351
1125.676 462.8371
1125.671 462.8358
1125.672 462.8387
1125.661 462.8407
1125.645 462.8374
1125.634 462.8452
1125.625 462.8516
1125.616 462.8499
1125.615 462.8519
1125.609 462.8537
1125.589 462.8573
1125.578 462.8613
1125.58 462.8584
1125.595 462.8538
1125.588 462.8566
1125.587 462.8636
1125.587 462.8628
1125.592 462.862
1125.599 462.8558
1125.597 462.8527
1125.584 462.8547
1125.577 462.8724
1125.575 462.8727
1125.581 462.8654
1125.586 462.8616
1125.573 462.8644
1125.563 462.8675
1125.56 462.8685
1125.562 462.8647
1125.558 462.8639
1125.554 462.8638
1125.534 462.8629
1125.532 462.859
1125.533 462.8584
1125.536 462.8597
1125.53 462.8566
1125.541 462.8571
1125.539 462.8615
1125.545 462.8616
1125.544 462.8587
1125.546 462.8537
1125.535 462.8545
1125.549 462.8604
1125.568 462.8705
1125.588 462.8615
1125.594 462.8498
1125.608 462.8446
1125.607 462.8419
1125.605 462.8387
1125.589 462.841
1125.596 462.8441
1125.604 462.8454
1125.6 462.8496
1125.593 462.855
1125.614 462.8545
1125.614 462.8522
1125.603 462.8528
1125.606 462.8408
1125.63 462.8345
1125.639 462.8379
1125.66 462.8351
1125.668 462.8299
1125.689 462.8297
1125.679 462.8291
1125.681 462.8235
1125.68 462.8285
1125.694 462.8242
1125.72 462.8244
1125.744 462.8289
1125.744 462.8317
1125.743 462.8268
1125.725 462.835
1125.73 462.838
1125.729 462.8421
1125.733 462.8429
1125.729 462.8499
1125.733 462.8415
1125.735 462.8465
1125.743 462.8488
1125.748 462.8574
1125.748 462.8623
1125.742 462.8611
1125.746 462.8677
1125.766 462.8599
1125.761 462.8638
1125.762 462.8629
1125.75 462.8613
1125.73 462.8683
1125.721 462.8698
1125.72 462.8608
1125.723 462.8519
1125.725 462.8528
1125.735 462.8469
1125.757 462.8485
1125.753 462.8441
1125.74 462.8413
1125.724 462.8424
1125.711 462.8483
1125.701 462.8519
1125.7 462.8587
1125.706 462.8597
1125.704 462.8563
1125.709 462.8434
1125.705 462.8428
1125.7 462.835
1125.721 462.8366
1125.71 462.8403
1125.711 462.841
1125.7 462.8325
1125.691 462.8361
1125.678 462.8366
1125.657 462.8395
