1920 480
1920 480
985.9252 484.1042
986.0022 484.0786
986.0317 484.1171
985.9451 484.112
985.9604 484.0886
985.9463 484.0946
985.9036 484.1058
985.9514 484.108
985.9703 484.093
985.9919 484.0946
985.9549 484.0927
985.8878 484.0975
985.9383 484.0771
985.9257 484.1186
985.9246 484.0921
985.9194 484.0886
985.9141 484.085
985.8668 484.1152
985.8536 484.1172
985.7844 484.0986
985.7634 484.1055
985.6964 484.0917
985.6799 484.0963
985.6973 484.132
985.7136 484.1039
985.7108 484.119
985.6705 484.1423
985.575 484.1596
985.6351 484.1208
985.6655 484.1326
985.6922 484.1365
985.7023 484.1556
985.6579 484.1239
985.6942 484.165
985.7208 484.1725
985.7502 484.1653
985.7664 484.1778
985.7985 484.1802
985.7938 484.1898
985.8112 484.1924
985.8081 484.1916
985.7928 484.1956
985.7635 484.1989
985.751 484.1957
985.7265 484.2098
985.7061 484.3371
985.7031 484.354
985.7379 484.3958
985.7901 484.2949
985.6949 484.1873
985.6878 484.3593
985.7255 484.3558
985.7836 484.3468
985.7899 484.289
985.7091 484.255
985.7357 484.3616
985.7554 484.4034
985.8046 484.3835
985.8594 484.328
985.8521 484.2977
985.8641 484.3308
985.8769 484.3824
985.8719 484.4524
985.7917 484.5426
985.6976 484.6109
985.8527 484.4339
985.8824 484.3907
985.7896 484.5359
985.317 485.3288
985.1584 485.5163
984.9755 485.3596
984.869 485.405
984.6889 485.5729
984.6484 485.7584
984.6113 485.9033
984.5027 486.0235
984.4246 486.1022
984.3137 486.3614
983.7756 486.9834
983.2345 487.6518
983.5601 488.5115
985.0974 489.6149
987.4279 490.8181
990.2494 492.3201
992.6907 493.5663
994.8046 494.4149
998.7297 494.8887
1000.596 494.798
1003.861 494.9854
1006.016 495.5055
1008.393 496.2311
1011.43 496.9767
1015.041 497.4753
1019.573 497.8417
1024.405 498.1841
1030.127 498.7603
1035.51 499.3494
1041.419 499.9272
1049.878 500.5225
1057.365 501.0311
1082.497 502.4858
1090.443 502.7972
1100.151 503.164
1110.879 503.6903
1122.215 504.2188
1134.174 504.6585
1147.817 504.7532
1159.32 504.5995
1171.668 504.2666
1184.075 503.8268
1196.473 503.1454
1211.527 501.7935
1223.154 500.3337
1234.784 498.5338
1246.689 496.4787
1258.912 494.2131
1270.484 491.878
1282.569 489.2303
1294.368 486.4617
1329.288 477.2578
1340.014 474.0645
1350.323 470.8525
1359.789 467.786
1369.18 464.6125
1377.286 461.7231
1385.881 458.564
1394.326 455.5078
1402.685 452.5854
1410.77 449.683
1418.258 446.7253
1424.907 443.7845
1437.353 438.1782
1450.963 432.7603
1463.055 428.0386
1470.093 425.4528
1476.518 423.4216
1484.673 421.4271
1493.126 419.7967
1501.941 418.3005
1510.642 416.8433
1519.094 415.494
1527.239 414.4168
1535.706 413.5648
1544.625 412.8853
1555.144 412.2562
1574.019 411.5441
1591.911 411.162
1601.713 411.1538
1610.379 411.3156
1619.254 411.7289
1627.337 412.2415
1635.259 412.8115
1643.032 413.5124
1657.357 415.4082
1670.342 418.1707
1675.169 419.4396
1680.859 420.9762
1685.268 422.5252
1689.111 423.9344
1692.707 425.3904
1695.88 426.846
1698.697 428.2455
1701.589 429.8742
1703.569 431.1361
1705.159 432.1634
1706.919 433.2165
1708.271 433.7645
1709.538 434.1173
1710.576 434.2617
1710.952 434.2095
1710.555 433.877
1707.182 431.9212
1704.398 429.3926
1700.677 426.2782
1696.404 423.189
1692.515 420.9912
1689.018 419.1994
1685.213 417.2295
1681.249 415.021
1677.371 412.6512
1673.597 410.1828
1669.481 407.6922
1665.086 405.2455
1660.509 402.7974
1655.531 400.1414
1641.645 393.0877
1634.221 389.9367
1628.158 387.506
1622.15 385.1683
1616.109 382.9087
1611.289 381.1491
1604.57 378.7664
1598.123 376.5607
1591.426 374.4154
1584.925 372.4546
1578.557 370.6178
1572.451 368.8631
1566.558 367.1808
1561.256 365.6465
1551.255 362.8154
1542.962 360.5509
1536.331 358.9222
1531.399 358.3019
1528.733 358.2814
1526.08 358.4556
1523.495 358.7272
1520.972 359.1712
1518.697 359.7113
1516.644 360.439
1514.603 361.3994
1512.73 362.5838
1511.174 363.8882
1510.018 365.3459
1509.331 367.4746
1509.466 369.5107
1510.048 371.3184
1511.277 373.4627
1513.057 375.3154
1515.581 377.1424
1519.446 379.2215
1524.058 381.1792
1529.333 383.0638
1536.508 385.166
1544.066 386.8755
1552.472 388.2949
1563.311 389.6901
1574.507 390.8491
1586.068 391.8224
1599.8 392.7161
1614.052 393.3752
1628.678 393.881
1645.599 394.3513
1662.682 394.785
1678.689 395.1555
1697.025 395.5146
1714.375 395.7228
1730.802 395.7715
1749.888 395.6484
1767.936 395.4596
1783.963 395.2109
1802.349 394.8929
1819.115 394.6012
1834.518 394.3641
1851.582 394.0545
1867.054 393.7264
1880.792 393.3158
1895.914 392.778
1909.824 392.2909
1922.654 391.8372
1935.501 391.3724
1946.894 390.832
1956.805 390.2809
1967.227 389.5705
1976.012 388.8971
1983.845 388.1781
1991.82 387.2479
1998.701 386.2072
2004.081 385.2362
2009.413 384.062
2013.697 382.8496
2017.026 381.5518
2019.932 379.915
2021.797 378.2764
2022.82 376.6934
2023.282 374.8185
2022.932 372.9526
2022.078 371.1654
2020.482 369.0612
2018.545 366.9481
2016.226 364.8151
2013.284 362.3361
2006.754 357.8345
2004.047 356.2091
2000.087 353.8442
1995.825 351.2891
1991.603 348.6325
1987.352 345.9137
1983.124 343.131
1978.869 340.3311
1974.638 337.439
1970.373 334.4998
1966.353 331.7101
1962.343 328.7653
1954.56 322.09
1948.291 315.6501
1943.327 310.4644
1939.085 305.1943
1937.609 302.6629
1936.539 300.2583
1935.626 297.7682
1934.839 295.2007
1934.366 292.9697
1934.113 290.7741
1934.091 288.7637
1934.164 287.1953
1934.126 285.7861
1933.944 284.6258
1933.57 283.6309
1920 480
1920 480
985.9252 484.1042
986.0022 484.0786
986.0317 484.1171
985.9451 484.112
985.9604 484.0886
985.9463 484.0946
985.9036 484.1058
985.9514 484.108
985.9703 484.093
985.9919 484.0946
985.9549 484.0927
985.8878 484.0975
985.9383 484.0771
985.9257 484.1186
985.9246 484.0921
985.9194 484.0886
985.9141 484.085
985.8668 484.1152
985.8536 484.1172
985.7844 484.0986
985.7634 484.1055
985.6964 484.0917
985.6799 484.0963
985.6973 484.132
985.7136 484.1039
985.7108 484.119
985.6705 484.1423
985.575 484.1596
985.6351 484.1208
985.6655 484.1326
985.6922 484.1365
985.7023 484.1556
985.6579 484.1239
985.6942 484.165
985.7208 484.1725
985.7502 484.1653
985.7664 484.1778
985.7985 484.1802
985.7938 484.1898
985.8112 484.1924
985.8081 484.1916
985.7928 484.1956
985.7635 484.1989
985.751 484.1957
985.7265 484.2098
985.7061 484.3371
985.7031 484.354
985.7379 484.3958
985.7901 484.2949
985.6949 484.1873
985.6878 484.3593
985.7255 484.3558
985.7836 484.3468
985.7899 484.289
985.7091 484.255
985.7357 484.3616
985.7554 484.4034
985.8046 484.3835
985.8594 484.328
985.8521 484.2977
985.8641 484.3308
985.8769 484.3824
985.8719 484.4524
985.7917 484.5426
985.6976 484.6109
985.8527 484.4339
985.8824 484.3907
985.7896 484.5359
985.317 485.3288
985.1584 485.5163
984.9755 485.3596
984.869 485.405
984.6889 485.5729
984.6484 485.7584
984.6113 485.9033
984.5027 486.0235
984.4246 486.1022
984.3137 486.3614
983.7756 486.9834
983.2345 487.6518
983.5601 488.5115
985.0974 489.6149
987.4279 490.8181
990.2494 492.3201
992.6907 493.5663
994.8046 494.4149
998.7297 494.8887
1000.596 494.798
1003.861 494.9854
1006.016 495.5055
1008.393 496.2311
1011.43 496.9767
1015.041 497.4753
1019.573 497.8417
1024.405 498.1841
1030.127 498.7603
1035.51 499.3494
1041.419 499.9272
1049.878 500.5225
1057.365 501.0311
1082.497 502.4858
1090.443 502.7972
1100.151 503.164
1110.879 503.6903
1122.215 504.2188
1134.174 504.6585
1147.817 504.7532
1159.32 504.5995
1171.668 504.2666
1184.075 503.8268
1196.473 503.1454
1211.527 501.7935
1223.154 500.3337
1234.784 498.5338
1246.689 496.4787
1258.912 494.2131
1270.484 491.878
1282.569 489.2303
1294.368 486.4617
1329.288 477.2578
1340.014 474.0645
1350.323 470.8525
1359.789 467.786
1369.18 464.6125
1377.286 461.7231
1385.881 458.564
1394.326 455.5078
1402.685 452.5854
1410.77 449.683
1418.258 446.7253
1424.907 443.7845
1437.353 438.1782
1450.963 432.7603
1463.055 428.0386
1470.093 425.4528
1476.518 423.4216
1484.673 421.4271
1493.126 419.7967
1501.941 418.3005
1510.642 416.8433
1519.094 415.494
1527.239 414.4168
1535.706 413.5648
1544.625 412.8853
1555.144 412.2562
1574.019 411.5441
1591.911 411.162
1601.713 411.1538
1610.379 411.3156
1619.254 411.7289
1627.337 412.2415
1635.259 412.8115
1643.032 413.5124
1657.357 415.4082
1670.342 418.1707
1675.169 419.4396
1680.859 420.9762
1685.268 422.5252
1689.111 423.9344
1692.707 425.3904
1695.88 426.846
1698.697 428.2455
1701.589 429.8742
1703.569 431.1361
1705.159 432.1634
1706.919 433.2165
1708.271 433.7645
1709.538 434.1173
1710.576 434.2617
1710.952 434.2095
1710.555 433.877
1707.182 431.9212
1704.398 429.3926
1700.677 426.2782
1696.404 423.189
1692.515 420.9912
1689.018 419.1994
1685.213 417.2295
1681.249 415.021
1677.371 412.6512
1673.597 410.1828
1669.481 407.6922
1665.086 405.2455
1660.509 402.7974
1655.531 400.1414
1641.645 393.0877
1634.221 389.9367
1628.158 387.506
1622.15 385.1683
1616.109 382.9087
1611.289 381.1491
1604.57 378.7664
1598.123 376.5607
1591.426 374.4154
1584.925 372.4546
1578.557 370.6178
1572.451 368.8631
1566.558 367.1808
1561.256 365.6465
1551.255 362.8154
1542.962 360.5509
1536.331 358.9222
1531.399 358.3019
1528.733 358.2814
1526.08 358.4556
1523.495 358.7272
1520.972 359.1712
1518.697 359.7113
1516.644 360.439
1514.603 361.3994
1512.73 362.5838
1511.174 363.8882
1510.018 365.3459
1509.331 367.4746
1509.466 369.5107
1510.048 371.3184
1511.277 373.4627
1513.057 375.3154
1515.581 377.1424
1519.446 379.2215
1524.058 381.1792
1529.333 383.0638
1536.508 385.166
1544.066 386.8755
1552.472 388.2949
1563.311 389.6901
1574.507 390.8491
1586.068 391.8224
1599.8 392.7161
1614.052 393.3752
1628.678 393.881
1645.599 394.3513
1662.682 394.785
1678.689 395.1555
1697.025 395.5146
1714.375 395.7228
1730.802 395.7715
1749.888 395.6484
1767.936 395.4596
1783.963 395.2109
1802.349 394.8929
1819.115 394.6012
1834.518 394.3641
1851.582 394.0545
1867.054 393.7264
1880.792 393.3158
1895.914 392.778
1909.824 392.2909
1922.654 391.8372
1935.501 391.3724
1946.894 390.832
1956.805 390.2809
1967.227 389.5705
1976.012 388.8971
1983.845 388.1781
1991.82 387.2479
1998.701 386.2072
2004.081 385.2362
2009.413 384.062
2013.697 382.8496
2017.026 381.5518
2019.932 379.915
2021.797 378.2764
2022.82 376.6934
2023.282 374.8185
2022.932 372.9526
2022.078 371.1654
2020.482 369.0612
2018.545 366.9481
2016.226 364.8151
2013.284 362.3361
2006.754 357.8345
2004.047 356.2091
2000.087 353.8442
1995.825 351.2891
1991.603 348.6325
1987.352 345.9137
1983.124 343.131
1978.869 340.3311
1974.638 337.439
1970.373 334.4998
1966.353 331.7101
1962.343 328.7653
1954.56 322.09
1948.291 315.6501
1943.327 310.4644
1939.085 305.1943
1937.609 302.6629
1936.539 300.2583
1935.626 297.7682
1934.839 295.2007
1934.366 292.9697
1934.113 290.7741
1934.091 288.7637
1934.164 287.1953
1934.126 285.7861
1933.944 284.6258
1933.57 283.6309
1933.062 282.7583
1932.389 282.1165
1931.854 281.8468
1930.794 281.7531
1929.449 282.055
1927.766 282.6865
1925.591 283.6226
1923.029 284.7127
1920.553 285.7565
1917.585 287.0562
1914.481 288.5023
1911.244 290.0872
1907.266 292.0734
1903.657 293.9194
1900.577 295.5223
1897.067 297.3408
1893.792 299.1086
1890.961 300.8192
1887.894 302.8063
1885.404 304.5573
1883.017 306.2482
1880.441 308.0931
1878.16 309.797
1876.253 311.3835
1874.469 313.1284
1873.054 314.6436
1871.781 316.0195
1870.491 317.3284
1869.363 318.4362
1868.504 319.3397
1867.754 320.3607
1867.22 321.3771
1866.814 322.284
1866.411 323.319
1866.037 323.9759
1865.724 324.1919
1865.512 324.1004
1865.353 323.8944
1865.35 323.6496
1865.398 323.1819
1865.373 322.5807
1865.141 321.8267
1864.577 320.7406
1863.967 319.7314
1863.433 318.666
1863.037 317.4629
1862.799 316.2835
1862.817 315.1846
1863.098 313.9968
1863.459 312.9823
1863.875 311.9994
1864.342 310.9515
1864.849 309.9992
1865.494 309.1364
1866.377 308.2204
1867.328 307.3975
1868.339 306.5654
1869.525 305.5251
1870.712 304.1322
1872.188 302.1584
1874.228 299.521
1876.387 296.7443
1878.27 293.8908
1880.138 290.0436
1881.872 285.6637
1883.957 281.013
1886.977 275.4393
1889.96 270.1212
1892.433 265.1056
1894.709 259.1922
1896.734 253.2697
1898.805 247.5072
1901.616 240.6868
1904.382 234.241
1907.003 228.1904
1909.808 221.5658
1912.697 215.2565
1915.6 209.4492
1919.289 202.8564
1922.8 196.9479
1926.064 191.8857
1929.605 186.3664
1932.642 181.595
1935.301 177.3241
1938.041 173.182
1940.598 169.847
1943.036 167.264
1945.826 164.7539
1948.398 162.7541
1950.798 161.2897
1953.325 159.9536
1955.593 159.1195
1957.22 158.7111
1958.529 158.5654
1959.352 158.6491
1959.909 158.8758
1960.307 159.2407
1960.541 159.731
1960.726 160.3836
1960.696 161.2428
1960.542 162.2593
1960.333 163.292
1960.071 164.5941
1959.826 165.89
1959.537 167.1774
1959.046 168.6868
1958.469 170.2126
1958.007 171.6156
1957.533 173.3102
1957.103 174.9709
1956.559 176.5695
1955.754 178.4163
1954.803 180.077
1953.822 181.6615
1952.698 183.4346
1951.637 185.1053
1950.673 186.6602
1949.487 188.3727
1948.126 190.2752
1947.206 191.1888
1945.844 192.7214
1944.549 194.1331
1943.583 195.2267
1942.486 196.4077
1941.532 197.4639
1940.787 198.3241
1940.118 199.2249
1939.662 199.9771
1939.395 200.6395
1939.266 201.3114
1939.119 201.8332
1938.991 202.2552
1938.889 202.735
1938.945 203.1102
1939.113 203.4569
1939.452 203.8564
1939.799 204.2389
1940.264 204.5978
1940.847 205.0187
1941.512 205.4427
1942.272 205.8626
1943.311 206.3734
1944.314 206.8521
1945.327 207.3006
1946.535 207.8463
1947.719 208.3415
1948.875 208.7896
1950.099 209.2425
1951.306 209.6475
1952.497 210.0247
1953.799 210.4619
1954.953 210.9323
1955.975 211.4043
1956.931 211.9635
1957.638 212.5242
1958.053 213.1063
1958.325 215.4789
1958.203 215.8802
1957.733 216.938
1957.116 218.0467
1956.325 219.1781
1955.523 220.3159
1954.702 221.5153
1953.838 222.7611
1952.87 224.0277
1951.833 225.3083
1950.787 226.5553
1949.731 227.7956
1947.302 230.5195
1945.21 232.6271
1943.544 234.3508
1942.16 235.738
1940.846 236.7283
1939.676 237.3394
1938.705 237.5682
1938.397 237.5426
1938.145 237.4175
1937.925 237.2502
1937.239 236.7202
1937.013 236.5029
1936.728 236.1167
1936.341 235.6502
1936.01 235.1471
1935.627 234.5867
1935.321 234.0138
1935.163 233.4492
1935.167 232.9012
1935.247 232.3534
1935.468 231.7979
1935.718 231.2417
1935.815 231.0262
1936.796 229.9994
1937.922 229.0905
1939.163 228.2734
1940.95 227.3032
1942.933 226.5412
1944.963 225.6981
1946.255 225.0755
1947.748 224.513
1950.164 223.6969
1952.218 223.1159
1954.515 222.5879
1957 222.1094
1959.847 221.6432
1962.854 221.2596
1966.541 220.9525
1970.324 220.8182
1978.131 220.8302
1989.904 221.2285
2003.332 222.2103
2018.647 223.7161
2026.586 224.5412
2034.853 225.4438
2044.123 226.4549
2050.828 227.1743
2060.051 228.1733
2069.558 229.0159
2089.826 230.3234
2107.806 231.0106
2118.132 231.3483
2128.575 231.6704
2139.135 231.9512
2149.767 232.3438
2160.014 232.7407
2170.166 233.1592
2180.287 233.5436
2190.556 233.9766
2201.096 234.4567
2211.72 235.0576
2217.62 235.4725
2236.878 237.2554
2253.898 239.5636
2272.741 242.7986
2288.727 246.3506
2294.89 248.0397
2301.827 250.3062
2308.202 252.8623
2314.554 255.8192
2320.732 259.2225
2326.046 262.7108
2331.093 266.7064
2335.802 271.2277
2339.79 275.7007
2343.388 280.4875
2347.213 286.9841
2349.679 292.2513
2351.894 297.9369
2353.598 303.4232
2354.833 308.7495
2355.919 314.6271
2356.59 319.7153
2356.993 324.9484
2358.483 346.3822
2358.915 354.6494
2359.244 358.3273
2359.707 361.4971
2360.323 364.1751
2360.827 366.5446
2361.364 368.4312
2361.903 369.87
2362.392 370.8014
2362.818 371.3392
2363.39 371.3285
2363.879 370.9863
2364.488 370.3896
2365.115 367.9971
2365.966 364.8504
2366.864 361.3346
2367.376 357.7889
2367.728 354.1659
2367.879 352.5324
2368.178 349.3563
2368.287 348.3022
2368.4 346.8931
2368.507 345.5413
2368.555 344.2163
2368.62 342.8066
2368.648 341.5
2368.717 340.1794
2368.691 338.5498
2368.579 337.1165
2368.401 335.6262
2368.174 334.0104
2367.936 332.7653
2367.499 330.8703
2366.833 328.8991
2365.898 326.853
2364.37 324.2869
2360.6 319.3732
2358.805 317.4479
2355.377 314.1772
2352.106 311.3984
2348.534 308.6703
2344.118 305.6016
2339.708 302.7516
2334.686 299.7088
2329.544 296.6997
2323.66 293.7438
2317.217 290.6629
2309.928 287.4399
1933.062 282.7583
1932.389 282.1165
1931.854 281.8468
1930.794 281.7531
1929.449 282.055
1927.766 282.6865
1925.591 283.6226
1923.029 284.7127
1920.553 285.7565
1917.585 287.0562
1914.481 288.5023
1911.244 290.0872
1907.266 292.0734
1903.657 293.9194
1900.577 295.5223
1897.067 297.3408
1893.792 299.1086
1890.961 300.8192
1887.894 302.8063
1885.404 304.5573
1883.017 306.2482
1880.441 308.0931
1878.16 309.797
1876.253 311.3835
1874.469 313.1284
1873.054 314.6436
1871.781 316.0195
1870.491 317.3284
1869.363 318.4362
1868.504 319.3397
1867.754 320.3607
1867.22 321.3771
1866.814 322.284
1866.411 323.319
1866.037 323.9759
1865.724 324.1919
1865.512 324.1004
1865.353 323.8944
1865.35 323.6496
1865.398 323.1819
1865.373 322.5807
1865.141 321.8267
1864.577 320.7406
1863.967 319.7314
1863.433 318.666
1863.037 317.4629
1862.799 316.2835
1862.817 315.1846
1863.098 313.9968
1863.459 312.9823
1863.875 311.9994
1864.342 310.9515
1864.849 309.9992
1865.494 309.1364
1866.377 308.2204
1867.328 307.3975
1868.339 306.5654
1869.525 305.5251
1870.712 304.1322
1872.188 302.1584
1874.228 299.521
1876.387 296.7443
1878.27 293.8908
1880.138 290.0436
1881.872 285.6637
1883.957 281.013
1886.977 275.4393
1889.96 270.1212
1892.433 265.1056
1894.709 259.1922
1896.734 253.2697
1898.805 247.5072
1901.616 240.6868
1904.382 234.241
1907.003 228.1904
1909.808 221.5658
1912.697 215.2565
1915.6 209.4492
1919.289 202.8564
1922.8 196.9479
1926.064 191.8857
1929.605 186.3664
1932.642 181.595
1935.301 177.3241
1938.041 173.182
1940.598 169.847
1943.036 167.264
1945.826 164.7539
1948.398 162.7541
1950.798 161.2897
1953.325 159.9536
1955.593 159.1195
1957.22 158.7111
1958.529 158.5654
1959.352 158.6491
1959.909 158.8758
1960.307 159.2407
1960.541 159.731
1960.726 160.3836
1960.696 161.2428
1960.542 162.2593
1960.333 163.292
1960.071 164.5941
1959.826 165.89
1959.537 167.1774
1959.046 168.6868
1958.469 170.2126
1958.007 171.6156
1957.533 173.3102
1957.103 174.9709
1956.559 176.5695
1955.754 178.4163
1954.803 180.077
1953.822 181.6615
1952.698 183.4346
1951.637 185.1053
1950.673 186.6602
1949.487 188.3727
1948.126 190.2752
1947.206 191.1888
1945.844 192.7214
1944.549 194.1331
1943.583 195.2267
1942.486 196.4077
1941.532 197.4639
1940.787 198.3241
1940.118 199.2249
1939.662 199.9771
1939.395 200.6395
1939.266 201.3114
1939.119 201.8332
1938.991 202.2552
1938.889 202.735
1938.945 203.1102
1939.113 203.4569
1939.452 203.8564
1939.799 204.2389
1940.264 204.5978
1940.847 205.0187
1941.512 205.4427
1942.272 205.8626
1943.311 206.3734
1944.314 206.8521
1945.327 207.3006
1946.535 207.8463
1947.719 208.3415
1948.875 208.7896
1950.099 209.2425
1951.306 209.6475
1952.497 210.0247
1953.799 210.4619
1954.953 210.9323
1955.975 211.4043
1956.931 211.9635
1957.638 212.5242
1958.053 213.1063
1958.325 215.4789
1958.203 215.8802
1957.733 216.938
1957.116 218.0467
1956.325 219.1781
1955.523 220.3159
1954.702 221.5153
1953.838 222.7611
1952.87 224.0277
1951.833 225.3083
1950.787 226.5553
1949.731 227.7956
1947.302 230.5195
1945.21 232.6271
1943.544 234.3508
1942.16 235.738
1940.846 236.7283
1939.676 237.3394
1938.705 237.5682
1938.397 237.5426
1938.145 237.4175
1937.925 237.2502
1937.239 236.7202
1937.013 236.5029
1936.728 236.1167
1936.341 235.6502
1936.01 235.1471
1935.627 234.5867
1935.321 234.0138
1935.163 233.4492
1935.167 232.9012
1935.247 232.3534
1935.468 231.7979
1935.718 231.2417
1935.815 231.0262
1936.796 229.9994
1937.922 229.0905
1939.163 228.2734
1940.95 227.3032
1942.933 226.5412
1944.963 225.6981
1946.255 225.0755
1947.748 224.513
1950.164 223.6969
1952.218 223.1159
1954.515 222.5879
1957 222.1094
1959.847 221.6432
1962.854 221.2596
1966.541 220.9525
1970.324 220.8182
1978.131 220.8302
1989.904 221.2285
2003.332 222.2103
2018.647 223.7161
2026.586 224.5412
2034.853 225.4438
2044.123 226.4549
2050.828 227.1743
2060.051 228.1733
2069.558 229.0159
2089.826 230.3234
2107.806 231.0106
2118.132 231.3483
2128.575 231.6704
2139.135 231.9512
2149.767 232.3438
2160.014 232.7407
2170.166 233.1592
2180.287 233.5436
2190.556 233.9766
2201.096 234.4567
2211.72 235.0576
2217.62 235.4725
2236.878 237.2554
2253.898 239.5636
2272.741 242.7986
2288.727 246.3506
2294.89 248.0397
2301.827 250.3062
2308.202 252.8623
2314.554 255.8192
2320.732 259.2225
2326.046 262.7108
2331.093 266.7064
2335.802 271.2277
2339.79 275.7007
2343.388 280.4875
2347.213 286.9841
2349.679 292.2513
2351.894 297.9369
2353.598 303.4232
2354.833 308.7495
2355.919 314.6271
2356.59 319.7153
2356.993 324.9484
2358.483 346.3822
2358.915 354.6494
2359.244 358.3273
2359.707 361.4971
2360.323 364.1751
2360.827 366.5446
2361.364 368.4312
2361.903 369.87
2362.392 370.8014
2362.818 371.3392
2363.39 371.3285
2363.879 370.9863
2364.488 370.3896
2365.115 367.9971
2365.966 364.8504
2366.864 361.3346
2367.376 357.7889
2367.728 354.1659
2367.879 352.5324
2368.178 349.3563
2368.287 348.3022
2368.4 346.8931
2368.507 345.5413
2368.555 344.2163
2368.62 342.8066
2368.648 341.5
2368.717 340.1794
2368.691 338.5498
2368.579 337.1165
2368.401 335.6262
2368.174 334.0104
2367.936 332.7653
2367.499 330.8703
2366.833 328.8991
2365.898 326.853
2364.37 324.2869
2360.6 319.3732
2358.805 317.4479
2355.377 314.1772
2352.106 311.3984
2348.534 308.6703
2344.118 305.6016
2339.708 302.7516
2334.686 299.7088
2329.544 296.6997
2323.66 293.7438
2317.217 290.6629
2309.928 287.4399
2300.805 283.5897
2285.197 276.9871
2268.801 269.5257
2254.125 262.3457
2237.746 253.8936
2221.769 245.3866
2206.134 236.9787
2199.981 233.7303
2192.196 229.7544
2184.657 226.1735
2177.323 222.9587
2169.977 220.082
2162.566 217.623
2155.844 215.8356
2148.877 214.4961
2141.931 213.7456
2134.79 213.5573
2127.545 213.8887
2118.138 215.1344
2111.647 216.6115
2104.113 218.9538
2097.481 221.688
2090.656 225.0956
2083.992 229.154
2078.256 233.2131
2072.064 238.2489
2064.665 244.8415
2058.946 250.159
2052.292 256.3918
2045.175 263.272
2038.538 269.8841
2031.821 276.8699
2025.018 283.9469
2017.838 291.4671
2010.102 299.314
2002.902 306.5599
1995.059 314.2798
1987.438 321.6151
1979.45 329.0018
1971.702 335.9416
1963.236 343.0579
1954.254 350.2233
1945.939 356.5376
1937.102 363.0327
1928.867 368.8605
1921.073 374.2239
1913.105 379.4123
1904.008 385.0091
1898.692 387.9375
1890.855 391.957
1881.913 396.0368
1873.51 399.4801
1865.943 402.2345
1858.534 404.6717
1851.719 406.7044
1843.419 409.0255
1831.43 412.1058
1825.373 413.6339
1819.128 415.1452
1811.88 416.7459
1806.762 417.7549
1801.335 418.7783
1796.016 419.8255
1790.749 420.8954
1785.492 421.9977
1780.342 423.0854
1774.948 424.2837
1769.972 425.4608
1765.654 426.554
1761.253 427.7293
1756.24 429.1432
1751.677 430.4956
1746.425 431.9557
1740.988 433.5605
1735.239 435.2438
1729.149 437.0697
1722.55 438.8498
1716.043 440.5137
1709.357 442.0957
1695.88 445.5011
1691.014 446.7495
1683.889 448.3789
1675.761 449.931
1668.046 451.1419
1659.423 452.4084
1651.005 453.5394
1642.882 454.535
1625.199 456.1084
1618.518 456.4862
1609.688 456.8713
1600.455 457.1676
1589.452 457.4082
1579.11 457.5204
1568.205 457.5698
1556.615 457.2835
1545.302 456.9259
1533.131 456.4727
1521.437 455.9313
1510.228 455.4709
1495.944 454.8351
1472.187 453.6102
1446.283 451.8683
1425.452 450.8066
1413.658 450.3714
1401.739 449.9435
1389.942 449.3966
1378.515 448.8568
1368.055 448.3628
1358.518 447.8558
1351.401 447.4648
1345.763 447.1426
1341.412 446.8993
1337.679 446.762
1330.684 446.834
1324.822 447.0773
1319.275 447.5558
1314.292 447.9929
1311.924 448.1424
1309.994 448.2932
1308.421 448.6229
1307.193 449.0908
1306.111 449.6818
1305.236 450.3164
1304.708 450.9115
1304.571 451.3978
1304.775 451.9036
1305.796 453.1561
1305.989 453.4066
1306.338 453.8514
1306.599 454.2766
1306.968 454.7331
1307.367 455.2492
1307.661 455.7346
1307.7 456.1966
1307.312 456.6479
1306.561 457.0171
1305.138 457.2664
1303.497 457.4193
1299.875 457.3311
1297.095 457.2518
1295.683 457.2046
1295.636 457.0242
1295.734 456.8278
1295.803 456.6313
1295.85 456.313
1295.696 455.8691
1295.262 455.224
1294.385 454.3268
1287.521 450.008
1285.405 448.723
1283.102 447.3145
1280.536 445.8656
1277.708 444.4059
1274.667 443.0427
1271.342 441.6934
1264.303 438.978
1260.865 437.7194
1257.032 436.4194
1252.998 435.3073
1248.897 434.3332
1244.519 433.4377
1239.791 432.5757
1234.656 431.6859
1229.513 430.847
1223.963 430.0423
1218.001 429.285
1211.715 428.5879
1204.694 427.9188
1191.683 426.8123
1185.411 426.3572
1178.956 425.9837
1172.186 425.6751
1166.13 425.4805
1160.325 425.3436
1155.439 425.2826
1150.614 425.2921
1146.024 425.3732
1141.606 425.4922
1131.632 426.4818
1130.275 427.0443
1129.327 427.6655
1128.678 428.3057
1128.247 428.9517
1127.96 429.5829
1127.909 430.3049
1128.299 430.8268
1129.26 431.3795
1130.572 431.9002
1132.208 432.4268
1134.436 432.9819
1139.518 433.6772
1143.116 433.918
1147.582 434.1175
1151.839 434.2751
1155.654 434.3949
1159.733 434.4849
1164.642 434.563
1169.619 434.6519
1174.824 434.8104
1181.869 435.132
1188.278 435.5158
1195.055 435.9727
1203.668 436.6033
1211 437.1366
1218.785 437.6899
1229.563 438.46
1238.815 439.0902
1249.023 439.7676
1259.616 440.3932
1270.587 440.8967
1283.731 441.2729
1295.591 441.3114
1307.778 441.265
1323.839 441.1813
1337.6 441.0205
1352.053 440.7969
1370.546 440.1825
1385.33 439.2622
1400.528 437.8939
1416.585 436.082
1430.779 434.3652
1446.471 432.4377
1461.678 430.4761
1475.067 428.6193
1491.05 426.2866
1506.11 423.9985
1521.531 421.6278
1540.097 418.662
1555.195 416.1276
1569.822 413.6587
1594.104 409.5041
1609.985 406.8076
1629.039 403.6283
1643.691 401.1987
1656.926 399.0895
1675.307 396.1698
1688.014 394.1544
1701.001 391.9774
1716.413 389.1855
1729.353 386.6063
1740.729 384.1582
1754.72 380.8716
1767.295 377.658
1779.22 374.515
1791.345 371.1252
1802.774 367.6963
1817.037 363.0618
1828.064 359.2648
1837.68 355.8068
1854.058 349.7716
1865.365 345.6678
1880.481 340.3342
1892.325 336.2344
1904.323 332.1467
1921.66 326.4328
1934.169 322.5012
1946.457 318.8239
1961.506 314.4653
1973.577 311.0016
1984.851 307.7272
1998.917 303.4728
2008.81 300.3208
2020.042 296.5881
2028.357 293.7541
2036.163 290.9452
2046.191 286.8405
2052.565 283.7041
2057.563 280.7606
2062.084 277.6045
2065.764 274.3659
2068.487 271.187
2071.22 266.7533
2072.682 262.959
2073.589 258.8504
2073.731 254.5581
2073.199 250.4175
2071.631 245.7295
2069.476 241.4844
2066.583 237.1611
2062.53 231.9904
2058.625 227.877
2054.223 223.8402
2047.249 218.7603
2040.694 214.9424
2033.836 211.6489
2023.888 207.6312
2015.752 204.891
2005.547 202.0239
1996.684 199.946
1987.565 198.2222
1977.34 196.7217
1968.699 195.7891
1960.606 195.2345
1950.437 195.0073
1943.706 195.1994
1936.8 195.7482
1931.182 196.519
1926.185 197.5505
1920.617 199.2845
1917.556 200.8022
2300.805 283.5897
2285.197 276.9871
2268.801 269.5257
2254.125 262.3457
2237.746 253.8936
2221.769 245.3866
2206.134 236.9787
2199.981 233.7303
2192.196 229.7544
2184.657 226.1735
2177.323 222.9587
2169.977 220.082
2162.566 217.623
2155.844 215.8356
2148.877 214.4961
2141.931 213.7456
2134.79 213.5573
2127.545 213.8887
2118.138 215.1344
2111.647 216.6115
2104.113 218.9538
2097.481 221.688
2090.656 225.0956
2083.992 229.154
2078.256 233.2131
2072.064 238.2489
2064.665 244.8415
2058.946 250.159
2052.292 256.3918
2045.175 263.272
2038.538 269.8841
2031.821 276.8699
2025.018 283.9469
2017.838 291.4671
2010.102 299.314
2002.902 306.5599
1995.059 314.2798
1987.438 321.6151
1979.45 329.0018
1971.702 335.9416
1963.236 343.0579
1954.254 350.2233
1945.939 356.5376
1937.102 363.0327
1928.867 368.8605
1921.073 374.2239
1913.105 379.4123
1904.008 385.0091
1898.692 387.9375
1890.855 391.957
1881.913 396.0368
1873.51 399.4801
1865.943 402.2345
1858.534 404.6717
1851.719 406.7044
1843.419 409.0255
1831.43 412.1058
1825.373 413.6339
1819.128 415.1452
1811.88 416.7459
1806.762 417.7549
1801.335 418.7783
1796.016 419.8255
1790.749 420.8954
1785.492 421.9977
1780.342 423.0854
1774.948 424.2837
1769.972 425.4608
1765.654 426.554
1761.253 427.7293
1756.24 429.1432
1751.677 430.4956
1746.425 431.9557
1740.988 433.5605
1735.239 435.2438
1729.149 437.0697
1722.55 438.8498
1716.043 440.5137
1709.357 442.0957
1695.88 445.5011
1691.014 446.7495
1683.889 448.3789
1675.761 449.931
1668.046 451.1419
1659.423 452.4084
1651.005 453.5394
1642.882 454.535
1625.199 456.1084
1618.518 456.4862
1609.688 456.8713
1600.455 457.1676
1589.452 457.4082
1579.11 457.5204
1568.205 457.5698
1556.615 457.2835
1545.302 456.9259
1533.131 456.4727
1521.437 455.9313
1510.228 455.4709
1495.944 454.8351
1472.187 453.6102
1446.283 451.8683
1425.452 450.8066
1413.658 450.3714
1401.739 449.9435
1389.942 449.3966
1378.515 448.8568
1368.055 448.3628
1358.518 447.8558
1351.401 447.4648
1345.763 447.1426
1341.412 446.8993
1337.679 446.762
1330.684 446.834
1324.822 447.0773
1319.275 447.5558
1314.292 447.9929
1311.924 448.1424
1309.994 448.2932
1308.421 448.6229
1307.193 449.0908
1306.111 449.6818
1305.236 450.3164
1304.708 450.9115
1304.571 451.3978
1304.775 451.9036
1305.796 453.1561
1305.989 453.4066
1306.338 453.8514
1306.599 454.2766
1306.968 454.7331
1307.367 455.2492
1307.661 455.7346
1307.7 456.1966
1307.312 456.6479
1306.561 457.0171
1305.138 457.2664
1303.497 457.4193
1299.875 457.3311
1297.095 457.2518
1295.683 457.2046
1295.636 457.0242
1295.734 456.8278
1295.803 456.6313
1295.85 456.313
1295.696 455.8691
1295.262 455.224
1294.385 454.3268
1287.521 450.008
1285.405 448.723
1283.102 447.3145
1280.536 445.8656
1277.708 444.4059
1274.667 443.0427
1271.342 441.6934
1264.303 438.978
1260.865 437.7194
1257.032 436.4194
1252.998 435.3073
1248.897 434.3332
1244.519 433.4377
1239.791 432.5757
1234.656 431.6859
1229.513 430.847
1223.963 430.0423
1218.001 429.285
1211.715 428.5879
1204.694 427.9188
1191.683 426.8123
1185.411 426.3572
1178.956 425.9837
1172.186 425.6751
1166.13 425.4805
1160.325 425.3436
1155.439 425.2826
1150.614 425.2921
1146.024 425.3732
1141.606 425.4922
1131.632 426.4818
1130.275 427.0443
1129.327 427.6655
1128.678 428.3057
1128.247 428.9517
1127.96 429.5829
1127.909 430.3049
1128.299 430.8268
1129.26 431.3795
1130.572 431.9002
1132.208 432.4268
1134.436 432.9819
1139.518 433.6772
1143.116 433.918
1147.582 434.1175
1151.839 434.2751
1155.654 434.3949
1159.733 434.4849
1164.642 434.563
1169.619 434.6519
1174.824 434.8104
1181.869 435.132
1188.278 435.5158
1195.055 435.9727
1203.668 436.6033
1211 437.1366
1218.785 437.6899
1229.563 438.46
1238.815 439.0902
1249.023 439.7676
1259.616 440.3932
1270.587 440.8967
1283.731 441.2729
1295.591 441.3114
1307.778 441.265
1323.839 441.1813
1337.6 441.0205
1352.053 440.7969
1370.546 440.1825
1385.33 439.2622
1400.528 437.8939
1416.585 436.082
1430.779 434.3652
1446.471 432.4377
1461.678 430.4761
1475.067 428.6193
1491.05 426.2866
1506.11 423.9985
1521.531 421.6278
1540.097 418.662
1555.195 416.1276
1569.822 413.6587
1594.104 409.5041
1609.985 406.8076
1629.039 403.6283
1643.691 401.1987
1656.926 399.0895
1675.307 396.1698
1688.014 394.1544
1701.001 391.9774
1716.413 389.1855
1729.353 386.6063
1740.729 384.1582
1754.72 380.8716
1767.295 377.658
1779.22 374.515
1791.345 371.1252
1802.774 367.6963
1817.037 363.0618
1828.064 359.2648
1837.68 355.8068
1854.058 349.7716
1865.365 345.6678
1880.481 340.3342
1892.325 336.2344
1904.323 332.1467
1921.66 326.4328
1934.169 322.5012
1946.457 318.8239
1961.506 314.4653
1973.577 311.0016
1984.851 307.7272
1998.917 303.4728
2008.81 300.3208
2020.042 296.5881
2028.357 293.7541
2036.163 290.9452
2046.191 286.8405
2052.565 283.7041
2057.563 280.7606
2062.084 277.6045
2065.764 274.3659
2068.487 271.187
2071.22 266.7533
2072.682 262.959
2073.589 258.8504
2073.731 254.5581
2073.199 250.4175
2071.631 245.7295
2069.476 241.4844
2066.583 237.1611
2062.53 231.9904
2058.625 227.877
2054.223 223.8402
2047.249 218.7603
2040.694 214.9424
2033.836 211.6489
2023.888 207.6312
2015.752 204.891
2005.547 202.0239
1996.684 199.946
1987.565 198.2222
1977.34 196.7217
1968.699 195.7891
1960.606 195.2345
1950.437 195.0073
1943.706 195.1994
1936.8 195.7482
1931.182 196.519
1926.185 197.5505
1920.617 199.2845
1917.556 200.8022
1915.177 202.4346
1912.776 205.0535
1911.841 206.8755
1911.502 209.0459
1911.786 210.998
1912.61 213.0151
1914.148 215.4914
1915.689 217.492
1917.449 219.5249
1920.049 222.1299
1922.396 224.3529
1924.695 226.6151
1927.505 229.8581
1929.255 232.5353
1930.595 235.4058
1931.52 239.7381
1931.516 243.96
1930.658 251.1947
1929.725 257.3039
1928.745 264.0267
1927.429 272.6333
1925.943 280.5539
1923.833 288.9009
1920.568 298.8801
1917.083 307.891
1913.344 316.9061
1908.948 327.2607
1905.269 336.0088
1901.168 345.9608
1897.835 353.9567
1894.624 361.5091
1890.928 369.9533
1888.238 376.3557
1886.115 381.7669
1884.141 388.0086
1882.898 392.2598
1881.606 395.9404
1879.085 400.4186
1877.233 402.7188
1875.659 404.3394
1874.607 405.091
1873.824 405.1558
1872.96 404.5835
1872.309 403.5803
1871.741 402.3009
1871.289 400.2775
1870.948 398.3726
1870.625 396.3076
1869.961 393.236
1869.414 390.9388
1868.671 388.1102
1867.965 385.9782
1867.146 384.0205
1865.765 381.9592
1864.275 380.4476
1862.459 379.1585
1859.984 377.8659
1857.669 377.1214
1855.774 376.7661
1852.858 376.6182
1850.421 376.7653
1847.298 377.2713
1844.776 377.8782
1842.28 378.59
1839.491 379.5104
1837.113 380.3626
1834.781 381.2549
1831.898 382.4146
1829.59 383.4339
1827.94 384.2091
1825.913 385.2326
1824.433 386.0233
1822.908 386.8901
1821.87 387.4919
1821.011 387.9665
1820.15 388.4821
1819.699 388.7471
1819.396 388.9819
1819.19 389.1258
1819.101 389.1981
1819.096 389.1315
1819.153 388.9204
1819.243 388.6725
1819.397 388.3094
1819.549 387.9202
1819.692 387.4656
1819.898 386.7213
1820.079 386.0447
1820.249 385.3099
1820.482 384.1737
1820.679 383.1388
1820.826 381.8337
1820.951 380.6664
1821.065 379.3817
1821.285 377.7456
1821.55 376.1885
1821.822 374.6971
1822.149 372.6322
1822.387 370.7708
1822.615 368.8091
1822.903 365.994
1823.127 363.5947
1823.276 361.0036
1823.26 357.3784
1823.096 354.3986
1822.831 350.5583
1822.606 347.1886
1822.42 343.5373
1822.201 338.21
1822.075 333.9748
1822.104 329.5278
1822.231 323.7549
1822.522 318.7856
1822.871 314.0319
1823.376 308.207
1823.764 303.0952
1824.31 296.7746
1824.794 291.5908
1825.23 286.3947
1825.524 280.6616
1825.449 275.9992
1825.173 271.5752
1824.646 266.389
1824.243 262.4759
1823.887 259.1526
1823.455 254.7166
1823.178 251.9508
1822.858 248.8931
1822.507 246.5908
1822.115 244.4635
1821.607 242.0921
1821.178 240.3115
1820.795 238.7334
1820.395 236.7562
1820.204 235.2174
1820.007 233.7951
1819.964 232.0785
1820.07 230.8799
1820.352 229.6563
1820.635 228.7856
1820.986 228.0555
1821.511 227.2715
1821.836 226.873
1822.124 226.6206
1822.505 226.5662
1822.936 226.7375
1823.333 227.0944
1823.979 227.7384
1824.544 228.446
1825.318 229.3996
1825.886 230.2653
1826.464 231.11
1827.234 232.2646
1827.885 233.1623
1828.519 234.0514
1829.324 235.0874
1830.12 235.8923
1830.964 236.6971
1831.828 237.5433
1832.366 238.269
1832.866 239.0457
1833.244 239.6943
1833.629 240.2835
1834.165 241.0959
1834.492 241.7685
1834.759 242.4429
1835.05 243.4647
1835.202 244.29
1835.274 245.0306
1835.377 246.0475
1835.458 246.8724
1835.498 248.0099
1835.554 248.9969
1835.714 250.0187
1836.073 251.3639
1836.457 252.7026
1836.707 253.7931
1836.997 255.6374
1837.27 257.3389
1837.613 258.6587
1838.322 260.6613
1839.074 262.3656
1840.072 264.7173
1840.855 266.6712
1841.585 268.7355
1842.3 271.1097
1842.735 273.4767
1842.894 276.0045
1842.731 279.4409
1842.188 282.3643
1841.171 285.3815
1839.248 289.5768
1837.385 292.7723
1834.634 296.5192
1831.664 299.6325
1827.744 302.7879
1821.255 306.7453
1815.237 309.6546
1808.655 312.3799
1798.046 315.9909
1789.775 318.2142
1780.509 320.2428
1769.894 322.1115
1756.192 324.0535
1742.99 325.6045
1731.215 326.7728
1715.887 328.1567
1694.251 329.9912
1660.559 332.5827
1630.074 334.7798
1605.573 336.6336
1587.759 338.0667
1559.999 340.4132
1536.627 342.478
1514.676 344.5275
1485.728 347.4455
1465.352 349.68
1436.69 353.1571
1413.661 356.2134
1394.917 358.8329
1370.87 362.2927
1349.729 365.3096
1333.093 367.7751
1313.733 370.7057
1296.99 373.244
1282.191 375.4456
1265.034 378.048
1253.678 379.8643
1240.445 382.2588
1232.419 384.0672
1227.118 385.6019
1220.537 387.8057
1216.72 389.0918
1213.6 390.0933
1210.588 391.077
1208.003 392.0609
1204.732 393.2314
1202.423 393.973
1200.237 394.6136
1197.078 395.6719
1195.125 396.3815
1191.552 397.673
1189.034 398.6964
1186.416 399.9466
1183.757 401.4367
1180.619 403.4466
1178.023 405.2134
1174.625 407.5861
1171.58 409.4932
1167.345 411.8226
1163.875 413.4945
1160.636 415.1501
1156.288 417.9308
1153.66 420.1994
1151.566 422.2746
1149.208 424.6374
1146.335 427.2805
1143.674 429.4362
1139.814 432.157
1136.621 434.1287
1132.751 436.2972
1129.314 438.1025
1126.395 439.5742
1121.978 441.5876
1117.932 443.1694
1114.766 444.2181
1110.532 445.4294
1107.119 446.3532
1104.01 447.214
1100.055 448.2671
1096.892 448.9543
1093.88 449.4259
1090.82 449.6867
1088.712 449.7562
1086.341 449.6729
1085.099 449.5072
1084.375 449.2573
1084.019 448.9162
1084.137 448.5907
1084.615 448.2897
1085.556 447.9872
1086.604 447.771
1087.844 447.5726
1089.643 447.4001
1091.335 447.3599
1093.089 447.4398
1095.59 447.7389
1097.932 448.1367
1101.82 449.0221
1104.401 449.7796
1106.839 450.6763
1109.983 452.0882
1112.122 453.1995
1115.3 454.8557
1117.628 455.9718
1119.87 456.9312
1123.306 458.1795
1126.289 459.1321
1129.288 459.9938
1133.607 461.2524
1915.177 202.4346
1912.776 205.0535
1911.841 206.8755
1911.502 209.0459
1911.786 210.998
1912.61 213.0151
1914.148 215.4914
1915.689 217.492
1917.449 219.5249
1920.049 222.1299
1922.396 224.3529
1924.695 226.6151
1927.505 229.8581
1929.255 232.5353
1930.595 235.4058
1931.52 239.7381
1931.516 243.96
1930.658 251.1947
1929.725 257.3039
1928.745 264.0267
1927.429 272.6333
1925.943 280.5539
1923.833 288.9009
1920.568 298.8801
1917.083 307.891
1913.344 316.9061
1908.948 327.2607
1905.269 336.0088
1901.168 345.9608
1897.835 353.9567
1894.624 361.5091
1890.928 369.9533
1888.238 376.3557
1886.115 381.7669
1884.141 388.0086
1882.898 392.2598
1881.606 395.9404
1879.085 400.4186
1877.233 402.7188
1875.659 404.3394
1874.607 405.091
1873.824 405.1558
1872.96 404.5835
1872.309 403.5803
1871.741 402.3009
1871.289 400.2775
1870.948 398.3726
1870.625 396.3076
1869.961 393.236
1869.414 390.9388
1868.671 388.1102
1867.965 385.9782
1867.146 384.0205
1865.765 381.9592
1864.275 380.4476
1862.459 379.1585
1859.984 377.8659
1857.669 377.1214
1855.774 376.7661
1852.858 376.6182
1850.421 376.7653
1847.298 377.2713
1844.776 377.8782
1842.28 378.59
1839.491 379.5104
1837.113 380.3626
1834.781 381.2549
1831.898 382.4146
1829.59 383.4339
1827.94 384.2091
1825.913 385.2326
1824.433 386.0233
1822.908 386.8901
1821.87 387.4919
1821.011 387.9665
1820.15 388.4821
1819.699 388.7471
1819.396 388.9819
1819.19 389.1258
1819.101 389.1981
1819.096 389.1315
1819.153 388.9204
1819.243 388.6725
1819.397 388.3094
1819.549 387.9202
1819.692 387.4656
1819.898 386.7213
1820.079 386.0447
1820.249 385.3099
1820.482 384.1737
1820.679 383.1388
1820.826 381.8337
1820.951 380.6664
1821.065 379.3817
1821.285 377.7456
1821.55 376.1885
1821.822 374.6971
1822.149 372.6322
1822.387 370.7708
1822.615 368.8091
1822.903 365.994
1823.127 363.5947
1823.276 361.0036
1823.26 357.3784
1823.096 354.3986
1822.831 350.5583
1822.606 347.1886
1822.42 343.5373
1822.201 338.21
1822.075 333.9748
1822.104 329.5278
1822.231 323.7549
1822.522 318.7856
1822.871 314.0319
1823.376 308.207
1823.764 303.0952
1824.31 296.7746
1824.794 291.5908
1825.23 286.3947
1825.524 280.6616
1825.449 275.9992
1825.173 271.5752
1824.646 266.389
1824.243 262.4759
1823.887 259.1526
1823.455 254.7166
1823.178 251.9508
1822.858 248.8931
1822.507 246.5908
1822.115 244.4635
1821.607 242.0921
1821.178 240.3115
1820.795 238.7334
1820.395 236.7562
1820.204 235.2174
1820.007 233.7951
1819.964 232.0785
1820.07 230.8799
1820.352 229.6563
1820.635 228.7856
1820.986 228.0555
1821.511 227.2715
1821.836 226.873
1822.124 226.6206
1822.505 226.5662
1822.936 226.7375
1823.333 227.0944
1823.979 227.7384
1824.544 228.446
1825.318 229.3996
1825.886 230.2653
1826.464 231.11
1827.234 232.2646
1827.885 233.1623
1828.519 234.0514
1829.324 235.0874
1830.12 235.8923
1830.964 236.6971
1831.828 237.5433
1832.366 238.269
1832.866 239.0457
1833.244 239.6943
1833.629 240.2835
1834.165 241.0959
1834.492 241.7685
1834.759 242.4429
1835.05 243.4647
1835.202 244.29
1835.274 245.0306
1835.377 246.0475
1835.458 246.8724
1835.498 248.0099
1835.554 248.9969
1835.714 250.0187
1836.073 251.3639
1836.457 252.7026
1836.707 253.7931
1836.997 255.6374
1837.27 257.3389
1837.613 258.6587
1838.322 260.6613
1839.074 262.3656
1840.072 264.7173
1840.855 266.6712
1841.585 268.7355
1842.3 271.1097
1842.735 273.4767
1842.894 276.0045
1842.731 279.4409
1842.188 282.3643
1841.171 285.3815
1839.248 289.5768
1837.385 292.7723
1834.634 296.5192
1831.664 299.6325
1827.744 302.7879
1821.255 306.7453
1815.237 309.6546
1808.655 312.3799
1798.046 315.9909
1789.775 318.2142
1780.509 320.2428
1769.894 322.1115
1756.192 324.0535
1742.99 325.6045
1731.215 326.7728
1715.887 328.1567
1694.251 329.9912
1660.559 332.5827
1630.074 334.7798
1605.573 336.6336
1587.759 338.0667
1559.999 340.4132
1536.627 342.478
1514.676 344.5275
1485.728 347.4455
1465.352 349.68
1436.69 353.1571
1413.661 356.2134
1394.917 358.8329
1370.87 362.2927
1349.729 365.3096
1333.093 367.7751
1313.733 370.7057
1296.99 373.244
1282.191 375.4456
1265.034 378.048
1253.678 379.8643
1240.445 382.2588
1232.419 384.0672
1227.118 385.6019
1220.537 387.8057
1216.72 389.0918
1213.6 390.0933
1210.588 391.077
1208.003 392.0609
1204.732 393.2314
1202.423 393.973
1200.237 394.6136
1197.078 395.6719
1195.125 396.3815
1191.552 397.673
1189.034 398.6964
1186.416 399.9466
1183.757 401.4367
1180.619 403.4466
1178.023 405.2134
1174.625 407.5861
1171.58 409.4932
1167.345 411.8226
1163.875 413.4945
1160.636 415.1501
1156.288 417.9308
1153.66 420.1994
1151.566 422.2746
1149.208 424.6374
1146.335 427.2805
1143.674 429.4362
1139.814 432.157
1136.621 434.1287
1132.751 436.2972
1129.314 438.1025
1126.395 439.5742
1121.978 441.5876
1117.932 443.1694
1114.766 444.2181
1110.532 445.4294
1107.119 446.3532
1104.01 447.214
1100.055 448.2671
1096.892 448.9543
1093.88 449.4259
1090.82 449.6867
1088.712 449.7562
1086.341 449.6729
1085.099 449.5072
1084.375 449.2573
1084.019 448.9162
1084.137 448.5907
1084.615 448.2897
1085.556 447.9872
1086.604 447.771
1087.844 447.5726
1089.643 447.4001
1091.335 447.3599
1093.089 447.4398
1095.59 447.7389
1097.932 448.1367
1101.82 449.0221
1104.401 449.7796
1106.839 450.6763
1109.983 452.0882
1112.122 453.1995
1115.3 454.8557
1117.628 455.9718
1119.87 456.9312
1123.306 458.1795
1126.289 459.1321
1129.288 459.9938
1133.607 461.2524
1136.896 462.2355
1140.684 463.4612
1143.78 464.45
1146.721 465.3693
1150.22 466.4185
1153.098 467.3163
1155.621 468.111
1158.494 469.0991
1160.809 469.8919
1162.751 470.5376
1165.175 471.3524
1166.882 471.8957
1168.522 472.4621
1170.122 473.0527
1171.507 473.6537
1172.925 474.4131
1173.761 475.0488
1174.292 475.5884
1174.647 476.3216
1174.732 476.9854
1174.67 477.5391
1174.44 478.2357
1174.149 478.7693
1173.823 479.1855
1173.332 479.6258
1172.964 479.896
1172.68 480.0907
1172.418 480.2818
1172.335 480.3075
1172.338 480.3146
1172.43 480.2482
1172.579 480.2002
1172.997 480.0996
1173.553 479.9967
1174.319 479.8735
1175.616 479.6798
1176.794 479.5667
1178.368 479.4146
1179.825 479.284
1181.266 479.089
1183.319 478.7783
1184.768 478.5342
1186.185 478.3307
1188.048 478.0352
1189.503 477.777
1190.931 477.5088
1192.461 477.2106
1193.772 476.937
1195.057 476.6755
1196.349 476.3867
1197.252 476.1427
1198.287 475.8184
1199.017 475.5471
1199.695 475.3163
1200.433 475.0892
1201.185 474.9298
1201.799 474.8187
1202.439 474.7824
1202.949 474.8069
1203.373 474.9099
1203.858 475.0622
1204.371 475.2279
1204.848 475.3385
1205.624 475.4811
1206.247 475.5786
1206.949 475.7313
1207.783 475.9482
1208.449 476.1722
1209.224 476.4745
1209.844 476.7295
1210.444 477.0115
1211.02 477.356
1211.287 477.6327
1211.323 477.8522
1211.153 478.1169
1210.857 478.3083
1210.404 478.5044
1209.663 478.7238
1208.939 478.8926
1207.95 479.09
1207.006 479.2385
1206.043 479.3566
1204.781 479.4495
1203.497 479.5146
1202.649 479.5169
1201.249 479.5308
1200.114 479.5317
1198.993 479.5166
1197.624 479.4634
1196.458 479.4212
1195.154 479.3615
1194.034 479.3104
1192.993 479.2614
1191.813 479.2031
1190.93 479.1501
1190.063 479.0791
1189.117 478.9927
1188.236 478.8791
1187.353 478.7642
1186.292 478.6209
1185.405 478.516
1184.586 478.3922
1183.434 478.1964
1182.659 478.0359
1181.838 477.8618
1181.21 477.7373
1180.673 477.627
1180.197 477.527
1179.995 477.4372
1179.984 477.3481
1180.303 477.1753
1180.659 477.0809
1181.096 476.9735
1181.431 476.8647
1181.667 476.7573
1181.918 476.5435
1182.085 476.3436
1182.207 476.144
1182.28 475.9316
1182.253 475.7917
1182.15 475.6771
1181.949 475.511
1181.738 475.3302
1181.532 475.1532
1181.277 474.9479
1181.095 474.8143
1180.906 474.6769
1180.768 474.5628
1180.66 474.4751
1180.524 474.3459
1180.444 474.2666
1180.411 474.2214
1180.38 474.1878
1180.315 474.1833
1180.24 474.1869
1180.206 474.2303
1180.246 474.2512
1180.38 474.2979
1180.578 474.3618
1180.79 474.397
1181.097 474.4481
1181.403 474.443
1181.724 474.4427
1182.103 474.4157
1182.483 474.4053
1182.809 474.3742
1183.211 474.3596
1183.634 474.292
1184.005 474.2106
1184.434 474.0894
1184.737 474.0024
1185.059 473.8874
1185.461 473.7777
1185.712 473.687
1186.035 473.5832
1186.319 473.4564
1186.535 473.3267
1186.784 473.2118
1186.98 473.1245
1187.221 473.0544
1187.501 472.964
1187.736 472.9147
1187.906 472.8423
1188.047 472.7295
1188.091 472.6292
1188.134 472.5132
1188.123 472.3634
1188.126 472.2803
1188.1 472.2009
1188.071 472.1289
1188.076 472.0646
1188.148 472.0345
1188.232 472.0319
1188.279 472.0301
1188.305 472.0059
1188.235 471.9447
1188.157 471.8926
1187.931 471.8267
1187.632 471.7648
1187.154 471.6634
1186.651 471.5501
1186.131 471.3872
1185.462 471.1248
1185.004 470.8804
1184.703 470.6454
1184.437 470.3608
1184.305 470.1152
1184.202 469.8851
1184.17 469.5797
1184.18 469.3633
1184.19 469.1807
1184.212 468.986
1184.238 468.8327
1184.296 468.6839
1184.387 468.5589
1184.476 468.4972
1184.568 468.4727
1184.605 468.4377
1184.532 468.3994
1184.369 468.3244
1184.124 468.2687
1183.857 468.2118
1183.443 468.1408
1183.037 468.0604
1182.604 467.9562
1181.97 467.7628
1181.452 467.6188
1180.709 467.4215
1180.06 467.251
1179.366 467.0806
1178.401 466.8221
1177.724 466.6388
1177.15 466.4264
1176.576 466.1847
1176.119 466
1175.57 465.7785
1175.172 465.5701
1174.807 465.3226
1174.416 464.951
1174.229 464.6499
1174.126 464.4165
1174.067 464.2057
1174.014 464.0378
1173.911 463.8735
1173.802 463.6654
1173.706 463.52
1173.662 463.3957
1173.704 463.3617
1173.776 463.3612
1173.931 463.3522
1174.097 463.3516
1174.317 463.3701
1174.674 463.4204
1175.063 463.5083
1175.513 463.6077
1176.135 463.7609
1176.597 463.8358
1177.856 464.0594
1178.238 464.1593
1178.648 464.27
1179.008 464.3589
1179.322 464.4434
1179.737 464.5132
1180.074 464.564
1180.514 464.613
1180.813 464.6437
1181.082 464.6808
1181.371 464.6846
1181.565 464.6481
1181.759 464.599
1181.971 464.5301
1182.168 464.4495
1182.309 464.3952
1182.487 464.3187
1182.598 464.2707
1182.694 464.2253
1182.776 464.1631
1182.85 464.0847
1182.913 464.0046
1182.94 463.9559
1182.96 463.8771
1183.011 463.8001
1183.006 463.7163
1182.987 463.6331
1182.904 463.5353
1182.828 463.4596
1182.815 463.3747
1182.841 463.2738
1182.841 463.2074
1182.792 463.1743
1182.717 463.1488
1182.64 463.1266
1182.402 463.1304
1182.164 463.1335
1181.982 463.1592
1181.791 463.1899
1181.482 463.2433
1181.259 463.2848
1180.979 463.3389
1180.787 463.3659
1180.575 463.3732
1180.376 463.3706
1180.208 463.3329
1180.056 463.2593
1179.904 463.1724
1179.769 463.0931
1179.605 462.9842
1179.461 462.924
1179.239 462.8724
1178.909 462.8026
1178.647 462.7521
1178.394 462.7056
1178.119 462.6649
1177.884 462.6507
1177.687 462.6636
1177.305 462.6927
1177.017 462.7214
1176.649 462.7581
1176.35 462.8013
1176.038 462.8467
1136.896 462.2355
1140.684 463.4612
1143.78 464.45
1146.721 465.3693
1150.22 466.4185
1153.098 467.3163
1155.621 468.111
1158.494 469.0991
1160.809 469.8919
1162.751 470.5376
1165.175 471.3524
1166.882 471.8957
1168.522 472.4621
1170.122 473.0527
1171.507 473.6537
1172.925 474.4131
1173.761 475.0488
1174.292 475.5884
1174.647 476.3216
1174.732 476.9854
1174.67 477.5391
1174.44 478.2357
1174.149 478.7693
1173.823 479.1855
1173.332 479.6258
1172.964 479.896
1172.68 480.0907
1172.418 480.2818
1172.335 480.3075
1172.338 480.3146
1172.43 480.2482
1172.579 480.2002
1172.997 480.0996
1173.553 479.9967
1174.319 479.8735
1175.616 479.6798
1176.794 479.5667
1178.368 479.4146
1179.825 479.284
1181.266 479.089
1183.319 478.7783
1184.768 478.5342
1186.185 478.3307
1188.048 478.0352
1189.503 477.777
1190.931 477.5088
1192.461 477.2106
1193.772 476.937
1195.057 476.6755
1196.349 476.3867
1197.252 476.1427
1198.287 475.8184
1199.017 475.5471
1199.695 475.3163
1200.433 475.0892
1201.185 474.9298
1201.799 474.8187
1202.439 474.7824
1202.949 474.8069
1203.373 474.9099
1203.858 475.0622
1204.371 475.2279
1204.848 475.3385
1205.624 475.4811
1206.247 475.5786
1206.949 475.7313
1207.783 475.9482
1208.449 476.1722
1209.224 476.4745
1209.844 476.7295
1210.444 477.0115
1211.02 477.356
1211.287 477.6327
1211.323 477.8522
1211.153 478.1169
1210.857 478.3083
1210.404 478.5044
1209.663 478.7238
1208.939 478.8926
1207.95 479.09
1207.006 479.2385
1206.043 479.3566
1204.781 479.4495
1203.497 479.5146
1202.649 479.5169
1201.249 479.5308
1200.114 479.5317
1198.993 479.5166
1197.624 479.4634
1196.458 479.4212
1195.154 479.3615
1194.034 479.3104
1192.993 479.2614
1191.813 479.2031
1190.93 479.1501
1190.063 479.0791
1189.117 478.9927
1188.236 478.8791
1187.353 478.7642
1186.292 478.6209
1185.405 478.516
1184.586 478.3922
1183.434 478.1964
1182.659 478.0359
1181.838 477.8618
1181.21 477.7373
1180.673 477.627
1180.197 477.527
1179.995 477.4372
1179.984 477.3481
1180.303 477.1753
1180.659 477.0809
1181.096 476.9735
1181.431 476.8647
1181.667 476.7573
1181.918 476.5435
1182.085 476.3436
1182.207 476.144
1182.28 475.9316
1182.253 475.7917
1182.15 475.6771
1181.949 475.511
1181.738 475.3302
1181.532 475.1532
1181.277 474.9479
1181.095 474.8143
1180.906 474.6769
1180.768 474.5628
1180.66 474.4751
1180.524 474.3459
1180.444 474.2666
1180.411 474.2214
1180.38 474.1878
1180.315 474.1833
1180.24 474.1869
1180.206 474.2303
1180.246 474.2512
1180.38 474.2979
1180.578 474.3618
1180.79 474.397
1181.097 474.4481
1181.403 474.443
1181.724 474.4427
1182.103 474.4157
1182.483 474.4053
1182.809 474.3742
1183.211 474.3596
1183.634 474.292
1184.005 474.2106
1184.434 474.0894
1184.737 474.0024
1185.059 473.8874
1185.461 473.7777
1185.712 473.687
1186.035 473.5832
1186.319 473.4564
1186.535 473.3267
1186.784 473.2118
1186.98 473.1245
1187.221 473.0544
1187.501 472.964
1187.736 472.9147
1187.906 472.8423
1188.047 472.7295
1188.091 472.6292
1188.134 472.5132
1188.123 472.3634
1188.126 472.2803
1188.1 472.2009
1188.071 472.1289
1188.076 472.0646
1188.148 472.0345
1188.232 472.0319
1188.279 472.0301
1188.305 472.0059
1188.235 471.9447
1188.157 471.8926
1187.931 471.8267
1187.632 471.7648
1187.154 471.6634
1186.651 471.5501
1186.131 471.3872
1185.462 471.1248
1185.004 470.8804
1184.703 470.6454
1184.437 470.3608
1184.305 470.1152
1184.202 469.8851
1184.17 469.5797
1184.18 469.3633
1184.19 469.1807
1184.212 468.986
1184.238 468.8327
1184.296 468.6839
1184.387 468.5589
1184.476 468.4972
1184.568 468.4727
1184.605 468.4377
1184.532 468.3994
1184.369 468.3244
1184.124 468.2687
1183.857 468.2118
1183.443 468.1408
1183.037 468.0604
1182.604 467.9562
1181.97 467.7628
1181.452 467.6188
1180.709 467.4215
1180.06 467.251
1179.366 467.0806
1178.401 466.8221
1177.724 466.6388
1177.15 466.4264
1176.576 466.1847
1176.119 466
1175.57 465.7785
1175.172 465.5701
1174.807 465.3226
1174.416 464.951
1174.229 464.6499
1174.126 464.4165
1174.067 464.2057
1174.014 464.0378
1173.911 463.8735
1173.802 463.6654
1173.706 463.52
1173.662 463.3957
1173.704 463.3617
1173.776 463.3612
1173.931 463.3522
1174.097 463.3516
1174.317 463.3701
1174.674 463.4204
1175.063 463.5083
1175.513 463.6077
1176.135 463.7609
1176.597 463.8358
1177.856 464.0594
1178.238 464.1593
1178.648 464.27
1179.008 464.3589
1179.322 464.4434
1179.737 464.5132
1180.074 464.564
1180.514 464.613
1180.813 464.6437
1181.082 464.6808
1181.371 464.6846
1181.565 464.6481
1181.759 464.599
1181.971 464.5301
1182.168 464.4495
1182.309 464.3952
1182.487 464.3187
1182.598 464.2707
1182.694 464.2253
1182.776 464.1631
1182.85 464.0847
1182.913 464.0046
1182.94 463.9559
1182.96 463.8771
1183.011 463.8001
1183.006 463.7163
1182.987 463.6331
1182.904 463.5353
1182.828 463.4596
1182.815 463.3747
1182.841 463.2738
1182.841 463.2074
1182.792 463.1743
1182.717 463.1488
1182.64 463.1266
1182.402 463.1304
1182.164 463.1335
1181.982 463.1592
1181.791 463.1899
1181.482 463.2433
1181.259 463.2848
1180.979 463.3389
1180.787 463.3659
1180.575 463.3732
1180.376 463.3706
1180.208 463.3329
1180.056 463.2593
1179.904 463.1724
1179.769 463.0931
1179.605 462.9842
1179.461 462.924
1179.239 462.8724
1178.909 462.8026
1178.647 462.7521
1178.394 462.7056
1178.119 462.6649
1177.884 462.6507
1177.687 462.6636
1177.305 462.6927
1177.017 462.7214
1176.649 462.7581
1176.35 462.8013
1176.038 462.8467
