1920 480
1024.936 146.4111
1022.934 146.5358
1034.835 141.7661
1026.476 145.0793
1043.048 134.2004
1038.689 132.8896
1042.562 133.0428
1030.564 141.4149
1012.814 147.2274
1012.291 152.3239
1019.924 155.1528
1024.042 155.4445
1026.582 156.6891
1028.391 160.2287
1027.111 158.1268
1018.795 156.5361
1014.18 155.3268
1016.637 154.1971
1016.633 151.0063
1017.303 151.3008
1023.576 147.3607
1023.559 147.1304
1023.511 147.5762
1022.985 148.4106
1022.958 148.5282
1023.901 149.0127
1024.498 149.4469
1024.532 150.2669
1024.666 151.4958
1023.709 153.3896
1026.344 160.6507
1027.874 164.8473
1027.963 170.5177
1026.813 186.3107
1024.945 213.3421
1025.228 221.8591
1036.941 268.9367
1130.593 333.9688
1174.431 350.7283
1233.917 363.478
1262.708 372.8871
1292.091 372.7643
1352.435 376.9102
1377.023 377.9253
1432.748 379.8174
1483.876 381.6488
1506.486 382.9543
1560.384 385.6045
1582.867 387.5963
1634.937 389.5314
1678.541 387.9197
1697.193 387.3846
1736.411 386.0643
1756.61 386.2853
1792.12 388.7267
1832.592 390.0746
1846.975 389.3149
1880.658 388.8315
1906.344 391.0838
1918.407 392.5422
1943.619 394.0342
1954.356 394.547
1965.202 395.1047
1976.706 396.0192
1988.316 396.5006
2002.387 397.182
2011.716 397.1048
2025.992 395.6948
2033.871 394.7464
2041.506 394.041
2053.735 392.8329
2062.675 392.0231
2073.416 390.5408
2079.911 389.1589
2086.93 387.8197
2094.566 385.7843
2099.144 383.9964
2102.978 382.256
2108.198 380.1955
2111.951 378.4831
2117.993 376.3008
2120.949 374.2292
2123.671 372.7734
2125.333 369.7526
2125.213 366.3713
2126.857 362.7684
2127.978 360.7892
2129.267 359.0869
2130.501 356.959
2130.875 355.466
2133.694 353.1878
2136.998 352.0257
2141.005 350.8841
2147.757 350.2534
2156.2 350.6789
2163.898 350.3528
2173.244 349.3781
2192.177 348.8636
2204.316 347.9683
2220.568 347.8348
2235.081 347.1232
2260.429 346.0718
2277.697 344.7458
2293.896 344.3861
2316.786 343.4801
2332.395 342.8289
2350.686 342.5974
2366.689 342.6315
2382.902 342.5936
2401.489 342.4651
2414.543 341.8284
2428.225 341.3503
2438.57 340.5677
2448.614 340.0168
2459.195 339.7383
2468.405 339.8447
2476.845 339.8451
2486.21 338.4146
2490.396 337.404
2495.41 335.4699
2499.016 333.6323
2501.842 331.7458
2520.129 325.3423
2528.082 321.8683
2533.06 319.4955
2543.489 316.3351
2552.696 314.6888
2561.943 312.5023
2571.957 310.9069
2580.479 309.1317
2589.854 306.9198
2598.147 305.1185
2607.178 304.2725
2620.638 301.9474
2628.854 300.4736
2635.744 297.9233
2642.109 296.4435
2646.768 295.3146
2650.195 293.9674
2652.937 293.6173
2657.372 292.1126
2656.498 289.7275
2657.095 286.9437
2656.757 285.4342
2656.23 285.9539
2655.877 285.9743
2654.289 286.4935
2653.677 286.576
2652.464 287.2585
2651.16 288.0778
2649.351 289.5088
2645.823 292.3377
2643.079 294.1323
2639.598 296.166
2635.619 298.0797
2632.672 299.0959
2628.811 299.7044
2626.105 299.0096
2624.085 298.9525
2622.42 298.9204
2621.607 298.7261
2621.16 298.4346
2620.13 297.9102
2620.99 296.8158
2621.999 295.7376
2622.837 295.1558
2624.215 294.4858
2625.334 293.2629
2626.105 292.3242
2626.78 291.0189
2626.666 290.3706
2626.911 289.646
2627.235 288.5977
2627.718 287.9448
2627.988 287.3258
2628.38 286.5891
2628.562 286.1455
2628.863 285.3836
2628.938 285.0394
2629.298 284.541
2630.102 283.667
2630.67 283.2043
2631.366 283.03
2632.13 282.6003
2632.51 282.4437
2632.613 282.4774
2632.751 282.4064
2632.37 282.5081
2631.921 282.4256
2631.816 282.4006
2632.092 282.3478
2631.934 282.4782
2631.844 282.5828
2631.519 282.554
2631.179 282.5687
2631.25 282.665
2631.22 282.5459
2631.472 282.3612
2631.471 282.1549
2631.469 282.0732
2631.647 281.9258
2631.681 281.8099
2631.478 281.6703
2631.323 281.4798
2631.166 281.5672
2631.269 281.5467
2630.888 281.6499
2630.946 281.7451
2630.883 281.6877
2631.236 281.6745
2631.257 281.8027
2631.231 281.9211
2631.46 281.9298
2631.126 281.9798
2631.214 281.8539
2630.94 281.8604
2630.526 282.0077
2630.131 282.1494
2629.792 282.1509
2629.22 282.1649
2628.371 282.2033
2627.83 282.3612
2626.826 282.7293
2626.017 282.9985
2624.643 283.3693
2622.967 283.9435
2621.698 284.3857
2619.484 285.224
2617.002 286.0539
2614.234 286.7507
2609.379 288.3307
2605.397 289.4219
2599.41 290.7956
2591.175 292.5055
2584.436 293.4572
2574.245 294.4958
2565.59 295.0575
2557.024 295.5015
2543.189 295.6501
2530.883 295.4824
2516.524 294.7783
2494.388 293.748
2478.409 292.9163
2460.905 291.7734
2444.058 290.8076
2426.156 289.8073
2401.686 288.6626
2383.849 287.8848
2360.47 286.9443
2330.004 286.0059
2305.318 285.5443
2278.422 285.2372
2236.647 285.6268
2209.122 285.8622
2178.971 285.4984
2154.417 285.1644
2126.629 285.2798
2046.14 287.9451
2013.088 289.2803
1967.437 290.9748
1933.401 291.093
1897.739 292.8896
1864.034 293.196
1830.399 293.8289
1781.629 293.9063
1745.6 293.9264
1696.829 294.4583
1668.289 294.639
1645.62 293.5916
1613.866 289.7381
1598.054 286.1009
1575.317 281.5368
1560.167 278.6073
1542.45 277.0692
1521.238 275.0391
1509.095 273.2599
1497.144 271.7759
1489.1 269.5319
1479.64 267.3991
1465.985 264.4484
1460.812 262.4663
1456.934 259.8519
1453.874 255.4954
1456.496 252.0204
1452.206 249.3468
1442.812 251.0311
1427.63 255.4507
1405.164 259.0179
1392.712 263.5389
1382.836 262.8519
1378.071 261.4606
1376.052 261.411
1373.562 262.2842
1378.342 262.6628
1376.315 263.4191
1372.442 267.6289
1364.941 271.3957
1357.218 273.4608
1348.499 274.5529
1920 480
1024.936 146.4111
1022.934 146.5358
1034.835 141.7661
1026.476 145.0793
1043.048 134.2004
1038.689 132.8896
1042.562 133.0428
1030.564 141.4149
1012.814 147.2274
1012.291 152.3239
1019.924 155.1528
1024.042 155.4445
1026.582 156.6891
1028.391 160.2287
1027.111 158.1268
1018.795 156.5361
1014.18 155.3268
1016.637 154.1971
1016.633 151.0063
1017.303 151.3008
1023.576 147.3607
1023.559 147.1304
1023.511 147.5762
1022.985 148.4106
1022.958 148.5282
1023.901 149.0127
1024.498 149.4469
1024.532 150.2669
1024.666 151.4958
1023.709 153.3896
1026.344 160.6507
1027.874 164.8473
1027.963 170.5177
1026.813 186.3107
1024.945 213.3421
1025.228 221.8591
1036.941 268.9367
1130.593 333.9688
1174.431 350.7283
1233.917 363.478
1262.708 372.8871
1292.091 372.7643
1352.435 376.9102
1377.023 377.9253
1432.748 379.8174
1483.876 381.6488
1506.486 382.9543
1560.384 385.6045
1582.867 387.5963
1634.937 389.5314
1678.541 387.9197
1697.193 387.3846
1736.411 386.0643
1756.61 386.2853
1792.12 388.7267
1832.592 390.0746
1846.975 389.3149
1880.658 388.8315
1906.344 391.0838
1918.407 392.5422
1943.619 394.0342
1954.356 394.547
1965.202 395.1047
1976.706 396.0192
1988.316 396.5006
2002.387 397.182
2011.716 397.1048
2025.992 395.6948
2033.871 394.7464
2041.506 394.041
2053.735 392.8329
2062.675 392.0231
2073.416 390.5408
2079.911 389.1589
2086.93 387.8197
2094.566 385.7843
2099.144 383.9964
2102.978 382.256
2108.198 380.1955
2111.951 378.4831
2117.993 376.3008
2120.949 374.2292
2123.671 372.7734
2125.333 369.7526
2125.213 366.3713
2126.857 362.7684
2127.978 360.7892
2129.267 359.0869
2130.501 356.959
2130.875 355.466
2133.694 353.1878
2136.998 352.0257
2141.005 350.8841
2147.757 350.2534
2156.2 350.6789
2163.898 350.3528
2173.244 349.3781
2192.177 348.8636
2204.316 347.9683
2220.568 347.8348
2235.081 347.1232
2260.429 346.0718
2277.697 344.7458
2293.896 344.3861
2316.786 343.4801
2332.395 342.8289
2350.686 342.5974
2366.689 342.6315
2382.902 342.5936
2401.489 342.4651
2414.543 341.8284
2428.225 341.3503
2438.57 340.5677
2448.614 340.0168
2459.195 339.7383
2468.405 339.8447
2476.845 339.8451
2486.21 338.4146
2490.396 337.404
2495.41 335.4699
2499.016 333.6323
2501.842 331.7458
2520.129 325.3423
2528.082 321.8683
2533.06 319.4955
2543.489 316.3351
2552.696 314.6888
2561.943 312.5023
2571.957 310.9069
2580.479 309.1317
2589.854 306.9198
2598.147 305.1185
2607.178 304.2725
2620.638 301.9474
2628.854 300.4736
2635.744 297.9233
2642.109 296.4435
2646.768 295.3146
2650.195 293.9674
2652.937 293.6173
2657.372 292.1126
2656.498 289.7275
2657.095 286.9437
2656.757 285.4342
2656.23 285.9539
2655.877 285.9743
2654.289 286.4935
2653.677 286.576
2652.464 287.2585
2651.16 288.0778
2649.351 289.5088
2645.823 292.3377
2643.079 294.1323
2639.598 296.166
2635.619 298.0797
2632.672 299.0959
2628.811 299.7044
2626.105 299.0096
2624.085 298.9525
2622.42 298.9204
2621.607 298.7261
2621.16 298.4346
2620.13 297.9102
2620.99 296.8158
2621.999 295.7376
2622.837 295.1558
2624.215 294.4858
2625.334 293.2629
2626.105 292.3242
2626.78 291.0189
2626.666 290.3706
2626.911 289.646
2627.235 288.5977
2627.718 287.9448
2627.988 287.3258
2628.38 286.5891
2628.562 286.1455
2628.863 285.3836
2628.938 285.0394
2629.298 284.541
2630.102 283.667
2630.67 283.2043
2631.366 283.03
2632.13 282.6003
2632.51 282.4437
2632.613 282.4774
2632.751 282.4064
2632.37 282.5081
2631.921 282.4256
2631.816 282.4006
2632.092 282.3478
2631.934 282.4782
2631.844 282.5828
2631.519 282.554
2631.179 282.5687
2631.25 282.665
2631.22 282.5459
2631.472 282.3612
2631.471 282.1549
2631.469 282.0732
2631.647 281.9258
2631.681 281.8099
2631.478 281.6703
2631.323 281.4798
2631.166 281.5672
2631.269 281.5467
2630.888 281.6499
2630.946 281.7451
2630.883 281.6877
2631.236 281.6745
2631.257 281.8027
2631.231 281.9211
2631.46 281.9298
2631.126 281.9798
2631.214 281.8539
2630.94 281.8604
2630.526 282.0077
2630.131 282.1494
2629.792 282.1509
2629.22 282.1649
2628.371 282.2033
2627.83 282.3612
2626.826 282.7293
2626.017 282.9985
2624.643 283.3693
2622.967 283.9435
2621.698 284.3857
2619.484 285.224
2617.002 286.0539
2614.234 286.7507
2609.379 288.3307
2605.397 289.4219
2599.41 290.7956
2591.175 292.5055
2584.436 293.4572
2574.245 294.4958
2565.59 295.0575
2557.024 295.5015
2543.189 295.6501
2530.883 295.4824
2516.524 294.7783
2494.388 293.748
2478.409 292.9163
2460.905 291.7734
2444.058 290.8076
2426.156 289.8073
2401.686 288.6626
2383.849 287.8848
2360.47 286.9443
2330.004 286.0059
2305.318 285.5443
2278.422 285.2372
2236.647 285.6268
2209.122 285.8622
2178.971 285.4984
2154.417 285.1644
2126.629 285.2798
2046.14 287.9451
2013.088 289.2803
1967.437 290.9748
1933.401 291.093
1897.739 292.8896
1864.034 293.196
1830.399 293.8289
1781.629 293.9063
1745.6 293.9264
1696.829 294.4583
1668.289 294.639
1645.62 293.5916
1613.866 289.7381
1598.054 286.1009
1575.317 281.5368
1560.167 278.6073
1542.45 277.0692
1521.238 275.0391
1509.095 273.2599
1497.144 271.7759
1489.1 269.5319
1479.64 267.3991
1465.985 264.4484
1460.812 262.4663
1456.934 259.8519
1453.874 255.4954
1456.496 252.0204
1452.206 249.3468
1442.812 251.0311
1427.63 255.4507
1405.164 259.0179
1392.712 263.5389
1382.836 262.8519
1378.071 261.4606
1376.052 261.411
1373.562 262.2842
1378.342 262.6628
1376.315 263.4191
1372.442 267.6289
1364.941 271.3957
1357.218 273.4608
1348.499 274.5529
1346.304 273.6325
1350.638 271.1566
1361.369 270.2065
1370.627 268.5928
1383.32 266.0843
1394.2 264.465
1402.145 263.9937
1414.103 266.311
1422.416 267.0459
1436.495 267.6289
1449.438 267.529
1463.771 265.4251
1482.04 263.2246
1495.554 261.4771
1516.393 257.7199
1526.691 257.694
1534.595 259.6862
1546.609 261.4066
1549.904 263.0734
1555.293 265.3224
1559.105 269.7303
1556.74 274.8682
1558.289 279.9824
1561.178 285.1479
1564.348 291.3022
1568.922 298.5405
1572.544 304.9183
1577.434 315.05
1580.13 321.7497
1582.995 330.1588
1589.234 343.4088
1591.459 353.7464
1594.636 364.3758
1601.836 374.3664
1607.687 384.7389
1613.615 397.9414
1618.654 407.8835
1625.29 418.2008
1636.823 432.1647
1649.526 442.4046
1661.44 452.1434
1670.952 460.7023
1679.965 469.0062
1688.891 479.1804
1696.552 488.9003
1701.975 497.6338
1714.454 511.3343
1722.462 520.143
1730.434 528.7358
1732.773 533.3299
1739.069 540.2948
1744.528 547.0638
1748.994 551.6182
1754.117 556.576
1760.02 562.0457
1764.165 565.773
1768.064 569.4729
1772.189 573.2162
1774.257 576.2545
1775.719 578.7407
1778.412 581.0062
1780.713 582.5853
1782.443 583.2622
1783.725 583.4028
1785.237 583.94
1786.669 583.3532
1787.384 583.0396
1786.879 582.4495
1784.923 582.6413
1783.641 583.4303
1782.022 584.1454
1782.463 584.1176
1783.225 582.6694
1783.526 581.8524
1783.272 581.2537
1782.087 580.9772
1779.763 581.1694
1776.69 581.7761
1773.47 582.0589
1771.575 582.0393
1771.084 581.5322
1769.887 581.1373
1769.428 580.8845
1768.605 581.1187
1767.782 581.9517
1767.365 583.467
1766.734 584.942
1766.617 586.5609
1766.815 587.9892
1767.343 589.2939
1770.302 591.6649
1771.909 594.2295
1771.378 599.9877
1770.834 602.89
1769.691 605.9287
1768.499 608.6338
1767.22 611.067
1766.052 613.5265
1764.982 616.2419
1764.081 618.9668
1762.632 622.0864
1761.17 624.9812
1758.906 628.327
1757.204 631.8469
1755.667 635.4709
1754.062 638.5625
1754.969 647.4029
1754.289 650.2676
1753.585 653.1305
1751.564 654.6813
1751.149 656.6633
1751.146 658.524
1751.051 659.9017
1750.387 662.0612
1748.444 662.2216
1746.887 663.1306
1745.179 663.5169
1741.946 663.7175
1739.164 664.7092
1736.875 665.6783
1734.898 666.2571
1732.604 666.323
1729.548 665.7769
1726.729 665.0221
1724.479 664.7336
1722.17 664.629
1719.578 664.4233
1716.922 664.3599
1713.068 664.3848
1710.306 664.2839
1708.141 664.0269
1705.811 663.7014
1704.673 663.325
1704.645 663.3166
1703.463 663.236
1702.285 662.9814
1701.684 663.1024
1700.831 663.1505
1700.155 663.3478
1699.533 663.6877
1699.415 664.2596
1698.626 664.4111
1697.834 664.5614
1699.033 665.4722
1701.689 666.3542
1703.914 666.6904
1704.477 667.2432
1704.673 667.821
1704.342 668.4899
1704.488 669.411
1704.63 670.0716
1702.505 670.6039
1702.939 670.408
1703.82 670.4577
1703.213 670.7756
1696.093 670.1666
1691.064 670.0634
1684.868 669.1611
1680.789 668.1619
1674.49 666.3434
1670.736 665.3243
1665.857 663.9432
1660.011 662.7943
1654.793 662.2533
1649.025 662.2499
1643.436 662.4933
1640.219 662.4921
1635.764 662.2574
1633.219 661.3641
1633.255 661.1664
1631.433 661.4614
1628.92 662.1705
1626.022 663.6022
1620.638 665.7565
1616.394 667.4347
1613.001 668.8953
1609.995 670.5551
1608.038 672.58
1606.579 674.3615
1604.771 675.9333
1601.2 677.2915
1596.714 678.5275
1593.383 679.8949
1587.548 681.2015
1579.455 683.4161
1568.799 685.7833
1561.247 687.65
1551.045 689.6575
1545.019 691.5016
1540.116 693.7721
1538.15 697.2726
1535.417 700.0182
1530.62 702.7071
1528.661 704.5001
1525.527 706.4958
1519.172 708.5765
1512.784 710.2722
1508.872 711.9308
1495.011 714.2336
1486.885 715.949
1476.265 717.9744
1465.965 719.7729
1458.2 721.4617
1447.117 723.7635
1440.406 725.578
1434.94 727.1987
1428.631 728.5417
1422.74 729.7382
1419.043 730.0006
1411.537 730.6445
1405.747 730.8581
1396.844 731.5315
1388.641 731.0919
1381.036 730.4349
1369.363 728.3915
1362.63 725.7562
1351.164 723.769
1339.277 719.9968
1331.977 718.4964
1323.87 716.8017
1310.921 713.8961
1301.766 712.4155
1291.362 710.0456
1281.064 706.8479
1266.483 701.7392
1259.323 695.854
1252.24 692.3913
1244.689 689.0275
1239.622 682.5665
1229.993 678.4026
1215.654 673.2648
1204.987 669.3525
1190.868 661.1658
1183.774 656.0909
1179.364 650.2103
1173.855 641.0699
1169.161 634.4961
1164.434 629.8807
1157.083 622.3284
1152.453 616.8773
1147.807 609.1018
1143.753 600.3953
1139.582 592.2443
1135.713 580.0355
1134.726 570.1457
1135.854 561.9727
1137.879 550.0295
1140.887 543.187
1140.606 533.2312
1140.415 524.6874
1145.794 517.7412
1148.89 497.5002
1149.944 496.7165
1150.62 492.5621
1149.583 508.6688
1148.029 516.3394
1147.696 529.191
1145.451 535.0322
1142.252 539.4794
1139.765 540.926
1137.972 541.9611
1134.318 543.2217
1131.677 544.8117
1129.658 544.9441
1129.42 545.133
1125.862 545.2443
1123.337 546.7117
1121.914 546.1054
1120.935 545.6011
1121.263 543.9271
1120.166 539.6067
1120.048 536.2725
1115.847 532.9935
1113.451 531.3574
1109.372 530.2471
1106.525 529.2673
1103.531 528.912
1101.141 528.7162
1098.944 528.5349
1097.975 528.3055
1097.169 528.0573
1095.736 527.704
1096.239 527.3029
1096.109 527.1717
1095.042 527.2628
1094.857 527.3516
1093.776 528.1157
1091.587 528.4623
1089.226 529.0343
1085.858 529.476
1082.414 529.7856
1077.205 530.3479
1070.834 531.057
1064.603 531.8838
1058.101 532.2613
1052.068 532.5887
1046.183 532.9752
1038.812 533.2665
1031.922 533.5345
1024.657 533.8653
1346.304 273.6325
1350.638 271.1566
1361.369 270.2065
1370.627 268.5928
1383.32 266.0843
1394.2 264.465
1402.145 263.9937
1414.103 266.311
1422.416 267.0459
1436.495 267.6289
1449.438 267.529
1463.771 265.4251
1482.04 263.2246
1495.554 261.4771
1516.393 257.7199
1526.691 257.694
1534.595 259.6862
1546.609 261.4066
1549.904 263.0734
1555.293 265.3224
1559.105 269.7303
1556.74 274.8682
1558.289 279.9824
1561.178 285.1479
1564.348 291.3022
1568.922 298.5405
1572.544 304.9183
1577.434 315.05
1580.13 321.7497
1582.995 330.1588
1589.234 343.4088
1591.459 353.7464
1594.636 364.3758
1601.836 374.3664
1607.687 384.7389
1613.615 397.9414
1618.654 407.8835
1625.29 418.2008
1636.823 432.1647
1649.526 442.4046
1661.44 452.1434
1670.952 460.7023
1679.965 469.0062
1688.891 479.1804
1696.552 488.9003
1701.975 497.6338
1714.454 511.3343
1722.462 520.143
1730.434 528.7358
1732.773 533.3299
1739.069 540.2948
1744.528 547.0638
1748.994 551.6182
1754.117 556.576
1760.02 562.0457
1764.165 565.773
1768.064 569.4729
1772.189 573.2162
1774.257 576.2545
1775.719 578.7407
1778.412 581.0062
1780.713 582.5853
1782.443 583.2622
1783.725 583.4028
1785.237 583.94
1786.669 583.3532
1787.384 583.0396
1786.879 582.4495
1784.923 582.6413
1783.641 583.4303
1782.022 584.1454
1782.463 584.1176
1783.225 582.6694
1783.526 581.8524
1783.272 581.2537
1782.087 580.9772
1779.763 581.1694
1776.69 581.7761
1773.47 582.0589
1771.575 582.0393
1771.084 581.5322
1769.887 581.1373
1769.428 580.8845
1768.605 581.1187
1767.782 581.9517
1767.365 583.467
1766.734 584.942
1766.617 586.5609
1766.815 587.9892
1767.343 589.2939
1770.302 591.6649
1771.909 594.2295
1771.378 599.9877
1770.834 602.89
1769.691 605.9287
1768.499 608.6338
1767.22 611.067
1766.052 613.5265
1764.982 616.2419
1764.081 618.9668
1762.632 622.0864
1761.17 624.9812
1758.906 628.327
1757.204 631.8469
1755.667 635.4709
1754.062 638.5625
1754.969 647.4029
1754.289 650.2676
1753.585 653.1305
1751.564 654.6813
1751.149 656.6633
1751.146 658.524
1751.051 659.9017
1750.387 662.0612
1748.444 662.2216
1746.887 663.1306
1745.179 663.5169
1741.946 663.7175
1739.164 664.7092
1736.875 665.6783
1734.898 666.2571
1732.604 666.323
1729.548 665.7769
1726.729 665.0221
1724.479 664.7336
1722.17 664.629
1719.578 664.4233
1716.922 664.3599
1713.068 664.3848
1710.306 664.2839
1708.141 664.0269
1705.811 663.7014
1704.673 663.325
1704.645 663.3166
1703.463 663.236
1702.285 662.9814
1701.684 663.1024
1700.831 663.1505
1700.155 663.3478
1699.533 663.6877
1699.415 664.2596
1698.626 664.4111
1697.834 664.5614
1699.033 665.4722
1701.689 666.3542
1703.914 666.6904
1704.477 667.2432
1704.673 667.821
1704.342 668.4899
1704.488 669.411
1704.63 670.0716
1702.505 670.6039
1702.939 670.408
1703.82 670.4577
1703.213 670.7756
1696.093 670.1666
1691.064 670.0634
1684.868 669.1611
1680.789 668.1619
1674.49 666.3434
1670.736 665.3243
1665.857 663.9432
1660.011 662.7943
1654.793 662.2533
1649.025 662.2499
1643.436 662.4933
1640.219 662.4921
1635.764 662.2574
1633.219 661.3641
1633.255 661.1664
1631.433 661.4614
1628.92 662.1705
1626.022 663.6022
1620.638 665.7565
1616.394 667.4347
1613.001 668.8953
1609.995 670.5551
1608.038 672.58
1606.579 674.3615
1604.771 675.9333
1601.2 677.2915
1596.714 678.5275
1593.383 679.8949
1587.548 681.2015
1579.455 683.4161
1568.799 685.7833
1561.247 687.65
1551.045 689.6575
1545.019 691.5016
1540.116 693.7721
1538.15 697.2726
1535.417 700.0182
1530.62 702.7071
1528.661 704.5001
1525.527 706.4958
1519.172 708.5765
1512.784 710.2722
1508.872 711.9308
1495.011 714.2336
1486.885 715.949
1476.265 717.9744
1465.965 719.7729
1458.2 721.4617
1447.117 723.7635
1440.406 725.578
1434.94 727.1987
1428.631 728.5417
1422.74 729.7382
1419.043 730.0006
1411.537 730.6445
1405.747 730.8581
1396.844 731.5315
1388.641 731.0919
1381.036 730.4349
1369.363 728.3915
1362.63 725.7562
1351.164 723.769
1339.277 719.9968
1331.977 718.4964
1323.87 716.8017
1310.921 713.8961
1301.766 712.4155
1291.362 710.0456
1281.064 706.8479
1266.483 701.7392
1259.323 695.854
1252.24 692.3913
1244.689 689.0275
1239.622 682.5665
1229.993 678.4026
1215.654 673.2648
1204.987 669.3525
1190.868 661.1658
1183.774 656.0909
1179.364 650.2103
1173.855 641.0699
1169.161 634.4961
1164.434 629.8807
1157.083 622.3284
1152.453 616.8773
1147.807 609.1018
1143.753 600.3953
1139.582 592.2443
1135.713 580.0355
1134.726 570.1457
1135.854 561.9727
1137.879 550.0295
1140.887 543.187
1140.606 533.2312
1140.415 524.6874
1145.794 517.7412
1148.89 497.5002
1149.944 496.7165
1150.62 492.5621
1149.583 508.6688
1148.029 516.3394
1147.696 529.191
1145.451 535.0322
1142.252 539.4794
1139.765 540.926
1137.972 541.9611
1134.318 543.2217
1131.677 544.8117
1129.658 544.9441
1129.42 545.133
1125.862 545.2443
1123.337 546.7117
1121.914 546.1054
1120.935 545.6011
1121.263 543.9271
1120.166 539.6067
1120.048 536.2725
1115.847 532.9935
1113.451 531.3574
1109.372 530.2471
1106.525 529.2673
1103.531 528.912
1101.141 528.7162
1098.944 528.5349
1097.975 528.3055
1097.169 528.0573
1095.736 527.704
1096.239 527.3029
1096.109 527.1717
1095.042 527.2628
1094.857 527.3516
1093.776 528.1157
1091.587 528.4623
1089.226 529.0343
1085.858 529.476
1082.414 529.7856
1077.205 530.3479
1070.834 531.057
1064.603 531.8838
1058.101 532.2613
1052.068 532.5887
1046.183 532.9752
1038.812 533.2665
1031.922 533.5345
1024.657 533.8653
1016.725 534.393
1010.593 534.7245
1003.051 535.1573
981.7847 534.4919
962.722 531.6997
952.1716 529.9644
944.0446 529.496
933.9772 528.9584
922.2451 526.9394
907.9157 523.4435
894.8727 520.1245
882.8802 518.2689
868.2305 516.7164
864.2933 518.7035
861.7432 519.5256
860.1875 520.1622
859.5212 520.7659
858.3782 521.5587
859.5563 521.3176
863.1074 520.3951
866.3649 519.8819
869.905 520.1667
871.0667 520.5789
870.1741 520.4788
867.8288 520.4869
864.6042 521.1548
863.2803 521.3531
864.2809 521.3914
870.111 521.7921
875.1087 522.3882
890.2051 523.2399
906.2835 523.6268
935.4033 522.7125
968.7084 521.1402
1009.992 519.3965
1053.576 519.3411
1101.145 522.2232
1159.552 528.2192
1208.998 532.198
1250.349 535.5544
1277.733 535.8436
1306.491 537.0854
1337.973 534.2823
1361.002 528.7825
1388.197 525.8868
1398.008 521.9849
1411.089 521.0688
1419.139 520.0062
1424.454 519.0105
1424.882 517.1465
1419.962 515.0573
1412.126 513.5555
1401.686 512.9867
1389.879 512.1827
1377.941 510.1656
1363.531 507.2628
1345.176 505.1039
1330.26 503.962
1314.836 503.3243
1298.845 502.7233
1281.779 501.2202
1265.981 499.5736
1250.465 497.7994
1236.209 495.7868
1225.552 493.7563
1217.62 492.2681
1214.15 492.149
1211.775 492.3681
1211.272 491.9657
1211.181 491.7724
1211.447 491.7851
1212.266 491.7515
1213.532 491.8876
1214.713 492.1208
1215.839 492.2502
1216.857 492.1969
1217.596 492.1749
1217.981 492.1581
1218.19 492.2058
1218.722 492.1878
1218.865 492.0491
1218.825 491.6374
1218.251 491.7678
1217.365 491.9769
1216.891 492.1214
1216.072 492.2768
1214.58 491.9323
1212.358 491.7164
1210.398 491.7606
1208.46 491.3367
1207.306 490.5356
1206.708 490.0588
1207.163 490.0895
1207.966 490.4422
1207.932 490.7606
1207.514 491.1527
1207.159 491.1254
1206.552 490.9619
1205.88 490.6603
1206.223 489.6414
1206.509 488.9654
1206.824 488.855
1207.197 489.2648
1207.482 489.5742
1206.549 489.8039
1205.451 489.6949
1205.177 489.5497
1205.095 489.5421
1204.764 489.5408
1204.495 489.4594
1203.91 489.8186
1203.931 490.3123
1203.487 490.5589
1202.922 490.2632
1203.11 489.5685
1203.211 489.3781
1203.439 490.0999
1203.508 490.6835
1202.711 490.9081
1202.399 490.7525
1201.991 490.3218
1201.614 489.6773
1201.173 489.0708
1200.806 488.6825
1201.557 488.7687
1201.505 488.8325
1201.402 488.9902
1201.091 489.226
1201.035 489.2485
1201.068 489.1114
1200.938 489.0303
1201.122 489.0475
1201.37 488.9945
1201.502 489.1897
1201.216 489.7135
1200.559 489.9533
1199.682 489.6417
1199.55 489.4212
1199.65 489.3578
1199.537 489.1767
1199.297 489.0719
1198.927 488.7212
1199.004 488.4192
1202.786 490.5733
1201.471 491.429
1201.362 490.4111
1196.222 490.045
1192.236 491.7103
1189.147 491.5489
1183.996 492.6719
1180.946 493.9479
1182.363 492.7411
1183.024 491.3641
1182.425 493.1657
1179.3 495.4926
1174.804 495.0375
1169.556 495.2323
1167.406 493.8992
1167.791 490.9449
1169.297 488.6271
1170.351 489.2893
1171.851 491.0475
1172.912 493.4182
1173.562 494.3527
1173.598 492.883
1173.153 491.1515
1171.053 491.3241
1169.563 491.2031
1167.748 490.8893
1165.222 491.0031
1163.044 490.0296
1160.741 490.3124
1159.212 491.3973
1158.857 492.1187
1159.722 492.9537
1159.4 493.7057
1158.799 494.0311
1160.975 492.5342
1162.461 491.7257
1163.298 494.1206
1165.613 492.5034
1168.499 488.7359
1169.145 490.6761
1169.812 491.6487
1168.892 491.7157
1165.057 491.2993
1163.568 490.3496
1161.412 490.7106
1158.504 490.9991
1156.738 487.9039
1157.29 487.1855
1157.508 483.9645
1156.075 480.3427
1153.318 480.2913
1150.953 481.3411
1147.676 482.9919
1146.663 485.7202
1146.502 488.782
1146.639 491.0831
1147.148 495.9933
1143.669 506.1243
1137.493 514.9714
1126.93 523.6243
1103.378 532.0215
1066.121 541.1778
1025.664 546.4112
998.2349 548.9186
991.0858 550.072
992.787 539.8293
992.0388 539.1108
996.7235 541.8994
1015.784 543.3785
1035.035 547.1866
1055.08 551.831
1072.373 556.2803
1089.763 558.5797
1100.056 556.5687
1105.34 550.0519
1108.328 540.1758
1108.579 532.6327
1103.651 529.408
1095.352 529.0804
1087.336 531.4581
1082.301 531.557
1081.267 531.2333
1081.09 529.3537
1081.022 527.5336
1081.306 526.4882
1079.793 525.5487
1076.087 525.1908
1072.515 524.8439
1067.814 524.879
1065.7 524.3611
1065.098 523.9291
1065.984 522.7014
1065.805 522.6194
1071.484 523.2501
1073.567 522.1545
1075.813 522.3427
1076.355 521.304
1078.49 521.5802
1074.916 521.9281
1074.69 522.7026
1073.553 523.0639
1074.188 523.2115
1075.145 522.3228
1074.341 520.9547
1074.892 518.8282
1076.814 518.2584
1078.458 518.5427
1080.993 519.2855
1084.657 520.4862
1084.901 522.4483
1087.258 522.8348
1087.387 522.5942
1080.406 518.2521
1075.741 516.0675
1068.835 515.3197
1063.584 516.4791
1061.778 518.0726
1057.955 519.257
1056.359 520.1379
1055.998 519.9414
1054.661 519.0234
1056.605 518.9367
1054.856 519.3997
1056.403 520.2627
1056.401 521.6161
1056.371 523.5491
1056.8 524.5455
1056.652 525.053
1056.474 524.5698
1055.472 523.4837
1056.523 522.2056
1056.613 521.1663
1055.885 520.5228
1055.924 519.9655
1055.253 518.9397
1053.564 517.3923
1052.932 516.4919
1050.616 514.2813
1049.872 513.3391
1050.219 513.1695
1051.524 513.191
1053.09 513.3414
1056.976 513.6129
1060.337 513.8533
1064.002 513.7831
1068.309 513.6589
1072.454 514.0333
1076.27 514.6511
1080.094 515.1653
1083.599 515.4718
1087.453 516.652
1089.949 516.3941
1091.701 516.0751
1092.711 515.2668
1093.819 514.6315
1093.982 514.1652
1094.12 514.1048
1016.725 534.393
1010.593 534.7245
1003.051 535.1573
981.7847 534.4919
962.722 531.6997
952.1716 529.9644
944.0446 529.496
933.9772 528.9584
922.2451 526.9394
907.9157 523.4435
894.8727 520.1245
882.8802 518.2689
868.2305 516.7164
864.2933 518.7035
861.7432 519.5256
860.1875 520.1622
859.5212 520.7659
858.3782 521.5587
859.5563 521.3176
863.1074 520.3951
866.3649 519.8819
869.905 520.1667
871.0667 520.5789
870.1741 520.4788
867.8288 520.4869
864.6042 521.1548
863.2803 521.3531
864.2809 521.3914
870.111 521.7921
875.1087 522.3882
890.2051 523.2399
906.2835 523.6268
935.4033 522.7125
968.7084 521.1402
1009.992 519.3965
1053.576 519.3411
1101.145 522.2232
1159.552 528.2192
1208.998 532.198
1250.349 535.5544
1277.733 535.8436
1306.491 537.0854
1337.973 534.2823
1361.002 528.7825
1388.197 525.8868
1398.008 521.9849
1411.089 521.0688
1419.139 520.0062
1424.454 519.0105
1424.882 517.1465
1419.962 515.0573
1412.126 513.5555
1401.686 512.9867
1389.879 512.1827
1377.941 510.1656
1363.531 507.2628
1345.176 505.1039
1330.26 503.962
1314.836 503.3243
1298.845 502.7233
1281.779 501.2202
1265.981 499.5736
1250.465 497.7994
1236.209 495.7868
1225.552 493.7563
1217.62 492.2681
1214.15 492.149
1211.775 492.3681
1211.272 491.9657
1211.181 491.7724
1211.447 491.7851
1212.266 491.7515
1213.532 491.8876
1214.713 492.1208
1215.839 492.2502
1216.857 492.1969
1217.596 492.1749
1217.981 492.1581
1218.19 492.2058
1218.722 492.1878
1218.865 492.0491
1218.825 491.6374
1218.251 491.7678
1217.365 491.9769
1216.891 492.1214
1216.072 492.2768
1214.58 491.9323
1212.358 491.7164
1210.398 491.7606
1208.46 491.3367
1207.306 490.5356
1206.708 490.0588
1207.163 490.0895
1207.966 490.4422
1207.932 490.7606
1207.514 491.1527
1207.159 491.1254
1206.552 490.9619
1205.88 490.6603
1206.223 489.6414
1206.509 488.9654
1206.824 488.855
1207.197 489.2648
1207.482 489.5742
1206.549 489.8039
1205.451 489.6949
1205.177 489.5497
1205.095 489.5421
1204.764 489.5408
1204.495 489.4594
1203.91 489.8186
1203.931 490.3123
1203.487 490.5589
1202.922 490.2632
1203.11 489.5685
1203.211 489.3781
1203.439 490.0999
1203.508 490.6835
1202.711 490.9081
1202.399 490.7525
1201.991 490.3218
1201.614 489.6773
1201.173 489.0708
1200.806 488.6825
1201.557 488.7687
1201.505 488.8325
1201.402 488.9902
1201.091 489.226
1201.035 489.2485
1201.068 489.1114
1200.938 489.0303
1201.122 489.0475
1201.37 488.9945
1201.502 489.1897
1201.216 489.7135
1200.559 489.9533
1199.682 489.6417
1199.55 489.4212
1199.65 489.3578
1199.537 489.1767
1199.297 489.0719
1198.927 488.7212
1199.004 488.4192
1202.786 490.5733
1201.471 491.429
1201.362 490.4111
1196.222 490.045
1192.236 491.7103
1189.147 491.5489
1183.996 492.6719
1180.946 493.9479
1182.363 492.7411
1183.024 491.3641
1182.425 493.1657
1179.3 495.4926
1174.804 495.0375
1169.556 495.2323
1167.406 493.8992
1167.791 490.9449
1169.297 488.6271
1170.351 489.2893
1171.851 491.0475
1172.912 493.4182
1173.562 494.3527
1173.598 492.883
1173.153 491.1515
1171.053 491.3241
1169.563 491.2031
1167.748 490.8893
1165.222 491.0031
1163.044 490.0296
1160.741 490.3124
1159.212 491.3973
1158.857 492.1187
1159.722 492.9537
1159.4 493.7057
1158.799 494.0311
1160.975 492.5342
1162.461 491.7257
1163.298 494.1206
1165.613 492.5034
1168.499 488.7359
1169.145 490.6761
1169.812 491.6487
1168.892 491.7157
1165.057 491.2993
1163.568 490.3496
1161.412 490.7106
1158.504 490.9991
1156.738 487.9039
1157.29 487.1855
1157.508 483.9645
1156.075 480.3427
1153.318 480.2913
1150.953 481.3411
1147.676 482.9919
1146.663 485.7202
1146.502 488.782
1146.639 491.0831
1147.148 495.9933
1143.669 506.1243
1137.493 514.9714
1126.93 523.6243
1103.378 532.0215
1066.121 541.1778
1025.664 546.4112
998.2349 548.9186
991.0858 550.072
992.787 539.8293
992.0388 539.1108
996.7235 541.8994
1015.784 543.3785
1035.035 547.1866
1055.08 551.831
1072.373 556.2803
1089.763 558.5797
1100.056 556.5687
1105.34 550.0519
1108.328 540.1758
1108.579 532.6327
1103.651 529.408
1095.352 529.0804
1087.336 531.4581
1082.301 531.557
1081.267 531.2333
1081.09 529.3537
1081.022 527.5336
1081.306 526.4882
1079.793 525.5487
1076.087 525.1908
1072.515 524.8439
1067.814 524.879
1065.7 524.3611
1065.098 523.9291
1065.984 522.7014
1065.805 522.6194
1071.484 523.2501
1073.567 522.1545
1075.813 522.3427
1076.355 521.304
1078.49 521.5802
1074.916 521.9281
1074.69 522.7026
1073.553 523.0639
1074.188 523.2115
1075.145 522.3228
1074.341 520.9547
1074.892 518.8282
1076.814 518.2584
1078.458 518.5427
1080.993 519.2855
1084.657 520.4862
1084.901 522.4483
1087.258 522.8348
1087.387 522.5942
1080.406 518.2521
1075.741 516.0675
1068.835 515.3197
1063.584 516.4791
1061.778 518.0726
1057.955 519.257
1056.359 520.1379
1055.998 519.9414
1054.661 519.0234
1056.605 518.9367
1054.856 519.3997
1056.403 520.2627
1056.401 521.6161
1056.371 523.5491
1056.8 524.5455
1056.652 525.053
1056.474 524.5698
1055.472 523.4837
1056.523 522.2056
1056.613 521.1663
1055.885 520.5228
1055.924 519.9655
1055.253 518.9397
1053.564 517.3923
1052.932 516.4919
1050.616 514.2813
1049.872 513.3391
1050.219 513.1695
1051.524 513.191
1053.09 513.3414
1056.976 513.6129
1060.337 513.8533
1064.002 513.7831
1068.309 513.6589
1072.454 514.0333
1076.27 514.6511
1080.094 515.1653
1083.599 515.4718
1087.453 516.652
1089.949 516.3941
1091.701 516.0751
1092.711 515.2668
1093.819 514.6315
1093.982 514.1652
1094.12 514.1048
1093.579 514.5602
1093.573 514.7296
1093.341 514.925
1093.289 515.0184
1093.414 514.9061
1093.444 514.7629
1093.329 514.5495
1093.584 514.2982
1093.062 514.2069
1092.939 514.1295
1092.611 514.0666
1092 513.8224
1091.612 513.5318
1091.242 513.2098
1091.043 513.1138
1090.888 513.2434
1091.03 513.3509
1091.284 513.4227
1091.811 513.4461
1092.201 513.5374
1092.491 513.4642
1092.683 513.3817
1092.949 513.1601
1093.131 512.9313
1093.437 512.7296
1093.854 512.6708
1094.048 512.8871
1094.371 513.2529
1094.474 513.3198
1094.737 513.1805
1094.923 512.9502
1095.274 512.712
1095.46 512.5859
1095.611 512.6672
1095.736 512.7311
1095.858 512.8612
1095.868 512.9192
1096.502 512.8802
1096.569 512.8706
1096.902 513.0752
1095.315 512.7635
1094.428 511.7004
1092.66 510.595
1091.857 509.4152
1090.045 508.1153
1088.472 506.9027
1086.863 505.8506
1085.03 505.3023
1083.955 505.092
1083.183 505.227
1082.338 505.7683
1082.1 506.5302
1081.776 506.887
1082.536 508.3758
1082.617 509.2919
1082.99 510.468
1083.658 511.439
1084.236 512.3135
1084.905 512.934
1085.544 513.3228
1086.067 513.5013
1086.289 513.6216
1086.412 513.7083
1086.553 513.995
1086.368 514.349
1086.315 514.6729
1086.237 515.0253
1086.042 515.3926
1085.731 515.7512
1085.49 515.9736
1085.946 516.012
1084.235 517.8378
1083.952 517.9152
1085.133 517.9377
1084.279 518.3156
1084.153 518.6778
1083.317 518.8441
1082.521 518.9559
1082.525 518.8253
1082.488 518.6165
1082.473 518.1221
1082.241 517.6796
1082.019 517.4981
1084.027 515.3004
1084.259 514.7521
1086.139 514.0175
1086.854 513.8218
1087.448 513.5637
1088.419 513.1565
1089.151 513.1616
1090.221 512.8135
1091.56 512.0903
1092.852 511.6087
1094.041 511.5161
1094.975 512.0403
1096.138 512.1058
1097.282 512.3891
1098.06 512.9461
1098.675 513.1068
1098.309 512.8564
1097.008 512.4011
1096.149 512.1721
1095.101 512.41
1093.752 512.6928
1092.74 512.3832
1092.611 511.607
1092.366 511.151
1092.206 511.0982
1092.001 510.9025
1091.644 510.6751
1092.993 512.7065
1092.546 513.1932
1092.551 513.0704
1092.544 512.3126
1092.541 511.536
1092.363 511.1843
1092.274 511.4874
1092.265 511.7557
1092.447 512.333
1092.423 512.7323
1092.425 512.9169
1092.258 513.0588
1092.212 513.2679
1092.292 513.3181
1092.423 513.4766
1092.672 513.6991
1092.786 513.8445
1093.154 513.7717
1093.65 513.5839
1094.496 512.7175
1094.605 512.1252
1094.745 511.8122
1094.552 511.7238
1093.938 511.7999
1093.524 511.7658
1092.821 511.8387
1092.188 511.6291
1091.49 511.3904
1090.598 511.4169
1090.319 511.6159
1089.931 512.0701
1090.011 512.4283
1090.168 513.0547
1092.16 513.7402
1094.74 514.5332
1098.035 515.7159
1102.168 516.6459
1106.514 517.3488
1110.747 517.9552
1114.505 518.264
1117.664 518.1609
1120.41 517.6876
1122.179 517.0793
1123.027 516.0408
1123.241 514.8144
1122.068 513.2535
1120.895 511.8998
1117.696 510.608
1115.132 509.6686
1111.435 509.334
1107.913 509.1864
1104.748 509.6839
1101.846 509.6161
1099.139 509.6004
1098.462 510.5573
1098.121 510.7005
1098.305 510.3112
1098.682 509.6433
1098.984 508.9428
1099.148 508.3166
1099.211 508.1049
1099.429 508.1897
1099.466 508.5801
1099.724 509.2212
1100.026 509.9959
1100.352 510.631
1100.424 511.2455
1100.302 511.6674
1100.318 512.0513
1100.161 512.439
1099.975 512.7353
1099.688 512.8167
1099.334 512.798
1098.809 512.704
1098.356 512.6308
1098.173 512.5081
1097.913 512.4863
1097.83 512.4341
1097.541 512.4456
1097.372 512.4774
1097.211 512.4456
1097.321 512.2888
1097.277 512.186
1097.247 512.0471
1097.269 511.9029
1097.2 511.8336
1097.122 511.6787
1097.098 511.4998
1097.026 511.4021
1097.008 511.4256
1097.069 511.4744
1096.843 511.6181
1096.829 511.6342
1097.175 511.6609
1097.51 511.7718
1097.568 512.084
1098.452 512.3722
1098.991 512.4476
1099.519 512.4523
1099.98 512.3406
1100.021 512.375
1100.08 512.3961
1099.775 512.7285
1099.019 513.1843
1097.425 513.3503
1095.292 513.3878
1092.622 512.9619
1089.077 512.6719
1085.6 512.373
1082.436 512.0045
1079.712 511.3055
1077.496 510.8433
1075.729 510.4762
1074.245 510.1825
1073.667 509.7189
1073.243 509.23
1073.637 508.2981
1074.671 507.4176
1076.5 506.4986
1078.963 505.8212
1081.563 505.2884
1084.297 504.7446
1087.877 503.9626
1090.621 503.1328
1092.611 502.5828
1094.022 502.3712
1095.18 502.3322
1095.483 502.5779
1096.401 502.7111
1096.918 503.022
1096.388 505.1194
1095.434 506.1026
1094.586 506.2067
1093.818 505.3256
1093.175 504.4413
1092.918 503.9587
1092.257 504.1198
1092.067 504.6212
1092.432 504.9035
1093.416 504.1749
1094.919 503.0925
1096.734 501.8754
1098.062 501.0751
1098.782 500.956
1099.273 501.2698
1099.938 501.7911
1100.246 502.33
1100.582 502.9276
1100.977 503.4548
1101.053 503.9143
1101.281 504.2867
1101.561 504.4166
1101.975 504.5685
1102.788 504.6794
1103.522 504.7694
1104.383 504.812
1104.991 504.989
1105.894 505.0412
1106.486 505.1676
1107.568 505.1266
1108.505 504.4681
1109.112 504.0239
1109.947 503.6628
1110.458 503.554
1110.766 503.8941
1110.644 504.5115
1110.583 505.0348
1110.798 505.3869
1110.969 505.4521
1111.169 505.2217
1111.26 505.0297
1111.242 504.9773
1111.365 504.9688
1111.017 504.6308
1110.798 504.4439
1110.734 504.3386
1110.776 504.0347
1111.122 503.7562
1111.042 503.58
1110.972 503.5165
1110.786 503.7116
1110.376 504.2419
1109.919 505.0361
1109.212 505.8831
1108.702 506.4657
1108.03 506.6068
1107.594 506.3334
1107.367 505.5613
1107.391 504.7773
1107.135 504.0232
1093.579 514.5602
1093.573 514.7296
1093.341 514.925
1093.289 515.0184
1093.414 514.9061
1093.444 514.7629
1093.329 514.5495
1093.584 514.2982
1093.062 514.2069
1092.939 514.1295
1092.611 514.0666
1092 513.8224
1091.612 513.5318
1091.242 513.2098
1091.043 513.1138
1090.888 513.2434
1091.03 513.3509
1091.284 513.4227
1091.811 513.4461
1092.201 513.5374
1092.491 513.4642
1092.683 513.3817
1092.949 513.1601
1093.131 512.9313
1093.437 512.7296
1093.854 512.6708
1094.048 512.8871
1094.371 513.2529
1094.474 513.3198
1094.737 513.1805
1094.923 512.9502
1095.274 512.712
1095.46 512.5859
1095.611 512.6672
1095.736 512.7311
1095.858 512.8612
1095.868 512.9192
1096.502 512.8802
1096.569 512.8706
1096.902 513.0752
1095.315 512.7635
1094.428 511.7004
1092.66 510.595
1091.857 509.4152
1090.045 508.1153
1088.472 506.9027
1086.863 505.8506
1085.03 505.3023
1083.955 505.092
1083.183 505.227
1082.338 505.7683
1082.1 506.5302
1081.776 506.887
1082.536 508.3758
1082.617 509.2919
1082.99 510.468
1083.658 511.439
1084.236 512.3135
1084.905 512.934
1085.544 513.3228
1086.067 513.5013
1086.289 513.6216
1086.412 513.7083
1086.553 513.995
1086.368 514.349
1086.315 514.6729
1086.237 515.0253
1086.042 515.3926
1085.731 515.7512
1085.49 515.9736
1085.946 516.012
1084.235 517.8378
1083.952 517.9152
1085.133 517.9377
1084.279 518.3156
1084.153 518.6778
1083.317 518.8441
1082.521 518.9559
1082.525 518.8253
1082.488 518.6165
1082.473 518.1221
1082.241 517.6796
1082.019 517.4981
1084.027 515.3004
1084.259 514.7521
1086.139 514.0175
1086.854 513.8218
1087.448 513.5637
1088.419 513.1565
1089.151 513.1616
1090.221 512.8135
1091.56 512.0903
1092.852 511.6087
1094.041 511.5161
1094.975 512.0403
1096.138 512.1058
1097.282 512.3891
1098.06 512.9461
1098.675 513.1068
1098.309 512.8564
1097.008 512.4011
1096.149 512.1721
1095.101 512.41
1093.752 512.6928
1092.74 512.3832
1092.611 511.607
1092.366 511.151
1092.206 511.0982
1092.001 510.9025
1091.644 510.6751
1092.993 512.7065
1092.546 513.1932
1092.551 513.0704
1092.544 512.3126
1092.541 511.536
1092.363 511.1843
1092.274 511.4874
1092.265 511.7557
1092.447 512.333
1092.423 512.7323
1092.425 512.9169
1092.258 513.0588
1092.212 513.2679
1092.292 513.3181
1092.423 513.4766
1092.672 513.6991
1092.786 513.8445
1093.154 513.7717
1093.65 513.5839
1094.496 512.7175
1094.605 512.1252
1094.745 511.8122
1094.552 511.7238
1093.938 511.7999
1093.524 511.7658
1092.821 511.8387
1092.188 511.6291
1091.49 511.3904
1090.598 511.4169
1090.319 511.6159
1089.931 512.0701
1090.011 512.4283
1090.168 513.0547
1092.16 513.7402
1094.74 514.5332
1098.035 515.7159
1102.168 516.6459
1106.514 517.3488
1110.747 517.9552
1114.505 518.264
1117.664 518.1609
1120.41 517.6876
1122.179 517.0793
1123.027 516.0408
1123.241 514.8144
1122.068 513.2535
1120.895 511.8998
1117.696 510.608
1115.132 509.6686
1111.435 509.334
1107.913 509.1864
1104.748 509.6839
1101.846 509.6161
1099.139 509.6004
1098.462 510.5573
1098.121 510.7005
1098.305 510.3112
1098.682 509.6433
1098.984 508.9428
1099.148 508.3166
1099.211 508.1049
1099.429 508.1897
1099.466 508.5801
1099.724 509.2212
1100.026 509.9959
1100.352 510.631
1100.424 511.2455
1100.302 511.6674
1100.318 512.0513
1100.161 512.439
1099.975 512.7353
1099.688 512.8167
1099.334 512.798
1098.809 512.704
1098.356 512.6308
1098.173 512.5081
1097.913 512.4863
1097.83 512.4341
1097.541 512.4456
1097.372 512.4774
1097.211 512.4456
1097.321 512.2888
1097.277 512.186
1097.247 512.0471
1097.269 511.9029
1097.2 511.8336
1097.122 511.6787
1097.098 511.4998
1097.026 511.4021
1097.008 511.4256
1097.069 511.4744
1096.843 511.6181
1096.829 511.6342
1097.175 511.6609
1097.51 511.7718
1097.568 512.084
1098.452 512.3722
1098.991 512.4476
1099.519 512.4523
1099.98 512.3406
1100.021 512.375
1100.08 512.3961
1099.775 512.7285
1099.019 513.1843
1097.425 513.3503
1095.292 513.3878
1092.622 512.9619
1089.077 512.6719
1085.6 512.373
1082.436 512.0045
1079.712 511.3055
1077.496 510.8433
1075.729 510.4762
1074.245 510.1825
1073.667 509.7189
1073.243 509.23
1073.637 508.2981
1074.671 507.4176
1076.5 506.4986
1078.963 505.8212
1081.563 505.2884
1084.297 504.7446
1087.877 503.9626
1090.621 503.1328
1092.611 502.5828
1094.022 502.3712
1095.18 502.3322
1095.483 502.5779
1096.401 502.7111
1096.918 503.022
1096.388 505.1194
1095.434 506.1026
1094.586 506.2067
1093.818 505.3256
1093.175 504.4413
1092.918 503.9587
1092.257 504.1198
1092.067 504.6212
1092.432 504.9035
1093.416 504.1749
1094.919 503.0925
1096.734 501.8754
1098.062 501.0751
1098.782 500.956
1099.273 501.2698
1099.938 501.7911
1100.246 502.33
1100.582 502.9276
1100.977 503.4548
1101.053 503.9143
1101.281 504.2867
1101.561 504.4166
1101.975 504.5685
1102.788 504.6794
1103.522 504.7694
1104.383 504.812
1104.991 504.989
1105.894 505.0412
1106.486 505.1676
1107.568 505.1266
1108.505 504.4681
1109.112 504.0239
1109.947 503.6628
1110.458 503.554
1110.766 503.8941
1110.644 504.5115
1110.583 505.0348
1110.798 505.3869
1110.969 505.4521
1111.169 505.2217
1111.26 505.0297
1111.242 504.9773
1111.365 504.9688
1111.017 504.6308
1110.798 504.4439
1110.734 504.3386
1110.776 504.0347
1111.122 503.7562
1111.042 503.58
1110.972 503.5165
1110.786 503.7116
1110.376 504.2419
1109.919 505.0361
1109.212 505.8831
1108.702 506.4657
1108.03 506.6068
1107.594 506.3334
1107.367 505.5613
1107.391 504.7773
1107.135 504.0232
1106.863 503.4259
1106.543 503.1841
1106.03 503.2016
1105.65 503.3124
1105.233 503.5027
1104.969 503.6196
1104.746 503.6624
1104.765 503.7194
1104.756 503.7562
1104.878 503.6561
1105 503.5491
1105.198 503.4519
1105.404 503.2726
1105.546 503.1898
1105.845 503.1969
1106.12 503.3398
1106.466 503.4735
1106.611 503.6203
1106.772 503.7143
1107.145 503.7584
1107.362 503.6989
1107.664 503.6806
1107.868 503.6968
1108.063 503.7043
1108.072 503.8605
1107.962 503.9894
1107.859 504.1146
1107.516 504.2479
1107.545 504.2914
1107.366 504.3832
1106.963 504.347
1106.769 504.3352
1106.611 504.2554
1106.512 504.1311
1106.416 503.9719
1106.304 503.8387
1106.226 503.4678
1106.278 503.1818
1106.259 502.8441
1106.377 502.4496
1106.376 502.1604
1106.222 501.8662
1106.174 501.6919
1106.133 501.5712
1105.807 501.6123
1105.717 501.4794
1105.708 501.8406
1105.566 501.8012
1105.707 501.8228
1105.498 501.8515
1105.474 501.7894
1105.381 501.7138
1105.366 501.5235
1105.326 501.3583
1105.305 501.2693
1105.245 501.1754
1105.193 501.0948
1105.359 501.1041
1105.336 501.1555
1105.613 501.3431
1105.977 501.2501
1106.214 501.2092
1106.337 501.1379
1106.623 501.0876
1106.694 501.0811
1106.765 501.0856
1107.185 500.9932
1107.148 501.0208
1107.212 501.0293
1107.438 501.039
1107.46 501.0444
1107.42 501.0512
1107.336 500.9606
1107.2 500.9066
1107.199 500.8038
1107.21 500.6948
1107.193 500.6349
1107.005 500.6196
1106.885 500.5891
1106.821 500.5533
1106.849 500.5476
1106.792 500.4778
1106.909 500.4131
1106.876 500.3643
1107.019 500.2542
1107.086 500.1995
1107.34 500.1624
1107.306 500.1933
1107.515 500.1915
1107.513 500.2626
1107.932 500.2408
1107.788 500.1895
1108.048 500.1283
1108.001 500.0528
1108.135 499.9844
1108.268 499.9777
1108.055 499.8087
1107.997 499.7009
1107.944 499.6596
1107.943 499.5916
1107.958 499.6333
1107.696 499.7178
1107.888 499.6711
1107.762 499.6444
1107.803 499.6696
1107.915 499.776
1108.02 499.8358
1108.069 500.0209
1108.135 500.205
1108.498 500.2162
1108.395 500.2377
1108.306 500.0683
1108.211 500.0068
1108.211 499.988
1108.271 499.7289
1108.16 499.56
1107.966 499.4428
1107.79 499.379
1107.932 499.2824
1107.698 499.3083
1107.594 499.314
1107.618 499.3271
1107.347 499.3428
1107.386 499.2968
1107.221 499.3088
1107.394 499.2911
1107.203 499.2987
1107.307 499.3037
1107.356 499.3282
1107.186 499.2548
1107.102 499.204
1107.037 499.0722
1107.074 498.9837
1106.967 498.9564
1106.976 498.896
1106.99 498.8701
1107.119 498.8653
1107.153 498.897
1107.167 498.8775
1107.359 499.0757
1107.347 499.1996
1107.436 499.2076
1107.489 499.1909
1107.583 499.0952
1107.544 499.0762
1107.585 499.0659
1107.652 498.9855
1107.552 499.0537
1107.491 499.0533
1107.367 498.9654
1107.215 498.866
1107.137 498.8268
1106.818 498.5826
1106.727 498.4607
1106.564 498.3812
1106.669 498.2579
1106.77 498.2617
1106.602 498.4153
1106.637 498.4658
1106.587 498.5267
1106.63 498.6741
1106.559 498.718
1106.637 498.6964
1106.59 498.6198
1106.771 498.5641
1106.87 498.4514
1107.135 498.351
1106.957 498.2861
1107.014 498.1594
1106.962 498.0889
1106.869 498.0794
1106.653 498.0276
1106.671 498.001
1106.59 497.8991
1106.335 497.8857
1106.247 497.8255
1106.261 497.8368
1106.183 497.8988
1106.137 498.0091
1106.144 498.1327
1106.151 498.1851
1106.385 498.3925
1106.458 498.4459
1106.63 498.5737
1106.691 498.61
1106.773 498.5721
1106.819 498.5921
1106.926 498.5208
1107.1 498.4861
1107.161 498.5132
1107.107 498.539
1107.149 498.5251
1106.905 498.8962
1106.872 498.8508
1106.715 498.826
1106.554 498.7897
1106.474 498.7165
1106.153 498.757
1106.042 498.7192
1105.691 498.7106
1105.282 498.6673
1105.058 498.6025
1104.323 498.4732
1104.227 498.4559
1104.095 498.4305
1103.832 498.4015
1103.808 498.2916
1103.574 498.3758
1103.261 498.4592
1102.98 498.3694
1102.451 498.3147
1102.286 498.1904
1102.136 497.9808
1102.042 497.8217
1101.925 497.7423
1101.522 497.729
1101.354 497.6053
1100.828 497.5499
1100.607 497.4198
1100.377 497.2806
1100.227 497.1086
1100.077 496.8972
1100.598 496.6183
1101.089 496.4207
1101.754 496.2904
1102.668 496.2204
1104.341 496.1247
1105.084 496.014
1105.786 495.7574
1106.759 495.5703
1108.013 495.4957
1107.765 495.3852
1104.546 495.7567
1102.839 496.1255
1100.539 496.5387
1095.626 497.0053
1089.07 497.29
1081.479 497.5437
1073.351 497.6423
1064.059 497.6003
1056.672 497.5818
1048.292 497.6848
1039.926 498.016
1030.603 498.5704
1020.793 498.7349
1008.7 498.4962
973.9144 497.2119
888.7122 493.4577
793.9359 489.414
760.0687 489.4648
738.1364 489.7293
721.2454 490.1407
718.4232 490.7953
716.3535 491.4241
709.4053 492.4129
709.3076 493.2636
714.9681 493.6933
719.4778 493.3798
721.2731 493.8078
738.0837 493.5681
736.3568 494.3564
757.7402 492.9329
766.5625 492.8729
776.4651 493.1065
780.4551 493.6432
786.5075 492.8008
791.4896 494.0099
797.665 494.5887
804.4577 495.5736
810.5261 496.0328
819.9954 501.1779
829.2864 505.6547
845.6504 512.5941
884.1413 527.3146
893.9785 534.3572
903.3408 541.2675
913.0866 548.2361
922.2897 554.7086
932.197 561.2224
941.8454 566.5727
951.6716 572.3517
960.6946 576.4738
970.0228 581.1714
1104.344 703.2604
1082.47 689.3889
1099.197 697.5382
1098.364 694.7791
1101.092 692.7621
1104.829 694.6707
1101.118 693.5413
1100.857 694.6075
1099.017 695.2305
1099.557 697.7306
1096.511 698.5364
1079.287 691.0203
1067.197 687.4012
1063.57 687.5927
1059.981 686.9084
1055.926 684.8222
1060.797 686.1942
1106.863 503.4259
1106.543 503.1841
1106.03 503.2016
1105.65 503.3124
1105.233 503.5027
1104.969 503.6196
1104.746 503.6624
1104.765 503.7194
1104.756 503.7562
1104.878 503.6561
1105 503.5491
1105.198 503.4519
1105.404 503.2726
1105.546 503.1898
1105.845 503.1969
1106.12 503.3398
1106.466 503.4735
1106.611 503.6203
1106.772 503.7143
1107.145 503.7584
1107.362 503.6989
1107.664 503.6806
1107.868 503.6968
1108.063 503.7043
1108.072 503.8605
1107.962 503.9894
1107.859 504.1146
1107.516 504.2479
1107.545 504.2914
1107.366 504.3832
1106.963 504.347
1106.769 504.3352
1106.611 504.2554
1106.512 504.1311
1106.416 503.9719
1106.304 503.8387
1106.226 503.4678
1106.278 503.1818
1106.259 502.8441
1106.377 502.4496
1106.376 502.1604
1106.222 501.8662
1106.174 501.6919
1106.133 501.5712
1105.807 501.6123
1105.717 501.4794
1105.708 501.8406
1105.566 501.8012
1105.707 501.8228
1105.498 501.8515
1105.474 501.7894
1105.381 501.7138
1105.366 501.5235
1105.326 501.3583
1105.305 501.2693
1105.245 501.1754
1105.193 501.0948
1105.359 501.1041
1105.336 501.1555
1105.613 501.3431
1105.977 501.2501
1106.214 501.2092
1106.337 501.1379
1106.623 501.0876
1106.694 501.0811
1106.765 501.0856
1107.185 500.9932
1107.148 501.0208
1107.212 501.0293
1107.438 501.039
1107.46 501.0444
1107.42 501.0512
1107.336 500.9606
1107.2 500.9066
1107.199 500.8038
1107.21 500.6948
1107.193 500.6349
1107.005 500.6196
1106.885 500.5891
1106.821 500.5533
1106.849 500.5476
1106.792 500.4778
1106.909 500.4131
1106.876 500.3643
1107.019 500.2542
1107.086 500.1995
1107.34 500.1624
1107.306 500.1933
1107.515 500.1915
1107.513 500.2626
1107.932 500.2408
1107.788 500.1895
1108.048 500.1283
1108.001 500.0528
1108.135 499.9844
1108.268 499.9777
1108.055 499.8087
1107.997 499.7009
1107.944 499.6596
1107.943 499.5916
1107.958 499.6333
1107.696 499.7178
1107.888 499.6711
1107.762 499.6444
1107.803 499.6696
1107.915 499.776
1108.02 499.8358
1108.069 500.0209
1108.135 500.205
1108.498 500.2162
1108.395 500.2377
1108.306 500.0683
1108.211 500.0068
1108.211 499.988
1108.271 499.7289
1108.16 499.56
1107.966 499.4428
1107.79 499.379
1107.932 499.2824
1107.698 499.3083
1107.594 499.314
1107.618 499.3271
1107.347 499.3428
1107.386 499.2968
1107.221 499.3088
1107.394 499.2911
1107.203 499.2987
1107.307 499.3037
1107.356 499.3282
1107.186 499.2548
1107.102 499.204
1107.037 499.0722
1107.074 498.9837
1106.967 498.9564
1106.976 498.896
1106.99 498.8701
1107.119 498.8653
1107.153 498.897
1107.167 498.8775
1107.359 499.0757
1107.347 499.1996
1107.436 499.2076
1107.489 499.1909
1107.583 499.0952
1107.544 499.0762
1107.585 499.0659
1107.652 498.9855
1107.552 499.0537
1107.491 499.0533
1107.367 498.9654
1107.215 498.866
1107.137 498.8268
1106.818 498.5826
1106.727 498.4607
1106.564 498.3812
1106.669 498.2579
1106.77 498.2617
1106.602 498.4153
1106.637 498.4658
1106.587 498.5267
1106.63 498.6741
1106.559 498.718
1106.637 498.6964
1106.59 498.6198
1106.771 498.5641
1106.87 498.4514
1107.135 498.351
1106.957 498.2861
1107.014 498.1594
1106.962 498.0889
1106.869 498.0794
1106.653 498.0276
1106.671 498.001
1106.59 497.8991
1106.335 497.8857
1106.247 497.8255
1106.261 497.8368
1106.183 497.8988
1106.137 498.0091
1106.144 498.1327
1106.151 498.1851
1106.385 498.3925
1106.458 498.4459
1106.63 498.5737
1106.691 498.61
1106.773 498.5721
1106.819 498.5921
1106.926 498.5208
1107.1 498.4861
1107.161 498.5132
1107.107 498.539
1105.728 498.8407
1105.713 498.8393
1105.877 498.7416
1105.832 498.7495
1105.742 498.6947
1105.719 498.6441
1105.434 498.6961
1105.337 498.6524
1104.999 498.6108
1104.807 498.6136
1104.553 498.4695
1104.065 498.434
1104.01 498.4162
1103.909 498.3958
1103.622 498.3502
1103.645 498.2722
1103.367 498.3689
1102.956 498.4601
1102.864 498.3641
1102.395 498.2982
1102.292 498.1671
1102.161 497.9958
1102.12 497.8704
1102.029 497.8337
1101.577 497.7396
1101.408 497.6118
1100.934 497.5314
1100.732 497.3878
1100.608 497.1922
1100.524 496.9884
1100.477 496.8084
1100.954 496.5793
1101.402 496.4597
1102.263 496.3256
1103.403 496.2108
1104.779 496.0867
1105.757 495.9185
1107.058 495.6942
1107.432 495.5539
1107 495.4636
1106.752 495.3539
1103.327 495.7744
1100.616 496.1272
1096.787 496.4757
1091.23 496.8739
1084.969 497.1895
1077.103 497.4083
1067.901 497.6875
1057.043 497.8117
1047.848 497.7729
1038 497.9655
1027.747 498.4097
1017.411 498.3665
1005.972 498.1638
955.7373 496.4871
853.3024 492.2364
739.5941 487.5591
709.0251 487.3792
676.1826 487.6154
656.6819 488.1393
655.9811 488.8788
659.5931 489.4557
655.364 490.3318
653.9951 491.1855
658.7595 491.6123
665.6973 491.5268
674.7126 492.1537
703.863 492.1634
700.5635 493.2827
729.6741 492.0452
739.9863 491.8398
751.8672 491.798
755.6657 492.3306
761.3718 491.2646
764.2122 492.0534
770.4684 492.0626
777.6396 492.8025
785.2337 493.7759
788.2227 495.5743
798.862 500.205
814.8848 506.6507
851.8073 520.5229
885.4636 550.7776
926.7194 591.4184
951.1364 613.4248
971.5145 644.0732
990.7964 651.882
1012.801 669.0249
1038.529 685.5707
1053.17 692.7147
1070.92 703.3384
1085.893 703.9702
1091.168 703.1605
1092.272 702.4403
1095.415 701.5845
1094.79 696.0302
1102.558 698.9507
1089.823 692.925
1083.545 692.0007
1067.342 688.3107
1066.072 689.9839
1063.516 687.4123
1055.242 685.0798
1046.512 683.899
1041.549 684.4682
1037.35 684.2061
1031.692 682.2997
1038.312 683.8334
1058.121 691.9507
1074.097 693.9688
1080.786 698.6852
1095.351 706.5069
1109.881 712.1881
1120.018 715.9457
1122.476 717.1055
1125.016 717.6253
1128.417 718.3278
1131.533 718.8882
1137.723 718.5586
1142.911 718.0779
1149.238 716.8529
1155.554 715.3687
1161.562 712.8543
1168.104 709.787
1171.895 707.2726
1174.891 705.3468
1177.174 703.6765
1176.518 701.4608
1175.403 699.0338
1175.271 697.7476
1172.859 696.7107
1170.521 697.3257
1168.631 698.5687
1167.599 699.6746
1170.457 700.7003
1171.33 701.6637
1170.918 703.5721
1171.074 706.7272
1170.746 710.48
1173.669 711.1678
1173.773 710.8691
1177.025 709.7094
1178.94 708.3339
1182.221 706.4827
1187.333 704.5316
1192.244 702.0439
1198.783 699.6541
1203.159 697.8726
1207.14 696.1411
1209.378 694.1117
1215.967 692.6381
1222.221 691.1178
1241.02 689.0677
1263.946 687.5631
1324.441 684.7266
1367.964 680.5016
1381.539 678.533
1390.278 677.2227
1393.213 676.7009
1395.04 676.9931
1398.445 677.1241
1401.803 677.3516
1408.145 678.9165
1411.326 680.0723
1408.577 682.3962
1412.978 682.8893
1406.656 684.7549
1405.678 685.8949
1405.858 686.6857
1403.872 687.7754
1410.329 687.8034
1410.567 687.761
1413.292 687.526
1407.668 687.2832
1393.467 687.6929
1388.797 687.8076
1384.095 687.7407
1383.331 686.1725
1378.603 684.6143
1385.691 682.2316
1418.52 659.566
1471.802 638.7896
1533.114 618.4023
1566.674 608.5183
1596.258 601.0661
1638.888 586.8724
1722.281 565.1927
1757.687 557.553
1773.591 551.1788
1784.429 547.6748
1791.181 546.4465
1793.886 546.3849
1798.835 546.4802
1801.07 546.5419
1807.333 545.2744
1815.671 547.8599
1823.696 547.848
1834.304 548.8306
1822.159 552.3972
1816.211 556.8521
1805.802 563.1672
1802.797 566.6069
1805.026 568.8217
1793.611 571.4543
1796.285 572.0604
1786.776 572.1671
1789.871 571.8096
1795.099 570.9704
1793.504 570.0667
1795.279 568.9454
1792.731 568.1634
1791.311 566.561
1789.229 564.4349
1786.007 562.4707
1785.565 560.3852
1781.81 556.5285
1778.131 552.5635
1776.922 547.5234
1772.557 545.1703
1775.83 537.1708
1776.029 533.0386
1768.56 530.1935
1770.049 521.8755
1766.912 516.05
1768.592 510.595
1783.024 479.9704
1791.913 450.6055
1798.732 423.7459
1804.02 405.0679
1807.978 391.8024
1812.498 380.8434
1819.731 372.6289
1821.587 369.8395
1826.267 361.0799
1829.269 358.6678
1830.499 360.5322
1830.482 365.4771
1830.987 370.1589
1830.359 377.8054
1832.555 381.0036
1835.464 383.2298
1837.345 390.1455
1848.12 380.8214
1876.164 369.9678
1909.339 361.2316
1959.795 350.6979
1997.01 345.5182
2022.938 343.3958
2037.298 344.9445
2048.699 345.6935
2061.352 346.8724
2065.3 349.6676
2073.727 351.9933
2082.669 353.202
2091.919 355.4456
2099.152 361.3205
2102.004 365.4292
2099.419 368.187
2094.481 368.7148
2084.919 367.9803
2086.808 367.8979
2092.205 367.6593
2098.544 368.0392
2089.571 367.9316
2091.552 368.5472
2091.228 368.7542
2113.979 370.3086
2138.378 372.7233
2168.177 375.2928
2218.673 379.7445
2230.82 382.492
2396.351 401.1685
2427.33 406.0809
2438.444 408.4564
2439.133 409.2611
2443.279 410.054
2432.316 409.3874
2426.841 410.3711
2427.375 411.3553
2428.599 412.3901
2427.761 412.6797
2419.688 412.1216
2417.396 411.9985
2407.002 410.3426
2405.804 409.443
2401.586 407.8687
2403.267 407.144
2406.003 406.3127
2410.72 405.7822
2409.052 404.182
2407.323 403.0832
2410.056 402.0423
2409.617 400.9748
2409.779 400.1584
2406.182 398.7516
2401.983 397.3543
2401.018 396.1719
2401.75 394.9247
2406.37 394.5879
2431.796 397.7884
2567.974 409.0576
2805.255 442.0661
2806.43 443.7156
2806.495 444.4691
2841.707 447.6886
2802.706 445.7614
2800.429 446.3844
2801.628 447.7298
2794.379 448.4647
2793.385 449.7777
2790.934 451.367
2791.92 453.5593
2788.243 455.0731
2789.507 457.2767
2782.551 457.0676
2781.568 457.791
2777.865 458.1968
2776.309 459.3581
2774.884 460.7414
2771.734 460.661
2767.654 460.8721
2763.446 460.1253
2761.538 459.2699
2759.428 456.7707
2757.922 453.7214
2757.292 449.6071
2757.395 447.4578
2757.468 445.0841
2757.561 441.6693
2758.33 438.7404
2759.27 437.3481
2759.248 436.5426
2759.461 436.6286
2759.759 436.269
2759.719 438.4982
2759.869 438.999
2759.801 440.6325
2760.489 441.5122
2761.543 442.9718
2763.876 444.7799
2765.057 448.3324
2766.318 450.562
2784.626 449.9367
2791.892 448.5563
2808.242 442.7407
2819.602 441.5444
2844.681 422.8133
2862.031 413.0938
2880.921 407.9533
2890.554 406.9841
2898.086 407.049
2904.913 407.8138
2910.228 409.4445
2915.309 410.5602
2918.708 412.173
2910.435 413.4173
2908.899 413.2363
2897.775 412.3455
2891.877 412.9072
2895.128 412.5894
2879.453 406.9183
2859.235 404.0454
2848.561 401.0555
2827.504 397.8338
2816.439 395.5186
2804.77 392.2127
2785.64 385.3288
2774.284 375.9321
2771.914 363.7515
2766.897 352.0539
2762.835 343.141
2764.81 332.0542
2759.797 327.2419
2756.735 321.854
2753.341 318.6349
2752.212 316.3343
2749.393 313.1274
2746.815 313.0038
2744.754 310.8125
2740.893 309.2835
2744.814 311.7324
2752.776 313.8713
2757.637 316.7186
2760.568 319.346
2761.678 322.8753
2750.698 324.2555
2723.455 324.702
2596.094 288.8674
2522.663 268.3327
2443.946 254.5234
2394.133 246.2769
2347.292 242.6331
2282.633 238.6208
2251.075 231.8218
2227.843 228.2861
2212.27 225.9974
2197.246 224.5842
2194.072 222.8978
2189.538 220.9712
2174.017 217.2316
2174.382 218.5864
2167.853 219.3018
2162.115 218.7954
2161.682 220.889
2156.173 223.0892
2165.688 226.0182
2166.104 229.1169
2161.937 230.7065
2160.999 231.8555
1068.875 696.8407
1084.108 704.8245
1093.311 710.5001
1100.823 714.4379
1104.795 715.8591
1107.158 716.6616
1111.269 717.5334
1115.119 718.1271
1119.249 718.4084
1126.045 717.9015
1132.148 717.3865
1138.14 716.3909
1144.401 714.3823
1149.878 711.7782
1156.138 709.0095
1160.286 706.7997
1163.615 704.8047
1165.027 702.3456
1163.146 699.5411
1162.407 697.7092
1156.858 696.3364
1152.392 696.4606
1149.389 697.4219
1146.976 698.5914
1149.071 699.3865
1149.425 700.4406
1147.687 702.369
1147.769 705.8105
1145.929 710.045
1148.653 710.7598
1147.599 710.8428
1149.076 710.0816
1152.065 708.5643
1155.044 707.1518
1158.948 705.3338
1162.028 703.1197
1164.772 700.6045
1169.506 698.2299
1172.107 696.3226
1174.169 694.3543
1181.344 692.7691
1185.586 691.1
1208.762 689.5265
1233.025 687.8829
1299.667 686.0374
1343.971 681.5691
1358.877 679.4922
1367.52 678.4003
1373.764 677.6301
1375.726 677.6597
1378.674 677.8141
1382.406 677.7728
1385.192 679.2863
1391.448 680.4485
1388.602 682.7092
1390.528 683.2599
1385.863 684.949
1383.503 686.1265
1385.986 686.4547
1383.212 687.7296
1383.766 688.0212
1390.272 687.8239
1394.198 687.5461
1388.576 687.3605
1369.062 687.7979
1365.5 687.7873
1359.106 687.8337
1356.988 686.7874
1352.051 684.9935
1358.021 683.1031
1402.778 661.0021
1459.049 640.4927
1521.472 620.1686
1553.759 611.2544
1583.506 602.9943
1625.348 589.9889
1713.069 567.774
1747.693 560.6133
1764.598 553.7941
1775.15 550.0928
1782.663 548.3278
1785.412 548.1132
1788.971 547.7399
1791.883 548.4012
1798.906 546.9571
1806.989 545.2814
1815.326 547.8679
1821.883 548.2529
1814.719 551.8242
1805.423 556.1513
1796.229 562.7479
1793.101 566.4219
1792.053 568.9102
1784.879 571.8486
1784.923 572.4245
1778.644 572.4677
1780.325 571.9822
1782.106 571.464
1783.41 570.442
1780.835 569.8076
1780.964 568.7603
1777.042 567.9165
1778.188 566.3252
1772.099 564.1323
1768.249 562.2168
1767.083 560.2469
1763.03 556.5684
1758.571 552.7718
1751.779 548.4255
1755.874 544.5123
1755.464 536.9584
1745.842 533.4554
1749.466 529.287
1745.937 520.4546
1748.224 515.0989
1762.218 484.349
1773.429 455.2162
1780.963 428.4635
1786.453 409.7619
1790.999 396.6471
1796.401 386.9158
1803.27 377.2664
1806.151 373.5941
1809.35 372.9604
1812.854 362.765
1815.192 363.9958
1815.702 368.683
1816.413 374.7272
1818.089 381.4995
1820.624 383.7794
1824.239 386.5532
1827.3 392.5037
1839.381 383.8403
1862.954 375.3867
1904.84 362.7065
1955.671 352.3405
1989.586 346.45
2014.974 344.9321
2025.075 343.7046
2037.929 345.8628
2048.737 346.6113
2052.902 349.7511
2061.144 350.4861
2069.171 352.5428
2079.461 354.9826
2086.781 360.7887
2090.143 364.5749
2087.404 366.8474
2083.68 367.8594
2074.79 367.5435
2076.059 367.5174
2082.109 367.8851
2087.282 367.6765
2073.92 367.2661
2074.168 367.5151
2070.704 367.4128
2096.579 368.7209
2121.745 370.2913
2154.168 373.6299
2207.354 378.46
2218.806 379.7567
2386.271 399.3914
2417.762 404.1229
2428.862 406.4769
2429.143 407.3776
2435.519 408.9315
2424.961 408.472
2419.243 409.4616
2419.964 410.6985
2420.731 411.5532
2421.487 411.7944
2413.35 411.0475
2409.404 410.7951
2400.494 409.6554
2396.502 408.6935
2394.285 407.5215
2394.138 406.9502
2398.769 406.758
2403.793 406.144
2399.39 404.9084
2400.319 403.5381
2400.668 402.5811
2402.874 401.4359
2404.317 400.5399
2398.938 399.4561
2397.402 398.3768
2396.179 397.2725
2395.088 396.4167
2399.445 395.7077
2421.174 399.1138
2507.194 408.7492
2795.376 441.3918
2798.533 443.3242
2798.696 444.0887
2804.068 444.4503
2794.806 444.7729
2794.666 445.2077
2796.682 446.0511
2787.702 446.3098
2788.683 448.1649
2786.48 450.0255
2786.625 451.8817
2785.067 454.1522
2783.991 455.2541
2780.232 455.8958
2779.415 456.2572
2776.742 456.8587
2776.419 457.8294
2773.58 458.5503
2771.202 459.6452
2767.299 460.0619
2763.62 460.2236
2761.517 459.5199
2759.196 458.0508
2757.579 455.312
2756.509 452.2611
2756.956 449.1183
2757.124 446.64
2757.099 443.7404
2757.909 439.7197
2758.768 438.0984
2759.593 436.8351
2759.792 436.098
2759.562 436.9022
2759.759 436.269
2759.74 438.9806
2759.869 438.999
2759.775 440.8683
2760.159 442.3626
2761.202 444.0352
2762.399 448.1262
2764.048 450.2144
2765.975 451.2625
2785.584 449.0037
2801.131 443.3127
2808.242 442.7407
2836.502 423.5897
2853.983 413.7295
2867.197 408.2272
2881.851 406.6532
2890.849 406.2653
2897.44 406.7686
2903.855 407.5885
2908.981 409.3508
2913.66 411.1104
2906.915 412.6252
2906.099 413.093
2894.444 412.3856
2887.027 412.4692
2891.877 412.9072
2889.962 412.7277
2861.349 406.2328
2852.591 404.0016
2833.701 401.0267
2820.149 397.8801
2809.041 395.5622
2789.885 389.2578
2774.852 378.72
2767.155 364.8358
2762.638 354.4341
2754.623 343.9123
2755.675 332.5464
2751.816 328.4653
2747.311 323.6372
2743.244 319.3553
2745.115 317.7949
2741.084 314.2274
2743.34 314.5794
2743.915 313.098
2740.278 309.9303
2749.973 312.8159
2759.89 315.7619
2765.637 317.318
2766.865 320.0916
2766.788 323.1819
2764.606 324.741
2739.594 326.0568
2576.825 284.7677
2465.447 261.0275
2366.223 248.2213
2303.273 241.3382
2244.834 239.2557
2169.57 238.332
2123.468 233.0397
2095.099 230.7139
2078.684 228.7157
2076.08 227.5825
2075.123 225.1683
2073.371 222.8013
2070.61 220.4598
2058.584 219.1226
2059.214 219.6572
2055.219 218.9704
2060.206 220.1865
2063.423 221.6382
2062.905 222.7108
2064.66 224.8065
2060.525 226.3698
2062.653 227.4004
2058.323 228.106
2153.992 232.6774
2145.067 234.0138
2139.895 235.1117
2141.416 236.0752
2138.695 236.0934
2125.156 235.0773
2099.694 233.3467
2084.245 232.5545
2044.045 230.9696
2018.218 229.8083
1969.466 229.3665
1947.436 228.7223
1894.898 227.0335
1853.182 225.9172
1820.686 227.6268
1804.951 231.2484
1790.321 233.8748
1783.938 237.2843
1771.916 239.0737
1770.459 241.7785
1774.695 244.139
1755.569 244.3021
1759.454 246.0666
1759.675 247.4126
1762.602 248.6348
1755.633 249.0296
1719.287 243.411
1700.2 238.3123
1661.476 236.0387
1523.063 229.1286
1479.06 227.4154
1470.103 226.2813
1471.677 223.9373
1467.073 223.2817
1463.882 222.5892
1463.422 222.4982
1468.143 222.4209
1473.573 222.0231
1478.938 221.0529
1480.702 219.5404
1488.411 217.4443
1489.785 215.9618
1493.936 214.1857
1498.917 212.3708
1501.044 211.8654
1502.317 212.0065
1505.579 211.3936
1511.737 210.5767
1513.484 210.3172
1514.504 211.0267
1509.236 211.7135
1513.221 212.7871
1511.043 214.9479
1500.607 218.265
1501.352 222.6885
1484.133 231.3659
1440.823 250.1655
1339.664 280.2373
1313.922 289.4574
1272.551 312.2791
1249.187 324.2424
1211.583 336.6813
1195.545 343.0529
1178.741 346.5552
1158.391 350.1816
1147.593 352.4557
1139.635 353.5143
1129.365 354.0793
1117.046 355.3463
1103.712 356.8766
1098.834 357.0137
1098.522 354.3883
1101.162 350.5036
1098.001 348.5815
1081.507 347.5609
1070.63 346.179
1065.58 343.542
1057.151 343.5309
1018.678 350.7441
955.6113 363.3535
904.611 395.9846
903.1602 410.3075
913.083 430.716
918.8682 446.6392
917.5241 454.1226
914.9648 458.2295
914.8454 459.784
923.8581 460.4158
924.845 460.803
927.6608 459.6662
925.7425 459.6567
925.112 459.5381
919.5625 460.1276
915.2552 460.6014
911.1338 460.8451
909.3425 459.7953
906.5098 459.4025
905.7845 458.7695
902.9661 459.3381
901.2168 460.1117
902.6445 460.022
900.749 460.5913
896.0293 461.6698
895.9544 461.2186
893.5977 461.9627
891.0244 462.7495
888.1878 463.1841
887.8854 462.9572
885.2259 463.2341
880.3613 463.9767
861.2253 465.228
827.4837 466.8081
756.6569 471.3377
727.3317 477.2497
708.4368 481.0266
699.8489 483.5179
692.5521 484.8078
686.9046 486.1023
682.5843 487.0886
677.3848 487.7724
671.5501 488.2634
671.4023 487.6139
672.2776 486.309
679.4209 483.9401
681.5576 482.2611
681.2601 481.2087
681.4355 480.3344
680.53 479.3582
680.2471 478.3716
683.5056 477.159
679.1878 476.8089
674.084 476.5972
670.1162 476.4063
667.596 476.356
659.3552 476.0672
660.0101 475.8776
660.1104 475.5797
658.0104 475.5402
656.32 475.442
653.7894 475.5492
645.8213 475.4839
627.7148 475.2215
601.3679 474.5822
550.8831 473.6011
498.165 472.5236
447.8763 471.2615
387.7855 470.0106
354.8818 469.6419
323.8877 469.3377
306.8242 469.1055
297.0111 469.117
290.2881 469.3451
282.442 469.7835
274.0924 470.3193
265.8861 471.271
252.5814 472.5439
244.9154 473.853
243.8454 474.6686
242.2288 475.6154
251.153 475.662
252.7796 476.0016
250.3086 476.2038
247.946 476.7059
247.4294 477.3229
240.595 478.8125
209.2923 478.8794
193.1374 479.6533
163.7148 479.9126
107.9717 479.7775
78.79166 480.341
60.88802 478.9341
51.76563 478.665
49.54622 477.1913
46.20638 476.0799
40.69661 476.1605
37.83887 475.29
39.01074 474.6899
44.722 474.3022
51.81966 473.9949
56.84538 473.8756
57.16471 474.0898
62.12044 473.4775
65.29948 472.8426
70.54166 471.6948
73.82162 470.9443
75.42448 470.6694
78.40397 470.5291
88.15918 470.2323
88.39551 470.4842
95.15788 470.361
99.68783 470.131
98.53711 470.4038
97.82617 470.0345
95.95377 470.001
94.21029 470.1038
92.53809 470.0783
92.07455 469.8452
90.18002 470.2601
88.02962 470.7559
88.6276 470.2142
82.23926 471.3801
77.51986 472.1273
33.6416 481.6423
3814.377 505.5876
3788.668 529.0917
3778.011 531.0143
3765.449 530.2317
3760.662 528.7548
3757.807 527.5591
3753.871 527.2964
3749.731 526.5301
3752.102 526.0854
3749.76 525.8171
3746.627 525.2863
3743.115 524.7841
3738.312 523.9749
3731.717 523.304
3725.434 522.9284
3721.536 522.4175
3723.506 522.1548
3722.193 522.244
3720.691 522.244
3720.056 522.9526
3720.884 523.4156
3722.452 524.1238
3723.027 524.4894
3729.687 525.0834
3734.019 525.976
3738.413 527.0129
3748.698 528.2742
3748.243 529.1304
3749.75 530.353
3751.917 531.3436
3753.699 532.395
3753.253 533.6889
3754.061 536.0883
3755.423 537.4879
3757.927 538.5056
3759.775 539.5896
3758.157 540.3951
3752.073 541.8583
3744.321 542.1591
3743.232 540.4495
3728.294 527.7112
3693.87 502.9412
3685.326 502.5192
3658.381 494.6006
3649.072 495.8294
3591.772 485.2964
3576.326 482.6722
3564.519 481.3395
3559.377 479.7455
3556.324 480.3489
3551.567 481.8808
3550.089 482.8044
3548.852 484.3386
3548.052 486.678
3546.406 488.9825
3547.896 490.3889
3551.265 491.5192
3558.089 491.4631
3560.704 491.9137
3562.413 491.9409
3564.267 492.2427
3566.843 491.9952
3568.718 492.2149
3573.073 492.2704
3577.583 492.0739
3578.393 492.5447
3579.891 491.5266
3578.346 490.2133
3620.858 510.9213
3646.331 532.4893
3666.092 544.6548
3677.383 550.6053
3685.704 553.9557
3684.887 554.204
3687.552 554.9646
3692.567 555.5051
3695.511 556.7878
3697.015 558.1932
3697.405 559.0739
3696.839 559.6524
3696.427 560.3124
3695.501 561.3629
3694.589 563.1193
3694.037 564.3025
3692.895 564.9675
3693.36 565.7327
3692.46 566.9371
3692.538 569.5574
3693.104 571.6097
3681.332 575.1796
3613.549 590.71
3573.708 605.516
3558.335 613.8381
3550.638 620.9875
3548.457 623.707
3543.179 624.6806
3541.567 624.968
2054.555 229.4375
2050.548 230.3822
2055.744 231.1678
2055.369 231.1824
2034.587 230.1978
2003.66 229.2612
1979.001 228.405
1911.841 228.2021
1881.998 227.8534
1836.154 229.2507
1815.648 229.0832
1794.08 229.3794
1758.666 226.9758
1732.126 226.1351
1709.105 229.515
1694.882 231.1991
1693.187 234.4455
1682.592 236.3154
1686.761 238.547
1697.189 240.4722
1678.48 240.7075
1686.801 241.8293
1693.663 242.8654
1707.716 243.7726
1691.611 243.7905
1639.697 239.1134
1610.435 234.7331
1578.502 233.1243
1426.216 231.443
1384.343 230.2682
1382.367 228.7132
1379.998 226.308
1372.98 225.7783
1378.227 224.599
1386.677 223.9883
1392.973 223.6824
1400.308 222.8481
1404.66 221.9876
1407.556 220.5884
1412.447 217.8815
1414.94 216.2274
1424.978 213.987
1434.044 211.6481
1435.962 211.0068
1439.896 210.8167
1443.562 210.1292
1450.973 208.8551
1452.211 208.4178
1453.899 208.4211
1449.17 208.9126
1453.283 209.2961
1453.408 211.0964
1453.525 213.1035
1453.449 217.5446
1434.544 224.1263
1368.74 242.3099
1245.677 276.8477
1221.469 285.7308
1178.005 309.5428
1151.9 321.9547
1111.725 335.035
1093.968 341.9647
1078.823 345.7799
1066.789 348.6302
1055.289 351.6418
1048.38 352.5415
1039.465 352.9803
1027.624 354.3677
1016.812 356.1169
1017.606 356.0521
1025 353.4153
1031.988 350.0901
1032.702 347.8661
1032.923 345.4061
1034.727 342.6527
1031.401 339.5462
1017.903 339.2617
966.4557 347.1165
878.8532 362.2323
832.6068 395.0726
832.2438 410.6211
844.6653 430.5688
853.03 445.5208
855.803 452.7458
864.4004 456.9577
870.0827 458.4035
882.6663 458.9775
882.6504 459.4709
878.2441 458.1826
872.3734 458.2705
867.0016 457.9756
861.2064 458.1046
854.0681 458.4865
850.1943 458.6068
847.1331 457.7129
844.1419 457.4105
844.072 456.8285
843.8245 457.3187
843.8616 457.8395
848.1367 457.8781
849.6345 458.2376
846.5993 459.603
849.0622 459.47
848.2253 460.0278
846.6556 460.9479
844.9277 461.55
846.4763 461.2124
844.4808 461.7134
840.0508 462.3234
811.5085 463.6291
751.6253 465.3265
662.6882 469.7458
633.6888 475.3756
612.9518 478.7612
606.1514 481.0194
602.278 481.8422
597.9883 483.3622
597.0085 484.4019
590.7845 485.8396
589.4515 486.8004
604.1885 486.4619
610.305 485.5127
620.8454 483.4128
624.012 482.1488
626.9763 480.9369
627.6924 479.8934
628.3685 478.9827
627.1745 477.7344
628.124 476.4826
625.042 476.1182
620.0901 475.8446
617.8542 475.8163
620.2669 475.9681
611.0384 475.6792
616.2041 475.627
623.6159 475.4279
624.655 475.1774
625.2438 475.0313
626.0436 475.0864
612.7292 475.0418
591.3577 474.8244
552.8177 473.9559
483.2819 472.6639
419.3018 471.5178
363.7086 470.3356
301.2122 469.071
262.9642 469.035
228.2109 468.8573
211.3301 468.6439
201.696 468.7248
194.9814 468.9033
187.8431 469.2485
178.362 469.7454
171.486 470.6128
161.2585 471.5107
155.3503 472.6457
157.0446 473.6112
165.2311 474.3202
179.7852 474.2669
183.9837 474.5402
189.3294 474.7324
190.8294 474.7671
191.4255 475.5285
185.5889 476.9591
144.7262 477.3773
126.417 478.5349
92.27018 478.8617
23.53027 478.8753
3834.503 479.5728
3824.195 478.4049
3815.939 478.048
3818.022 476.7267
3815.947 475.5926
3809.75 475.8327
3822.457 474.7534
3828.709 474.0891
3833.717 473.5868
3839.244 473.5949
4.014974 473.5684
3.623047 473.9609
7.982422 473.5218
12.77962 472.7282
19.46973 471.7028
24.33561 471.2285
26.60742 470.8402
31.6263 470.59
37.04264 470.655
38.72852 470.681
44.45247 470.6694
48.18587 470.6022
47.95345 470.6097
44.56738 470.986
43.38965 470.4093
42.07161 470.4373
41.84375 470.3057
40.67188 470.0597
39.58659 470.0211
37.08236 470.6797
37.12109 470.1735
30.18945 471.4764
21.43815 472.3218
3795.043 481.8715
3734.051 504.3197
3694.815 525.977
3683.263 528.3412
3677.177 528.1756
3675.03 527.033
3668.781 525.7237
3665.476 525.0718
3661.033 524.3406
3661.607 523.9462
3659.246 523.3428
3656.929 522.8435
3654.558 522.2673
3650.546 521.5837
3644.27 520.8055
3639.642 519.9984
3633.747 519.7427
3636.316 519.5933
3634.309 519.3119
3632.903 519.5156
3639.269 519.9366
3637.536 520.8452
3636.28 521.3212
3641.339 522.3126
3655.217 523.2554
3655.19 523.6862
3666.147 524.9849
3680.944 526.6796
3682.26 527.5069
3686.221 528.6332
3690.125 529.9067
3694.187 531.0118
3695.351 531.9491
3698.072 533.6467
3699.484 536.2922
3702.113 537.3747
3704.303 538.256
3702.148 539.3932
3701.99 540.2325
3695.949 541.6893
3693.535 541.3777
3672.724 528.3712
3612.864 503.8306
3608.232 504.0068
3569.81 496.1295
3563.942 496.4518
3491.071 487.0881
3475.297 484.6635
3465.497 483.1487
3462.433 481.8875
3462.052 482.0197
3461.888 482.6721
3461.472 484.4143
3460.502 485.6893
3459.698 487.7401
3463.519 489.8201
3474.211 490.7885
3479.21 491.913
3487.599 491.9511
3493.496 492.463
3498.325 492.3661
3501.958 492.6372
3507.419 492.551
3509.051 493.337
3514.13 493.4102
3519.023 493.2336
3518.399 493.6674
3520.094 492.5469
3519.467 490.5342
3573.849 511.6976
3603.425 532.9949
3626.147 545.1149
3637.283 551.069
3645.261 554.3894
3644.159 555.2564
3647.736 555.7928
3652.407 556.4263
3654.843 557.3692
3658.876 558.5119
3660.981 559.0746
3660.821 559.6539
3660.294 559.6906
3658.848 560.8336
3657.636 562.1443
3656.509 563.149
3655.652 563.5886
3654.39 564.7546
3654.706 565.5411
3654.124 567.8087
3654.39 570.6883
3638.93 574.2884
3553.549 589.0898
3505.393 602.9091
3481.178 610.6946
3468.44 617.7418
3464.684 620.6089
3464.126 621.4416
3463.774 621.8973
3464.665 621.9631
3541.133 624.895
3542.204 624.1821
3543.704 623.717
3545.265 623.0978
3544.051 621.8264
3543.305 617.6513
3543.561 615.7979
3543.93 613.0721
3543.519 611.8611
3543.119 611.0875
3542.818 610.3192
3542.209 609.3004
3541.758 608.7409
3540.708 608.5235
3539.895 608.3961
3538.488 608.1034
3537.653 607.9601
3537.11 608.0295
3537.428 608.242
3537.974 608.5239
3537.983 608.9404
3538.174 609.0991
3536.32 609.4368
3536.376 609.5612
3536.414 609.904
3536.945 610.3613
3538.061 610.7092
3538.873 611.1049
3539.846 611.2375
3541.126 611.4543
3549.169 611.7672
3561.879 612.0557
3579.967 612.1814
3588.531 612.2766
3594.729 612.6608
3597.709 612.3898
3598.382 612.778
3598.404 612.85
3598.797 612.7377
3598.853 612.6498
3599.094 612.6024
3599.02 612.4535
3598.724 612.2996
3598.764 612.2163
3598.186 612.2092
3598.645 612.1504
3597.914 612.3827
3597.894 612.4301
3597.239 612.4938
3595.952 612.3643
3593.764 612.245
3594.085 612.4675
3594.869 612.9012
3594.959 613.1298
3594.702 613.2111
3595.427 612.8998
3595.49 612.8403
3595.824 612.9709
3595.837 613.3333
3595.442 613.8187
3595.285 614.0791
3595.139 614.1389
3594.49 614.3097
3594.293 614.5538
3594.604 614.8297
3594.726 615.1107
3594.387 615.5483
3593.075 616.1022
3591.888 616.2195
3594.904 615.8387
3603.005 614.4999
3637.88 607.2191
3664.175 599.2079
3697.884 588.2605
3718.637 580.6303
3725.917 578.6214
3729.498 577.7458
3733.781 576.6687
3735.298 576.0969
3736.009 575.6454
3736.945 575.1906
3737.913 574.9963
3739.748 574.053
3743.227 572.8926
3744.592 572.5551
3746.402 572.3169
3748.141 571.9171
3750.029 571.1821
3751.008 570.3641
3752.957 569.5392
3754.469 568.788
3756.21 568.2435
3757.631 567.8558
3759.424 567.4416
3762.374 566.6613
3764.081 566.2201
3765.37 565.8105
3765.177 565.4934
3766.133 565.2217
3767.113 564.7798
3767.929 564.39
3767.133 564.553
3765.21 565.4667
3765.439 565.986
3765.78 566.2191
3766.585 566.1788
3766.989 566.1257
3767.477 566.2377
3768.52 566.212
3769.755 566.465
3769.387 567.4154
3770.837 567.6858
3772.536 567.6466
3775.905 567.2874
3777.324 567.2456
3780.745 566.2575
3783.905 564.9562
3793.137 559.3452
3838.115 542.2318
57.91797 525.1004
82.05729 519.9135
104.4408 515.0316
152.5417 506.1146
175.5124 502.3449
187.347 500.7323
196.7246 499.258
205.6891 498.1312
213.7894 497.5908
220.4548 497.1541
226.5996 496.6431
230.5977 496.3241
237.9603 495.7097
244.5993 495.0501
248.8952 494.3924
246.694 494.4075
247.4557 494.439
244.2565 495.1606
246.1335 495.5152
252.3311 495.2201
255.2337 495.4313
257.9935 495.4571
260.3359 495.4967
270.5977 494.6161
283.4447 493.9444
290.3424 493.7217
281.0599 494.9338
286.3737 494.9983
287.0088 495.3275
292.3053 495.0013
303.4069 494.3335
314.0703 494.7538
306.4863 495.2772
315.4557 495.2614
316.5459 495.4489
310.6354 495.9922
305.5426 496.917
304.7943 498.4057
301.5163 499.7847
298.8857 500.5114
324.5996 501.0359
359.8955 502.0573
417.8031 502.3098
485.3981 501.7268
546.9688 502.1945
613.9515 504.8953
652.8659 508.884
692.4714 512.6052
720.0394 517.3385
736.6413 519.5276
755.2617 522.1455
755.6982 523.9357
757.7946 523.8218
758.1351 523.2635
762.9778 523.1038
761.4932 523.1434
757.1419 523.3954
744.1911 523.7268
740.5625 523.7782
737.0593 523.7489
732.8001 523.7872
729.9844 523.8605
732.5934 523.9694
749.6179 523.5553
740.8574 523.1936
733.998 522.9412
728.1152 522.7242
728.9069 522.6789
729.0977 522.8309
728.5016 522.6113
729.2067 522.448
724.195 521.4434
723.8235 520.7605
724.4153 520.5118
724.5791 520.6278
723.8516 520.7885
727.1917 520.8716
721.3294 520.9635
716.0762 521.0413
712.4893 521.0154
714.7588 520.9473
718.1859 521.0463
717.8102 521.2925
716.2722 521.3032
711.1315 521.0669
707.1546 520.8018
707.5576 520.5313
710.3096 520.4252
712.9316 520.3256
715.3001 520.5968
716.0029 520.6863
718.6191 521.0009
744.3679 497.7545
787.1273 480.6507
789.822 481.0325
810.9141 476.6606
831.2874 471.5688
838.4929 470.6038
840.1556 470.3172
840.9854 470.2575
840.2217 470.0236
839.9274 469.8546
840.8972 469.5444
841.4372 468.9482
841.4476 468.0456
842.9431 467.598
843.4899 467.3659
843.1416 466.521
849.0684 465.8696
846.694 466.1372
843.9473 466.3752
844.8812 466.3709
843.4681 466.4164
845.7659 466.2565
852.5755 465.8979
854.9089 465.7201
860.3525 465.2878
860.9909 464.8512
861.1888 464.382
866.5368 463.6032
869.1152 462.8848
872.6331 462.4351
883.5339 461.0447
888.0029 460.3421
893.1019 459.6486
901.6104 459.0721
906.2363 458.5532
911.6348 457.6743
919.6481 457.0275
926.4587 456.0396
936.6273 455.1217
944.6677 454.3973
957.6328 453.6338
938.3499 453.5199
937.0329 453.2591
942.2793 452.631
951.9118 452.2734
964.6827 451.8711
992.2211 452.2845
1012.933 452.0255
1028.924 451.2201
1046.418 451.5294
1073.382 450.6823
1094.387 451.431
1153 450.636
1172.786 451.4722
1373.466 445.7609
1421.111 445.7411
1459.082 445.8641
1484.3 446.3154
1489.733 446.9819
1491.634 447.2264
1486.166 448.7796
1489.606 449.8507
1487.041 451.4616
1488.547 451.5697
1481.501 451.319
1457.474 451.3862
1456.222 450.8343
1448.144 450.4108
1446.419 449.8608
1447.915 449.0829
1443.453 448.5433
1445.093 447.9586
1438.217 447.7581
1441.076 447.4355
1440.678 447.1043
1441.417 446.7101
1443.646 446.1914
1441.032 446.0443
1444.035 445.7497
1446.674 445.5072
1441.149 445.6803
1445.141 444.8607
1465.346 442.32
1508.014 423.6538
1572.938 403.0928
1619.802 387.3467
1651.947 377.4782
1661.41 373.6009
1664.657 372.8166
3465.346 621.9362
3466.814 621.4861
3468.406 621.1544
3469.885 619.9234
3469.281 616.2901
3469.49 614.1652
3469.891 611.4878
3469.917 609.9615
3469.616 609.2921
3469.298 608.5529
3468.953 607.4964
3468.421 606.7597
3467.877 606.3771
3466.978 606.2974
3465.574 606.043
3465.156 605.9074
3464.987 605.9609
3464.878 605.9954
3465.382 606.2833
3465.463 606.6762
3465.819 607.0128
3465.756 607.3024
3466.435 607.5482
3467.218 607.8301
3468.042 608.3092
3468.833 608.7612
3469.403 609.0938
3469.878 609.3797
3471.228 609.4905
3481.116 610.0811
3495.797 610.7783
3510.963 611.3354
3517.486 611.5258
3524.583 611.9916
3527.429 612.0417
3530.992 612.1257
3531.943 612.264
3532.659 612.1184
3533.313 611.9863
3533.838 611.8539
3534.071 611.7542
3533.929 611.6035
3533.995 611.5432
3534.32 611.5471
3534.864 611.5471
3535.506 611.7064
3536.027 611.9034
3536.616 611.9239
3535.965 611.8869
3535.149 611.8086
3536.012 611.9122
3536.732 612.2856
3537.473 612.4107
3537.173 612.407
3537.126 612.317
3537.313 612.0665
3537.038 612.2294
3537.118 612.4069
3536.415 612.8925
3536.106 613.1068
3535.718 613.2803
3535.009 613.3868
3534.635 613.6064
3534.235 613.9409
3534.989 614.1047
3534.517 614.5629
3533.323 615.1033
3532.682 615.2987
3536.652 614.8694
3551.844 613.75
3605.674 607.232
3639.599 599.5413
3679.171 588.7992
3700.903 581.2268
3706.915 579.3038
3709.76 578.697
3713.306 577.575
3714.45 577.0048
3715.811 576.4841
3716.787 576.0927
3717.952 575.7984
3718.923 575.6024
3720.688 574.5797
3724.545 573.4703
3726.146 573.4432
3728.253 572.9714
3729.951 572.402
3731.822 571.4581
3733.451 570.749
3735.489 569.9061
3737.424 569.3721
3738.884 568.9828
3740.583 568.4913
3742.359 568.0675
3745.316 567.2394
3747.148 566.8318
3749.232 566.4157
3750.672 565.9648
3751.97 565.6901
3751.956 565.425
3752.818 565.2563
3749.996 566.1111
3748.723 566.5966
3747.872 566.9293
3746.543 566.9987
3746.019 567.0001
3745.755 567.0981
3746.187 567.2072
3746.734 567.413
3746.409 568.2548
3746.313 568.5869
3745.982 568.6495
3746.289 568.4989
3745.385 568.4385
3744.534 568.0314
3753.648 565.9337
3768.898 560.328
3832.894 543.034
53.8138 525.9993
78.36393 520.743
100.5537 515.9016
147.7734 506.9407
169.2917 503.2844
180.6061 501.6679
189.8932 500.1704
197.3529 499.2117
206.4202 498.6426
211.888 498.3314
217.8828 497.7194
221.9645 497.3063
228.5986 496.6414
235.2601 495.9678
239.2106 495.3714
237.07 495.2854
238.2122 495.2743
234.7366 496.0296
236.0257 496.3147
242.2513 496.0839
244.5303 496.2766
247.5407 496.4011
250.2773 496.4152
260.3441 495.4965
266.8825 495.0291
279.401 494.3699
267.9212 495.5727
272.9974 495.5339
270.192 496.0417
274.9821 495.8289
285.251 495.1784
296.3529 494.5065
284.8568 496.0298
295.7939 495.5196
293.9512 495.9736
285.0176 496.3565
262.0641 497.6255
250.6442 498.9005
243.7152 500.0284
247.8652 500.8115
281.099 501.0295
326.5215 501.7575
403.8887 501.6645
477.2891 501.0611
538.5068 501.387
604.5609 504.3602
643.6335 508.5281
678.499 512.2966
710.627 517.4401
728.6273 519.6899
741.8835 522.2685
746.8027 523.9701
750.0198 523.832
749.139 523.1167
753.9251 522.9713
754.0498 522.9374
749.3958 523.3764
736.8284 523.8727
731.03 523.9962
727.7061 523.9478
723.9284 523.7975
720.9675 523.8209
723.2438 523.9302
726.125 524.0624
731.7441 523.5084
723.236 523.1027
714.4427 522.7598
712.638 522.7069
713.1771 522.7995
712.862 522.7363
715.4431 522.5699
710.3818 521.7501
709.2318 521.0249
708.4265 520.78
707.1462 520.736
705.9671 520.9694
703.6087 521.0524
700.1419 521.3452
694.9785 521.2714
692.0081 521.1553
693.2204 521.1547
697.2972 521.0764
698.4929 521.1473
694.7278 521.3735
688.7617 521.239
683.4138 520.9841
683.0329 520.8397
686.6741 520.5585
689.4274 520.4417
692.0501 520.3315
691.5804 520.5702
694.3249 520.7198
727.7806 497.6429
781.5205 480.6101
784.1413 480.6742
803.447 476.2837
829.2708 472.1857
836.6113 470.8942
838.7044 470.624
839.4626 470.534
838.2689 470.3083
838.0205 469.9718
838.748 469.6516
839.2487 468.9535
839.4724 468.0664
840.2061 467.6165
841.6882 467.2
841.0342 466.5184
840.9772 466.2757
842.8096 466.4046
840.665 466.6042
841.4984 466.4995
840.4525 466.5754
842.7536 466.4136
845.0515 466.2532
849.9802 465.972
854.2656 465.7173
852.7188 465.3514
853.8812 464.8267
855.832 464.3688
861.0596 463.6313
866.2923 462.9071
871.9193 462.4333
879.5218 461.1885
883.7383 460.4954
890.8044 459.7108
893.8249 459.1461
896.5791 458.5334
906.0886 457.6715
911.1286 457.0088
920.1758 456.0361
930.3431 455.1177
929.1663 454.5032
911.5566 454.1066
905.957 453.9941
906.2497 453.7249
915.489 453.0648
924.9724 452.7218
964.9598 452.8232
983.9574 452.4525
1003.244 451.9121
1017.315 451.2577
1055.098 451.158
1067.883 450.7192
1140.362 450.4339
1153.936 450.6283
1360.957 445.6398
1410.347 445.2839
1443.809 445.6377
1473.185 446.3143
1480.289 447.0313
1479.065 447.4587
1477.262 448.9751
1477.99 450.2601
1479.2 451.8545
1481.722 451.9095
1470.111 452.0316
1450.28 451.7892
1446.086 451.5439
1441.409 450.7619
1439.8 450.2646
1438.677 449.7762
1437.302 449.0254
1436.423 448.5833
1429.781 448.2609
1432.467 447.8887
1428.268 447.9124
1430.084 447.4167
1429.592 447.022
1427.056 446.7165
1430.134 446.2964
1428.773 446.3506
1423.345 446.5589
1428.428 445.846
1446.977 444.0389
1500.403 425.0676
1565.212 404.9541
1613.566 388.9499
1642.443 380.1646
1655.079 375.311
1652.587 376.203
1658.835 374.2396
