1920 480
1112.2 478.4142
1112.181 478.4229
1112.207 478.4198
1112.247 478.4147
1112.246 478.3988
1112.259 478.3962
1112.235 478.4002
1112.227 478.3724
1112.214 478.404
1112.192 478.3934
1112.198 478.3936
1112.195 478.4064
1112.172 478.4069
1112.174 478.3885
1112.176 478.394
1112.105 478.4111
1112.151 478.4049
1112.167 478.3921
1112.145 478.3906
1112.144 478.3936
1112.152 478.3908
1112.119 478.391
1112.14 478.3892
1112.157 478.3939
1112.159 478.395
1112.14 478.3901
1112.168 478.3965
1112.197 478.4183
1112.162 478.404
1112.093 478.3871
1112.15 478.4201
1112.153 478.4054
1112.255 478.3682
1112.228 478.3989
1112.213 478.4019
1112.23 478.4033
1112.234 478.395
1112.124 478.4194
1112.181 478.4081
1112.124 478.4043
1112.134 478.3944
1112.056 478.3936
1112.106 478.4053
1112.057 478.4045
1112.051 478.4108
1112.044 478.4134
1112.037 478.416
1112.03 478.4186
1112.033 478.4123
1112.048 478.403
1112.047 478.3799
1112.115 478.3324
1112.125 478.3335
1112.119 478.3298
1112.122 478.3263
1112.102 478.3242
1112.114 478.3202
1112.122 478.3228
1112.145 478.3255
1112.173 478.328
1112.185 478.3354
1112.206 478.333
1112.222 478.3252
1112.206 478.327
1112.21 478.3364
1112.226 478.3381
1112.214 478.339
1112.211 478.3454
1112.192 478.354
1112.206 478.3509
1112.201 478.3542
1112.199 478.3587
1112.198 478.3623
1112.205 478.3604
1112.213 478.3665
1112.227 478.3657
1112.253 478.3582
1112.272 478.3564
1112.262 478.3569
1112.287 478.3532
1112.306 478.3509
1112.307 478.3534
1112.314 478.3545
1112.305 478.3493
1112.311 478.3402
1112.36 478.3419
1112.378 478.3413
1112.422 478.3412
1112.419 478.3465
1112.423 478.3522
1112.423 478.3542
1112.456 478.3506
1112.476 478.349
1112.501 478.3441
1112.527 478.3413
1112.558 478.3387
1112.562 478.3449
1112.593 478.3431
1112.624 478.3386
1112.63 478.3416
1112.631 478.3421
1112.644 478.3403
1112.65 478.3389
1112.647 478.3503
1112.648 478.3501
1112.639 478.3506
1112.653 478.3467
1112.639 478.3535
1112.633 478.3667
1112.644 478.3581
1112.647 478.3581
1112.656 478.3481
1112.673 478.3382
1112.685 478.3389
1112.693 478.3462
1112.695 478.3468
1112.685 478.3509
1112.686 478.3571
1112.697 478.3545
1112.721 478.3483
1112.735 478.3412
1112.732 478.339
1112.723 478.3364
1112.708 478.3379
1112.702 478.3366
1112.707 478.3392
1112.713 478.3348
1112.712 478.327
1112.72 478.3265
1112.699 478.3276
1112.69 478.3299
1112.684 478.3257
1112.684 478.3263
1112.674 478.3232
1112.69 478.3226
1112.685 478.3246
1112.684 478.3242
1112.657 478.3353
1112.654 478.3324
1112.64 478.3366
1112.62 478.3366
1112.627 478.3307
1112.634 478.3294
1112.631 478.3246
1112.636 478.3185
1112.651 478.3104
1112.66 478.306
1112.657 478.3089
1112.662 478.3088
1112.655 478.3026
1112.668 478.3005
1112.664 478.2944
1112.675 478.2915
1112.677 478.2932
1112.681 478.2972
1112.693 478.2951
1112.678 478.2917
1112.682 478.2874
1112.653 478.2853
1112.67 478.2801
1112.661 478.278
1112.643 478.2853
1112.646 478.284
1112.643 478.2881
1112.637 478.291
1112.638 478.2892
1112.627 478.2894
1112.627 478.2957
1112.622 478.3
1112.62 478.2969
1112.611 478.3037
1112.606 478.3065
1112.608 478.3119
1112.613 478.3053
1112.609 478.2985
1112.59 478.3048
1112.588 478.3034
1112.581 478.3019
1112.577 478.304
1112.558 478.3112
1112.569 478.304
1112.579 478.2992
1112.56 478.2992
1112.557 478.3084
1112.551 478.3136
1112.541 478.3128
1112.525 478.3096
1112.52 478.3096
1112.486 478.3066
1112.478 478.3089
1112.471 478.3107
1112.458 478.3099
1112.451 478.3058
1112.44 478.3152
1112.426 478.3208
1112.421 478.3193
1112.416 478.3276
1112.415 478.3324
1112.412 478.3281
1112.416 478.3216
1112.417 478.3257
1112.427 478.3179
1112.44 478.3136
1112.435 478.3149
1112.437 478.3294
1112.415 478.4038
1112.404 478.6447
1112.277 479.0627
1112.248 479.4131
1112.339 479.702
1112.37 479.7438
1112.379 479.6683
1112.414 479.6128
1112.448 479.634
1112.464 479.6693
1112.52 479.5801
1112.616 479.4254
1112.801 479.3799
1113.075 479.4762
1113.341 479.6372
1113.584 479.9763
1113.852 480.5084
1113.896 481.3408
1113.594 482.3766
1113.016 483.2919
1111.923 484.5267
1110.447 486.2468
1109.993 487.5812
1110.738 488.8237
1113.076 489.8143
1116.377 490.521
1119.531 490.9614
1121.419 491.6686
1122.412 492.2942
1123.996 492.7116
1126.957 493.0435
1131.654 492.6625
1137.658 491.8802
1143.944 490.7487
1149.386 489.5052
1154.553 488.1626
1160.685 486.6661
1165.363 485.7097
1173.306 484.4529
1182.059 483.1632
1190.883 481.8534
1199.991 480.1258
1208.451 478.0539
1217.114 475.2633
1224.8 472.2722
1232.466 469.0207
1239.834 465.7707
1248.266 461.979
1254.815 458.9717
1261.292 455.9381
1267.464 453.0719
1273.452 450.4704
1278.801 448.3867
1284.682 446.2025
1290.271 444.0057
1296.322 441.4531
1301.73 439.1581
1307.887 436.6512
1313.819 434.4713
1319.71 432.6667
1326.153 431.1108
1333.041 429.563
1340.27 428.1987
1347.837 426.9614
1355.478 425.8293
1365.414 425.2399
1376.306 423.9521
1386.418 422.6006
1396.314 421.3472
1406.729 420.132
1415.958 419.2599
1424.656 418.7604
1433.946 418.506
1442.267 418.45
1450.34 418.2992
1458.051 417.9315
1465.026 417.2282
1471.462 416.3167
1477.466 415.3869
1482.731 414.5746
1488.095 413.6423
1492.794 412.6831
1497.492 411.5049
1502.549 409.9347
1507.79 407.8058
1512.436 405.2972
1517.171 402.2114
1521.768 399.0679
1527.097 395.5983
1533.862 391.7241
1540.589 388.4201
1547.799 385.3914
1555.081 382.7112
1561.965 380.3438
1920 480
1112.2 478.4142
1112.181 478.4229
1112.207 478.4198
1112.247 478.4147
1112.246 478.3988
1112.259 478.3962
1112.235 478.4002
1112.227 478.3724
1112.214 478.404
1112.192 478.3934
1112.198 478.3936
1112.195 478.4064
1112.172 478.4069
1112.174 478.3885
1112.176 478.394
1112.105 478.4111
1112.151 478.4049
1112.167 478.3921
1112.145 478.3906
1112.144 478.3936
1112.152 478.3908
1112.119 478.391
1112.14 478.3892
1112.157 478.3939
1112.159 478.395
1112.14 478.3901
1112.168 478.3965
1112.197 478.4183
1112.162 478.404
1112.093 478.3871
1112.15 478.4201
1112.153 478.4054
1112.255 478.3682
1112.228 478.3989
1112.213 478.4019
1112.23 478.4033
1112.234 478.395
1112.124 478.4194
1112.181 478.4081
1112.124 478.4043
1112.134 478.3944
1112.056 478.3936
1112.106 478.4053
1112.057 478.4045
1112.051 478.4108
1112.044 478.4134
1112.037 478.416
1112.03 478.4186
1112.033 478.4123
1112.048 478.403
1112.047 478.3799
1112.115 478.3324
1112.125 478.3335
1112.119 478.3298
1112.122 478.3263
1112.102 478.3242
1112.114 478.3202
1112.122 478.3228
1112.145 478.3255
1112.173 478.328
1112.185 478.3354
1112.206 478.333
1112.222 478.3252
1112.206 478.327
1112.21 478.3364
1112.226 478.3381
1112.214 478.339
1112.211 478.3454
1112.192 478.354
1112.206 478.3509
1112.201 478.3542
1112.199 478.3587
1112.198 478.3623
1112.205 478.3604
1112.213 478.3665
1112.227 478.3657
1112.253 478.3582
1112.272 478.3564
1112.262 478.3569
1112.287 478.3532
1112.306 478.3509
1112.307 478.3534
1112.314 478.3545
1112.305 478.3493
1112.311 478.3402
1112.36 478.3419
1112.378 478.3413
1112.422 478.3412
1112.419 478.3465
1112.423 478.3522
1112.423 478.3542
1112.456 478.3506
1112.476 478.349
1112.501 478.3441
1112.527 478.3413
1112.558 478.3387
1112.562 478.3449
1112.593 478.3431
1112.624 478.3386
1112.63 478.3416
1112.631 478.3421
1112.644 478.3403
1112.65 478.3389
1112.647 478.3503
1112.648 478.3501
1112.639 478.3506
1112.653 478.3467
1112.639 478.3535
1112.633 478.3667
1112.644 478.3581
1112.647 478.3581
1112.656 478.3481
1112.673 478.3382
1112.685 478.3389
1112.693 478.3462
1112.695 478.3468
1112.685 478.3509
1112.686 478.3571
1112.697 478.3545
1112.721 478.3483
1112.735 478.3412
1112.732 478.339
1112.723 478.3364
1112.708 478.3379
1112.702 478.3366
1112.707 478.3392
1112.713 478.3348
1112.712 478.327
1112.72 478.3265
1112.699 478.3276
1112.69 478.3299
1112.684 478.3257
1112.684 478.3263
1112.674 478.3232
1112.69 478.3226
1112.685 478.3246
1112.684 478.3242
1112.657 478.3353
1112.654 478.3324
1112.64 478.3366
1112.62 478.3366
1112.627 478.3307
1112.634 478.3294
1112.631 478.3246
1112.636 478.3185
1112.651 478.3104
1112.66 478.306
1112.657 478.3089
1112.662 478.3088
1112.655 478.3026
1112.668 478.3005
1112.664 478.2944
1112.675 478.2915
1112.677 478.2932
1112.681 478.2972
1112.693 478.2951
1112.678 478.2917
1112.682 478.2874
1112.653 478.2853
1112.67 478.2801
1112.661 478.278
1112.643 478.2853
1112.646 478.284
1112.643 478.2881
1112.637 478.291
1112.638 478.2892
1112.627 478.2894
1112.627 478.2957
1112.622 478.3
1112.62 478.2969
1112.611 478.3037
1112.606 478.3065
1112.608 478.3119
1112.613 478.3053
1112.609 478.2985
1112.59 478.3048
1112.588 478.3034
1112.581 478.3019
1112.577 478.304
1112.558 478.3112
1112.569 478.304
1112.579 478.2992
1112.56 478.2992
1112.557 478.3084
1112.551 478.3136
1112.541 478.3128
1112.525 478.3096
1112.52 478.3096
1112.486 478.3066
1112.478 478.3089
1112.471 478.3107
1112.458 478.3099
1112.451 478.3058
1112.44 478.3152
1112.426 478.3208
1112.421 478.3193
1112.416 478.3276
1112.415 478.3324
1112.412 478.3281
1112.416 478.3216
1112.417 478.3257
1112.427 478.3179
1112.44 478.3136
1112.435 478.3149
1112.437 478.3294
1112.415 478.4038
1112.404 478.6447
1112.277 479.0627
1112.248 479.4131
1112.339 479.702
1112.37 479.7438
1112.379 479.6683
1112.414 479.6128
1112.448 479.634
1112.464 479.6693
1112.52 479.5801
1112.616 479.4254
1112.801 479.3799
1113.075 479.4762
1113.341 479.6372
1113.584 479.9763
1113.852 480.5084
1113.896 481.3408
1113.594 482.3766
1113.016 483.2919
1111.923 484.5267
1110.447 486.2468
1109.993 487.5812
1110.738 488.8237
1113.076 489.8143
1116.377 490.521
1119.531 490.9614
1121.419 491.6686
1122.412 492.2942
1123.996 492.7116
1126.957 493.0435
1131.654 492.6625
1137.658 491.8802
1143.944 490.7487
1149.386 489.5052
1154.553 488.1626
1160.685 486.6661
1165.363 485.7097
1173.306 484.4529
1182.059 483.1632
1190.883 481.8534
1199.991 480.1258
1208.451 478.0539
1217.114 475.2633
1224.8 472.2722
1232.466 469.0207
1239.834 465.7707
1248.266 461.979
1254.815 458.9717
1261.292 455.9381
1267.464 453.0719
1273.452 450.4704
1278.801 448.3867
1284.682 446.2025
1290.271 444.0057
1296.322 441.4531
1301.73 439.1581
1307.887 436.6512
1313.819 434.4713
1319.71 432.6667
1326.153 431.1108
1333.041 429.563
1340.27 428.1987
1347.837 426.9614
1355.478 425.8293
1365.414 425.2399
1376.306 423.9521
1386.418 422.6006
1396.314 421.3472
1406.729 420.132
1415.958 419.2599
1424.656 418.7604
1433.946 418.506
1442.267 418.45
1450.34 418.2992
1458.051 417.9315
1465.026 417.2282
1471.462 416.3167
1477.466 415.3869
1482.731 414.5746
1488.095 413.6423
1492.794 412.6831
1497.492 411.5049
1502.549 409.9347
1507.79 407.8058
1512.436 405.2972
1517.171 402.2114
1521.768 399.0679
1527.097 395.5983
1533.862 391.7241
1540.589 388.4201
1547.799 385.3914
1555.081 382.7112
1561.965 380.3438
1566.1 378.9929
1571.642 377.3158
1576.742 376.0835
1581.419 375.3916
1585.906 375.1683
1590.144 375.2059
1594.462 375.2998
1598.37 375.3781
1602.742 375.4902
1606.738 375.6965
1610.99 375.8849
1614.182 375.9759
1617.091 376.167
1619.872 376.5228
1622.585 377.0361
1624.933 377.5693
1626.461 377.7957
1627.062 378.2912
1628.003 378.8774
1630.349 379.9818
1634.167 381.9897
1639.223 384.521
1644.287 387.2039
1649.303 390.401
1653.607 393.7451
1657.694 397.4844
1662.354 401.5786
1667.91 405.7612
1673.681 409.485
1678.585 412.4748
1681.851 414.6205
1684.242 416.2324
1686.801 417.6227
1689.593 418.7443
1696.603 421.401
1698.078 422.1108
1700.735 423.6006
1703.004 425.0622
1705.33 426.6079
1707.685 428.1392
1710.36 429.9512
1713.084 432.0558
1715.856 434.521
1718.504 437.0467
1720.891 439.3911
1724.037 443.3068
1725.537 445.9541
1726.999 449.0586
1728.447 452.2186
1729.857 455.3895
1731.037 458.5999
1731.765 461.5475
1732.13 464.4188
1732.35 466.8538
1732.53 469.0688
1732.569 471.5023
1732.495 473.5231
1732.52 475.4354
1732.78 477.2494
1733.29 478.84
1733.965 480.5241
1734.154 482.5297
1734.63 483.9965
1736.229 484.9724
1739.056 485.6557
1742.079 486.3132
1744.877 486.9649
1747.277 487.6645
1749.151 488.5804
1750.622 489.8086
1751.959 491.2359
1753.234 492.5154
1754.411 493.6039
1755.774 494.9083
1756.73 496.0689
1757.149 497.1357
1757.12 498.1257
1756.852 499.1647
1756.49 500.1582
1756.024 501.073
1755.321 501.8129
1754.44 502.5842
1753.749 503.4212
1753.28 504.4513
1752.84 505.6305
1752.332 506.9619
1751.808 508.2167
1751.588 509.2952
1751.89 510.2483
1752.705 511.2025
1753.719 512.1255
1754.73 513.2494
1755.666 514.596
1756.762 515.9716
1758.074 517.2288
1759.519 518.1855
1761.047 518.7725
1762.573 518.9935
1763.964 518.9021
1765.177 518.6042
1766.361 518.1828
1767.667 517.8831
1769.303 517.6074
1771.015 517.2405
1772.294 516.6216
1773.138 515.7252
1773.745 514.5712
1774.348 513.3486
1775.059 512.2012
1775.904 511.2169
1776.883 510.2918
1778.017 509.3214
1779.228 508.1625
1780.262 506.9053
1781.131 505.5947
1782.122 504.3463
1783.274 503.2599
1784.5 502.3168
1785.731 501.2607
1786.702 500.2111
1787.461 499.1979
1788.064 498.1872
1788.328 497.1147
1788.279 495.8928
1788.084 494.3731
1788.011 492.7159
1788.169 490.9815
1788.459 489.1235
1788.795 487.2162
1789.276 485.2796
1789.983 483.313
1790.882 481.4255
1791.944 479.6107
1793.216 477.9717
1794.766 476.5996
1796.558 475.485
1798.727 474.3975
1800.964 473.3626
1803.309 472.3382
1805.924 471.2941
1808.391 470.4618
1810.877 469.848
1813.352 469.5036
1815.675 469.5578
1817.844 469.9181
1820.495 470.5472
1823.232 471.1685
1826.166 471.783
1828.832 472.2363
1831.495 472.7184
1833.97 473.2319
1836.361 473.9391
1838.685 474.7586
1840.91 475.5514
1843.034 476.1843
1844.907 476.6694
1846.782 476.9836
1848.584 477.1642
1850.444 477.2642
1852.32 477.2769
1854.179 477.2391
1856.099 477.1855
1858.066 477.1274
1860.053 477.0311
1861.896 476.8599
1863.363 476.6554
1865.027 476.3392
1866.699 476.0322
1868.542 475.7104
1870.362 475.4341
1872.255 475.1362
1874.379 474.771
1876.564 474.3381
1878.52 473.8857
1880.332 473.4702
1882.18 473.1833
1884.289 473.0319
1886.508 472.925
1888.692 472.8508
1890.782 472.7253
1892.816 472.465
1894.896 472.1019
1897.3 471.554
1899.662 470.9399
1902.057 470.2677
1904.518 469.5872
1906.995 468.9211
1909.586 468.2938
1912.197 467.7407
1914.744 467.341
1917.065 467.0601
1919.092 466.8631
1920.741 466.7462
1921.822 466.7331
1922.353 466.8669
1922.984 467.3091
1923.25 467.9974
1922.621 468.625
1920.925 469.1956
1918.583 469.7095
1916.032 470.1253
1913.177 470.4458
1910.297 470.6033
1907.305 470.5952
1904.253 470.5103
1901.354 470.4295
1898.753 470.4214
1896.777 470.5145
1895.303 470.6351
1894.267 470.8372
1893.519 471.0656
1892.965 471.3341
1892.582 471.5264
1892.321 471.6808
1892.204 471.7075
1892.318 471.5986
1892.769 471.4777
1893.604 471.4295
1894.823 471.4867
1896.248 471.6525
1897.663 471.916
1898.974 472.2832
1900.229 472.7946
1901.289 473.4056
1902.497 474.2278
1904.093 475.1603
1906.193 476.2041
1908.303 477.2087
1910.327 478.2245
1912.156 479.3939
1913.731 480.7252
1915.15 482.0806
1916.354 483.3644
1918.639 485.205
1919.285 485.5338
1920.443 486.0556
1921.409 486.4725
1922.38 486.7232
1923.344 486.9815
1924.528 487.2874
1926.085 487.6069
1927.817 487.8992
1929.378 488.0761
1930.746 488.1163
1932.101 488.1006
1933.84 488.041
1936.93 488.1762
1939.951 488.1417
1942.396 487.5549
1944.311 486.6353
1946.983 484.8303
1950.029 481.8872
1951.601 479.7679
1952.978 477.478
1954.062 475.1224
1954.953 472.9712
1955.93 470.7064
1956.953 468.3784
1957.788 465.9668
1958.22 463.3994
1958.334 460.7765
1958.202 458.0545
1957.912 455.1418
1957.527 452.1891
1956.86 449.0815
1955.65 446.1628
1953.754 443.036
1951.531 439.8519
1949.304 436.5154
1947.202 433.0515
1945.029 429.3569
1942.556 425.5742
1939.871 421.9648
1937.079 418.662
1934.343 415.7073
1931.59 413.0485
1929.272 410.8522
1927.198 408.7821
1925.157 406.7858
1923.038 404.7936
1921.148 402.9746
1919.166 401.0109
1917.376 399.1563
1915.687 397.4526
1914.049 395.7896
1912.576 394.3719
1910.865 392.9037
1909.026 391.5809
1907.246 390.4884
1905.654 389.6771
1904.073 389.0653
1902.389 388.6392
1900.879 388.2914
1899.552 388.1141
1898.044 387.9924
1896.458 388.0121
1894.699 388.3122
1893.012 388.8607
1891.382 389.6009
1889.86 390.4284
1566.1 378.9929
1571.642 377.3158
1576.742 376.0835
1581.419 375.3916
1585.906 375.1683
1590.144 375.2059
1594.462 375.2998
1598.37 375.3781
1602.742 375.4902
1606.738 375.6965
1610.99 375.8849
1614.182 375.9759
1617.091 376.167
1619.872 376.5228
1622.585 377.0361
1624.933 377.5693
1626.461 377.7957
1627.062 378.2912
1628.003 378.8774
1630.349 379.9818
1634.167 381.9897
1639.223 384.521
1644.287 387.2039
1649.303 390.401
1653.607 393.7451
1657.694 397.4844
1662.354 401.5786
1667.91 405.7612
1673.681 409.485
1678.585 412.4748
1681.851 414.6205
1684.242 416.2324
1686.801 417.6227
1689.593 418.7443
1696.603 421.401
1698.078 422.1108
1700.735 423.6006
1703.004 425.0622
1705.33 426.6079
1707.685 428.1392
1710.36 429.9512
1713.084 432.0558
1715.856 434.521
1718.504 437.0467
1720.891 439.3911
1724.037 443.3068
1725.537 445.9541
1726.999 449.0586
1728.447 452.2186
1729.857 455.3895
1731.037 458.5999
1731.765 461.5475
1732.13 464.4188
1732.35 466.8538
1732.53 469.0688
1732.569 471.5023
1732.495 473.5231
1732.52 475.4354
1732.78 477.2494
1733.29 478.84
1733.965 480.5241
1734.154 482.5297
1734.63 483.9965
1736.229 484.9724
1739.056 485.6557
1742.079 486.3132
1744.877 486.9649
1747.277 487.6645
1749.151 488.5804
1750.622 489.8086
1751.959 491.2359
1753.234 492.5154
1754.411 493.6039
1755.774 494.9083
1756.73 496.0689
1757.149 497.1357
1757.12 498.1257
1756.852 499.1647
1756.49 500.1582
1756.024 501.073
1755.321 501.8129
1754.44 502.5842
1753.749 503.4212
1753.28 504.4513
1752.84 505.6305
1752.332 506.9619
1751.808 508.2167
1751.588 509.2952
1751.89 510.2483
1752.705 511.2025
1753.719 512.1255
1754.73 513.2494
1755.666 514.596
1756.762 515.9716
1758.074 517.2288
1759.519 518.1855
1761.047 518.7725
1762.573 518.9935
1763.964 518.9021
1765.177 518.6042
1766.361 518.1828
1767.667 517.8831
1769.303 517.6074
1771.015 517.2405
1772.294 516.6216
1773.138 515.7252
1773.745 514.5712
1774.348 513.3486
1775.059 512.2012
1775.904 511.2169
1776.883 510.2918
1778.017 509.3214
1779.228 508.1625
1780.262 506.9053
1781.131 505.5947
1782.122 504.3463
1783.274 503.2599
1784.5 502.3168
1785.731 501.2607
1786.702 500.2111
1787.461 499.1979
1788.064 498.1872
1788.328 497.1147
1788.279 495.8928
1788.084 494.3731
1788.011 492.7159
1788.169 490.9815
1788.459 489.1235
1788.795 487.2162
1789.276 485.2796
1789.983 483.313
1790.882 481.4255
1791.944 479.6107
1793.216 477.9717
1794.766 476.5996
1796.558 475.485
1798.727 474.3975
1800.964 473.3626
1803.309 472.3382
1805.924 471.2941
1808.391 470.4618
1810.877 469.848
1813.352 469.5036
1815.675 469.5578
1817.844 469.9181
1820.495 470.5472
1823.232 471.1685
1826.166 471.783
1828.832 472.2363
1831.495 472.7184
1833.97 473.2319
1836.361 473.9391
1838.685 474.7586
1840.91 475.5514
1843.034 476.1843
1844.907 476.6694
1846.782 476.9836
1848.584 477.1642
1850.444 477.2642
1852.32 477.2769
1854.179 477.2391
1856.099 477.1855
1858.066 477.1274
1860.053 477.0311
1861.896 476.8599
1863.363 476.6554
1865.027 476.3392
1866.699 476.0322
1868.542 475.7104
1870.362 475.4341
1872.255 475.1362
1874.379 474.771
1876.564 474.3381
1878.52 473.8857
1880.332 473.4702
1882.18 473.1833
1884.289 473.0319
1886.508 472.925
1888.692 472.8508
1890.782 472.7253
1892.816 472.465
1894.896 472.1019
1897.3 471.554
1899.662 470.9399
1902.057 470.2677
1904.518 469.5872
1906.995 468.9211
1909.586 468.2938
1912.197 467.7407
1914.744 467.341
1917.065 467.0601
1919.092 466.8631
1920.741 466.7462
1921.822 466.7331
1922.353 466.8669
1922.984 467.3091
1923.25 467.9974
1922.621 468.625
1920.925 469.1956
1918.583 469.7095
1916.032 470.1253
1913.177 470.4458
1910.297 470.6033
1907.305 470.5952
1904.253 470.5103
1901.354 470.4295
1898.753 470.4214
1896.777 470.5145
1895.303 470.6351
1894.267 470.8372
1893.519 471.0656
1892.965 471.3341
1892.582 471.5264
1892.321 471.6808
1892.204 471.7075
1892.318 471.5986
1892.769 471.4777
1893.604 471.4295
1894.823 471.4867
1896.248 471.6525
1897.663 471.916
1898.974 472.2832
1900.229 472.7946
1901.289 473.4056
1902.497 474.2278
1904.093 475.1603
1906.193 476.2041
1908.303 477.2087
1910.327 478.2245
1912.156 479.3939
1913.731 480.7252
1915.15 482.0806
1916.354 483.3644
1918.639 485.205
1919.285 485.5338
1920.443 486.0556
1921.409 486.4725
1922.38 486.7232
1923.344 486.9815
1924.528 487.2874
1926.085 487.6069
1927.817 487.8992
1929.378 488.0761
1930.746 488.1163
1932.101 488.1006
1933.84 488.041
1936.93 488.1762
1939.951 488.1417
1942.396 487.5549
1944.311 486.6353
1946.983 484.8303
1950.029 481.8872
1951.601 479.7679
1952.978 477.478
1954.062 475.1224
1954.953 472.9712
1955.93 470.7064
1956.953 468.3784
1957.788 465.9668
1958.22 463.3994
1958.334 460.7765
1958.202 458.0545
1957.912 455.1418
1957.527 452.1891
1956.86 449.0815
1955.65 446.1628
1953.754 443.036
1951.531 439.8519
1949.304 436.5154
1947.202 433.0515
1945.029 429.3569
1942.556 425.5742
1939.871 421.9648
1937.079 418.662
1934.343 415.7073
1931.59 413.0485
1929.272 410.8522
1927.198 408.7821
1925.157 406.7858
1923.038 404.7936
1921.148 402.9746
1919.166 401.0109
1917.376 399.1563
1915.687 397.4526
1914.049 395.7896
1912.576 394.3719
1910.865 392.9037
1909.026 391.5809
1907.246 390.4884
1905.654 389.6771
1904.073 389.0653
1902.389 388.6392
1900.879 388.2914
1899.552 388.1141
1898.044 387.9924
1896.458 388.0121
1894.699 388.3122
1893.012 388.8607
1891.382 389.6009
1889.86 390.4284
1888.226 391.2676
1886.832 391.9959
1885.391 392.7047
1883.962 393.4393
1882.933 394.2139
1882.429 395.0583
1882.353 395.7316
1882.392 396.2342
1882.414 396.562
1882.425 396.7417
1882.406 396.8092
1882.397 396.812
1882.541 396.7678
1882.783 396.641
1883.058 396.3765
1883.327 395.9585
1883.585 395.4339
1883.864 394.838
1884.125 394.1343
1884.426 393.3361
1884.787 392.3908
1885.218 391.3669
1885.624 390.3154
1885.935 389.3234
1886.166 388.3823
1886.3 387.5008
1886.271 386.6849
1886.105 385.9447
1885.733 385.2933
1885.244 384.7139
1884.738 384.2347
1884.139 383.7794
1883.452 383.4816
1882.688 383.3221
1881.875 383.3486
1881.054 383.5067
1880.174 383.759
1879.172 384.0355
1878.055 384.3027
1876.866 384.5643
1875.738 384.8001
1874.662 385.0262
1873.601 385.2832
1872.72 385.4779
1871.882 385.6076
1871.104 385.6377
1870.313 385.5444
1869.528 385.333
1868.704 385.0161
1867.894 384.6307
1867.152 384.1851
1866.533 383.6992
1866.077 383.2034
1865.734 382.6895
1865.495 382.2471
1865.289 381.7961
1865.085 381.4276
1864.707 381.1232
1864.209 380.9541
1863.724 380.952
1863.349 381.1234
1863.146 381.391
1863.113 381.6946
1863.118 382.041
1863.121 382.4544
1863.144 382.9105
1863.244 383.4772
1863.349 384.0324
1863.541 384.6424
1863.804 385.29
1864.063 385.9408
1864.272 386.5957
1864.489 387.2503
1864.703 387.8452
1864.931 388.3465
1865.195 388.8203
1865.536 389.4222
1865.929 390.0781
1866.367 390.8151
1866.888 391.5601
1867.512 392.3063
1868.262 392.9959
1868.944 393.5628
1869.677 394.1195
1870.459 394.6992
1871.253 395.2467
1872.048 395.7961
1872.803 396.3472
1873.583 396.8747
1874.382 397.3661
1875.165 397.8521
1875.789 398.2884
1876.3 398.7129
1876.741 399.1393
1877.216 399.5995
1877.71 400.0625
1878.254 400.5018
1878.772 400.8872
1879.221 401.1904
1879.527 401.3638
1879.705 401.4203
1879.818 401.3612
1879.87 401.2358
1879.941 401.041
1880.024 400.799
1880.1 400.5169
1880.145 400.2284
1880.162 399.9168
1880.117 399.6411
1880.016 399.3883
1879.889 399.174
1879.766 398.9543
1879.633 398.6161
1879.647 398.5516
1879.718 398.4357
1879.789 398.3599
1879.92 398.3253
1880.05 398.313
1880.138 398.2918
1880.181 398.2959
1880.153 398.3102
1880.086 398.3646
1880.011 398.4401
1879.967 398.5915
1879.979 398.7054
1880.055 398.8234
1880.082 398.8965
1880.109 398.9601
1880.122 399.0158
1880.141 399.1011
1880.143 399.2054
1880.121 399.3532
1880.126 399.4878
1880.099 399.6266
1880.002 399.7567
1879.889 399.8843
1879.8 400.0119
1879.805 400.1613
1879.848 400.3312
1879.922 400.4902
1879.974 400.6375
1879.963 400.7704
1879.943 400.8773
1879.941 400.9715
1879.978 401.0785
1880.022 401.2209
1880.087 401.3989
1880.123 401.5726
1880.117 401.7428
1880.1 401.8838
1880.102 401.98
1880.108 402.0127
1880.133 402.034
1880.141 402.0402
1880.132 402.0251
1880.111 401.9868
1880.058 401.9196
1879.998 401.8462
1879.927 401.7809
1879.853 401.7121
1879.81 401.6576
1879.716 401.5836
1879.611 401.494
1879.492 401.3931
1879.346 401.2539
1879.151 401.1028
1879.003 400.945
1878.854 400.757
1878.697 400.5513
1878.521 400.3957
1878.311 400.2811
1878.166 400.1823
1878.106 400.0776
1878.122 399.965
1878.359 399.6982
1878.375 399.6055
1878.458 399.5313
1878.573 399.485
1878.688 399.4841
1878.72 399.5467
1878.604 399.6377
1878.298 399.6999
1877.951 399.6961
1877.588 399.6476
1877.057 399.5454
1876.673 399.4437
1876.358 399.2632
1876.157 399.0903
1876.025 398.9004
1876.041 398.6963
1876.091 398.4743
1876.159 398.2456
1876.193 398.0081
1876.184 397.7743
1876.108 397.5309
1876.024 397.2407
1875.986 396.9897
1875.984 396.7728
1875.996 396.5643
1876.036 396.382
1876.049 396.2095
1876.071 396.0469
1876.084 395.9035
1876.168 395.7153
1876.354 395.5036
1876.649 395.2806
1877.117 395.0425
1877.672 394.8236
1878.263 394.6232
1878.829 394.445
1879.234 394.293
1879.669 394.0962
1880.239 393.8202
1880.885 393.4669
1881.552 393.0479
1882.245 392.5858
1882.898 392.1422
1883.576 391.7417
1884.42 391.3102
1885.346 390.9035
1886.316 390.5344
1887.191 390.2319
1888.006 389.96
1888.732 389.7303
1889.417 389.5195
1890.065 389.2928
1890.644 389.0562
1891.221 388.7746
1891.733 388.4697
1892.118 388.1925
1892.358 388.0073
1892.543 387.8815
1892.629 387.8075
1892.698 387.78
1892.875 387.7686
1893.251 387.7554
1893.727 387.6828
1894.204 387.561
1894.628 387.4093
1894.972 387.2609
1895.213 387.1077
1895.393 386.9743
1895.574 386.8491
1895.766 386.7832
1895.958 386.7746
1896.186 386.8145
1896.455 386.8577
1896.722 386.896
1896.976 386.9207
1897.206 386.9435
1897.417 386.9513
1897.603 386.9881
1897.771 387.0319
1898.011 387.0832
1898.269 387.114
1898.544 387.1431
1898.788 387.1537
1898.925 387.1543
1899.018 387.1458
1899.057 387.1268
1899.106 387.0784
1899.125 387.0223
1899.106 386.965
1899.065 386.9263
1898.971 386.9134
1898.787 386.9233
1898.54 386.9375
1898.234 386.9697
1897.925 387.0044
1897.629 387.0303
1897.354 387.0443
1897.103 387.0431
1896.923 387.0221
1896.771 387.0077
1896.616 387.0181
1896.479 387.0417
1896.342 387.0687
1896.216 387.0908
1896.083 387.1055
1895.918 387.1126
1895.701 387.1209
1895.436 387.1276
1894.761 387.1481
1894.65 387.1849
1894.558 387.2358
1894.5 387.3164
1894.468 387.4256
1894.432 387.5601
1894.372 387.7119
1894.323 387.8744
1894.306 388.0331
1894.313 388.1901
1894.333 388.3361
1894.352 388.4697
1894.321 388.617
1894.335 388.8362
1894.442 388.9614
1894.594 388.9961
1894.669 388.9616
1894.625 388.9404
1888.226 391.2676
1886.832 391.9959
1885.391 392.7047
1883.962 393.4393
1882.933 394.2139
1882.429 395.0583
1882.353 395.7316
1882.392 396.2342
1882.414 396.562
1882.425 396.7417
1882.406 396.8092
1882.397 396.812
1882.541 396.7678
1882.783 396.641
1883.058 396.3765
1883.327 395.9585
1883.585 395.4339
1883.864 394.838
1884.125 394.1343
1884.426 393.3361
1884.787 392.3908
1885.218 391.3669
1885.624 390.3154
1885.935 389.3234
1886.166 388.3823
1886.3 387.5008
1886.271 386.6849
1886.105 385.9447
1885.733 385.2933
1885.244 384.7139
1884.738 384.2347
1884.139 383.7794
1883.452 383.4816
1882.688 383.3221
1881.875 383.3486
1881.054 383.5067
1880.174 383.759
1879.172 384.0355
1878.055 384.3027
1876.866 384.5643
1875.738 384.8001
1874.662 385.0262
1873.601 385.2832
1872.72 385.4779
1871.882 385.6076
1871.104 385.6377
1870.313 385.5444
1869.528 385.333
1868.704 385.0161
1867.894 384.6307
1867.152 384.1851
1866.533 383.6992
1866.077 383.2034
1865.734 382.6895
1865.495 382.2471
1865.289 381.7961
1865.085 381.4276
1864.707 381.1232
1864.209 380.9541
1863.724 380.952
1863.349 381.1234
1863.146 381.391
1863.113 381.6946
1863.118 382.041
1863.121 382.4544
1863.144 382.9105
1863.244 383.4772
1863.349 384.0324
1863.541 384.6424
1863.804 385.29
1864.063 385.9408
1864.272 386.5957
1864.489 387.2503
1864.703 387.8452
1864.931 388.3465
1865.195 388.8203
1865.536 389.4222
1865.929 390.0781
1866.367 390.8151
1866.888 391.5601
1867.512 392.3063
1868.262 392.9959
1868.944 393.5628
1869.677 394.1195
1870.459 394.6992
1871.253 395.2467
1872.048 395.7961
1872.803 396.3472
1873.583 396.8747
1874.382 397.3661
1875.165 397.8521
1875.789 398.2884
1876.3 398.7129
1876.741 399.1393
1877.216 399.5995
1877.71 400.0625
1878.254 400.5018
1878.772 400.8872
1879.221 401.1904
1879.527 401.3638
1879.705 401.4203
1879.818 401.3612
1879.87 401.2358
1879.941 401.041
1880.024 400.799
1880.1 400.5169
1880.145 400.2284
1880.162 399.9168
1880.117 399.6411
1880.016 399.3883
1879.889 399.174
1879.766 398.9543
1879.633 398.6161
1879.647 398.5516
1879.718 398.4357
1879.789 398.3599
1879.92 398.3253
1880.05 398.313
1880.138 398.2918
1880.181 398.2959
1880.153 398.3102
1880.086 398.3646
1880.011 398.4401
1879.967 398.5915
1879.979 398.7054
1880.055 398.8234
1880.082 398.8965
1880.109 398.9601
1880.122 399.0158
1880.141 399.1011
1880.143 399.2054
1880.121 399.3532
1880.126 399.4878
1880.099 399.6266
1880.002 399.7567
1879.889 399.8843
1879.8 400.0119
1879.805 400.1613
1879.848 400.3312
1879.922 400.4902
1879.974 400.6375
1879.963 400.7704
1879.943 400.8773
1879.941 400.9715
1879.978 401.0785
1880.022 401.2209
1880.087 401.3989
1880.123 401.5726
1880.117 401.7428
1880.1 401.8838
1880.102 401.98
1880.108 402.0127
1880.133 402.034
1880.141 402.0402
1880.132 402.0251
1880.111 401.9868
1880.058 401.9196
1879.998 401.8462
1879.927 401.7809
1879.853 401.7121
1879.81 401.6576
1879.716 401.5836
1879.611 401.494
1879.492 401.3931
1879.346 401.2539
1879.151 401.1028
1879.003 400.945
1878.854 400.757
1878.697 400.5513
1878.521 400.3957
1878.311 400.2811
1878.166 400.1823
1878.106 400.0776
1878.122 399.965
1878.359 399.6982
1878.375 399.6055
1878.458 399.5313
1878.573 399.485
1878.688 399.4841
1878.72 399.5467
1878.604 399.6377
1878.298 399.6999
1877.951 399.6961
1877.588 399.6476
1877.057 399.5454
1876.673 399.4437
1876.358 399.2632
1876.157 399.0903
1876.025 398.9004
1876.041 398.6963
1876.091 398.4743
1876.159 398.2456
1876.193 398.0081
1876.184 397.7743
1876.108 397.5309
1876.024 397.2407
1875.986 396.9897
1875.984 396.7728
1875.996 396.5643
1876.036 396.382
1876.049 396.2095
1876.071 396.0469
1876.084 395.9035
1876.168 395.7153
1876.354 395.5036
1876.649 395.2806
1877.117 395.0425
1877.672 394.8236
1878.263 394.6232
1878.829 394.445
1879.234 394.293
1879.669 394.0962
1880.239 393.8202
1880.885 393.4669
1881.552 393.0479
1882.245 392.5858
1882.898 392.1422
1883.576 391.7417
1884.42 391.3102
1885.346 390.9035
1886.316 390.5344
1887.191 390.2319
1888.006 389.96
1888.732 389.7303
1889.417 389.5195
1890.065 389.2928
1890.644 389.0562
1891.221 388.7746
1891.733 388.4697
1892.118 388.1925
1892.358 388.0073
1892.543 387.8815
1892.629 387.8075
1892.698 387.78
1892.875 387.7686
1893.251 387.7554
1893.727 387.6828
1894.204 387.561
1894.628 387.4093
1894.972 387.2609
1895.213 387.1077
1895.393 386.9743
1895.574 386.8491
1895.766 386.7832
1895.958 386.7746
1896.186 386.8145
1896.455 386.8577
1896.722 386.896
1896.976 386.9207
1897.206 386.9435
1897.417 386.9513
1897.603 386.9881
1897.771 387.0319
1898.011 387.0832
1898.269 387.114
1898.544 387.1431
1898.788 387.1537
1898.925 387.1543
1899.018 387.1458
1899.057 387.1268
1899.106 387.0784
1899.125 387.0223
1899.106 386.965
1899.065 386.9263
1898.971 386.9134
1898.787 386.9233
1898.54 386.9375
1898.234 386.9697
1897.925 387.0044
1897.629 387.0303
1897.354 387.0443
1897.103 387.0431
1896.923 387.0221
1896.771 387.0077
1896.616 387.0181
1896.479 387.0417
1896.342 387.0687
1896.216 387.0908
1896.083 387.1055
1895.918 387.1126
1895.701 387.1209
1895.436 387.1276
1894.761 387.1481
1894.65 387.1849
1894.558 387.2358
1894.5 387.3164
1894.468 387.4256
1894.432 387.5601
1894.372 387.7119
1894.323 387.8744
1894.306 388.0331
1894.313 388.1901
1894.333 388.3361
1894.352 388.4697
1894.321 388.617
1894.335 388.8362
1894.442 388.9614
1894.594 388.9961
1894.669 388.9616
1894.625 388.9404
1894.559 388.8714
1894.526 388.791
1894.486 388.6741
1894.429 388.5304
1894.352 388.396
1894.268 388.2505
1894.203 388.1161
1894.145 387.9837
1894.137 387.8545
1894.148 387.7207
1894.253 387.6271
1894.422 387.5384
1894.66 387.4663
1894.908 387.3699
1895.153 387.272
1895.358 387.1447
1895.535 387.0368
1895.685 386.9276
1895.842 386.8376
1895.963 386.744
1896.04 386.6634
1896.062 386.562
1896.046 386.4485
1895.992 386.3157
1895.897 386.2051
1895.785 386.1205
1895.676 386.0732
1895.522 386.0596
1895.345 386.0747
1895.119 386.0978
1894.87 386.1309
1894.644 386.1472
1894.502 386.1546
1894.412 386.1748
1894.42 386.2432
1894.53 386.3436
1894.709 386.4499
1894.894 386.5285
1894.914 386.6187
1894.969 386.6587
1895.098 386.7166
1895.162 386.7897
1895.171 386.8343
1895.123 386.8649
1895.047 386.9063
1894.992 386.9199
1894.991 386.9038
1894.967 386.8753
1894.87 386.8561
1894.703 386.8797
1894.557 386.9319
1894.37 387.0156
1894.161 387.1055
1893.932 387.2007
1893.648 387.2746
1893.345 387.317
1893.009 387.3633
1892.705 387.4007
1892.415 387.436
1892.107 387.4683
1891.882 387.5278
1891.597 387.5692
1891.265 387.6017
1890.943 387.6429
1890.569 387.6738
1890.198 387.7135
1889.879 387.7484
1889.592 387.7892
1889.301 387.8346
1889.02 387.8861
1888.692 387.952
1888.318 388.0086
1887.916 388.0588
1887.57 388.1242
1887.259 388.2108
1887.046 388.3105
1886.886 388.3914
1886.724 388.4443
1886.575 388.452
1886.427 388.4365
1886.269 388.4108
1886.126 388.3806
1885.922 388.3195
1885.739 388.2498
1885.626 388.1947
1885.541 388.1623
1885.474 388.1556
1885.458 388.1779
1885.474 388.2053
1885.527 388.252
1885.6 388.3063
1885.656 388.3677
1885.702 388.4199
1885.854 388.5322
1885.91 388.5912
1885.92 388.603
1885.89 388.5998
1885.844 388.5819
1885.874 388.5628
1886.008 388.5418
1886.228 388.5059
1886.527 388.4707
1886.831 388.4297
1887.066 388.3765
1887.157 388.3386
1887.151 388.3237
1887.126 388.3074
1887.166 388.3127
1887.331 388.3125
1887.558 388.3022
1887.778 388.2648
1887.918 388.1961
1887.958 388.1179
1887.925 388.0338
1887.816 387.9733
1887.619 387.9219
1887.376 387.8927
1887.157 387.8763
1886.978 387.8818
1886.83 387.9206
1886.704 387.9893
1886.569 388.0594
1886.373 388.1183
1886.04 388.1519
1885.57 388.1704
1885.05 388.1756
1884.475 388.1742
1883.93 388.1659
1883.435 388.144
1882.995 388.0854
1882.595 387.9893
1882.261 387.868
1881.845 387.7023
1881.397 387.5381
1880.842 387.376
1880.273 387.2334
1879.639 387.0692
1879.036 386.8966
1877.419 386.2314
1876.767 385.9282
1876.26 385.7039
1875.758 385.5386
1875.272 385.3994
1874.872 385.2809
1874.519 385.1965
1874.22 385.1325
1873.949 385.0988
1873.682 385.0898
1873.504 385.0915
1873.361 385.111
1873.234 385.1419
1873.016 385.2573
1872.926 385.4116
1872.847 385.6092
1872.837 385.8257
1872.915 385.8949
1873.255 385.804
1873.75 385.6039
1874.096 385.4647
1874.518 385.292
1874.973 385.0799
1875.4 384.8312
1875.781 384.5381
1876.103 384.2303
1876.386 383.909
1876.659 383.6042
1877.007 383.2985
1877.372 383.028
1877.734 382.7972
1878.034 382.6445
1878.254 382.5656
1878.427 382.5898
1878.568 382.6906
1878.78 382.8615
1879.104 383.0715
1879.565 383.2949
1880.102 383.5173
1880.64 383.7158
1881.185 383.9272
1881.735 384.1535
1882.329 384.4199
1882.974 384.7298
1883.713 385.0635
1884.559 385.4001
1885.47 385.7077
1886.435 385.9764
1887.362 386.2158
1888.24 386.4388
1889.065 386.6437
1889.888 386.8423
1890.726 387.0314
1891.596 387.2243
1892.509 387.4316
1893.349 387.6073
1894.067 387.71
1894.782 387.7659
1895.414 387.8027
1895.998 387.838
1896.493 387.8698
1896.949 387.8989
1897.336 387.8914
1897.685 387.8597
1897.985 387.8032
1898.271 387.7378
1898.475 387.6756
1898.613 387.6068
1898.681 387.5325
1898.764 387.473
1898.799 387.3901
1898.797 387.3022
1898.741 387.1917
1898.637 387.0597
1898.469 386.9284
1898.314 386.8369
1898.109 386.7492
1897.952 386.6932
1897.8 386.6741
1897.678 386.6699
1897.537 386.662
1897.421 386.6403
1897.271 386.6143
1897.155 386.5783
1897.065 386.5488
1896.991 386.5203
1896.908 386.5005
1896.788 386.4932
1896.651 386.4977
1896.501 386.4805
1896.327 386.4715
1896.193 386.4434
1896.1 386.4229
1896.023 386.3996
1895.969 386.3994
1895.947 386.3783
1895.929 386.3634
1895.908 386.3403
1895.857 386.3188
1895.785 386.2894
1895.687 386.2729
1895.605 386.2568
1895.57 386.237
1895.543 386.1999
1895.549 386.1808
1895.498 386.1536
1895.433 386.1393
1895.315 386.1161
1895.209 386.106
1895.104 386.0801
1895.06 386.0669
1895.067 386.0581
1895.113 386.0527
1895.181 386.0324
1895.246 386.0034
1895.265 385.9714
1895.258 385.951
1895.196 385.944
1895.148 385.9536
1895.125 385.9735
1895.172 386.0021
1895.297 386.0117
1895.447 386.0122
1895.589 385.9888
1895.686 385.9637
1895.747 385.9435
1895.779 385.9297
1895.755 385.9238
1895.76 385.9202
1895.781 385.9222
1895.821 385.9331
1895.858 385.9295
1895.866 385.9033
1895.889 385.8968
1895.828 385.8599
1895.771 385.8406
1895.662 385.7982
1895.593 385.7723
1895.516 385.7376
1895.523 385.7366
1895.552 385.7373
1895.635 385.7432
1895.691 385.7373
1895.727 385.7334
1895.668 385.6991
1895.596 385.6654
1895.506 385.6149
1895.478 385.588
1895.454 385.5764
1895.445 385.5933
1895.418 385.6304
1895.419 385.6826
1895.42 385.7151
1895.407 385.7516
1895.406 385.7842
1895.415 385.8081
1895.411 385.8358
1895.437 385.8857
1895.461 385.9227
1895.464 385.9547
1895.466 385.9836
1895.446 386.0063
1894.559 388.8714
1894.526 388.791
1894.486 388.6741
1894.429 388.5304
1894.352 388.396
1894.268 388.2505
1894.203 388.1161
1894.145 387.9837
1894.137 387.8545
1894.148 387.7207
1894.253 387.6271
1894.422 387.5384
1894.66 387.4663
1894.908 387.3699
1895.153 387.272
1895.358 387.1447
1895.535 387.0368
1895.685 386.9276
1895.842 386.8376
1895.963 386.744
1896.04 386.6634
1896.062 386.562
1896.046 386.4485
1895.992 386.3157
1895.897 386.2051
1895.785 386.1205
1895.676 386.0732
1895.522 386.0596
1895.345 386.0747
1895.119 386.0978
1894.87 386.1309
1894.644 386.1472
1894.502 386.1546
1894.412 386.1748
1894.42 386.2432
1894.53 386.3436
1894.709 386.4499
1894.894 386.5285
1894.914 386.6187
1894.969 386.6587
1895.098 386.7166
1895.162 386.7897
1895.171 386.8343
1895.123 386.8649
1895.047 386.9063
1894.992 386.9199
1894.991 386.9038
1894.967 386.8753
1894.87 386.8561
1894.703 386.8797
1894.557 386.9319
1894.37 387.0156
1894.161 387.1055
1893.932 387.2007
1893.648 387.2746
1893.345 387.317
1893.009 387.3633
1892.705 387.4007
1892.415 387.436
1892.107 387.4683
1891.882 387.5278
1891.597 387.5692
1891.265 387.6017
1890.943 387.6429
1890.569 387.6738
1890.198 387.7135
1889.879 387.7484
1889.592 387.7892
1889.301 387.8346
1889.02 387.8861
1888.692 387.952
1888.318 388.0086
1887.916 388.0588
1887.57 388.1242
1887.259 388.2108
1887.046 388.3105
1886.886 388.3914
1886.724 388.4443
1886.575 388.452
1886.427 388.4365
1886.269 388.4108
1886.126 388.3806
1885.922 388.3195
1885.739 388.2498
1885.626 388.1947
1885.541 388.1623
1885.474 388.1556
1885.458 388.1779
1885.474 388.2053
1885.527 388.252
1885.6 388.3063
1885.656 388.3677
1885.702 388.4199
1885.854 388.5322
1885.91 388.5912
1885.92 388.603
1885.89 388.5998
1885.844 388.5819
1885.874 388.5628
1886.008 388.5418
1886.228 388.5059
1886.527 388.4707
1886.831 388.4297
1887.066 388.3765
1887.157 388.3386
1887.151 388.3237
1887.126 388.3074
1887.166 388.3127
1887.331 388.3125
1887.558 388.3022
1887.778 388.2648
1887.918 388.1961
1887.958 388.1179
1887.925 388.0338
1887.816 387.9733
1887.619 387.9219
1887.376 387.8927
1887.157 387.8763
1886.978 387.8818
1886.83 387.9206
1886.704 387.9893
1886.569 388.0594
1886.373 388.1183
1886.04 388.1519
1885.57 388.1704
1885.05 388.1756
1884.475 388.1742
1883.93 388.1659
1883.435 388.144
1882.995 388.0854
1882.595 387.9893
1882.261 387.868
1881.845 387.7023
1881.397 387.5381
1880.842 387.376
1880.273 387.2334
1879.639 387.0692
1879.036 386.8966
1877.419 386.2314
1876.767 385.9282
1876.26 385.7039
1875.758 385.5386
1875.272 385.3994
1874.872 385.2809
1874.519 385.1965
1874.22 385.1325
1873.949 385.0988
1873.682 385.0898
1873.504 385.0915
1873.361 385.111
1873.234 385.1419
1873.016 385.2573
1872.926 385.4116
1872.847 385.6092
1872.837 385.8257
1872.915 385.8949
1873.255 385.804
1873.75 385.6039
1874.096 385.4647
1874.518 385.292
1874.973 385.0799
1875.4 384.8312
1875.781 384.5381
1876.103 384.2303
1876.386 383.909
1876.659 383.6042
1877.007 383.2985
1877.372 383.028
1877.734 382.7972
1878.034 382.6445
1878.254 382.5656
1878.427 382.5898
1878.568 382.6906
1878.78 382.8615
1879.104 383.0715
1879.565 383.2949
1880.102 383.5173
1880.64 383.7158
1881.185 383.9272
1881.735 384.1535
1882.329 384.4199
1882.974 384.7298
1883.713 385.0635
1884.559 385.4001
1885.47 385.7077
1886.435 385.9764
1887.362 386.2158
1888.24 386.4388
1889.065 386.6437
1889.888 386.8423
1890.726 387.0314
1891.596 387.2243
1892.509 387.4316
1893.349 387.6073
1894.067 387.71
1894.782 387.7659
1895.414 387.8027
1895.998 387.838
1896.493 387.8698
1896.949 387.8989
1897.336 387.8914
1897.685 387.8597
1897.985 387.8032
1898.271 387.7378
1898.475 387.6756
1898.613 387.6068
1898.681 387.5325
1898.764 387.473
1898.799 387.3901
1898.797 387.3022
1898.741 387.1917
1898.637 387.0597
1898.469 386.9284
1898.314 386.8369
1898.109 386.7492
1897.952 386.6932
1897.8 386.6741
1897.678 386.6699
1897.537 386.662
1897.421 386.6403
1897.271 386.6143
1897.155 386.5783
1897.065 386.5488
1896.991 386.5203
1896.908 386.5005
1896.788 386.4932
1896.651 386.4977
1896.501 386.4805
1896.327 386.4715
1896.193 386.4434
1896.1 386.4229
1896.023 386.3996
1895.969 386.3994
1895.947 386.3783
1895.929 386.3634
1895.908 386.3403
1895.857 386.3188
1895.785 386.2894
1895.687 386.2729
1895.605 386.2568
1895.57 386.237
1895.543 386.1999
1895.549 386.1808
1895.498 386.1536
1895.433 386.1393
1895.315 386.1161
1895.209 386.106
1895.104 386.0801
1895.06 386.0669
1895.067 386.0581
1895.113 386.0527
1895.181 386.0324
1895.246 386.0034
1895.265 385.9714
1895.258 385.951
1895.196 385.944
1895.148 385.9536
1895.125 385.9735
1895.172 386.0021
1895.297 386.0117
1895.447 386.0122
1895.589 385.9888
1895.686 385.9637
1895.747 385.9435
1895.779 385.9297
1895.755 385.9238
1895.76 385.9202
1895.781 385.9222
1895.821 385.9331
1895.858 385.9295
1895.866 385.9033
1895.889 385.8968
1895.828 385.8599
1895.771 385.8406
1895.662 385.7982
1895.593 385.7723
1895.516 385.7376
1895.523 385.7366
1895.552 385.7373
1895.635 385.7432
1895.691 385.7373
1895.727 385.7334
1895.668 385.6991
1895.596 385.6654
1895.506 385.6149
1895.478 385.588
1895.454 385.5764
1895.445 385.5933
1895.418 385.6304
1895.419 385.6826
1895.42 385.7151
1895.407 385.7516
1895.406 385.7842
1895.415 385.8081
1895.411 385.8358
1895.437 385.8857
1895.461 385.9227
1895.464 385.9547
1895.466 385.9836
1895.446 386.0063
1895.386 386.0223
1895.352 386.0423
1895.326 386.0379
1895.327 386.0317
1895.351 386.0186
1895.35 385.9974
1895.369 385.9808
1895.411 385.9787
1895.49 385.9714
1895.563 385.9788
1895.604 385.9944
1895.635 386.0296
1895.612 386.0659
1895.644 386.1151
1895.732 386.1351
1895.884 386.1382
1896.002 386.1157
1896.059 386.0952
1896.079 386.0718
1896.096 386.0866
1896.118 386.1182
1896.149 386.1738
1896.196 386.2235
1896.234 386.285
1896.258 386.3131
1896.3 386.3403
1896.348 386.3732
1896.45 386.4242
1896.545 386.4725
1896.622 386.5314
1896.695 386.5856
1896.726 386.6357
1896.738 386.6735
1896.768 386.7103
1896.814 386.7373
1896.891 386.7594
1896.988 386.7599
1897.066 386.7578
1897.111 386.7526
1897.143 386.7559
1897.186 386.7572
1897.25 386.7529
1897.309 386.745
1897.386 386.7471
1897.45 386.7458
1897.484 386.7459
1897.5 386.7284
1897.532 386.7192
1897.558 386.687
1897.591 386.6644
1897.621 386.6242
1897.651 386.6115
1897.641 386.5983
1897.606 386.5957
1897.56 386.5814
1897.572 386.5648
1897.606 386.5151
1897.64 386.47
1897.636 386.4233
1897.582 386.3991
1897.528 386.3913
1897.509 386.3851
1897.538 386.3532
1897.592 386.3192
1897.641 386.2869
1897.656 386.2795
1897.668 386.2772
1897.671 386.2892
1897.697 386.2977
1897.748 386.3084
1897.803 386.3011
1897.873 386.2783
1897.946 386.223
1897.986 386.1733
1898.039 386.1226
1898.08 386.1037
1898.124 386.0985
1898.174 386.0884
1898.219 386.0841
1898.24 386.0952
1898.254 386.0868
1898.255 386.0793
1898.27 386.0475
1898.292 386.0269
1898.303 385.9938
1898.287 385.9557
1898.253 385.9058
1898.195 385.8649
1898.129 385.8271
1898.071 385.8047
1898.088 385.7599
1898.078 385.7116
1898.07 385.6506
1898.029 385.5596
1897.923 385.4632
1897.771 385.3665
1897.634 385.2697
1897.548 385.1986
1897.516 385.1248
1897.521 385.067
1897.515 385.0037
1897.477 384.937
1897.405 384.8815
1897.289 384.8436
1897.185 384.8224
1897.127 384.7822
1897.12 384.7323
1897.105 384.6956
1897.094 384.6609
1897.073 384.6566
1897.075 384.6673
1897.044 384.7108
1897.015 384.7725
1896.973 384.8625
1896.954 384.9395
1896.959 385.0134
1897.02 385.067
1897.096 385.1348
1897.172 385.2005
1897.229 385.3024
1897.308 385.4041
1897.437 385.5091
1897.588 385.617
1897.76 385.736
1897.925 385.8431
1898.118 385.9717
1898.328 386.0897
1898.524 386.2455
1898.722 386.4043
1898.919 386.5846
1899.134 386.7407
1899.373 386.8888
1899.594 386.9899
1899.748 387.0645
1899.955 387.1711
1900.164 387.2938
1900.359 387.4263
1900.508 387.5522
1900.622 387.6772
1900.713 387.7827
1900.785 387.8771
1900.84 387.9448
1900.891 388.0031
1900.919 388.0757
1900.892 388.1561
1900.871 388.1994
1900.847 388.2645
1900.811 388.3086
1900.787 388.3452
1900.767 388.3625
1900.73 388.3839
1900.66 388.3978
1900.58 388.4109
1900.502 388.4129
1900.422 388.4372
1900.334 388.4886
1900.284 388.5451
1900.241 388.6017
1900.2 388.6416
1900.179 388.6963
1900.15 388.7577
1900.102 388.8542
1900.052 388.9403
1899.975 389.0262
1899.891 389.0864
1899.793 389.1421
1899.718 389.1808
1899.644 389.2228
1899.579 389.2756
1899.519 389.3338
1899.464 389.4139
1899.423 389.4712
1899.381 389.5233
1899.315 389.5671
1899.286 389.5939
1899.274 389.6242
1899.278 389.6572
1899.297 389.6973
1899.336 389.7497
1899.369 389.7985
1899.406 389.8616
1899.435 389.9334
1899.464 390.0098
1899.504 390.095
1899.547 390.1914
1899.613 390.2956
1899.7 390.4251
1899.818 390.5773
1899.959 390.7464
1900.093 390.9526
1900.208 391.1685
1900.242 391.389
1900.172 391.6299
1900.018 391.8926
1899.807 392.1947
1899.511 392.5874
1899.147 393.0801
1898.818 393.626
1898.46 394.3481
1898.134 395.1525
1897.861 396.064
1897.6 397.1528
1897.434 398.3813
1897.393 399.7378
1897.49 401.335
1897.755 403.0848
1898.116 404.9102
1898.561 406.9972
1898.991 409.1099
1899.441 411.2676
1900.017 413.6491
1900.741 416.0121
1901.619 418.3843
1902.706 420.8643
1903.828 423.3101
1904.922 425.7448
1905.955 428.09
1906.966 430.4796
1907.962 432.8578
1909.09 435.3721
1910.465 437.8413
1912.045 440.182
1913.867 442.5335
1915.734 444.7186
1917.474 446.7306
1919.099 448.7041
1920.583 450.5107
1922.003 452.1699
1923.387 453.6237
1924.688 454.867
1925.848 455.8973
1926.89 456.7292
1927.797 457.348
1928.587 457.7311
1929.373 457.9336
1930.044 457.8848
1930.647 457.6614
1931.158 457.1812
1931.581 456.4873
1931.832 455.5301
1932.058 454.3184
1932.297 452.9651
1932.692 451.4759
1933.307 449.8418
1934.228 448.1779
1935.514 446.4183
1937.228 444.618
1939.292 442.7796
1941.703 440.9569
1944.643 439.1711
1948.235 437.593
1952.304 436.0352
1956.913 434.3872
1962.064 432.634
1967.789 430.8527
1974.084 429.0718
1980.836 427.3561
1988.011 425.606
1995.952 423.7415
2003.53 422.0439
2011.739 420.3967
2019.976 419.0299
2027.578 417.9873
2035.652 417.0796
2043.571 416.2614
2051.222 415.4927
2059.051 414.7635
2066.782 414.1909
2074.29 413.7567
2081.556 413.4925
2088.071 413.3484
2094.176 413.3047
2099.438 413.3304
2103.378 413.4209
2107.769 413.661
2111.929 414.0687
2116.039 414.6776
2119.454 415.3411
2122.524 416.0045
2124.97 416.571
2127.151 417.1507
2129.061 417.7228
2130.925 418.3346
2132.752 418.9713
2134.005 419.423
2135.017 419.798
2135.722 420.104
2135.943 420.3042
2135.688 420.3752
2135.077 420.318
2134.099 420.1462
2132.85 419.8543
2131.399 419.4562
2129.654 418.9772
2125.4 417.8003
2122.103 416.925
2119.063 416.2
2115.561 415.4503
2111.241 414.6741
2106.626 414.0166
1895.386 386.0223
1895.352 386.0423
1895.326 386.0379
1895.327 386.0317
1895.351 386.0186
1895.35 385.9974
1895.369 385.9808
1895.411 385.9787
1895.49 385.9714
1895.563 385.9788
1895.604 385.9944
1895.635 386.0296
1895.612 386.0659
1895.644 386.1151
1895.732 386.1351
1895.884 386.1382
1896.002 386.1157
1896.059 386.0952
1896.079 386.0718
1896.096 386.0866
1896.118 386.1182
1896.149 386.1738
1896.196 386.2235
1896.234 386.285
1896.258 386.3131
1896.3 386.3403
1896.348 386.3732
1896.45 386.4242
1896.545 386.4725
1896.622 386.5314
1896.695 386.5856
1896.726 386.6357
1896.738 386.6735
1896.768 386.7103
1896.814 386.7373
1896.891 386.7594
1896.988 386.7599
1897.066 386.7578
1897.111 386.7526
1897.143 386.7559
1897.186 386.7572
1897.25 386.7529
1897.309 386.745
1897.386 386.7471
1897.45 386.7458
1897.484 386.7459
1897.5 386.7284
1897.532 386.7192
1897.558 386.687
1897.591 386.6644
1897.621 386.6242
1897.651 386.6115
1897.641 386.5983
1897.606 386.5957
1897.56 386.5814
1897.572 386.5648
1897.606 386.5151
1897.64 386.47
1897.636 386.4233
1897.582 386.3991
1897.528 386.3913
1897.509 386.3851
1897.538 386.3532
1897.592 386.3192
1897.641 386.2869
1897.656 386.2795
1897.668 386.2772
1897.671 386.2892
1897.697 386.2977
1897.748 386.3084
1897.803 386.3011
1897.873 386.2783
1897.946 386.223
1897.986 386.1733
1898.039 386.1226
1898.08 386.1037
1898.124 386.0985
1898.174 386.0884
1898.219 386.0841
1898.24 386.0952
1898.254 386.0868
1898.255 386.0793
1898.27 386.0475
1898.292 386.0269
1898.303 385.9938
1898.287 385.9557
1898.253 385.9058
1898.195 385.8649
1898.129 385.8271
1898.071 385.8047
1898.088 385.7599
1898.078 385.7116
1898.07 385.6506
1898.029 385.5596
1897.923 385.4632
1897.771 385.3665
1897.634 385.2697
1897.548 385.1986
1897.516 385.1248
1897.521 385.067
1897.515 385.0037
1897.477 384.937
1897.405 384.8815
1897.289 384.8436
1897.185 384.8224
1897.127 384.7822
1897.12 384.7323
1897.105 384.6956
1897.094 384.6609
1897.073 384.6566
1897.075 384.6673
1897.044 384.7108
1897.015 384.7725
1896.973 384.8625
1896.954 384.9395
1896.959 385.0134
1897.02 385.067
1897.096 385.1348
1897.172 385.2005
1897.229 385.3024
1897.308 385.4041
1897.437 385.5091
1897.588 385.617
1897.76 385.736
1897.925 385.8431
1898.118 385.9717
1898.328 386.0897
1898.524 386.2455
1898.722 386.4043
1898.919 386.5846
1899.134 386.7407
1899.373 386.8888
1899.594 386.9899
1899.748 387.0645
1899.955 387.1711
1900.164 387.2938
1900.359 387.4263
1900.508 387.5522
1900.622 387.6772
1900.713 387.7827
1900.785 387.8771
1900.84 387.9448
1900.891 388.0031
1900.919 388.0757
1900.892 388.1561
1900.871 388.1994
1900.847 388.2645
1900.811 388.3086
1900.787 388.3452
1900.767 388.3625
1900.73 388.3839
1900.66 388.3978
1900.58 388.4109
1900.502 388.4129
1900.422 388.4372
1900.334 388.4886
1900.284 388.5451
1900.241 388.6017
1900.2 388.6416
1900.179 388.6963
1900.15 388.7577
1900.102 388.8542
1900.052 388.9403
1899.975 389.0262
1899.891 389.0864
1899.793 389.1421
1899.718 389.1808
1899.644 389.2228
1899.579 389.2756
1899.519 389.3338
1899.464 389.4139
1899.423 389.4712
1899.381 389.5233
1899.315 389.5671
1899.286 389.5939
1899.274 389.6242
1899.278 389.6572
1899.297 389.6973
1899.336 389.7497
1899.369 389.7985
1899.406 389.8616
1899.435 389.9334
1899.464 390.0098
1899.504 390.095
1899.547 390.1914
1899.613 390.2956
1899.7 390.4251
1899.818 390.5773
1899.959 390.7464
1900.093 390.9526
1900.208 391.1685
1900.242 391.389
1900.172 391.6299
1900.018 391.8926
1899.807 392.1947
1899.511 392.5874
1899.147 393.0801
1898.818 393.626
1898.46 394.3481
1898.134 395.1525
1897.861 396.064
1897.6 397.1528
1897.434 398.3813
1897.393 399.7378
1897.49 401.335
1897.755 403.0848
1898.116 404.9102
1898.561 406.9972
1898.991 409.1099
1899.441 411.2676
1900.017 413.6491
1900.741 416.0121
1901.619 418.3843
1902.706 420.8643
1903.828 423.3101
1904.922 425.7448
1905.955 428.09
1906.966 430.4796
1907.962 432.8578
1909.09 435.3721
1910.465 437.8413
1912.045 440.182
1913.867 442.5335
1915.734 444.7186
1917.474 446.7306
1919.099 448.7041
1920.583 450.5107
1922.003 452.1699
1923.387 453.6237
1924.688 454.867
1925.848 455.8973
1926.89 456.7292
1927.797 457.348
1928.587 457.7311
1929.373 457.9336
1930.044 457.8848
1930.647 457.6614
1931.158 457.1812
1931.581 456.4873
1931.832 455.5301
1932.058 454.3184
1932.297 452.9651
1932.692 451.4759
1933.307 449.8418
1934.228 448.1779
1935.514 446.4183
1937.228 444.618
1939.292 442.7796
1941.703 440.9569
1944.643 439.1711
1948.235 437.593
1952.304 436.0352
1956.913 434.3872
1962.064 432.634
1967.789 430.8527
1974.084 429.0718
1980.836 427.3561
1988.011 425.606
1995.952 423.7415
2003.53 422.0439
2011.739 420.3967
2019.976 419.0299
2027.578 417.9873
2035.652 417.0796
2043.571 416.2614
2051.222 415.4927
2059.051 414.7635
2066.782 414.1909
2074.29 413.7567
2081.556 413.4925
2088.071 413.3484
2094.176 413.3047
2099.438 413.3304
2103.378 413.4209
2107.769 413.661
2111.929 414.0687
2116.039 414.6776
2119.454 415.3411
2122.524 416.0045
2124.97 416.571
2127.151 417.1507
2129.061 417.7228
2130.925 418.3346
2132.752 418.9713
2134.005 419.423
2135.017 419.798
2135.722 420.104
2135.943 420.3042
2135.688 420.3752
2135.077 420.318
2134.099 420.1462
2132.85 419.8543
2131.399 419.4562
2129.654 418.9772
2125.4 417.8003
2122.103 416.925
2119.063 416.2
2115.561 415.4503
2111.241 414.6741
2106.626 414.0166
2101.531 413.4469
2095.819 412.9508
2089.96 412.5788
2083.534 412.3187
2076.692 412.2098
2069.134 412.3171
2059.399 412.8978
2051.505 413.841
2044.19 415.1463
2036.584 416.861
2029.747 418.4297
2022.97 419.8096
2015.9 420.985
2008.435 422.0999
2000.845 423.2385
1993.022 424.5706
1985.439 426.0067
1978.239 427.4722
1970.735 429.0338
1964.813 430.2494
1958.947 431.4171
1953.618 432.4491
1948.38 433.4277
1943.888 434.2971
1939.706 435.1686
1935.836 436.0034
1932.378 436.7328
1928.779 437.4471
1925.333 438.1009
1922.11 438.6875
1919.015 439.2188
1916.084 439.6981
1913.365 440.1419
1910.934 440.5055
1908.759 440.7757
1906.727 440.951
1904.916 440.9857
1903.191 440.8579
1901.488 440.5771
1898.248 439.6175
1897.151 439.1709
1895.802 438.5218
1894.649 437.8592
1893.592 437.1657
1892.708 436.5342
1891.839 435.9217
1891.004 435.3646
1890.178 434.8278
1889.445 434.3187
1888.823 433.8247
1888.195 433.2498
1887.835 432.8893
1887.566 432.5988
1887.409 432.359
1887.343 432.1738
1887.338 432.0256
1887.312 431.8913
1887.224 431.7798
1887.122 431.6953
1887.051 431.6284
1887.04 431.5968
1887.037 431.5726
1887.032 431.5374
1886.981 431.471
1886.895 431.3849
1886.707 431.2386
1886.461 431.0703
1886.171 430.8845
1885.883 430.6929
1885.615 430.4767
1885.349 430.2119
1885.121 429.9492
1884.912 429.6673
1884.666 429.3795
1884.382 429.1157
1884.102 428.9012
1883.849 428.7292
1883.665 428.5555
1883.576 428.3718
1883.493 428.1753
1883.454 427.9852
1883.421 427.7935
1883.393 427.6169
1883.368 427.4586
1883.373 427.3431
1883.423 427.2617
1883.528 427.215
1883.706 427.1953
1883.953 427.1878
1884.227 427.1844
1884.55 427.1848
1884.866 427.1769
1885.226 427.1899
1885.567 427.2083
1885.936 427.2098
1886.296 427.2075
1886.708 427.2174
1887.11 427.2122
1887.487 427.2196
1887.874 427.2435
1888.314 427.3398
1888.741 427.4557
1889.225 427.6033
1889.71 427.7174
1890.254 427.7729
1890.76 427.8564
1891.206 427.9201
1891.518 428.0342
1891.788 428.1185
1891.981 428.21
1892.131 428.2668
1892.186 428.3167
1892.215 428.3071
1892.155 428.3092
1892.055 428.2635
1891.909 428.2189
1891.738 428.1553
1891.511 428.0925
1891.244 428.0156
1890.932 427.9453
1890.599 427.868
1890.231 427.8223
1889.86 427.7751
1889.473 427.7668
1889.085 427.7599
1888.74 427.7773
1888.454 427.8018
1888.23 427.8468
1888.148 427.8592
1888.141 427.8592
1888.136 427.832
1888.138 427.8097
1888.078 427.7832
1887.981 427.7874
1887.846 427.8151
1887.732 427.8659
1887.664 427.9178
1887.638 427.9577
1887.669 427.9816
1887.73 427.9808
1887.797 427.9736
1887.853 427.9617
1887.897 427.9367
1887.898 427.9241
1887.87 427.9023
1887.815 427.8776
1887.777 427.8366
1887.747 427.7827
1887.728 427.7126
1887.721 427.6193
1887.686 427.5172
1887.608 427.4045
1887.554 427.293
1887.511 427.2126
1887.546 427.1398
1887.668 427.1143
1888.169 427.0688
1888.351 427.0356
1888.613 426.9829
1888.806 426.9247
1888.937 426.869
1889.015 426.8239
1889.079 426.7843
1889.146 426.7262
1889.243 426.6369
1889.353 426.5327
1889.473 426.4106
1889.544 426.2951
1889.585 426.1615
1889.624 426.0565
1889.641 425.9621
1889.694 425.8445
1889.751 425.7372
1889.814 425.5617
1889.876 425.402
1889.927 425.2151
1889.967 425.1253
1889.977 425.0791
1890.026 424.9645
1890.156 424.9126
1890.341 424.8716
1890.559 424.8021
1890.763 424.808
1890.944 424.7446
1891.127 424.7461
1891.319 424.6748
1891.465 424.6354
1891.597 424.5195
1891.684 424.4063
1891.709 424.2515
1891.721 424.0999
1891.745 423.9419
1891.795 423.8032
1891.847 423.6263
1891.881 423.4914
1891.832 423.3275
1891.719 423.2215
1891.526 423.0796
1891.33 422.9837
1891.135 422.8574
1890.923 422.7731
1890.701 422.6748
1890.474 422.5954
1890.204 422.4769
1889.926 422.3667
1889.603 422.2048
1889.251 422.0544
1888.897 421.8763
1888.575 421.6683
1888.098 421.3078
1887.948 421.1507
1887.712 420.9141
1887.428 420.6526
1887.126 420.4315
1886.8 420.2
1886.475 419.9972
1886.156 419.7767
1885.943 419.5843
1885.763 419.3633
1885.602 419.117
1885.337 418.7516
1885.075 418.423
1884.759 418.0324
1884.42 417.6107
1884.072 417.0954
1883.771 416.5488
1883.456 415.8913
1883.124 415.1504
1882.763 414.3167
1882.264 413.2682
1881.697 412.0895
1881.065 410.7933
1880.381 409.3
1879.631 407.6606
1878.851 405.9141
1877.945 403.8691
1877 401.6112
1875.975 399.2134
1874.837 396.7093
1873.686 394.2445
1872.482 391.7477
1871.248 389.2912
1869.886 386.7158
1868.484 384.1603
1866.964 381.5555
1865.473 379.2531
1863.971 377.1497
1862.469 375.2521
1860.709 373.3019
1859.019 371.647
1857.283 370.1466
1855.875 369.0142
1854.47 367.968
1853.13 367.0237
1851.944 366.2769
1850.813 365.6245
1849.717 365.053
1848.73 364.6058
1847.966 364.2904
1847.323 364.0407
1846.769 363.8268
1846.297 363.6436
1845.898 363.5028
1845.593 363.409
1845.372 363.3783
1845.293 363.3975
1845.317 363.4445
1845.397 363.5028
1845.488 363.5723
1845.554 363.6831
1845.652 363.8501
1845.852 364.0815
1846.18 364.3647
1846.61 364.6808
1847.08 365.032
1847.571 365.4071
1848.123 365.8073
1848.692 366.1992
1849.277 366.6072
1849.912 367.0237
1850.525 367.4411
1851.124 367.8634
1851.644 368.2425
1852.192 368.6227
1852.792 368.9943
1853.432 369.3376
1854.141 369.6457
1854.865 369.9142
1855.567 370.1443
1856.894 370.4937
1857.313 370.5984
1857.87 370.7494
1858.446 370.8989
1859.009 371.0264
1859.567 371.1136
1860.114 371.1636
1860.565 371.207
1860.926 371.2729
1861.254 371.3721
1861.582 371.5134
2101.531 413.4469
2095.819 412.9508
2089.96 412.5788
2083.534 412.3187
2076.692 412.2098
2069.134 412.3171
2059.399 412.8978
2051.505 413.841
2044.19 415.1463
2036.584 416.861
2029.747 418.4297
2022.97 419.8096
2015.9 420.985
2008.435 422.0999
2000.845 423.2385
1993.022 424.5706
1985.439 426.0067
1978.239 427.4722
1970.735 429.0338
1964.813 430.2494
1958.947 431.4171
1953.618 432.4491
1948.38 433.4277
1943.888 434.2971
1939.706 435.1686
1935.836 436.0034
1932.378 436.7328
1928.779 437.4471
1925.333 438.1009
1922.11 438.6875
1919.015 439.2188
1916.084 439.6981
1913.365 440.1419
1910.934 440.5055
1908.759 440.7757
1906.727 440.951
1904.916 440.9857
1903.191 440.8579
1901.488 440.5771
1898.248 439.6175
1897.151 439.1709
1895.802 438.5218
1894.649 437.8592
1893.592 437.1657
1892.708 436.5342
1891.839 435.9217
1891.004 435.3646
1890.178 434.8278
1889.445 434.3187
1888.823 433.8247
1888.195 433.2498
1887.835 432.8893
1887.566 432.5988
1887.409 432.359
1887.343 432.1738
1887.338 432.0256
1887.312 431.8913
1887.224 431.7798
1887.122 431.6953
1887.051 431.6284
1887.04 431.5968
1887.037 431.5726
1887.032 431.5374
1886.981 431.471
1886.895 431.3849
1886.707 431.2386
1886.461 431.0703
1886.171 430.8845
1885.883 430.6929
1885.615 430.4767
1885.349 430.2119
1885.121 429.9492
1884.912 429.6673
1884.666 429.3795
1884.382 429.1157
1884.102 428.9012
1883.849 428.7292
1883.665 428.5555
1883.576 428.3718
1883.493 428.1753
1883.454 427.9852
1883.421 427.7935
1883.393 427.6169
1883.368 427.4586
1883.373 427.3431
1883.423 427.2617
1883.528 427.215
1883.706 427.1953
1883.953 427.1878
1884.227 427.1844
1884.55 427.1848
1884.866 427.1769
1885.226 427.1899
1885.567 427.2083
1885.936 427.2098
1886.296 427.2075
1886.708 427.2174
1887.11 427.2122
1887.487 427.2196
1887.874 427.2435
1888.314 427.3398
1888.741 427.4557
1889.225 427.6033
1889.71 427.7174
1890.254 427.7729
1890.76 427.8564
1891.206 427.9201
1891.518 428.0342
1891.788 428.1185
1891.981 428.21
1892.131 428.2668
1892.186 428.3167
1892.215 428.3071
1892.155 428.3092
1892.055 428.2635
1891.909 428.2189
1891.738 428.1553
1891.511 428.0925
1891.244 428.0156
1890.932 427.9453
1890.599 427.868
1890.231 427.8223
1889.86 427.7751
1889.473 427.7668
1889.085 427.7599
1888.74 427.7773
1888.454 427.8018
1888.23 427.8468
1888.148 427.8592
1888.141 427.8592
1888.136 427.832
1888.138 427.8097
1888.078 427.7832
1887.981 427.7874
1887.846 427.8151
1887.732 427.8659
1887.664 427.9178
1887.638 427.9577
1887.669 427.9816
1887.73 427.9808
1887.797 427.9736
1887.853 427.9617
1887.897 427.9367
1887.898 427.9241
1887.87 427.9023
1887.815 427.8776
1887.777 427.8366
1887.747 427.7827
1887.728 427.7126
1887.721 427.6193
1887.686 427.5172
1887.608 427.4045
1887.554 427.293
1887.511 427.2126
1887.546 427.1398
1887.668 427.1143
1888.169 427.0688
1888.351 427.0356
1888.613 426.9829
1888.806 426.9247
1888.937 426.869
1889.015 426.8239
1889.079 426.7843
1889.146 426.7262
1889.243 426.6369
1889.353 426.5327
1889.473 426.4106
1889.544 426.2951
1889.585 426.1615
1889.624 426.0565
1889.641 425.9621
1889.694 425.8445
1889.751 425.7372
1889.814 425.5617
1889.876 425.402
1889.927 425.2151
1889.967 425.1253
1889.977 425.0791
1890.026 424.9645
1890.156 424.9126
1890.341 424.8716
1890.559 424.8021
1890.763 424.808
1890.944 424.7446
1891.127 424.7461
1891.319 424.6748
1891.465 424.6354
1891.597 424.5195
1891.684 424.4063
1891.709 424.2515
1891.721 424.0999
1891.745 423.9419
1891.795 423.8032
1891.847 423.6263
1891.881 423.4914
1891.832 423.3275
1891.719 423.2215
1891.526 423.0796
1891.33 422.9837
1891.135 422.8574
1890.923 422.7731
1890.701 422.6748
1890.474 422.5954
1890.204 422.4769
1889.926 422.3667
1889.603 422.2048
1889.251 422.0544
1888.897 421.8763
1888.575 421.6683
1888.098 421.3078
1887.948 421.1507
1887.712 420.9141
1887.428 420.6526
1887.126 420.4315
1886.8 420.2
1886.475 419.9972
1886.156 419.7767
1885.943 419.5843
1885.763 419.3633
1885.602 419.117
1885.337 418.7516
1885.075 418.423
1884.759 418.0324
1884.42 417.6107
1884.072 417.0954
1883.771 416.5488
1883.456 415.8913
1883.124 415.1504
1882.763 414.3167
1882.264 413.2682
1881.697 412.0895
1881.065 410.7933
1880.381 409.3
1879.631 407.6606
1878.851 405.9141
1877.945 403.8691
1877 401.6112
1875.975 399.2134
1874.837 396.7093
1873.686 394.2445
1872.482 391.7477
1871.248 389.2912
1869.886 386.7158
1868.484 384.1603
1866.964 381.5555
1865.473 379.2531
1863.971 377.1497
1862.469 375.2521
1860.709 373.3019
1859.019 371.647
1857.283 370.1466
1855.875 369.0142
1854.47 367.968
1853.13 367.0237
1851.944 366.2769
1850.813 365.6245
1849.717 365.053
1848.73 364.6058
1847.966 364.2904
1847.323 364.0407
1846.769 363.8268
1846.297 363.6436
1845.898 363.5028
1845.593 363.409
1845.372 363.3783
1845.293 363.3975
1845.317 363.4445
1845.397 363.5028
1845.488 363.5723
1845.554 363.6831
1845.652 363.8501
1845.852 364.0815
1846.18 364.3647
1846.61 364.6808
1847.08 365.032
1847.571 365.4071
1848.123 365.8073
1848.692 366.1992
1849.277 366.6072
1849.912 367.0237
1850.525 367.4411
1851.124 367.8634
1851.644 368.2425
1852.192 368.6227
1852.792 368.9943
1853.432 369.3376
1854.141 369.6457
1854.865 369.9142
1855.567 370.1443
1856.894 370.4937
1857.313 370.5984
1857.87 370.7494
1858.446 370.8989
1859.009 371.0264
1859.567 371.1136
1860.114 371.1636
1860.565 371.207
1860.926 371.2729
1861.254 371.3721
1861.582 371.5134
1862.089 371.7305
1862.439 371.9286
1862.739 372.1821
1862.965 372.5368
1863.165 373.0249
1863.396 373.6615
1863.744 374.4974
1864.204 375.4837
1864.755 376.6001
1865.427 377.9606
1866.174 379.5392
1867.003 381.2954
1867.948 383.2215
1869.082 385.4183
1870.279 387.6055
1871.574 389.8711
1873.108 392.4172
1874.746 394.9398
1876.638 397.6032
1878.592 400.1852
1880.421 402.6214
1882.178 405.1076
1883.799 407.7713
1885.079 410.303
1886.312 413.0858
1887.49 415.7476
1888.856 418.348
1890.397 420.7565
1892.026 423.0988
1893.666 425.3954
1895.318 427.8543
1896.663 430.0089
1897.944 432.1849
1899.126 434.2601
1900.29 436.2275
1901.208 437.7527
1902.022 439.0864
1902.723 440.2095
1903.238 440.957
1903.75 441.5868
1904.252 442.049
1904.715 442.3595
1905.135 442.5369
1905.453 442.5781
1905.685 442.5259
1905.852 442.3821
1905.921 442.1502
1905.904 441.8647
1905.805 441.5267
1905.593 441.2025
1905.372 440.9534
1905.113 440.7214
1904.872 440.534
1904.668 440.3961
1904.437 440.2947
1904.143 440.2245
1903.479 440.0301
1903.25 439.9408
1902.979 439.8306
1902.747 439.7425
1902.483 439.6382
1902.213 439.5493
1901.919 439.4692
1901.66 439.4253
1901.451 439.4014
1901.358 439.4209
1901.3 439.4413
1901.296 439.4586
1901.313 439.4471
1901.353 439.4277
1901.353 439.4026
1901.334 439.381
1901.275 439.3483
1901.243 439.3211
1901.205 439.2674
1901.211 439.1932
1901.212 439.0856
1901.189 438.9548
1901.103 438.8491
1901.019 438.7899
1900.942 438.7484
1900.934 438.7176
1900.945 438.6776
1900.93 438.6212
1900.859 438.5576
1900.763 438.4902
1900.654 438.4333
1900.549 438.4046
1900.484 438.3901
1900.437 438.3831
1900.444 438.3804
1900.45 438.3621
1900.462 438.3283
1900.467 438.2843
1900.517 438.2331
1900.583 438.1696
1900.669 438.0781
1900.767 437.9689
1900.84 437.8493
1900.944 437.7342
1901.084 437.6351
1901.251 437.5498
1901.457 437.4634
1901.668 437.3647
1901.839 437.2515
1901.919 437.1424
1901.946 437.0482
1901.957 436.9823
1901.989 436.9427
1902.057 436.9173
1902.147 436.9092
1902.209 436.9141
1902.23 436.9287
1902.211 436.9596
1902.169 436.9891
1902.127 437.02
1902.086 437.0464
1902.032 437.0684
1901.978 437.0807
1901.933 437.0703
1901.854 437.0361
1901.737 436.9718
1901.612 436.8895
1901.47 436.8034
1901.366 436.7152
1901.237 436.6359
1901.105 436.548
1900.969 436.4515
1900.789 436.3525
1900.606 436.2711
1900.408 436.2385
1900.226 436.207
1900.086 436.1807
1899.955 436.1683
1899.809 436.1338
1899.638 436.1371
1899.454 436.1476
1899.25 436.1683
1899.065 436.2113
1898.93 436.2479
1898.808 436.3206
1898.743 436.3973
1898.758 436.4818
1898.833 436.5804
1898.939 436.6722
1899.023 436.7607
1899.082 436.8445
1899.13 436.9175
1899.159 437.0044
1899.228 437.0708
1899.309 437.1475
1899.414 437.2065
1899.53 437.2477
1899.643 437.2672
1899.705 437.2855
1899.76 437.3084
1899.794 437.3503
1899.831 437.4077
1899.9 437.4497
1899.949 437.4666
1899.999 437.4424
1899.978 437.3929
1899.915 437.3246
1899.803 437.2775
1899.685 437.2342
1899.584 437.2152
1899.5 437.194
1899.397 437.1556
1899.278 437.0921
1899.092 437.0249
1898.877 436.9409
1898.678 436.8872
1898.525 436.8444
1898.419 436.8062
1898.351 436.751
1898.297 436.6831
1898.21 436.5846
1898.082 436.4961
1897.915 436.4093
1897.723 436.3421
1897.522 436.2803
1897.346 436.2261
1897.164 436.1535
1896.99 436.0713
1896.809 435.986
1896.648 435.915
1896.506 435.8483
1896.372 435.7969
1896.223 435.7516
1896.069 435.7142
1895.884 435.6774
1895.675 435.6463
1895.469 435.6118
1895.316 435.5867
1895.182 435.5566
1895.073 435.519
1894.872 435.4398
1894.81 435.4189
1894.677 435.3709
1894.541 435.325
1894.402 435.2731
1894.274 435.2205
1894.17 435.1664
1894.09 435.1138
1893.995 435.0526
1893.881 434.9951
1893.739 434.943
1893.589 434.9074
1893.53 434.8965
1893.409 434.8691
1893.305 434.8474
1893.21 434.8174
1893.141 434.7831
1893.074 434.7316
1893.013 434.6869
1892.99 434.6455
1893.006 434.6104
1893.047 434.5656
1893.093 434.5208
1893.104 434.4826
1893.11 434.46
1893.134 434.4419
1893.204 434.4479
1893.305 434.4611
1893.434 434.4575
1893.529 434.4346
1893.583 434.3874
1893.636 434.3413
1893.71 434.3118
1893.787 434.2896
1893.897 434.2871
1893.937 434.278
1893.925 434.2737
1893.906 434.265
1893.902 434.2376
1893.922 434.1854
1893.93 434.1216
1893.942 434.0448
1893.902 433.9696
1893.838 433.9115
1893.775 433.8865
1893.72 433.8652
1893.675 433.8253
1893.631 433.7575
1893.569 433.6637
1893.476 433.5768
1892.887 433.3016
1892.707 433.1987
1892.483 433.0633
1892.247 432.9318
1892.005 432.7949
1891.761 432.66
1891.423 432.5039
1891.099 432.361
1890.71 432.1942
1890.385 432.04
1889.998 431.8558
1889.666 431.6852
1889.246 431.451
1888.788 431.1675
1888.464 431.0314
1888.244 430.9637
1888.192 430.9717
1888.224 431.0605
1888.348 431.2075
1888.395 431.2969
1888.397 431.3813
1888.392 431.4943
1888.436 431.6138
1888.522 431.756
1888.64 431.9074
1888.807 432.0711
1888.997 432.2354
1889.196 432.4056
1889.379 432.5656
1889.558 432.7178
1889.684 432.8649
1889.787 433.0026
1889.852 433.13
1889.797 433.2251
1889.725 433.2871
1889.679 433.3517
1889.691 433.3895
1889.747 433.3693
1889.832 433.2692
1889.871 433.1097
1889.898 432.8999
1889.874 432.6973
1889.841 432.439
1889.771 432.1896
1889.702 431.9383
1889.583 431.7018
1889.465 431.4873
1889.332 431.3288
1889.225 431.1888
1889.128 431.1051
1889.087 431.058
1888.98 431.0598
1888.866 431.1047
1888.706 431.201
1862.089 371.7305
1862.439 371.9286
1862.739 372.1821
1862.965 372.5368
1863.165 373.0249
1863.396 373.6615
1863.744 374.4974
1864.204 375.4837
1864.755 376.6001
1865.427 377.9606
1866.174 379.5392
1867.003 381.2954
1867.948 383.2215
1869.082 385.4183
1870.279 387.6055
1871.574 389.8711
1873.108 392.4172
1874.746 394.9398
1876.638 397.6032
1878.592 400.1852
1880.421 402.6214
1882.178 405.1076
1883.799 407.7713
1885.079 410.303
1886.312 413.0858
1887.49 415.7476
1888.856 418.348
1890.397 420.7565
1892.026 423.0988
1893.666 425.3954
1895.318 427.8543
1896.663 430.0089
1897.944 432.1849
1899.126 434.2601
1900.29 436.2275
1901.208 437.7527
1902.022 439.0864
1902.723 440.2095
1903.238 440.957
1903.75 441.5868
1904.252 442.049
1904.715 442.3595
1905.135 442.5369
1905.453 442.5781
1905.685 442.5259
1905.852 442.3821
1905.921 442.1502
1905.904 441.8647
1905.805 441.5267
1905.593 441.2025
1905.372 440.9534
1905.113 440.7214
1904.872 440.534
1904.668 440.3961
1904.437 440.2947
1904.143 440.2245
1903.479 440.0301
1903.25 439.9408
1902.979 439.8306
1902.747 439.7425
1902.483 439.6382
1902.213 439.5493
1901.919 439.4692
1901.66 439.4253
1901.451 439.4014
1901.358 439.4209
1901.3 439.4413
1901.296 439.4586
1901.313 439.4471
1901.353 439.4277
1901.353 439.4026
1901.334 439.381
1901.275 439.3483
1901.243 439.3211
1901.205 439.2674
1901.211 439.1932
1901.212 439.0856
1901.189 438.9548
1901.103 438.8491
1901.019 438.7899
1900.942 438.7484
1900.934 438.7176
1900.945 438.6776
1900.93 438.6212
1900.859 438.5576
1900.763 438.4902
1900.654 438.4333
1900.549 438.4046
1900.484 438.3901
1900.437 438.3831
1900.444 438.3804
1900.45 438.3621
1900.462 438.3283
1900.467 438.2843
1900.517 438.2331
1900.583 438.1696
1900.669 438.0781
1900.767 437.9689
1900.84 437.8493
1900.944 437.7342
1901.084 437.6351
1901.251 437.5498
1901.457 437.4634
1901.668 437.3647
1901.839 437.2515
1901.919 437.1424
1901.946 437.0482
1901.957 436.9823
1901.989 436.9427
1902.057 436.9173
1902.147 436.9092
1902.209 436.9141
1902.23 436.9287
1902.211 436.9596
1902.169 436.9891
1902.127 437.02
1902.086 437.0464
1902.032 437.0684
1901.978 437.0807
1901.933 437.0703
1901.854 437.0361
1901.737 436.9718
1901.612 436.8895
1901.47 436.8034
1901.366 436.7152
1901.237 436.6359
1901.105 436.548
1900.969 436.4515
1900.789 436.3525
1900.606 436.2711
1900.408 436.2385
1900.226 436.207
1900.086 436.1807
1899.955 436.1683
1899.809 436.1338
1899.638 436.1371
1899.454 436.1476
1899.25 436.1683
1899.065 436.2113
1898.93 436.2479
1898.808 436.3206
1898.743 436.3973
1898.758 436.4818
1898.833 436.5804
1898.939 436.6722
1899.023 436.7607
1899.082 436.8445
1899.13 436.9175
1899.159 437.0044
1899.228 437.0708
1899.309 437.1475
1899.414 437.2065
1899.53 437.2477
1899.643 437.2672
1899.705 437.2855
1899.76 437.3084
1899.794 437.3503
1899.831 437.4077
1899.9 437.4497
1899.949 437.4666
1899.999 437.4424
1899.978 437.3929
1899.915 437.3246
1899.803 437.2775
1899.685 437.2342
1899.584 437.2152
1899.5 437.194
1899.397 437.1556
1899.278 437.0921
1899.092 437.0249
1898.877 436.9409
1898.678 436.8872
1898.525 436.8444
1898.419 436.8062
1898.351 436.751
1898.297 436.6831
1898.21 436.5846
1898.082 436.4961
1897.915 436.4093
1897.723 436.3421
1897.522 436.2803
1897.346 436.2261
1897.164 436.1535
1896.99 436.0713
1896.809 435.986
1896.648 435.915
1896.506 435.8483
1896.372 435.7969
1896.223 435.7516
1896.069 435.7142
1895.884 435.6774
1895.675 435.6463
1895.469 435.6118
1895.316 435.5867
1895.182 435.5566
1895.073 435.519
1894.872 435.4398
1894.81 435.4189
1894.677 435.3709
1894.541 435.325
1894.402 435.2731
1894.274 435.2205
1894.17 435.1664
1894.09 435.1138
1893.995 435.0526
1893.881 434.9951
1893.739 434.943
1893.589 434.9074
1893.53 434.8965
1893.409 434.8691
1893.305 434.8474
1893.21 434.8174
1893.141 434.7831
1893.074 434.7316
1893.013 434.6869
1892.99 434.6455
1893.006 434.6104
1893.047 434.5656
1893.093 434.5208
1893.104 434.4826
1893.11 434.46
1893.134 434.4419
1893.204 434.4479
1893.305 434.4611
1893.434 434.4575
1893.529 434.4346
1893.583 434.3874
1893.636 434.3413
1893.71 434.3118
1893.787 434.2896
1893.897 434.2871
1893.937 434.278
1893.925 434.2737
1893.906 434.265
1893.902 434.2376
1893.922 434.1854
1893.93 434.1216
1893.942 434.0448
1893.902 433.9696
1893.838 433.9115
1893.775 433.8865
1893.72 433.8652
1893.675 433.8253
1893.631 433.7575
1893.569 433.6637
1893.476 433.5768
1892.887 433.3016
1892.707 433.1987
1892.483 433.0633
1892.247 432.9318
1892.005 432.7949
1891.761 432.66
1891.423 432.5039
1891.099 432.361
1890.71 432.1942
1890.385 432.04
1889.998 431.8558
1889.666 431.6852
1889.246 431.451
1888.788 431.1675
1888.464 431.0314
1888.244 430.9637
1888.192 430.9717
1888.224 431.0605
1888.348 431.2075
1888.395 431.2969
1888.397 431.3813
1888.392 431.4943
1888.436 431.6138
1888.522 431.756
1888.64 431.9074
1888.807 432.0711
1888.997 432.2354
1889.196 432.4056
1889.379 432.5656
1889.558 432.7178
1889.684 432.8649
1889.787 433.0026
1889.852 433.13
1889.797 433.2251
1889.725 433.2871
1889.679 433.3517
1889.691 433.3895
1889.747 433.3693
1889.832 433.2692
1889.871 433.1097
1889.898 432.8999
1889.874 432.6973
1889.841 432.439
1889.771 432.1896
1889.702 431.9383
1889.583 431.7018
1889.465 431.4873
1889.332 431.3288
1889.225 431.1888
1889.128 431.1051
1889.087 431.058
1888.98 431.0598
1888.866 431.1047
1888.706 431.201
1888.583 431.3008
1888.509 431.4165
1888.517 431.5308
1888.569 431.6366
1888.622 431.7145
1888.673 431.7835
1888.702 431.8341
1888.699 431.8843
1888.688 431.9191
1888.693 431.9378
1888.778 431.9233
1888.912 431.8755
1889.068 431.7957
1889.198 431.7111
1889.307 431.6097
1889.44 431.5132
1889.597 431.402
1889.737 431.2775
1889.905 431.1421
1890.04 431.0067
1890.14 430.8683
1890.207 430.7485
1890.262 430.6556
1890.312 430.605
1890.356 430.571
1890.419 430.5578
1890.516 430.5601
1890.63 430.5654
1890.775 430.5714
1890.928 430.5882
1891.068 430.61
1891.151 430.6371
1891.223 430.6585
1891.284 430.6668
1891.344 430.6572
1891.374 430.6375
1891.394 430.6084
1891.4 430.5622
1891.437 430.5021
1891.479 430.4391
1891.517 430.3955
1891.532 430.3871
1891.516 430.4232
1891.483 430.4694
1891.46 430.5065
1891.432 430.5122
1891.447 430.4754
1891.479 430.3776
1891.443 430.2028
1891.31 429.9938
1891.119 429.7859
1890.882 429.6046
1890.623 429.4344
1890.351 429.2507
1890.075 429.0692
1889.789 428.8835
1889.469 428.6729
1889.119 428.4888
1888.753 428.3311
1888.324 428.1761
1887.929 428.0485
1887.547 427.9365
1887.163 427.8024
1886.807 427.6507
1886.473 427.493
1886.154 427.3381
1885.875 427.1759
1885.607 427.0044
1885.309 426.7772
1884.984 426.5202
1884.637 426.2256
1884.289 425.8967
1883.945 425.5321
1883.594 425.1839
1883.19 424.7832
1882.824 424.3579
1882.435 423.9276
1882.044 423.5218
1881.592 423.1086
1881.068 422.7046
1880.51 422.3141
1879.929 421.9381
1879.388 421.5721
1878.844 421.1787
1878.314 420.7686
1877.76 420.3463
1877.245 419.9553
1876.637 419.5029
1876.105 419.0578
1875.563 418.5519
1875.056 417.9609
1874.553 417.2372
1874.046 416.325
1873.515 415.2415
1873 414.0581
1872.447 412.6567
1871.818 411.037
1871.063 409.2526
1868.471 402.778
1868.129 401.8039
1867.29 399.2559
1866.471 396.5365
1865.634 393.6836
1864.782 390.7368
1863.85 387.7334
1862.829 384.6675
1861.639 381.5737
1860.372 378.5492
1859.067 375.5255
1857.751 372.4229
1856.086 368.6019
1854.709 365.5225
1853.207 362.1333
1851.879 359.0858
1850.491 355.8475
1849.569 353.6837
1848.636 351.987
1847.781 350.5506
1847.566 351.9178
1847.032 350.6577
1846.747 349.7289
1846.53 348.9574
1846.354 348.3965
1846.203 347.8572
1846.057 347.5462
1845.942 347.237
1845.844 347.0555
1845.784 346.9543
1845.77 346.9328
1845.797 346.9456
1845.882 347.0347
1846.008 347.1291
1846.176 347.264
1846.334 347.3905
1846.43 347.5596
1846.425 347.6623
1846.358 347.785
1846.244 347.9469
1846.136 348.1411
1846.035 348.2494
1845.948 348.3172
1845.88 348.3474
1845.884 348.3474
1845.906 348.3179
1845.949 348.3369
1845.921 348.3296
1845.841 348.3506
1845.727 348.396
1845.575 348.4297
1845.477 348.4399
1845.463 348.4494
1845.557 348.4688
1845.683 348.5181
1845.81 348.59
1845.931 348.7153
1846.013 348.8483
1846.058 349.0075
1846.035 349.1484
1845.986 349.2954
1845.936 349.4153
1845.886 349.5352
1845.827 349.639
1845.744 349.7617
1845.637 349.918
1845.549 350.1234
1845.462 350.3286
1845.39 350.5811
1845.282 350.8271
1845.167 351.0574
1845.112 351.2531
1845.123 351.4185
1845.199 351.5765
1845.338 351.7513
1845.468 351.9466
1845.561 352.1973
1845.625 352.5239
1845.655 352.9178
1845.643 353.373
1845.646 353.9521
1845.718 354.6028
1845.931 355.3765
1846.373 356.4569
1847.028 357.7817
1847.789 359.3011
1848.616 361.0972
1849.531 363.1709
1850.463 365.5112
1851.397 368.0999
1852.193 370.8171
1852.907 373.7741
1853.523 376.874
1854.074 379.8527
1854.615 382.8664
1855.199 385.9922
1855.833 389.0557
1856.6 392.4616
1857.479 396.0331
1858.459 399.7165
1859.486 403.3107
1860.628 407.1073
1861.57 410.4129
1862.361 413.779
1862.868 417.1644
1863.099 420.5876
1863.091 424.2698
1863.163 427.4032
1863.633 430.3887
1864.622 433.3152
1865.94 436.189
1867.143 438.7007
1867.976 441.0291
1868.41 443.1074
1868.532 444.8854
1868.554 446.3942
1868.598 447.6779
1868.764 448.6214
1869.112 449.3029
1869.515 449.6224
1869.918 449.6357
1870.345 449.45
1870.635 449.0174
1870.667 448.4272
1870.516 447.7261
1870.214 446.9894
1869.813 446.2153
1869.371 445.4225
1868.938 444.6366
1868.525 443.9098
1868.159 443.2165
1867.813 442.6076
1867.484 442.0912
1867.129 441.681
1866.757 441.3779
1866.375 441.1613
1866.048 440.9938
1865.805 440.9019
1865.625 440.8468
1865.528 440.8346
1865.473 440.8122
1865.442 440.7932
1865.445 440.7593
1865.494 440.735
1865.586 440.7067
1865.711 440.6766
1865.864 440.6328
1866.027 440.5602
1866.204 440.4876
1866.375 440.4085
1866.519 440.3322
1866.645 440.2581
1866.803 440.1712
1866.988 440.0934
1867.182 440.0059
1867.38 439.9138
1867.572 439.8249
1867.747 439.7435
1867.941 439.653
1867.837 439.6281
1867.878 439.5879
1867.861 439.6759
1867.872 439.7733
1867.934 439.7715
1868.033 439.7855
1868.099 439.8052
1868.174 439.8359
1868.237 439.8539
1868.332 439.8825
1868.391 439.8906
1868.489 439.9067
1868.539 439.937
1868.558 439.958
1868.51 439.9611
1868.446 439.9701
1868.365 439.9608
1868.286 439.929
1868.205 439.8765
1868.1 439.8044
1867.934 439.6797
1867.773 439.5701
1867.561 439.4671
1867.335 439.3737
1867.107 439.2692
1866.86 439.1654
1866.573 439.0529
1866.262 438.9435
1865.876 438.8379
1865.459 438.7306
1865.067 438.6179
1864.672 438.4814
1864.276 438.3391
1863.872 438.1805
1863.453 438.0225
1863.011 437.8652
1862.566 437.7326
1862.094 437.6302
1861.648 437.5597
1861.227 437.5085
1860.882 437.4647
1860.577 437.4158
1860.31 437.3732
1888.583 431.3008
1888.509 431.4165
1888.517 431.5308
1888.569 431.6366
1888.622 431.7145
1888.673 431.7835
1888.702 431.8341
1888.699 431.8843
1888.688 431.9191
1888.693 431.9378
1888.778 431.9233
1888.912 431.8755
1889.068 431.7957
1889.198 431.7111
1889.307 431.6097
1889.44 431.5132
1889.597 431.402
1889.737 431.2775
1889.905 431.1421
1890.04 431.0067
1890.14 430.8683
1890.207 430.7485
1890.262 430.6556
1890.312 430.605
1890.356 430.571
1890.419 430.5578
1890.516 430.5601
1890.63 430.5654
1890.775 430.5714
1890.928 430.5882
1891.068 430.61
1891.151 430.6371
1891.223 430.6585
1891.284 430.6668
1891.344 430.6572
1891.374 430.6375
1891.394 430.6084
1891.4 430.5622
1891.437 430.5021
1891.479 430.4391
1891.517 430.3955
1891.532 430.3871
1891.516 430.4232
1891.483 430.4694
1891.46 430.5065
1891.432 430.5122
1891.447 430.4754
1891.479 430.3776
1891.443 430.2028
1891.31 429.9938
1891.119 429.7859
1890.882 429.6046
1890.623 429.4344
1890.351 429.2507
1890.075 429.0692
1889.789 428.8835
1889.469 428.6729
1889.119 428.4888
1888.753 428.3311
1888.324 428.1761
1887.929 428.0485
1887.547 427.9365
1887.163 427.8024
1886.807 427.6507
1886.473 427.493
1886.154 427.3381
1885.875 427.1759
1885.607 427.0044
1885.309 426.7772
1884.984 426.5202
1884.637 426.2256
1884.289 425.8967
1883.945 425.5321
1883.594 425.1839
1883.19 424.7832
1882.824 424.3579
1882.435 423.9276
1882.044 423.5218
1881.592 423.1086
1881.068 422.7046
1880.51 422.3141
1879.929 421.9381
1879.388 421.5721
1878.844 421.1787
1878.314 420.7686
1877.76 420.3463
1877.245 419.9553
1876.637 419.5029
1876.105 419.0578
1875.563 418.5519
1875.056 417.9609
1874.553 417.2372
1874.046 416.325
1873.515 415.2415
1873 414.0581
1872.447 412.6567
1871.818 411.037
1871.063 409.2526
1868.471 402.778
1868.129 401.8039
1867.29 399.2559
1866.471 396.5365
1865.634 393.6836
1864.782 390.7368
1863.85 387.7334
1862.829 384.6675
1861.639 381.5737
1860.372 378.5492
1859.067 375.5255
1857.751 372.4229
1856.086 368.6019
1854.709 365.5225
1853.207 362.1333
1851.879 359.0858
1850.491 355.8475
1849.569 353.6837
1848.636 351.987
1847.781 350.5506
1847.566 351.9178
1847.032 350.6577
1846.747 349.7289
1846.53 348.9574
1846.354 348.3965
1846.203 347.8572
1846.057 347.5462
1845.942 347.237
1845.844 347.0555
1845.784 346.9543
1845.77 346.9328
1845.797 346.9456
1845.882 347.0347
1846.008 347.1291
1846.176 347.264
1846.334 347.3905
1846.43 347.5596
1846.425 347.6623
1846.358 347.785
1846.244 347.9469
1846.136 348.1411
1846.035 348.2494
1845.948 348.3172
1845.88 348.3474
1845.884 348.3474
1845.906 348.3179
1845.949 348.3369
1845.921 348.3296
1845.841 348.3506
1845.727 348.396
1845.575 348.4297
1845.477 348.4399
1845.463 348.4494
1845.557 348.4688
1845.683 348.5181
1845.81 348.59
1845.931 348.7153
1846.013 348.8483
1846.058 349.0075
1846.035 349.1484
1845.986 349.2954
1845.936 349.4153
1845.886 349.5352
1845.827 349.639
1845.744 349.7617
1845.637 349.918
1845.549 350.1234
1845.462 350.3286
1845.39 350.5811
1845.282 350.8271
1845.167 351.0574
1845.112 351.2531
1845.123 351.4185
1845.199 351.5765
1845.338 351.7513
1845.468 351.9466
1845.561 352.1973
1845.625 352.5239
1845.655 352.9178
1845.643 353.373
1845.646 353.9521
1845.718 354.6028
1845.931 355.3765
1846.373 356.4569
1847.028 357.7817
1847.789 359.3011
1848.616 361.0972
1849.531 363.1709
1850.463 365.5112
1851.397 368.0999
1852.193 370.8171
1852.907 373.7741
1853.523 376.874
1854.074 379.8527
1854.615 382.8664
1855.199 385.9922
1855.833 389.0557
1856.6 392.4616
1857.479 396.0331
1858.459 399.7165
1859.486 403.3107
1860.628 407.1073
1861.57 410.4129
1862.361 413.779
1862.868 417.1644
1863.099 420.5876
1863.091 424.2698
1863.163 427.4032
1863.633 430.3887
1864.622 433.3152
1865.94 436.189
1867.143 438.7007
1867.976 441.0291
1868.41 443.1074
1868.532 444.8854
1868.554 446.3942
1868.598 447.6779
1868.764 448.6214
1869.112 449.3029
1869.515 449.6224
1869.918 449.6357
1870.345 449.45
1870.635 449.0174
1870.667 448.4272
1870.516 447.7261
1870.214 446.9894
1869.813 446.2153
1869.371 445.4225
1868.938 444.6366
1868.525 443.9098
1868.159 443.2165
1867.813 442.6076
1867.484 442.0912
1867.129 441.681
1866.757 441.3779
1866.375 441.1613
1866.048 440.9938
1865.805 440.9019
1865.625 440.8468
1865.528 440.8346
1865.473 440.8122
1865.442 440.7932
1865.445 440.7593
1865.494 440.735
1865.586 440.7067
1865.711 440.6766
1865.864 440.6328
1866.027 440.5602
1866.204 440.4876
1866.375 440.4085
1866.519 440.3322
1866.645 440.2581
1866.803 440.1712
1866.988 440.0934
1867.182 440.0059
1867.38 439.9138
1867.572 439.8249
1867.747 439.7435
1867.941 439.653
1867.837 439.6281
1867.878 439.5879
1867.861 439.6759
1867.872 439.7733
1867.934 439.7715
1868.033 439.7855
1868.099 439.8052
1868.174 439.8359
1868.237 439.8539
1868.332 439.8825
1868.391 439.8906
1868.489 439.9067
1868.539 439.937
1868.558 439.958
1868.51 439.9611
1868.446 439.9701
1868.365 439.9608
1868.286 439.929
1868.205 439.8765
1868.1 439.8044
1867.934 439.6797
1867.773 439.5701
1867.561 439.4671
1867.335 439.3737
1867.107 439.2692
1866.86 439.1654
1866.573 439.0529
1866.262 438.9435
1865.876 438.8379
1865.459 438.7306
1865.067 438.6179
1864.672 438.4814
1864.276 438.3391
1863.872 438.1805
1863.453 438.0225
1863.011 437.8652
1862.566 437.7326
1862.094 437.6302
1861.648 437.5597
1861.227 437.5085
1860.882 437.4647
1860.577 437.4158
1860.31 437.3732
1860.068 437.341
1859.833 437.3213
1859.611 437.3097
1859.402 437.2996
1859.217 437.2948
1859.041 437.3013
1858.888 437.3294
1858.803 437.3625
1858.771 437.4005
1858.784 437.4395
1858.772 437.4766
1858.735 437.5051
1858.707 437.5293
1858.685 437.5563
1858.715 437.5902
1858.76 437.6253
1858.851 437.6401
1858.948 437.6344
1859.024 437.6004
1859.117 437.5672
1859.211 437.5436
1859.33 437.5417
1859.466 437.5739
1859.579 437.6287
1859.668 437.7007
1859.769 437.7756
1859.84 437.8462
1859.873 437.9023
1859.929 437.9603
1859.981 437.9935
1859.984 438.0114
1859.966 438.0195
1859.943 438.0233
1859.925 438.0075
1859.93 437.9761
1859.923 437.9357
1859.872 437.9251
1859.778 437.9111
1859.662 437.9113
1859.535 437.9072
1859.456 437.8848
1859.354 437.8244
1859.253 437.7482
1859.161 437.6356
1859.099 437.4985
1859.047 437.391
1858.976 437.2565
1858.921 437.1331
1858.902 437.027
1858.877 436.9369
1858.852 436.8475
1858.834 436.7538
1858.825 436.6484
1858.84 436.5447
1858.847 436.4554
1858.902 436.3714
1858.986 436.3224
1859.069 436.2799
1859.134 436.239
1859.17 436.2113
1859.193 436.1989
1859.231 436.1929
1859.294 436.1815
1859.365 436.1626
1859.421 436.1271
1859.474 436.0698
1859.526 435.9886
1859.584 435.904
1859.641 435.8342
1859.704 435.7814
1859.763 435.756
1859.802 435.7394
1859.837 435.7251
1859.88 435.7077
1859.929 435.6999
1859.974 435.6999
1860.017 435.7031
1860.057 435.7059
1860.1 435.7191
1860.142 435.7355
1860.209 435.7573
1860.305 435.7752
1860.415 435.7794
1860.558 435.772
1860.716 435.7513
1860.89 435.7134
1861.046 435.6662
1861.217 435.6086
1861.38 435.5365
1861.534 435.4793
1861.698 435.4369
1861.857 435.4201
1862.02 435.4298
1862.194 435.4616
1862.377 435.5226
1862.573 435.591
1862.763 435.6538
1863.422 435.8211
1863.575 435.8083
1863.689 435.7874
1863.714 435.6924
1863.702 435.6009
1863.707 435.5326
1863.682 435.4632
1863.641 435.4103
1863.568 435.3828
1863.505 435.3591
1863.464 435.3445
1863.419 435.3324
1863.354 435.3146
1863.379 435.2702
1863.302 435.2228
1863.304 435.1429
1863.516 435.0628
1863.756 435.0841
1863.887 435.1315
1864.048 435.1784
1864.168 435.231
1864.307 435.2874
1864.419 435.3473
1864.526 435.4056
1864.627 435.474
1864.734 435.5454
1864.898 435.5679
1865.052 435.576
1865.18 435.5345
1865.395 435.4286
1865.56 435.3463
1865.688 435.2897
1865.814 435.2337
1865.882 435.1885
1865.96 435.1664
1866.015 435.1271
1866.087 435.0713
1866.186 434.9972
1866.254 434.9222
1866.295 434.8281
1866.334 434.7096
1866.352 434.5889
1866.345 434.4785
1866.312 434.3911
1866.25 434.3224
1866.166 434.25
1866.067 434.1812
1866.002 434.1042
1865.968 434.029
1865.921 433.965
1865.816 433.9157
1865.658 433.8555
1865.513 433.8047
1865.415 433.7528
1865.355 433.7083
1865.357 433.6847
1865.377 433.6699
1865.42 433.6452
1865.44 433.6113
1865.408 433.5495
1865.374 433.4883
1865.322 433.4159
1865.307 433.3436
1865.327 433.2708
1865.388 433.2015
1865.448 433.1262
1865.517 433.0728
1865.541 433.0358
1865.596 433.0364
1865.649 433.0407
1865.713 433.0589
1865.774 433.0684
1865.876 433.0735
1866.002 433.0521
1866.152 433.0355
1866.301 433.0277
1866.442 433.0373
1866.552 433.0479
1866.665 433.076
1866.789 433.0913
1866.955 433.1045
1867.105 433.0903
1867.241 433.0628
1867.358 433.0508
1867.469 433.0617
1867.596 433.0876
1867.743 433.1292
1867.891 433.1619
1868.021 433.1808
1868.132 433.186
1868.241 433.2065
1868.312 433.2406
1868.38 433.2843
1868.426 433.3214
1868.494 433.3501
1868.563 433.3629
1868.616 433.3761
1868.613 433.4134
1868.603 433.4894
1868.595 433.6008
1868.632 433.7352
1868.679 433.8703
1868.745 433.9868
1868.804 434.0853
1868.895 434.1969
1869.022 434.3582
1869.214 434.5702
1869.446 434.8151
1869.777 435.1087
1870.175 435.4124
1870.636 435.7077
1871.037 435.9787
1871.318 436.194
1871.498 436.3646
1871.708 436.5417
1871.967 436.7108
1872.281 436.832
1872.661 436.901
1873.061 436.9097
1873.389 436.8696
1873.655 436.79
1873.894 436.6657
1874.076 436.5145
1874.248 436.3245
1874.337 436.127
1874.378 435.9178
1874.351 435.7254
1874.289 435.5326
1874.173 435.3589
1874.033 435.173
1873.863 434.9985
1873.715 434.8553
1873.544 434.7451
1873.366 434.6926
1873.185 434.6639
1873.056 434.6437
1872.888 434.6255
1872.725 434.5918
1872.545 434.5514
1872.307 434.5002
1872.032 434.4491
1871.79 434.3765
1871.535 434.2663
1871.339 434.1327
1871.156 433.9798
1871.003 433.7878
1870.89 433.5605
1870.796 433.3146
1870.742 433.0588
1870.694 432.8039
1870.64 432.5477
1870.58 432.3102
1870.531 432.1037
1870.515 431.8976
1870.502 431.7331
1870.509 431.5812
1870.485 431.4531
1870.446 431.3626
1870.412 431.3048
1870.395 431.2682
1870.41 431.2488
1870.421 431.2446
1870.42 431.2533
1870.397 431.2876
1870.369 431.3275
1870.354 431.3866
1870.335 431.4422
1870.302 431.4846
1870.277 431.5288
1870.272 431.5619
1870.267 431.5975
1870.302 431.6211
1870.328 431.6183
1870.345 431.5926
1870.334 431.551
1870.283 431.5195
1870.235 431.473
1870.226 431.4114
1870.259 431.3314
1870.306 431.2306
1870.375 431.1172
1870.405 431.0259
1870.354 430.9502
1870.251 430.8779
1870.177 430.8102
1870.133 430.7531
1870.171 430.7129
1870.263 430.6763
1870.371 430.6419
1870.456 430.6224
1870.472 430.6138
1870.442 430.6123
1870.373 430.6027
1870.304 430.5863
1870.265 430.5532
1870.242 430.5137
1870.224 430.4665
1870.159 430.4243
1870.061 430.3984
1869.989 430.375
1869.95 430.3503
1869.911 430.3283
1869.818 430.3167
1860.068 437.341
1859.833 437.3213
1859.611 437.3097
1859.402 437.2996
1859.217 437.2948
1859.041 437.3013
1858.888 437.3294
1858.803 437.3625
1858.771 437.4005
1858.784 437.4395
1858.772 437.4766
1858.735 437.5051
1858.707 437.5293
1858.685 437.5563
1858.715 437.5902
1858.76 437.6253
1858.851 437.6401
1858.948 437.6344
1859.024 437.6004
1859.117 437.5672
1859.211 437.5436
1859.33 437.5417
1859.466 437.5739
1859.579 437.6287
1859.668 437.7007
1859.769 437.7756
1859.84 437.8462
1859.873 437.9023
1859.929 437.9603
1859.981 437.9935
1859.984 438.0114
1859.966 438.0195
1859.943 438.0233
1859.925 438.0075
1859.93 437.9761
1859.923 437.9357
1859.872 437.9251
1859.778 437.9111
1859.662 437.9113
1859.535 437.9072
1859.456 437.8848
1859.354 437.8244
1859.253 437.7482
1859.161 437.6356
1859.099 437.4985
1859.047 437.391
1858.976 437.2565
1858.921 437.1331
1858.902 437.027
1858.877 436.9369
1858.852 436.8475
1858.834 436.7538
1858.825 436.6484
1858.84 436.5447
1858.847 436.4554
1858.902 436.3714
1858.986 436.3224
1859.069 436.2799
1859.134 436.239
1859.17 436.2113
1859.193 436.1989
1859.231 436.1929
1859.294 436.1815
1859.365 436.1626
1859.421 436.1271
1859.474 436.0698
1859.526 435.9886
1859.584 435.904
1859.641 435.8342
1859.704 435.7814
1859.763 435.756
1859.802 435.7394
1859.837 435.7251
1859.88 435.7077
1859.929 435.6999
1859.974 435.6999
1860.017 435.7031
1860.057 435.7059
1860.1 435.7191
1860.142 435.7355
1860.209 435.7573
1860.305 435.7752
1860.415 435.7794
1860.558 435.772
1860.716 435.7513
1860.89 435.7134
1861.046 435.6662
1861.217 435.6086
1861.38 435.5365
1861.534 435.4793
1861.698 435.4369
1861.857 435.4201
1862.02 435.4298
1862.194 435.4616
1862.377 435.5226
1862.573 435.591
1862.763 435.6538
1863.422 435.8211
1863.575 435.8083
1863.689 435.7874
1863.714 435.6924
1863.702 435.6009
1863.707 435.5326
1863.682 435.4632
1863.641 435.4103
1863.568 435.3828
1863.505 435.3591
1863.464 435.3445
1863.419 435.3324
1863.354 435.3146
1863.379 435.2702
1863.302 435.2228
1863.304 435.1429
1863.516 435.0628
1863.756 435.0841
1863.887 435.1315
1864.048 435.1784
1864.168 435.231
1864.307 435.2874
1864.419 435.3473
1864.526 435.4056
1864.627 435.474
1864.734 435.5454
1864.898 435.5679
1865.052 435.576
1865.18 435.5345
1865.395 435.4286
1865.56 435.3463
1865.688 435.2897
1865.814 435.2337
1865.882 435.1885
1865.96 435.1664
1866.015 435.1271
1866.087 435.0713
1866.186 434.9972
1866.254 434.9222
1866.295 434.8281
1866.334 434.7096
1866.352 434.5889
1866.345 434.4785
1866.312 434.3911
1866.25 434.3224
1866.166 434.25
1866.067 434.1812
1866.002 434.1042
1865.968 434.029
1865.921 433.965
1865.816 433.9157
1865.658 433.8555
1865.513 433.8047
1865.415 433.7528
1865.355 433.7083
1865.357 433.6847
1865.377 433.6699
1865.42 433.6452
1865.44 433.6113
1865.408 433.5495
1865.374 433.4883
1865.322 433.4159
1865.307 433.3436
1865.327 433.2708
1865.388 433.2015
1865.448 433.1262
1865.517 433.0728
1865.541 433.0358
1865.596 433.0364
1865.649 433.0407
1865.713 433.0589
1865.774 433.0684
1865.876 433.0735
1866.002 433.0521
1866.152 433.0355
1866.301 433.0277
1866.442 433.0373
1866.552 433.0479
1866.665 433.076
1866.789 433.0913
1866.955 433.1045
1867.105 433.0903
1867.241 433.0628
1867.358 433.0508
1867.469 433.0617
1867.596 433.0876
1867.743 433.1292
1867.891 433.1619
1868.021 433.1808
1868.132 433.186
1868.241 433.2065
1868.312 433.2406
1868.38 433.2843
1868.426 433.3214
1868.494 433.3501
1868.563 433.3629
1868.616 433.3761
1868.613 433.4134
1868.603 433.4894
1868.595 433.6008
1868.632 433.7352
1868.679 433.8703
1868.745 433.9868
1868.804 434.0853
1868.895 434.1969
1869.022 434.3582
1869.214 434.5702
1869.446 434.8151
1869.777 435.1087
1870.175 435.4124
1870.636 435.7077
1871.037 435.9787
1871.318 436.194
1871.498 436.3646
1871.708 436.5417
1871.967 436.7108
1872.281 436.832
1872.661 436.901
1873.061 436.9097
1873.389 436.8696
1873.655 436.79
1873.894 436.6657
1874.076 436.5145
1874.248 436.3245
1874.337 436.127
1874.378 435.9178
1874.351 435.7254
1874.289 435.5326
1874.173 435.3589
1874.033 435.173
1873.863 434.9985
1873.715 434.8553
1873.544 434.7451
1873.366 434.6926
1873.185 434.6639
1873.056 434.6437
1872.888 434.6255
1872.725 434.5918
1872.545 434.5514
1872.307 434.5002
1872.032 434.4491
1871.79 434.3765
1871.535 434.2663
1871.339 434.1327
1871.156 433.9798
1871.003 433.7878
1870.89 433.5605
1870.796 433.3146
1870.742 433.0588
1870.694 432.8039
1870.64 432.5477
1870.58 432.3102
1870.531 432.1037
1870.515 431.8976
1870.502 431.7331
1870.509 431.5812
1870.485 431.4531
1870.446 431.3626
1870.412 431.3048
1870.395 431.2682
1870.41 431.2488
1870.421 431.2446
1870.42 431.2533
1870.397 431.2876
1870.369 431.3275
1870.354 431.3866
1870.335 431.4422
1870.302 431.4846
1870.277 431.5288
1870.272 431.5619
1870.267 431.5975
1870.302 431.6211
1870.328 431.6183
1870.345 431.5926
1870.334 431.551
1870.283 431.5195
1870.235 431.473
1870.226 431.4114
1870.259 431.3314
1870.306 431.2306
1870.375 431.1172
1870.405 431.0259
1870.354 430.9502
1870.251 430.8779
1870.177 430.8102
1870.133 430.7531
1870.171 430.7129
1870.263 430.6763
1870.371 430.6419
1870.456 430.6224
1870.472 430.6138
1870.442 430.6123
1870.373 430.6027
1870.304 430.5863
1870.265 430.5532
1870.242 430.5137
1870.224 430.4665
1870.159 430.4243
1870.061 430.3984
1869.989 430.375
1869.95 430.3503
1869.911 430.3283
1869.818 430.3167
