1920 480
1920 480
1048.107 477.4474
1048.065 477.4658
1048.11 477.4391
1048.133 477.453
1048.089 477.4718
1048.093 477.485
1048.068 477.4701
1048.026 477.4453
1048.067 477.4518
1048.061 477.4468
1048.084 477.4523
1048.1 477.4635
1048.1 477.4692
1048.045 477.4313
1048.07 477.4232
1048.068 477.437
1048.092 477.4307
1048.063 477.432
1048.011 477.4464
1048.063 477.4492
1048.043 477.4411
1048.072 477.4435
1047.984 477.4437
1048.056 477.458
1048.005 477.4502
1047.933 477.4346
1048.03 477.3994
1048.059 477.4176
1047.999 477.4207
1048.007 477.4159
1048.027 477.4064
1048.012 477.404
1047.993 477.4079
1047.993 477.4079
1047.992 477.4087
1047.98 477.4006
1047.962 477.3836
1047.981 477.3888
1047.978 477.3877
1047.999 477.3919
1048.014 477.3908
1048.03 477.4048
1048.013 477.4054
1048.149 477.423
1048.193 477.4085
1048.143 477.3984
1048.155 477.3898
1048.167 477.3999
1048.193 477.4011
1048.196 477.4072
1048.215 477.3966
1048.21 477.3928
1048.213 477.3994
1048.24 477.408
1048.263 477.4067
1048.269 477.4106
1048.275 477.4111
1048.213 477.4136
1048.282 477.4061
1048.269 477.4004
1048.251 477.4355
1048.236 477.4261
1048.234 477.4299
1048.155 477.4136
1048.199 477.4269
1048.218 477.436
1048.258 477.4372
1048.228 477.4242
1048.241 477.4206
1048.203 477.4229
1048.166 477.4225
1048.178 477.4272
1048.198 477.4279
1048.182 477.4193
1048.187 477.4194
1048.182 477.4152
1048.157 477.4214
1048.152 477.4186
1048.137 477.4111
1048.134 477.4041
1048.122 477.397
1048.109 477.3999
1048.096 477.3997
1048.085 477.3914
1048.057 477.3841
1048.083 477.39
1048.084 477.388
1048.079 477.3928
1048.078 477.3937
1048.08 477.3958
1048.05 477.402
1048.039 477.4063
1048.048 477.4159
1048.075 477.4097
1048.074 477.3987
1048.067 477.4002
1048.052 477.4063
1048.05 477.4041
1048.061 477.4017
1048.074 477.4022
1048.067 477.4046
1048.064 477.4128
1048.037 477.4207
1048.028 477.4138
1048.054 477.4064
1048.068 477.3999
1048.07 477.3945
1048.074 477.3984
1048.1 477.3996
1048.101 477.3996
1048.101 477.4022
1048.099 477.3975
1048.117 477.4012
1048.15 477.4017
1048.159 477.402
1048.158 477.3996
1048.162 477.4015
1048.172 477.394
1048.161 477.3871
1048.172 477.3864
1048.172 477.3867
1048.16 477.3866
1048.148 477.3839
1048.117 477.3823
1048.087 477.3809
1048.107 477.3795
1048.108 477.3866
1048.124 477.3848
1048.122 477.3766
1048.099 477.3693
1048.09 477.3699
1048.107 477.3734
1048.12 477.3709
1048.133 477.3782
1048.134 477.381
1048.123 477.3795
1048.133 477.3812
1048.135 477.386
1048.136 477.3883
1048.14 477.3914
1048.16 477.396
1048.163 477.3992
1048.183 477.3955
1048.204 477.3813
1048.224 477.3744
1048.22 477.3791
1048.225 477.3779
1048.231 477.3774
1048.234 477.3872
1048.225 477.3871
1048.219 477.3874
1048.209 477.3827
1048.217 477.3795
1048.217 477.3786
1048.211 477.3812
1048.236 477.3931
1048.25 477.4009
1048.259 477.4017
1048.275 477.4056
1048.293 477.4023
1048.293 477.4023
1048.293 477.4164
1048.324 477.4046
1048.344 477.4103
1048.332 477.4069
1048.326 477.408
1048.362 477.404
1048.393 477.4009
1048.402 477.4006
1048.401 477.3999
1048.434 477.403
1048.454 477.402
1048.438 477.3978
1048.464 477.3923
1048.446 477.391
1048.456 477.3794
1048.447 477.3706
1048.447 477.3734
1048.446 477.3651
1048.445 477.3604
1048.435 477.3641
1048.438 477.3608
1048.433 477.3672
1048.411 477.3745
1048.421 477.3777
1048.424 477.3766
1048.409 477.3756
1048.42 477.3729
1048.402 477.3742
1048.384 477.381
1048.391 477.3856
1048.357 477.3859
1048.35 477.3845
1048.361 477.3758
1048.36 477.3802
1048.366 477.3882
1048.379 477.3843
1048.359 477.3777
1048.347 477.3804
1048.352 477.3753
1048.347 477.3869
1048.337 477.3961
1048.327 477.3963
1048.306 477.397
1048.278 477.3954
1048.256 477.3944
1048.249 477.3989
1048.247 477.404
1048.226 477.411
1048.241 477.4121
1048.248 477.4129
1048.25 477.4025
1048.283 477.4022
1048.288 477.4038
1048.283 477.403
1048.291 477.4009
1048.283 477.4053
1048.275 477.3965
1048.267 477.3958
1048.276 477.3973
1048.282 477.4019
1048.27 477.4153
1048.258 477.4123
1048.243 477.4136
1048.255 477.4102
1048.259 477.402
1048.259 477.4049
1048.272 477.4075
1048.283 477.4106
1048.284 477.4164
1048.287 477.4198
1048.269 477.41
1048.258 477.4129
1048.277 477.41
1048.284 477.412
1048.294 477.4128
1048.287 477.4105
1048.273 477.4157
1048.264 477.4165
1048.279 477.4141
1048.278 477.4204
1048.275 477.4185
1048.277 477.4118
1048.27 477.4079
1048.268 477.3992
1048.234 477.4059
1048.211 477.4015
1048.207 477.3976
1048.182 477.3944
1048.178 477.4001
1048.159 477.4054
1048.135 477.4064
1048.141 477.3958
1048.145 477.395
1048.121 477.3923
1048.126 477.3923
1048.104 477.3949
1048.074 477.3853
1048.041 477.3815
1048.002 477.3794
1048.005 477.3777
1047.991 477.3818
1047.983 477.3888
1047.985 477.3893
1047.989 477.3836
1047.985 477.3849
1047.979 477.3828
1047.965 477.3872
1047.973 477.3893
1047.979 477.3931
1047.98 477.3965
1047.972 477.3984
1047.988 477.3937
1047.997 477.3945
1047.993 477.3989
1048.007 477.4124
1048.007 477.4211
1048.027 477.4178
1048.05 477.4152
1048.041 477.4146
1048.026 477.4207
1048.026 477.4178
1048.031 477.4178
1048.068 477.4141
1048.063 477.4206
1048.066 477.4245
1048.084 477.4368
1048.092 477.4431
1048.095 477.4525
1048.102 477.4582
1048.106 477.4565
1048.112 477.4564
1048.109 477.4593
1048.108 477.4518
1048.104 477.4476
1048.102 477.446
1048.093 477.4471
1048.111 477.4496
1920 480
1920 480
1048.107 477.4474
1048.065 477.4658
1048.11 477.4391
1048.133 477.453
1048.089 477.4718
1048.093 477.485
1048.068 477.4701
1048.026 477.4453
1048.067 477.4518
1048.061 477.4468
1048.084 477.4523
1048.1 477.4635
1048.1 477.4692
1048.045 477.4313
1048.07 477.4232
1048.068 477.437
1048.092 477.4307
1048.063 477.432
1048.011 477.4464
1048.063 477.4492
1048.043 477.4411
1048.072 477.4435
1047.984 477.4437
1048.056 477.458
1048.005 477.4502
1047.933 477.4346
1048.03 477.3994
1048.059 477.4176
1047.999 477.4207
1048.007 477.4159
1048.027 477.4064
1048.012 477.404
1047.993 477.4079
1047.993 477.4079
1047.992 477.4087
1047.98 477.4006
1047.962 477.3836
1047.981 477.3888
1047.978 477.3877
1047.999 477.3919
1048.014 477.3908
1048.03 477.4048
1048.013 477.4054
1048.149 477.423
1048.193 477.4085
1048.143 477.3984
1048.155 477.3898
1048.167 477.3999
1048.193 477.4011
1048.196 477.4072
1048.215 477.3966
1048.21 477.3928
1048.213 477.3994
1048.24 477.408
1048.263 477.4067
1048.269 477.4106
1048.275 477.4111
1048.213 477.4136
1048.282 477.4061
1048.269 477.4004
1048.251 477.4355
1048.236 477.4261
1048.234 477.4299
1048.155 477.4136
1048.199 477.4269
1048.218 477.436
1048.258 477.4372
1048.228 477.4242
1048.241 477.4206
1048.203 477.4229
1048.166 477.4225
1048.178 477.4272
1048.198 477.4279
1048.182 477.4193
1048.187 477.4194
1048.182 477.4152
1048.157 477.4214
1048.152 477.4186
1048.137 477.4111
1048.134 477.4041
1048.122 477.397
1048.109 477.3999
1048.096 477.3997
1048.085 477.3914
1048.057 477.3841
1048.083 477.39
1048.084 477.388
1048.079 477.3928
1048.078 477.3937
1048.08 477.3958
1048.05 477.402
1048.039 477.4063
1048.048 477.4159
1048.075 477.4097
1048.074 477.3987
1048.067 477.4002
1048.052 477.4063
1048.05 477.4041
1048.061 477.4017
1048.074 477.4022
1048.067 477.4046
1048.064 477.4128
1048.037 477.4207
1048.028 477.4138
1048.054 477.4064
1048.068 477.3999
1048.07 477.3945
1048.074 477.3984
1048.1 477.3996
1048.101 477.3996
1048.101 477.4022
1048.099 477.3975
1048.117 477.4012
1048.15 477.4017
1048.159 477.402
1048.158 477.3996
1048.162 477.4015
1048.172 477.394
1048.161 477.3871
1048.172 477.3864
1048.172 477.3867
1048.16 477.3866
1048.148 477.3839
1048.117 477.3823
1048.087 477.3809
1048.107 477.3795
1048.108 477.3866
1048.124 477.3848
1048.122 477.3766
1048.099 477.3693
1048.09 477.3699
1048.107 477.3734
1048.12 477.3709
1048.133 477.3782
1048.134 477.381
1048.123 477.3795
1048.133 477.3812
1048.135 477.386
1048.136 477.3883
1048.14 477.3914
1048.16 477.396
1048.163 477.3992
1048.183 477.3955
1048.204 477.3813
1048.224 477.3744
1048.22 477.3791
1048.225 477.3779
1048.231 477.3774
1048.234 477.3872
1048.225 477.3871
1048.219 477.3874
1048.209 477.3827
1048.217 477.3795
1048.217 477.3786
1048.211 477.3812
1048.236 477.3931
1048.25 477.4009
1048.259 477.4017
1048.275 477.4056
1048.293 477.4023
1048.293 477.4023
1048.293 477.4164
1048.324 477.4046
1048.344 477.4103
1048.332 477.4069
1048.326 477.408
1048.362 477.404
1048.393 477.4009
1048.402 477.4006
1048.401 477.3999
1048.434 477.403
1048.454 477.402
1048.438 477.3978
1048.464 477.3923
1048.446 477.391
1048.456 477.3794
1048.447 477.3706
1048.447 477.3734
1048.446 477.3651
1048.445 477.3604
1048.435 477.3641
1048.438 477.3608
1048.433 477.3672
1048.411 477.3745
1048.421 477.3777
1048.424 477.3766
1048.409 477.3756
1048.42 477.3729
1048.402 477.3742
1048.384 477.381
1048.391 477.3856
1048.357 477.3859
1048.35 477.3845
1048.361 477.3758
1048.36 477.3802
1048.366 477.3882
1048.379 477.3843
1048.359 477.3777
1048.347 477.3804
1048.352 477.3753
1048.347 477.3869
1048.337 477.3961
1048.327 477.3963
1048.306 477.397
1048.278 477.3954
1048.256 477.3944
1048.249 477.3989
1048.247 477.404
1048.226 477.411
1048.241 477.4121
1048.248 477.4129
1048.25 477.4025
1048.283 477.4022
1048.288 477.4038
1048.283 477.403
1048.291 477.4009
1048.283 477.4053
1048.275 477.3965
1048.267 477.3958
1048.276 477.3973
1048.282 477.4019
1048.27 477.4153
1048.258 477.4123
1048.243 477.4136
1048.255 477.4102
1048.259 477.402
1048.259 477.4049
1048.272 477.4075
1048.283 477.4106
1048.284 477.4164
1048.287 477.4198
1048.269 477.41
1048.258 477.4129
1048.277 477.41
1048.284 477.412
1048.294 477.4128
1048.287 477.4105
1048.273 477.4157
1048.264 477.4165
1048.279 477.4141
1048.278 477.4204
1048.275 477.4185
1048.277 477.4118
1048.27 477.4079
1048.268 477.3992
1048.234 477.4059
1048.211 477.4015
1048.207 477.3976
1048.182 477.3944
1048.178 477.4001
1048.159 477.4054
1048.135 477.4064
1048.141 477.3958
1048.145 477.395
1048.121 477.3923
1048.126 477.3923
1048.104 477.3949
1048.074 477.3853
1048.041 477.3815
1048.002 477.3794
1048.005 477.3777
1047.991 477.3818
1047.983 477.3888
1047.985 477.3893
1047.989 477.3836
1047.985 477.3849
1047.979 477.3828
1047.965 477.3872
1047.973 477.3893
1047.979 477.3931
1047.98 477.3965
1047.972 477.3984
1047.988 477.3937
1047.997 477.3945
1047.993 477.3989
1048.007 477.4124
1048.007 477.4211
1048.027 477.4178
1048.05 477.4152
1048.041 477.4146
1048.026 477.4207
1048.026 477.4178
1048.031 477.4178
1048.068 477.4141
1048.063 477.4206
1048.066 477.4245
1048.084 477.4368
1048.092 477.4431
1048.095 477.4525
1048.102 477.4582
1048.106 477.4565
1048.112 477.4564
1048.109 477.4593
1048.108 477.4518
1048.104 477.4476
1048.102 477.446
1048.093 477.4471
1048.111 477.4496
1048.115 477.4492
1048.107 477.4381
1048.099 477.4312
1048.087 477.4203
1048.062 477.4203
1048.032 477.4171
1048.031 477.4079
1048.026 477.4056
1048.014 477.41
1048.013 477.4093
1048.005 477.4097
1048.011 477.4066
1048.033 477.4077
1048.009 477.4123
1047.989 477.4157
1047.993 477.41
1047.996 477.4041
1047.991 477.4067
1047.992 477.4123
1047.97 477.4063
1047.964 477.4011
1047.953 477.3843
1047.985 477.3795
1048.02 477.3758
1048.024 477.3623
1048.028 477.3657
1048.026 477.364
1048.013 477.3602
1048.011 477.3621
1048.024 477.362
1048.034 477.3539
1048.045 477.3514
1048.045 477.3499
1048.049 477.3504
1048.08 477.3493
1048.061 477.3459
1048.057 477.3428
1048.055 477.3451
1048.071 477.3527
1048.067 477.3483
1048.07 477.3543
1048.09 477.3557
1048.114 477.3558
1048.106 477.3548
1048.094 477.3573
1048.113 477.3557
1048.167 477.3626
1048.179 477.3649
1048.17 477.3649
1048.149 477.3696
1048.137 477.374
1048.135 477.3883
1048.123 477.4025
1048.121 477.4043
1048.104 477.4067
1048.096 477.4098
1048.093 477.408
1048.067 477.4167
1048.068 477.4212
1048.068 477.4272
1048.036 477.4365
1048 477.438
1047.979 477.4409
1047.978 477.4354
1047.943 477.4399
1047.923 477.4481
1047.913 477.451
1047.904 477.4569
1047.887 477.4456
1047.875 477.4528
1047.87 477.4505
1047.854 477.4518
1047.859 477.46
1047.852 477.4634
1047.893 477.4653
1047.9 477.4661
1047.903 477.4627
1047.893 477.4624
1047.882 477.4624
1047.874 477.4661
1047.88 477.465
1047.872 477.4715
1047.888 477.4699
1047.91 477.4724
1047.917 477.4635
1047.924 477.4578
1047.947 477.4458
1047.948 477.4409
1047.953 477.4515
1047.954 477.4575
1047.968 477.4546
1047.988 477.458
1047.995 477.4479
1048.006 477.4442
1047.999 477.4531
1047.997 477.4533
1048.002 477.4474
1047.983 477.4489
1047.98 477.4573
1047.991 477.4614
1047.99 477.4647
1048.01 477.4725
1048.023 477.4668
1048.034 477.4611
1048.032 477.4592
1048.044 477.4559
1048.038 477.4455
1048.036 477.4408
1048.045 477.4336
1048.033 477.4302
1048.023 477.4302
1048.005 477.43
1047.993 477.4232
1047.983 477.4168
1047.991 477.4188
1047.969 477.4199
1047.96 477.4146
1047.954 477.4048
1047.96 477.4074
1047.974 477.4079
1047.969 477.4105
1047.929 477.4103
1047.931 477.4077
1047.919 477.4141
1047.917 477.4171
1047.893 477.4185
1047.882 477.4245
1047.863 477.4276
1047.851 477.433
1047.842 477.4431
1047.858 477.4429
1047.855 477.4482
1047.827 477.4535
1047.813 477.4533
1047.804 477.4531
1047.795 477.4538
1047.776 477.4461
1047.786 477.4391
1047.779 477.4323
1047.786 477.4224
1047.774 477.4247
1047.795 477.4194
1047.835 477.417
1047.827 477.4134
1047.832 477.4171
1047.862 477.417
1047.878 477.4198
1047.874 477.4129
1047.879 477.4173
1047.865 477.4227
1047.868 477.4268
1047.888 477.4368
1047.886 477.4396
1047.884 477.4391
1047.894 477.4443
1047.908 477.4357
1047.918 477.4224
1047.93 477.4247
1047.931 477.4198
1047.943 477.4229
1047.952 477.4242
1047.955 477.4245
1047.969 477.4227
1047.974 477.4272
1047.974 477.4344
1047.967 477.4404
1047.973 477.4393
1047.972 477.442
1047.975 477.4359
1047.957 477.4299
1047.97 477.4233
1047.968 477.4189
1047.963 477.415
1047.971 477.4185
1047.975 477.4237
1047.988 477.4266
1047.988 477.4263
1048.001 477.4261
1048.028 477.4247
1048.037 477.428
1048.077 477.4251
1048.087 477.4235
1048.088 477.4242
1048.1 477.4235
1048.136 477.4253
1048.146 477.4237
1048.161 477.4224
1048.159 477.4198
1048.169 477.4171
1048.191 477.4004
1048.206 477.3932
1048.212 477.3926
1048.223 477.386
1048.225 477.3789
1048.234 477.3784
1048.232 477.3773
1048.221 477.376
1048.192 477.3823
1048.185 477.3955
1048.159 477.4106
1048.169 477.4186
1048.182 477.4162
1048.165 477.4153
1048.191 477.4051
1048.209 477.4063
1048.204 477.4095
1048.2 477.4153
1048.189 477.4201
1048.193 477.423
1048.206 477.4141
1048.232 477.3997
1048.247 477.3914
1048.26 477.3929
1048.271 477.3903
1048.275 477.3994
1048.297 477.4015
1048.295 477.4084
1048.29 477.4115
1048.313 477.4398
1048.28 477.4538
1048.273 477.4601
1048.282 477.4564
1048.295 477.4535
1048.304 477.4551
1048.298 477.4533
1048.29 477.4446
1048.272 477.4408
1048.256 477.4354
1048.25 477.4321
1048.229 477.4299
1048.202 477.429
1048.198 477.4256
1048.228 477.4116
1048.216 477.4074
1048.243 477.3966
1048.259 477.3937
1048.268 477.3878
1048.298 477.3869
1048.301 477.3914
1048.305 477.3984
1048.349 477.3987
1048.376 477.4011
1048.384 477.3986
1048.379 477.3997
1048.369 477.4037
1048.373 477.4074
1048.38 477.4103
1048.372 477.4124
1048.383 477.4118
1048.396 477.4121
1048.398 477.4214
1048.402 477.4201
1048.411 477.4214
1048.414 477.4181
1048.414 477.4198
1048.41 477.4152
1048.419 477.417
1048.425 477.4261
1048.43 477.4363
1048.415 477.4302
1048.412 477.4304
1048.41 477.4316
1048.406 477.4266
1048.391 477.4269
1048.396 477.4212
1048.396 477.4201
1048.41 477.423
1048.414 477.4285
1048.416 477.4391
1048.431 477.4434
1048.43 477.4408
1048.423 477.4486
1048.442 477.4517
1048.425 477.4525
1048.404 477.4554
1048.423 477.4551
1048.443 477.4523
1048.461 477.4523
1048.466 477.4557
1048.46 477.4573
1048.441 477.46
1048.444 477.4622
1048.432 477.4592
1048.399 477.4655
1048.382 477.4724
1048.369 477.4738
1048.357 477.4847
1048.348 477.4909
1048.356 477.4857
1048.341 477.4922
1048.335 477.4928
1048.316 477.4911
1048.314 477.489
1048.339 477.4899
1048.357 477.4959
1048.334 477.4943
1048.322 477.4951
1048.291 477.5006
1048.286 477.5057
1048.293 477.5088
1048.115 477.4492
1048.107 477.4381
1048.099 477.4312
1048.087 477.4203
1048.062 477.4203
1048.032 477.4171
1048.031 477.4079
1048.026 477.4056
1048.014 477.41
1048.013 477.4093
1048.005 477.4097
1048.011 477.4066
1048.033 477.4077
1048.009 477.4123
1047.989 477.4157
1047.993 477.41
1047.996 477.4041
1047.991 477.4067
1047.992 477.4123
1047.97 477.4063
1047.964 477.4011
1047.953 477.3843
1047.985 477.3795
1048.02 477.3758
1048.024 477.3623
1048.028 477.3657
1048.026 477.364
1048.013 477.3602
1048.011 477.3621
1048.024 477.362
1048.034 477.3539
1048.045 477.3514
1048.045 477.3499
1048.049 477.3504
1048.08 477.3493
1048.061 477.3459
1048.057 477.3428
1048.055 477.3451
1048.071 477.3527
1048.067 477.3483
1048.07 477.3543
1048.09 477.3557
1048.114 477.3558
1048.106 477.3548
1048.094 477.3573
1048.113 477.3557
1048.167 477.3626
1048.179 477.3649
1048.17 477.3649
1048.149 477.3696
1048.137 477.374
1048.135 477.3883
1048.123 477.4025
1048.121 477.4043
1048.104 477.4067
1048.096 477.4098
1048.093 477.408
1048.067 477.4167
1048.068 477.4212
1048.068 477.4272
1048.036 477.4365
1048 477.438
1047.979 477.4409
1047.978 477.4354
1047.943 477.4399
1047.923 477.4481
1047.913 477.451
1047.904 477.4569
1047.887 477.4456
1047.875 477.4528
1047.87 477.4505
1047.854 477.4518
1047.859 477.46
1047.852 477.4634
1047.893 477.4653
1047.9 477.4661
1047.903 477.4627
1047.893 477.4624
1047.882 477.4624
1047.874 477.4661
1047.88 477.465
1047.872 477.4715
1047.888 477.4699
1047.91 477.4724
1047.917 477.4635
1047.924 477.4578
1047.947 477.4458
1047.948 477.4409
1047.953 477.4515
1047.954 477.4575
1047.968 477.4546
1047.988 477.458
1047.995 477.4479
1048.006 477.4442
1047.999 477.4531
1047.997 477.4533
1048.002 477.4474
1047.983 477.4489
1047.98 477.4573
1047.991 477.4614
1047.99 477.4647
1048.01 477.4725
1048.023 477.4668
1048.034 477.4611
1048.032 477.4592
1048.044 477.4559
1048.038 477.4455
1048.036 477.4408
1048.045 477.4336
1048.033 477.4302
1048.023 477.4302
1048.005 477.43
1047.993 477.4232
1047.983 477.4168
1047.991 477.4188
1047.969 477.4199
1047.96 477.4146
1047.954 477.4048
1047.96 477.4074
1047.974 477.4079
1047.969 477.4105
1047.929 477.4103
1047.931 477.4077
1047.919 477.4141
1047.917 477.4171
1047.893 477.4185
1047.882 477.4245
1047.863 477.4276
1047.851 477.433
1047.842 477.4431
1047.858 477.4429
1047.855 477.4482
1047.827 477.4535
1047.813 477.4533
1047.804 477.4531
1047.795 477.4538
1047.776 477.4461
1047.786 477.4391
1047.779 477.4323
1047.786 477.4224
1047.774 477.4247
1047.795 477.4194
1047.835 477.417
1047.827 477.4134
1047.832 477.4171
1047.862 477.417
1047.878 477.4198
1047.874 477.4129
1047.879 477.4173
1047.865 477.4227
1047.868 477.4268
1047.888 477.4368
1047.886 477.4396
1047.884 477.4391
1047.894 477.4443
1047.908 477.4357
1047.918 477.4224
1047.93 477.4247
1047.931 477.4198
1047.943 477.4229
1047.952 477.4242
1047.955 477.4245
1047.969 477.4227
1047.974 477.4272
1047.974 477.4344
1047.967 477.4404
1047.973 477.4393
1047.972 477.442
1047.975 477.4359
1047.957 477.4299
1047.97 477.4233
1047.968 477.4189
1047.963 477.415
1047.971 477.4185
1047.975 477.4237
1047.988 477.4266
1047.988 477.4263
1048.001 477.4261
1048.028 477.4247
1048.037 477.428
1048.077 477.4251
1048.087 477.4235
1048.088 477.4242
1048.1 477.4235
1048.136 477.4253
1048.146 477.4237
1048.161 477.4224
1048.159 477.4198
1048.169 477.4171
1048.191 477.4004
1048.206 477.3932
1048.212 477.3926
1048.223 477.386
1048.225 477.3789
1048.234 477.3784
1048.232 477.3773
1048.221 477.376
1048.192 477.3823
1048.185 477.3955
1048.159 477.4106
1048.169 477.4186
1048.182 477.4162
1048.165 477.4153
1048.191 477.4051
1048.209 477.4063
1048.204 477.4095
1048.2 477.4153
1048.189 477.4201
1048.193 477.423
1048.206 477.4141
1048.232 477.3997
1048.247 477.3914
1048.26 477.3929
1048.271 477.3903
1048.275 477.3994
1048.297 477.4015
1048.295 477.4084
1048.29 477.4115
1048.313 477.4398
1048.28 477.4538
1048.273 477.4601
1048.282 477.4564
1048.295 477.4535
1048.304 477.4551
1048.298 477.4533
1048.29 477.4446
1048.272 477.4408
1048.256 477.4354
1048.25 477.4321
1048.229 477.4299
1048.202 477.429
1048.198 477.4256
1048.228 477.4116
1048.216 477.4074
1048.243 477.3966
1048.259 477.3937
1048.268 477.3878
1048.298 477.3869
1048.301 477.3914
1048.305 477.3984
1048.349 477.3987
1048.376 477.4011
1048.384 477.3986
1048.379 477.3997
1048.369 477.4037
1048.373 477.4074
1048.38 477.4103
1048.372 477.4124
1048.383 477.4118
1048.396 477.4121
1048.398 477.4214
1048.402 477.4201
1048.411 477.4214
1048.414 477.4181
1048.414 477.4198
1048.41 477.4152
1048.419 477.417
1048.425 477.4261
1048.43 477.4363
1048.415 477.4302
1048.412 477.4304
1048.41 477.4316
1048.406 477.4266
1048.391 477.4269
1048.396 477.4212
1048.396 477.4201
1048.41 477.423
1048.414 477.4285
1048.416 477.4391
1048.431 477.4434
1048.43 477.4408
1048.423 477.4486
1048.442 477.4517
1048.425 477.4525
1048.404 477.4554
1048.423 477.4551
1048.443 477.4523
1048.461 477.4523
1048.466 477.4557
1048.46 477.4573
1048.441 477.46
1048.444 477.4622
1048.432 477.4592
1048.399 477.4655
1048.382 477.4724
1048.369 477.4738
1048.357 477.4847
1048.348 477.4909
1048.356 477.4857
1048.341 477.4922
1048.335 477.4928
1048.316 477.4911
1048.314 477.489
1048.339 477.4899
1048.357 477.4959
1048.334 477.4943
1048.322 477.4951
1048.291 477.5006
1048.286 477.5057
1048.293 477.5088
