1920 480
2672.266 480
2672.266 480
2672.266 480
2672.266 480
2672.266 480
2672.266 480
2672.266 480
2672.266 480
2672.266 480
2672.266 480
2672.266 480
2672.266 480
2672.266 480
2672.266 480
2672.266 480
2672.266 480
2672.266 480
2672.266 480
2672.266 480
2672.266 480
2672.266 480
2672.266 480
2672.266 480
2672.266 480
2672.266 480
2672.266 480
2672.266 480
2672.266 480
2672.266 480
2672.266 480
2672.266 480
2672.266 480
2672.266 480
2672.266 480
2658.262 480
2636.83 480
2615.566 480
2594.412 480
2572.533 480
2545.298 480
2528.752 480
2508.39 480
2484.584 480
2466.135 480
2438.535 480
2420.526 480
2402.335 480
2380.924 480
2356.689 480
2335.112 480
2316.629 480
2292.841 480
2274.356 480
2252.865 480
2227.813 480
2208.633 480
2188.649 480
2164.679 480
2146.447 480
2121.131 480
2100.088 480
2081.464 480
2060.794 480
2032.728 480
2015.151 480
1996.771 480
1972.312 480
1954.159 480
1933.052 480
1908.521 480
1890.175 480
1868.983 480
1844.923 480
1826 480
1801.994 480
1779.787 480
1762.085 480
1740.771 480
1716.722 480
1688.626 480
1676.406 480
1652.503 480
1634.302 480
1612.841 480
1587.9 480
1569.919 480
1548.237 480
1524.886 480
1505.917 480
1480.583 480
1459.874 480
1442.387 480
1420.776 480
1396.569 480
1364.341 480
1357.027 480
1331.868 480
1313.92 480
1292.442 480
1268.694 480
1250.32 480
1228.943 480
1204.728 480
1186.29 480
1161.729 480
1140.464 480
1122.164 480
1100.919 480
1083.138 480
1076.014 480
1074.793 480
1074.793 480
1074.793 480
1074.793 480
1074.793 480
1074.793 480
1074.793 480
1074.793 480
1074.793 480
1066.961 480
1045.422 480
1024.051 480
1002.705 480
981.335 480
956.4893 480
938.5586 480
917.3636 480
893.4802 480
875.3812 480
875.3812 480
875.3812 480
875.3812 480
875.3812 480
875.3812 480
875.3812 480
875.3812 480
875.3812 480
875.3812 480
875.3812 480
875.3812 480
875.3812 480
875.3812 480
875.3812 480
875.3812 480
875.3812 480
875.3812 480
875.3812 480
875.3812 480
875.3812 480
875.4671 480
879.0065 480
884.1009 480
890.7354 480
898.0085 480
905.8903 480
909.9749 480
911.2012 480
911.2012 480
911.2012 480
911.2012 480
911.2012 480
911.2012 480
911.2012 480
911.2012 480
911.2012 480
911.2012 480
911.2012 480
911.2012 480
911.2012 480
911.2012 480
911.2012 480
911.2012 480
911.2012 480
911.2012 480
911.6624 480
915.1286 480
922.9485 480
934.5537 480
948.4837 480
964.4844 480
975.7756 480
989.2536 480
997.4113 480
998.3026 480
998.3026 480
998.3026 480
998.3026 480
998.3026 480
998.3026 480
998.3026 480
998.3026 480
998.3026 480
998.3026 480
998.3026 480
998.3026 480
998.3026 480
998.3026 480
998.3026 480
998.3026 480
998.3026 480
998.3026 480
998.3026 480
998.3026 480
998.3026 480
998.3026 480
998.3026 480
998.3026 480
998.3026 480
998.3026 480
998.3026 480
998.3026 480
998.3026 480
998.3026 480
998.3026 480
998.3026 480
998.3026 480
998.3026 480
998.3026 480
998.3026 480
998.3026 480
996.2765 480
988.2565 480
970.4334 480
949.0202 480
924.9131 480
906.0579 480
879.6995 480
863.6644 480
842.4274 480
817.9343 480
799.8265 480
778.1985 480
753.9391 480
735.4492 480
710.9668 480
688.9206 480
671.8203 480
650.2679 480
626.0003 480
605.0931 480
586.4401 480
562.029 480
543.582 480
522.0993 480
497.3177 480
479.8792 480
458.2591 480
433.7002 480
415.9518 480
390.3477 480
369.6016 480
351.736 480
330.0117 480
305.8047 480
284.2741 480
266.0563 480
239.7061 480
223.5684 480
201.8945 480
177.2181 480
156.6335 480
138.1953 480
113.0732 480
95.74545 480
70.82324 480
49.88249 480
31.33952 480
10.28385 480
3825.902 480
3805.057 480
3786.308 480
3762.281 480
3743.895 480
3722.148 480
3697.193 480
3679.687 480
3658.172 480
3634.289 480
3615.13 480
3590.787 480
3570.028 480
3551.635 480
3530.384 480
3505.019 480
3484.97 480
3465.031 480
3441.445 480
3423.634 480
3402.229 480
3377.022 480
3359.372 480
3337.329 480
3312.403 480
3295.652 480
3270.583 480
3249.495 480
3231.885 480
3210.448 480
3185.896 480
1920 480
2672.266 480
2672.266 480
2672.266 480
2672.266 480
2672.266 480
2672.266 480
2672.266 480
2672.266 480
2672.266 480
2672.266 480
2672.266 480
2672.266 480
2672.266 480
2672.266 480
2672.266 480
2672.266 480
2672.266 480
2672.266 480
2672.266 480
2672.266 480
2672.266 480
2672.266 480
2672.266 480
2672.266 480
2672.266 480
2672.266 480
2672.266 480
2672.266 480
2672.266 480
2672.266 480
2672.266 480
2672.266 480
2672.266 480
2672.266 480
2658.262 480
2636.83 480
2615.566 480
2594.412 480
2572.533 480
2545.298 480
2528.752 480
2508.39 480
2484.584 480
2466.135 480
2438.535 480
2420.526 480
2402.335 480
2380.924 480
2356.689 480
2335.112 480
2316.629 480
2292.841 480
2274.356 480
2252.865 480
2227.813 480
2208.633 480
2188.649 480
2164.679 480
2146.447 480
2121.131 480
2100.088 480
2081.464 480
2060.794 480
2032.728 480
2015.151 480
1996.771 480
1972.312 480
1954.159 480
1933.052 480
1908.521 480
1890.175 480
1868.983 480
1844.923 480
1826 480
1801.994 480
1779.787 480
1762.085 480
1740.771 480
1716.722 480
1688.626 480
1676.406 480
1652.503 480
1634.302 480
1612.841 480
1587.9 480
1569.919 480
1548.237 480
1524.886 480
1505.917 480
1480.583 480
1459.874 480
1442.387 480
1420.776 480
1396.569 480
1364.341 480
1357.027 480
1331.868 480
1313.92 480
1292.442 480
1268.694 480
1250.32 480
1228.943 480
1204.728 480
1186.29 480
1161.729 480
1140.464 480
1122.164 480
1100.919 480
1083.138 480
1076.014 480
1074.793 480
1074.793 480
1074.793 480
1074.793 480
1074.793 480
1074.793 480
1074.793 480
1074.793 480
1074.793 480
1066.961 480
1045.422 480
1024.051 480
1002.705 480
981.335 480
956.4893 480
938.5586 480
917.3636 480
893.4802 480
875.3812 480
875.3812 480
875.3812 480
875.3812 480
875.3812 480
875.3812 480
875.3812 480
875.3812 480
875.3812 480
875.3812 480
875.3812 480
875.3812 480
875.3812 480
875.3812 480
875.3812 480
875.3812 480
875.3812 480
875.3812 480
875.3812 480
875.3812 480
875.3812 480
875.4671 480
879.0065 480
884.1009 480
890.7354 480
898.0085 480
905.8903 480
909.9749 480
911.2012 480
911.2012 480
911.2012 480
911.2012 480
911.2012 480
911.2012 480
911.2012 480
911.2012 480
911.2012 480
911.2012 480
911.2012 480
911.2012 480
911.2012 480
911.2012 480
911.2012 480
911.2012 480
911.2012 480
911.2012 480
911.6624 480
915.1286 480
922.9485 480
934.5537 480
948.4837 480
964.4844 480
975.7756 480
989.2536 480
997.4113 480
998.3026 480
998.3026 480
998.3026 480
998.3026 480
998.3026 480
998.3026 480
998.3026 480
998.3026 480
998.3026 480
998.3026 480
998.3026 480
998.3026 480
998.3026 480
998.3026 480
998.3026 480
998.3026 480
998.3026 480
998.3026 480
998.3026 480
998.3026 480
998.3026 480
998.3026 480
998.3026 480
998.3026 480
998.3026 480
998.3026 480
998.3026 480
998.3026 480
998.3026 480
998.3026 480
998.3026 480
998.3026 480
998.3026 480
998.3026 480
998.3026 480
998.3026 480
998.3026 480
996.2765 480
988.2565 480
970.4334 480
949.0202 480
924.9131 480
906.0579 480
879.6995 480
863.6644 480
842.4274 480
817.9343 480
799.8265 480
778.1985 480
753.9391 480
735.4492 480
710.9668 480
688.9206 480
671.8203 480
650.2679 480
626.0003 480
605.0931 480
586.4401 480
562.029 480
543.582 480
522.0993 480
497.3177 480
479.8792 480
458.2591 480
433.7002 480
415.9518 480
390.3477 480
369.6016 480
351.736 480
330.0117 480
305.8047 480
284.2741 480
266.0563 480
239.7061 480
223.5684 480
201.8945 480
177.2181 480
156.6335 480
138.1953 480
113.0732 480
95.74545 480
70.82324 480
49.88249 480
31.33952 480
10.28385 480
3825.902 480
3805.057 480
3786.308 480
3762.281 480
3743.895 480
3722.148 480
3697.193 480
3679.687 480
3658.172 480
3634.289 480
3615.13 480
3590.787 480
3570.028 480
3551.635 480
3530.384 480
3505.019 480
3484.97 480
3465.031 480
3441.445 480
3423.634 480
3402.229 480
3377.022 480
3359.372 480
3337.329 480
3312.403 480
3295.652 480
3270.583 480
3249.495 480
3231.885 480
3210.448 480
3185.896 480
3164.837 480
3142.329 480
3121.382 480
3103.892 480
3082.158 480
3057.572 480
3039.564 480
3018.007 480
2993.143 480
2975.556 480
2950.833 480
2930.034 480
2911.956 480
2897.02 480
2888.777 480
2886.591 480
2885.399 480
2884.133 480
2882.949 480
2881.74 480
2880.302 480
2879.369 480
2872.031 480
2852.153 480
2830.239 480
2805.355 480
2787.98 480
2766.594 480
2741.75 480
2723.91 480
2699.498 480
2678.476 480
2657.539 480
2638.089 480
2614.319 480
2592.974 480
2574.298 480
2549.223 480
2531.917 480
2510.53 480
2486.112 480
2467.893 480
2445.701 480
2421.871 480
2403.479 480
2379.404 480
2358.539 480
2339.75 480
2318.706 480
2294.292 480
2272.393 480
2254.598 480
2230.317 480
2211.769 480
2190.635 480
2166.487 480
2147.876 480
2126.078 480
2101.602 480
2083.786 480
2059.122 480
2038.095 480
2019.94 480
1998.173 480
1972.458 480
1952.893 480
1934.529 480
1909.75 480
1890.678 480
1870.461 480
1846.508 480
1824.682 480
1806.59 480
1782.537 480
1764.059 480
1739.025 480
1718.724 480
1700.057 480
1678.119 480
1653.929 480
1633.451 480
1615.643 480
1589.708 480
1574.172 480
1555.966 480
1541.549 480
1534.881 480
1534.029 480
1534.029 480
1534.029 480
1534.029 480
1534.029 480
1534.029 480
1534.029 480
1534.029 480
1534.029 480
1534.029 480
1528.705 480
1507.601 480
1486.362 480
1460.273 480
1443.556 480
1422.403 480
1398.146 480
1378.664 480
1355.204 480
1333.409 480
1315.757 480
1294.195 480
1269.326 480
1247.883 480
1230.424 480
1206.414 480
1187.431 480
1166.086 480
1142.088 480
1123.556 480
1102.305 480
1077.012 480
1059.646 480
1035.353 480
1013.126 480
995.1065 480
974.2964 480
950.1058 480
924.7175 480
909.3636 480
885.7054 480
867.4619 480
845.7969 480
819.8782 480
803.5784 480
782.3164 480
758.4043 480
739.4551 480
715.0713 480
692.792 480
675.614 480
654.2761 480
630.0261 480
608.2129 480
590.2855 480
564.8724 480
547.8447 480
526.0208 480
500.1865 480
483.8324 480
462.3854 480
437.027 480
419.2021 480
395.5667 480
372.8441 480
355.1764 480
334.293 480
309.4092 480
288.7038 480
270.0863 480
245.0993 480
227.4688 480
207.333 480
189.0176 480
179.3984 480
174.2829 480
170.7637 480
166.6341 480
159.9401 480
147.5202 480
126.2354 480
105.0391 480
83.45931 480
57.29004 480
41.00032 480
19.77865 480
3833.779 480
3816.885 480
3791.973 480
3771.065 480
3753.057 480
3731.815 480
3706.009 480
3685.806 480
3667.787 480
3643.488 480
3624.392 480
3603.323 480
3579.308 480
3561.084 480
3538.813 480
3515.066 480
3496.67 480
3471.136 480
3451.406 480
3432.993 480
3411.614 480
3387.542 480
3366.42 480
3347.135 480
3322.085 480
3304.924 480
3283.617 480
3259 480
3240.639 480
3219.372 480
3195.664 480
3176.437 480
3151.996 480
3130.612 480
3112.921 480
3091.234 480
3067.548 480
3042.883 480
3027.368 480
3002.909 480
2984.933 480
2963.168 480
2932.002 480
2920.864 480
2899.132 480
2874.888 480
2856.904 480
2832.551 480
2811.014 480
2793.02 480
2771.439 480
2746.02 480
2725.572 480
2707.673 480
2681.684 480
2664.359 480
2642.181 480
2619.431 480
2600.821 480
2579.559 480
2554.351 480
2536.402 480
2511.668 480
2490.083 480
2472.357 480
2451.352 480
2427.211 480
2404.96 480
2387.502 480
2363.035 480
2345.167 480
2322.984 480
2298.287 480
2281.024 480
2259.494 480
2233.204 480
2216.893 480
2192.591 480
2170.621 480
2152.764 480
2131.289 480
2107.152 480
2085.991 480
2067.403 480
2041.978 480
2024.598 480
2003.519 480
1977.622 480
1960.748 480
1939.55 480
1915.717 480
1896.427 480
1871.938 480
1851.416 480
1833.011 480
1811.196 480
1786.418 480
1766.032 480
1747.616 480
1723.133 480
1704.938 480
1683.308 480
1658.254 480
1640.788 480
1619.739 480
1595.657 480
1576.06 480
1552.514 480
1531.779 480
1513.075 480
1490.837 480
1467.437 480
1445.526 480
1427.386 480
1402.516 480
1384.996 480
1362.49 480
1338.744 480
1320.967 480
1299.678 480
1274.282 480
1256.608 480
1232.744 480
1211.438 480
1192.639 480
1171.322 480
1145.986 480
3164.837 480
3142.329 480
3121.382 480
3103.892 480
3082.158 480
3057.572 480
3039.564 480
3018.007 480
2993.143 480
2975.556 480
2950.833 480
2930.034 480
2911.956 480
2897.02 480
2888.777 480
2886.591 480
2885.399 480
2884.133 480
2882.949 480
2881.74 480
2880.302 480
2879.369 480
2872.031 480
2852.153 480
2830.239 480
2805.355 480
2787.98 480
2766.594 480
2741.75 480
2723.91 480
2699.498 480
2678.476 480
2657.539 480
2638.089 480
2614.319 480
2592.974 480
2574.298 480
2549.223 480
2531.917 480
2510.53 480
2486.112 480
2467.893 480
2445.701 480
2421.871 480
2403.479 480
2379.404 480
2358.539 480
2339.75 480
2318.706 480
2294.292 480
2272.393 480
2254.598 480
2230.317 480
2211.769 480
2190.635 480
2166.487 480
2147.876 480
2126.078 480
2101.602 480
2083.786 480
2059.122 480
2038.095 480
2019.94 480
1998.173 480
1972.458 480
1952.893 480
1934.529 480
1909.75 480
1890.678 480
1870.461 480
1846.508 480
1824.682 480
1806.59 480
1782.537 480
1764.059 480
1739.025 480
1718.724 480
1700.057 480
1678.119 480
1653.929 480
1633.451 480
1615.643 480
1589.708 480
1574.172 480
1555.966 480
1541.549 480
1534.881 480
1534.029 480
1534.029 480
1534.029 480
1534.029 480
1534.029 480
1534.029 480
1534.029 480
1534.029 480
1534.029 480
1534.029 480
1528.705 480
1507.601 480
1486.362 480
1460.273 480
1443.556 480
1422.403 480
1398.146 480
1378.664 480
1355.204 480
1333.409 480
1315.757 480
1294.195 480
1269.326 480
1247.883 480
1230.424 480
1206.414 480
1187.431 480
1166.086 480
1142.088 480
1123.556 480
1102.305 480
1077.012 480
1059.646 480
1035.353 480
1013.126 480
995.1065 480
974.2964 480
950.1058 480
924.7175 480
909.3636 480
885.7054 480
867.4619 480
845.7969 480
819.8782 480
803.5784 480
782.3164 480
758.4043 480
739.4551 480
715.0713 480
692.792 480
675.614 480
654.2761 480
630.0261 480
608.2129 480
590.2855 480
564.8724 480
547.8447 480
526.0208 480
500.1865 480
483.8324 480
462.3854 480
437.027 480
419.2021 480
395.5667 480
372.8441 480
355.1764 480
334.293 480
309.4092 480
288.7038 480
270.0863 480
245.0993 480
227.4688 480
207.333 480
189.0176 480
179.3984 480
174.2829 480
170.7637 480
166.6341 480
159.9401 480
147.5202 480
126.2354 480
105.0391 480
83.45931 480
57.29004 480
41.00032 480
19.77865 480
3833.779 480
3816.885 480
3791.973 480
3771.065 480
3753.057 480
3731.815 480
3706.009 480
3685.806 480
3667.787 480
3643.488 480
3624.392 480
3603.323 480
3579.308 480
3561.084 480
3538.813 480
3515.066 480
3496.67 480
3471.136 480
3451.406 480
3432.993 480
3411.614 480
3387.542 480
3366.42 480
3347.135 480
3322.085 480
3304.924 480
3283.617 480
3259 480
3240.639 480
3219.372 480
3195.664 480
3176.437 480
3151.996 480
3130.612 480
3112.921 480
3091.234 480
3067.548 480
3042.883 480
3027.368 480
3002.909 480
2984.933 480
2963.168 480
2932.002 480
2920.864 480
2899.132 480
2874.888 480
2856.904 480
2832.551 480
2811.014 480
2793.02 480
2771.439 480
2746.02 480
2725.572 480
2707.673 480
2681.684 480
2664.359 480
2642.181 480
2619.431 480
2600.821 480
2579.559 480
2554.351 480
2536.402 480
2511.668 480
2490.083 480
2472.357 480
2451.352 480
2427.211 480
2404.96 480
2387.502 480
2363.035 480
2345.167 480
2322.984 480
2298.287 480
2281.024 480
2259.494 480
2233.204 480
2216.893 480
2192.591 480
2170.621 480
2152.764 480
2131.289 480
2107.152 480
2085.991 480
2067.403 480
2041.978 480
2024.598 480
2003.519 480
1977.622 480
1960.748 480
1939.55 480
1915.717 480
1896.427 480
1871.938 480
1851.416 480
1833.011 480
1811.196 480
1786.418 480
1766.032 480
1747.616 480
1723.133 480
1704.938 480
1683.308 480
1658.254 480
1640.788 480
1619.739 480
1595.657 480
1576.06 480
1552.514 480
1531.779 480
1513.075 480
1490.837 480
1467.437 480
1445.526 480
1427.386 480
1402.516 480
1384.996 480
1362.49 480
1338.744 480
1320.967 480
1299.678 480
1274.282 480
1256.608 480
1232.744 480
1211.438 480
1192.639 480
1171.322 480
1145.986 480
1125.194 480
1107.711 480
1083.707 480
1065.366 480
1059.648 480
1059.648 480
1059.648 480
1059.648 480
1059.648 480
1059.648 480
1059.648 480
1059.648 480
1059.648 480
1059.648 480
1059.648 480
1059.648 480
1059.648 480
1059.648 480
1059.648 480
1059.648 480
1060.376 480
1062.524 480
1066.844 480
1073.414 480
1082.308 480
1095.099 480
1106.574 480
1120.854 480
1135.264 480
1149.812 480
1167.531 480
1180.195 480
1195.119 480
1210.144 480
1227.892 480
1242.799 480
1255.781 480
1271.008 480
1288.892 480
1301.694 480
1319.078 480
1331.848 480
1349.861 480
1362.429 480
1377.633 480
1394.932 480
1410.241 480
1423.374 480
1438.306 480
1453.607 480
1472.001 480
1484.144 480
1499.388 480
1514.512 480
1532.499 480
1547.581 480
1560.184 480
1575.443 480
1592.865 480
1606.323 480
1622.958 480
1636.189 480
1653.813 480
1666.984 480
1682.25 480
1699.695 480
1714.368 480
1727.85 480
1742.987 480
1758.592 480
1775.753 480
1788.52 480
1804.026 480
1819.173 480
1836.861 480
1851.67 480
1864.952 480
1880.392 480
1897.039 480
1910.289 480
1925.497 480
1934.035 480
1939.063 480
1939.866 480
1939.866 480
1939.866 480
1939.866 480
1939.866 480
1939.866 480
1939.866 480
1939.866 480
1939.866 480
1939.866 480
1939.866 480
1939.866 480
1939.866 480
1939.866 480
1939.866 480
1939.866 480
1939.866 480
1939.866 480
1939.866 480
1939.866 480
1939.866 480
1939.866 480
1939.866 480
1939.866 480
1939.866 480
1939.866 480
1939.866 480
1939.866 480
1939.866 480
1939.866 480
1939.866 480
1939.866 480
1939.866 480
1940.197 480
1941.461 480
1944.643 480
1949.829 480
1958.51 480
1967.544 480
1981.355 480
1996.003 480
2014.303 480
2036.016 480
2053.678 480
2074.041 480
2098.074 480
2115.897 480
2141.394 480
2162.029 480
2182.442 480
2201.42 480
2225.581 480
2247.413 480
2265.497 480
2291.233 480
2307.98 480
2329.448 480
2354.296 480
2372.444 480
2393.446 480
2417.832 480
2436.463 480
2461.242 480
2481.371 480
2499.96 480
2521.478 480
2546.969 480
2563.97 480
2580.585 480
2602.106 480
2617.887 480
2636.397 480
2657.064 480
2675.813 480
2692.025 480
2709.661 480
2730.871 480
2749.823 480
2765.036 480
2786.065 480
2801.73 480
2820.228 480
2840.913 480
2859.345 480
2875.782 480
2893.884 480
2914.867 480
2932.688 480
2949.122 480
2967.151 480
2987.846 480
3002.146 480
3011.638 480
3012.85 480
3012.85 480
3012.85 480
3012.85 480
3012.85 480
3012.85 480
3009.423 480
2999.57 480
2980.545 480
2955.68 480
2937.693 480
2916.696 480
2891.852 480
2873.759 480
2849.126 480
2828.45 480
2810.171 480
2788.777 480
2764.602 480
2743.018 480
2724.473 480
2695.89 480
2682.017 480
2660.581 480
2635.931 480
2618.09 480
2596.695 480
2571.554 480
2553.411 480
2529.831 480
2508.499 480
2489.682 480
2468.452 480
2444.461 480
2423.28 480
2404.61 480
2379.708 480
2362.07 480
2340.46 480
2315.818 480
2297.466 480
2276.706 480
2252.64 480
2233.707 480
2209.091 480
2188.284 480
2170.219 480
2148.69 480
2124.091 480
2102.879 480
2084.328 480
2057.201 480
2041.951 480
2020.493 480
1996.011 480
1978.087 480
1956.484 480
1932.103 480
1913.976 480
1889.658 480
1867.095 480
1850.011 480
1828.773 480
1804.268 480
1782.085 480
1764.195 480
1740.398 480
1721.885 480
1700.206 480
1676.401 480
1657.818 480
1636.62 480
1611.491 480
1593.514 480
1569.527 480
1548.555 480
1536.379 480
1529.528 480
1519.027 480
1515.575 480
1508.445 480
1501.203 480
1494.275 480
1483.609 480
1479.807 480
1472.737 480
1462.261 480
1458.596 480
1450.675 480
1443.108 480
1436.157 480
1428.218 480
1419.855 480
1410.028 480
1400.58 480
1396.191 480
1386.008 480
1373.903 480
1369.04 480
1361.918 480
1354.69 480
1344.707 480
1338.222 480
1331.196 480
1324.352 480
1317.173 480
1309.621 480
1303.193 480
1295.394 480
1277.573 480
1266.344 480
1250.515 480
1238.049 480
1223.414 480
1205.065 480
1194.214 480
1185.813 480
1181.961 480
1174.743 480
1164.237 480
1160.26 480
1153.081 480
1145.85 480
1135.646 480
1125.194 480
1107.711 480
1083.707 480
1065.366 480
1059.648 480
1059.648 480
1059.648 480
1059.648 480
1059.648 480
1059.648 480
1059.648 480
1059.648 480
1059.648 480
1059.648 480
1059.648 480
1059.648 480
1059.648 480
1059.648 480
1059.648 480
1059.648 480
1060.376 480
1062.524 480
1066.844 480
1073.414 480
1082.308 480
1095.099 480
1106.574 480
1120.854 480
1135.264 480
1149.812 480
1167.531 480
1180.195 480
1195.119 480
1210.144 480
1227.892 480
1242.799 480
1255.781 480
1271.008 480
1288.892 480
1301.694 480
1319.078 480
1331.848 480
1349.861 480
1362.429 480
1377.633 480
1394.932 480
1410.241 480
1423.374 480
1438.306 480
1453.607 480
1472.001 480
1484.144 480
1499.388 480
1514.512 480
1532.499 480
1547.581 480
1560.184 480
1575.443 480
1592.865 480
1606.323 480
1622.958 480
1636.189 480
1653.813 480
1666.984 480
1682.25 480
1699.695 480
1714.368 480
1727.85 480
1742.987 480
1758.592 480
1775.753 480
1788.52 480
1804.026 480
1819.173 480
1836.861 480
1851.67 480
1864.952 480
1880.392 480
1897.039 480
1910.289 480
1925.497 480
1934.035 480
1939.063 480
1939.866 480
1939.866 480
1939.866 480
1939.866 480
1939.866 480
1939.866 480
1939.866 480
1939.866 480
1939.866 480
1939.866 480
1939.866 480
1939.866 480
1939.866 480
1939.866 480
1939.866 480
1939.866 480
1939.866 480
1939.866 480
1939.866 480
1939.866 480
1939.866 480
1939.866 480
1939.866 480
1939.866 480
1939.866 480
1939.866 480
1939.866 480
1939.866 480
1939.866 480
1939.866 480
1939.866 480
1939.866 480
1939.866 480
1940.197 480
1941.461 480
1944.643 480
1949.829 480
1958.51 480
1967.544 480
1981.355 480
1996.003 480
2014.303 480
2036.016 480
2053.678 480
2074.041 480
2098.074 480
2115.897 480
2141.394 480
2162.029 480
2182.442 480
2201.42 480
2225.581 480
2247.413 480
2265.497 480
2291.233 480
2307.98 480
2329.448 480
2354.296 480
2372.444 480
2393.446 480
2417.832 480
2436.463 480
2461.242 480
2481.371 480
2499.96 480
2521.478 480
2546.969 480
2563.97 480
2580.585 480
2602.106 480
2617.887 480
2636.397 480
2657.064 480
2675.813 480
2692.025 480
2709.661 480
2730.871 480
2749.823 480
2765.036 480
2786.065 480
2801.73 480
2820.228 480
2840.913 480
2859.345 480
2875.782 480
2893.884 480
2914.867 480
2932.688 480
2949.122 480
2967.151 480
2987.846 480
3002.146 480
3011.638 480
3012.85 480
3012.85 480
3012.85 480
3012.85 480
3012.85 480
3012.85 480
3009.423 480
2999.57 480
2980.545 480
2955.68 480
2937.693 480
2916.696 480
2891.852 480
2873.759 480
2849.126 480
2828.45 480
2810.171 480
2788.777 480
2764.602 480
2743.018 480
2724.473 480
2695.89 480
2682.017 480
2660.581 480
2635.931 480
2618.09 480
2596.695 480
2571.554 480
2553.411 480
2529.831 480
2508.499 480
2489.682 480
2468.452 480
2444.461 480
2423.28 480
2404.61 480
2379.708 480
2362.07 480
2340.46 480
2315.818 480
2297.466 480
2276.706 480
2252.64 480
2233.707 480
2209.091 480
2188.284 480
2170.219 480
2148.69 480
2124.091 480
2102.879 480
2084.328 480
2057.201 480
2041.951 480
2020.493 480
1996.011 480
1978.087 480
1956.484 480
1932.103 480
1913.976 480
1889.658 480
1867.095 480
1850.011 480
1828.773 480
1804.268 480
1782.085 480
1764.195 480
1740.398 480
1721.885 480
1700.206 480
1676.401 480
1657.818 480
1636.62 480
1611.491 480
1593.514 480
1569.527 480
1548.555 480
1536.379 480
1529.528 480
1519.027 480
1515.575 480
1508.445 480
1501.203 480
1494.275 480
1483.609 480
1479.807 480
1472.737 480
1462.261 480
1458.596 480
1450.675 480
1443.108 480
1436.157 480
1428.218 480
1419.855 480
1410.028 480
1400.58 480
1396.191 480
1386.008 480
1373.903 480
1369.04 480
1361.918 480
1354.69 480
1344.707 480
1338.222 480
1331.196 480
1324.352 480
1317.173 480
1309.621 480
1303.193 480
1295.394 480
1277.573 480
1266.344 480
1250.515 480
1238.049 480
1223.414 480
1205.065 480
1194.214 480
1185.813 480
1181.961 480
1174.743 480
1164.237 480
1160.26 480
1153.081 480
1145.85 480
1135.646 480
1131.305 480
1123.14 480
1116.881 480
1106.356 480
1101.303 480
1095.5 480
1085.235 480
1073.516 480
1068.649 480
1061.39 480
1051.101 480
1047.783 480
1041.535 480
1036.091 480
1031.462 480
1027.718 480
1024.531 480
1023.105 480
1022.922 480
1022.922 480
1022.922 480
1022.922 480
1022.922 480
1022.922 480
1022.922 480
1022.922 480
1022.922 480
1022.922 480
1022.922 480
1022.922 480
1022.922 480
1022.922 480
1022.922 480
1022.922 480
1022.922 480
1022.922 480
1022.922 480
1022.922 480
1022.922 480
1022.922 480
1022.922 480
1022.922 480
1022.922 480
1022.922 480
1022.922 480
1022.922 480
1022.922 480
1022.922 480
1022.922 480
1022.922 480
1022.922 480
1022.922 480
1022.922 480
1023.138 480
1024.013 480
1025.471 480
1027.616 480
1030.56 480
1035.866 480
1041.506 480
1045.567 480
1052.904 480
1059.876 480
1066.324 480
1074.455 480
1081.976 480
1087.36 480
1094.332 480
1104.307 480
1108.47 480
1116.591 480
1123.96 480
1134.661 480
1144.032 480
1152.375 480
1157.256 480
1164.249 480
1171.034 480
1178.094 480
1185.128 480
1192.269 480
1202.745 480
1211.676 480
1214.859 480
1222.21 480
1229.756 480
1243.463 480
1249.451 480
1257.528 480
1273.62 480
1285.057 480
1299.202 480
1310.545 480
1315.93 480
1332.097 480
1337.651 480
1345.087 480
1351.854 480
1359.109 480
1366.114 480
1373.037 480
1386.283 480
1389.489 480
1397.445 480
1407.098 480
1411.159 480
1418.273 480
1422.319 480
1436.615 480
1446.571 480
1449.992 480
1457.263 480
1464.168 480
1471.271 480
1478.854 480
1487.458 480
1493.215 480
1503.416 480
1514.89 480
1520.697 480
1531.762 480
1541.854 480
1550.042 480
1556.143 480
1566.397 480
1571.645 480
1582.68 480
1587.432 480
1594.53 480
1604.772 480
1610.371 480
1617.187 480
1626.598 480
1631.887 480
1639.123 480
1646.137 480
1653.031 480
1661.376 480
1666.904 480
1680.507 480
1687.48 480
1698.432 480
1707.493 480
1715.949 480
1729.411 480
1736.85 480
1743.518 480
1753.399 480
1759.317 480
1766.393 480
1773.623 480
1780.336 480
1787.23 480
1794.269 480
1803.567 480
1811.154 480
1821.102 480
1834.307 480
1840.966 480
1847.942 480
1850.702 480
1857.662 480
1868.585 480
1871.386 480
1877.366 480
1884.538 480
1891.635 480
1902.207 480
1907.879 480
1918.491 480
1925.156 480
1934.682 480
1939.494 480
1947.045 480
1952.591 480
1959.597 480
1966.566 480
1973.82 480
1980.773 480
1992.924 480
1998.869 480
2002.441 480
2009.479 480
2016.042 480
2024.876 480
2032.306 480
2037.579 480
2047.279 480
2051.751 480
2058.096 480
2066.803 480
2073.565 480
2079.098 480
2086.232 480
2093.481 480
2102.538 480
2111.424 480
2116.292 480
2127.301 480
2134.991 480
2141.924 480
2148.788 480
2156.553 480
2162.742 480
2171.768 480
2182.726 480
2188.098 480
2197.984 480
2201.923 480
2208.912 480
2216.049 480
2224.133 480
2232.488 480
2237.339 480
2244.411 480
2251.828 480
2259.761 480
2269.896 480
2276.925 480
2284.014 480
2293.257 480
2299.083 480
2303.97 480
2311.324 480
2318.969 480
2325.765 480
2339.588 480
2346.935 480
2354.005 480
2357.865 480
2365.08 480
2371.951 480
2379.011 480
2389.444 480
2392.714 480
2399.606 480
2409.749 480
2414.564 480
2421.337 480
2429.897 480
2442.035 480
2456.012 480
2469.875 480
2487.89 480
2500.398 480
2504.697 480
2511.295 480
2521.17 480
2524.232 480
2531.282 480
2548.485 480
2553.856 480
2560.787 480
2567.715 480
2574.68 480
2585.158 480
2595.198 480
2599.092 480
2605.971 480
2612.631 480
2619.561 480
2626.531 480
2634.185 480
2643.49 480
2647.208 480
2654.519 480
2661.378 480
2668.401 480
2673.968 480
2687.765 480
2697.479 480
2704.575 480
2708.737 480
2714.957 480
2744.839 480
2750.394 480
2757.664 480
2767.897 480
2771.7 480
2778.168 480
2784.784 480
2792.428 480
2797.487 480
2802.552 480
2806.414 480
2810.088 480
2815.035 480
2816.646 480
2816.646 480
2816.646 480
2816.646 480
2816.646 480
2816.646 480
2816.646 480
2816.646 480
2816.646 480
2816.646 480
2816.646 480
2816.646 480
2816.646 480
1131.305 480
1123.14 480
1116.881 480
1106.356 480
1101.303 480
1095.5 480
1085.235 480
1073.516 480
1068.649 480
1061.39 480
1051.101 480
1047.783 480
1041.535 480
1036.091 480
1031.462 480
1027.718 480
1024.531 480
1023.105 480
1022.922 480
1022.922 480
1022.922 480
1022.922 480
1022.922 480
1022.922 480
1022.922 480
1022.922 480
1022.922 480
1022.922 480
1022.922 480
1022.922 480
1022.922 480
1022.922 480
1022.922 480
1022.922 480
1022.922 480
1022.922 480
1022.922 480
1022.922 480
1022.922 480
1022.922 480
1022.922 480
1022.922 480
1022.922 480
1022.922 480
1022.922 480
1022.922 480
1022.922 480
1022.922 480
1022.922 480
1022.922 480
1022.922 480
1022.922 480
1022.922 480
1023.138 480
1024.013 480
1025.471 480
1027.616 480
1030.56 480
1035.866 480
1041.506 480
1045.567 480
1052.904 480
1059.876 480
1066.324 480
1074.455 480
1081.976 480
1087.36 480
1094.332 480
1104.307 480
1108.47 480
1116.591 480
1123.96 480
1134.661 480
1144.032 480
1152.375 480
1157.256 480
1164.249 480
1171.034 480
1178.094 480
1185.128 480
1192.269 480
1202.745 480
1211.676 480
1214.859 480
1222.21 480
1229.756 480
1243.463 480
1249.451 480
1257.528 480
1273.62 480
1285.057 480
1299.202 480
1310.545 480
1315.93 480
1332.097 480
1337.651 480
1345.087 480
1351.854 480
1359.109 480
1366.114 480
1373.037 480
1386.283 480
1389.489 480
1397.445 480
1407.098 480
1411.159 480
1418.273 480
1422.319 480
1436.615 480
1446.571 480
1449.992 480
1457.263 480
1464.168 480
1471.271 480
1478.854 480
1487.458 480
1493.215 480
1503.416 480
1514.89 480
1520.697 480
1531.762 480
1541.854 480
1550.042 480
1556.143 480
1566.397 480
1571.645 480
1582.68 480
1587.432 480
1594.53 480
1604.772 480
1610.371 480
1617.187 480
1626.598 480
1631.887 480
1639.123 480
1646.137 480
1653.031 480
1661.376 480
1666.904 480
1680.507 480
1687.48 480
1698.432 480
1707.493 480
1715.949 480
1729.411 480
1736.85 480
1743.518 480
1753.399 480
1759.317 480
1766.393 480
1773.623 480
1780.336 480
1787.23 480
1794.269 480
1803.567 480
1811.154 480
1821.102 480
1834.307 480
1840.966 480
1847.942 480
1850.702 480
1857.662 480
1868.585 480
1871.386 480
1877.366 480
1884.538 480
1891.635 480
1902.207 480
1907.879 480
1918.491 480
1925.156 480
1934.682 480
1939.494 480
1947.045 480
1952.591 480
1959.597 480
1966.566 480
1973.82 480
1980.773 480
1992.924 480
1998.869 480
2002.441 480
2009.479 480
2016.042 480
2024.876 480
2032.306 480
2037.579 480
2047.279 480
2051.751 480
2058.096 480
2066.803 480
2073.565 480
2079.098 480
2086.232 480
2093.481 480
2102.538 480
2111.424 480
2116.292 480
2127.301 480
2134.991 480
2141.924 480
2148.788 480
2156.553 480
2162.742 480
2171.768 480
2182.726 480
2188.098 480
2197.984 480
2201.923 480
2208.912 480
2216.049 480
2224.133 480
2232.488 480
2237.339 480
2244.411 480
2251.828 480
2259.761 480
2269.896 480
2276.925 480
2284.014 480
2293.257 480
2299.083 480
2303.97 480
2311.324 480
2318.969 480
2325.765 480
2339.588 480
2346.935 480
2354.005 480
2357.865 480
2365.08 480
2371.951 480
2379.011 480
2389.444 480
2392.714 480
2399.606 480
2409.749 480
2414.564 480
2421.337 480
2429.897 480
2442.035 480
2456.012 480
2469.875 480
2487.89 480
2500.398 480
2504.697 480
2511.295 480
2521.17 480
2524.232 480
2531.282 480
2548.485 480
2553.856 480
2560.787 480
2567.715 480
2574.68 480
2585.158 480
2595.198 480
2599.092 480
2605.971 480
2612.631 480
2619.561 480
2626.531 480
2634.185 480
2643.49 480
2647.208 480
2654.519 480
2661.378 480
2668.401 480
2673.968 480
2687.765 480
2697.479 480
2704.575 480
2708.737 480
2714.957 480
2744.839 480
2750.394 480
2757.664 480
2767.897 480
2771.7 480
2778.168 480
2784.784 480
2792.428 480
2797.487 480
2802.552 480
2806.414 480
2810.088 480
2815.035 480
2816.646 480
2816.646 480
2816.646 480
2816.646 480
2816.646 480
2816.646 480
2816.646 480
2816.646 480
2816.646 480
2816.646 480
2816.646 480
2816.646 480
2816.646 480
2816.646 480
2816.646 480
2816.646 480
2816.646 480
2816.646 480
2816.646 480
2816.646 480
2816.646 480
2816.646 480
2816.646 480
2816.646 480
2816.646 480
2816.646 480
2816.646 480
2816.646 480
2816.646 480
2816.646 480
2816.646 480
2816.646 480
2816.646 480
2816.646 480
2816.646 480
2816.646 480
2816.646 480
2816.646 480
2816.646 480
2816.646 480
2816.646 480
2816.646 480
2816.646 480
2816.646 480
2816.646 480
2816.646 480
2816.646 480
2816.646 480
2816.646 480
2816.646 480
2816.646 480
2816.646 480
2816.646 480
2816.646 480
2816.646 480
2816.646 480
2816.646 480
2816.646 480
2816.646 480
2816.646 480
2816.646 480
2816.646 480
2816.646 480
2816.646 480
2816.646 480
2816.646 480
2816.646 480
2816.646 480
2816.646 480
2816.646 480
2816.646 480
2816.646 480
2816.646 480
2816.646 480
2816.646 480
2816.646 480
2816.646 480
2816.646 480
2816.646 480
2816.646 480
2816.646 480
2816.646 480
2816.646 480
2816.646 480
2816.646 480
2816.646 480
2816.646 480
2816.646 480
2816.646 480
2816.646 480
2816.479 480
2815.968 480
2815.347 480
2814.142 480
2812.138 480
2809.162 480
2799.931 480
2790.253 480
2786.023 480
2778.456 480
2771.753 480
2764.336 480
2757.468 480
2750.232 480
2743.157 480
2736.024 480
2717.797 480
2711.549 480
2701.691 480
2686.614 480
2672.892 480
2665.619 480
2654.305 480
2648.613 480
2640.983 480
2634.521 480
2627.192 480
2619.878 480
2612.85 480
2603.005 480
2599.021 480
2595.342 480
2588.118 480
2581.54 480
2574.368 480
2557.843 480
2544.003 480
2524.962 480
2514.877 480
2506.469 480
2500.596 480
2490.376 480
2481.197 480
2473.932 480
2466.295 480
2459.192 480
2452.419 480
2445.492 480
2438.517 480
2428.914 480
2422.687 480
2413.484 480
2404.729 480
2400.362 480
2392.961 480
2385.596 480
2378.34 480
2367.682 480
2358.371 480
2351.225 480
2343.941 480
2336.718 480
2328.091 480
2322.857 480
2311.092 480
2298.143 480
2294.579 480
2287.835 480
2280.623 480
2273.386 480
2266.459 480
2259.151 480
2248.059 480
2242.072 480
2235.64 480
2228.628 480
2221.494 480
2216.793 480
2208.368 480
2198.277 480
2191.971 480
2188.336 480
2181.144 480
2174.389 480
2164.807 480
2157.963 480
2152.213 480
2144.8 480
2133.514 480
2130.363 480
2122.745 480
2115.695 480
2109.392 480
2099.656 480
2094.883 480
2088.666 480
2077.29 480
2066.142 480
2061.407 480
2054.077 480
2046.899 480
2039.809 480
2032.353 480
2025.13 480
2016.003 480
2011.305 480
2000.643 480
1996.209 480
1988.668 480
1981.975 480
1966.444 480
1952.507 480
1934.334 480
1924.138 480
1911.128 480
1900.59 480
1894.65 480
1890.186 480
1882.671 480
1875.708 480
1860.34 480
1846.176 480
1833.554 480
1823.507 480
1818.601 480
1811.078 480
1800.085 480
1794.871 480
1787.646 480
1777.818 480
1772.484 480
1765.374 480
1758.285 480
1751.161 480
1743.9 480
1736.648 480
1719.623 480
1702.309 480
1694.681 480
1689.314 480
1676.068 480
1665.049 480
1652.241 480
1647.147 480
1639.69 480
1632.784 480
1625.725 480
1618.408 480
1610.969 480
1600.012 480
1593.645 480
1589.518 480
1582.46 480
1575.232 480
1568.204 480
1560.494 480
1554.613 480
1544.591 480
1539.933 480
1534.061 480
1525.677 480
1518.109 480
1512.429 480
1505.131 480
1497.83 480
1488.108 480
1479.225 480
1468.299 480
1463.358 480
1456.327 480
1448.845 480
1433.979 480
1419.101 480
1402.926 480
1398.596 480
1388.412 480
1384.807 480
1377.167 480
1367.009 480
1362.263 480
1347.115 480
1340.667 480
1334.499 480
1326.597 480
1319.634 480
1309.369 480
1303.664 480
1292.105 480
1282.398 480
1278.704 480
1271.068 480
1263.362 480
1255.562 480
1246.198 480
1241.185 480
1235.221 480
1227.443 480
1220.771 480
1213.847 480
1205.318 480
1197.867 480
1188.415 480
1180.206 480
1169.466 480
1165.024 480
1157.893 480
1150.524 480
1143.749 480
1136.394 480
1126.588 480
1122.164 480
1115.159 480
1107.738 480
1100.859 480
1093.759 480
1090.577 480
1072.793 480
1059.478 480
1045.463 480
1034.021 480
1022.134 480
1014.986 480
1007.507 480
2816.646 480
2816.646 480
2816.646 480
2816.646 480
2816.646 480
2816.646 480
2816.646 480
2816.646 480
2816.646 480
2816.646 480
2816.646 480
2816.646 480
2816.646 480
2816.646 480
2816.646 480
2816.646 480
2816.646 480
2816.646 480
2816.646 480
2816.646 480
2816.646 480
2816.646 480
2816.646 480
2816.646 480
2816.646 480
2816.646 480
2816.646 480
2816.646 480
2816.646 480
2816.646 480
2816.646 480
2816.646 480
2816.646 480
2816.646 480
2816.646 480
2816.646 480
2816.646 480
2816.646 480
2816.646 480
2816.646 480
2816.646 480
2816.646 480
2816.646 480
2816.646 480
2816.646 480
2816.646 480
2816.646 480
2816.646 480
2816.646 480
2816.646 480
2816.646 480
2816.646 480
2816.646 480
2816.646 480
2816.646 480
2816.646 480
2816.646 480
2816.646 480
2816.646 480
2816.646 480
2816.646 480
2816.646 480
2816.646 480
2816.646 480
2816.646 480
2816.646 480
2816.646 480
2816.646 480
2816.646 480
2816.646 480
2816.646 480
2816.646 480
2816.646 480
2816.646 480
2816.646 480
2816.646 480
2816.646 480
2816.479 480
2815.968 480
2815.347 480
2814.142 480
2812.138 480
2809.162 480
2799.931 480
2790.253 480
2786.023 480
2778.456 480
2771.753 480
2764.336 480
2757.468 480
2750.232 480
2743.157 480
2736.024 480
2717.797 480
2711.549 480
2701.691 480
2686.614 480
2672.892 480
2665.619 480
2654.305 480
2648.613 480
2640.983 480
2634.521 480
2627.192 480
2619.878 480
2612.85 480
2603.005 480
2599.021 480
2595.342 480
2588.118 480
2581.54 480
2574.368 480
2557.843 480
2544.003 480
2524.962 480
2514.877 480
2506.469 480
2500.596 480
2490.376 480
2481.197 480
2473.932 480
2466.295 480
2459.192 480
2452.419 480
2445.492 480
2438.517 480
2428.914 480
2422.687 480
2413.484 480
2404.729 480
2400.362 480
2392.961 480
2385.596 480
2378.34 480
2367.682 480
2358.371 480
2351.225 480
2343.941 480
2336.718 480
2328.091 480
2322.857 480
2311.092 480
2298.143 480
2294.579 480
2287.835 480
2280.623 480
2273.386 480
2266.459 480
2259.151 480
2248.059 480
2242.072 480
2235.64 480
2228.628 480
2221.494 480
2216.793 480
2208.368 480
2198.277 480
2191.971 480
2188.336 480
2181.144 480
2174.389 480
2164.807 480
2157.963 480
2152.213 480
2144.8 480
2133.514 480
2130.363 480
2122.745 480
2115.695 480
2109.392 480
2099.656 480
2094.883 480
2088.666 480
2077.29 480
2066.142 480
2061.407 480
2054.077 480
2046.899 480
2039.809 480
2032.353 480
2025.13 480
2016.003 480
2011.305 480
2000.643 480
1996.209 480
1988.668 480
1981.975 480
1966.444 480
1952.507 480
1934.334 480
1924.138 480
1911.128 480
1900.59 480
1894.65 480
1890.186 480
1882.671 480
1875.708 480
1860.34 480
1846.176 480
1833.554 480
1823.507 480
1818.601 480
1811.078 480
1800.085 480
1794.871 480
1787.646 480
1777.818 480
1772.484 480
1765.374 480
1758.285 480
1751.161 480
1743.9 480
1736.648 480
1719.623 480
1702.309 480
1694.681 480
1689.314 480
1676.068 480
1665.049 480
1652.241 480
1647.147 480
1639.69 480
1632.784 480
1625.725 480
1618.408 480
1610.969 480
1600.012 480
1593.645 480
1589.518 480
1582.46 480
1575.232 480
1568.204 480
1560.494 480
1554.613 480
1544.591 480
1539.933 480
1534.061 480
1525.677 480
1518.109 480
1512.429 480
1505.131 480
1497.83 480
1488.108 480
1479.225 480
1468.299 480
1463.358 480
1456.327 480
1448.845 480
1433.979 480
1419.101 480
1402.926 480
1398.596 480
1388.412 480
1384.807 480
1377.167 480
1367.009 480
1362.263 480
1347.115 480
1340.667 480
1334.499 480
1326.597 480
1319.634 480
1309.369 480
1303.664 480
1292.105 480
1282.398 480
1278.704 480
1271.068 480
1263.362 480
1255.562 480
1246.198 480
1241.185 480
1235.221 480
1227.443 480
1220.771 480
1213.847 480
1205.318 480
1197.867 480
1188.415 480
1180.206 480
1169.466 480
1165.024 480
1157.893 480
1150.524 480
1143.749 480
1136.394 480
1126.588 480
1122.164 480
1115.159 480
1107.738 480
1100.859 480
1093.759 480
1090.577 480
1072.793 480
1059.478 480
1045.463 480
1034.021 480
1022.134 480
1014.986 480
1007.507 480
996.8853 480
993.377 480
983.4915 480
979.9056 480
973.326 480
967.5015 480
962.4712 480
958.5928 480
955.2715 480
954.1204 480
954.1204 480
954.1442 480
954.2239 480
954.4284 480
954.7969 480
955.7266 480
957.1647 480
957.9609 480
959.1575 480
960.6019 480
962.0889 480
963.9224 480
965.6459 480
967.6849 480
969.8593 480
976.9229 480
981.4223 480
989.1915 480
992.3874 480
1004.577 480
1016.179 480
1022.884 480
1032.284 480
1037.091 480
1044.293 480
1051.394 480
1058.141 480
1064.545 480
1071.621 480
1081.232 480
1088.543 480
1099.595 480
1114.255 480
1126.032 480
1140.305 480
1153.972 480
1163.662 480
1166.678 480
1176.973 480
1182.5 480
1189.163 480
1196.187 480
1202.884 480
1212.651 480
1221.182 480
1228.115 480
1234.923 480
1241.875 480
1248.561 480
1255.6 480
1265.1 480
1275.211 480
1278.161 480
1284.936 480
1291.682 480
1298.597 480
1307.279 480
1313.989 480
1320.771 480
1331.855 480
1335.432 480
1341.818 480
1349.1 480
1353.835 480
1361.038 480
1377.511 480
1380.78 480
1389.986 480
1393.955 480
1400.672 480
1408.309 480
1414.958 480
1421.78 480
1429.852 480
1436.889 480
1446.181 480
1452.765 480
1463.192 480
1473.445 480
1476.672 480
1483.513 480
1490.97 480
1497.504 480
1506.367 480
1511.245 480
1517.877 480
1524.267 480
1530.984 480
1540.038 480
1547.1 480
1553.988 480
1561.236 480
1572.073 480
1582.36 480
1585.721 480
1592.892 480
1599.906 480
1606.78 480
1614.174 480
1620.959 480
1630.028 480
1634.632 480
1641.74 480
1649.202 480
1655.45 480
1666.806 480
1670.081 480
1677.054 480
1686.543 480
1690.872 480
1698.007 480
1703.66 480
1711.175 480
1717.147 480
1723.843 480
1730.874 480
1738.76 480
1748.492 480
1754.223 480
1758.613 480
1764.514 480
1773.628 480
1780.11 480
1785.469 480
1792.073 480
1798.709 480
1808.177 480
1812.78 480
1818.917 480
1826.266 480
1833.256 480
1840.017 480
1849.756 480
1857.98 480
1871.405 480
1879.749 480
1886.361 480
1893.2 480
1899.9 480
1906.865 480
1913.499 480
1922.906 480
1931.639 480
1937.125 480
1943.569 480
1952.749 480
1956.454 480
1962.449 480
1967.984 480
1973.34 480
1980.24 480
1982.397 480
1984.959 480
1986.811 480
1987.606 480
1987.693 480
1987.693 480
1987.693 480
1987.693 480
1987.693 480
1987.693 480
1987.693 480
1987.693 480
1987.693 480
1987.693 480
1987.693 480
1987.693 480
1987.693 480
1987.693 480
1987.693 480
1987.693 480
1987.693 480
1987.693 480
1987.693 480
1987.693 480
1987.693 480
1987.693 480
1987.693 480
1987.693 480
1987.693 480
1987.693 480
1987.693 480
1987.693 480
1987.693 480
1987.693 480
1987.693 480
1987.693 480
1987.693 480
1987.693 480
1987.693 480
1987.693 480
1987.693 480
1987.693 480
1987.693 480
1987.693 480
1987.693 480
1987.693 480
1987.693 480
1987.693 480
1987.693 480
1987.693 480
1987.693 480
1987.693 480
1987.693 480
1987.693 480
1987.693 480
1987.693 480
1987.693 480
1987.693 480
1987.693 480
1987.693 480
1987.693 480
1987.693 480
1987.693 480
1987.693 480
1987.693 480
1987.693 480
1987.693 480
1987.693 480
1987.693 480
1987.693 480
1987.693 480
1987.693 480
1987.693 480
1987.693 480
1987.693 480
1987.693 480
1987.693 480
1987.693 480
1987.693 480
1987.693 480
1987.693 480
1987.693 480
1987.693 480
1987.693 480
1987.693 480
1987.693 480
1987.693 480
1987.693 480
1987.693 480
1987.693 480
1987.693 480
1987.693 480
1987.693 480
1987.693 480
1987.693 480
1987.693 480
1987.693 480
1987.693 480
1987.693 480
1987.693 480
1987.693 480
1987.693 480
1987.693 480
1987.693 480
1987.693 480
1987.693 480
1987.693 480
1987.693 480
1987.693 480
1987.693 480
1987.693 480
1987.693 480
1987.693 480
1987.693 480
1987.693 480
1987.693 480
1987.693 480
1987.693 480
1987.693 480
1987.693 480
1987.693 480
1987.693 480
1987.693 480
1987.693 480
1987.693 480
1987.693 480
1987.693 480
1987.693 480
1987.693 480
1987.693 480
1987.693 480
1987.693 480
1987.693 480
1987.693 480
1987.693 480
1987.693 480
1987.693 480
1987.693 480
1987.693 480
996.8853 480
993.377 480
983.4915 480
979.9056 480
973.326 480
967.5015 480
962.4712 480
958.5928 480
955.2715 480
954.1204 480
954.1204 480
954.1442 480
954.2239 480
954.4284 480
954.7969 480
955.7266 480
957.1647 480
957.9609 480
959.1575 480
960.6019 480
962.0889 480
963.9224 480
965.6459 480
967.6849 480
969.8593 480
976.9229 480
981.4223 480
989.1915 480
992.3874 480
1004.577 480
1016.179 480
1022.884 480
1032.284 480
1037.091 480
1044.293 480
1051.394 480
1058.141 480
1064.545 480
1071.621 480
1081.232 480
1088.543 480
1099.595 480
1114.255 480
1126.032 480
1140.305 480
1153.972 480
1163.662 480
1166.678 480
1176.973 480
1182.5 480
1189.163 480
1196.187 480
1202.884 480
1212.651 480
1221.182 480
1228.115 480
1234.923 480
1241.875 480
1248.561 480
1255.6 480
1265.1 480
1275.211 480
1278.161 480
1284.936 480
1291.682 480
1298.597 480
1307.279 480
1313.989 480
1320.771 480
1331.855 480
1335.432 480
1341.818 480
1349.1 480
1353.835 480
1361.038 480
1377.511 480
1380.78 480
1389.986 480
1393.955 480
1400.672 480
1408.309 480
1414.958 480
1421.78 480
1429.852 480
1436.889 480
1446.181 480
1452.765 480
1463.192 480
1473.445 480
1476.672 480
1483.513 480
1490.97 480
1497.504 480
1506.367 480
1511.245 480
1517.877 480
1524.267 480
1530.984 480
1540.038 480
1547.1 480
1553.988 480
1561.236 480
1572.073 480
1582.36 480
1585.721 480
1592.892 480
1599.906 480
1606.78 480
1614.174 480
1620.959 480
1630.028 480
1634.632 480
1641.74 480
1649.202 480
1655.45 480
1666.806 480
1670.081 480
1677.054 480
1686.543 480
1690.872 480
1698.007 480
1703.66 480
1711.175 480
1717.147 480
1723.843 480
1730.874 480
1738.76 480
1748.492 480
1754.223 480
1758.613 480
1764.514 480
1773.628 480
1780.11 480
1785.469 480
1792.073 480
1798.709 480
1808.177 480
1812.78 480
1818.917 480
1826.266 480
1833.256 480
1840.017 480
1849.756 480
1857.98 480
1871.405 480
1879.749 480
1886.361 480
1893.2 480
1899.9 480
1906.865 480
1913.499 480
1922.906 480
1931.639 480
1937.125 480
1943.569 480
1952.749 480
1956.454 480
1962.449 480
1967.984 480
1973.34 480
1980.24 480
1982.397 480
1984.959 480
1986.811 480
1987.606 480
1987.693 480
1987.693 480
1987.693 480
1987.693 480
1987.693 480
1987.693 480
1987.693 480
1987.693 480
1987.693 480
1987.693 480
1987.693 480
1987.693 480
1987.693 480
1987.693 480
1987.693 480
1987.693 480
1987.693 480
1987.693 480
1987.693 480
1987.693 480
1987.693 480
1987.693 480
1987.693 480
1987.693 480
1987.693 480
1987.693 480
1987.693 480
1987.693 480
1987.693 480
1987.693 480
1987.693 480
1987.693 480
1987.693 480
1987.693 480
1987.693 480
1987.693 480
1987.693 480
1987.693 480
1987.693 480
1987.693 480
1987.693 480
1987.693 480
1987.693 480
1987.693 480
1987.693 480
1987.693 480
1987.693 480
1987.693 480
1987.693 480
1987.693 480
1987.693 480
1987.693 480
1987.693 480
1987.693 480
1987.693 480
1987.693 480
1987.693 480
1987.693 480
1987.693 480
1987.693 480
1987.693 480
1987.693 480
1987.693 480
1987.693 480
1987.693 480
1987.693 480
1987.693 480
1987.693 480
1987.693 480
1987.693 480
1987.693 480
1987.693 480
1987.693 480
1987.693 480
1987.693 480
1987.693 480
1987.693 480
1987.693 480
1987.693 480
1987.693 480
1987.693 480
1987.693 480
1987.693 480
1987.693 480
1987.693 480
1987.693 480
1987.693 480
1987.693 480
1987.693 480
1987.693 480
1987.693 480
1987.693 480
1987.693 480
1987.693 480
1987.693 480
1987.693 480
1987.693 480
1987.693 480
1987.693 480
1987.693 480
1987.693 480
1987.693 480
1987.693 480
1987.693 480
1987.693 480
1987.693 480
1987.693 480
1987.693 480
1987.693 480
1987.693 480
1987.693 480
1987.693 480
1987.693 480
1987.693 480
1987.693 480
1987.693 480
1987.693 480
1987.693 480
1987.693 480
1987.693 480
1987.693 480
1987.693 480
1987.693 480
1987.693 480
1987.693 480
1987.693 480
1987.693 480
1987.693 480
1987.693 480
1987.693 480
1987.693 480
1987.693 480
1987.693 480
1987.693 480
1987.693 480
1987.693 480
1987.693 480
1987.693 480
1987.693 480
1987.693 480
1987.693 480
1987.693 480
1987.693 480
1987.693 480
1987.693 480
1987.693 480
1987.693 480
1987.693 480
1987.693 480
1987.693 480
1987.693 480
1987.693 480
1987.693 480
1987.693 480
1987.693 480
1987.693 480
1987.693 480
1987.693 480
1987.693 480
1987.693 480
1987.693 480
1987.693 480
1987.693 480
1987.693 480
1987.693 480
1987.693 480
1987.693 480
1987.693 480
1987.693 480
1987.693 480
1987.693 480
1987.693 480
1987.693 480
1987.693 480
1987.693 480
1987.693 480
1987.693 480
1987.693 480
1987.693 480
1987.693 480
1987.693 480
1987.693 480
1987.693 480
1987.693 480
1987.693 480
1987.693 480
1987.693 480
1987.693 480
1987.693 480
1987.693 480
1987.693 480
1987.693 480
1987.693 480
1987.693 480
1987.693 480
1987.693 480
1987.693 480
1987.693 480
1987.693 480
1987.693 480
1987.693 480
1987.693 480
1987.693 480
1987.693 480
1987.693 480
1987.693 480
1987.693 480
1987.693 480
1987.693 480
1987.693 480
1987.693 480
1987.693 480
1987.693 480
1987.693 480
1987.693 480
1987.693 480
1987.693 480
1987.693 480
1987.693 480
1987.693 480
1987.693 480
1987.693 480
1987.693 480
1987.693 480
1987.693 480
1987.693 480
1987.693 480
1987.693 480
1987.693 480
1987.693 480
1987.693 480
1987.693 480
1987.693 480
1987.693 480
1987.693 480
1987.693 480
1987.693 480
1987.693 480
1987.693 480
1987.693 480
1987.693 480
1987.693 480
1987.693 480
1987.693 480
1987.693 480
1987.693 480
1987.693 480
1987.693 480
1987.693 480
1987.693 480
1987.693 480
1987.693 480
1987.693 480
1987.693 480
1987.693 480
1987.693 480
1987.693 480
1987.693 480
1987.693 480
1987.693 480
1987.693 480
1987.693 480
1987.693 480
1987.693 480
1987.693 480
1987.693 480
1987.693 480
1987.693 480
1987.693 480
1987.693 480
1987.693 480
1987.693 480
1987.693 480
1987.693 480
1987.693 480
1987.693 480
1987.693 480
1987.693 480
1987.693 480
1987.693 480
1987.693 480
1987.693 480
1987.693 480
1987.693 480
1987.693 480
1987.693 480
1987.693 480
1987.693 480
1987.693 480
1987.693 480
1987.693 480
1987.693 480
1987.693 480
1987.693 480
1987.693 480
1987.693 480
1987.693 480
1987.693 480
1987.693 480
1987.693 480
1987.693 480
1987.693 480
1987.693 480
1987.693 480
1987.693 480
1987.693 480
1987.693 480
1987.693 480
1987.693 480
1987.693 480
1987.693 480
1987.693 480
1987.693 480
1987.693 480
1987.693 480
1987.693 480
1987.693 480
1987.693 480
1987.693 480
1987.693 480
1987.693 480
1987.693 480
1987.693 480
1987.693 480
1987.693 480
1987.693 480
1987.693 480
1987.693 480
1987.693 480
1987.693 480
1987.693 480
1987.693 480
1987.693 480
1987.693 480
1987.693 480
1987.693 480
1987.693 480
1987.693 480
1987.693 480
1987.693 480
1987.693 480
1987.693 480
1987.693 480
1987.693 480
1987.693 480
1987.693 480
1987.693 480
1987.693 480
1987.693 480
1987.693 480
1987.693 480
1987.693 480
1987.693 480
1987.693 480
1987.693 480
1987.693 480
1987.693 480
1987.693 480
1987.693 480
1987.693 480
1987.693 480
1987.693 480
1987.693 480
1987.693 480
1987.693 480
1987.693 480
1987.693 480
1987.693 480
1987.693 480
1987.693 480
1987.693 480
1987.693 480
1987.693 480
1987.693 480
1987.693 480
1987.693 480
1987.693 480
1987.693 480
1987.693 480
1987.693 480
1987.693 480
1987.693 480
1987.693 480
1987.693 480
1987.693 480
1987.693 480
1987.693 480
1987.693 480
1987.693 480
1987.693 480
1987.693 480
1987.693 480
1987.693 480
1987.693 480
1987.693 480
1987.693 480
1987.693 480
1987.693 480
1987.693 480
1987.693 480
1987.693 480
1987.693 480
1987.693 480
1987.693 480
1987.693 480
1987.693 480
1987.693 480
1987.693 480
1987.693 480
1987.693 480
1987.693 480
1987.693 480
1987.693 480
1987.693 480
1987.693 480
1987.693 480
1987.693 480
1987.693 480
1987.693 480
1987.693 480
1987.693 480
1987.693 480
1987.693 480
1987.693 480
1987.693 480
1987.693 480
1987.693 480
1987.693 480
1987.693 480
1987.693 480
1987.693 480
1987.693 480
1987.693 480
1987.693 480
1987.693 480
1987.693 480
1987.693 480
1987.693 480
1987.693 480
1987.693 480
1987.693 480
1987.693 480
1987.693 480
1987.693 480
1987.693 480
1987.693 480
1987.693 480
1987.693 480
1987.693 480
1987.693 480
1987.693 480
1987.693 480
1987.693 480
1987.693 480
1987.693 480
1987.693 480
1987.693 480
1987.693 480
1987.693 480
1987.693 480
1987.693 480
1987.693 480
1987.693 480
1987.693 480
1987.693 480
1987.693 480
1987.693 480
1987.693 480
1987.693 480
1987.693 480
1987.693 480
1987.693 480
1987.693 480
1987.693 480
1987.693 480
1987.693 480
1987.693 480
1987.693 480
1987.693 480
1987.693 480
1987.693 480
1987.693 480
1987.693 480
1987.693 480
1987.693 480
1987.693 480
1987.693 480
1987.693 480
1987.693 480
1987.693 480
1987.693 480
1987.693 480
1987.693 480
1987.693 480
1987.693 480
1987.693 480
1987.693 480
1987.693 480
1987.693 480
1987.693 480
1987.693 480
1987.693 480
1987.693 480
1987.693 480
1987.693 480
1987.693 480
1987.693 480
1987.693 480
1987.693 480
1987.693 480
1987.693 480
1987.693 480
1987.693 480
1987.693 480
1987.693 480
1987.693 480
1987.693 480
1987.693 480
1987.693 480
1987.693 480
1987.693 480
1987.693 480
1987.693 480
1987.693 480
1987.693 480
1987.693 480
1987.693 480
1987.693 480
1987.693 480
1987.693 480
1987.693 480
1987.693 480
1987.693 480
1987.693 480
1987.693 480
1987.693 480
1987.693 480
1987.693 480
1987.693 480
1987.693 480
1987.693 480
1987.693 480
1987.693 480
1987.693 480
1987.693 480
1987.693 480
1987.693 480
1987.693 480
1987.693 480
1987.693 480
1987.693 480
1987.693 480
1987.693 480
1987.693 480
1987.693 480
1987.693 480
1987.693 480
1987.693 480
1987.693 480
1987.693 480
1987.693 480
1987.693 480
1987.693 480
1987.693 480
1987.693 480
1987.693 480
1987.693 480
1987.693 480
1987.693 480
1987.693 480
1987.693 480
1987.693 480
1987.693 480
1987.693 480
1987.693 480
1987.693 480
1987.693 480
1987.693 480
1987.693 480
1987.693 480
1987.693 480
1987.693 480
1987.693 480
1987.693 480
1987.693 480
1987.693 480
1987.693 480
1987.693 480
1987.693 480
1987.693 480
1987.693 480
1987.693 480
1987.693 480
1987.693 480
1987.693 480
1987.693 480
1987.693 480
1987.693 480
1987.693 480
1987.693 480
1987.693 480
1987.693 480
1987.693 480
1987.693 480
1987.693 480
1987.693 480
1987.693 480
1987.693 480
1987.693 480
1987.693 480
1987.693 480
1987.693 480
1987.693 480
1987.693 480
1987.693 480
1987.693 480
1987.693 480
1987.693 480
1987.693 480
1987.693 480
1987.693 480
1987.693 480
1987.693 480
1987.693 480
1987.693 480
1987.693 480
1987.693 480
1987.693 480
1987.693 480
1987.693 480
1987.693 480
1987.693 480
1987.693 480
1987.693 480
1987.693 480
1987.693 480
1987.693 480
1987.693 480
1987.693 480
1987.693 480
1987.693 480
1987.693 480
1987.693 480
1987.693 480
1987.693 480
1987.693 480
1987.693 480
1987.693 480
1987.693 480
1987.693 480
1987.693 480
1987.693 480
1987.693 480
1987.693 480
1987.693 480
1987.693 480
1987.693 480
1987.693 480
1987.693 480
1987.693 480
1987.693 480
1987.693 480
1987.693 480
1987.693 480
1987.693 480
1987.693 480
1987.693 480
1987.693 480
1987.693 480
1987.693 480
1987.693 480
1987.693 480
1987.693 480
1987.693 480
1987.693 480
1987.693 480
1987.693 480
1987.693 480
1987.693 480
1987.693 480
1987.693 480
1987.693 480
1987.693 480
1987.693 480
1987.693 480
1987.693 480
1987.693 480
1987.693 480
1987.693 480
1987.693 480
1987.693 480
1987.693 480
1987.693 480
1987.693 480
1987.693 480
1987.693 480
1987.693 480
1987.693 480
1987.693 480
1987.693 480
1987.693 480
1987.693 480
1987.693 480
1987.693 480
1987.693 480
1987.693 480
1987.693 480
1987.693 480
1987.693 480
1987.693 480
1987.693 480
1987.693 480
1987.693 480
1987.693 480
1987.693 480
1987.693 480
1987.693 480
1987.693 480
1987.693 480
1987.693 480
1987.693 480
1987.693 480
1987.693 480
1987.693 480
1987.693 480
1987.693 480
1987.693 480
1987.693 480
1987.693 480
1987.693 480
1987.693 480
1987.693 480
1987.693 480
1987.693 480
1987.693 480
