1920 480
1920 480
1143.927 485.6833
1143.465 485.898
1145.861 486.6457
1146.441 486.6401
1144.394 488.2418
1146.362 488.585
1147.148 488.4746
1147.337 486.8126
1146.253 488.0631
1144.824 487.8234
1145.15 487.5714
1148.05 487.9467
1145.92 487.8222
1146.228 487.776
1148.154 488.0835
1144.841 487.3567
1146.222 488.4809
1146.018 488.3193
1146.219 488.5189
1147.573 488.0478
1151.471 487.3969
1147.99 487.2333
1144.223 489.3927
1146.06 488.1806
1146.059 488.1808
1146.059 488.1809
1147.14 487.9428
1147.133 487.9882
1147.236 488.0865
1147.108 488.015
1147.126 488.0391
1147.141 488.0464
1147.158 488.0443
1147.175 488.0538
1147.148 488.0622
1147.143 488.0679
1147.131 488.0789
1147.132 488.0744
1147.156 488.0812
1147.148 488.0824
1147.158 488.0865
1147.147 488.1031
1147.151 488.109
1147.165 488.1158
1147.14 488.127
1147.135 488.1306
1147.155 488.1295
1147.16 488.129
1147.182 488.1505
1147.189 488.1502
1147.206 488.1426
1147.232 488.133
1147.224 488.122
1147.223 488.1271
1147.228 488.1334
1147.227 488.1298
1147.198 488.145
1147.197 488.1395
1147.218 488.1378
1147.222 488.1316
1147.197 488.1335
1147.203 488.1314
1147.219 488.123
1147.232 488.1255
1147.237 488.1279
1147.229 488.1195
1147.217 488.1328
1147.211 488.1269
1147.212 488.1308
1147.234 488.1263
1147.282 488.1175
1147.302 488.1137
1147.308 488.1115
1147.305 488.1153
1147.354 488.1208
1147.37 488.1169
1147.4 488.1065
1147.383 488.1065
1147.357 488.1173
1147.363 488.1186
1147.328 488.1275
1147.341 488.123
1147.34 488.1263
1147.352 488.1267
1147.35 488.1243
1147.334 488.1261
1147.328 488.1326
1147.338 488.1345
1147.339 488.1403
1147.334 488.1299
1147.347 488.1252
1147.341 488.1261
1147.319 488.1295
1147.308 488.1353
1147.323 488.1389
1147.323 488.1244
1147.305 488.1189
1147.291 488.1266
1147.28 488.1265
1147.256 488.1207
1147.237 488.1306
1147.236 488.1241
1147.22 488.1147
1147.251 488.1384
1147.339 488.1924
1147.393 488.2254
1147.441 488.232
1147.424 488.2982
1147.4 488.5526
1147.576 488.8832
1147.556 488.8635
1146.348 488.0461
1146.112 488.2477
1146.114 488.4185
1146.445 488.6347
1147.049 488.9738
1147.27 489.5199
1146.666 490.2349
1145.535 490.9601
1144.802 491.6231
1144.784 491.7881
1145.957 491.8329
1148.56 491.2072
1151.911 489.8873
1154.429 488.665
1156.092 486.8362
1156.031 484.648
1155.134 483.5464
1153.272 482.3859
1152.137 481.7651
1150.979 481.3101
1149.393 481.0663
1147.233 480.9252
1144.427 480.6829
1140.725 480.1105
1137.316 479.334
1133.943 478.4162
1131.457 477.6582
1128.35 476.4448
1126.338 475.3425
1124.226 473.7992
1121.142 470.8203
1119.099 468.5376
1116.354 465.1828
1114.121 462.2292
1112.558 459.8771
1110.771 456.8273
1108.391 452.4816
1106.293 448.5203
1103.719 441.708
1102.962 437.7764
1101.936 430.4422
1101.315 426.0858
1099.959 418.346
1099.45 414.2524
1099.238 410.4087
1099.574 406.1121
1100.008 402.9499
1100.93 400.1719
1103.723 395.6895
1105.99 393.1507
1110.663 389.6501
1114.706 388.0518
1120.878 386.5645
1126.356 385.5166
1132.167 384.5757
1138.271 383.6831
1145.853 382.9053
1151.922 382.383
1159.854 381.6689
1166.979 380.9749
1174.102 380.2554
1181.285 379.5412
1189.973 378.5818
1198.049 377.5491
1207.511 376.1737
1217.112 374.6284
1228.201 372.7992
1238.35 371.2274
1248.989 369.5732
1258.644 368.0963
1269.933 365.6102
1281.902 363.2432
1297.402 359.8218
1309.658 356.3428
1327.19 351.2593
1344.981 346.5578
1363.061 342.0211
1381.897 337.6219
1415.621 332.1247
1434.501 330.5876
1467.327 329.5681
1484.593 329.3947
1512.511 328.7088
1531.008 328.0688
1560.569 326.8149
1579.546 325.5057
1609.601 322.5856
1626.312 320.9222
1642.859 319.6333
1658.967 318.9367
1677.611 318.8548
1690.104 319.4204
1702.791 320.6268
1730.678 325.1211
1743.997 328.0706
1756.311 331.4492
1766.089 334.8281
1777.604 339.1605
1786.945 343.0109
1795.938 346.7093
1804.726 350.5153
1815.475 355.6411
1823.101 359.7129
1832.949 365.2075
1840.657 369.6291
1848.366 374.0202
1856.67 378.6683
1867.158 384.79
1875.26 389.6974
1882.577 394.3874
1889.734 398.9442
1897.018 403.4486
1904.63 407.8257
1912.448 412.384
1919.957 416.9354
1942.29 431.2562
1952.537 438.4709
1958.65 442.8522
1965.803 448.1025
1971.306 451.7437
1977.73 455.3058
1986.535 459.3341
1994.176 462.2855
2000.61 464.576
2011.218 467.8078
2016.008 468.7132
2022.122 468.8286
2026.349 468.1058
2032.657 465.887
2035.365 464.1706
2037.157 462.0843
2038.554 458.8078
2039.333 455.8109
2040.004 452.6312
2041.333 445.5091
2042.062 438.744
2042.081 433.5151
2041.332 425.0178
2041.083 420.4134
2040.952 415.8048
2041.22 408.1366
2041.86 403.071
2043.086 396.5003
2044.03 391.3135
2044.898 385.7358
2047.099 374.5355
2048.867 367.6875
2052.443 355.5869
2054.807 346.6385
2056.785 332.4681
2054.255 322.6999
2049.185 306.9816
2047.279 300.6908
2044.085 292.9219
2041.919 290.2673
2038.826 288.2966
2033.633 286.8936
2029.546 286.0972
2024.479 284.3075
2023.536 283.1782
2023.811 282.0583
2025.375 281.0919
2026.012 281.5371
2024.486 282.8177
2017.771 287.1253
2012.957 291.1341
2007.562 299.5814
2010.507 304.9824
2025.332 315.0913
2035.003 320.2498
2046.751 327.905
2049.863 332.7456
2050.918 338.7124
2050.702 342.3954
2050.002 345.9606
2048.754 350.5676
2047.493 354.2505
2044.82 358.6672
2042.309 360.7404
2039.021 362.0309
2033.64 362.3659
2028.031 361.4666
2017.939 359.2188
2011.488 357.9297
2005.673 356.9497
1999.135 355.9343
1994.677 355.1693
1920 480
1920 480
1143.927 485.6833
1143.465 485.898
1145.861 486.6457
1146.441 486.6401
1144.394 488.2418
1146.362 488.585
1147.148 488.4746
1147.337 486.8126
1146.253 488.0631
1144.824 487.8234
1145.15 487.5714
1148.05 487.9467
1145.92 487.8222
1146.228 487.776
1148.154 488.0835
1144.841 487.3567
1146.222 488.4809
1146.018 488.3193
1146.219 488.5189
1147.573 488.0478
1151.471 487.3969
1147.99 487.2333
1144.223 489.3927
1146.06 488.1806
1146.059 488.1808
1146.059 488.1809
1147.14 487.9428
1147.133 487.9882
1147.236 488.0865
1147.108 488.015
1147.126 488.0391
1147.141 488.0464
1147.158 488.0443
1147.175 488.0538
1147.148 488.0622
1147.143 488.0679
1147.131 488.0789
1147.132 488.0744
1147.156 488.0812
1147.148 488.0824
1147.158 488.0865
1147.147 488.1031
1147.151 488.109
1147.165 488.1158
1147.14 488.127
1147.135 488.1306
1147.155 488.1295
1147.16 488.129
1147.182 488.1505
1147.189 488.1502
1147.206 488.1426
1147.232 488.133
1147.224 488.122
1147.223 488.1271
1147.228 488.1334
1147.227 488.1298
1147.198 488.145
1147.197 488.1395
1147.218 488.1378
1147.222 488.1316
1147.197 488.1335
1147.203 488.1314
1147.219 488.123
1147.232 488.1255
1147.237 488.1279
1147.229 488.1195
1147.217 488.1328
1147.211 488.1269
1147.212 488.1308
1147.234 488.1263
1147.282 488.1175
1147.302 488.1137
1147.308 488.1115
1147.305 488.1153
1147.354 488.1208
1147.37 488.1169
1147.4 488.1065
1147.383 488.1065
1147.357 488.1173
1147.363 488.1186
1147.328 488.1275
1147.341 488.123
1147.34 488.1263
1147.352 488.1267
1147.35 488.1243
1147.334 488.1261
1147.328 488.1326
1147.338 488.1345
1147.339 488.1403
1147.334 488.1299
1147.347 488.1252
1147.341 488.1261
1147.319 488.1295
1147.308 488.1353
1147.323 488.1389
1147.323 488.1244
1147.305 488.1189
1147.291 488.1266
1147.28 488.1265
1147.256 488.1207
1147.237 488.1306
1147.236 488.1241
1147.22 488.1147
1147.251 488.1384
1147.339 488.1924
1147.393 488.2254
1147.441 488.232
1147.424 488.2982
1147.4 488.5526
1147.576 488.8832
1147.556 488.8635
1146.348 488.0461
1146.112 488.2477
1146.114 488.4185
1146.445 488.6347
1147.049 488.9738
1147.27 489.5199
1146.666 490.2349
1145.535 490.9601
1144.802 491.6231
1144.784 491.7881
1145.957 491.8329
1148.56 491.2072
1151.911 489.8873
1154.429 488.665
1156.092 486.8362
1156.031 484.648
1155.134 483.5464
1153.272 482.3859
1152.137 481.7651
1150.979 481.3101
1149.393 481.0663
1147.233 480.9252
1144.427 480.6829
1140.725 480.1105
1137.316 479.334
1133.943 478.4162
1131.457 477.6582
1128.35 476.4448
1126.338 475.3425
1124.226 473.7992
1121.142 470.8203
1119.099 468.5376
1116.354 465.1828
1114.121 462.2292
1112.558 459.8771
1110.771 456.8273
1108.391 452.4816
1106.293 448.5203
1103.719 441.708
1102.962 437.7764
1101.936 430.4422
1101.315 426.0858
1099.959 418.346
1099.45 414.2524
1099.238 410.4087
1099.574 406.1121
1100.008 402.9499
1100.93 400.1719
1103.723 395.6895
1105.99 393.1507
1110.663 389.6501
1114.706 388.0518
1120.878 386.5645
1126.356 385.5166
1132.167 384.5757
1138.271 383.6831
1145.853 382.9053
1151.922 382.383
1159.854 381.6689
1166.979 380.9749
1174.102 380.2554
1181.285 379.5412
1189.973 378.5818
1198.049 377.5491
1207.511 376.1737
1217.112 374.6284
1228.201 372.7992
1238.35 371.2274
1248.989 369.5732
1258.644 368.0963
1269.933 365.6102
1281.902 363.2432
1297.402 359.8218
1309.658 356.3428
1327.19 351.2593
1344.981 346.5578
1363.061 342.0211
1381.897 337.6219
1415.621 332.1247
1434.501 330.5876
1467.327 329.5681
1484.593 329.3947
1512.511 328.7088
1531.008 328.0688
1560.569 326.8149
1579.546 325.5057
1609.601 322.5856
1626.312 320.9222
1642.859 319.6333
1658.967 318.9367
1677.611 318.8548
1690.104 319.4204
1702.791 320.6268
1730.678 325.1211
1743.997 328.0706
1756.311 331.4492
1766.089 334.8281
1777.604 339.1605
1786.945 343.0109
1795.938 346.7093
1804.726 350.5153
1815.475 355.6411
1823.101 359.7129
1832.949 365.2075
1840.657 369.6291
1848.366 374.0202
1856.67 378.6683
1867.158 384.79
1875.26 389.6974
1882.577 394.3874
1889.734 398.9442
1897.018 403.4486
1904.63 407.8257
1912.448 412.384
1919.957 416.9354
1942.29 431.2562
1952.537 438.4709
1958.65 442.8522
1965.803 448.1025
1971.306 451.7437
1977.73 455.3058
1986.535 459.3341
1994.176 462.2855
2000.61 464.576
2011.218 467.8078
2016.008 468.7132
2022.122 468.8286
2026.349 468.1058
2032.657 465.887
2035.365 464.1706
2037.157 462.0843
2038.554 458.8078
2039.333 455.8109
2040.004 452.6312
2041.333 445.5091
2042.062 438.744
2042.081 433.5151
2041.332 425.0178
2041.083 420.4134
2040.952 415.8048
2041.22 408.1366
2041.86 403.071
2043.086 396.5003
2044.03 391.3135
2044.898 385.7358
2047.099 374.5355
2048.867 367.6875
2052.443 355.5869
2054.807 346.6385
2056.785 332.4681
2054.255 322.6999
2049.185 306.9816
2047.279 300.6908
2044.085 292.9219
2041.919 290.2673
2038.826 288.2966
2033.633 286.8936
2029.546 286.0972
2024.479 284.3075
2023.536 283.1782
2023.811 282.0583
2025.375 281.0919
2026.012 281.5371
2024.486 282.8177
2017.771 287.1253
2012.957 291.1341
2007.562 299.5814
2010.507 304.9824
2025.332 315.0913
2035.003 320.2498
2046.751 327.905
2049.863 332.7456
2050.918 338.7124
2050.702 342.3954
2050.002 345.9606
2048.754 350.5676
2047.493 354.2505
2044.82 358.6672
2042.309 360.7404
2039.021 362.0309
2033.64 362.3659
2028.031 361.4666
2017.939 359.2188
2011.488 357.9297
2005.673 356.9497
1999.135 355.9343
1994.677 355.1693
1991.723 354.554
1987.748 353.481
1985.464 352.5884
1983.674 351.5518
1982.357 350.3758
1981.503 348.7528
1981.502 347.556
1981.734 346.3729
1982.062 345.2069
1982.265 344.0446
1982.367 342.7056
1982.057 340.8573
1981.595 339.6105
1981.068 338.3522
1980.544 337.0906
1980.023 335.8241
1978.604 334.55
1977.294 332.8496
1976.496 331.3394
1975.875 329.5599
1975.306 327.744
1974.758 325.728
1974.308 323.7874
1973.912 320.9132
1973.803 319.0737
1973.666 316.7813
1973.668 314.9007
1973.808 313.0031
1974.668 309.2855
1975.428 307.5026
1977.186 304.6813
1978.527 303.0278
1980.299 301.1903
1983.302 298.4058
1985.338 296.5806
1988.242 293.9837
1990.519 291.937
1992.805 289.875
1996.138 286.6943
1998.291 284.3848
2000.261 282.0184
2002.114 279.5508
2003.765 277.0702
2005.223 274.5049
2006.418 271.8285
2007.32 269.1006
2007.994 266.2512
2008.463 263.5166
2008.871 260.7124
2009.197 257.9639
2009.493 255.2098
2009.664 252.6654
2010.383 245.4134
2010.193 241.2656
2007.415 238.6097
2005.637 237.1955
2005.561 236.3079
2006.895 234.9821
2007.993 234.2831
2009.013 233.6566
2009.566 233.1286
2009.673 232.7935
2009.636 232.5796
2009.629 232.4844
2009.099 232.8252
2008.443 233.9245
2008.393 235.1431
2009.398 236.5225
2011.049 238.2526
2013.103 239.7944
2014.488 241.2505
2015.21 243.0399
2014.675 244.3021
2013.186 245.604
2009.238 247.7529
2005.719 249.201
2001.751 250.6349
1997.351 252.0672
1993.309 253.3338
1986.554 255.7243
1983.944 256.7399
1981.167 257.7363
1978.489 258.62
1975.696 259.485
1972.737 260.4377
1969.74 261.4499
1966.775 262.5089
1963.563 263.7952
1961.125 264.9479
1959.151 266.1027
1957.665 267.2578
1956.531 268.402
1954.817 270.5002
1953.959 271.5915
1953.111 272.6663
1951.656 274.4022
1950.819 275.3662
1949.604 276.7778
1948.543 277.8926
1947.238 279.0942
1945.773 280.3942
1944.201 281.7747
1942.663 283.1572
1941.036 284.6429
1939.029 286.6424
1937.711 288.0889
1936.045 290.0296
1934.866 291.2826
1933.335 292.6707
1931.987 293.7224
1930.881 294.4383
1929.364 295.4476
1928.416 296.1901
1926.595 297.6826
1925.056 298.9189
1922.677 300.9072
1921.05 302.4058
1919.564 304.006
1917.915 305.7136
1915.555 307.6436
1912.977 309.2965
1909.984 310.9769
1906.363 313.0238
1903.864 315.0905
1900.444 320.556
1898.829 324.3098
1897.226 328.4627
1896.112 332.3491
1895.294 336.1663
1894.729 340.0098
1894.336 345.2342
1894.213 349.0703
1894.233 354.4741
1894.428 357.8361
1894.622 360.8625
1894.946 364.5246
1895.308 366.9974
1895.807 370.3154
1895.94 373.2637
1895.695 376.1147
1894.161 380.5648
1892.761 382.6729
1890.197 384.4455
1888.069 384.9479
1884.754 384.9123
1881.997 384.8926
1879.119 384.8348
1875.955 384.9922
1871.289 385.3851
1867.718 385.6711
1863.542 385.9171
1858.991 386.1541
1854.047 386.4074
1848.643 386.5439
1842.954 386.4733
1837.921 386.2018
1832.906 385.833
1826.756 385.2476
1822.073 384.8766
1817.859 384.577
1813.751 384.324
1810.143 384.0877
1807.089 383.9653
1804.396 383.8809
1802.125 383.8
1798.69 383.6754
1796.63 383.6457
1794.789 383.6696
1793.088 383.7271
1791.524 383.82
1789.621 384.1548
1788.471 384.4521
1787.231 384.6973
1784.913 384.8104
1783.099 384.7405
1781.298 384.6302
1779.622 384.4668
1778.133 384.2366
1776.901 383.9431
1775.869 383.6777
1775.034 383.582
1774.272 383.7663
1774.102 384.0104
1774.444 384.1266
1775.619 383.8262
1777.566 383.0085
1779.877 381.7884
1787.868 377.5283
1793.418 374.8543
1795.109 373.4684
1796.366 371.5155
1797.311 369.964
1798.819 368.471
1801.157 366.5973
1802.66 365.2673
1803.745 363.6302
1804.093 362.6802
1804.268 361.8711
1804.101 361.2838
1803.562 360.6323
1802.964 360.0324
1802.421 359.4795
1802.003 358.9762
1801.644 358.513
1800.803 358.1707
1799.118 357.974
1796.518 357.9777
1793.275 358.2401
1790.208 358.7083
1786.38 359.5005
1780.606 361.3136
1777.631 362.6087
1774.676 364.4037
1771.882 366.5122
1769.027 368.9997
1765.627 372.2775
1762.76 375.5505
1759.508 380.0199
1756.754 384.7612
1754.056 389.8927
1751.596 395.0877
1749.286 400.8318
1747.481 406.6172
1745.302 414.5988
1743.211 423.1274
1739.286 438.3285
1737.168 445.5768
1733.984 455.0229
1731.386 462.0239
1728.536 469.0628
1725.747 475.6483
1721.48 485.1285
1718.044 492.1757
1714.308 499.1722
1710.399 505.998
1706.102 513.0262
1701.623 520.025
1697.141 527.0187
1692.921 533.8232
1688.934 540.4096
1684.998 546.8541
1681.278 552.6696
1677.403 558.2545
1673.269 563.7787
1666.127 572.7599
1659.201 580.1783
1655.57 583.2269
1648.906 587.3369
1645.775 588.6819
1642.21 589.7452
1638.705 590.3491
1635.395 590.4872
1632.457 590.3309
1629.679 589.8663
1627.011 589.1821
1624.594 588.4579
1622.365 587.6983
1620.202 586.8809
1618.389 586.1438
1616.538 585.3099
1615.084 584.5245
1613.869 583.8336
1612.83 583.173
1611.848 582.5576
1610.908 581.928
1609.912 581.3571
1608.925 580.7667
1607.792 580.1177
1607.043 579.6559
1606.153 579.0887
1605.047 578.3266
1604.399 577.8001
1603.95 577.3268
1603.562 576.9359
1603.323 576.5914
1603.125 576.347
1603.067 576.1448
1602.991 576.0497
1603.006 576.1188
1603.125 576.2352
1603.197 576.3916
1603.181 576.5677
1603.031 576.7549
1602.7 576.9837
1602.101 577.2969
1601.432 577.6848
1600.589 578.2396
1599.687 578.9945
1598.866 579.8479
1598.196 580.963
1597.914 582.1341
1597.94 583.3769
1598.148 584.887
1598.851 587.8328
1599.468 590.1063
1600.223 592.2479
1601.234 594.6508
1602.327 597.1378
1603.428 599.8056
1604.611 602.8007
1991.723 354.554
1987.748 353.481
1985.464 352.5884
1983.674 351.5518
1982.357 350.3758
1981.503 348.7528
1981.502 347.556
1981.734 346.3729
1982.062 345.2069
1982.265 344.0446
1982.367 342.7056
1982.057 340.8573
1981.595 339.6105
1981.068 338.3522
1980.544 337.0906
1980.023 335.8241
1978.604 334.55
1977.294 332.8496
1976.496 331.3394
1975.875 329.5599
1975.306 327.744
1974.758 325.728
1974.308 323.7874
1973.912 320.9132
1973.803 319.0737
1973.666 316.7813
1973.668 314.9007
1973.808 313.0031
1974.668 309.2855
1975.428 307.5026
1977.186 304.6813
1978.527 303.0278
1980.299 301.1903
1983.302 298.4058
1985.338 296.5806
1988.242 293.9837
1990.519 291.937
1992.805 289.875
1996.138 286.6943
1998.291 284.3848
2000.261 282.0184
2002.114 279.5508
2003.765 277.0702
2005.223 274.5049
2006.418 271.8285
2007.32 269.1006
2007.994 266.2512
2008.463 263.5166
2008.871 260.7124
2009.197 257.9639
2009.493 255.2098
2009.664 252.6654
2010.383 245.4134
2010.193 241.2656
2007.415 238.6097
2005.637 237.1955
2005.561 236.3079
2006.895 234.9821
2007.993 234.2831
2009.013 233.6566
2009.566 233.1286
2009.673 232.7935
2009.636 232.5796
2009.629 232.4844
2009.099 232.8252
2008.443 233.9245
2008.393 235.1431
2009.398 236.5225
2011.049 238.2526
2013.103 239.7944
2014.488 241.2505
2015.21 243.0399
2014.675 244.3021
2013.186 245.604
2009.238 247.7529
2005.719 249.201
2001.751 250.6349
1997.351 252.0672
1993.309 253.3338
1986.554 255.7243
1983.944 256.7399
1981.167 257.7363
1978.489 258.62
1975.696 259.485
1972.737 260.4377
1969.74 261.4499
1966.775 262.5089
1963.563 263.7952
1961.125 264.9479
1959.151 266.1027
1957.665 267.2578
1956.531 268.402
1954.817 270.5002
1953.959 271.5915
1953.111 272.6663
1951.656 274.4022
1950.819 275.3662
1949.604 276.7778
1948.543 277.8926
1947.238 279.0942
1945.773 280.3942
1944.201 281.7747
1942.663 283.1572
1941.036 284.6429
1939.029 286.6424
1937.711 288.0889
1936.045 290.0296
1934.866 291.2826
1933.335 292.6707
1931.987 293.7224
1930.881 294.4383
1929.364 295.4476
1928.416 296.1901
1926.595 297.6826
1925.056 298.9189
1922.677 300.9072
1921.05 302.4058
1919.564 304.006
1917.915 305.7136
1915.555 307.6436
1912.977 309.2965
1909.984 310.9769
1906.363 313.0238
1903.864 315.0905
1900.444 320.556
1898.829 324.3098
1897.226 328.4627
1896.112 332.3491
1895.294 336.1663
1894.729 340.0098
1894.336 345.2342
1894.213 349.0703
1894.233 354.4741
1894.428 357.8361
1894.622 360.8625
1894.946 364.5246
1895.308 366.9974
1895.807 370.3154
1895.94 373.2637
1895.695 376.1147
1894.161 380.5648
1892.761 382.6729
1890.197 384.4455
1888.069 384.9479
1884.754 384.9123
1881.997 384.8926
1879.119 384.8348
1875.955 384.9922
1871.289 385.3851
1867.718 385.6711
1863.542 385.9171
1858.991 386.1541
1854.047 386.4074
1848.643 386.5439
1842.954 386.4733
1837.921 386.2018
1832.906 385.833
1826.756 385.2476
1822.073 384.8766
1817.859 384.577
1813.751 384.324
1810.143 384.0877
1807.089 383.9653
1804.396 383.8809
1802.125 383.8
1798.69 383.6754
1796.63 383.6457
1794.789 383.6696
1793.088 383.7271
1791.524 383.82
1789.621 384.1548
1788.471 384.4521
1787.231 384.6973
1784.913 384.8104
1783.099 384.7405
1781.298 384.6302
1779.622 384.4668
1778.133 384.2366
1776.901 383.9431
1775.869 383.6777
1775.034 383.582
1774.272 383.7663
1774.102 384.0104
1774.444 384.1266
1775.619 383.8262
1777.566 383.0085
1779.877 381.7884
1787.868 377.5283
1793.418 374.8543
1795.109 373.4684
1796.366 371.5155
1797.311 369.964
1798.819 368.471
1801.157 366.5973
1802.66 365.2673
1803.745 363.6302
1804.093 362.6802
1804.268 361.8711
1804.101 361.2838
1803.562 360.6323
1802.964 360.0324
1802.421 359.4795
1802.003 358.9762
1801.644 358.513
1800.803 358.1707
1799.118 357.974
1796.518 357.9777
1793.275 358.2401
1790.208 358.7083
1786.38 359.5005
1780.606 361.3136
1777.631 362.6087
1774.676 364.4037
1771.882 366.5122
1769.027 368.9997
1765.627 372.2775
1762.76 375.5505
1759.508 380.0199
1756.754 384.7612
1754.056 389.8927
1751.596 395.0877
1749.286 400.8318
1747.481 406.6172
1745.302 414.5988
1743.211 423.1274
1739.286 438.3285
1737.168 445.5768
1733.984 455.0229
1731.386 462.0239
1728.536 469.0628
1725.747 475.6483
1721.48 485.1285
1718.044 492.1757
1714.308 499.1722
1710.399 505.998
1706.102 513.0262
1701.623 520.025
1697.141 527.0187
1692.921 533.8232
1688.934 540.4096
1684.998 546.8541
1681.278 552.6696
1677.403 558.2545
1673.269 563.7787
1666.127 572.7599
1659.201 580.1783
1655.57 583.2269
1648.906 587.3369
1645.775 588.6819
1642.21 589.7452
1638.705 590.3491
1635.395 590.4872
1632.457 590.3309
1629.679 589.8663
1627.011 589.1821
1624.594 588.4579
1622.365 587.6983
1620.202 586.8809
1618.389 586.1438
1616.538 585.3099
1615.084 584.5245
1613.869 583.8336
1612.83 583.173
1611.848 582.5576
1610.908 581.928
1609.912 581.3571
1608.925 580.7667
1607.792 580.1177
1607.043 579.6559
1606.153 579.0887
1605.047 578.3266
1604.399 577.8001
1603.95 577.3268
1603.562 576.9359
1603.323 576.5914
1603.125 576.347
1603.067 576.1448
1602.991 576.0497
1603.006 576.1188
1603.125 576.2352
1603.197 576.3916
1603.181 576.5677
1603.031 576.7549
1602.7 576.9837
1602.101 577.2969
1601.432 577.6848
1600.589 578.2396
1599.687 578.9945
1598.866 579.8479
1598.196 580.963
1597.914 582.1341
1597.94 583.3769
1598.148 584.887
1598.851 587.8328
1599.468 590.1063
1600.223 592.2479
1601.234 594.6508
1602.327 597.1378
1603.428 599.8056
1604.611 602.8007
