1920 480
1019.258 479.3354
1019.524 479.3236
1019.413 479.325
1019.388 479.3353
1019.367 479.3149
1019.384 479.3195
1019.349 479.3358
1019.312 479.3042
1019.222 479.3275
1019.204 479.3195
1019.304 479.2993
1019.292 479.2987
1019.268 479.2791
1019.217 479.2915
1019.219 479.2689
1019.267 479.2902
1019.301 479.2729
1019.277 479.2567
1019.249 479.2568
1019.268 479.2598
1019.223 479.2767
1019.277 479.2676
1019.231 479.2628
1019.192 479.2695
1019.231 479.2577
1019.187 479.2565
1019.203 479.2444
1019.233 479.2391
1019.191 479.264
1019.189 479.2764
1019.239 479.2832
1019.28 479.2684
1019.304 479.2708
1019.3 479.2832
1019.264 479.2775
1019.298 479.311
1019.263 479.2939
1019.232 479.2964
1019.303 479.2778
1019.31 479.2678
1019.287 479.2707
1019.27 479.2684
1019.285 479.2729
1019.315 479.2705
1019.321 479.2668
1019.302 479.2723
1019.298 479.2816
1019.301 479.2939
1019.298 479.2975
1019.304 479.2951
1019.291 479.2939
1019.284 479.2907
1019.289 479.2861
1019.277 479.2754
1019.264 479.2744
1019.251 479.2788
1019.241 479.282
1019.239 479.2794
1019.22 479.2827
1019.212 479.2793
1019.204 479.2804
1019.176 479.2855
1019.163 479.2863
1019.147 479.2832
1019.126 479.2744
1019.122 479.2749
1019.098 479.2751
1019.099 479.2707
1019.089 479.2734
1019.083 479.2765
1019.098 479.2715
1019.094 479.2642
1019.072 479.2676
1019.071 479.2621
1019.073 479.2633
1019.077 479.2635
1019.088 479.258
1019.079 479.2495
1019.061 479.2489
1019.064 479.2521
1019.051 479.2549
1019.046 479.2516
1019.039 479.2463
1019.027 479.2415
1019.028 479.2402
1019.032 479.2396
1019.028 479.2355
1019.033 479.2357
1019.05 479.2307
1019.056 479.2256
1019.036 479.2228
1019.044 479.2239
1019.04 479.2307
1019.056 479.229
1019.06 479.2323
1019.048 479.235
1019.05 479.2355
1019.051 479.2339
1019.033 479.2375
1019.023 479.2354
1019.016 479.2402
1019.028 479.2373
1019.031 479.2388
1019.035 479.2371
1019.031 479.2318
1019.023 479.2323
1019.016 479.2342
1019.016 479.2391
1019.015 479.2407
1019.028 479.2427
1019.034 479.2435
1019.031 479.2423
1019.034 479.2432
1019.046 479.2397
1019.051 479.2319
1019.035 479.2355
1019.025 479.2391
1019.016 479.2417
1019.014 479.2404
1019.015 479.2358
1019.017 479.2411
1019.032 479.2381
1019.031 479.2328
1019.035 479.2388
1019.027 479.242
1019.044 479.2318
1019.032 479.2411
1019.028 479.2448
1019.041 479.2423
1019.044 479.2406
1019.057 479.2388
1019.083 479.2337
1019.083 479.231
1019.082 479.2316
1019.08 479.2337
1019.088 479.2363
1019.09 479.2298
1019.089 479.2358
1019.088 479.2388
1019.081 479.2323
1019.065 479.238
1019.058 479.2427
1019.054 479.2409
1019.049 479.2397
1019.042 479.242
1019.044 479.2383
1019.05 479.2411
1019.054 479.2422
1019.069 479.243
1019.074 479.2362
1019.073 479.2308
1019.073 479.2248
1019.084 479.2179
1019.083 479.2145
1019.088 479.2158
1019.095 479.2196
1019.099 479.2148
1019.112 479.2142
1019.149 479.2217
1019.15 479.2249
1019.167 479.2223
1019.192 479.2127
1019.2 479.2067
1019.198 479.1946
1019.194 479.1958
1019.189 479.1987
1019.188 479.2047
1019.189 479.2046
1019.186 479.2135
1019.198 479.2178
1019.218 479.2176
1019.219 479.222
1019.219 479.2236
1019.222 479.2289
1019.218 479.2371
1019.216 479.2463
1019.229 479.2523
1019.236 479.2479
1019.254 479.2444
1019.262 479.2419
1019.257 479.2459
1019.257 479.243
1019.249 479.2495
1019.24 479.2524
1019.24 479.2479
1019.244 479.2428
1019.24 479.2378
1019.228 479.2264
1019.228 479.2228
1019.223 479.2259
1019.207 479.2269
1019.215 479.2266
1019.209 479.2289
1019.214 479.2334
1019.229 479.2391
1019.228 479.2412
1019.225 479.2423
1019.215 479.2394
1019.204 479.2383
1019.212 479.2358
1019.221 479.2412
1019.227 479.2354
1019.23 479.2402
1019.226 479.2472
1019.227 479.2482
1019.216 479.2536
1019.208 479.2554
1019.217 479.252
1019.222 479.2458
1019.237 479.2423
1019.242 479.2385
1019.239 479.2365
1019.236 479.236
1019.253 479.2375
1019.27 479.238
1019.249 479.2314
1019.254 479.2323
1019.238 479.2314
1019.246 479.231
1019.268 479.2259
1019.265 479.2342
1019.273 479.2316
1019.278 479.2259
1019.272 479.2213
1019.276 479.2209
1019.276 479.223
1019.276 479.2238
1019.279 479.2244
1019.291 479.2269
1019.297 479.2287
1019.285 479.2354
1019.287 479.2371
1019.292 479.2326
1019.318 479.2318
1019.321 479.2311
1019.317 479.2225
1019.319 479.2202
1019.326 479.2171
1019.311 479.2188
1019.299 479.2175
1019.29 479.2116
1019.296 479.2166
1019.29 479.2213
1019.289 479.2241
1019.254 479.2231
1019.245 479.2228
1019.209 479.2168
1019.213 479.223
1019.22 479.2233
1019.216 479.228
1019.208 479.2166
1019.2 479.2077
1019.187 479.2065
1019.145 479.2113
1019.123 479.2056
1019.11 479.2018
1019.091 479.2035
1019.083 479.2054
1019.071 479.2078
1019.066 479.2135
1019.064 479.2124
1019.077 479.2108
1019.068 479.2116
1019.074 479.2116
1019.08 479.1987
1019.063 479.1987
1019.06 479.1999
1019.054 479.203
1019.042 479.1984
1019.039 479.2051
1019.042 479.2065
1019.047 479.2075
1019.038 479.2075
1019.035 479.2142
1019.046 479.2186
1019.033 479.2238
1019.035 479.2289
1019.027 479.2289
1019.035 479.2277
1019.04 479.2287
1019.017 479.2329
1018.994 479.2316
1019.002 479.2259
1019.001 479.2295
1019.006 479.2284
1019.004 479.2362
1019.007 479.2415
1019.01 479.2454
1019.012 479.2536
1019.025 479.2492
1019.01 479.2404
1019.017 479.2381
1019 479.2422
1018.995 479.2444
1019.005 479.238
1019.02 479.2412
1019.028 479.2415
1019.026 479.2406
1019.014 479.2433
1920 480
1019.258 479.3354
1019.524 479.3236
1019.413 479.325
1019.388 479.3353
1019.367 479.3149
1019.384 479.3195
1019.349 479.3358
1019.312 479.3042
1019.222 479.3275
1019.204 479.3195
1019.304 479.2993
1019.292 479.2987
1019.268 479.2791
1019.217 479.2915
1019.219 479.2689
1019.267 479.2902
1019.301 479.2729
1019.277 479.2567
1019.249 479.2568
1019.268 479.2598
1019.223 479.2767
1019.277 479.2676
1019.231 479.2628
1019.192 479.2695
1019.231 479.2577
1019.187 479.2565
1019.203 479.2444
1019.233 479.2391
1019.191 479.264
1019.189 479.2764
1019.239 479.2832
1019.28 479.2684
1019.304 479.2708
1019.3 479.2832
1019.264 479.2775
1019.298 479.311
1019.263 479.2939
1019.232 479.2964
1019.303 479.2778
1019.31 479.2678
1019.287 479.2707
1019.27 479.2684
1019.285 479.2729
1019.315 479.2705
1019.321 479.2668
1019.302 479.2723
1019.298 479.2816
1019.301 479.2939
1019.298 479.2975
1019.304 479.2951
1019.291 479.2939
1019.284 479.2907
1019.289 479.2861
1019.277 479.2754
1019.264 479.2744
1019.251 479.2788
1019.241 479.282
1019.239 479.2794
1019.22 479.2827
1019.212 479.2793
1019.204 479.2804
1019.176 479.2855
1019.163 479.2863
1019.147 479.2832
1019.126 479.2744
1019.122 479.2749
1019.098 479.2751
1019.099 479.2707
1019.089 479.2734
1019.083 479.2765
1019.098 479.2715
1019.094 479.2642
1019.072 479.2676
1019.071 479.2621
1019.073 479.2633
1019.077 479.2635
1019.088 479.258
1019.079 479.2495
1019.061 479.2489
1019.064 479.2521
1019.051 479.2549
1019.046 479.2516
1019.039 479.2463
1019.027 479.2415
1019.028 479.2402
1019.032 479.2396
1019.028 479.2355
1019.033 479.2357
1019.05 479.2307
1019.056 479.2256
1019.036 479.2228
1019.044 479.2239
1019.04 479.2307
1019.056 479.229
1019.06 479.2323
1019.048 479.235
1019.05 479.2355
1019.051 479.2339
1019.033 479.2375
1019.023 479.2354
1019.016 479.2402
1019.028 479.2373
1019.031 479.2388
1019.035 479.2371
1019.031 479.2318
1019.023 479.2323
1019.016 479.2342
1019.016 479.2391
1019.015 479.2407
1019.028 479.2427
1019.034 479.2435
1019.031 479.2423
1019.034 479.2432
1019.046 479.2397
1019.051 479.2319
1019.035 479.2355
1019.025 479.2391
1019.016 479.2417
1019.014 479.2404
1019.015 479.2358
1019.017 479.2411
1019.032 479.2381
1019.031 479.2328
1019.035 479.2388
1019.027 479.242
1019.044 479.2318
1019.032 479.2411
1019.028 479.2448
1019.041 479.2423
1019.044 479.2406
1019.057 479.2388
1019.083 479.2337
1019.083 479.231
1019.082 479.2316
1019.08 479.2337
1019.088 479.2363
1019.09 479.2298
1019.089 479.2358
1019.088 479.2388
1019.081 479.2323
1019.065 479.238
1019.058 479.2427
1019.054 479.2409
1019.049 479.2397
1019.042 479.242
1019.044 479.2383
1019.05 479.2411
1019.054 479.2422
1019.069 479.243
1019.074 479.2362
1019.073 479.2308
1019.073 479.2248
1019.084 479.2179
1019.083 479.2145
1019.088 479.2158
1019.095 479.2196
1019.099 479.2148
1019.112 479.2142
1019.149 479.2217
1019.15 479.2249
1019.167 479.2223
1019.192 479.2127
1019.2 479.2067
1019.198 479.1946
1019.194 479.1958
1019.189 479.1987
1019.188 479.2047
1019.189 479.2046
1019.186 479.2135
1019.198 479.2178
1019.218 479.2176
1019.219 479.222
1019.219 479.2236
1019.222 479.2289
1019.218 479.2371
1019.216 479.2463
1019.229 479.2523
1019.236 479.2479
1019.254 479.2444
1019.262 479.2419
1019.257 479.2459
1019.257 479.243
1019.249 479.2495
1019.24 479.2524
1019.24 479.2479
1019.244 479.2428
1019.24 479.2378
1019.228 479.2264
1019.228 479.2228
1019.223 479.2259
1019.207 479.2269
1019.215 479.2266
1019.209 479.2289
1019.214 479.2334
1019.229 479.2391
1019.228 479.2412
1019.225 479.2423
1019.215 479.2394
1019.204 479.2383
1019.212 479.2358
1019.221 479.2412
1019.227 479.2354
1019.23 479.2402
1019.226 479.2472
1019.227 479.2482
1019.216 479.2536
1019.208 479.2554
1019.217 479.252
1019.222 479.2458
1019.237 479.2423
1019.242 479.2385
1019.239 479.2365
1019.236 479.236
1019.253 479.2375
1019.27 479.238
1019.249 479.2314
1019.254 479.2323
1019.238 479.2314
1019.246 479.231
1019.268 479.2259
1019.265 479.2342
1019.273 479.2316
1019.278 479.2259
1019.272 479.2213
1019.276 479.2209
1019.276 479.223
1019.276 479.2238
1019.279 479.2244
1019.291 479.2269
1019.297 479.2287
1019.285 479.2354
1019.287 479.2371
1019.292 479.2326
1019.318 479.2318
1019.321 479.2311
1019.317 479.2225
1019.319 479.2202
1019.326 479.2171
1019.311 479.2188
1019.299 479.2175
1019.29 479.2116
1019.296 479.2166
1019.29 479.2213
1019.289 479.2241
1019.254 479.2231
1019.245 479.2228
1019.209 479.2168
1019.213 479.223
1019.22 479.2233
1019.216 479.228
1019.208 479.2166
1019.2 479.2077
1019.187 479.2065
1019.145 479.2113
1019.123 479.2056
1019.11 479.2018
1019.091 479.2035
1019.083 479.2054
1019.071 479.2078
1019.066 479.2135
1019.064 479.2124
1019.077 479.2108
1019.068 479.2116
1019.074 479.2116
1019.08 479.1987
1019.063 479.1987
1019.06 479.1999
1019.054 479.203
1019.042 479.1984
1019.039 479.2051
1019.042 479.2065
1019.047 479.2075
1019.038 479.2075
1019.035 479.2142
1019.046 479.2186
1019.033 479.2238
1019.035 479.2289
1019.027 479.2289
1019.035 479.2277
1019.04 479.2287
1019.017 479.2329
1018.994 479.2316
1019.002 479.2259
1019.001 479.2295
1019.006 479.2284
1019.004 479.2362
1019.007 479.2415
1019.01 479.2454
1019.012 479.2536
1019.025 479.2492
1019.01 479.2404
1019.017 479.2381
1019 479.2422
1018.995 479.2444
1019.005 479.238
1019.02 479.2412
1019.028 479.2415
1019.026 479.2406
1019.014 479.2433
