1920 480
483.2861 530.1827
432.3467 518.8895
437.986 518.7909
440.0504 518.7737
444.221 519.593
445.3424 520.504
446.1608 521.5673
446.6484 522.5748
446.7953 523.671
446.6387 524.9424
445.7773 526.2775
444.9538 527.5351
443.5368 529.0179
442.2122 530.6445
440.8154 532.2994
439.071 533.793
440.0368 557.7473
445.0023 557.9109
449.3708 558.0225
454.4834 558.08
459.543 558.0911
466.1628 557.3311
472.3294 556.2529
492.2975 552.5865
501.1966 550.7515
507.75 549.2812
515.5566 547.1208
521.8812 545.4229
528.2819 543.7642
534.7321 542.1655
540.9733 540.5451
535.3535 541.9763
539.3662 540.9224
545.6836 539.2408
552.0491 537.5464
555.0319 536.7789
568.5095 533.6821
585.3382 530.5698
601.7858 528.3193
610.944 527.2535
620.2676 526.2958
630.5518 525.4001
641.3164 524.6528
652.7939 524.1259
665.0095 523.7654
677.5684 523.4778
690.7839 523.2684
704.4089 523.2684
717.6927 523.4752
731.7142 523.855
745.6345 524.3708
756.3489 524.8679
769.9651 525.6635
783.2236 526.5657
796.0599 527.5729
808.5593 528.6897
820.4675 529.7552
831.5065 530.6694
841.6504 531.569
851.0589 532.4966
859.5625 533.3965
867.2975 534.3862
874.1143 535.3484
880.1514 536.3008
885.4241 537.0511
889.8864 537.634
893.6543 538.0203
896.8184 538.2666
899.3763 538.3007
1920 538.1838
1920 537.9653
1920 537.7636
1920 537.381
1920 536.9792
1920 536.5097
1920 536.1227
1920 535.6922
1920 535.2228
1920 534.7124
1920 534.3094
1920 533.9391
1920 533.4534
1918.034 533.0395
1915.97 532.6543
1914.189 532.3336
1912.204 532.03
1910.093 531.7209
1907.889 531.4097
1905.596 531.1077
1903.365 530.9293
1901.121 530.8325
1898.839 530.7824
1896.472 530.8066
1894.275 530.9278
1891.952 531.1525
1889.635 531.5098
1887.073 532.0154
1884.485 532.5977
1881.784 533.2667
1879.067 534.0136
1876.464 534.8
1873.641 535.6982
1870.648 536.7037
1867.44 537.9207
1864.194 539.4
1860.852 541.1833
1857.465 543.1006
1853.998 545.0657
1850.493 547.0053
1846.895 549.0128
1843.325 551.0775
1839.704 553.1927
1836.094 555.3636
1832.649 557.6087
1829.261 560.0347
1825.885 562.5984
1822.422 565.2471
1818.909 567.8634
1815.355 570.4252
1812.15 572.7574
1809.078 575.0667
1806.108 577.2848
1803.2 579.3986
1800.714 581.1066
1798.037 582.7104
1795.363 584.0807
1792.805 585.0627
1790.201 585.7859
1787.63 586.2501
1785.039 586.608
1782.453 586.7878
1779.838 586.8613
1777.45 586.7168
1774.794 586.3747
1772.258 585.7867
1769.705 585.0342
1767.23 584.1174
1764.865 583.158
1762.773 582.1957
1760.643 581.1577
1758.599 580.0353
1756.589 578.8451
1754.5 577.4346
1752.703 575.9904
1750.99 574.4579
1749.566 573.0643
1748.234 571.5789
1747.162 570.114
1746.181 568.5328
1745.227 566.952
1744.464 565.509
1743.882 564.0112
1743.251 562.5526
1742.501 560.9871
1741.817 559.5704
1741.108 557.9701
1740.561 556.4736
1740.058 554.9709
1739.237 553.4038
1738.188 551.9374
1736.994 550.5496
1735.813 549.1208
1734.572 547.9158
1732.946 546.5613
1730.921 545.073
1729.14 543.6903
1726.835 542.1447
1725.378 541.3243
1722.886 540.1113
1720.376 538.9504
1717.724 537.8667
1714.909 536.8234
1711.789 535.9059
1708.723 535.1359
1705.546 534.5522
1702.323 534.0297
1699.65 533.5201
1697.55 532.9783
1696.614 532.8096
1696.154 532.6754
1696.588 532.6743
1697.893 532.811
1699.857 533.2007
1701.503 533.5784
1703.767 534.1559
1706.061 534.8063
1708.303 535.5177
1710.32 536.23
1712.144 537.026
1713.685 537.8116
1714.831 538.6373
1715.47 539.5342
1715.62 540.4817
1715.124 541.8293
1714.31 542.9151
1713.305 543.7719
1711.973 544.5502
1711.116 545.1156
1711.039 545.72
1710.996 546.3436
1711.233 546.8771
1711.804 547.1624
1713.102 547.3595
1714.669 547.647
1716.348 548.2923
1718.055 549.3992
1719.756 550.8538
1721.481 552.5078
1723.327 554.4008
1725.141 556.517
1726.875 558.9546
1728.641 562.1974
1729.817 565.0428
1730.77 567.9267
1731.851 571.1763
1732.919 574.6125
1733.645 578.11
1734.066 581.9404
1734.349 585.8437
1734.549 589.7202
1734.841 593.8914
1735.2 597.9664
1735.575 601.9339
1735.999 605.8373
1736.559 609.3883
1737.285 612.3878
1738.198 615.4431
1739.044 618.1898
1739.9 620.7568
1740.826 623.1976
1741.707 625.2983
1742.491 627.2773
1743.251 628.9365
1744.033 630.4736
1745.513 632.8644
1746.03 633.5543
1746.721 634.4875
1747.358 635.1613
1748.011 635.8115
1748.547 636.2517
1748.799 636.584
1748.741 636.6826
1748.365 636.6368
1747.728 636.4296
1746.958 636.1573
1745.995 635.738
1745.116 635.4521
1743.803 635.0151
1742.255 634.621
1740.357 634.2299
1738.192 633.9968
1735.928 633.8781
1733.525 633.8422
1731.149 633.9565
1729.008 634.0883
1726.612 634.2209
1723.993 634.422
1721.655 634.6545
1719.256 635.0074
1717.018 635.4324
1714.964 635.9747
1712.968 636.6428
1711.382 637.2908
1709.644 638.1184
1708.032 639.1047
1706.823 640.1198
1705.928 641.2232
1705.382 642.4214
1705.142 643.691
1705.172 644.9135
1705.302 646.1248
1705.563 647.2847
1705.724 648.3135
1706.032 649.3176
1706.495 650.3676
1707.099 651.3504
1707.694 652.273
1708.186 652.8409
1708.613 653.2504
1709.05 653.5519
1709.252 653.7459
1709.263 653.7745
1709.097 653.6638
1708.841 653.4058
1708.5 653.106
1708.073 652.732
1707.521 652.3785
1706.978 652.0286
1706.414 651.725
1705.922 651.4349
1705.376 651.1412
1704.785 650.8051
1704.241 650.4485
1703.689 650.0977
1703.024 649.7678
1702.386 649.4962
1701.728 649.2201
1701.108 648.9414
1700.419 648.6557
1920 480
483.2861 530.1827
432.3467 518.8895
437.986 518.7909
440.0504 518.7737
444.221 519.593
445.3424 520.504
446.1608 521.5673
446.6484 522.5748
446.7953 523.671
446.6387 524.9424
445.7773 526.2775
444.9538 527.5351
443.5368 529.0179
442.2122 530.6445
440.8154 532.2994
439.071 533.793
440.0368 557.7473
445.0023 557.9109
449.3708 558.0225
454.4834 558.08
459.543 558.0911
466.1628 557.3311
472.3294 556.2529
492.2975 552.5865
501.1966 550.7515
507.75 549.2812
515.5566 547.1208
521.8812 545.4229
528.2819 543.7642
534.7321 542.1655
540.9733 540.5451
535.3535 541.9763
539.3662 540.9224
545.6836 539.2408
552.0491 537.5464
555.0319 536.7789
568.5095 533.6821
585.3382 530.5698
601.7858 528.3193
610.944 527.2535
620.2676 526.2958
630.5518 525.4001
641.3164 524.6528
652.7939 524.1259
665.0095 523.7654
677.5684 523.4778
690.7839 523.2684
704.4089 523.2684
717.6927 523.4752
731.7142 523.855
745.6345 524.3708
756.3489 524.8679
769.9651 525.6635
783.2236 526.5657
796.0599 527.5729
808.5593 528.6897
820.4675 529.7552
831.5065 530.6694
841.6504 531.569
851.0589 532.4966
859.5625 533.3965
867.2975 534.3862
874.1143 535.3484
880.1514 536.3008
885.4241 537.0511
889.8864 537.634
893.6543 538.0203
896.8184 538.2666
899.3763 538.3007
1920 538.1838
1920 537.9653
1920 537.7636
1920 537.381
1920 536.9792
1920 536.5097
1920 536.1227
1920 535.6922
1920 535.2228
1920 534.7124
1920 534.3094
1920 533.9391
1920 533.4534
1918.034 533.0395
1915.97 532.6543
1914.189 532.3336
1912.204 532.03
1910.093 531.7209
1907.889 531.4097
1905.596 531.1077
1903.365 530.9293
1901.121 530.8325
1898.839 530.7824
1896.472 530.8066
1894.275 530.9278
1891.952 531.1525
1889.635 531.5098
1887.073 532.0154
1884.485 532.5977
1881.784 533.2667
1879.067 534.0136
1876.464 534.8
1873.641 535.6982
1870.648 536.7037
1867.44 537.9207
1864.194 539.4
1860.852 541.1833
1857.465 543.1006
1853.998 545.0657
1850.493 547.0053
1846.895 549.0128
1843.325 551.0775
1839.704 553.1927
1836.094 555.3636
1832.649 557.6087
1829.261 560.0347
1825.885 562.5984
1822.422 565.2471
1818.909 567.8634
1815.355 570.4252
1812.15 572.7574
1809.078 575.0667
1806.108 577.2848
1803.2 579.3986
1800.714 581.1066
1798.037 582.7104
1795.363 584.0807
1792.805 585.0627
1790.201 585.7859
1787.63 586.2501
1785.039 586.608
1782.453 586.7878
1779.838 586.8613
1777.45 586.7168
1774.794 586.3747
1772.258 585.7867
1769.705 585.0342
1767.23 584.1174
1764.865 583.158
1762.773 582.1957
1760.643 581.1577
1758.599 580.0353
1756.589 578.8451
1754.5 577.4346
1752.703 575.9904
1750.99 574.4579
1749.566 573.0643
1748.234 571.5789
1747.162 570.114
1746.181 568.5328
1745.227 566.952
1744.464 565.509
1743.882 564.0112
1743.251 562.5526
1742.501 560.9871
1741.817 559.5704
1741.108 557.9701
1740.561 556.4736
1740.058 554.9709
1739.237 553.4038
1738.188 551.9374
1736.994 550.5496
1735.813 549.1208
1734.572 547.9158
1732.946 546.5613
1730.921 545.073
1729.14 543.6903
1726.835 542.1447
1725.378 541.3243
1722.886 540.1113
1720.376 538.9504
1717.724 537.8667
1714.909 536.8234
1711.789 535.9059
1708.723 535.1359
1705.546 534.5522
1702.323 534.0297
1699.65 533.5201
1697.55 532.9783
1696.614 532.8096
1696.154 532.6754
1696.588 532.6743
1697.893 532.811
1699.857 533.2007
1701.503 533.5784
1703.767 534.1559
1706.061 534.8063
1708.303 535.5177
1710.32 536.23
1712.144 537.026
1713.685 537.8116
1714.831 538.6373
1715.47 539.5342
1715.62 540.4817
1715.124 541.8293
1714.31 542.9151
1713.305 543.7719
1711.973 544.5502
1711.116 545.1156
1711.039 545.72
1710.996 546.3436
1711.233 546.8771
1711.804 547.1624
1713.102 547.3595
1714.669 547.647
1716.348 548.2923
1718.055 549.3992
1719.756 550.8538
1721.481 552.5078
1723.327 554.4008
1725.141 556.517
1726.875 558.9546
1728.641 562.1974
1729.817 565.0428
1730.77 567.9267
1731.851 571.1763
1732.919 574.6125
1733.645 578.11
1734.066 581.9404
1734.349 585.8437
1734.549 589.7202
1734.841 593.8914
1735.2 597.9664
1735.575 601.9339
1735.999 605.8373
1736.559 609.3883
1737.285 612.3878
1738.198 615.4431
1739.044 618.1898
1739.9 620.7568
1740.826 623.1976
1741.707 625.2983
1742.491 627.2773
1743.251 628.9365
1744.033 630.4736
1745.513 632.8644
1746.03 633.5543
1746.721 634.4875
1747.358 635.1613
1748.011 635.8115
1748.547 636.2517
1748.799 636.584
1748.741 636.6826
1748.365 636.6368
1747.728 636.4296
1746.958 636.1573
1745.995 635.738
1745.116 635.4521
1743.803 635.0151
1742.255 634.621
1740.357 634.2299
1738.192 633.9968
1735.928 633.8781
1733.525 633.8422
1731.149 633.9565
1729.008 634.0883
1726.612 634.2209
1723.993 634.422
1721.655 634.6545
1719.256 635.0074
1717.018 635.4324
1714.964 635.9747
1712.968 636.6428
1711.382 637.2908
1709.644 638.1184
1708.032 639.1047
1706.823 640.1198
1705.928 641.2232
1705.382 642.4214
1705.142 643.691
1705.172 644.9135
1705.302 646.1248
1705.563 647.2847
1705.724 648.3135
1706.032 649.3176
1706.495 650.3676
1707.099 651.3504
1707.694 652.273
1708.186 652.8409
1708.613 653.2504
1709.05 653.5519
1709.252 653.7459
1709.263 653.7745
1709.097 653.6638
1708.841 653.4058
1708.5 653.106
1708.073 652.732
1707.521 652.3785
1706.978 652.0286
1706.414 651.725
1705.922 651.4349
1705.376 651.1412
1704.785 650.8051
1704.241 650.4485
1703.689 650.0977
1703.024 649.7678
1702.386 649.4962
1701.728 649.2201
1701.108 648.9414
1700.419 648.6557
1699.827 648.4271
1699.461 648.3016
1699.132 648.1702
1698.898 648.0752
1698.71 648.005
1698.571 647.9878
1698.536 648.0049
1698.57 648.0441
1698.599 648.049
1698.531 648.0221
1698.386 647.9557
1698.163 647.8633
1697.932 647.8134
1697.767 647.8405
1697.62 647.8536
1697.509 647.8503
1697.305 647.8121
1697.117 647.752
1696.938 647.6737
1696.798 647.5701
1696.615 647.4282
1696.479 647.2897
1696.406 647.1803
1696.352 647.0884
1696.248 647.0157
1696.19 646.9323
1696.155 646.8649
1696.135 646.7972
1696.075 646.6937
1695.994 646.576
1695.884 646.4676
1695.783 646.397
1695.691 646.3644
1695.617 646.3546
1695.527 646.3436
1695.449 646.3236
1695.401 646.2795
1695.346 646.1912
1695.316 646.128
1695.283 646.0714
1695.382 646.0855
1695.415 646.0927
1695.504 646.1036
1695.587 646.1239
1695.679 646.1341
1695.793 646.1255
1695.975 646.1122
1696.233 646.1116
1696.477 646.1309
1696.715 646.1525
1696.892 646.1619
1697.03 646.1522
1697.074 646.1254
1697.086 646.07
1697.063 646.0195
1696.997 645.9438
1696.933 645.8502
1696.855 645.7527
1696.728 645.658
1696.636 645.5861
1696.574 645.5311
1696.539 645.4766
1696.482 645.4266
1696.461 645.3928
1696.467 645.3908
1696.393 645.3948
1696.272 645.3796
1696.155 645.3226
1696.034 645.237
1695.975 645.1451
1696.003 645.0892
1696.015 645.0611
1696.019 645.0521
1696.031 645.0359
1696.09 645.017
1696.174 645.041
1696.298 645.1059
1696.405 645.183
1696.469 645.1979
1696.539 645.1793
1696.627 645.1731
1696.728 645.1745
1696.846 645.172
1696.954 645.1592
1697.111 645.1591
1697.345 645.1574
1697.605 645.165
1697.858 645.1512
1698.119 645.1465
1698.295 645.1616
1698.409 645.1969
1698.5 645.2446
1698.61 645.2708
1698.679 645.2899
1698.666 645.304
1698.63 645.3281
1698.578 645.3526
1698.453 645.3692
1698.359 645.3666
1698.294 645.3693
1698.283 645.3757
1698.343 645.3608
1698.416 645.3239
1698.527 645.2948
1698.651 645.2994
1698.705 645.3334
1698.735 645.3627
1698.802 645.3532
1698.907 645.332
1699.013 645.308
1699.115 645.2645
1699.202 645.212
1699.292 645.179
1699.377 645.168
1699.465 645.1633
1699.558 645.1221
1699.649 645.0417
1699.723 644.9448
1699.828 644.8339
1699.925 644.726
1699.995 644.6212
1700.038 644.5328
1700.135 644.4849
1700.339 644.4782
1700.474 644.4873
1700.574 644.4944
1700.593 644.5372
1700.563 644.6225
1700.498 644.7358
1700.405 644.8384
1700.296 644.9148
1700.205 644.9386
1700.105 644.931
1700.017 644.9139
1699.924 644.9024
1699.817 644.9045
1699.728 644.8844
1699.702 644.8431
1699.664 644.8001
1699.666 644.7501
1699.646 644.69
1699.636 644.6411
1699.571 644.595
1699.5 644.5317
1699.42 644.4333
1699.451 644.2872
1699.632 644.1041
1700.007 643.8991
1700.527 643.7188
1701.066 643.571
1701.562 643.4217
1701.97 643.2229
1702.235 642.9879
1702.404 642.8108
1702.443 642.7032
1702.383 642.6747
1702.281 642.7067
1702.081 642.7693
1701.797 642.8392
1701.558 642.8844
1701.21 642.9251
1700.908 642.9257
1700.716 642.912
1700.696 642.9323
1700.937 642.9795
1701.405 643.0462
1702.095 643.0992
1703.031 643.0724
1704.151 642.9717
1706.03 642.7917
1708.082 642.6113
1710.436 642.4047
1713.431 642.1743
1716.691 641.9676
1720.024 641.746
1723.546 641.4098
1726.888 640.9754
1730.04 640.4863
1733.318 639.9332
1736.716 639.2907
1740.371 638.4678
1744.458 637.4144
1748.513 636.2865
1752.346 635.1155
1756.45 633.736
1760.629 632.2139
1764.731 630.5766
1768.973 628.6566
1772.917 626.6909
1776.612 624.7415
1780.38 622.5751
1784.099 620.2449
1787.542 617.9235
1790.779 615.4028
1793.269 612.9806
1795.032 610.6888
1796.382 608.1541
1797.231 605.5161
1797.667 602.7714
1797.697 599.8427
1797.405 596.9921
1796.899 594.1647
1796.178 591.0892
1795.198 587.9308
1793.907 584.7828
1792.19 581.4312
1790.409 578.2169
1788.616 575.117
1786.756 571.9484
1784.886 568.8432
1783.042 565.8764
1780.98 562.9614
1778.743 560.1595
1777.069 558.0989
1774.854 555.4111
1772.586 552.7017
1770.302 550.0169
1767.633 547.8513
1766.45 546.1568
1766.622 545.4861
1765.573 543.5601
1764.748 541.5789
1764.348 539.4349
1764.607 538.2649
1765.419 536.9075
1766.642 535.6897
1768.381 534.5501
1770.839 533.7324
1773.744 533.0935
1777.264 532.62
1780.709 532.1311
1784.721 531.7971
1789.376 531.621
1795.81 531.8631
1800.552 532.1849
1806.022 532.7283
1810.726 533.2052
1815.536 533.8649
1820.208 534.627
1824.887 535.6536
1829.111 536.7503
1832.93 537.9642
1835.907 539.017
1838.2 540.0274
1840.071 541.1526
1841.509 542.3652
1842.49 543.6189
1842.857 545.0067
1842.521 546.2786
1841.698 547.6597
1840.367 548.9788
1838.396 550.3002
1836.13 551.4304
1833.331 552.4456
1830.121 553.2349
1826.918 553.8777
1823.663 554.515
1820.449 555.1844
1817.233 555.8144
1813.801 556.3756
1810.299 556.7313
1807.073 556.7167
1803.926 556.3008
1801.346 555.7303
1799.147 555.1838
1797.119 554.5674
1795.351 553.7917
1793.886 552.84
1792.79 551.5823
1792.342 550.0266
1792.313 548.13
1792.819 545.9878
1793.638 543.5659
1794.548 540.6816
1795.587 537.0008
1796.55 533.3747
1797.325 529.7842
1798.199 525.6283
1799.226 521.4091
1800.386 516.8055
1801.375 511.8182
1802.041 506.9515
1802.563 502.1924
1802.956 497.2748
1803.067 492.3985
1802.758 487.4343
1802.22 482.4164
1801.926 477.8154
1801.786 473.347
1801.708 469.0697
1801.792 465.3203
1802.079 461.8532
1802.605 458.6277
1803.045 455.3909
1803.189 452.8138
1803.16 450.3979
1803.213 448.3412
1802.915 448.1582
1801.908 449.3978
1800.433 451.3719
1699.827 648.4271
1699.461 648.3016
1699.132 648.1702
1698.898 648.0752
1698.71 648.005
1698.571 647.9878
1698.536 648.0049
1698.57 648.0441
1698.599 648.049
1698.531 648.0221
1698.386 647.9557
1698.163 647.8633
1697.932 647.8134
1697.767 647.8405
1697.62 647.8536
1697.509 647.8503
1697.305 647.8121
1697.117 647.752
1696.938 647.6737
1696.798 647.5701
1696.615 647.4282
1696.479 647.2897
1696.406 647.1803
1696.352 647.0884
1696.248 647.0157
1696.19 646.9323
1696.155 646.8649
1696.135 646.7972
1696.075 646.6937
1695.994 646.576
1695.884 646.4676
1695.783 646.397
1695.691 646.3644
1695.617 646.3546
1695.527 646.3436
1695.449 646.3236
1695.401 646.2795
1695.346 646.1912
1695.316 646.128
1695.283 646.0714
1695.382 646.0855
1695.415 646.0927
1695.504 646.1036
1695.587 646.1239
1695.679 646.1341
1695.793 646.1255
1695.975 646.1122
1696.233 646.1116
1696.477 646.1309
1696.715 646.1525
1696.892 646.1619
1697.03 646.1522
1697.074 646.1254
1697.086 646.07
1697.063 646.0195
1696.997 645.9438
1696.933 645.8502
1696.855 645.7527
1696.728 645.658
1696.636 645.5861
1696.574 645.5311
1696.539 645.4766
1696.482 645.4266
1696.461 645.3928
1696.467 645.3908
1696.393 645.3948
1696.272 645.3796
1696.155 645.3226
1696.034 645.237
1695.975 645.1451
1696.003 645.0892
1696.015 645.0611
1696.019 645.0521
1696.031 645.0359
1696.09 645.017
1696.174 645.041
1696.298 645.1059
1696.405 645.183
1696.469 645.1979
1696.539 645.1793
1696.627 645.1731
1696.728 645.1745
1696.846 645.172
1696.954 645.1592
1697.111 645.1591
1697.345 645.1574
1697.605 645.165
1697.858 645.1512
1698.119 645.1465
1698.295 645.1616
1698.409 645.1969
1698.5 645.2446
1698.61 645.2708
1698.679 645.2899
1698.666 645.304
1698.63 645.3281
1698.578 645.3526
1698.453 645.3692
1698.359 645.3666
1698.294 645.3693
1698.283 645.3757
1698.343 645.3608
1698.416 645.3239
1698.527 645.2948
1698.651 645.2994
1698.705 645.3334
1698.735 645.3627
1698.802 645.3532
1698.907 645.332
1699.013 645.308
1699.115 645.2645
1699.202 645.212
1699.292 645.179
1699.377 645.168
1699.465 645.1633
1699.558 645.1221
1699.649 645.0417
1699.723 644.9448
1699.828 644.8339
1699.925 644.726
1699.995 644.6212
1700.038 644.5328
1700.135 644.4849
1700.339 644.4782
1700.474 644.4873
1700.574 644.4944
1700.593 644.5372
1700.563 644.6225
1700.498 644.7358
1700.405 644.8384
1700.296 644.9148
1700.205 644.9386
1700.105 644.931
1700.017 644.9139
1699.924 644.9024
1699.817 644.9045
1699.728 644.8844
1699.702 644.8431
1699.664 644.8001
1699.666 644.7501
1699.646 644.69
1699.636 644.6411
1699.571 644.595
1699.5 644.5317
1699.42 644.4333
1699.451 644.2872
1699.632 644.1041
1700.007 643.8991
1700.527 643.7188
1701.066 643.571
1701.562 643.4217
1701.97 643.2229
1702.235 642.9879
1702.404 642.8108
1702.443 642.7032
1702.383 642.6747
1702.281 642.7067
1702.081 642.7693
1701.797 642.8392
1701.558 642.8844
1701.21 642.9251
1700.908 642.9257
1700.716 642.912
1700.696 642.9323
1700.937 642.9795
1701.405 643.0462
1702.095 643.0992
1703.031 643.0724
1704.151 642.9717
1706.03 642.7917
1708.082 642.6113
1710.436 642.4047
1713.431 642.1743
1716.691 641.9676
1720.024 641.746
1723.546 641.4098
1726.888 640.9754
1730.04 640.4863
1733.318 639.9332
1736.716 639.2907
1740.371 638.4678
1744.458 637.4144
1748.513 636.2865
1752.346 635.1155
1756.45 633.736
1760.629 632.2139
1764.731 630.5766
1768.973 628.6566
1772.917 626.6909
1776.612 624.7415
1780.38 622.5751
1784.099 620.2449
1787.542 617.9235
1790.779 615.4028
1793.269 612.9806
1795.032 610.6888
1796.382 608.1541
1797.231 605.5161
1797.667 602.7714
1797.697 599.8427
1797.405 596.9921
1796.899 594.1647
1796.178 591.0892
1795.198 587.9308
1793.907 584.7828
1792.19 581.4312
1790.409 578.2169
1788.616 575.117
1786.756 571.9484
1784.886 568.8432
1783.042 565.8764
1780.98 562.9614
1778.743 560.1595
1777.069 558.0989
1774.854 555.4111
1772.586 552.7017
1770.302 550.0169
1767.633 547.8513
1766.45 546.1568
1766.622 545.4861
1765.573 543.5601
1764.748 541.5789
1764.348 539.4349
1764.607 538.2649
1765.419 536.9075
1766.642 535.6897
1768.381 534.5501
1770.839 533.7324
1773.744 533.0935
1777.264 532.62
1780.709 532.1311
1784.721 531.7971
1789.376 531.621
1795.81 531.8631
1800.552 532.1849
1806.022 532.7283
1810.726 533.2052
1815.536 533.8649
1820.208 534.627
1824.887 535.6536
1829.111 536.7503
1832.93 537.9642
1835.907 539.017
1838.2 540.0274
1840.071 541.1526
1841.509 542.3652
1842.49 543.6189
1842.857 545.0067
1842.521 546.2786
1841.698 547.6597
1840.367 548.9788
1838.396 550.3002
1836.13 551.4304
1833.331 552.4456
1830.121 553.2349
1826.918 553.8777
1823.663 554.515
1820.449 555.1844
1817.233 555.8144
1813.801 556.3756
1810.299 556.7313
1807.073 556.7167
1803.926 556.3008
1801.346 555.7303
1799.147 555.1838
1797.119 554.5674
1795.351 553.7917
1793.886 552.84
1792.79 551.5823
1792.342 550.0266
1792.313 548.13
1792.819 545.9878
1793.638 543.5659
1794.548 540.6816
1795.587 537.0008
1796.55 533.3747
1797.325 529.7842
1798.199 525.6283
1799.226 521.4091
1800.386 516.8055
1801.375 511.8182
1802.041 506.9515
1802.563 502.1924
1802.956 497.2748
1803.067 492.3985
1802.758 487.4343
1802.22 482.4164
1801.926 477.8154
1801.786 473.347
1801.708 469.0697
1801.792 465.3203
1802.079 461.8532
1802.605 458.6277
1803.045 455.3909
1803.189 452.8138
1803.16 450.3979
1803.213 448.3412
1802.915 448.1582
1801.908 449.3978
1800.433 451.3719
