1920 480
1920 480
721.7409 458.9666
721.7116 458.9627
721.7327 458.9696
721.6878 458.9547
721.7263 458.9512
721.7129 458.9634
721.7689 458.9247
721.6852 458.9731
721.7718 458.9648
721.7302 458.9531
721.7939 458.9622
721.707 458.9881
721.7308 458.9783
721.735 458.9782
721.7614 458.9813
721.7314 458.9518
721.7588 458.9745
721.739 458.9889
721.7767 458.9909
721.8066 458.9888
721.7751 458.9761
721.7803 458.9771
721.6833 459.0143
721.7093 458.9946
721.71 458.9941
721.7246 459.0128
721.7161 458.9897
721.8118 458.9912
721.8382 458.9665
721.7686 458.979
721.7943 458.9691
721.8034 458.9658
721.7946 458.9671
721.8015 458.9372
721.822 458.9375
721.7842 458.9482
721.7539 458.946
721.7868 458.9489
721.8353 458.9424
721.7493 458.9453
721.8141 458.931
721.8464 458.9079
721.8587 458.916
721.8054 458.9102
721.8672 458.8973
721.8626 458.9171
721.8815 458.9098
721.7962 458.9359
721.8314 458.9124
721.8262 458.9147
721.8027 458.917
721.7852 458.9168
721.7864 458.9219
721.7728 458.9271
721.7634 458.928
721.7386 458.9502
721.7474 458.9573
721.7285 458.9658
721.7344 458.9639
721.7142 458.9653
721.6973 458.9632
721.7041 458.9541
721.6862 458.9489
721.6843 458.949
721.6706 458.9598
721.6566 458.9725
721.6481 458.9686
721.6487 458.9658
721.6429 458.9757
721.6234 458.9811
721.5938 458.9829
721.584 458.9873
721.5798 458.9977
721.5866 459.0042
721.5879 459.0067
721.5778 459.0138
721.5768 459.0184
721.5765 459.0223
721.6006 459.0159
721.6204 459.0103
721.6191 459.005
721.6113 459.0073
721.6052 459.009
721.5989 459.008
721.6074 459.0062
721.6048 459.0116
721.5843 459.0189
721.5817 459.0199
721.5843 459.0262
721.5872 459.0247
721.5833 459.0237
721.6194 459.0216
721.6315 459.0177
721.627 459.026
721.6091 459.0255
721.6306 459.0305
721.6208 459.0379
721.6357 459.0404
721.6276 459.048
721.6266 459.0539
721.6257 459.0598
721.6481 459.0604
721.6328 459.0706
721.6338 459.075
721.6491 459.0735
721.6605 459.0812
721.6787 459.0775
721.7009 459.0845
721.7116 459.0835
721.6966 459.0734
721.7061 459.0685
721.7087 459.0714
721.7151 459.0762
721.7197 459.0697
721.7298 459.0719
721.7217 459.0723
721.7314 459.074
721.722 459.07
721.735 459.0714
721.737 459.0724
721.748 459.0734
721.751 459.0598
721.7497 459.0545
721.761 459.0457
721.7643 459.0407
721.7624 459.0229
721.7461 459.0267
721.7405 459.0231
721.7474 459.0228
721.7624 459.0177
721.7722 459.0124
721.7627 459.0034
721.7536 458.9958
721.7295 458.9956
721.7366 459.002
721.7441 459.0076
721.7405 459.0088
721.7435 459.0076
721.7318 459.009
721.7324 459.0085
721.7259 459.0075
721.6943 459.0119
721.6836 459.0085
721.6904 458.9982
721.7083 459.0062
721.7064 459.0057
721.7002 459.0096
721.6966 459.0103
721.679 459.0241
721.6777 459.0287
721.6696 459.0451
721.6465 459.0428
721.6813 459.0321
721.709 459.0348
721.7536 459.0176
721.7751 459.0098
721.7878 459.021
721.7793 459.0282
721.7659 459.0314
721.7327 459.0414
721.7165 459.0386
721.7126 459.0369
721.7031 459.0361
721.707 459.0343
721.7484 459.0332
721.7285 459.0379
721.7363 459.0355
721.748 459.0358
721.7601 459.0247
721.7715 459.0199
721.7734 459.0116
721.7764 459.0098
721.7767 459.0158
721.7585 459.0241
721.7422 459.03
721.7432 459.0264
721.722 459.0242
721.7308 459.0257
721.7327 459.0251
721.7158 459.028
721.6992 459.0345
721.6931 459.035
721.6946 459.0296
721.7126 459.0223
721.7109 459.0215
721.7018 459.0257
721.7129 459.0124
721.7194 459.0112
721.7145 459.0073
721.7148 459.002
721.739 458.9928
721.748 458.9995
721.7578 459.0005
721.7786 459.0059
721.7907 459.0003
721.8021 459.0021
721.8099 459.0021
721.8122 458.994
721.8015 458.9949
721.7783 458.9946
721.7702 458.988
721.7705 458.9884
721.7435 458.9899
721.7412 458.9876
721.7347 458.9886
721.7288 458.993
721.7438 458.9969
721.7288 459.0049
721.7591 458.9928
721.7737 458.9857
721.7741 458.9849
721.7754 458.9861
721.8057 458.9919
721.7975 459.0018
721.8008 459.0148
721.8177 459.0145
721.8141 459.0091
721.8216 459.0088
721.8327 459.0031
721.8441 458.9989
721.8597 459.0024
721.8718 458.9956
721.8665 458.9886
721.8513 458.9813
721.8483 458.9803
721.8333 458.9745
721.8226 458.9668
721.8213 458.9583
721.8333 458.95
721.8337 458.9481
721.834 458.938
721.8474 458.9413
721.8483 458.937
721.847 458.9363
721.8623 458.9295
721.8701 458.9287
721.8734 458.9266
721.9079 458.9129
721.9075 458.9103
721.8838 458.9164
721.8532 458.9095
721.8447 458.9102
721.8411 458.9067
721.8652 458.9044
721.8698 458.8976
721.8675 458.8944
721.8528 458.8976
721.8486 458.8975
721.8389 458.9038
721.8278 458.9058
721.8259 458.9046
721.8467 458.9069
721.8532 458.9115
721.8323 458.9176
721.8193 458.9193
721.8223 458.9224
721.8167 458.9242
721.8015 458.9212
721.7816 458.9133
721.7776 458.9058
721.7728 458.9069
721.748 458.9144
721.7598 458.915
721.7646 458.9247
721.7526 458.9181
721.7311 458.9202
721.6891 458.9181
721.6722 458.9216
721.6804 458.9202
721.6663 458.9193
721.6706 458.9049
721.6849 458.8937
721.6729 458.8961
721.681 458.8892
721.679 458.8957
721.6878 458.8934
721.6992 458.8966
721.7015 458.8921
721.6966 458.888
721.6946 458.8928
721.6787 458.8942
721.6816 458.8818
721.6771 458.8867
721.6582 458.8955
721.6575 458.8903
721.6517 458.8896
721.6276 458.897
721.623 458.9004
721.6357 458.8913
721.6345 458.8874
721.6253 458.8871
721.627 458.8804
721.6071 458.8744
721.6013 458.8779
721.5872 458.8845
721.5833 458.8861
721.5879 458.883
721.5944 458.8895
1920 480
1920 480
721.7409 458.9666
721.7116 458.9627
721.7327 458.9696
721.6878 458.9547
721.7263 458.9512
721.7129 458.9634
721.7689 458.9247
721.6852 458.9731
721.7718 458.9648
721.7302 458.9531
721.7939 458.9622
721.707 458.9881
721.7308 458.9783
721.735 458.9782
721.7614 458.9813
721.7314 458.9518
721.7588 458.9745
721.739 458.9889
721.7767 458.9909
721.8066 458.9888
721.7751 458.9761
721.7803 458.9771
721.6833 459.0143
721.7093 458.9946
721.71 458.9941
721.7246 459.0128
721.7161 458.9897
721.8118 458.9912
721.8382 458.9665
721.7686 458.979
721.7943 458.9691
721.8034 458.9658
721.7946 458.9671
721.8015 458.9372
721.822 458.9375
721.7842 458.9482
721.7539 458.946
721.7868 458.9489
721.8353 458.9424
721.7493 458.9453
721.8141 458.931
721.8464 458.9079
721.8587 458.916
721.8054 458.9102
721.8672 458.8973
721.8626 458.9171
721.8815 458.9098
721.7962 458.9359
721.8314 458.9124
721.8262 458.9147
721.8027 458.917
721.7852 458.9168
721.7864 458.9219
721.7728 458.9271
721.7634 458.928
721.7386 458.9502
721.7474 458.9573
721.7285 458.9658
721.7344 458.9639
721.7142 458.9653
721.6973 458.9632
721.7041 458.9541
721.6862 458.9489
721.6843 458.949
721.6706 458.9598
721.6566 458.9725
721.6481 458.9686
721.6487 458.9658
721.6429 458.9757
721.6234 458.9811
721.5938 458.9829
721.584 458.9873
721.5798 458.9977
721.5866 459.0042
721.5879 459.0067
721.5778 459.0138
721.5768 459.0184
721.5765 459.0223
721.6006 459.0159
721.6204 459.0103
721.6191 459.005
721.6113 459.0073
721.6052 459.009
721.5989 459.008
721.6074 459.0062
721.6048 459.0116
721.5843 459.0189
721.5817 459.0199
721.5843 459.0262
721.5872 459.0247
721.5833 459.0237
721.6194 459.0216
721.6315 459.0177
721.627 459.026
721.6091 459.0255
721.6306 459.0305
721.6208 459.0379
721.6357 459.0404
721.6276 459.048
721.6266 459.0539
721.6257 459.0598
721.6481 459.0604
721.6328 459.0706
721.6338 459.075
721.6491 459.0735
721.6605 459.0812
721.6787 459.0775
721.7009 459.0845
721.7116 459.0835
721.6966 459.0734
721.7061 459.0685
721.7087 459.0714
721.7151 459.0762
721.7197 459.0697
721.7298 459.0719
721.7217 459.0723
721.7314 459.074
721.722 459.07
721.735 459.0714
721.737 459.0724
721.748 459.0734
721.751 459.0598
721.7497 459.0545
721.761 459.0457
721.7643 459.0407
721.7624 459.0229
721.7461 459.0267
721.7405 459.0231
721.7474 459.0228
721.7624 459.0177
721.7722 459.0124
721.7627 459.0034
721.7536 458.9958
721.7295 458.9956
721.7366 459.002
721.7441 459.0076
721.7405 459.0088
721.7435 459.0076
721.7318 459.009
721.7324 459.0085
721.7259 459.0075
721.6943 459.0119
721.6836 459.0085
721.6904 458.9982
721.7083 459.0062
721.7064 459.0057
721.7002 459.0096
721.6966 459.0103
721.679 459.0241
721.6777 459.0287
721.6696 459.0451
721.6465 459.0428
721.6813 459.0321
721.709 459.0348
721.7536 459.0176
721.7751 459.0098
721.7878 459.021
721.7793 459.0282
721.7659 459.0314
721.7327 459.0414
721.7165 459.0386
721.7126 459.0369
721.7031 459.0361
721.707 459.0343
721.7484 459.0332
721.7285 459.0379
721.7363 459.0355
721.748 459.0358
721.7601 459.0247
721.7715 459.0199
721.7734 459.0116
721.7764 459.0098
721.7767 459.0158
721.7585 459.0241
721.7422 459.03
721.7432 459.0264
721.722 459.0242
721.7308 459.0257
721.7327 459.0251
721.7158 459.028
721.6992 459.0345
721.6931 459.035
721.6946 459.0296
721.7126 459.0223
721.7109 459.0215
721.7018 459.0257
721.7129 459.0124
721.7194 459.0112
721.7145 459.0073
721.7148 459.002
721.739 458.9928
721.748 458.9995
721.7578 459.0005
721.7786 459.0059
721.7907 459.0003
721.8021 459.0021
721.8099 459.0021
721.8122 458.994
721.8015 458.9949
721.7783 458.9946
721.7702 458.988
721.7705 458.9884
721.7435 458.9899
721.7412 458.9876
721.7347 458.9886
721.7288 458.993
721.7438 458.9969
721.7288 459.0049
721.7591 458.9928
721.7737 458.9857
721.7741 458.9849
721.7754 458.9861
721.8057 458.9919
721.7975 459.0018
721.8008 459.0148
721.8177 459.0145
721.8141 459.0091
721.8216 459.0088
721.8327 459.0031
721.8441 458.9989
721.8597 459.0024
721.8718 458.9956
721.8665 458.9886
721.8513 458.9813
721.8483 458.9803
721.8333 458.9745
721.8226 458.9668
721.8213 458.9583
721.8333 458.95
721.8337 458.9481
721.834 458.938
721.8474 458.9413
721.8483 458.937
721.847 458.9363
721.8623 458.9295
721.8701 458.9287
721.8734 458.9266
721.9079 458.9129
721.9075 458.9103
721.8838 458.9164
721.8532 458.9095
721.8447 458.9102
721.8411 458.9067
721.8652 458.9044
721.8698 458.8976
721.8675 458.8944
721.8528 458.8976
721.8486 458.8975
721.8389 458.9038
721.8278 458.9058
721.8259 458.9046
721.8467 458.9069
721.8532 458.9115
721.8323 458.9176
721.8193 458.9193
721.8223 458.9224
721.8167 458.9242
721.8015 458.9212
721.7816 458.9133
721.7776 458.9058
721.7728 458.9069
721.748 458.9144
721.7598 458.915
721.7646 458.9247
721.7526 458.9181
721.7311 458.9202
721.6891 458.9181
721.6722 458.9216
721.6804 458.9202
721.6663 458.9193
721.6706 458.9049
721.6849 458.8937
721.6729 458.8961
721.681 458.8892
721.679 458.8957
721.6878 458.8934
721.6992 458.8966
721.7015 458.8921
721.6966 458.888
721.6946 458.8928
721.6787 458.8942
721.6816 458.8818
721.6771 458.8867
721.6582 458.8955
721.6575 458.8903
721.6517 458.8896
721.6276 458.897
721.623 458.9004
721.6357 458.8913
721.6345 458.8874
721.6253 458.8871
721.627 458.8804
721.6071 458.8744
721.6013 458.8779
721.5872 458.8845
721.5833 458.8861
721.5879 458.883
721.5944 458.8895
