1920 480
728.5127 483.6282
729.9395 462.0765
730.1032 462.0177
730.0495 461.9917
730.1165 461.9787
730.0508 462.0132
730.0436 461.9974
730.0771 462.0228
729.9229 462.054
730.002 462.037
730.0137 462.0584
729.9987 462.0539
730.069 462.0376
730.0781 462.0233
730.0449 462.0288
730.1575 461.9733
730.1732 461.9655
730.1266 462.0028
730.1745 461.9888
730.1572 461.9958
730.0807 461.9948
730.2155 461.9759
734.8327 461.9497
736.2454 461.9963
741.4541 461.9505
747.8623 461.9834
754.8958 461.9678
761.8317 461.9591
769.1523 461.9622
776.4505 461.9627
783.5309 461.9691
790.3184 461.9767
797.7747 461.9785
804.9482 461.9763
808.2344 461.9743
815.9922 461.966
823.4219 461.9754
830.014 461.9691
837.0378 461.9591
844.5657 461.939
851.5498 461.9387
858.5908 461.9486
865.7373 461.945
873.6357 461.9489
880.736 461.9534
888.0596 461.9438
895.0146 461.943
902.0853 461.9398
909.3626 461.9315
916.7715 461.9268
923.762 461.929
930.7523 461.9359
937.7878 461.9424
945.0954 461.9508
951.8516 461.9583
959.2874 461.9675
966.2463 461.9675
973.2985 461.9653
980.3281 461.9611
987.4658 461.9657
994.7718 461.9595
1001.917 461.9645
1008.989 461.9686
1016.195 461.9709
1023.243 461.9648
1030.341 461.9676
1037.365 461.9597
1044.571 461.9606
1051.594 461.9539
1058.883 461.9479
1065.873 461.9416
1073.127 461.9455
1080.33 461.9453
1087.411 461.942
1094.627 461.9438
1101.537 461.9476
1108.551 461.9484
1115.975 461.9435
1122.957 461.9373
1129.953 461.9455
1137.092 461.9588
1144.161 461.9665
1151.432 461.9681
1158.335 461.9637
1165.623 461.9626
1172.759 461.9639
1180.031 461.9547
1187.047 461.9663
1194.181 461.9647
1201.119 461.9637
1208.424 461.9644
1215.591 461.9639
1221.927 461.9676
1229.008 461.9645
1236.049 461.9562
1243.266 461.9466
1250.597 461.9398
1257.629 461.951
1264.788 461.9539
1271.762 461.9538
1279.002 461.9476
1285.919 461.9403
1293.394 461.9372
1300.417 461.9308
1307.605 461.9313
1315.029 461.9336
1322.14 461.937
1328.759 461.9414
1335.583 461.947
1342.657 461.9505
1349.924 461.9479
1357.796 461.9508
1364.328 461.9543
1371.323 461.9529
1377.952 461.9577
1385.146 461.9642
1392.49 461.9741
1400.243 461.9935
1407.075 461.9958
1413.863 461.9963
1421.206 461.9948
1428.197 461.9961
1435.497 461.987
1443.257 461.9821
1450.36 461.9751
1457.343 461.9782
1464.449 461.9728
1471.498 461.9743
1478.736 461.9725
1486.016 461.9735
1493.445 461.9604
1499.988 461.9574
1507.116 461.9456
1514.379 461.9323
1521.868 461.9193
1528.774 461.9168
1535.952 461.9126
1542.669 461.9155
1549.641 461.9103
1556.526 461.903
1563.845 461.8997
1571.262 461.8934
1578.101 461.8963
1584.826 461.8953
1591.927 461.8929
1599.014 461.8973
1606.337 461.8997
1613.782 461.9105
1620.675 461.917
1627.906 461.9189
1634.724 461.9084
1641.645 461.9056
1648.838 461.8963
1656.864 461.8836
1663.593 461.8703
1670.954 461.8712
1677.243 461.8636
1684.333 461.8563
1692.083 461.8431
1699.436 461.8325
1706.421 461.8237
1713.213 461.8244
1720.134 461.8333
1727.248 461.8351
1734.246 461.8397
1742.173 461.8327
1748.905 461.833
1756.286 461.8311
1762.933 461.8362
1769.926 461.8413
1777.105 461.8385
1784.686 461.8408
1792.085 461.8362
1798.861 461.8232
1805.638 461.819
1812.748 461.818
1819.901 461.814
1827.593 461.8089
1834.776 461.8105
1841.802 461.8123
1848.45 461.8154
1855.741 461.8122
1863.175 461.8138
1870.459 461.8074
1877.178 461.8065
1884.464 461.8065
1891.223 461.8076
1898.316 461.8117
1905.402 461.8133
1912.949 461.8084
1920.343 461.8036
1927.071 461.7996
1933.751 461.8016
1941.046 461.8009
1948.198 461.8107
1955.598 461.8138
1963.166 461.8174
1970.046 461.8158
1976.671 461.8231
1984.04 461.8263
1991.181 461.8291
1998.672 461.8298
2006.141 461.8322
2013.166 461.8325
2020.007 461.8314
2027.02 461.8359
2033.269 461.8405
2038.537 461.8434
2042.87 461.835
2045.714 461.8317
2045.712 461.8384
2045.735 461.8325
2045.747 461.8335
2045.781 461.8239
2045.786 461.818
2045.79 461.8125
2045.781 461.819
2045.764 461.8228
2045.775 461.813
2045.797 461.8089
2045.807 461.8062
2045.822 461.8039
2045.805 461.8036
2045.795 461.8048
2045.783 461.8112
2045.784 461.8102
2045.787 461.8159
2045.789 461.812
2045.785 461.8021
2045.807 461.8031
2045.799 461.8057
2045.79 461.8039
2045.796 461.8063
2045.777 461.8127
2045.803 461.8193
2045.8 461.8226
2045.779 461.8276
2045.053 461.8364
2043.08 461.8327
2039.751 461.8298
2034.554 461.8419
2027.46 461.848
2020.876 461.8499
2013.903 461.8477
2006.739 461.8439
1999.666 461.832
1991.903 461.839
1984.76 461.8343
1977.892 461.8408
1971.206 461.8385
1964.058 461.8376
1956.789 461.8456
1949.046 461.8506
1942.218 461.8503
1935.246 461.8481
1928.056 461.8447
1920.611 461.8407
1913.671 461.8441
1905.998 461.8327
1898.41 461.8281
1892.179 461.8239
1885.327 461.8232
1878.37 461.8312
1871.084 461.8336
1863.593 461.8336
1856.749 461.8364
1850.192 461.8415
1843.253 461.8353
1835.991 461.8338
1828.473 461.8293
1821.137 461.8203
1814.105 461.8184
1807.076 461.8078
1800.04 461.8119
1792.901 461.8081
1785.842 461.7975
1777.952 461.8016
1771.053 461.8032
1764.533 461.8078
1757.564 461.8101
1750.235 461.8154
1742.979 461.8179
1735.853 461.8137
1728.823 461.8081
1721.986 461.8006
1715.019 461.8022
1707.776 461.7998
1700.578 461.7967
1693.104 461.8027
1685.122 461.8068
1679.52 461.8058
1672.411 461.8022
1665.426 461.8137
1658.244 461.8123
1650.601 461.8055
1643.384 461.8029
1636.472 461.8158
1629.551 461.8268
1622.06 461.822
1920 480
728.5127 483.6282
729.9395 462.0765
730.1032 462.0177
730.0495 461.9917
730.1165 461.9787
730.0508 462.0132
730.0436 461.9974
730.0771 462.0228
729.9229 462.054
730.002 462.037
730.0137 462.0584
729.9987 462.0539
730.069 462.0376
730.0781 462.0233
730.0449 462.0288
730.1575 461.9733
730.1732 461.9655
730.1266 462.0028
730.1745 461.9888
730.1572 461.9958
730.0807 461.9948
730.2155 461.9759
734.8327 461.9497
736.2454 461.9963
741.4541 461.9505
747.8623 461.9834
754.8958 461.9678
761.8317 461.9591
769.1523 461.9622
776.4505 461.9627
783.5309 461.9691
790.3184 461.9767
797.7747 461.9785
804.9482 461.9763
808.2344 461.9743
815.9922 461.966
823.4219 461.9754
830.014 461.9691
837.0378 461.9591
844.5657 461.939
851.5498 461.9387
858.5908 461.9486
865.7373 461.945
873.6357 461.9489
880.736 461.9534
888.0596 461.9438
895.0146 461.943
902.0853 461.9398
909.3626 461.9315
916.7715 461.9268
923.762 461.929
930.7523 461.9359
937.7878 461.9424
945.0954 461.9508
951.8516 461.9583
959.2874 461.9675
966.2463 461.9675
973.2985 461.9653
980.3281 461.9611
987.4658 461.9657
994.7718 461.9595
1001.917 461.9645
1008.989 461.9686
1016.195 461.9709
1023.243 461.9648
1030.341 461.9676
1037.365 461.9597
1044.571 461.9606
1051.594 461.9539
1058.883 461.9479
1065.873 461.9416
1073.127 461.9455
1080.33 461.9453
1087.411 461.942
1094.627 461.9438
1101.537 461.9476
1108.551 461.9484
1115.975 461.9435
1122.957 461.9373
1129.953 461.9455
1137.092 461.9588
1144.161 461.9665
1151.432 461.9681
1158.335 461.9637
1165.623 461.9626
1172.759 461.9639
1180.031 461.9547
1187.047 461.9663
1194.181 461.9647
1201.119 461.9637
1208.424 461.9644
1215.591 461.9639
1221.927 461.9676
1229.008 461.9645
1236.049 461.9562
1243.266 461.9466
1250.597 461.9398
1257.629 461.951
1264.788 461.9539
1271.762 461.9538
1279.002 461.9476
1285.919 461.9403
1293.394 461.9372
1300.417 461.9308
1307.605 461.9313
1315.029 461.9336
1322.14 461.937
1328.759 461.9414
1335.583 461.947
1342.657 461.9505
1349.924 461.9479
1357.796 461.9508
1364.328 461.9543
1371.323 461.9529
1377.952 461.9577
1385.146 461.9642
1392.49 461.9741
1400.243 461.9935
1407.075 461.9958
1413.863 461.9963
1421.206 461.9948
1428.197 461.9961
1435.497 461.987
1443.257 461.9821
1450.36 461.9751
1457.343 461.9782
1464.449 461.9728
1471.498 461.9743
1478.736 461.9725
1486.016 461.9735
1493.445 461.9604
1499.988 461.9574
1507.116 461.9456
1514.379 461.9323
1521.868 461.9193
1528.774 461.9168
1535.952 461.9126
1542.669 461.9155
1549.641 461.9103
1556.526 461.903
1563.845 461.8997
1571.262 461.8934
1578.101 461.8963
1584.826 461.8953
1591.927 461.8929
1599.014 461.8973
1606.337 461.8997
1613.782 461.9105
1620.675 461.917
1627.906 461.9189
1634.724 461.9084
1641.645 461.9056
1648.838 461.8963
1656.864 461.8836
1663.593 461.8703
1670.954 461.8712
1677.243 461.8636
1684.333 461.8563
1692.083 461.8431
1699.436 461.8325
1706.421 461.8237
1713.213 461.8244
1720.134 461.8333
1727.248 461.8351
1734.246 461.8397
1742.173 461.8327
1748.905 461.833
1756.286 461.8311
1762.933 461.8362
1769.926 461.8413
1777.105 461.8385
1784.686 461.8408
1792.085 461.8362
1798.861 461.8232
1805.638 461.819
1812.748 461.818
1819.901 461.814
1827.593 461.8089
1834.776 461.8105
1841.802 461.8123
1848.45 461.8154
1855.741 461.8122
1863.175 461.8138
1870.459 461.8074
1877.178 461.8065
1884.464 461.8065
1891.223 461.8076
1898.316 461.8117
1905.402 461.8133
1912.949 461.8084
1920.343 461.8036
1927.071 461.7996
1933.751 461.8016
1941.046 461.8009
1948.198 461.8107
1955.598 461.8138
1963.166 461.8174
1970.046 461.8158
1976.671 461.8231
1984.04 461.8263
1991.181 461.8291
1998.672 461.8298
2006.141 461.8322
2013.166 461.8325
2020.007 461.8314
2027.02 461.8359
2033.269 461.8405
2038.537 461.8434
2042.87 461.835
2045.714 461.8317
2045.712 461.8384
2045.735 461.8325
2045.747 461.8335
2045.781 461.8239
2045.786 461.818
2045.79 461.8125
2045.781 461.819
2045.764 461.8228
2045.775 461.813
2045.797 461.8089
2045.807 461.8062
2045.822 461.8039
2045.805 461.8036
2045.795 461.8048
2045.783 461.8112
2045.784 461.8102
2045.787 461.8159
2045.789 461.812
2045.785 461.8021
2045.807 461.8031
2045.799 461.8057
2045.79 461.8039
2045.796 461.8063
2045.777 461.8127
2045.803 461.8193
2045.8 461.8226
2045.779 461.8276
2045.053 461.8364
2043.08 461.8327
2039.751 461.8298
2034.554 461.8419
2027.46 461.848
2020.876 461.8499
2013.903 461.8477
2006.739 461.8439
1999.666 461.832
1991.903 461.839
1984.76 461.8343
1977.892 461.8408
1971.206 461.8385
1964.058 461.8376
1956.789 461.8456
1949.046 461.8506
1942.218 461.8503
1935.246 461.8481
1928.056 461.8447
1920.611 461.8407
1913.671 461.8441
1905.998 461.8327
1898.41 461.8281
1892.179 461.8239
1885.327 461.8232
1878.37 461.8312
1871.084 461.8336
1863.593 461.8336
1856.749 461.8364
1850.192 461.8415
1843.253 461.8353
1835.991 461.8338
1828.473 461.8293
1821.137 461.8203
1814.105 461.8184
1807.076 461.8078
1800.04 461.8119
1792.901 461.8081
1785.842 461.7975
1777.952 461.8016
1771.053 461.8032
1764.533 461.8078
1757.564 461.8101
1750.235 461.8154
1742.979 461.8179
1735.853 461.8137
1728.823 461.8081
1721.986 461.8006
1715.019 461.8022
1707.776 461.7998
1700.578 461.7967
1693.104 461.8027
1685.122 461.8068
1679.52 461.8058
1672.411 461.8022
1665.426 461.8137
1658.244 461.8123
1650.601 461.8055
1643.384 461.8029
1636.472 461.8158
1629.551 461.8268
1622.06 461.822
