1920 480
1001.897 479.437
1002.028 479.3078
1002.001 479.2856
1002.044 479.3242
1002.064 479.317
1002.009 479.3104
1002.047 479.3062
1002.053 479.303
1002.003 479.2809
1002.078 479.2983
1002.029 479.3078
1002.093 479.3102
1002.048 479.299
1002.029 479.2943
1002.051 479.3066
1002.047 479.3366
1002.061 479.3019
1002.029 479.3192
1002.012 479.3151
1002.065 479.3021
1002.031 479.2917
1001.982 479.3006
1001.941 479.3097
1001.928 479.292
1001.959 479.3096
1001.929 479.2891
1001.934 479.291
1001.948 479.2969
1001.864 479.2816
1001.946 479.2715
1001.9 479.2744
1001.937 479.2863
1001.993 479.2873
1002.023 479.3042
1001.934 479.2798
1001.927 479.2902
1001.906 479.3208
1001.931 479.2915
1001.963 479.2917
1001.971 479.3047
1001.945 479.3022
1001.968 479.2824
1001.938 479.2896
1001.971 479.3081
1001.933 479.2764
1001.892 479.2983
1001.913 479.3037
1001.977 479.3034
1001.927 479.2985
1001.936 479.3019
1001.96 479.3003
1001.963 479.3086
1001.954 479.311
1001.988 479.3066
1001.998 479.3044
1001.981 479.3057
1001.976 479.3019
1001.975 479.3058
1001.966 479.3073
1001.968 479.3166
1001.945 479.3205
1001.949 479.3294
1001.962 479.3394
1001.993 479.3503
1002.003 479.3519
1002.02 479.3519
1002.023 479.3516
1002.026 479.3516
1002.044 479.3573
1002.057 479.3656
1002.057 479.3696
1002.081 479.3664
1002.076 479.3635
1002.087 479.3555
1002.081 479.3618
1002.087 479.3643
1002.094 479.3626
1002.085 479.3672
1002.06 479.3699
1002.067 479.3613
1002.124 479.3659
1002.477 479.3765
1003.912 479.4427
1006.907 479.5166
1011.125 479.6699
1015.042 480.1368
1018.053 480.7098
1019.129 481.1815
1019.121 481.3373
1018.947 481.538
1019.056 481.5388
1019.367 481.2722
1020.074 481.1901
1021.138 481.2579
1021.841 481.2028
1021.621 481.1194
1020.411 481.3522
1018.756 481.748
1017.908 481.9921
1017.639 482.1586
1017.466 482.2601
1017.01 482.4603
1016.578 482.76
1016.551 483.1737
1016.988 483.5256
1017.576 483.4879
1017.723 483.098
1017.099 482.4666
1015.843 481.8693
1014.223 481.3214
1012.316 480.652
1010.229 479.9736
1008.235 479.3789
1006.46 478.8983
1005.037 478.6541
1003.367 478.567
1001.239 478.4925
998.8869 478.3079
996.3466 477.9237
993.605 477.3976
990.6906 476.811
987.6553 476.2401
984.8529 475.6821
982.6367 475.1652
980.6567 474.5257
978.9464 473.4538
977.5192 471.7783
975.907 469.5205
974.1442 466.9378
972.3317 464.0246
970.5599 460.9461
968.8161 457.6725
967.0372 454.2686
965.3196 450.6808
963.6616 447.014
961.9743 443.2983
960.5568 439.7656
959.4333 436.1052
958.4544 432.4679
957.5859 428.9504
956.5632 425.3119
955.6963 421.508
954.8343 418.0553
953.9222 414.873
953.1765 411.888
952.4811 409.1947
951.654 406.3044
950.8347 403.3655
950.0374 400.4142
949.3015 397.4407
948.6263 394.5996
947.9958 392.0646
947.3685 389.8547
946.6982 387.6356
945.9297 385.2671
945.1182 382.7074
944.2308 379.9811
943.2835 377.1735
942.21 374.4325
941.1445 372.103
940.0814 370.1087
939.1224 368.4134
938.2754 367.0031
937.4075 365.8698
936.5 365.0361
935.6657 364.4365
934.7051 364.0349
933.57 363.8172
932.278 363.7576
930.918 363.7993
929.5817 363.9993
928.2405 364.3516
926.9636 364.8022
925.7966 365.3641
924.9046 366.1935
924.305 367.1413
923.7224 368.1486
923.1074 369.0845
922.3223 369.9655
921.485 370.7856
920.5638 371.4769
919.5632 371.9764
918.5182 372.2699
917.3948 372.3787
916.4235 372.3494
915.4629 372.2383
914.5388 371.9886
913.4984 371.6112
912.2813 371.0645
910.9082 370.2878
909.5625 369.3255
908.1442 368.2422
906.5928 367.0383
905.0195 365.7497
903.5498 364.5005
902.1289 363.3643
900.7321 362.2202
899.2708 360.9761
897.8148 359.577
896.3616 358.1079
895.0384 356.5833
893.8698 355.0365
892.8555 353.5251
891.8802 352.0828
891.0352 350.7079
890.2702 349.4074
889.4772 348.2419
888.6221 347.1602
887.7151 346.0918
886.6592 345.0298
885.5104 344.0088
884.2786 343.0435
883.1253 342.1497
882.1673 341.4248
881.4075 340.9487
880.8311 340.7518
880.4124 340.7729
880.0866 341.0265
879.8838 341.5029
879.7314 342.264
879.6931 343.2998
879.8434 344.6113
880.2783 346.3086
880.9063 348.4162
881.6091 350.8192
882.3294 353.407
883.194 356.1111
884.2438 358.9766
885.4229 361.9414
886.6341 365.1535
888.1526 368.5382
890.2627 372.1873
892.4362 375.9337
894.5283 379.783
896.5273 383.7249
898.4043 387.6527
900.2119 391.5884
902.0212 395.4219
904.07 399.1403
906.2689 402.7448
908.4173 406.3195
910.5078 409.8021
912.7366 413.2627
914.7737 416.7702
917.3636 420.2137
920.5632 423.2637
923.514 426.2079
926.2399 429.2095
929.3054 432.2171
932.4915 435.0615
935.5394 437.9297
939.0833 441.0708
942.738 444.4203
946.5837 447.7484
950.3102 450.9305
953.8626 453.9118
957.4251 456.804
961.0728 459.5384
964.5145 462.2806
967.6491 465.0677
970.4233 467.9385
972.9272 470.8068
975.2933 473.6717
977.2054 476.1465
979.8331 477.3657
982.6312 477.4699
984.4422 477.3499
987.5961 477.6182
992.2685 478.2632
996.296 479.0696
998.6251 479.5684
999.8976 480.1203
1000.61 480.8443
1001.282 481.5006
1002.068 482.1015
1003.245 482.734
1004.693 482.2597
1005.929 481.5749
1007.094 480.7157
1007.228 479.7894
1006.338 478.9175
1004.975 478.1143
1003.913 477.4556
1003.833 476.9536
1004.99 476.8036
1007.224 476.7697
1009.76 476.8027
1011.925 476.8966
1013.865 477.157
1016.304 477.8193
1018.448 478.3524
1018.83 476.6569
1017.274 477.1437
1014.26 478.1917
1011.9 478.6566
1011.932 478.4725
1014.644 478.5867
1018.67 478.8302
1020.845 478.9017
1920 480
1001.897 479.437
1002.028 479.3078
1002.001 479.2856
1002.044 479.3242
1002.064 479.317
1002.009 479.3104
1002.047 479.3062
1002.053 479.303
1002.003 479.2809
1002.078 479.2983
1002.029 479.3078
1002.093 479.3102
1002.048 479.299
1002.029 479.2943
1002.051 479.3066
1002.047 479.3366
1002.061 479.3019
1002.029 479.3192
1002.012 479.3151
1002.065 479.3021
1002.031 479.2917
1001.982 479.3006
1001.941 479.3097
1001.928 479.292
1001.959 479.3096
1001.929 479.2891
1001.934 479.291
1001.948 479.2969
1001.864 479.2816
1001.946 479.2715
1001.9 479.2744
1001.937 479.2863
1001.993 479.2873
1002.023 479.3042
1001.934 479.2798
1001.927 479.2902
1001.906 479.3208
1001.931 479.2915
1001.963 479.2917
1001.971 479.3047
1001.945 479.3022
1001.968 479.2824
1001.938 479.2896
1001.971 479.3081
1001.933 479.2764
1001.892 479.2983
1001.913 479.3037
1001.977 479.3034
1001.927 479.2985
1001.936 479.3019
1001.96 479.3003
1001.963 479.3086
1001.954 479.311
1001.988 479.3066
1001.998 479.3044
1001.981 479.3057
1001.976 479.3019
1001.975 479.3058
1001.966 479.3073
1001.968 479.3166
1001.945 479.3205
1001.949 479.3294
1001.962 479.3394
1001.993 479.3503
1002.003 479.3519
1002.02 479.3519
1002.023 479.3516
1002.026 479.3516
1002.044 479.3573
1002.057 479.3656
1002.057 479.3696
1002.081 479.3664
1002.076 479.3635
1002.087 479.3555
1002.081 479.3618
1002.087 479.3643
1002.094 479.3626
1002.085 479.3672
1002.06 479.3699
1002.067 479.3613
1002.124 479.3659
1002.477 479.3765
1003.912 479.4427
1006.907 479.5166
1011.125 479.6699
1015.042 480.1368
1018.053 480.7098
1019.129 481.1815
1019.121 481.3373
1018.947 481.538
1019.056 481.5388
1019.367 481.2722
1020.074 481.1901
1021.138 481.2579
1021.841 481.2028
1021.621 481.1194
1020.411 481.3522
1018.756 481.748
1017.908 481.9921
1017.639 482.1586
1017.466 482.2601
1017.01 482.4603
1016.578 482.76
1016.551 483.1737
1016.988 483.5256
1017.576 483.4879
1017.723 483.098
1017.099 482.4666
1015.843 481.8693
1014.223 481.3214
1012.316 480.652
1010.229 479.9736
1008.235 479.3789
1006.46 478.8983
1005.037 478.6541
1003.367 478.567
1001.239 478.4925
998.8869 478.3079
996.3466 477.9237
993.605 477.3976
990.6906 476.811
987.6553 476.2401
984.8529 475.6821
982.6367 475.1652
980.6567 474.5257
978.9464 473.4538
977.5192 471.7783
975.907 469.5205
974.1442 466.9378
972.3317 464.0246
970.5599 460.9461
968.8161 457.6725
967.0372 454.2686
965.3196 450.6808
963.6616 447.014
961.9743 443.2983
960.5568 439.7656
959.4333 436.1052
958.4544 432.4679
957.5859 428.9504
956.5632 425.3119
955.6963 421.508
954.8343 418.0553
953.9222 414.873
953.1765 411.888
952.4811 409.1947
951.654 406.3044
950.8347 403.3655
950.0374 400.4142
949.3015 397.4407
948.6263 394.5996
947.9958 392.0646
947.3685 389.8547
946.6982 387.6356
945.9297 385.2671
945.1182 382.7074
944.2308 379.9811
943.2835 377.1735
942.21 374.4325
941.1445 372.103
940.0814 370.1087
939.1224 368.4134
938.2754 367.0031
937.4075 365.8698
936.5 365.0361
935.6657 364.4365
934.7051 364.0349
933.57 363.8172
932.278 363.7576
930.918 363.7993
929.5817 363.9993
928.2405 364.3516
926.9636 364.8022
925.7966 365.3641
924.9046 366.1935
924.305 367.1413
923.7224 368.1486
923.1074 369.0845
922.3223 369.9655
921.485 370.7856
920.5638 371.4769
919.5632 371.9764
918.5182 372.2699
917.3948 372.3787
916.4235 372.3494
915.4629 372.2383
914.5388 371.9886
913.4984 371.6112
912.2813 371.0645
910.9082 370.2878
909.5625 369.3255
908.1442 368.2422
906.5928 367.0383
905.0195 365.7497
903.5498 364.5005
902.1289 363.3643
900.7321 362.2202
899.2708 360.9761
897.8148 359.577
896.3616 358.1079
895.0384 356.5833
893.8698 355.0365
892.8555 353.5251
891.8802 352.0828
891.0352 350.7079
890.2702 349.4074
889.4772 348.2419
888.6221 347.1602
887.7151 346.0918
886.6592 345.0298
885.5104 344.0088
884.2786 343.0435
883.1253 342.1497
882.1673 341.4248
881.4075 340.9487
880.8311 340.7518
880.4124 340.7729
880.0866 341.0265
879.8838 341.5029
879.7314 342.264
879.6931 343.2998
879.8434 344.6113
880.2783 346.3086
880.9063 348.4162
881.6091 350.8192
882.3294 353.407
883.194 356.1111
884.2438 358.9766
885.4229 361.9414
886.6341 365.1535
888.1526 368.5382
890.2627 372.1873
892.4362 375.9337
894.5283 379.783
896.5273 383.7249
898.4043 387.6527
900.2119 391.5884
902.0212 395.4219
904.07 399.1403
906.2689 402.7448
908.4173 406.3195
910.5078 409.8021
912.7366 413.2627
914.7737 416.7702
917.3636 420.2137
920.5632 423.2637
923.514 426.2079
926.2399 429.2095
929.3054 432.2171
932.4915 435.0615
935.5394 437.9297
939.0833 441.0708
942.738 444.4203
946.5837 447.7484
950.3102 450.9305
953.8626 453.9118
957.4251 456.804
961.0728 459.5384
964.5145 462.2806
967.6491 465.0677
970.4233 467.9385
972.9272 470.8068
975.2933 473.6717
977.2054 476.1465
979.8331 477.3657
982.6312 477.4699
984.4422 477.3499
987.5961 477.6182
992.2685 478.2632
996.296 479.0696
998.6251 479.5684
999.8976 480.1203
1000.61 480.8443
1001.282 481.5006
1002.068 482.1015
1003.245 482.734
1004.693 482.2597
1005.929 481.5749
1007.094 480.7157
1007.228 479.7894
1006.338 478.9175
1004.975 478.1143
1003.913 477.4556
1003.833 476.9536
1004.99 476.8036
1007.224 476.7697
1009.76 476.8027
1011.925 476.8966
1013.865 477.157
1016.304 477.8193
1018.448 478.3524
1018.83 476.6569
1017.274 477.1437
1014.26 478.1917
1011.9 478.6566
1011.932 478.4725
1014.644 478.5867
1018.67 478.8302
1020.845 478.9017
1020.301 478.7013
1019.359 478.5583
1019.219 478.6096
1019.245 478.7923
1019.312 478.787
1019.378 478.7153
1019.411 478.6821
1019.406 478.7845
1019.293 478.8898
1019.27 478.9059
1019.327 478.8623
1019.318 478.8589
1019.284 478.9382
1019.318 478.9706
1019.339 478.9561
1019.361 478.9557
1019.382 478.9701
1019.382 479.0226
1019.357 479.0221
1019.314 479.0308
1019.315 479.0223
1019.324 479.0703
1019.325 479.1057
1019.334 479.1061
1019.343 479.0952
1019.341 479.1356
1019.341 479.174
1019.336 479.1763
1019.322 479.1799
1019.346 479.2002
1019.36 479.2104
1019.368 479.2404
1019.393 479.242
1019.398 479.2562
1019.393 479.2668
1019.375 479.2941
1019.359 479.2902
1019.346 479.3032
1019.358 479.3107
1019.378 479.3294
1019.365 479.3275
1019.357 479.3431
1019.359 479.3623
1019.346 479.3735
1019.346 479.3724
1019.347 479.3782
1019.352 479.3817
1019.355 479.4028
1019.364 479.4167
1019.351 479.4165
1019.341 479.4159
1019.324 479.4232
1019.303 479.4229
1019.297 479.4225
1019.289 479.4266
1019.292 479.4297
1019.294 479.431
1019.301 479.4248
1019.308 479.4098
1019.32 479.4023
1019.35 479.3984
1019.349 479.3945
1019.33 479.3872
1019.323 479.3887
1019.316 479.3901
1019.298 479.389
1019.293 479.3919
1019.296 479.3928
1019.312 479.3883
1019.322 479.3888
1019.338 479.384
1019.351 479.3752
1019.358 479.3744
1019.365 479.3753
1019.354 479.3739
1019.364 479.3688
1019.372 479.3661
1019.379 479.3669
1019.397 479.3662
1019.415 479.3656
1019.441 479.3646
1019.463 479.3558
1019.477 479.3496
1019.493 479.3468
1019.502 479.3431
1019.519 479.3416
1019.51 479.3415
1019.524 479.3433
1019.52 479.3385
1019.511 479.3356
1019.497 479.3311
1019.497 479.3265
1019.495 479.3244
1019.529 479.3224
1019.544 479.3146
1019.547 479.3143
1019.544 479.3184
1019.557 479.3218
1019.559 479.32
1019.55 479.3314
1019.538 479.3372
1019.529 479.3376
1019.522 479.3377
1019.514 479.3363
1019.505 479.3348
1019.5 479.332
1019.496 479.3382
1019.49 479.3368
1019.47 479.3353
1019.482 479.3304
1019.48 479.3221
1019.425 479.2865
1019.414 479.283
1019.345 479.2581
1019.341 479.2459
1019.302 479.2257
1019.267 479.228
1019.25 479.223
1019.279 479.2197
1019.25 479.2246
1019.253 479.2206
1019.245 479.2248
1019.235 479.2267
1019.221 479.228
1019.216 479.2365
1019.206 479.2497
1019.193 479.2482
1019.19 479.2606
1019.196 479.2588
1019.201 479.2655
1019.191 479.257
1019.188 479.2694
1019.198 479.2679
1019.215 479.2751
1019.213 479.2716
1019.206 479.2865
1019.189 479.2907
1019.184 479.3096
1019.196 479.3006
1019.238 479.304
1019.256 479.3009
1019.265 479.3113
1019.248 479.3187
1019.253 479.3343
1019.258 479.3343
1019.262 479.3459
1019.27 479.3472
1019.281 479.3675
1019.282 479.3779
1019.3 479.3921
1019.279 479.3926
1019.29 479.4106
1019.278 479.4238
1019.29 479.437
1019.299 479.4321
1019.324 479.4476
1019.307 479.4447
1019.346 479.4544
1019.368 479.4587
1019.408 479.4644
1019.433 479.473
1019.484 479.4873
1019.488 479.4865
1019.511 479.4998
1019.514 479.5024
1019.543 479.4995
1019.536 479.5
1019.551 479.5114
1019.545 479.5142
1019.58 479.515
1019.571 479.5182
1019.611 479.5208
1019.623 479.5195
1019.649 479.5265
1019.649 479.5166
1019.665 479.5168
1019.689 479.5111
1019.704 479.5117
1019.72 479.5125
1019.757 479.5178
1019.784 479.5137
1019.818 479.5252
1019.815 479.5257
1019.831 479.529
1019.838 479.5296
1019.935 479.561
1019.951 479.564
1020.015 479.5776
1020.043 479.582
1020.094 479.596
1020.105 479.598
1020.137 479.6024
1020.134 479.6022
1020.159 479.6048
1020.166 479.604
1020.199 479.5998
1020.201 479.5964
1020.228 479.5863
1020.231 479.5876
1020.237 479.5858
1020.242 479.5874
1020.246 479.5781
1020.224 479.5799
1020.23 479.5755
1020.242 479.5731
1020.249 479.5544
1020.262 479.5558
1020.264 479.5493
1020.265 479.5503
1020.256 479.5428
1020.258 479.536
1020.24 479.5317
1020.236 479.5355
1020.239 479.5244
1020.243 479.522
1020.228 479.5171
1020.229 479.5104
1020.21 479.501
1020.207 479.4997
1020.203 479.5036
1020.179 479.5072
1020.183 479.4995
1020.178 479.4969
1020.169 479.4938
1020.174 479.494
1020.175 479.4899
1020.161 479.4922
1020.167 479.488
1020.158 479.4923
1020.166 479.493
1020.182 479.4944
1020.191 479.4956
1020.205 479.4966
1020.217 479.4888
1020.216 479.4915
1020.228 479.4868
1020.222 479.4909
1020.234 479.4912
1020.246 479.4933
1020.25 479.4888
1020.274 479.4865
1020.292 479.4866
1020.305 479.4818
1020.312 479.4775
1020.303 479.4784
1020.257 479.4866
1020.245 479.4915
1020.188 479.4972
1020.166 479.5
1020.117 479.5098
1020.089 479.515
1020.051 479.52
1020.037 479.5275
1020.001 479.5324
1019.987 479.537
1019.954 479.549
1019.931 479.5599
1019.896 479.564
1019.891 479.5648
1019.871 479.5708
1019.863 479.5785
1019.862 479.5818
1019.851 479.5905
1019.83 479.5934
1019.828 479.5964
1019.833 479.6017
1019.828 479.604
1019.811 479.6082
1019.817 479.6066
1019.806 479.605
1019.814 479.5967
1019.817 479.5978
1019.819 479.5944
1019.825 479.5967
1019.839 479.6006
1019.822 479.6001
1019.821 479.6011
1019.809 479.6076
1019.789 479.6116
1019.795 479.6182
1019.803 479.6178
1019.808 479.6172
1019.803 479.6156
1019.795 479.6138
1019.793 479.6092
1019.786 479.6069
1019.781 479.6086
1019.775 479.611
1019.77 479.6165
1019.76 479.6212
1019.736 479.6164
1019.737 479.6183
1019.771 479.6187
1019.774 479.6173
1019.775 479.6206
1019.779 479.6131
1019.771 479.6045
1019.76 479.6021
1019.771 479.5999
1019.763 479.6006
1020.301 478.7013
1019.359 478.5583
1019.219 478.6096
1019.245 478.7923
1019.312 478.787
1019.378 478.7153
1019.411 478.6821
1019.406 478.7845
1019.293 478.8898
1019.27 478.9059
1019.327 478.8623
1019.318 478.8589
1019.284 478.9382
1019.318 478.9706
1019.339 478.9561
1019.361 478.9557
1019.382 478.9701
1019.382 479.0226
1019.357 479.0221
1019.314 479.0308
1019.315 479.0223
1019.324 479.0703
1019.325 479.1057
1019.334 479.1061
1019.343 479.0952
1019.341 479.1356
1019.341 479.174
1019.336 479.1763
1019.322 479.1799
1019.346 479.2002
1019.36 479.2104
1019.368 479.2404
1019.393 479.242
1019.398 479.2562
1019.393 479.2668
1019.375 479.2941
1019.359 479.2902
1019.346 479.3032
1019.358 479.3107
1019.378 479.3294
1019.365 479.3275
1019.357 479.3431
1019.359 479.3623
1019.346 479.3735
1019.346 479.3724
1019.347 479.3782
1019.352 479.3817
1019.355 479.4028
1019.364 479.4167
1019.351 479.4165
1019.341 479.4159
1019.324 479.4232
1019.303 479.4229
1019.297 479.4225
1019.289 479.4266
1019.292 479.4297
1019.294 479.431
1019.301 479.4248
1019.308 479.4098
1019.32 479.4023
1019.35 479.3984
1019.349 479.3945
1019.33 479.3872
1019.323 479.3887
1019.316 479.3901
1019.298 479.389
1019.293 479.3919
1019.296 479.3928
1019.312 479.3883
1019.322 479.3888
1019.338 479.384
1019.351 479.3752
1019.358 479.3744
1019.365 479.3753
1019.354 479.3739
1019.364 479.3688
1019.372 479.3661
1019.379 479.3669
1019.397 479.3662
1019.415 479.3656
1019.441 479.3646
1019.463 479.3558
1019.477 479.3496
1019.493 479.3468
1019.502 479.3431
1019.519 479.3416
1019.51 479.3415
1019.524 479.3433
1019.52 479.3385
1019.511 479.3356
1019.497 479.3311
1019.497 479.3265
1019.495 479.3244
1019.529 479.3224
1019.544 479.3146
1019.547 479.3143
1019.544 479.3184
1019.557 479.3218
1019.559 479.32
1019.55 479.3314
1019.538 479.3372
1019.529 479.3376
1019.522 479.3377
1019.514 479.3363
1019.505 479.3348
1019.5 479.332
1019.496 479.3382
1019.49 479.3368
1019.47 479.3353
1019.482 479.3304
1019.48 479.3221
1019.425 479.2865
1019.414 479.283
1019.345 479.2581
1019.341 479.2459
1019.302 479.2257
1019.267 479.228
1019.25 479.223
1019.279 479.2197
1019.25 479.2246
1019.253 479.2206
1019.245 479.2248
1019.235 479.2267
1019.221 479.228
1019.216 479.2365
1019.206 479.2497
1019.193 479.2482
1019.19 479.2606
1019.196 479.2588
1019.201 479.2655
1019.191 479.257
1019.188 479.2694
1019.198 479.2679
1019.215 479.2751
1019.213 479.2716
1019.206 479.2865
1019.189 479.2907
1019.184 479.3096
1019.196 479.3006
1019.238 479.304
1019.256 479.3009
1019.265 479.3113
1019.248 479.3187
1019.253 479.3343
1019.258 479.3343
1019.262 479.3459
1019.27 479.3472
1019.281 479.3675
1019.282 479.3779
1019.3 479.3921
1019.279 479.3926
1019.29 479.4106
1019.278 479.4238
1019.29 479.437
1019.299 479.4321
1019.324 479.4476
1019.307 479.4447
1019.346 479.4544
1019.368 479.4587
1019.408 479.4644
1019.433 479.473
1019.484 479.4873
1019.488 479.4865
1019.511 479.4998
1019.514 479.5024
1019.543 479.4995
1019.536 479.5
1019.551 479.5114
1019.545 479.5142
1019.58 479.515
1019.571 479.5182
1019.611 479.5208
1019.623 479.5195
1019.649 479.5265
1019.649 479.5166
1019.665 479.5168
1019.689 479.5111
1019.704 479.5117
1019.72 479.5125
1019.757 479.5178
1019.784 479.5137
1019.818 479.5252
1019.815 479.5257
1019.831 479.529
1019.838 479.5296
1019.935 479.561
1019.951 479.564
1020.015 479.5776
1020.043 479.582
1020.094 479.596
1020.105 479.598
1020.137 479.6024
1020.134 479.6022
1020.159 479.6048
1020.166 479.604
1020.199 479.5998
1020.201 479.5964
1020.228 479.5863
1020.231 479.5876
1020.237 479.5858
1020.242 479.5874
1020.246 479.5781
1020.224 479.5799
1020.23 479.5755
1020.242 479.5731
1020.249 479.5544
1020.262 479.5558
1020.264 479.5493
1020.265 479.5503
1020.256 479.5428
1020.258 479.536
1020.24 479.5317
1020.236 479.5355
1020.239 479.5244
1020.243 479.522
1020.228 479.5171
1020.229 479.5104
1020.21 479.501
1020.207 479.4997
1020.203 479.5036
1020.179 479.5072
1020.183 479.4995
1020.178 479.4969
1020.169 479.4938
1020.174 479.494
1020.175 479.4899
1020.161 479.4922
1020.167 479.488
1020.158 479.4923
1020.166 479.493
1020.182 479.4944
1020.191 479.4956
1020.205 479.4966
1020.217 479.4888
1020.216 479.4915
1020.228 479.4868
1020.222 479.4909
1020.234 479.4912
1020.246 479.4933
1020.25 479.4888
1020.274 479.4865
1020.292 479.4866
1020.305 479.4818
1020.312 479.4775
1020.303 479.4784
1020.257 479.4866
1020.245 479.4915
1020.188 479.4972
1020.166 479.5
1020.117 479.5098
1020.089 479.515
1020.051 479.52
1020.037 479.5275
1020.001 479.5324
1019.987 479.537
1019.954 479.549
1019.931 479.5599
1019.896 479.564
1019.891 479.5648
1019.871 479.5708
1019.863 479.5785
1019.862 479.5818
1019.851 479.5905
1019.83 479.5934
1019.828 479.5964
1019.833 479.6017
1019.828 479.604
1019.811 479.6082
1019.817 479.6066
1019.806 479.605
1019.814 479.5967
1019.817 479.5978
1019.819 479.5944
1019.825 479.5967
1019.839 479.6006
1019.822 479.6001
1019.821 479.6011
1019.809 479.6076
1019.789 479.6116
1019.795 479.6182
1019.803 479.6178
1019.808 479.6172
1019.803 479.6156
1019.795 479.6138
1019.793 479.6092
1019.786 479.6069
1019.781 479.6086
1019.775 479.611
1019.77 479.6165
1019.76 479.6212
1019.736 479.6164
1019.737 479.6183
1019.771 479.6187
1019.774 479.6173
1019.775 479.6206
1019.779 479.6131
1019.771 479.6045
1019.76 479.6021
1019.771 479.5999
1019.763 479.6006
1019.767 479.6032
1019.768 479.6069
1019.785 479.6047
1019.793 479.6012
1019.815 479.6024
1019.812 479.603
1019.812 479.6133
1019.817 479.6131
1019.81 479.6165
1019.808 479.6232
1019.817 479.6206
1019.819 479.6173
1019.813 479.6149
1019.807 479.6139
1019.8 479.6144
1019.794 479.6104
1019.795 479.6102
1019.796 479.6159
1019.788 479.6178
1019.804 479.6205
1019.785 479.624
1019.768 479.6305
1019.76 479.6388
1019.75 479.6454
1019.748 479.644
1019.739 479.6455
1019.729 479.6442
1019.729 479.6473
1019.747 479.6515
1019.749 479.6633
1019.75 479.6689
1019.746 479.6725
1019.751 479.6794
1019.747 479.6833
1019.743 479.6893
1019.765 479.6938
1019.787 479.6979
1019.785 479.6953
1019.799 479.6961
1019.81 479.6982
1019.824 479.7038
1019.821 479.7082
1019.823 479.7065
1019.828 479.7095
1019.826 479.7144
1019.83 479.7204
1019.823 479.722
1019.823 479.7264
1019.797 479.7222
1019.797 479.7207
1019.795 479.728
1019.769 479.7189
1019.78 479.7096
1019.789 479.709
1019.793 479.7007
1019.789 479.7023
1019.775 479.7044
1019.758 479.6966
1019.744 479.6947
1019.735 479.6885
1019.732 479.6777
1019.726 479.6602
1019.719 479.6559
1019.719 479.6491
1019.714 479.6475
1019.709 479.646
1019.681 479.6403
1019.655 479.6367
1019.652 479.6388
1019.647 479.6356
1019.645 479.634
1019.644 479.6362
1019.643 479.6335
1019.646 479.6279
1019.648 479.6276
1019.652 479.6255
1019.667 479.6216
1019.674 479.6206
1019.673 479.6177
1019.677 479.6116
1019.674 479.6134
1019.664 479.617
1019.637 479.6182
1019.618 479.6191
1019.617 479.6208
1019.628 479.6258
1019.646 479.6242
1019.665 479.6284
1019.66 479.63
1019.662 479.631
1019.683 479.6341
1019.705 479.6335
1019.713 479.6338
1019.722 479.6396
1019.717 479.6388
1019.711 479.6333
1019.702 479.6346
1019.701 479.6364
1019.684 479.6403
1019.677 479.644
1019.666 479.6514
1019.66 479.6496
1019.669 479.6491
1019.667 479.6452
1019.67 479.6393
1019.691 479.6359
1019.696 479.6346
1019.69 479.6341
1019.699 479.6304
1019.71 479.625
1019.719 479.6239
1019.719 479.6322
1019.725 479.6349
1019.737 479.6322
1019.737 479.6323
1019.731 479.6396
1019.725 479.6447
1019.725 479.6478
1019.718 479.6492
1019.729 479.6502
1019.726 479.6572
1019.722 479.6628
1019.708 479.6685
1019.712 479.6686
1019.694 479.6777
1019.679 479.6754
1019.685 479.6707
1019.702 479.6763
1019.703 479.6747
1019.729 479.6742
1019.75 479.6647
1019.739 479.6676
1019.741 479.6732
1019.746 479.6792
1019.744 479.6828
1019.743 479.6857
1019.709 479.6759
1019.692 479.6691
1019.685 479.6579
1019.677 479.6553
1019.643 479.6409
1019.615 479.6309
1019.595 479.6247
1019.589 479.6203
1019.591 479.6019
1019.595 479.5921
1019.568 479.5785
1019.556 479.5646
1019.523 479.5545
1019.5 479.5566
1019.491 479.5431
1019.505 479.5353
1019.495 479.5246
1019.509 479.5205
1019.498 479.5138
1019.485 479.5116
1019.478 479.5059
1019.487 479.4977
1019.494 479.4967
1019.503 479.4871
1019.522 479.4751
1019.518 479.4766
1019.496 479.4745
1019.492 479.4761
1019.495 479.4713
1019.48 479.4777
1019.485 479.4748
1019.501 479.4663
1019.511 479.4642
1019.49 479.4689
1019.475 479.4717
1019.468 479.4741
1019.494 479.48
1019.513 479.4751
1019.515 479.4678
1019.498 479.4701
1019.475 479.4753
1019.459 479.4886
1019.468 479.4941
1019.457 479.4866
1019.441 479.4832
1019.434 479.4802
1019.431 479.4757
1019.442 479.4754
1019.443 479.4738
1019.449 479.4746
1019.449 479.472
1019.47 479.4642
1019.467 479.4611
1019.435 479.4609
1019.45 479.4585
1019.464 479.463
1019.473 479.4604
1019.475 479.458
1019.462 479.4554
1019.455 479.4559
1019.457 479.4634
1019.45 479.4715
1019.445 479.4668
1019.445 479.4639
1019.45 479.4538
1019.444 479.4509
1019.467 479.4502
1019.474 479.45
1019.465 479.4573
1019.483 479.4538
1019.496 479.4573
1019.488 479.4561
1019.516 479.4598
1019.524 479.458
1019.533 479.4585
1019.537 479.4616
1019.56 479.4609
1019.567 479.4614
1019.565 479.4681
1019.566 479.4754
1019.526 479.4665
1019.525 479.4704
1019.497 479.4713
1019.509 479.4733
1019.487 479.4676
1019.509 479.4656
1019.49 479.4614
1019.492 479.4702
1019.472 479.4645
1019.465 479.4634
1019.44 479.4565
1019.431 479.4552
1019.399 479.4484
1019.394 479.4533
1019.385 479.4434
1019.391 479.4378
1019.386 479.425
1019.402 479.4198
1019.393 479.41
1019.387 479.4115
1019.385 479.4037
1019.39 479.3989
1019.371 479.3867
1019.364 479.3802
1019.355 479.3782
1019.354 479.3779
1019.34 479.3771
1019.325 479.3797
1019.301 479.3794
1019.316 479.3753
1019.326 479.367
1019.323 479.3651
1019.33 479.3578
1019.341 479.3578
1019.33 479.3524
1019.32 479.3503
1019.313 479.3442
1019.326 479.3333
1019.299 479.3283
1019.295 479.3302
1019.274 479.333
1019.274 479.326
1019.258 479.3219
1019.253 479.3268
1019.255 479.3385
1019.266 479.3356
1019.251 479.3342
1019.242 479.3345
1019.255 479.3384
1019.249 479.3442
1019.23 479.3478
1019.225 479.3504
1019.227 479.3467
1019.22 479.3436
1019.221 479.3433
1019.222 479.3474
1019.225 479.3571
1019.233 479.3576
1019.235 479.3564
1019.245 479.364
1019.268 479.3615
1019.251 479.3592
1019.255 479.3635
1019.259 479.3677
1019.257 479.3709
1019.262 479.3672
1019.252 479.369
1019.228 479.3667
1019.208 479.3722
1019.202 479.3872
1019.199 479.3924
1019.188 479.3963
1019.186 479.402
1019.188 479.4009
1019.225 479.3926
1019.243 479.3936
1019.259 479.3888
1019.27 479.3911
1019.29 479.3966
1019.286 479.4043
1019.241 479.4139
1019.234 479.4102
1019.232 479.4044
1019.223 479.4092
1019.767 479.6032
1019.768 479.6069
1019.785 479.6047
1019.793 479.6012
1019.815 479.6024
1019.812 479.603
1019.812 479.6133
1019.817 479.6131
1019.81 479.6165
1019.808 479.6232
1019.817 479.6206
1019.819 479.6173
1019.813 479.6149
1019.807 479.6139
1019.8 479.6144
1019.794 479.6104
1019.795 479.6102
1019.796 479.6159
1019.788 479.6178
1019.804 479.6205
1019.785 479.624
1019.768 479.6305
1019.76 479.6388
1019.75 479.6454
1019.748 479.644
1019.739 479.6455
1019.729 479.6442
1019.729 479.6473
1019.747 479.6515
1019.749 479.6633
1019.75 479.6689
1019.746 479.6725
1019.751 479.6794
1019.747 479.6833
1019.743 479.6893
1019.765 479.6938
1019.787 479.6979
1019.785 479.6953
1019.799 479.6961
1019.81 479.6982
1019.824 479.7038
1019.821 479.7082
1019.823 479.7065
1019.828 479.7095
1019.826 479.7144
1019.83 479.7204
1019.823 479.722
1019.823 479.7264
1019.797 479.7222
1019.797 479.7207
1019.795 479.728
1019.769 479.7189
1019.78 479.7096
1019.789 479.709
1019.793 479.7007
1019.789 479.7023
1019.775 479.7044
1019.758 479.6966
1019.744 479.6947
1019.735 479.6885
1019.732 479.6777
1019.726 479.6602
1019.719 479.6559
1019.719 479.6491
1019.714 479.6475
1019.709 479.646
1019.681 479.6403
1019.655 479.6367
1019.652 479.6388
1019.647 479.6356
1019.645 479.634
1019.644 479.6362
1019.643 479.6335
1019.646 479.6279
1019.648 479.6276
1019.652 479.6255
1019.667 479.6216
1019.674 479.6206
1019.673 479.6177
1019.677 479.6116
1019.674 479.6134
1019.664 479.617
1019.637 479.6182
1019.618 479.6191
1019.617 479.6208
1019.628 479.6258
1019.646 479.6242
1019.665 479.6284
1019.66 479.63
1019.662 479.631
1019.683 479.6341
1019.705 479.6335
1019.713 479.6338
1019.722 479.6396
1019.717 479.6388
1019.711 479.6333
1019.702 479.6346
1019.701 479.6364
1019.684 479.6403
1019.677 479.644
1019.666 479.6514
1019.66 479.6496
1019.669 479.6491
1019.667 479.6452
1019.67 479.6393
1019.691 479.6359
1019.696 479.6346
1019.69 479.6341
1019.699 479.6304
1019.71 479.625
1019.719 479.6239
1019.719 479.6322
1019.725 479.6349
1019.737 479.6322
1019.737 479.6323
1019.731 479.6396
1019.725 479.6447
1019.725 479.6478
1019.718 479.6492
1019.729 479.6502
1019.726 479.6572
1019.722 479.6628
1019.708 479.6685
1019.712 479.6686
1019.694 479.6777
1019.679 479.6754
1019.685 479.6707
1019.702 479.6763
1019.703 479.6747
1019.729 479.6742
1019.75 479.6647
1019.739 479.6676
1019.741 479.6732
1019.746 479.6792
1019.744 479.6828
1019.743 479.6857
1019.709 479.6759
1019.692 479.6691
1019.685 479.6579
1019.677 479.6553
1019.643 479.6409
1019.615 479.6309
1019.595 479.6247
1019.589 479.6203
1019.591 479.6019
1019.595 479.5921
1019.568 479.5785
1019.556 479.5646
1019.523 479.5545
1019.5 479.5566
1019.491 479.5431
1019.505 479.5353
1019.495 479.5246
1019.509 479.5205
1019.498 479.5138
1019.485 479.5116
1019.478 479.5059
1019.487 479.4977
1019.494 479.4967
1019.503 479.4871
1019.522 479.4751
1019.518 479.4766
1019.496 479.4745
1019.492 479.4761
1019.495 479.4713
1019.48 479.4777
1019.485 479.4748
1019.501 479.4663
1019.511 479.4642
1019.49 479.4689
1019.475 479.4717
1019.468 479.4741
1019.494 479.48
1019.513 479.4751
1019.515 479.4678
1019.498 479.4701
1019.475 479.4753
1019.459 479.4886
1019.468 479.4941
1019.457 479.4866
1019.441 479.4832
1019.434 479.4802
1019.431 479.4757
1019.442 479.4754
1019.443 479.4738
1019.449 479.4746
1019.449 479.472
1019.47 479.4642
1019.467 479.4611
1019.435 479.4609
1019.45 479.4585
1019.464 479.463
1019.473 479.4604
1019.475 479.458
1019.462 479.4554
1019.455 479.4559
1019.457 479.4634
1019.45 479.4715
1019.445 479.4668
1019.445 479.4639
1019.45 479.4538
1019.444 479.4509
1019.467 479.4502
1019.474 479.45
1019.465 479.4573
1019.483 479.4538
1019.496 479.4573
1019.488 479.4561
1019.516 479.4598
1019.524 479.458
1019.533 479.4585
1019.537 479.4616
1019.56 479.4609
1019.567 479.4614
1019.565 479.4681
1019.566 479.4754
1019.526 479.4665
1019.525 479.4704
1019.497 479.4713
1019.509 479.4733
1019.487 479.4676
1019.509 479.4656
1019.49 479.4614
1019.492 479.4702
1019.472 479.4645
1019.465 479.4634
1019.44 479.4565
1019.431 479.4552
1019.399 479.4484
1019.394 479.4533
1019.385 479.4434
1019.391 479.4378
1019.386 479.425
1019.402 479.4198
1019.393 479.41
1019.387 479.4115
1019.385 479.4037
1019.39 479.3989
1019.371 479.3867
1019.364 479.3802
1019.355 479.3782
1019.354 479.3779
1019.34 479.3771
1019.325 479.3797
1019.301 479.3794
1019.316 479.3753
1019.326 479.367
1019.323 479.3651
1019.33 479.3578
1019.341 479.3578
1019.33 479.3524
1019.32 479.3503
1019.313 479.3442
1019.326 479.3333
1019.299 479.3283
1019.295 479.3302
1019.274 479.333
1019.274 479.326
1019.258 479.3219
1019.253 479.3268
1019.255 479.3385
1019.266 479.3356
1019.251 479.3342
1019.242 479.3345
1019.255 479.3384
1019.249 479.3442
1019.23 479.3478
1019.225 479.3504
1019.227 479.3467
1019.22 479.3436
1019.221 479.3433
1019.222 479.3474
1019.225 479.3571
1019.233 479.3576
1019.235 479.3564
1019.245 479.364
1019.268 479.3615
1019.251 479.3592
1019.255 479.3635
1019.259 479.3677
1019.257 479.3709
1019.262 479.3672
1019.252 479.369
1019.228 479.3667
1019.208 479.3722
1019.202 479.3872
1019.199 479.3924
1019.188 479.3963
1019.186 479.402
1019.188 479.4009
1019.225 479.3926
1019.243 479.3936
1019.259 479.3888
1019.27 479.3911
1019.29 479.3966
1019.286 479.4043
1019.241 479.4139
1019.234 479.4102
1019.232 479.4044
1019.223 479.4092
