1920 480
1898.309 458.5018
1898.123 458.4857
1898.191 458.4767
1898.149 458.4886
1898.192 458.4683
1898.178 458.4793
1898.149 458.4821
1898.139 458.5036
1898.13 458.4849
1898.15 458.4836
1898.134 458.4727
1898.13 458.4906
1898.191 458.4715
1898.149 458.4756
1898.144 458.4803
1898.196 458.472
1898.146 458.481
1898.16 458.4901
1898.157 458.4958
1898.187 458.4974
1898.202 458.4937
1898.25 458.478
1898.222 458.4839
1898.215 458.4958
1898.207 458.4857
1898.204 458.4907
1898.266 458.4766
1898.231 458.4968
1898.257 458.4839
1898.214 458.4961
1898.229 458.4885
1898.223 458.4904
1898.233 458.4946
1898.236 458.5013
1898.23 458.5011
1898.221 458.502
1898.237 458.4946
1898.254 458.4886
1898.25 458.4836
1898.227 458.4863
1898.221 458.4863
1898.226 458.4807
1898.234 458.4832
1898.231 458.4819
1898.232 458.4796
1898.216 458.48
1898.224 458.4771
1898.218 458.4819
1898.201 458.4872
1898.206 458.4911
1898.201 458.4935
1898.213 458.4968
1898.218 458.4995
1898.209 458.4964
1898.219 458.4938
1898.227 458.4958
1898.217 458.4862
1898.221 458.4814
1898.225 458.4878
1898.223 458.4911
1898.232 458.4938
1898.232 458.4946
1898.228 458.4969
1898.234 458.5027
1898.237 458.5054
1898.219 458.514
1898.2 458.5156
1898.208 458.513
1898.209 458.5122
1898.212 458.5093
1898.216 458.5015
1898.221 458.4973
1898.23 458.4891
1898.227 458.4867
1898.217 458.493
1898.202 458.502
1898.214 458.5078
1898.208 458.5101
1898.195 458.5068
1898.183 458.5083
1898.186 458.5109
1898.196 458.5119
1898.221 458.5024
1898.23 458.4938
1898.25 458.484
1898.268 458.4743
1898.28 458.4658
1898.276 458.4717
1898.257 458.4744
1898.245 458.4771
1898.231 458.4764
1898.241 458.473
1898.24 458.4766
1898.239 458.4749
1898.238 458.4725
1898.22 458.4803
1898.187 458.4811
1898.17 458.4852
1898.169 458.4886
1898.189 458.4902
1898.188 458.4927
1898.185 458.4906
1898.184 458.4922
1898.193 458.4878
1898.189 458.4928
1898.171 458.5013
1898.163 458.505
1898.147 458.5143
1898.141 458.5145
1898.155 458.5178
1898.164 458.5153
1898.138 458.515
1898.144 458.5107
1898.143 458.5117
1898.153 458.5101
1898.152 458.5153
1898.157 458.5202
1898.14 458.5225
1898.149 458.5195
1898.179 458.5176
1898.206 458.5112
1898.221 458.5057
1898.215 458.5117
1898.21 458.5098
1898.206 458.5094
1898.205 458.5128
1898.194 458.5187
1898.187 458.5204
1898.187 458.5252
1898.202 458.5285
1898.199 458.5308
1898.226 458.529
1898.241 458.5266
1898.23 458.536
1898.222 458.5386
1898.229 458.5374
1898.237 458.5365
1898.238 458.5329
1898.235 458.5282
1898.257 458.5236
1898.265 458.5143
1898.248 458.5174
1898.218 458.5256
1898.219 458.5299
1898.224 458.5241
1898.245 458.5239
1898.241 458.5317
1898.254 458.5313
1898.265 458.5384
1898.263 458.5475
1898.28 458.5392
1898.286 458.5293
1898.327 458.5249
1898.349 458.5146
1898.368 458.5115
1898.362 458.5197
1898.371 458.5176
1898.378 458.5189
1898.377 458.5207
1898.369 458.5184
1898.358 458.5195
1898.337 458.5251
1898.323 458.5273
1898.332 458.5239
1898.328 458.5221
1898.315 458.5282
1898.32 458.5221
1898.332 458.5166
1898.341 458.5078
1898.356 458.5008
1898.375 458.4949
1898.393 458.5005
1898.394 458.5
1898.394 458.502
1898.386 458.4992
1898.373 458.4987
1898.367 458.5031
1898.387 458.5034
1898.379 458.5003
1898.396 458.5081
1898.376 458.4901
1898.361 458.4989
1898.366 458.4998
1898.367 458.5018
1898.378 458.5036
1898.395 458.5037
1898.42 458.5072
1898.434 458.5002
1898.417 458.4914
1898.405 458.4876
1898.402 458.4883
1898.388 458.4927
1898.392 458.4863
1898.406 458.4683
1898.399 458.4564
1898.368 458.4613
1898.349 458.4585
1898.31 458.4701
1898.328 458.4754
1898.336 458.4597
1898.339 458.4517
1898.365 458.473
1898.37 458.4689
1898.425 458.4626
1898.411 458.4592
1898.397 458.4728
1898.408 458.4699
1898.394 458.4753
1898.389 458.4762
1898.38 458.4816
1898.413 458.4769
1898.424 458.4749
1898.424 458.4814
1898.419 458.4885
1898.416 458.4909
1898.418 458.4919
1898.382 458.5041
1898.37 458.5065
1898.378 458.5112
1898.37 458.5125
1898.355 458.5137
1898.341 458.5194
1898.34 458.5256
1898.324 458.533
1898.304 458.5345
1898.306 458.5352
1898.302 458.5378
1898.289 458.5373
1898.273 458.5446
1898.264 458.5466
1898.266 458.5425
1898.271 458.5431
1898.26 458.5415
1898.262 458.5371
1898.243 458.5399
1898.24 458.5418
1898.234 458.5379
1898.227 458.5421
1898.217 458.5498
1898.211 458.5514
1898.218 458.5539
1898.231 458.555
1898.254 458.5562
1898.243 458.5503
1898.234 458.5492
1898.22 458.5482
1898.229 458.5389
1898.24 458.5343
1898.235 458.535
1898.233 458.5334
1898.241 458.533
1898.269 458.5291
1898.289 458.5223
1898.27 458.5127
1898.276 458.5083
1898.295 458.5029
1898.308 458.5049
1898.329 458.5075
1898.334 458.511
1898.359 458.5077
1898.375 458.5044
1898.378 458.507
1898.373 458.5086
1898.385 458.5063
1898.371 458.5016
1898.358 458.5091
1898.347 458.5164
1898.335 458.5168
1898.345 458.5124
1898.362 458.5099
1898.367 458.5075
1898.35 458.5091
1898.352 458.5088
1898.354 458.506
1898.365 458.5026
1898.36 458.5037
1898.352 458.5062
1898.352 458.5034
1898.343 458.5016
1898.345 458.5003
1898.33 458.5
1898.314 458.5042
1898.3 458.5034
1898.283 458.5075
1898.287 458.5073
1898.305 458.5049
1898.306 458.5
1898.293 458.5021
1898.289 458.5031
1898.304 458.5036
1898.298 458.5112
1898.301 458.5121
1898.29 458.5125
1898.276 458.5179
1898.271 458.5189
1898.267 458.5197
1898.255 458.5238
1898.243 458.5244
1898.255 458.5161
1920 480
1898.309 458.5018
1898.123 458.4857
1898.191 458.4767
1898.149 458.4886
1898.192 458.4683
1898.178 458.4793
1898.149 458.4821
1898.139 458.5036
1898.13 458.4849
1898.15 458.4836
1898.134 458.4727
1898.13 458.4906
1898.191 458.4715
1898.149 458.4756
1898.144 458.4803
1898.196 458.472
1898.146 458.481
1898.16 458.4901
1898.157 458.4958
1898.187 458.4974
1898.202 458.4937
1898.25 458.478
1898.222 458.4839
1898.215 458.4958
1898.207 458.4857
1898.204 458.4907
1898.266 458.4766
1898.231 458.4968
1898.257 458.4839
1898.214 458.4961
1898.229 458.4885
1898.223 458.4904
1898.233 458.4946
1898.236 458.5013
1898.23 458.5011
1898.221 458.502
1898.237 458.4946
1898.254 458.4886
1898.25 458.4836
1898.227 458.4863
1898.221 458.4863
1898.226 458.4807
1898.234 458.4832
1898.231 458.4819
1898.232 458.4796
1898.216 458.48
1898.224 458.4771
1898.218 458.4819
1898.201 458.4872
1898.206 458.4911
1898.201 458.4935
1898.213 458.4968
1898.218 458.4995
1898.209 458.4964
1898.219 458.4938
1898.227 458.4958
1898.217 458.4862
1898.221 458.4814
1898.225 458.4878
1898.223 458.4911
1898.232 458.4938
1898.232 458.4946
1898.228 458.4969
1898.234 458.5027
1898.237 458.5054
1898.219 458.514
1898.2 458.5156
1898.208 458.513
1898.209 458.5122
1898.212 458.5093
1898.216 458.5015
1898.221 458.4973
1898.23 458.4891
1898.227 458.4867
1898.217 458.493
1898.202 458.502
1898.214 458.5078
1898.208 458.5101
1898.195 458.5068
1898.183 458.5083
1898.186 458.5109
1898.196 458.5119
1898.221 458.5024
1898.23 458.4938
1898.25 458.484
1898.268 458.4743
1898.28 458.4658
1898.276 458.4717
1898.257 458.4744
1898.245 458.4771
1898.231 458.4764
1898.241 458.473
1898.24 458.4766
1898.239 458.4749
1898.238 458.4725
1898.22 458.4803
1898.187 458.4811
1898.17 458.4852
1898.169 458.4886
1898.189 458.4902
1898.188 458.4927
1898.185 458.4906
1898.184 458.4922
1898.193 458.4878
1898.189 458.4928
1898.171 458.5013
1898.163 458.505
1898.147 458.5143
1898.141 458.5145
1898.155 458.5178
1898.164 458.5153
1898.138 458.515
1898.144 458.5107
1898.143 458.5117
1898.153 458.5101
1898.152 458.5153
1898.157 458.5202
1898.14 458.5225
1898.149 458.5195
1898.179 458.5176
1898.206 458.5112
1898.221 458.5057
1898.215 458.5117
1898.21 458.5098
1898.206 458.5094
1898.205 458.5128
1898.194 458.5187
1898.187 458.5204
1898.187 458.5252
1898.202 458.5285
1898.199 458.5308
1898.226 458.529
1898.241 458.5266
1898.23 458.536
1898.222 458.5386
1898.229 458.5374
1898.237 458.5365
1898.238 458.5329
1898.235 458.5282
1898.257 458.5236
1898.265 458.5143
1898.248 458.5174
1898.218 458.5256
1898.219 458.5299
1898.224 458.5241
1898.245 458.5239
1898.241 458.5317
1898.254 458.5313
1898.265 458.5384
1898.263 458.5475
1898.28 458.5392
1898.286 458.5293
1898.327 458.5249
1898.349 458.5146
1898.368 458.5115
1898.362 458.5197
1898.371 458.5176
1898.378 458.5189
1898.377 458.5207
1898.369 458.5184
1898.358 458.5195
1898.337 458.5251
1898.323 458.5273
1898.332 458.5239
1898.328 458.5221
1898.315 458.5282
1898.32 458.5221
1898.332 458.5166
1898.341 458.5078
1898.356 458.5008
1898.375 458.4949
1898.393 458.5005
1898.394 458.5
1898.394 458.502
1898.386 458.4992
1898.373 458.4987
1898.367 458.5031
1898.387 458.5034
1898.379 458.5003
1898.396 458.5081
1898.376 458.4901
1898.361 458.4989
1898.366 458.4998
1898.367 458.5018
1898.378 458.5036
1898.395 458.5037
1898.42 458.5072
1898.434 458.5002
1898.417 458.4914
1898.405 458.4876
1898.402 458.4883
1898.388 458.4927
1898.392 458.4863
1898.406 458.4683
1898.399 458.4564
1898.368 458.4613
1898.349 458.4585
1898.31 458.4701
1898.328 458.4754
1898.336 458.4597
1898.339 458.4517
1898.365 458.473
1898.37 458.4689
1898.425 458.4626
1898.411 458.4592
1898.397 458.4728
1898.408 458.4699
1898.394 458.4753
1898.389 458.4762
1898.38 458.4816
1898.413 458.4769
1898.424 458.4749
1898.424 458.4814
1898.419 458.4885
1898.416 458.4909
1898.418 458.4919
1898.382 458.5041
1898.37 458.5065
1898.378 458.5112
1898.37 458.5125
1898.355 458.5137
1898.341 458.5194
1898.34 458.5256
1898.324 458.533
1898.304 458.5345
1898.306 458.5352
1898.302 458.5378
1898.289 458.5373
1898.273 458.5446
1898.264 458.5466
1898.266 458.5425
1898.271 458.5431
1898.26 458.5415
1898.262 458.5371
1898.243 458.5399
1898.24 458.5418
1898.234 458.5379
1898.227 458.5421
1898.217 458.5498
1898.211 458.5514
1898.218 458.5539
1898.231 458.555
1898.254 458.5562
1898.243 458.5503
1898.234 458.5492
1898.22 458.5482
1898.229 458.5389
1898.24 458.5343
1898.235 458.535
1898.233 458.5334
1898.241 458.533
1898.269 458.5291
1898.289 458.5223
1898.27 458.5127
1898.276 458.5083
1898.295 458.5029
1898.308 458.5049
1898.329 458.5075
1898.334 458.511
1898.359 458.5077
1898.375 458.5044
1898.378 458.507
1898.373 458.5086
1898.385 458.5063
1898.371 458.5016
1898.358 458.5091
1898.347 458.5164
1898.335 458.5168
1898.345 458.5124
1898.362 458.5099
1898.367 458.5075
1898.35 458.5091
1898.352 458.5088
1898.354 458.506
1898.365 458.5026
1898.36 458.5037
1898.352 458.5062
1898.352 458.5034
1898.343 458.5016
1898.345 458.5003
1898.33 458.5
1898.314 458.5042
1898.3 458.5034
1898.283 458.5075
1898.287 458.5073
1898.305 458.5049
1898.306 458.5
1898.293 458.5021
1898.289 458.5031
1898.304 458.5036
1898.298 458.5112
1898.301 458.5121
1898.29 458.5125
1898.276 458.5179
1898.271 458.5189
1898.267 458.5197
1898.255 458.5238
1898.243 458.5244
1898.255 458.5161
1898.257 458.5194
1898.258 458.5181
1898.263 458.5098
1898.26 458.5088
1898.242 458.5145
1898.245 458.5099
1898.247 458.5115
1898.228 458.5195
1898.203 458.5213
1898.216 458.5158
1898.239 458.5161
1898.258 458.5223
1898.257 458.527
1898.276 458.5291
1898.296 458.5216
1898.314 458.5104
1898.313 458.5109
1898.321 458.5103
1898.313 458.5128
1898.306 458.5171
1898.302 458.5184
1898.309 458.5124
1898.36 458.5034
1898.367 458.5027
1898.368 458.4987
1898.362 458.4973
1898.368 458.5021
1898.376 458.502
1898.375 458.5013
1898.377 458.5059
1898.37 458.5106
1898.369 458.5137
1898.364 458.5166
1898.357 458.522
1898.362 458.5269
1898.351 458.5269
1898.322 458.5392
1898.321 458.5389
1898.31 458.5399
1898.312 458.5358
1898.3 458.5335
1898.287 458.534
1898.289 458.5269
1898.269 458.5298
1898.29 458.5273
1898.281 458.5342
1898.285 458.5389
1898.291 458.5418
1898.29 458.5448
1898.303 458.5366
1898.281 458.5342
1898.267 458.5389
1898.281 458.5414
1898.279 458.5421
1898.258 458.5469
1898.262 458.5421
1898.254 458.5425
1898.226 458.558
1898.152 458.6061
1897.953 458.7212
1897.533 459.0513
1896.977 459.465
1896.354 459.0057
1896.234 457.8152
1896.57 456.8065
1896.891 456.029
1897.298 455.8986
1897.708 456.5243
1897.93 457.5426
1897.737 458.5501
1897.249 459.0576
1897.012 458.9923
1897.174 458.7277
1897.375 458.6095
1897.42 458.6216
1897.491 458.6304
1897.638 458.4704
1897.624 458.1826
1897.507 457.8906
1897.52 457.7441
1897.575 457.7935
1897.562 457.9357
1897.538 457.943
1897.504 457.7834
1897.471 457.5423
1897.417 457.409
1897.379 457.5281
1897.334 457.8921
1897.364 458.3253
1897.377 458.5908
1897.36 458.6087
1897.357 458.3913
1897.404 458.0894
1897.43 457.9019
1897.437 457.8613
1897.434 457.9354
1897.308 458.0584
1897.164 458.1076
1897.13 457.986
1897.092 457.7578
1896.993 457.5407
1896.823 457.3861
1896.688 457.4339
1896.564 457.7573
1896.371 458.3561
1895.998 460.5497
1896.167 461.4398
1896.801 463.1299
1898.055 464.8455
1900.25 466.7332
1903.884 468.3385
1908.163 469.2126
1911.594 469.5687
1912.736 470.1265
1910.552 471.0177
1906.811 471.6042
1902.773 471.8691
1901.926 472.2401
1902.649 472.7217
1903.59 473.1953
1904.519 473.6738
1904.818 474.3093
1904.655 475.2825
1904.091 476.7251
1903.527 478.7061
1903.194 481.3675
1902.979 484.3655
1902.727 487.2057
1902.241 489.6692
1900.865 491.7004
1898.674 493.2845
1895.078 495.0879
1890.292 497.2029
1885.08 499.3254
1879.426 501.4822
1873.982 503.6179
1868.938 505.793
1864.242 508.2338
1859.889 510.7842
1855.557 513.3745
1851.136 516.2357
1847.398 518.7927
1844.539 520.7543
1840.527 523.5206
1836.408 526.3647
1832.549 529.1405
1828.941 531.9055
1825.651 534.5634
1822.507 537.0815
1819.202 539.7341
1816.136 542.1182
1813.272 544.2046
1809.804 546.8721
1807.25 549.0498
1805.032 550.994
1802.59 553.167
1800.222 555.3568
1797.813 557.5882
1795.348 559.7374
1792.914 561.7773
1790.51 563.6819
1788.038 565.6246
1785.709 567.5057
1783.599 569.4048
1781.673 571.3709
1780.025 573.2886
1778.678 574.8754
1777.195 576.6382
1775.783 578.0884
1774.238 579.463
1772.556 580.6882
1770.897 581.8248
1770.221 582.2869
1769.134 583.1711
1768.27 584.0648
1767.518 585.04
1766.651 586.0138
1765.554 586.9894
1764.354 587.837
1762.913 588.834
1761.478 589.8866
1760.232 591.0875
1758.802 592.6666
1757.616 594.0687
1756.395 595.4387
1754.905 596.851
1753.14 598.1604
1751.183 599.4025
1748.764 600.715
1746.803 601.781
1744.974 602.825
1743.359 603.9047
1741.987 604.952
1740.855 606.048
1739.706 607.1625
1738.634 608.0309
1737.661 608.6804
1736.568 609.3625
1735.622 609.9767
1734.884 610.6542
1734.44 611.3549
1734.148 612.0635
1733.861 612.6393
1733.39 613.1483
1732.543 613.6186
1731.496 614.0928
1730.216 614.8505
1729.235 615.7889
1728.54 616.8787
1728.014 618.0999
1727.549 619.3865
1727.029 620.72
1726.241 622.1005
1725.104 623.3418
1723.701 624.4512
1721.89 625.7032
1720.129 626.9745
1718.679 628.3582
1717.694 629.7234
1717.217 631.1988
1717.097 632.6458
1716.941 633.9294
1716.432 634.9793
1715.528 635.8591
1714.337 636.6327
1713.325 637.3047
1712.602 637.9512
1712.13 638.6943
1711.846 639.4674
1711.505 640.3339
1710.984 641.2221
1710.324 642.1725
1709.597 643.1603
1708.723 644.3364
1707.78 645.5529
1706.807 646.7761
1705.802 647.9232
1704.72 649.0086
1703.686 649.8757
1702.526 650.6746
1701.407 651.3669
1700.311 652.0153
1699.186 652.5972
1698.036 653.174
1697.087 653.6609
1696.299 654.1843
1695.806 654.6426
1695.372 655.0889
1694.945 655.4289
1694.548 655.6671
1694.178 655.8363
1693.82 655.9675
1693.54 656.0621
1693.212 656.1895
1692.995 656.2728
1692.951 656.3928
1692.932 656.5155
1692.811 656.6794
1692.697 656.7977
1692.573 656.8982
1692.525 656.9441
1692.471 656.9454
1692.42 656.9048
1692.402 656.8593
1692.441 656.819
1692.497 656.8295
1692.504 656.8362
1692.408 656.8439
1692.203 656.8069
1691.854 656.7316
1691.539 656.6614
1691.372 656.6334
1691.378 656.6247
1691.416 656.6211
1691.403 656.5914
1691.356 656.5333
1691.319 656.4545
1691.344 656.3784
1691.387 656.33
1691.367 656.2902
1691.285 656.2316
1691.057 656.1242
1690.82 655.9929
1690.767 655.8875
1690.853 655.796
1690.876 655.7526
1690.819 655.7283
1690.802 655.7224
1690.785 655.7523
1690.734 655.7982
1690.687 655.8519
1690.608 655.8895
1690.531 655.906
1690.44 655.902
1690.375 655.9017
1690.301 655.9089
1690.224 655.91
1690.131 655.9059
1690.086 655.8841
1690.131 655.8096
1898.257 458.5194
1898.258 458.5181
1898.263 458.5098
1898.26 458.5088
1898.242 458.5145
1898.245 458.5099
1898.247 458.5115
1898.228 458.5195
1898.203 458.5213
1898.216 458.5158
1898.239 458.5161
1898.258 458.5223
1898.257 458.527
1898.276 458.5291
1898.296 458.5216
1898.314 458.5104
1898.313 458.5109
1898.321 458.5103
1898.313 458.5128
1898.306 458.5171
1898.302 458.5184
1898.309 458.5124
1898.36 458.5034
1898.367 458.5027
1898.368 458.4987
1898.362 458.4973
1898.368 458.5021
1898.376 458.502
1898.375 458.5013
1898.377 458.5059
1898.37 458.5106
1898.369 458.5137
1898.364 458.5166
1898.357 458.522
1898.362 458.5269
1898.351 458.5269
1898.322 458.5392
1898.321 458.5389
1898.31 458.5399
1898.312 458.5358
1898.3 458.5335
1898.287 458.534
1898.289 458.5269
1898.269 458.5298
1898.29 458.5273
1898.281 458.5342
1898.285 458.5389
1898.291 458.5418
1898.29 458.5448
1898.303 458.5366
1898.281 458.5342
1898.267 458.5389
1898.281 458.5414
1898.279 458.5421
1898.258 458.5469
1898.262 458.5421
1898.254 458.5425
1898.226 458.558
1898.152 458.6061
1897.953 458.7212
1897.533 459.0513
1896.977 459.465
1896.354 459.0057
1896.234 457.8152
1896.57 456.8065
1896.891 456.029
1897.298 455.8986
1897.708 456.5243
1897.93 457.5426
1897.737 458.5501
1897.249 459.0576
1897.012 458.9923
1897.174 458.7277
1897.375 458.6095
1897.42 458.6216
1897.491 458.6304
1897.638 458.4704
1897.624 458.1826
1897.507 457.8906
1897.52 457.7441
1897.575 457.7935
1897.562 457.9357
1897.538 457.943
1897.504 457.7834
1897.471 457.5423
1897.417 457.409
1897.379 457.5281
1897.334 457.8921
1897.364 458.3253
1897.377 458.5908
1897.36 458.6087
1897.357 458.3913
1897.404 458.0894
1897.43 457.9019
1897.437 457.8613
1897.434 457.9354
1897.308 458.0584
1897.164 458.1076
1897.13 457.986
1897.092 457.7578
1896.993 457.5407
1896.823 457.3861
1896.688 457.4339
1896.564 457.7573
1896.371 458.3561
1895.998 460.5497
1896.167 461.4398
1896.801 463.1299
1898.055 464.8455
1900.25 466.7332
1903.884 468.3385
1908.163 469.2126
1911.594 469.5687
1912.736 470.1265
1910.552 471.0177
1906.811 471.6042
1902.773 471.8691
1901.926 472.2401
1902.649 472.7217
1903.59 473.1953
1904.519 473.6738
1904.818 474.3093
1904.655 475.2825
1904.091 476.7251
1903.527 478.7061
1903.194 481.3675
1902.979 484.3655
1902.727 487.2057
1902.241 489.6692
1900.865 491.7004
1898.674 493.2845
1895.078 495.0879
1890.292 497.2029
1885.08 499.3254
1879.426 501.4822
1873.982 503.6179
1868.938 505.793
1864.242 508.2338
1859.889 510.7842
1855.557 513.3745
1851.136 516.2357
1847.398 518.7927
1844.539 520.7543
1840.527 523.5206
1836.408 526.3647
1832.549 529.1405
1828.941 531.9055
1825.651 534.5634
1822.507 537.0815
1819.202 539.7341
1816.136 542.1182
1813.272 544.2046
1809.804 546.8721
1807.25 549.0498
1805.032 550.994
1802.59 553.167
1800.222 555.3568
1797.813 557.5882
1795.348 559.7374
1792.914 561.7773
1790.51 563.6819
1788.038 565.6246
1785.709 567.5057
1783.599 569.4048
1781.673 571.3709
1780.025 573.2886
1778.678 574.8754
1777.195 576.6382
1775.783 578.0884
1774.238 579.463
1772.556 580.6882
1770.897 581.8248
1770.221 582.2869
1769.134 583.1711
1768.27 584.0648
1767.518 585.04
1766.651 586.0138
1765.554 586.9894
1764.354 587.837
1762.913 588.834
1761.478 589.8866
1760.232 591.0875
1758.802 592.6666
1757.616 594.0687
1756.395 595.4387
1754.905 596.851
1753.14 598.1604
1751.183 599.4025
1748.764 600.715
1746.803 601.781
1744.974 602.825
1743.359 603.9047
1741.987 604.952
1740.855 606.048
1739.706 607.1625
1738.634 608.0309
1737.661 608.6804
1736.568 609.3625
1735.622 609.9767
1734.884 610.6542
1734.44 611.3549
1734.148 612.0635
1733.861 612.6393
1733.39 613.1483
1732.543 613.6186
1731.496 614.0928
1730.216 614.8505
1729.235 615.7889
1728.54 616.8787
1728.014 618.0999
1727.549 619.3865
1727.029 620.72
1726.241 622.1005
1725.104 623.3418
1723.701 624.4512
1721.89 625.7032
1720.129 626.9745
1718.679 628.3582
1717.694 629.7234
1717.217 631.1988
1717.097 632.6458
1716.941 633.9294
1716.432 634.9793
1715.528 635.8591
1714.337 636.6327
1713.325 637.3047
1712.602 637.9512
1712.13 638.6943
1711.846 639.4674
1711.505 640.3339
1710.984 641.2221
1710.324 642.1725
1709.597 643.1603
1708.723 644.3364
1707.78 645.5529
1706.807 646.7761
1705.802 647.9232
1704.72 649.0086
1703.686 649.8757
1702.526 650.6746
1701.407 651.3669
1700.311 652.0153
1699.186 652.5972
1698.036 653.174
1697.087 653.6609
1696.299 654.1843
1695.806 654.6426
1695.372 655.0889
1694.945 655.4289
1694.548 655.6671
1694.178 655.8363
1693.82 655.9675
1693.54 656.0621
1693.212 656.1895
1692.995 656.2728
1692.951 656.3928
1692.932 656.5155
1692.811 656.6794
1692.697 656.7977
1692.573 656.8982
1692.525 656.9441
1692.471 656.9454
1692.42 656.9048
1692.402 656.8593
1692.441 656.819
1692.497 656.8295
1692.504 656.8362
1692.408 656.8439
1692.203 656.8069
1691.854 656.7316
1691.539 656.6614
1691.372 656.6334
1691.378 656.6247
1691.416 656.6211
1691.403 656.5914
1691.356 656.5333
1691.319 656.4545
1691.344 656.3784
1691.387 656.33
1691.367 656.2902
1691.285 656.2316
1691.057 656.1242
1690.82 655.9929
1690.767 655.8875
1690.853 655.796
1690.876 655.7526
1690.819 655.7283
1690.802 655.7224
1690.785 655.7523
1690.734 655.7982
1690.687 655.8519
1690.608 655.8895
1690.531 655.906
1690.44 655.902
1690.375 655.9017
1690.301 655.9089
1690.224 655.91
1690.131 655.9059
1690.086 655.8841
1690.131 655.8096
1690.133 655.7663
1690.091 655.6893
1690.087 655.624
1690.06 655.5743
1690.029 655.5393
1689.954 655.4884
1689.81 655.4335
1689.658 655.3831
1689.459 655.3207
1689.222 655.2488
1688.845 655.1405
1688.461 655.0269
1688.108 654.9188
1687.848 654.8307
1687.743 654.7534
1687.873 654.6722
1688.033 654.5549
1688.084 654.3824
1688.003 654.2015
1687.873 654.039
1687.746 653.9161
1687.779 653.8425
1687.867 653.818
1687.97 653.7892
1687.964 653.7159
1687.867 653.6088
1687.722 653.4592
1687.636 653.3088
1687.607 653.1413
1687.643 652.9703
1687.69 652.7826
1687.781 652.5546
1687.84 652.3096
1687.875 652.0624
1687.87 651.8122
1687.854 651.5645
1687.858 651.3198
1687.883 651.0765
1687.961 650.8194
1688.091 650.5532
1688.227 650.2532
1688.356 649.9717
1688.412 649.7065
1688.423 649.4572
1688.351 649.2015
1688.31 648.9703
1688.36 648.7227
1688.494 648.499
1688.575 648.347
1688.721 648.1028
1688.832 647.7958
1688.937 647.4135
1689.076 646.9568
1689.355 646.4492
1689.765 645.9443
1690.349 645.3625
1691.041 644.6943
1691.872 643.8715
1692.889 642.8237
1693.812 641.833
1694.644 640.9019
1695.561 639.8906
1696.571 638.8319
1697.641 637.7613
1698.972 636.4531
1700.112 635.4124
1701.318 634.347
1702.621 633.2358
1703.871 632.1094
1705.035 630.9819
1706.281 629.752
1707.537 628.5659
1708.899 627.3108
1710.393 625.9314
1711.89 624.5093
1713.406 623.054
1714.988 621.495
1716.615 619.9631
1718.342 618.4128
1720.286 616.7562
1722.247 615.1101
1724.344 613.3873
1726.577 611.4741
1728.642 609.5876
1730.308 607.9211
1732.001 606.1161
1733.702 604.2455
1735.525 602.3165
1737.499 600.3797
1739.608 598.4834
1741.733 596.6387
1743.934 594.6617
1745.997 592.5765
1747.71 590.4963
1748.961 588.3333
1749.535 586.2797
1749.965 584.4507
1750.956 582.304
1752.823 579.9614
1755.343 577.6453
1758.33 575.19
1760.822 573.0379
1762.9 570.9471
1764.604 568.8839
1766.091 566.9081
1767.359 565.1556
1768.921 563.2272
1770.746 561.4765
1772.695 559.8927
1774.974 558.1324
1777.106 556.4542
1778.793 554.9087
1779.935 553.4343
1780.63 552.1672
1781.026 551.2975
1781.526 550.1674
1782.021 549.0778
1782.661 547.9429
1783.469 546.8631
1784.469 545.6602
1785.401 544.5611
1786.358 543.3176
1787.282 542.0742
1788.1 540.8058
1789.106 539.3856
1790.118 538.1546
1791.032 537.2866
1792.52 536.002
1793.799 535.0501
1795.335 533.8749
1797.083 532.5856
1798.88 531.2712
1800.606 530.0389
1802.321 528.7097
1804.164 527.2663
1806.036 525.592
1808.305 523.3875
1809.969 521.4965
1811.68 519.4349
1813.262 517.4321
1814.812 515.5687
1816.402 513.665
1818.214 511.6877
1819.826 509.9809
1821.075 508.5966
1822.265 507.1608
1823.301 505.8053
1824.3 504.4377
1825.365 503.1485
1826.354 502.0309
1827.168 501.1227
1827.754 500.273
1828.126 499.5642
1828.347 498.9341
1828.52 498.3319
1828.591 497.9504
1828.601 497.7613
1828.548 497.5584
1828.525 497.4742
1828.521 497.4231
1828.489 497.4359
1828.44 497.4423
1828.406 497.4827
1828.391 497.5373
1828.394 497.6204
1828.412 497.718
1828.432 497.8501
1828.466 497.9607
1828.492 498.0686
1828.511 498.1857
1828.472 498.3262
1828.414 498.442
1828.353 498.5502
1828.332 498.614
1828.304 498.6624
1828.271 498.6649
1828.272 498.649
1828.241 498.5844
1828.219 498.4785
1828.212 498.2899
1828.24 498.0498
1828.293 497.7347
1828.371 497.3911
1828.406 497.0862
1828.451 496.7964
1828.506 496.5094
1828.529 496.3097
1828.519 496.1244
1828.508 496.0198
1828.51 495.9563
1828.503 495.9531
1828.447 496.0015
1828.386 496.1313
1828.341 496.3049
1828.328 496.4564
1828.316 496.5791
1828.31 496.6984
1828.289 496.7835
1828.256 496.8702
1828.282 496.9081
1828.295 496.9184
1828.29 496.891
1828.279 496.8316
1828.315 496.7178
1828.314 496.5923
1828.32 496.4128
1828.378 496.1914
1828.411 495.9397
1828.474 495.6685
1828.557 495.4081
1828.649 495.1103
1828.818 494.7499
1829.005 494.389
1829.205 494.0229
1829.443 493.6585
1829.821 493.2421
1830.375 492.8061
1831.141 492.334
1831.915 491.9096
1832.666 491.4681
1833.252 491.1214
1833.774 490.8104
1834.169 490.5655
1834.407 490.3848
1834.473 490.2459
1834.488 490.061
1834.496 489.8583
1834.519 489.6363
1834.506 489.4434
1834.473 489.2482
1834.439 489.119
1834.443 489.0166
1834.427 488.9419
1834.393 488.8819
1834.383 488.8521
1834.369 488.8304
1834.374 488.8281
1834.372 488.8199
1834.353 488.8219
1834.345 488.7832
1834.337 488.7216
1834.299 488.6387
1834.269 488.5627
1834.254 488.1817
1834.272 488.0359
1834.284 487.8565
1834.265 487.6852
1834.252 487.5561
1834.261 487.4298
1834.262 487.328
1834.268 487.2057
1834.233 487.1297
1834.208 487.075
1834.191 487.0853
1834.167 487.1246
1834.173 487.2184
1834.128 487.451
1834.058 487.571
1833.981 487.5601
1834.028 487.2924
1834.083 487.0795
1834.119 486.8587
1834.187 486.6472
1834.235 486.439
1834.276 486.2319
1834.311 486.0548
1834.323 485.9078
1834.303 485.811
1834.306 485.7172
1834.314 485.6191
1834.312 485.5293
1834.273 485.4669
1834.239 485.414
1834.209 485.372
1834.2 485.3105
1834.204 485.2667
1834.196 485.2315
1834.169 485.238
1834.164 485.2433
1834.182 485.2693
1834.208 485.3003
1834.249 485.3487
1834.288 485.4124
1834.288 485.4622
1834.283 485.4991
1834.257 485.5189
1834.243 485.4998
1834.271 485.4517
1834.3 485.4747
1834.321 485.5501
1834.339 485.6898
1834.336 485.9129
1834.34 486.2026
1834.355 486.4932
1834.379 486.8763
1834.447 487.2962
1834.48 487.8566
1834.513 488.7402
1834.45 489.9104
1834.382 490.9716
1690.133 655.7663
1690.091 655.6893
1690.087 655.624
1690.06 655.5743
1690.029 655.5393
1689.954 655.4884
1689.81 655.4335
1689.658 655.3831
1689.459 655.3207
1689.222 655.2488
1688.845 655.1405
1688.461 655.0269
1688.108 654.9188
1687.848 654.8307
1687.743 654.7534
1687.873 654.6722
1688.033 654.5549
1688.084 654.3824
1688.003 654.2015
1687.873 654.039
1687.746 653.9161
1687.779 653.8425
1687.867 653.818
1687.97 653.7892
1687.964 653.7159
1687.867 653.6088
1687.722 653.4592
1687.636 653.3088
1687.607 653.1413
1687.643 652.9703
1687.69 652.7826
1687.781 652.5546
1687.84 652.3096
1687.875 652.0624
1687.87 651.8122
1687.854 651.5645
1687.858 651.3198
1687.883 651.0765
1687.961 650.8194
1688.091 650.5532
1688.227 650.2532
1688.356 649.9717
1688.412 649.7065
1688.423 649.4572
1688.351 649.2015
1688.31 648.9703
1688.36 648.7227
1688.494 648.499
1688.575 648.347
1688.721 648.1028
1688.832 647.7958
1688.937 647.4135
1689.076 646.9568
1689.355 646.4492
1689.765 645.9443
1690.349 645.3625
1691.041 644.6943
1691.872 643.8715
1692.889 642.8237
1693.812 641.833
1694.644 640.9019
1695.561 639.8906
1696.571 638.8319
1697.641 637.7613
1698.972 636.4531
1700.112 635.4124
1701.318 634.347
1702.621 633.2358
1703.871 632.1094
1705.035 630.9819
1706.281 629.752
1707.537 628.5659
1708.899 627.3108
1710.393 625.9314
1711.89 624.5093
1713.406 623.054
1714.988 621.495
1716.615 619.9631
1718.342 618.4128
1720.286 616.7562
1722.247 615.1101
1724.344 613.3873
1726.577 611.4741
1728.642 609.5876
1730.308 607.9211
1732.001 606.1161
1733.702 604.2455
1735.525 602.3165
1737.499 600.3797
1739.608 598.4834
1741.733 596.6387
1743.934 594.6617
1745.997 592.5765
1747.71 590.4963
1748.961 588.3333
1749.535 586.2797
1749.965 584.4507
1750.956 582.304
1752.823 579.9614
1755.343 577.6453
1758.33 575.19
1760.822 573.0379
1762.9 570.9471
1764.604 568.8839
1766.091 566.9081
1767.359 565.1556
1768.921 563.2272
1770.746 561.4765
1772.695 559.8927
1774.974 558.1324
1777.106 556.4542
1778.793 554.9087
1779.935 553.4343
1780.63 552.1672
1781.026 551.2975
1781.526 550.1674
1782.021 549.0778
1782.661 547.9429
1783.469 546.8631
1784.469 545.6602
1785.401 544.5611
1786.358 543.3176
1787.282 542.0742
1788.1 540.8058
1789.106 539.3856
1790.118 538.1546
1791.032 537.2866
1792.52 536.002
1793.799 535.0501
1795.335 533.8749
1797.083 532.5856
1798.88 531.2712
1800.606 530.0389
1802.321 528.7097
1804.164 527.2663
1806.036 525.592
1808.305 523.3875
1809.969 521.4965
1811.68 519.4349
1813.262 517.4321
1814.812 515.5687
1816.402 513.665
1818.214 511.6877
1819.826 509.9809
1821.075 508.5966
1822.265 507.1608
1823.301 505.8053
1824.3 504.4377
1825.365 503.1485
1826.354 502.0309
1827.168 501.1227
1827.754 500.273
1828.126 499.5642
1828.347 498.9341
1828.52 498.3319
1828.591 497.9504
1828.601 497.7613
1828.548 497.5584
1828.525 497.4742
1828.521 497.4231
1828.489 497.4359
1828.44 497.4423
1828.406 497.4827
1828.391 497.5373
1828.394 497.6204
1828.412 497.718
1828.432 497.8501
1828.466 497.9607
1828.492 498.0686
1828.511 498.1857
1828.472 498.3262
1828.414 498.442
1828.353 498.5502
1828.332 498.614
1828.304 498.6624
1828.271 498.6649
1828.272 498.649
1828.241 498.5844
1828.219 498.4785
1828.212 498.2899
1828.24 498.0498
1828.293 497.7347
1828.371 497.3911
1828.406 497.0862
1828.451 496.7964
1828.506 496.5094
1828.529 496.3097
1828.519 496.1244
1828.508 496.0198
1828.51 495.9563
1828.503 495.9531
1828.447 496.0015
1828.386 496.1313
1828.341 496.3049
1828.328 496.4564
1828.316 496.5791
1828.31 496.6984
1828.289 496.7835
1828.256 496.8702
1828.282 496.9081
1828.295 496.9184
1828.29 496.891
1828.279 496.8316
1828.315 496.7178
1828.314 496.5923
1828.32 496.4128
1828.378 496.1914
1828.411 495.9397
1828.474 495.6685
1828.557 495.4081
1828.649 495.1103
1828.818 494.7499
1829.005 494.389
1829.205 494.0229
1829.443 493.6585
1829.821 493.2421
1830.375 492.8061
1831.141 492.334
1831.915 491.9096
1832.666 491.4681
1833.252 491.1214
1833.774 490.8104
1834.169 490.5655
1834.407 490.3848
1834.473 490.2459
1834.488 490.061
1834.496 489.8583
1834.519 489.6363
1834.506 489.4434
1834.473 489.2482
1834.439 489.119
1834.443 489.0166
1834.427 488.9419
1834.393 488.8819
1834.383 488.8521
1834.369 488.8304
1834.374 488.8281
1834.372 488.8199
1834.353 488.8219
1834.345 488.7832
1834.337 488.7216
1834.299 488.6387
1834.269 488.5627
1834.254 488.1817
1834.272 488.0359
1834.284 487.8565
1834.265 487.6852
1834.252 487.5561
1834.261 487.4298
1834.262 487.328
1834.268 487.2057
1834.233 487.1297
1834.208 487.075
1834.191 487.0853
1834.167 487.1246
1834.173 487.2184
1834.128 487.451
1834.058 487.571
1833.981 487.5601
1834.028 487.2924
1834.083 487.0795
1834.119 486.8587
1834.187 486.6472
1834.235 486.439
1834.276 486.2319
1834.311 486.0548
1834.323 485.9078
1834.303 485.811
1834.306 485.7172
1834.314 485.6191
1834.312 485.5293
1834.273 485.4669
1834.239 485.414
1834.209 485.372
1834.2 485.3105
1834.204 485.2667
1834.196 485.2315
1834.169 485.238
1834.164 485.2433
1834.182 485.2693
1834.208 485.3003
1834.249 485.3487
1834.288 485.4124
1834.288 485.4622
1834.283 485.4991
1834.257 485.5189
1834.243 485.4998
1834.271 485.4517
1834.3 485.4747
1834.321 485.5501
1834.339 485.6898
1834.336 485.9129
1834.34 486.2026
1834.355 486.4932
1834.379 486.8763
1834.447 487.2962
1834.48 487.8566
1834.513 488.7402
1834.45 489.9104
1834.382 490.9716
1834.257 492.3956
1834.148 493.8932
1834.047 495.5704
1833.927 497.4283
1833.775 499.1599
1833.62 501.0109
1833.423 503.0009
1833.191 505.1234
1832.909 507.3612
1832.618 510.286
1832.41 512.8353
1832.077 515.3803
1831.603 518.1686
1830.916 521.3171
1830.104 524.2691
1828.941 527.3923
1827.532 530.39
1825.924 533.4383
1824.203 536.5698
1822.431 539.8317
1818.76 546.5259
1816.986 549.491
1814.854 553.0052
1812.804 556.3712
1810.731 560.0007
1808.604 563.779
1806.409 567.5223
1804.547 570.7427
1802.481 574.2523
1800.166 577.9075
1797.712 581.4783
1794.335 585.8418
1791.251 589.7247
1788.362 593.4899
1785.371 597.4562
1782.377 601.3639
1779.287 605.3058
1776.363 609.0414
1773.263 613.0665
1770.312 616.953
1767.41 620.5526
1764.355 623.9323
1761.059 627.1361
1757.657 630.1367
1754.358 633.0057
1751.414 635.753
1748.817 638.4188
1746.283 641.1232
1744.717 642.7316
1742.612 644.7407
1740.556 646.6368
1738.729 648.4266
1736.997 650.1622
1735.337 651.7208
1733.471 653.2303
1731.749 654.5283
1730.286 655.7567
1729.225 657.1399
1728.536 659.0941
1728.193 660.664
1727.73 662.1316
1726.989 663.571
1726.056 664.9187
1725.112 666.2262
1724.139 667.5043
1723.263 668.7422
1722.477 669.7938
1721.595 670.7522
1720.63 671.5425
1719.588 672.1392
1718.359 672.5874
1717.154 672.8671
1715.878 673.0982
1714.796 673.3102
1713.935 673.5821
1713.418 673.8487
1712.984 674.0969
1712.527 674.2462
1711.942 674.3272
1711.378 674.3694
1710.889 674.4471
1710.511 674.5746
1710.086 674.7504
1709.576 674.925
1709.041 675.0689
1708.536 675.158
1708.048 675.1807
1707.647 675.0955
1707.358 674.9622
1707.094 674.7111
1706.81 674.399
1706.626 674.0516
1706.458 673.6619
1706.225 673.2301
1705.889 672.7502
1705.442 672.2676
1704.815 671.7509
1704.192 671.2637
1703.378 670.6665
1702.758 670.1383
1702.373 669.6388
1702.217 669.1721
1702.168 668.7296
1702.059 668.2759
1701.91 667.7876
1701.778 667.2615
1701.636 666.7004
1701.497 666.02
1701.465 665.3892
1701.418 664.6757
1701.312 663.9479
1701.212 663.2886
1701.197 662.6096
1701.356 661.9102
1701.598 661.2343
1701.789 660.5866
1701.948 659.9327
1702.017 659.2836
1702.036 658.6393
1702.099 657.9722
1702.149 657.3394
1702.21 656.7244
1702.321 656.0651
1702.491 655.5346
1702.667 654.9687
1702.841 654.4678
1702.965 653.9423
1703.035 653.4576
1703.036 652.973
1703.104 652.4969
1703.273 652.0067
1703.472 651.5035
1703.665 650.9683
1703.822 650.3886
1703.887 649.9063
1703.974 649.4594
1704.12 649.1367
1704.316 648.9039
1704.532 648.6707
1704.696 648.4564
1704.657 648.1689
1704.474 647.8779
1704.304 647.5664
1704.254 647.3043
1704.291 647.0652
1704.416 646.884
1704.601 646.6787
1704.744 646.5106
1704.841 646.3015
1704.826 646.0861
1704.81 645.8467
1704.872 645.6515
1705.049 645.4561
1705.347 645.2714
1705.839 645.0604
1706.442 644.7994
1706.934 644.4997
1707.45 644.1235
1707.987 643.7212
1708.481 643.3155
1708.934 642.8329
1709.318 642.3251
1709.683 641.7788
1710.031 641.2502
1710.419 640.7555
1710.864 640.291
1711.453 639.8347
1712.201 639.3104
1713.01 638.709
1713.824 638.0381
1714.517 637.3805
1715.172 636.7287
1715.904 636.0659
1716.745 635.4177
1717.836 634.7114
1719.125 633.9844
1720.483 633.1607
1721.573 632.312
1722.426 631.3856
1723.104 630.4481
1723.78 629.4608
1724.527 628.5099
1725.535 627.5373
1726.66 626.6874
1727.789 625.9343
1728.865 625.1802
1729.85 624.4103
1730.791 623.6675
1731.769 622.9138
1732.796 622.1624
1733.86 621.3886
1734.923 620.5847
1735.859 619.8376
1736.699 619.0728
1737.525 618.2524
1738.266 617.5424
1739.084 616.7965
1739.922 616.0649
1740.811 615.3578
1741.656 614.6877
1742.282 614.0759
1742.772 613.5007
1743.19 612.9269
1743.597 612.386
1744.066 611.8404
1744.522 611.3495
1745.013 610.8849
1745.477 610.4834
1745.939 610.0986
1746.56 609.6956
1747.304 609.2269
1748.054 608.7694
1748.887 608.2128
1749.649 607.6296
1750.349 606.9852
1750.929 606.3708
1751.408 605.7843
1752.001 605.178
1752.771 604.5455
1753.872 603.8327
1755.215 603.0698
1756.689 602.2399
1757.949 601.4345
1759.097 600.5647
1760.202 599.6753
1761.341 598.7281
1762.65 597.6627
1764.016 596.5561
1765.468 595.3903
1766.849 594.256
1768.229 593.0595
1769.466 591.811
1770.629 590.624
1771.977 589.3207
1773.414 588.0201
1774.792 586.78
1776.062 585.5731
1776.929 584.5622
1777.611 583.6235
1778.269 582.6572
1778.934 581.7755
1779.769 580.9032
1780.466 580.2048
1781.094 579.6061
1781.53 579.1089
1781.864 578.6444
1782.252 578.1838
1782.698 577.8091
1783.269 577.4308
1783.951 577.0332
1784.585 576.6345
1785.036 576.2691
1785.262 575.9501
1785.389 575.631
1785.438 575.3308
1785.475 575.0706
1785.583 574.8753
1785.713 574.7192
1785.822 574.6043
1785.848 574.5132
1785.791 574.467
1785.799 574.4884
1785.823 574.5833
1785.866 574.736
1785.868 574.9484
1785.838 575.18
1785.747 575.4396
1785.692 575.685
1785.632 575.9605
1785.604 576.2549
1785.597 576.5594
1785.605 576.8221
1785.59 577.0883
1785.535 577.3491
1785.462 577.6259
1785.409 577.9088
1785.351 578.2201
1785.237 578.5506
1785.016 578.9738
1784.668 579.5208
1784.41 579.8475
1783.77 580.5417
1783.018 581.24
1781.954 582.1496
1780.764 583.196
1779.426 584.3589
1777.861 585.5898
1776.106 586.8265
1774.117 588.1893
1772.039 589.6077
1769.475 591.5511
1767.578 593.167
1765.513 594.7289
1763.278 596.0415
1760.674 597.3256
1758.297 598.5515
1756.039 599.8513
1754.288 600.9401
1752.552 602.051
1750.854 603.0423
1834.257 492.3956
1834.148 493.8932
1834.047 495.5704
1833.927 497.4283
1833.775 499.1599
1833.62 501.0109
1833.423 503.0009
1833.191 505.1234
1832.909 507.3612
1832.618 510.286
1832.41 512.8353
1832.077 515.3803
1831.603 518.1686
1830.916 521.3171
1830.104 524.2691
1828.941 527.3923
1827.532 530.39
1825.924 533.4383
1824.203 536.5698
1822.431 539.8317
1818.76 546.5259
1816.986 549.491
1814.854 553.0052
1812.804 556.3712
1810.731 560.0007
1808.604 563.779
1806.409 567.5223
1804.547 570.7427
1802.481 574.2523
1800.166 577.9075
1797.712 581.4783
1794.335 585.8418
1791.251 589.7247
1788.362 593.4899
1785.371 597.4562
1782.377 601.3639
1779.287 605.3058
1776.363 609.0414
1773.263 613.0665
1770.312 616.953
1767.41 620.5526
1764.355 623.9323
1761.059 627.1361
1757.657 630.1367
1754.358 633.0057
1751.414 635.753
1748.817 638.4188
1746.283 641.1232
1744.717 642.7316
1742.612 644.7407
1740.556 646.6368
1738.729 648.4266
1736.997 650.1622
1735.337 651.7208
1733.471 653.2303
1731.749 654.5283
1730.286 655.7567
1729.225 657.1399
1728.536 659.0941
1728.193 660.664
1727.73 662.1316
1726.989 663.571
1726.056 664.9187
1725.112 666.2262
1724.139 667.5043
1723.263 668.7422
1722.477 669.7938
1721.595 670.7522
1720.63 671.5425
1719.588 672.1392
1718.359 672.5874
1717.154 672.8671
1715.878 673.0982
1714.796 673.3102
1713.935 673.5821
1713.418 673.8487
1712.984 674.0969
1712.527 674.2462
1711.942 674.3272
1711.378 674.3694
1710.889 674.4471
1710.511 674.5746
1710.086 674.7504
1709.576 674.925
1709.041 675.0689
1708.536 675.158
1708.048 675.1807
1707.647 675.0955
1707.358 674.9622
1707.094 674.7111
1706.81 674.399
1706.626 674.0516
1706.458 673.6619
1706.225 673.2301
1705.889 672.7502
1705.442 672.2676
1704.815 671.7509
1704.192 671.2637
1703.378 670.6665
1702.758 670.1383
1702.373 669.6388
1702.217 669.1721
1702.168 668.7296
1702.059 668.2759
1701.91 667.7876
1701.778 667.2615
1701.636 666.7004
1701.497 666.02
1701.465 665.3892
1701.418 664.6757
1701.312 663.9479
1701.212 663.2886
1701.197 662.6096
1701.356 661.9102
1701.598 661.2343
1701.789 660.5866
1701.948 659.9327
1702.017 659.2836
1702.036 658.6393
1702.099 657.9722
1702.149 657.3394
1702.21 656.7244
1702.321 656.0651
1702.491 655.5346
1702.667 654.9687
1702.841 654.4678
1702.965 653.9423
1703.035 653.4576
1703.036 652.973
1703.104 652.4969
1703.273 652.0067
1703.472 651.5035
1703.665 650.9683
1703.822 650.3886
1703.887 649.9063
1703.974 649.4594
1704.12 649.1367
1704.316 648.9039
1704.532 648.6707
1704.696 648.4564
1704.657 648.1689
1704.474 647.8779
1704.304 647.5664
1704.254 647.3043
1704.291 647.0652
1704.416 646.884
1704.601 646.6787
1704.744 646.5106
1704.841 646.3015
1704.826 646.0861
1704.81 645.8467
1704.872 645.6515
1705.049 645.4561
1705.347 645.2714
1705.839 645.0604
1706.442 644.7994
1706.934 644.4997
1707.45 644.1235
1707.987 643.7212
1708.481 643.3155
1708.934 642.8329
1709.318 642.3251
1709.683 641.7788
1710.031 641.2502
1710.419 640.7555
1710.864 640.291
1711.453 639.8347
1712.201 639.3104
1713.01 638.709
1713.824 638.0381
1714.517 637.3805
1715.172 636.7287
1715.904 636.0659
1716.745 635.4177
1717.836 634.7114
1719.125 633.9844
1720.483 633.1607
1721.573 632.312
1722.426 631.3856
1723.104 630.4481
1723.78 629.4608
1724.527 628.5099
1725.535 627.5373
1726.66 626.6874
1727.789 625.9343
1728.865 625.1802
1729.85 624.4103
1730.791 623.6675
1731.769 622.9138
1732.796 622.1624
1733.86 621.3886
1734.923 620.5847
1735.859 619.8376
1736.699 619.0728
1737.525 618.2524
1738.266 617.5424
1739.084 616.7965
1739.922 616.0649
1740.811 615.3578
1741.656 614.6877
1742.282 614.0759
1742.772 613.5007
1743.19 612.9269
1743.597 612.386
1744.066 611.8404
1744.522 611.3495
1745.013 610.8849
1745.477 610.4834
1745.939 610.0986
1746.56 609.6956
1747.304 609.2269
1748.054 608.7694
1748.887 608.2128
1749.649 607.6296
1750.349 606.9852
1750.929 606.3708
1751.408 605.7843
1752.001 605.178
1752.771 604.5455
1753.872 603.8327
1755.215 603.0698
1756.689 602.2399
1757.949 601.4345
1759.097 600.5647
1760.202 599.6753
1761.341 598.7281
1762.65 597.6627
1764.016 596.5561
1765.468 595.3903
1766.849 594.256
1768.229 593.0595
1769.466 591.811
1770.629 590.624
1771.977 589.3207
1773.414 588.0201
1774.792 586.78
1776.062 585.5731
1776.929 584.5622
1777.611 583.6235
1778.269 582.6572
1778.934 581.7755
1779.769 580.9032
1780.466 580.2048
1781.094 579.6061
1781.53 579.1089
1781.864 578.6444
1782.252 578.1838
1782.698 577.8091
1783.269 577.4308
1783.951 577.0332
1784.585 576.6345
1785.036 576.2691
1785.262 575.9501
1785.389 575.631
1785.438 575.3308
1785.475 575.0706
1785.583 574.8753
1785.713 574.7192
1785.822 574.6043
1785.848 574.5132
1785.791 574.467
1785.799 574.4884
1785.823 574.5833
1785.866 574.736
1785.868 574.9484
1785.838 575.18
1785.747 575.4396
1785.692 575.685
1785.632 575.9605
1785.604 576.2549
1785.597 576.5594
1785.605 576.8221
1785.59 577.0883
1785.535 577.3491
1785.462 577.6259
1785.409 577.9088
1785.351 578.2201
1785.237 578.5506
1785.016 578.9738
1784.668 579.5208
1784.41 579.8475
1783.77 580.5417
1783.018 581.24
1781.954 582.1496
1780.764 583.196
1779.426 584.3589
1777.861 585.5898
1776.106 586.8265
1774.117 588.1893
1772.039 589.6077
1769.475 591.5511
1767.578 593.167
1765.513 594.7289
1763.278 596.0415
1760.674 597.3256
1758.297 598.5515
1756.039 599.8513
1754.288 600.9401
1752.552 602.051
1750.854 603.0423
1749.136 603.8774
1747.442 604.6335
1746.049 605.3963
1745.201 606.1553
1744.862 606.9227
1744.934 607.5934
1745.272 608.1155
1745.769 608.4734
1746.366 608.7308
1747.216 608.9225
1748.463 608.9576
1749.977 608.8199
1751.567 608.4928
1752.565 608.2297
1754.003 607.778
1755.524 607.2499
1757.344 606.5432
1759.754 605.6152
1762.717 604.5406
1765.919 603.3882
1769.248 602.0693
1772.217 600.5675
1774.623 598.9093
1776.992 596.7163
1778.52 594.9413
1780.086 593.0076
1781.535 591.17
1783.189 589.1469
1784.93 587.1703
1787.119 585.0104
1789.378 583.0883
1791.683 581.3344
1794.347 579.4323
1797.015 577.5002
1799.845 575.4307
1802.834 573.1471
1805.641 570.9094
1808.364 568.6887
1810.831 566.6146
1813.282 564.4929
1815.817 562.3683
1818.799 559.9857
1821.449 557.8602
1823.946 555.7065
1826.323 553.4882
1828.613 551.2238
1830.83 548.9722
1833.125 546.6783
1835.501 544.4738
1837.826 542.402
1840.449 540.2197
1843.166 537.9896
1845.75 535.7503
1848.078 533.4967
1849.874 531.4988
1851.333 529.5837
1852.538 527.6546
1853.465 525.8172
1854.474 523.9261
1855.626 521.9594
1856.813 520.1164
1857.933 518.4543
1858.853 517.0024
1859.57 515.5918
1860.081 514.3004
1860.44 512.9852
1860.656 511.8345
1860.779 510.8926
1860.861 509.912
1860.914 508.9261
1860.96 508.0835
1861.046 507.2934
1861.136 506.7104
1861.239 506.1722
1861.268 505.7442
1861.277 505.3351
1861.271 505.0336
1861.281 504.7764
1861.29 504.662
1861.284 504.5852
1861.294 504.6
1861.308 504.6105
1861.283 504.6479
1861.249 504.6704
1861.225 504.7235
1861.184 504.7691
1861.136 504.8884
1861.099 505.0327
1861.08 505.2015
1861.049 505.3436
1860.985 505.4486
1860.861 505.4814
1860.678 505.449
1860.419 505.3186
1860.189 505.1516
1859.99 504.9569
1859.899 504.7542
1859.821 504.5313
1859.746 504.2927
1859.644 504.0385
1859.55 503.8057
1859.527 503.6233
1859.523 503.52
1859.487 503.4749
1859.368 503.4426
1858.932 503.3073
1858.041 503.1583
1856.774 503.2166
1855.3 503.6094
1853.81 504.3284
1852.501 505.4501
1851.452 506.8919
1850.66 508.3641
1849.82 510.0502
1848.837 511.7865
1847.722 513.5858
1846.434 515.6924
1845.161 517.926
1843.729 520.4525
1842.211 523.2686
1840.898 526.2505
1839.681 529.3821
1838.457 532.8025
1837.187 536.3363
1835.775 539.7463
1834.044 543.1973
1832 546.7323
1829.696 550.4
1827.324 554.1091
1824.71 558.0489
1822.199 561.6443
1819.679 565.4322
1817.401 569.399
1815.291 573.593
1813.228 577.8103
1810.755 582.1677
1809.026 584.826
1806.289 588.648
1803.509 592.2563
1800.665 595.8563
1795.299 602.7797
1793.591 605.0001
1790.93 608.4085
1788.335 611.7083
1785.964 614.9761
1783.861 618.204
1781.76 621.6948
1779.846 624.8276
1777.958 627.49
1775.6 630.1019
1772.804 632.4428
1768.276 635.527
1765.24 637.4997
1762.735 639.2294
1760.613 640.916
1758.998 642.374
1757.715 643.6898
1756.661 644.7794
1755.406 645.6586
1754.161 646.1888
1752.784 646.6231
1751.602 646.8965
1750.901 647.052
1750.725 647.0625
1750.773 647.082
1750.81 646.9294
1750.384 646.6946
1749.635 646.2784
1748.622 645.7801
1747.524 645.2734
1746.744 644.9341
1746.71 644.7009
1747.241 644.8066
1747.958 645.1578
1748.42 645.5863
1748.596 645.9737
1747.824 646.2857
1747.124 646.6334
1746.516 647.1263
1746.313 647.7321
1746.364 648.4597
1746.59 649.1765
1746.742 649.832
1746.643 650.3348
1746.156 650.6709
1745.548 650.915
1745.142 651.2474
1745.168 651.7322
1745.369 652.3542
1745.419 652.9359
1745.132 653.4772
1744.649 653.9205
1744.028 654.3579
1743.446 654.821
1742.865 655.3481
1742.237 655.8993
1741.519 656.3953
1740.694 656.8467
1739.926 657.2375
1739.185 657.6243
1738.53 658.0057
1737.984 658.3405
1737.451 658.6399
1736.915 658.8966
1736.309 659.1398
1735.66 659.376
1734.972 659.5906
1734.331 659.7502
1733.767 659.8952
1733.407 660.0201
1733.223 660.1273
1733.16 660.226
1733.085 660.2916
1732.872 660.2537
1732.49 660.1045
1732.22 659.8923
1732.043 659.6534
1731.915 659.381
1731.637 659.0556
1731.257 658.7261
1731.063 658.3663
1731.065 658.024
1731.18 657.7051
1731.367 657.3511
1731.504 656.9454
1731.547 656.4918
1731.55 656.0451
1731.618 655.6357
1731.723 655.265
1731.87 654.8644
1732.042 654.4331
1732.166 653.9314
1732.189 653.3348
1732.157 652.7409
1732.182 652.1496
1732.306 651.6221
1732.498 651.1732
1732.734 650.7785
1732.744 650.3635
1732.543 649.9285
1732.297 649.4601
1732.106 648.9547
1732.09 648.4099
1732.268 647.895
1732.507 647.4036
1732.684 646.9183
1732.759 646.4507
1732.807 646.0571
1732.907 645.7147
1733.088 645.4434
1733.317 645.1719
1733.517 644.9406
1733.671 644.679
1733.709 644.4163
1733.629 644.1656
1733.482 643.9442
1733.322 643.7585
1733.214 643.6466
1733.192 643.6049
1733.246 643.6199
1733.324 643.6156
1733.313 643.5759
1733.226 643.4703
1733.188 643.3787
1733.203 643.3307
1733.24 643.3139
1733.251 643.3397
1733.259 643.4279
1733.299 643.5583
1733.294 643.7159
1733.179 643.8799
1732.919 644.0319
1732.602 644.1361
1732.243 644.2245
1731.975 644.3282
1731.726 644.4707
1731.533 644.6141
1731.296 644.7191
1731.016 644.7646
1730.777 644.7706
1730.411 644.7705
1730.189 644.7492
1730.14 644.7195
1730.214 644.6811
1730.346 644.6429
1730.465 644.5624
1730.459 644.4276
1730.406 644.2421
1730.469 644.1015
1730.603 644.0314
1730.7 644.048
1730.719 644.0812
1730.613 644.0684
1730.376 643.9611
1730.136 643.7798
1730.036 643.5936
1730.154 643.5012
1730.393 643.4567
1730.694 643.3947
1730.934 643.3235
1749.136 603.8774
1747.442 604.6335
1746.049 605.3963
1745.201 606.1553
1744.862 606.9227
1744.934 607.5934
1745.272 608.1155
1745.769 608.4734
1746.366 608.7308
1747.216 608.9225
1748.463 608.9576
1749.977 608.8199
1751.567 608.4928
1752.565 608.2297
1754.003 607.778
1755.524 607.2499
1757.344 606.5432
1759.754 605.6152
1762.717 604.5406
1765.919 603.3882
1769.248 602.0693
1772.217 600.5675
1774.623 598.9093
1776.992 596.7163
1778.52 594.9413
1780.086 593.0076
1781.535 591.17
1783.189 589.1469
1784.93 587.1703
1787.119 585.0104
1789.378 583.0883
1791.683 581.3344
1794.347 579.4323
1797.015 577.5002
1799.845 575.4307
1802.834 573.1471
1805.641 570.9094
1808.364 568.6887
1810.831 566.6146
1813.282 564.4929
1815.817 562.3683
1818.799 559.9857
1821.449 557.8602
1823.946 555.7065
1826.323 553.4882
1828.613 551.2238
1830.83 548.9722
1833.125 546.6783
1835.501 544.4738
1837.826 542.402
1840.449 540.2197
1843.166 537.9896
1845.75 535.7503
1848.078 533.4967
1849.874 531.4988
1851.333 529.5837
1852.538 527.6546
1853.465 525.8172
1854.474 523.9261
1855.626 521.9594
1856.813 520.1164
1857.933 518.4543
1858.853 517.0024
1859.57 515.5918
1860.081 514.3004
1860.44 512.9852
1860.656 511.8345
1860.779 510.8926
1860.861 509.912
1860.914 508.9261
1860.96 508.0835
1861.046 507.2934
1861.136 506.7104
1861.239 506.1722
1861.268 505.7442
1861.277 505.3351
1861.271 505.0336
1861.281 504.7764
1861.29 504.662
1861.284 504.5852
1861.294 504.6
1861.308 504.6105
1861.283 504.6479
1861.249 504.6704
1861.225 504.7235
1861.184 504.7691
1861.136 504.8884
1861.099 505.0327
1861.08 505.2015
1861.049 505.3436
1860.985 505.4486
1860.861 505.4814
1860.678 505.449
1860.419 505.3186
1860.189 505.1516
1859.99 504.9569
1859.899 504.7542
1859.821 504.5313
1859.746 504.2927
1859.644 504.0385
1859.55 503.8057
1859.527 503.6233
1859.523 503.52
1859.487 503.4749
1859.368 503.4426
1858.932 503.3073
1858.041 503.1583
1856.774 503.2166
1855.3 503.6094
1853.81 504.3284
1852.501 505.4501
1851.452 506.8919
1850.66 508.3641
1849.82 510.0502
1848.837 511.7865
1847.722 513.5858
1846.434 515.6924
1845.161 517.926
1843.729 520.4525
1842.211 523.2686
1840.898 526.2505
1839.681 529.3821
1838.457 532.8025
1837.187 536.3363
1835.775 539.7463
1834.044 543.1973
1832 546.7323
1829.696 550.4
1827.324 554.1091
1824.71 558.0489
1822.199 561.6443
1819.679 565.4322
1817.401 569.399
1815.291 573.593
1813.228 577.8103
1810.755 582.1677
1809.026 584.826
1806.289 588.648
1803.509 592.2563
1800.665 595.8563
1795.299 602.7797
1793.591 605.0001
1790.93 608.4085
1788.335 611.7083
1785.964 614.9761
1783.861 618.204
1781.76 621.6948
1779.846 624.8276
1777.958 627.49
1775.6 630.1019
1772.804 632.4428
1768.276 635.527
1765.24 637.4997
1762.735 639.2294
1760.613 640.916
1758.998 642.374
1757.715 643.6898
1756.661 644.7794
1755.406 645.6586
1754.161 646.1888
1752.784 646.6231
1751.602 646.8965
1750.901 647.052
1750.725 647.0625
1750.773 647.082
1750.81 646.9294
1750.384 646.6946
1749.635 646.2784
1748.622 645.7801
1747.524 645.2734
1746.744 644.9341
1746.71 644.7009
1747.241 644.8066
1747.958 645.1578
1748.42 645.5863
1748.596 645.9737
1747.824 646.2857
1747.124 646.6334
1746.516 647.1263
1746.313 647.7321
1746.364 648.4597
1746.59 649.1765
1746.742 649.832
1746.643 650.3348
1746.156 650.6709
1745.548 650.915
1745.142 651.2474
1745.168 651.7322
1745.369 652.3542
1745.419 652.9359
1745.132 653.4772
1744.649 653.9205
1744.028 654.3579
1743.446 654.821
1742.865 655.3481
1742.237 655.8993
1741.519 656.3953
1740.694 656.8467
1739.926 657.2375
1739.185 657.6243
1738.53 658.0057
1737.984 658.3405
1737.451 658.6399
1736.915 658.8966
1736.309 659.1398
1735.66 659.376
1734.972 659.5906
1734.331 659.7502
1733.767 659.8952
1733.407 660.0201
1733.223 660.1273
1733.16 660.226
1733.085 660.2916
1732.872 660.2537
1732.49 660.1045
1732.22 659.8923
1732.043 659.6534
1731.915 659.381
1731.637 659.0556
1731.257 658.7261
1731.063 658.3663
1731.065 658.024
1731.18 657.7051
1731.367 657.3511
1731.504 656.9454
1731.547 656.4918
1731.55 656.0451
1731.618 655.6357
1731.723 655.265
1731.87 654.8644
1732.042 654.4331
1732.166 653.9314
1732.189 653.3348
1732.157 652.7409
1732.182 652.1496
1732.306 651.6221
1732.498 651.1732
1732.734 650.7785
1732.744 650.3635
1732.543 649.9285
1732.297 649.4601
1732.106 648.9547
1732.09 648.4099
1732.268 647.895
1732.507 647.4036
1732.684 646.9183
1732.759 646.4507
1732.807 646.0571
1732.907 645.7147
1733.088 645.4434
1733.317 645.1719
1733.517 644.9406
1733.671 644.679
1733.709 644.4163
1733.629 644.1656
1733.482 643.9442
1733.322 643.7585
1733.214 643.6466
1733.192 643.6049
1733.246 643.6199
1733.324 643.6156
1733.313 643.5759
1733.226 643.4703
1733.188 643.3787
1733.203 643.3307
1733.24 643.3139
1733.251 643.3397
1733.259 643.4279
1733.299 643.5583
1733.294 643.7159
1733.179 643.8799
1732.919 644.0319
1732.602 644.1361
1732.243 644.2245
1731.975 644.3282
1731.726 644.4707
1731.533 644.6141
1731.296 644.7191
1731.016 644.7646
1730.777 644.7706
1730.411 644.7705
1730.189 644.7492
1730.14 644.7195
1730.214 644.6811
1730.346 644.6429
1730.465 644.5624
1730.459 644.4276
1730.406 644.2421
1730.469 644.1015
1730.603 644.0314
1730.7 644.048
1730.719 644.0812
1730.613 644.0684
1730.376 643.9611
1730.136 643.7798
1730.036 643.5936
1730.154 643.5012
1730.393 643.4567
1730.694 643.3947
1730.934 643.3235
1731.112 643.2294
1731.107 643.0869
1731.055 642.9022
1731.015 642.7045
1731.116 642.5388
1731.325 642.4191
1731.535 642.3433
1731.785 642.2981
1732.068 642.2986
1732.39 642.3383
1732.636 642.3768
1732.586 642.386
1732.405 642.3857
1732.307 642.4294
1732.348 642.5444
1732.383 642.6806
1732.37 642.7916
1732.316 642.8703
1732.229 642.9294
1732.118 642.9976
1732.171 643.0454
1732.302 643.1356
1732.519 643.2177
1732.672 643.3082
1732.767 643.3543
1732.734 643.4061
1732.661 643.4398
1732.589 643.5052
1732.544 643.5479
1732.508 643.6189
1732.566 643.707
1732.676 643.8135
1732.74 643.8939
1732.731 643.9072
1732.62 643.8972
1732.498 643.8912
1732.42 643.8817
1732.392 643.8835
1732.425 643.8843
1732.434 643.904
1732.45 643.9437
1732.476 643.9857
1732.514 644.047
1732.563 644.1043
1732.554 644.1227
1732.51 644.105
1732.482 644.0726
1732.53 644.0727
1732.655 644.1089
1732.754 644.1615
1732.728 644.2063
1732.591 644.2264
1732.473 644.2256
1732.407 644.2397
1732.328 644.275
1732.255 644.3409
1732.16 644.4174
1732.063 644.4883
1732.03 644.5355
1732.027 644.5694
1732.028 644.6052
1731.999 644.6233
1731.954 644.6251
1731.91 644.6329
1731.905 644.6589
1731.953 644.676
1731.96 644.6733
1731.934 644.6228
1731.804 644.531
1731.667 644.4319
1731.581 644.3768
1731.567 644.373
1731.599 644.3956
1731.604 644.4072
1731.554 644.364
1731.49 644.2933
1731.452 644.2316
1731.47 644.1957
1731.544 644.1836
1731.586 644.1825
1731.59 644.1522
1731.568 644.1155
1731.497 644.0844
1731.386 644.042
1731.231 643.9969
1731.078 643.957
1730.96 643.9305
1730.858 643.8965
1730.719 643.8381
1730.601 643.7612
1730.554 643.6857
1730.511 643.6384
1730.539 643.619
1730.617 643.6187
1730.729 643.6111
1730.773 643.5866
1730.746 643.5646
1730.713 643.5563
1730.722 643.5934
1730.729 643.6876
1730.715 643.7734
1730.658 643.8237
1730.542 643.8131
1730.394 643.7453
1730.239 643.6576
1730.094 643.5909
1730.019 643.5529
1730.02 643.5387
1730.074 643.5396
1730.141 643.5035
1730.146 643.4445
1730.172 643.38
1730.219 643.3142
1730.246 643.2332
1730.279 643.1808
1730.369 643.1495
1730.475 643.1226
1730.561 643.1005
1730.575 643.104
1730.645 643.105
1730.702 643.1055
1730.663 643.0808
1730.543 643.0231
1730.374 642.9775
1730.251 642.9655
1730.184 643.0181
1730.178 643.0764
1730.158 643.1089
1730.093 643.1113
1730.007 643.0776
1729.97 643.0648
1730.001 643.0591
1730.013 643.0659
1730.12 643.0781
1730.244 643.0903
1730.394 643.0898
1730.505 643.0478
1730.62 642.8874
1730.645 642.8396
1730.719 642.8102
1730.77 642.8052
1730.742 642.8077
1730.69 642.7961
1730.565 642.7859
1730.477 642.8029
1730.439 642.818
1730.505 642.8453
1730.641 642.8863
1730.853 642.965
1730.89 643.0134
1730.884 643.0713
1730.844 643.1494
1730.844 643.2441
1730.823 643.3248
1730.874 643.3945
1730.876 643.436
1730.832 643.457
1730.786 643.4935
1730.754 643.5524
1730.668 643.6083
1730.515 643.6554
1730.416 643.6847
1730.432 643.7439
1730.509 643.8345
1730.631 643.9082
1730.674 643.9501
1730.671 643.9551
1730.651 643.9659
1730.646 644.0084
1730.704 644.0934
1730.8 644.1945
1730.938 644.3214
1731.082 644.452
1731.153 644.5737
1731.063 644.6426
1730.722 644.6396
1730.302 644.5965
1730.051 644.5974
1729.999 644.6812
1730.046 644.789
1730.143 644.865
1730.09 644.8707
1729.922 644.8033
1729.78 644.7111
1729.7 644.6895
1729.809 644.7253
1730.01 644.7982
1730.253 644.832
1730.387 644.8001
1730.485 644.6815
1730.581 644.5219
1730.704 644.3814
1730.775 644.2928
1730.842 644.215
1730.807 644.1489
1730.753 644.0371
1730.668 643.9099
1730.556 643.7777
1730.373 643.653
1730.313 643.5786
1730.233 643.5177
1730.259 643.4411
1730.294 643.312
1730.424 643.1746
1730.633 643.0179
1731.003 642.9051
1731.31 642.8069
1731.497 642.7277
1731.472 642.6387
1731.365 642.5977
1731.171 642.606
1730.988 642.6557
1730.769 642.7267
1730.554 642.7926
1730.306 642.8045
1730.037 642.7682
1729.806 642.7383
1729.735 642.7638
1729.783 642.794
1729.869 642.8319
1729.826 642.8444
1729.731 642.8293
1729.619 642.814
1729.622 642.8405
1729.749 642.884
1729.971 642.9355
1730.121 642.9446
1730.107 642.9091
1730.036 642.857
1730.011 642.8224
1730.034 642.8198
1730.037 642.8373
1729.991 642.8596
1729.903 642.8793
1729.754 642.8636
1729.599 642.826
1729.488 642.8082
1729.516 642.8029
1729.643 642.8043
1729.763 642.7922
1729.86 642.7596
1729.937 642.7059
1730.021 642.6531
1730.143 642.6204
1730.217 642.5985
1730.255 642.5762
1730.251 642.5428
1730.195 642.5079
1730.148 642.4871
1730.145 642.4759
1730.172 642.4846
1730.192 642.5214
1730.187 642.5621
1730.145 642.5801
1730.03 642.5608
1729.922 642.5099
1729.876 642.4553
1729.958 642.4352
1730.166 642.4379
1730.339 642.4382
1730.454 642.4153
1730.474 642.3744
1730.384 642.3156
1730.266 642.2689
1730.189 642.2794
1730.178 642.3248
1730.219 642.3737
1730.307 642.4164
1730.367 642.44
1730.364 642.4324
1730.274 642.3842
1730.111 642.3403
1729.983 642.3369
1730.011 642.3661
1730.094 642.3998
1730.202 642.3929
1730.35 642.3602
1730.411 642.3278
1730.428 642.2973
1730.428 642.2845
1730.404 642.3038
1730.425 642.3372
1730.431 642.3836
1730.386 642.4249
1730.296 642.445
1730.088 642.4322
1729.889 642.404
1729.733 642.3777
1729.648 642.3684
1729.667 642.357
1729.799 642.3481
1729.918 642.3264
1730.035 642.2781
1730.03 642.179
1730.014 642.0328
1730.076 641.9411
1730.213 641.8898
1730.273 641.8192
1730.319 641.7385
1730.281 641.6395
1731.112 643.2294
1731.107 643.0869
1731.055 642.9022
1731.015 642.7045
1731.116 642.5388
1731.325 642.4191
1731.535 642.3433
1731.785 642.2981
1732.068 642.2986
1732.39 642.3383
1732.636 642.3768
1732.586 642.386
1732.405 642.3857
1732.307 642.4294
1732.348 642.5444
1732.383 642.6806
1732.37 642.7916
1732.316 642.8703
1732.229 642.9294
1732.118 642.9976
1732.171 643.0454
1732.302 643.1356
1732.519 643.2177
1732.672 643.3082
1732.767 643.3543
1732.734 643.4061
1732.661 643.4398
1732.589 643.5052
1732.544 643.5479
1732.508 643.6189
1732.566 643.707
1732.676 643.8135
1732.74 643.8939
1732.731 643.9072
1732.62 643.8972
1732.498 643.8912
1732.42 643.8817
1732.392 643.8835
1732.425 643.8843
1732.434 643.904
1732.45 643.9437
1732.476 643.9857
1732.514 644.047
1732.563 644.1043
1732.554 644.1227
1732.51 644.105
1732.482 644.0726
1732.53 644.0727
1732.655 644.1089
1732.754 644.1615
1732.728 644.2063
1732.591 644.2264
1732.473 644.2256
1732.407 644.2397
1732.328 644.275
1732.255 644.3409
1732.16 644.4174
1732.063 644.4883
1732.03 644.5355
1732.027 644.5694
1732.028 644.6052
1731.999 644.6233
1731.954 644.6251
1731.91 644.6329
1731.905 644.6589
1731.953 644.676
1731.96 644.6733
1731.934 644.6228
1731.804 644.531
1731.667 644.4319
1731.581 644.3768
1731.567 644.373
1731.599 644.3956
1731.604 644.4072
1731.554 644.364
1731.49 644.2933
1731.452 644.2316
1731.47 644.1957
1731.544 644.1836
1731.586 644.1825
1731.59 644.1522
1731.568 644.1155
1731.497 644.0844
1731.386 644.042
1731.231 643.9969
1731.078 643.957
1730.96 643.9305
1730.858 643.8965
1730.719 643.8381
1730.601 643.7612
1730.554 643.6857
1730.511 643.6384
1730.539 643.619
1730.617 643.6187
1730.729 643.6111
1730.773 643.5866
1730.746 643.5646
1730.713 643.5563
1730.722 643.5934
1730.729 643.6876
1730.715 643.7734
1730.658 643.8237
1730.542 643.8131
1730.394 643.7453
1730.239 643.6576
1730.094 643.5909
1730.019 643.5529
1730.02 643.5387
1730.074 643.5396
1730.141 643.5035
1730.146 643.4445
1730.172 643.38
1730.219 643.3142
1730.246 643.2332
1730.279 643.1808
1730.369 643.1495
1730.475 643.1226
1730.561 643.1005
1730.575 643.104
1730.645 643.105
1730.702 643.1055
1730.663 643.0808
1730.543 643.0231
1730.374 642.9775
1730.251 642.9655
1730.184 643.0181
1730.178 643.0764
1730.158 643.1089
1730.093 643.1113
1730.007 643.0776
1729.97 643.0648
1730.001 643.0591
1730.013 643.0659
1730.12 643.0781
1730.244 643.0903
1730.394 643.0898
1730.505 643.0478
1730.62 642.8874
1730.645 642.8396
1730.719 642.8102
1730.77 642.8052
1730.742 642.8077
1730.69 642.7961
1730.565 642.7859
1730.477 642.8029
1730.439 642.818
1730.505 642.8453
1730.641 642.8863
1730.853 642.965
1730.89 643.0134
1730.884 643.0713
1730.844 643.1494
1730.844 643.2441
1730.823 643.3248
1730.874 643.3945
1730.876 643.436
1730.832 643.457
1730.786 643.4935
1730.754 643.5524
1730.668 643.6083
1730.515 643.6554
1730.416 643.6847
1730.432 643.7439
1730.509 643.8345
1730.631 643.9082
1730.674 643.9501
1730.671 643.9551
1730.651 643.9659
1730.646 644.0084
1730.704 644.0934
1730.8 644.1945
1730.938 644.3214
1731.082 644.452
1731.153 644.5737
1731.063 644.6426
1730.722 644.6396
1730.302 644.5965
1730.051 644.5974
1729.999 644.6812
1730.046 644.789
1730.143 644.865
1730.09 644.8707
1729.922 644.8033
1729.78 644.7111
1729.7 644.6895
1729.809 644.7253
1730.01 644.7982
1730.253 644.832
1730.387 644.8001
1730.485 644.6815
1730.581 644.5219
1730.704 644.3814
1730.775 644.2928
1730.842 644.215
1730.807 644.1489
1730.753 644.0371
1730.668 643.9099
1730.556 643.7777
1730.373 643.653
1730.313 643.5786
1730.233 643.5177
1730.259 643.4411
1730.294 643.312
1730.424 643.1746
1730.633 643.0179
1731.003 642.9051
1731.31 642.8069
1731.497 642.7277
1731.472 642.6387
1731.365 642.5977
1731.171 642.606
1730.988 642.6557
1730.769 642.7267
1730.554 642.7926
1730.306 642.8045
1730.037 642.7682
1729.806 642.7383
1729.735 642.7638
1729.783 642.794
1729.869 642.8319
1729.826 642.8444
1729.731 642.8293
1729.619 642.814
1729.622 642.8405
1729.749 642.884
1729.971 642.9355
1730.121 642.9446
1730.107 642.9091
1730.036 642.857
1730.011 642.8224
1730.034 642.8198
1730.037 642.8373
1729.991 642.8596
1729.903 642.8793
1729.754 642.8636
1729.599 642.826
1729.488 642.8082
1729.516 642.8029
1729.643 642.8043
1729.763 642.7922
1729.86 642.7596
1729.937 642.7059
1730.021 642.6531
1730.143 642.6204
1730.217 642.5985
1730.255 642.5762
1730.251 642.5428
1730.195 642.5079
1730.148 642.4871
1730.145 642.4759
1730.172 642.4846
1730.192 642.5214
1730.187 642.5621
1730.145 642.5801
1730.03 642.5608
1729.922 642.5099
1729.876 642.4553
1729.958 642.4352
1730.166 642.4379
1730.339 642.4382
1730.454 642.4153
1730.474 642.3744
1730.384 642.3156
1730.266 642.2689
1730.189 642.2794
1730.178 642.3248
1730.219 642.3737
1730.307 642.4164
1730.367 642.44
1730.364 642.4324
1730.274 642.3842
1730.111 642.3403
1729.983 642.3369
1730.011 642.3661
1730.094 642.3998
1730.202 642.3929
1730.35 642.3602
1730.411 642.3278
1730.428 642.2973
1730.428 642.2845
1730.404 642.3038
1730.425 642.3372
1730.431 642.3836
1730.386 642.4249
1730.296 642.445
1730.088 642.4322
1729.889 642.404
1729.733 642.3777
1729.648 642.3684
1729.667 642.357
1729.799 642.3481
1729.918 642.3264
1730.035 642.2781
1730.03 642.179
1730.014 642.0328
1730.076 641.9411
1730.213 641.8898
1730.273 641.8192
1730.319 641.7385
1730.281 641.6395
1730.295 641.5392
1730.357 641.4715
1730.481 641.4501
1730.538 641.426
1730.619 641.3953
1730.657 641.3594
1730.748 641.3729
1730.774 641.4037
1730.801 641.3982
1730.71 641.3688
1730.659 641.3367
1730.641 641.3376
1730.732 641.3923
1730.786 641.4417
1730.812 641.453
1730.8 641.4453
1730.792 641.4494
1730.802 641.4784
1730.84 641.5283
1730.81 641.5785
1730.734 641.6121
1730.63 641.5945
1730.552 641.5353
1730.546 641.4348
1730.656 641.2952
1730.818 641.1807
1731.025 641.0942
1731.203 641.0108
1731.282 640.9118
1731.194 640.7679
1731.119 640.5807
1731.17 640.4272
1731.351 640.3007
1731.565 640.155
1731.764 639.9826
1731.89 639.7988
1732.012 639.6203
1732.209 639.4839
1732.416 639.408
1732.571 639.3615
1732.671 639.325
1732.672 639.2982
1732.687 639.302
1732.757 639.3572
1732.839 639.4621
1732.861 639.5478
1732.655 639.5579
1732.343 639.5049
1732.114 639.4863
1732.028 639.5111
1732.006 639.5488
1731.943 639.5548
1731.826 639.5037
1731.695 639.3774
1731.557 639.1826
1731.491 638.9732
1731.578 638.7655
1731.821 638.5596
1732.089 638.3372
1732.325 638.0639
1732.554 637.7489
1732.745 637.3845
1732.876 636.9662
1732.975 636.5695
1733.111 636.1683
1733.312 635.782
1733.571 635.4268
1733.894 635.0933
1734.206 634.7583
1734.431 634.3826
1734.679 633.9859
1734.96 633.6025
1735.346 633.1231
1735.782 632.5602
1736.222 631.9506
1736.712 631.2937
1737.213 630.5748
1737.639 629.9138
1738.044 629.16
1738.498 628.379
1739.11 627.6037
1739.965 626.7845
1740.768 625.9485
1741.543 625.0808
1742.219 624.0717
1742.839 623.0178
1743.501 621.9496
1744.224 620.9047
1744.995 619.9373
1745.773 619.0538
1746.522 618.0906
1747.139 617.1392
1747.757 616.0948
1748.363 614.9567
1748.986 613.854
1749.633 612.7993
1750.254 611.7549
1750.866 610.7573
1751.633 609.7705
1752.655 608.7975
1753.85 607.8752
1755.014 607.0555
1756.3 606.1061
1757.385 605.1257
1758.446 604.074
1759.543 603.0441
1760.878 602.0576
1762.472 601.1613
1764.366 600.354
1766.723 599.4545
1769.371 598.3169
1772.032 596.8516
1774.141 595.2682
1775.814 593.5156
1777.093 591.6848
1778.207 589.8464
1779.48 588.0699
1781.102 586.337
1783.263 584.491
1785.942 582.57
1789.138 580.5099
1792.797 578.3028
1796.31 576.1976
1799.943 573.8895
1803.358 571.4611
1806.5 568.8589
1809.245 566.2408
1811.917 563.4911
1814.649 560.7617
1817.501 558.0093
1820.035 555.542
1822.572 553.0569
1825.101 550.4206
1827.334 547.8989
1829.375 545.4926
1831.423 542.928
1833.26 540.3274
1834.856 537.744
1836.366 535.0897
1837.855 532.5963
1839.312 530.4033
1841.048 528.0709
1842.689 525.8663
1844.227 523.5657
1845.449 521.2881
1846.174 519.1613
1846.436 517.228
1846.391 515.2145
1846.245 513.2343
1846.181 511.4713
1846.228 509.5528
1846.328 507.6388
1846.448 505.8721
1846.633 503.9825
1846.861 502.2664
1847.098 500.5612
1847.385 498.9452
1847.711 497.58
1848.014 496.5317
1848.398 495.6302
1848.819 495.0272
1849.201 494.6736
1849.493 494.5938
1849.566 494.6786
1849.574 494.9963
1849.518 495.4317
1849.428 496.0613
1849.361 496.7689
1849.294 497.5363
1849.284 498.1804
1849.291 498.7211
1849.309 499.1005
1849.302 499.4653
1849.266 499.8407
1849.182 500.1351
1849.119 500.3349
1849.145 500.3901
1849.248 500.2649
1849.374 499.9891
1849.491 499.5679
1849.65 499.0283
1849.741 498.4312
1849.763 497.9311
1849.759 497.6103
1849.731 497.4341
1849.706 497.3672
1849.7 497.3177
1849.649 497.2385
1849.592 497.1087
1849.592 496.8974
1849.67 496.6203
1849.791 496.3155
1849.886 496.0882
1849.935 495.9808
1849.942 496.0041
1849.955 496.1325
1849.906 496.3358
1849.843 496.587
1849.756 496.8494
1849.714 497.0401
1849.689 497.1552
1849.688 497.1871
1849.673 497.1545
1849.651 497.104
1849.653 497.0578
1849.665 497.0421
1849.717 497.0359
1849.836 497.029
1849.951 497.0173
1850.012 497.0726
1849.991 497.2542
1849.962 497.621
1849.946 498.0481
1849.86 498.4999
1849.645 498.9826
1849.416 499.6711
1849.203 500.7872
1849.062 502.3962
1848.905 504.6414
1848.384 507.3326
1847.104 510.1873
1845.13 512.6344
1842.099 515.0762
1838.262 517.1979
1834.172 519.222
1829.769 521.599
1825.175 524.6292
1820.883 528.2731
1818.245 530.9537
1814.617 534.9715
1811.184 539.001
1807.701 542.989
1796.679 555.7027
1795.157 557.9303
1792.195 562.7258
1789.525 567.6429
1786.992 572.9186
1784.85 577.9037
1782.525 583.3119
1780.146 588.3611
1777.337 593.4007
1774.157 598.244
1771.133 602.5967
1768.438 607.0301
1766.248 611.3623
1762.916 618.8884
1759.053 625.7294
1754.929 631.579
1751.264 637.1304
1747.502 642.6477
1743.144 648.196
1737.885 653.4938
1735.319 655.9071
1732.635 658.1256
1729.635 660.2156
1726.582 662.2565
1723.762 664.026
1720.718 665.9275
1717.602 667.6957
1714.675 669.3073
1712.32 670.8953
1711.096 672.2712
1710.657 673.5859
1710.366 674.7682
1709.792 675.6265
1708.735 676.217
1707.31 676.6292
1706.046 676.9957
1705.367 677.3417
1705.599 677.5883
1706.727 677.7184
1708.597 677.6689
1710.914 677.301
1713.075 676.717
1715.382 675.9375
1717.611 675.108
1719.505 674.3204
1721.193 673.6214
1722.749 673.0175
1724.003 672.3148
1725.003 671.3702
1725.813 670.0582
1726.306 668.6131
1726.827 667.3159
1727.038 666.343
1725.476 665.442
1723.857 664.8605
1721.153 664.0021
1717.926 663.1134
1714.492 662.2301
1710.812 661.416
1707.329 660.6338
1703.661 659.8766
1699.599 659.2543
1694.817 658.8758
1688.449 658.5206
1682.553 658.2434
1677.487 658.1429
1671.478 658.2078
1665.326 658.3878
1730.295 641.5392
1730.357 641.4715
1730.481 641.4501
1730.538 641.426
1730.619 641.3953
1730.657 641.3594
1730.748 641.3729
1730.774 641.4037
1730.801 641.3982
1730.71 641.3688
1730.659 641.3367
1730.641 641.3376
1730.732 641.3923
1730.786 641.4417
1730.812 641.453
1730.8 641.4453
1730.792 641.4494
1730.802 641.4784
1730.84 641.5283
1730.81 641.5785
1730.734 641.6121
1730.63 641.5945
1730.552 641.5353
1730.546 641.4348
1730.656 641.2952
1730.818 641.1807
1731.025 641.0942
1731.203 641.0108
1731.282 640.9118
1731.194 640.7679
1731.119 640.5807
1731.17 640.4272
1731.351 640.3007
1731.565 640.155
1731.764 639.9826
1731.89 639.7988
1732.012 639.6203
1732.209 639.4839
1732.416 639.408
1732.571 639.3615
1732.671 639.325
1732.672 639.2982
1732.687 639.302
1732.757 639.3572
1732.839 639.4621
1732.861 639.5478
1732.655 639.5579
1732.343 639.5049
1732.114 639.4863
1732.028 639.5111
1732.006 639.5488
1731.943 639.5548
1731.826 639.5037
1731.695 639.3774
1731.557 639.1826
1731.491 638.9732
1731.578 638.7655
1731.821 638.5596
1732.089 638.3372
1732.325 638.0639
1732.554 637.7489
1732.745 637.3845
1732.876 636.9662
1732.975 636.5695
1733.111 636.1683
1733.312 635.782
1733.571 635.4268
1733.894 635.0933
1734.206 634.7583
1734.431 634.3826
1734.679 633.9859
1734.96 633.6025
1735.346 633.1231
1735.782 632.5602
1736.222 631.9506
1736.712 631.2937
1737.213 630.5748
1737.639 629.9138
1738.044 629.16
1738.498 628.379
1739.11 627.6037
1739.965 626.7845
1740.768 625.9485
1741.543 625.0808
1742.219 624.0717
1742.839 623.0178
1743.501 621.9496
1744.224 620.9047
1744.995 619.9373
1745.773 619.0538
1746.522 618.0906
1747.139 617.1392
1747.757 616.0948
1748.363 614.9567
1748.986 613.854
1749.633 612.7993
1750.254 611.7549
1750.866 610.7573
1751.633 609.7705
1752.655 608.7975
1753.85 607.8752
1755.014 607.0555
1756.3 606.1061
1757.385 605.1257
1758.446 604.074
1759.543 603.0441
1760.878 602.0576
1762.472 601.1613
1764.366 600.354
1766.723 599.4545
1769.371 598.3169
1772.032 596.8516
1774.141 595.2682
1775.814 593.5156
1777.093 591.6848
1778.207 589.8464
1779.48 588.0699
1781.102 586.337
1783.263 584.491
1785.942 582.57
1789.138 580.5099
1792.797 578.3028
1796.31 576.1976
1799.943 573.8895
1803.358 571.4611
1806.5 568.8589
1809.245 566.2408
1811.917 563.4911
1814.649 560.7617
1817.501 558.0093
1820.035 555.542
1822.572 553.0569
1825.101 550.4206
1827.334 547.8989
1829.375 545.4926
1831.423 542.928
1833.26 540.3274
1834.856 537.744
1836.366 535.0897
1837.855 532.5963
1839.312 530.4033
1841.048 528.0709
1842.689 525.8663
1844.227 523.5657
1845.449 521.2881
1846.174 519.1613
1846.436 517.228
1846.391 515.2145
1846.245 513.2343
1846.181 511.4713
1846.228 509.5528
1846.328 507.6388
1846.448 505.8721
1846.633 503.9825
1846.861 502.2664
1847.098 500.5612
1847.385 498.9452
1847.711 497.58
1848.014 496.5317
1848.398 495.6302
1848.819 495.0272
1849.201 494.6736
1849.493 494.5938
1849.566 494.6786
1849.574 494.9963
1849.518 495.4317
1849.428 496.0613
1849.361 496.7689
1849.294 497.5363
1849.284 498.1804
1849.291 498.7211
1849.309 499.1005
1849.302 499.4653
1849.266 499.8407
1849.182 500.1351
1849.119 500.3349
1849.145 500.3901
1849.248 500.2649
1849.374 499.9891
1849.491 499.5679
1849.65 499.0283
1849.741 498.4312
1849.763 497.9311
1849.759 497.6103
1849.731 497.4341
1849.706 497.3672
1849.7 497.3177
1849.649 497.2385
1849.592 497.1087
1849.592 496.8974
1849.67 496.6203
1849.791 496.3155
1849.886 496.0882
1849.935 495.9808
1849.942 496.0041
1849.955 496.1325
1849.906 496.3358
1849.843 496.587
1849.756 496.8494
1849.714 497.0401
1849.689 497.1552
1849.688 497.1871
1849.673 497.1545
1849.651 497.104
1849.653 497.0578
1849.665 497.0421
1849.717 497.0359
1849.836 497.029
1849.951 497.0173
1850.012 497.0726
1849.991 497.2542
1849.962 497.621
1849.946 498.0481
1849.86 498.4999
1849.645 498.9826
1849.416 499.6711
1849.203 500.7872
1849.062 502.3962
1848.905 504.6414
1848.384 507.3326
1847.104 510.1873
1845.13 512.6344
1842.099 515.0762
1838.262 517.1979
1834.172 519.222
1829.769 521.599
1825.175 524.6292
1820.883 528.2731
1818.245 530.9537
1814.617 534.9715
1811.184 539.001
1807.701 542.989
1796.679 555.7027
1795.157 557.9303
1792.195 562.7258
1789.525 567.6429
1786.992 572.9186
1784.85 577.9037
1782.525 583.3119
1780.146 588.3611
1777.337 593.4007
1774.157 598.244
1771.133 602.5967
1768.438 607.0301
1766.248 611.3623
1762.916 618.8884
1759.053 625.7294
1754.929 631.579
1751.264 637.1304
1747.502 642.6477
1743.144 648.196
1737.885 653.4938
1735.319 655.9071
1732.635 658.1256
1729.635 660.2156
1726.582 662.2565
1723.762 664.026
1720.718 665.9275
1717.602 667.6957
1714.675 669.3073
1712.32 670.8953
1711.096 672.2712
1710.657 673.5859
1710.366 674.7682
1709.792 675.6265
1708.735 676.217
1707.31 676.6292
1706.046 676.9957
1705.367 677.3417
1705.599 677.5883
1706.727 677.7184
1708.597 677.6689
1710.914 677.301
1713.075 676.717
1715.382 675.9375
1717.611 675.108
1719.505 674.3204
1721.193 673.6214
1722.749 673.0175
1724.003 672.3148
1725.003 671.3702
1725.813 670.0582
1726.306 668.6131
1726.827 667.3159
1727.038 666.343
1725.476 665.442
1723.857 664.8605
1721.153 664.0021
1717.926 663.1134
1714.492 662.2301
1710.812 661.416
1707.329 660.6338
1703.661 659.8766
1699.599 659.2543
1694.817 658.8758
1688.449 658.5206
1682.553 658.2434
1677.487 658.1429
1671.478 658.2078
1665.326 658.3878
1659.006 658.5334
1652.279 658.4311
1646.664 657.9877
1642.801 657.1522
1640.217 656.1187
1638.779 655.5529
1637.426 655.6014
1635.003 656.4237
1630.232 658.3865
1624.461 660.1694
1617.544 661.4049
1612.035 662.1161
1607.939 662.8249
1604.926 663.8151
1602.452 665.1672
1600.285 666.4547
1597.88 667.6306
1596.894 668.2646
1598.283 668.4462
1602.517 668.3412
1609.159 667.9879
1617.316 667.2787
1625.82 666.1506
1632.609 664.3676
1637.954 662.1602
1642.754 659.4024
1646.232 656.2626
1648.341 652.9588
1649.564 649.5305
1650.438 646.076
1651.415 643.1895
1653.009 640.3013
1655.625 637.4566
1659.039 634.7182
1662.166 631.7179
1663.553 628.6273
1663.606 625.1689
1663.244 620.9799
1663.684 616.4503
1666.209 611.9481
1671.328 606.9561
1676.63 602.4538
1680.854 598.4653
1684.787 593.6357
1687.64 588.8524
1690 584.2357
1692.85 579.8165
1697.133 575.9766
1702.354 572.9656
1708.449 570.2013
1714.759 567.2302
1720.407 563.8686
1725.747 559.9297
1731.23 556.1781
1736.913 553.4535
1744.162 550.9513
1753.13 548.2466
1762.169 545.8898
1770.893 543.6106
1777.519 541.2462
1781.874 538.5562
1784.859 535.2532
1787.118 531.7018
1790.143 528.1557
1794.63 524.6769
1799.22 521.6665
1803.261 518.5952
1806.195 515.6111
1808.214 512.5963
1809.636 510.0793
1810.59 507.6685
1811.155 505.7704
1811.7 503.5518
1812.542 495.749
1812.389 494.9041
1811.913 493.0706
1811.38 491.4513
1810.841 489.823
1810.439 488.3862
1810.512 487.2003
1811.302 486.1965
1812.605 485.0526
1814.404 483.8187
1816.247 482.1737
1817 480.3616
1816.788 477.9058
1817.156 474.0254
1818.558 470.0641
1818.443 466.2254
1816.339 462.7461
1813.74 460.5545
1811.256 459.5765
1810.342 459.7233
1810.438 459.9919
1810.453 460.4093
1810.257 460.8813
1810.05 461.4251
1809.829 461.9204
1809.625 462.3804
1809.459 462.6359
1809.301 462.8532
1809.156 462.9704
1809.15 463.0288
1809.193 462.9724
1809.274 462.8315
1809.363 462.6007
1809.422 462.3401
1809.456 461.9927
1809.509 461.6426
1809.535 461.2879
1809.548 461.0352
1809.554 460.8954
1809.558 460.8992
1809.532 461.0202
1809.48 461.2363
1809.415 461.4749
1809.35 461.6953
1809.275 461.8646
1809.211 462.0002
1809.141 462.0872
1809.087 462.1299
1809.07 462.1244
1809.078 462.092
1809.123 462.0112
1809.134 461.9276
1809.166 461.7964
1809.219 461.6493
1809.225 461.5109
1809.24 461.4074
1809.263 461.3467
1809.258 461.3258
1809.23 461.3486
1809.177 461.3963
1809.149 461.4727
1809.119 461.563
1809.074 461.6572
1809.06 461.7251
1809.075 461.7593
1809.057 461.7589
1809.064 461.7269
1809.065 461.6852
1809.073 461.6288
1809.074 461.5723
1809.049 461.5299
1809.039 461.487
1809.039 461.4518
1809.01 461.4352
1808.966 461.4343
1808.911 461.4518
1808.862 461.4937
1808.85 461.5381
1808.844 461.5806
1808.864 461.617
1808.855 461.6369
1808.869 461.6429
1808.872 461.637
1808.876 461.62
1808.894 461.5942
1808.907 461.5636
1808.915 461.5454
1808.935 461.5096
1808.954 461.4862
1808.977 461.474
1808.99 461.4728
1809.01 461.4718
1809.015 461.4819
1809.026 461.4951
1809.035 461.5158
1809.039 461.5281
1809.019 461.5427
1809.025 461.542
1809.03 461.5334
1809.051 461.5106
1809.052 461.4979
1809.057 461.4784
1809.052 461.4678
1809.028 461.4636
1809.024 461.4611
1809.005 461.4627
1808.961 461.4681
1808.951 461.4652
1808.92 461.4631
1808.907 461.4612
1808.889 461.4604
1808.877 461.466
1808.88 461.4642
1808.905 461.4624
1808.937 461.4484
1808.968 461.4312
1808.969 461.4196
1808.976 461.4082
1808.975 461.4031
1808.957 461.3958
1808.968 461.39
1808.97 461.3913
1808.968 461.4017
1808.979 461.3996
1808.964 461.3962
1808.975 461.3922
1808.959 461.3823
1808.983 461.3646
1808.964 461.3542
1808.943 461.3455
1808.951 461.3324
1808.944 461.3348
1808.929 461.3346
1808.92 461.3386
1808.916 461.3364
1808.916 461.3356
1808.904 461.3428
1808.891 461.3439
1808.897 461.3434
1808.909 461.3442
1808.881 461.3617
1808.856 461.3591
1808.844 461.3519
1808.885 461.3473
1808.911 461.3488
1808.951 461.3499
1808.969 461.3464
1808.965 461.3452
1808.973 461.3452
1808.966 461.3449
1808.958 461.3486
1808.946 461.3376
1808.967 461.3306
1808.951 461.3291
1808.952 461.3286
1808.961 461.3311
1808.947 461.3341
1808.931 461.3418
1808.938 461.3439
1808.929 461.3495
1808.938 461.3477
1808.965 461.3389
1808.967 461.3358
1808.962 461.3353
1808.957 461.3363
1808.96 461.3371
1808.964 461.3281
1808.982 461.3345
1808.986 461.3377
1809.005 461.3387
1809.01 461.345
1809.002 461.3488
1808.994 461.3522
1808.998 461.3431
1808.994 461.3405
1808.984 461.3371
1808.968 461.3379
1808.942 461.3433
1808.943 461.3423
1808.957 461.3386
1808.969 461.3444
1808.98 461.3389
1809 461.3332
1809.033 461.3242
1809.042 461.3348
1809.042 461.3289
1809.055 461.3296
1809.068 461.3249
1809.078 461.3306
1809.09 461.328
1809.088 461.3379
1809.087 461.3356
1809.083 461.3367
1809.079 461.3445
1809.068 461.3426
1809.09 461.3354
1809.06 461.3387
1809.05 461.3301
1809.064 461.327
1809.057 461.3267
1809.069 461.3294
1809.045 461.3335
1809.02 461.3444
1809.016 461.3447
1808.98 461.3533
1808.98 461.3558
1808.977 461.3613
1808.965 461.3628
1808.984 461.3657
1808.984 461.368
1809.012 461.3629
1809.021 461.3584
1809.02 461.3563
1809.02 461.3579
1809.037 461.3545
1809.032 461.361
1809.036 461.3662
1809.029 461.3672
1809.021 461.3698
1809.017 461.3696
1809.015 461.3738
1809.001 461.3784
1809.009 461.383
1809.026 461.3821
1809.024 461.3836
1809.016 461.3717
1809.035 461.3662
1659.006 658.5334
1652.279 658.4311
1646.664 657.9877
1642.801 657.1522
1640.217 656.1187
1638.779 655.5529
1637.426 655.6014
1635.003 656.4237
1630.232 658.3865
1624.461 660.1694
1617.544 661.4049
1612.035 662.1161
1607.939 662.8249
1604.926 663.8151
1602.452 665.1672
1600.285 666.4547
1597.88 667.6306
1596.894 668.2646
1598.283 668.4462
1602.517 668.3412
1609.159 667.9879
1617.316 667.2787
1625.82 666.1506
1632.609 664.3676
1637.954 662.1602
1642.754 659.4024
1646.232 656.2626
1648.341 652.9588
1649.564 649.5305
1650.438 646.076
1651.415 643.1895
1653.009 640.3013
1655.625 637.4566
1659.039 634.7182
1662.166 631.7179
1663.553 628.6273
1663.606 625.1689
1663.244 620.9799
1663.684 616.4503
1666.209 611.9481
1671.328 606.9561
1676.63 602.4538
1680.854 598.4653
1684.787 593.6357
1687.64 588.8524
1690 584.2357
1692.85 579.8165
1697.133 575.9766
1702.354 572.9656
1708.449 570.2013
1714.759 567.2302
1720.407 563.8686
1725.747 559.9297
1731.23 556.1781
1736.913 553.4535
1744.162 550.9513
1753.13 548.2466
1762.169 545.8898
1770.893 543.6106
1777.519 541.2462
1781.874 538.5562
1784.859 535.2532
1787.118 531.7018
1790.143 528.1557
1794.63 524.6769
1799.22 521.6665
1803.261 518.5952
1806.195 515.6111
1808.214 512.5963
1809.636 510.0793
1810.59 507.6685
1811.155 505.7704
1811.7 503.5518
1812.542 495.749
1812.389 494.9041
1811.913 493.0706
1811.38 491.4513
1810.841 489.823
1810.439 488.3862
1810.512 487.2003
1811.302 486.1965
1812.605 485.0526
1814.404 483.8187
1816.247 482.1737
1817 480.3616
1816.788 477.9058
1817.156 474.0254
1818.558 470.0641
1818.443 466.2254
1816.339 462.7461
1813.74 460.5545
1811.256 459.5765
1810.342 459.7233
1810.438 459.9919
1810.453 460.4093
1810.257 460.8813
1810.05 461.4251
1809.829 461.9204
1809.625 462.3804
1809.459 462.6359
1809.301 462.8532
1809.156 462.9704
1809.15 463.0288
1809.193 462.9724
1809.274 462.8315
1809.363 462.6007
1809.422 462.3401
1809.456 461.9927
1809.509 461.6426
1809.535 461.2879
1809.548 461.0352
1809.554 460.8954
1809.558 460.8992
1809.532 461.0202
1809.48 461.2363
1809.415 461.4749
1809.35 461.6953
1809.275 461.8646
1809.211 462.0002
1809.141 462.0872
1809.087 462.1299
1809.07 462.1244
1809.078 462.092
1809.123 462.0112
1809.134 461.9276
1809.166 461.7964
1809.219 461.6493
1809.225 461.5109
1809.24 461.4074
1809.263 461.3467
1809.258 461.3258
1809.23 461.3486
1809.177 461.3963
1809.149 461.4727
1809.119 461.563
1809.074 461.6572
1809.06 461.7251
1809.075 461.7593
1809.057 461.7589
1809.064 461.7269
1809.065 461.6852
1809.073 461.6288
1809.074 461.5723
1809.049 461.5299
1809.039 461.487
1809.039 461.4518
1809.01 461.4352
1808.966 461.4343
1808.911 461.4518
1808.862 461.4937
1808.85 461.5381
1808.844 461.5806
1808.864 461.617
1808.855 461.6369
1808.869 461.6429
1808.872 461.637
1808.876 461.62
1808.894 461.5942
1808.907 461.5636
1808.915 461.5454
1808.935 461.5096
1808.954 461.4862
1808.977 461.474
1808.99 461.4728
1809.01 461.4718
1809.015 461.4819
1809.026 461.4951
1809.035 461.5158
1809.039 461.5281
1809.019 461.5427
1809.025 461.542
1809.03 461.5334
1809.051 461.5106
1809.052 461.4979
1809.057 461.4784
1809.052 461.4678
1809.028 461.4636
1809.024 461.4611
1809.005 461.4627
1808.961 461.4681
1808.951 461.4652
1808.92 461.4631
1808.907 461.4612
1808.889 461.4604
1808.877 461.466
1808.88 461.4642
1808.905 461.4624
1808.937 461.4484
1808.968 461.4312
1808.969 461.4196
1808.976 461.4082
1808.975 461.4031
1808.957 461.3958
1808.968 461.39
1808.97 461.3913
1808.968 461.4017
1808.979 461.3996
1808.964 461.3962
1808.975 461.3922
1808.959 461.3823
1808.983 461.3646
1808.964 461.3542
1808.943 461.3455
1808.951 461.3324
1808.944 461.3348
1808.929 461.3346
1808.92 461.3386
1808.916 461.3364
1808.916 461.3356
1808.904 461.3428
1808.891 461.3439
1808.897 461.3434
1808.909 461.3442
1808.881 461.3617
1808.856 461.3591
1808.844 461.3519
1808.885 461.3473
1808.911 461.3488
1808.951 461.3499
1808.969 461.3464
1808.965 461.3452
1808.973 461.3452
1808.966 461.3449
1808.958 461.3486
1808.946 461.3376
1808.967 461.3306
1808.951 461.3291
1808.952 461.3286
1808.961 461.3311
1808.947 461.3341
1808.931 461.3418
1808.938 461.3439
1808.929 461.3495
1808.938 461.3477
1808.965 461.3389
1808.967 461.3358
1808.962 461.3353
1808.957 461.3363
1808.96 461.3371
1808.964 461.3281
1808.982 461.3345
1808.986 461.3377
1809.005 461.3387
1809.01 461.345
1809.002 461.3488
1808.994 461.3522
1808.998 461.3431
1808.994 461.3405
1808.984 461.3371
1808.968 461.3379
1808.942 461.3433
1808.943 461.3423
1808.957 461.3386
1808.969 461.3444
1808.98 461.3389
1809 461.3332
1809.033 461.3242
1809.042 461.3348
1809.042 461.3289
1809.055 461.3296
1809.068 461.3249
1809.078 461.3306
1809.09 461.328
1809.088 461.3379
1809.087 461.3356
1809.083 461.3367
1809.079 461.3445
1809.068 461.3426
1809.09 461.3354
1809.06 461.3387
1809.05 461.3301
1809.064 461.327
1809.057 461.3267
1809.069 461.3294
1809.045 461.3335
1809.02 461.3444
1809.016 461.3447
1808.98 461.3533
1808.98 461.3558
1808.977 461.3613
1808.965 461.3628
1808.984 461.3657
1808.984 461.368
1809.012 461.3629
1809.021 461.3584
1809.02 461.3563
1809.02 461.3579
1809.037 461.3545
1809.032 461.361
1809.036 461.3662
1809.029 461.3672
1809.021 461.3698
1809.017 461.3696
1809.015 461.3738
1809.001 461.3784
1809.009 461.383
1809.026 461.3821
1809.024 461.3836
1809.016 461.3717
1809.035 461.3662
