1920 480
751.2419 461.8094
689.4284 461.868
677.2468 461.8426
670.4294 461.8483
663.9489 461.8117
657.3112 461.8125
650.4066 461.846
643.0752 461.8335
636.8721 461.8291
629.9421 461.8423
623.9977 461.8237
617.3314 461.8371
610.6621 461.8517
603.5573 461.8364
486.6078 461.8351
480.9173 461.8511
474.5117 461.8527
467.9469 461.8431
461.0332 461.8141
454.6426 461.8478
448.0651 461.8372
441.2686 461.8439
434.8099 461.8493
427.9284 461.8735
421.2962 461.8675
414.3639 461.8716
407.8034 461.8564
400.8125 461.8558
393.8102 461.8551
386.9785 461.8584
380.694 461.8638
373.7624 461.8655
366.985 461.8535
360.2497 461.8475
354.0417 461.8395
347.2396 461.8356
340.7441 461.8312
334.3776 461.8276
327.57 461.8234
320.9085 461.8253
314.542 461.811
307.5472 461.8047
300.9066 461.8034
294.3844 461.7965
287.834 461.797
280.9574 461.7925
274.2031 461.7899
267.6611 461.7939
260.9505 461.8011
254.2728 461.7974
247.64 461.7923
240.5566 461.8066
234.5234 461.8092
229.3086 461.814
225.0358 461.8195
221.7533 461.8288
219.6019 461.826
218.8138 461.8167
218.7988 461.8206
218.7975 461.821
218.8076 461.8161
218.7904 461.8115
218.7741 461.8014
218.7669 461.8096
218.7891 461.8193
218.7975 461.8336
218.7949 461.8364
218.7734 461.8475
218.7656 461.853
218.7578 461.8525
218.7552 461.8558
218.7689 461.8618
218.778 461.8568
218.7881 461.8587
218.8125 461.8568
217.1074 461.8582
212.1582 461.8524
204.8672 461.8577
198.0072 461.8558
190.7822 461.856
183.7848 461.8493
176.4866 461.8485
169.3864 461.8483
162.3027 461.8468
155.0192 461.8457
148.2995 461.8508
140.9382 461.8548
133.6686 461.8514
126.8997 461.8457
119.543 461.841
112.2913 461.8361
105.6107 461.8343
98.21647 461.8364
91.29818 461.8343
84.19955 461.8372
77.26205 461.8398
69.93978 461.8327
62.80664 461.8338
55.46387 461.8315
48.64876 461.8304
41.45964 461.8389
34.86784 461.8382
27.59961 461.8377
20.67546 461.8366
13.56445 461.8346
6.688802 461.8311
3839.458 461.8279
3832.385 461.834
3825.426 461.8335
3818.283 461.8367
3811.053 461.8446
3803.597 461.8556
3797.482 461.8644
3790.198 461.8652
3783.378 461.8651
3775.71 461.876
3769.087 461.8841
3763.82 461.8792
3756.408 461.8673
3749.26 461.8655
3742.33 461.8729
3735.15 461.8737
3728.228 461.8809
3722.666 461.8822
3718.255 461.8677
3715.108 461.8675
3713.166 461.8662
3712.575 461.8592
3712.565 461.8488
3712.537 461.849
3712.52 461.8581
3712.519 461.8587
3712.502 461.8529
3712.496 461.8519
3712.511 461.8521
3712.509 461.8521
3712.529 461.8511
3712.527 461.8498
3712.533 461.8436
3712.516 461.8459
3712.524 461.8436
3712.521 461.8413
3712.516 461.8431
3712.513 461.8332
3712.518 461.8341
3712.534 461.833
3712.536 461.8358
3712.545 461.8428
3712.546 461.8475
3712.561 461.8511
3712.572 461.8486
3712.567 461.8579
3711.156 461.854
3708.245 461.8468
3702.448 461.8447
3695.705 461.8413
3689.575 461.8382
3682.496 461.8309
3675.888 461.8343
3669.229 461.8392
3662.445 461.8451
3655.635 461.8454
3649.206 461.8394
3642.491 461.8367
3635.997 461.8286
3629.084 461.8252
3622.476 461.8364
3615.052 461.8359
3608.791 461.8294
3602.208 461.8301
3595.565 461.8415
3588.907 461.8354
3582.103 461.8336
3575.133 461.834
3569.034 461.8309
3562.958 461.8345
3556.244 461.833
3549.885 461.8276
3543.973 461.8236
3540.046 461.8253
3537.746 461.8278
3537.529 461.8268
3537.535 461.8228
3537.53 461.8175
3537.541 461.8127
3537.552 461.8166
3537.558 461.8208
3537.54 461.8241
3537.546 461.818
3537.56 461.8175
3537.584 461.8123
3537.598 461.8198
3537.603 461.8242
3537.618 461.8213
3537.601 461.8255
3537.6 461.8258
3537.6 461.8232
3537.583 461.8231
3537.582 461.8203
3537.73 461.8311
3538.94 461.8372
3542.291 461.8407
3548.071 461.8402
3554.981 461.8457
3561.812 461.8398
3568.007 461.8447
3574.668 461.8534
3581.793 461.839
3588.906 461.8335
3596.065 461.834
3602.584 461.8327
3609.29 461.8231
3616.018 461.8257
3622.779 461.8288
3629.617 461.8228
3637.312 461.8228
3644.219 461.835
3650.655 461.8317
3657.402 461.8394
3664.835 461.8496
3671.293 461.8425
3677.749 461.8298
3684.822 461.8236
3691.546 461.8215
3698.298 461.8138
3705.194 461.8132
3712.09 461.8161
3719.31 461.8115
3726.089 461.8031
3732.866 461.7946
3739.549 461.7962
3747.187 461.7938
3753.687 461.7887
3761.064 461.7855
3768.208 461.7913
3774.572 461.7953
3780.954 461.7988
3787.815 461.7957
3794.481 461.7972
3801.705 461.7907
3808.484 461.7932
3815.683 461.7972
3822.648 461.798
3829.394 461.8084
3836.182 461.8138
3.224284 461.8188
10.19043 461.8112
17.21875 461.8065
24.71842 461.8018
32.25423 461.8081
37.22917 461.8127
43.96191 461.8179
50.78255 461.8161
58.03613 461.8177
65.08496 461.8228
72.14746 461.8234
78.38216 461.8203
85.35319 461.8211
91.98568 461.8205
98.71647 461.8213
106.2536 461.8236
113.4746 461.8273
119.8831 461.8255
126.8021 461.8369
133.459 461.8462
140.3971 461.841
147.7578 461.8377
154.5934 461.8421
161.4482 461.8467
168.3092 461.8543
175.0339 461.8677
182.1331 461.8753
189.3571 461.8755
196.4486 461.874
202.8226 461.8719
208.8177 461.8693
213.7949 461.8703
216.6426 461.8683
217.3428 461.8729
217.3151 461.8748
217.3021 461.8727
217.3171 461.8791
217.3014 461.8848
217.2734 461.8787
217.2559 461.8893
217.0771 461.8827
215.8164 461.8879
213.3092 461.8879
209.4512 461.8828
203.4876 461.8742
195.4453 461.8787
183.5547 461.8774
176.1338 461.8714
169.9935 461.8654
163.1309 461.8534
155.3516 461.8556
148.7878 461.8571
141.7171 461.8561
135.0625 461.8613
1920 480
751.2419 461.8094
689.4284 461.868
677.2468 461.8426
670.4294 461.8483
663.9489 461.8117
657.3112 461.8125
650.4066 461.846
643.0752 461.8335
636.8721 461.8291
629.9421 461.8423
623.9977 461.8237
617.3314 461.8371
610.6621 461.8517
603.5573 461.8364
486.6078 461.8351
480.9173 461.8511
474.5117 461.8527
467.9469 461.8431
461.0332 461.8141
454.6426 461.8478
448.0651 461.8372
441.2686 461.8439
434.8099 461.8493
427.9284 461.8735
421.2962 461.8675
414.3639 461.8716
407.8034 461.8564
400.8125 461.8558
393.8102 461.8551
386.9785 461.8584
380.694 461.8638
373.7624 461.8655
366.985 461.8535
360.2497 461.8475
354.0417 461.8395
347.2396 461.8356
340.7441 461.8312
334.3776 461.8276
327.57 461.8234
320.9085 461.8253
314.542 461.811
307.5472 461.8047
300.9066 461.8034
294.3844 461.7965
287.834 461.797
280.9574 461.7925
274.2031 461.7899
267.6611 461.7939
260.9505 461.8011
254.2728 461.7974
247.64 461.7923
240.5566 461.8066
234.5234 461.8092
229.3086 461.814
225.0358 461.8195
221.7533 461.8288
219.6019 461.826
218.8138 461.8167
218.7988 461.8206
218.7975 461.821
218.8076 461.8161
218.7904 461.8115
218.7741 461.8014
218.7669 461.8096
218.7891 461.8193
218.7975 461.8336
218.7949 461.8364
218.7734 461.8475
218.7656 461.853
218.7578 461.8525
218.7552 461.8558
218.7689 461.8618
218.778 461.8568
218.7881 461.8587
218.8125 461.8568
217.1074 461.8582
212.1582 461.8524
204.8672 461.8577
198.0072 461.8558
190.7822 461.856
183.7848 461.8493
176.4866 461.8485
169.3864 461.8483
162.3027 461.8468
155.0192 461.8457
148.2995 461.8508
140.9382 461.8548
133.6686 461.8514
126.8997 461.8457
119.543 461.841
112.2913 461.8361
105.6107 461.8343
98.21647 461.8364
91.29818 461.8343
84.19955 461.8372
77.26205 461.8398
69.93978 461.8327
62.80664 461.8338
55.46387 461.8315
48.64876 461.8304
41.45964 461.8389
34.86784 461.8382
27.59961 461.8377
20.67546 461.8366
13.56445 461.8346
6.688802 461.8311
3839.458 461.8279
3832.385 461.834
3825.426 461.8335
3818.283 461.8367
3811.053 461.8446
3803.597 461.8556
3797.482 461.8644
3790.198 461.8652
3783.378 461.8651
3775.71 461.876
3769.087 461.8841
3763.82 461.8792
3756.408 461.8673
3749.26 461.8655
3742.33 461.8729
3735.15 461.8737
3728.228 461.8809
3722.666 461.8822
3718.255 461.8677
3715.108 461.8675
3713.166 461.8662
3712.575 461.8592
3712.565 461.8488
3712.537 461.849
3712.52 461.8581
3712.519 461.8587
3712.502 461.8529
3712.496 461.8519
3712.511 461.8521
3712.509 461.8521
3712.529 461.8511
3712.527 461.8498
3712.533 461.8436
3712.516 461.8459
3712.524 461.8436
3712.521 461.8413
3712.516 461.8431
3712.513 461.8332
3712.518 461.8341
3712.534 461.833
3712.536 461.8358
3712.545 461.8428
3712.546 461.8475
3712.561 461.8511
3712.572 461.8486
3712.567 461.8579
3711.156 461.854
3708.245 461.8468
3702.448 461.8447
3695.705 461.8413
3689.575 461.8382
3682.496 461.8309
3675.888 461.8343
3669.229 461.8392
3662.445 461.8451
3655.635 461.8454
3649.206 461.8394
3642.491 461.8367
3635.997 461.8286
3629.084 461.8252
3622.476 461.8364
3615.052 461.8359
3608.791 461.8294
3602.208 461.8301
3595.565 461.8415
3588.907 461.8354
3582.103 461.8336
3575.133 461.834
3569.034 461.8309
3562.958 461.8345
3556.244 461.833
3549.885 461.8276
3543.973 461.8236
3540.046 461.8253
3537.746 461.8278
3537.529 461.8268
3537.535 461.8228
3537.53 461.8175
3537.541 461.8127
3537.552 461.8166
3537.558 461.8208
3537.54 461.8241
3537.546 461.818
3537.56 461.8175
3537.584 461.8123
3537.598 461.8198
3537.603 461.8242
3537.618 461.8213
3537.601 461.8255
3537.6 461.8258
3537.6 461.8232
3537.583 461.8231
3537.582 461.8203
3537.73 461.8311
3538.94 461.8372
3542.291 461.8407
3548.071 461.8402
3554.981 461.8457
3561.812 461.8398
3568.007 461.8447
3574.668 461.8534
3581.793 461.839
3588.906 461.8335
3596.065 461.834
3602.584 461.8327
3609.29 461.8231
3616.018 461.8257
3622.779 461.8288
3629.617 461.8228
3637.312 461.8228
3644.219 461.835
3650.655 461.8317
3657.402 461.8394
3664.835 461.8496
3671.293 461.8425
3677.749 461.8298
3684.822 461.8236
3691.546 461.8215
3698.298 461.8138
3705.194 461.8132
3712.09 461.8161
3719.31 461.8115
3726.089 461.8031
3732.866 461.7946
3739.549 461.7962
3747.187 461.7938
3753.687 461.7887
3761.064 461.7855
3768.208 461.7913
3774.572 461.7953
3780.954 461.7988
3787.815 461.7957
3794.481 461.7972
3801.705 461.7907
3808.484 461.7932
3815.683 461.7972
3822.648 461.798
3829.394 461.8084
3836.182 461.8138
3.224284 461.8188
10.19043 461.8112
17.21875 461.8065
24.71842 461.8018
32.25423 461.8081
37.22917 461.8127
43.96191 461.8179
50.78255 461.8161
58.03613 461.8177
65.08496 461.8228
72.14746 461.8234
78.38216 461.8203
85.35319 461.8211
91.98568 461.8205
98.71647 461.8213
106.2536 461.8236
113.4746 461.8273
119.8831 461.8255
126.8021 461.8369
133.459 461.8462
140.3971 461.841
147.7578 461.8377
154.5934 461.8421
161.4482 461.8467
168.3092 461.8543
175.0339 461.8677
182.1331 461.8753
189.3571 461.8755
196.4486 461.874
202.8226 461.8719
208.8177 461.8693
213.7949 461.8703
216.6426 461.8683
217.3428 461.8729
217.3151 461.8748
217.3021 461.8727
217.3171 461.8791
217.3014 461.8848
217.2734 461.8787
217.2559 461.8893
217.0771 461.8827
215.8164 461.8879
213.3092 461.8879
209.4512 461.8828
203.4876 461.8742
195.4453 461.8787
183.5547 461.8774
176.1338 461.8714
169.9935 461.8654
163.1309 461.8534
155.3516 461.8556
148.7878 461.8571
141.7171 461.8561
135.0625 461.8613
127.9108 461.8647
120.9375 461.8592
113.4046 461.8494
105.7311 461.8438
97.83366 461.847
90.56836 461.8478
83.58138 461.8468
76.24023 461.846
68.45963 461.8419
61.2959 461.8446
54.63151 461.8423
47.90495 461.8504
40.77474 461.849
33.50651 461.8441
26.22721 461.847
19.09115 461.849
12.20117 461.8459
4.917318 461.8491
3837.964 461.8481
3830.439 461.8425
3823.341 461.8425
3815.989 461.8384
3809.116 461.8335
3801.766 461.8223
3794.837 461.8322
3787.376 461.827
3779.84 461.8302
3773.366 461.8353
3766.467 461.8423
3759.938 461.8491
3754.199 461.8436
3750.478 461.8299
3748.469 461.8273
3748.475 461.8395
3748.485 461.8412
3748.468 461.8421
3748.489 461.8405
3748.471 461.8463
3748.445 461.8472
3748.431 461.8454
3748.417 461.8524
3748.409 461.8623
3748.404 461.867
3748.413 461.8721
3748.425 461.87
3748.425 461.8628
3748.417 461.8664
3748.416 461.856
3748.399 461.8491
3748.398 461.8519
3748.405 461.8546
3748.359 461.8529
3748.356 461.8499
3748.365 461.847
3748.349 461.8486
3748.346 461.8504
3748.336 461.8563
3748.328 461.8525
3748.326 461.8394
3748.34 461.8341
3748.329 461.8314
3748.342 461.8164
3748.354 461.8159
3748.382 461.8149
3747.449 461.8215
3744.707 461.826
3740.39 461.8304
3734.775 461.84
3727.879 461.8465
3720.779 461.8428
3713.136 461.8498
3706.144 461.8426
3699.771 461.843
3692.987 461.8335
3686.203 461.8198
3678.804 461.8184
3671.537 461.8283
3664.683 461.8279
3657.64 461.8278
3650.668 461.8236
3643.931 461.8148
3636.258 461.8019
3628.979 461.8006
3621.581 461.7979
3615.332 461.7951
3608.605 461.7892
3601.544 461.7925
3594.591 461.7913
3586.968 461.792
3580.65 461.7896
3574.179 461.7881
3567.163 461.7905
3560.498 461.7959
3553.199 461.8076
3545.914 461.8133
3538.303 461.8086
3532.27 461.811
3525.231 461.8076
3518.081 461.8089
3511.002 461.8026
3503.618 461.8086
3497.09 461.8141
3490.302 461.825
3483.383 461.8372
3476.354 461.8398
3469.169 461.8413
3462.023 461.8403
3454.943 461.8493
3447.784 461.8522
3440.931 461.8486
3434.117 461.841
3426.504 461.8419
3417.464 461.8353
3412.488 461.8419
3407.579 461.8431
3400.843 461.8494
3395.097 461.8516
3391.136 461.8467
3390.447 461.8462
3390.441 461.8418
3390.455 461.8289
3390.45 461.8299
3390.44 461.8385
3390.473 461.8371
3390.482 461.8416
3390.469 461.8477
3390.464 461.8426
3390.462 461.8304
3390.449 461.8364
3390.459 461.8421
3390.485 461.8397
3391.052 461.8423
3392.712 461.8438
3395.813 461.8281
3400.021 461.8232
3405.498 461.8241
3412.1 461.8203
3419.294 461.8169
3426.67 461.8086
3434.512 461.8022
3440.982 461.805
3447.548 461.8048
3454.344 461.8003
3461.591 461.7979
3468.59 461.7977
3476.769 461.8052
3483.529 461.8042
3490.161 461.8008
3496.675 461.8066
3504.068 461.8094
3511.088 461.8153
3518.737 461.8175
3525.402 461.833
3531.862 461.8336
3538.893 461.8447
3546.357 461.8485
3553.399 461.8467
3561.08 461.8447
3568.059 461.8353
3574.909 461.8255
3581.699 461.8172
3589.213 461.8244
3596.486 461.8281
3604.344 461.8167
3611.281 461.8122
3618.222 461.8188
3625.407 461.8288
3632.219 461.8358
3639.266 461.8395
3646.736 461.8441
3654.387 461.839
3661.365 461.8405
3668.327 461.8413
3675.439 461.8366
3682.528 461.8315
3690.119 461.8389
3697.267 461.8516
3704.008 461.8584
3711.198 461.8577
3718.041 461.8618
3725.377 461.8651
3732.409 461.8718
3739.605 461.8651
3746.34 461.8511
3753.38 461.8463
3760.443 461.8473
3767.781 461.8452
3775.468 461.8407
3782.412 461.8405
3789.014 461.8407
3795.579 461.8438
3802.604 461.839
3809.939 461.8298
3817.056 461.8229
3824.235 461.8175
3831.162 461.811
3838.266 461.8091
5.414063 461.8125
12.45182 461.8148
19.97494 461.8114
27.4987 461.8138
33.68164 461.8195
40.88607 461.8278
48.2653 461.8257
55.30208 461.8294
62.44336 461.8335
69.55338 461.8356
76.65658 461.8415
83.60709 461.8428
90.81087 461.8441
97.58594 461.8356
105.4583 461.8348
112.6087 461.8306
126.2402 461.8263
134.2585 461.8377
138.7034 461.8441
145.6426 461.8503
152.9349 461.853
160.2487 461.8582
167.4095 461.8592
174.2809 461.8491
180.9655 461.8426
188.2572 461.8364
195.2572 461.8359
202.3229 461.8416
212.0384 461.8327
218.8118 461.8335
225.5169 461.8341
232.3346 461.8306
239.7096 461.8201
246.72 461.8132
254.4935 461.8105
261.6322 461.8115
268.5316 461.8122
275.7318 461.8188
282.8415 461.8343
290.0462 461.832
298.1051 461.8413
305.1839 461.8503
312.1533 461.84
319.0453 461.832
326.0928 461.8377
333.5241 461.8551
341.2858 461.862
348.041 461.8646
354.9001 461.87
361.3398 461.8714
368.4014 461.8753
375.6592 461.8771
382.9893 461.8817
390.1712 461.8758
396.8206 461.8854
404.1396 461.8857
410.306 461.8825
415.3167 461.8877
418.9837 461.8849
420.5684 461.8752
420.7402 461.867
420.7321 461.8721
420.7419 461.8664
420.7412 461.8649
420.724 461.8776
420.696 461.8838
420.6751 461.8879
420.6439 461.8906
420.6419 461.8869
420.6387 461.8843
420.6514 461.894
420.6445 461.8989
420.6087 461.8968
420.623 461.8893
420.6156 461.8884
420.5941 461.9044
420.6016 461.9095
420.6208 461.9089
420.6237 461.9139
420.6156 461.9054
420.624 461.8978
420.6165 461.8994
420.5876 461.8999
420.2718 461.9064
419.3122 461.9099
417.4294 461.9118
414.6784 461.9053
410.9622 461.8984
406.5316 461.8997
401.3223 461.8978
395.6738 461.8916
389.209 461.8931
382.1533 461.8996
375.7344 461.89
368.0547 461.8945
361.6924 461.9014
354.6839 461.9087
348.2455 461.9089
341.4297 461.9022
334.6266 461.8968
327.4229 461.8857
320.8275 461.8792
314.1898 461.873
127.9108 461.8647
120.9375 461.8592
113.4046 461.8494
105.7311 461.8438
97.83366 461.847
90.56836 461.8478
83.58138 461.8468
76.24023 461.846
68.45963 461.8419
61.2959 461.8446
54.63151 461.8423
47.90495 461.8504
40.77474 461.849
33.50651 461.8441
26.22721 461.847
19.09115 461.849
12.20117 461.8459
4.917318 461.8491
3837.964 461.8481
3830.439 461.8425
3823.341 461.8425
3815.989 461.8384
3809.116 461.8335
3801.766 461.8223
3794.837 461.8322
3787.376 461.827
3779.84 461.8302
3773.366 461.8353
3766.467 461.8423
3759.938 461.8491
3754.199 461.8436
3750.478 461.8299
3748.469 461.8273
3748.475 461.8395
3748.485 461.8412
3748.468 461.8421
3748.489 461.8405
3748.471 461.8463
3748.445 461.8472
3748.431 461.8454
3748.417 461.8524
3748.409 461.8623
3748.404 461.867
3748.413 461.8721
3748.425 461.87
3748.425 461.8628
3748.417 461.8664
3748.416 461.856
3748.399 461.8491
3748.398 461.8519
3748.405 461.8546
3748.359 461.8529
3748.356 461.8499
3748.365 461.847
3748.349 461.8486
3748.346 461.8504
3748.336 461.8563
3748.328 461.8525
3748.326 461.8394
3748.34 461.8341
3748.329 461.8314
3748.342 461.8164
3748.354 461.8159
3748.382 461.8149
3747.449 461.8215
3744.707 461.826
3740.39 461.8304
3734.775 461.84
3727.879 461.8465
3720.779 461.8428
3713.136 461.8498
3706.144 461.8426
3699.771 461.843
3692.987 461.8335
3686.203 461.8198
3678.804 461.8184
3671.537 461.8283
3664.683 461.8279
3657.64 461.8278
3650.668 461.8236
3643.931 461.8148
3636.258 461.8019
3628.979 461.8006
3621.581 461.7979
3615.332 461.7951
3608.605 461.7892
3601.544 461.7925
3594.591 461.7913
3586.968 461.792
3580.65 461.7896
3574.179 461.7881
3567.163 461.7905
3560.498 461.7959
3553.199 461.8076
3545.914 461.8133
3538.303 461.8086
3532.27 461.811
3525.231 461.8076
3518.081 461.8089
3511.002 461.8026
3503.618 461.8086
3497.09 461.8141
3490.302 461.825
3483.383 461.8372
3476.354 461.8398
3469.169 461.8413
3462.023 461.8403
3454.943 461.8493
3447.784 461.8522
3440.931 461.8486
3434.117 461.841
3426.504 461.8419
3417.464 461.8353
3412.488 461.8419
3407.579 461.8431
3400.843 461.8494
3395.097 461.8516
3391.136 461.8467
3390.447 461.8462
3390.441 461.8418
3390.455 461.8289
3390.45 461.8299
3390.44 461.8385
3390.473 461.8371
3390.482 461.8416
3390.469 461.8477
3390.464 461.8426
3390.462 461.8304
3390.449 461.8364
3390.459 461.8421
3390.485 461.8397
3391.052 461.8423
3392.712 461.8438
3395.813 461.8281
3400.021 461.8232
3405.498 461.8241
3412.1 461.8203
3419.294 461.8169
3426.67 461.8086
3434.512 461.8022
3440.982 461.805
3447.548 461.8048
3454.344 461.8003
3461.591 461.7979
3468.59 461.7977
3476.769 461.8052
3483.529 461.8042
3490.161 461.8008
3496.675 461.8066
3504.068 461.8094
3511.088 461.8153
3518.737 461.8175
3525.402 461.833
3531.862 461.8336
3538.893 461.8447
3546.357 461.8485
3553.399 461.8467
3561.08 461.8447
3568.059 461.8353
3574.909 461.8255
3581.699 461.8172
3589.213 461.8244
3596.486 461.8281
3604.344 461.8167
3611.281 461.8122
3618.222 461.8188
3625.407 461.8288
3632.219 461.8358
3639.266 461.8395
3646.736 461.8441
3654.387 461.839
3661.365 461.8405
3668.327 461.8413
3675.439 461.8366
3682.528 461.8315
3690.119 461.8389
3697.267 461.8516
3704.008 461.8584
3711.198 461.8577
3718.041 461.8618
3725.377 461.8651
3732.409 461.8718
3739.605 461.8651
3746.34 461.8511
3753.38 461.8463
3760.443 461.8473
3767.781 461.8452
3775.468 461.8407
3782.412 461.8405
3789.014 461.8407
3795.579 461.8438
3802.604 461.839
3809.939 461.8298
3817.056 461.8229
3824.235 461.8175
3831.162 461.811
3838.266 461.8091
5.414063 461.8125
12.45182 461.8148
19.97494 461.8114
27.4987 461.8138
33.68164 461.8195
40.88607 461.8278
48.2653 461.8257
55.30208 461.8294
62.44336 461.8335
69.55338 461.8356
76.65658 461.8415
83.60709 461.8428
90.81087 461.8441
97.58594 461.8356
105.4583 461.8348
112.6087 461.8306
126.2402 461.8263
134.2585 461.8377
138.7034 461.8441
145.6426 461.8503
152.9349 461.853
160.2487 461.8582
167.4095 461.8592
174.2809 461.8491
180.9655 461.8426
188.2572 461.8364
195.2572 461.8359
202.3229 461.8416
212.0384 461.8327
218.8118 461.8335
225.5169 461.8341
232.3346 461.8306
239.7096 461.8201
246.72 461.8132
254.4935 461.8105
261.6322 461.8115
268.5316 461.8122
275.7318 461.8188
282.8415 461.8343
290.0462 461.832
298.1051 461.8413
305.1839 461.8503
312.1533 461.84
319.0453 461.832
326.0928 461.8377
333.5241 461.8551
341.2858 461.862
348.041 461.8646
354.9001 461.87
361.3398 461.8714
368.4014 461.8753
375.6592 461.8771
382.9893 461.8817
390.1712 461.8758
396.8206 461.8854
404.1396 461.8857
410.306 461.8825
415.3167 461.8877
418.9837 461.8849
420.5684 461.8752
420.7402 461.867
420.7321 461.8721
420.7419 461.8664
420.7412 461.8649
420.724 461.8776
420.696 461.8838
420.6751 461.8879
420.6439 461.8906
420.6419 461.8869
420.6387 461.8843
420.6514 461.894
420.6445 461.8989
420.6087 461.8968
420.623 461.8893
420.6156 461.8884
420.5941 461.9044
420.6016 461.9095
420.6208 461.9089
420.6237 461.9139
420.6156 461.9054
420.624 461.8978
420.6165 461.8994
420.5876 461.8999
420.2718 461.9064
419.3122 461.9099
417.4294 461.9118
414.6784 461.9053
410.9622 461.8984
406.5316 461.8997
401.3223 461.8978
395.6738 461.8916
389.209 461.8931
382.1533 461.8996
375.7344 461.89
368.0547 461.8945
361.6924 461.9014
354.6839 461.9087
348.2455 461.9089
341.4297 461.9022
334.6266 461.8968
327.4229 461.8857
320.8275 461.8792
314.1898 461.873
