1920 480
2672.266 480
2672.266 480
2672.266 480
2672.266 480
2672.266 480
2672.266 480
2672.266 480
2672.266 480
2672.266 480
2672.266 480
2672.266 480
2672.266 480
2672.266 480
2672.266 480
2672.266 480
2672.266 480
2672.266 480
2672.266 480
2672.266 480
2672.266 480
2672.266 480
2672.266 480
2672.266 480
2672.266 480
2672.266 480
2672.266 480
2672.266 480
2672.266 480
2672.266 480
2672.266 480
2672.266 480
2672.266 480
2672.266 480
2672.266 480
2672.266 480
2672.266 480
2672.266 480
2672.266 480
2672.266 480
2672.266 480
2672.266 480
2672.266 480
2672.266 480
2672.266 480
2672.266 480
2672.266 480
2672.266 480
2672.266 480
2672.266 480
2672.266 480
2672.266 480
2672.266 480
2672.266 480
2672.266 480
2672.266 480
2672.266 480
2672.266 480
2672.266 480
2672.266 480
2672.266 480
2672.266 480
2672.266 480
2672.266 480
2672.266 480
2672.266 480
2672.266 480
2672.266 480
2672.266 480
2672.266 480
2672.266 480
2672.266 480
2672.266 480
2672.266 480
2672.266 480
2672.266 480
2672.266 480
2672.266 480
2672.266 480
2672.266 480
2672.266 480
2672.266 480
2672.266 480
2672.266 480
2672.266 480
2672.266 480
2672.266 480
2672.266 480
2672.266 480
2672.266 480
2672.266 480
2672.266 480
2672.266 480
2672.266 480
2674.371 480
2696.01 480
2716.872 480
2738.388 480
2761.867 480
2784.137 480
2802.245 480
2823.455 480
2827.709 480
2827.709 480
2827.709 480
2827.709 480
2827.709 480
2827.709 480
2827.709 480
2827.709 480
2827.709 480
2827.709 480
2827.709 480
2827.709 480
2820.67 480
2798.821 480
2778.017 480
2756.508 480
2730.907 480
2713.823 480
2688.712 480
2671.464 480
2649.789 480
2624.544 480
2607.186 480
2585.987 480
2561.507 480
2543.076 480
2519.993 480
2498.522 480
2479.047 480
2458.055 480
2434.261 480
2411.76 480
2393.718 480
2370.272 480
2351.444 480
2329.803 480
2305.017 480
2286.766 480
2267.066 480
2253.771 480
2253.019 480
2253.019 480
2253.019 480
2253.019 480
2253.019 480
2253.019 480
2253.019 480
2253.019 480
2253.019 480
2253.019 480
2253.019 480
2253.019 480
2253.019 480
2253.019 480
2253.019 480
2253.019 480
2253.019 480
2253.019 480
2253.019 480
2253.019 480
2253.019 480
2253.019 480
2243.48 480
2223.095 480
2201.645 480
2176.396 480
2155.948 480
2137.801 480
2113.19 480
2094.905 480
2073.423 480
2049.989 480
2031.06 480
2009.645 480
1985.534 480
1966.881 480
1942.438 480
1921.991 480
1903.059 480
1881.656 480
1857.225 480
1836.519 480
1816.876 480
1793.361 480
1774.437 480
1753.643 480
1729.976 480
1710.262 480
1689.418 480
1666.205 480
1646.599 480
1622.956 480
1601.759 480
1583.045 480
1561.026 480
1537.972 480
1516.524 480
1497.694 480
1473.414 480
1454.387 480
1433.63 480
1409.995 480
1390.825 480
1369.619 480
1345.808 480
1327.048 480
1303.112 480
1281.389 480
1262.75 480
1241.5 480
1217.647 480
1195.951 480
1176.704 480
1154.325 480
1135.246 480
1113.454 480
1089.531 480
1070.715 480
1049.581 480
1025.544 480
1006.993 480
983.022 480
961.8449 480
942.7741 480
921.5638 480
898.0498 480
876.957 480
857.2969 480
833.5085 480
814.8011 480
793.8584 480
769.4489 480
750.8825 480
729.5364 480
706.1563 480
686.679 480
663.4466 480
641.835 480
622.6927 480
601.1638 480
577.7796 480
557.0198 480
537.53 480
513.7927 480
495.1341 480
473.6406 480
447.9801 480
430.957 480
409.084 480
385.888 480
366.5254 480
342.2998 480
321.8004 480
302.8288 480
281.0368 480
257.4655 480
242.0592 480
236.6403 480
236.6403 480
236.6403 480
236.6403 480
236.6403 480
236.6403 480
236.6403 480
236.6403 480
236.6403 480
236.6403 480
236.6403 480
236.6403 480
235.598 480
214.5335 480
190.1116 480
171.7074 480
150.4795 480
126.8359 480
107.502 480
83.93327 480
59.3763 480
43.55762 480
22.43555 480
3838.731 480
3816.609 480
3798.134 480
3774.118 480
3755.531 480
3734.32 480
3710.63 480
3693.45 480
3682.939 480
3682.287 480
3682.287 480
3682.287 480
3682.287 480
3682.287 480
3682.287 480
3682.287 480
3682.287 480
3682.287 480
1920 480
2672.266 480
2672.266 480
2672.266 480
2672.266 480
2672.266 480
2672.266 480
2672.266 480
2672.266 480
2672.266 480
2672.266 480
2672.266 480
2672.266 480
2672.266 480
2672.266 480
2672.266 480
2672.266 480
2672.266 480
2672.266 480
2672.266 480
2672.266 480
2672.266 480
2672.266 480
2672.266 480
2672.266 480
2672.266 480
2672.266 480
2672.266 480
2672.266 480
2672.266 480
2672.266 480
2672.266 480
2672.266 480
2672.266 480
2672.266 480
2672.266 480
2672.266 480
2672.266 480
2672.266 480
2672.266 480
2672.266 480
2672.266 480
2672.266 480
2672.266 480
2672.266 480
2672.266 480
2672.266 480
2672.266 480
2672.266 480
2672.266 480
2672.266 480
2672.266 480
2672.266 480
2672.266 480
2672.266 480
2672.266 480
2672.266 480
2672.266 480
2672.266 480
2672.266 480
2672.266 480
2672.266 480
2672.266 480
2672.266 480
2672.266 480
2672.266 480
2672.266 480
2672.266 480
2672.266 480
2672.266 480
2672.266 480
2672.266 480
2672.266 480
2672.266 480
2672.266 480
2672.266 480
2672.266 480
2672.266 480
2672.266 480
2672.266 480
2672.266 480
2672.266 480
2672.266 480
2672.266 480
2672.266 480
2672.266 480
2672.266 480
2672.266 480
2672.266 480
2672.266 480
2672.266 480
2672.266 480
2672.266 480
2672.266 480
2674.371 480
2696.01 480
2716.872 480
2738.388 480
2761.867 480
2784.137 480
2802.245 480
2823.455 480
2827.709 480
2827.709 480
2827.709 480
2827.709 480
2827.709 480
2827.709 480
2827.709 480
2827.709 480
2827.709 480
2827.709 480
2827.709 480
2827.709 480
2820.67 480
2798.821 480
2778.017 480
2756.508 480
2730.907 480
2713.823 480
2688.712 480
2671.464 480
2649.789 480
2624.544 480
2607.186 480
2585.987 480
2561.507 480
2543.076 480
2519.993 480
2498.522 480
2479.047 480
2458.055 480
2434.261 480
2411.76 480
2393.718 480
2370.272 480
2351.444 480
2329.803 480
2305.017 480
2286.766 480
2267.066 480
2253.771 480
2253.019 480
2253.019 480
2253.019 480
2253.019 480
2253.019 480
2253.019 480
2253.019 480
2253.019 480
2253.019 480
2253.019 480
2253.019 480
2253.019 480
2253.019 480
2253.019 480
2253.019 480
2253.019 480
2253.019 480
2253.019 480
2253.019 480
2253.019 480
2253.019 480
2253.019 480
2243.48 480
2223.095 480
2201.645 480
2176.396 480
2155.948 480
2137.801 480
2113.19 480
2094.905 480
2073.423 480
2049.989 480
2031.06 480
2009.645 480
1985.534 480
1966.881 480
1942.438 480
1921.991 480
1903.059 480
1881.656 480
1857.225 480
1836.519 480
1816.876 480
1793.361 480
1774.437 480
1753.643 480
1729.976 480
1710.262 480
1689.418 480
1666.205 480
1646.599 480
1622.956 480
1601.759 480
1583.045 480
1561.026 480
1537.972 480
1516.524 480
1497.694 480
1473.414 480
1454.387 480
1433.63 480
1409.995 480
1390.825 480
1369.619 480
1345.808 480
1327.048 480
1303.112 480
1281.389 480
1262.75 480
1241.5 480
1217.647 480
1195.951 480
1176.704 480
1154.325 480
1135.246 480
1113.454 480
1089.531 480
1070.715 480
1049.581 480
1025.544 480
1006.993 480
983.022 480
961.8449 480
942.7741 480
921.5638 480
898.0498 480
876.957 480
857.2969 480
833.5085 480
814.8011 480
793.8584 480
769.4489 480
750.8825 480
729.5364 480
706.1563 480
686.679 480
663.4466 480
641.835 480
622.6927 480
601.1638 480
577.7796 480
557.0198 480
537.53 480
513.7927 480
495.1341 480
473.6406 480
447.9801 480
430.957 480
409.084 480
385.888 480
366.5254 480
342.2998 480
321.8004 480
302.8288 480
281.0368 480
257.4655 480
242.0592 480
236.6403 480
236.6403 480
236.6403 480
236.6403 480
236.6403 480
236.6403 480
236.6403 480
236.6403 480
236.6403 480
236.6403 480
236.6403 480
236.6403 480
235.598 480
214.5335 480
190.1116 480
171.7074 480
150.4795 480
126.8359 480
107.502 480
83.93327 480
59.3763 480
43.55762 480
22.43555 480
3838.731 480
3816.609 480
3798.134 480
3774.118 480
3755.531 480
3734.32 480
3710.63 480
3693.45 480
3682.939 480
3682.287 480
3682.287 480
3682.287 480
3682.287 480
3682.287 480
3682.287 480
3682.287 480
3682.287 480
3682.287 480
3682.287 480
3682.287 480
3682.287 480
3682.287 480
3682.287 480
3682.287 480
3682.287 480
3682.287 480
3682.287 480
3682.287 480
3682.287 480
3682.287 480
3682.287 480
3682.287 480
3684.487 480
3688.392 480
3692.984 480
3697.7 480
3703.798 480
3709.157 480
3716.501 480
3726.713 480
3732.92 480
3743.935 480
3753.217 480
3764.026 480
3778.068 480
3791.878 480
3813.044 480
3830.64 480
13.3929 480
32.72819 480
54.27864 480
77.30404 480
96.38672 480
118.222 480
142.3232 480
160.4502 480
185.1683 480
205.8174 480
224.8213 480
246.0563 480
269.278 480
292.1592 480
310.4792 480
334.3311 480
353.4694 480
374.1602 480
398.2943 480
416.6305 480
437.692 480
462.4427 480
481.0247 480
504.0762 480
525.8112 480
552.4824 480
566.2044 480
590.1751 480
611.5693 480
630.0876 480
653.7497 480
672.8467 480
694.04 480
717.417 480
736.8555 480
758.1468 480
781.6419 480
800.6843 480
825.3555 480
846.5771 480
865.0257 480
885.6286 480
910.3594 480
931.9668 480
949.9294 480
973.4907 480
997.6807 480
1013.979 480
1037.628 480
1056.306 480
1078.152 480
1101.994 480
1120.73 480
1144.784 480
1166.704 480
1184.886 480
1206.21 480
1230.362 480
1253.94 480
1269.681 480
1294.07 480
1312.544 480
1334.285 480
1358.524 480
1376.795 480
1397.668 480
1421.293 480
1441.09 480
1464.983 480
1485.804 480
1505.252 480
1526.219 480
1551.639 480
1571.529 480
1589.947 480
1614.248 480
1632.926 480
1654.443 480
1677.776 480
1697.083 480
1718.088 480
1742.477 480
1761.17 480
1787.109 480
1806.597 480
1830.734 480
1845.839 480
1872.524 480
1893.233 480
1912.64 480
1936.562 480
1955.745 480
1972.974 480
1989.681 480
2000.604 480
2009.654 480
2015.799 480
2018.275 480
2018.323 480
2018.323 480
2018.323 480
2018.323 480
2018.323 480
2018.323 480
2018.323 480
2018.323 480
2018.323 480
2018.323 480
2018.323 480
2018.323 480
2018.323 480
2018.408 480
2020.354 480
2030.767 480
2044.037 480
2061.199 480
2080.291 480
2100.497 480
2123.787 480
2141.278 480
2160.199 480
2183.157 480
2200.215 480
2223.116 480
2242.267 480
2260.233 480
2280.41 480
2303.317 480
2323.758 480
2340.694 480
2362.727 480
2381.019 480
2400.619 480
2423.413 480
2443.072 480
2461.392 480
2481.296 480
2503.537 480
2523.083 480
2541.242 480
2563.81 480
2581.208 480
2601.05 480
2624.19 480
2641.033 480
2660.17 480
2682.079 480
2699.579 480
2721.437 480
2737.922 480
2755.637 480
2761.237 480
2768.724 480
2772.189 480
2772.587 480
2772.587 480
2772.587 480
2772.587 480
2772.587 480
2772.587 480
2772.587 480
2772.587 480
2772.587 480
2772.587 480
2772.587 480
2772.587 480
2772.587 480
2772.587 480
2772.587 480
2772.587 480
2772.587 480
2772.587 480
2772.587 480
2772.587 480
2772.587 480
2772.587 480
2772.587 480
2772.587 480
2772.587 480
2772.587 480
2772.587 480
2772.587 480
2772.587 480
2772.587 480
2772.587 480
2772.587 480
2772.587 480
2772.587 480
2772.587 480
2772.587 480
2772.587 480
2772.587 480
2772.587 480
2772.587 480
2771.784 480
2766.13 480
2749.623 480
2728.997 480
2704.964 480
2686.163 480
2664.99 480
2641.529 480
2622.429 480
2597.981 480
2577.428 480
2558.199 480
2537.018 480
2511.821 480
2492.255 480
2473.129 480
2442.336 480
2430.234 480
2408.767 480
2384.788 480
2366.116 480
2344.931 480
2321.318 480
2302.441 480
2278.338 480
2255.432 480
2238.377 480
2216.682 480
2191.647 480
2172.118 480
2152.743 480
2129.175 480
2110.264 480
2088.983 480
2064.081 480
2046.06 480
2024.813 480
2001.306 480
1982.08 480
1958.591 480
1937.526 480
1918.459 480
1896.339 480
1872.901 480
1851.65 480
1832.221 480
1808.891 480
1789.339 480
1768.892 480
1744.824 480
1726.399 480
1705.127 480
1681.042 480
1661.956 480
1638.634 480
1617.026 480
1597.953 480
1576.705 480
1553.243 480
1532.115 480
1512.488 480
1488.804 480
1470.427 480
1448.903 480
1425.422 480
1405.615 480
1385.143 480
1360.161 480
1342.36 480
1318.45 480
1296.943 480
1278.416 480
1257.061 480
1233.029 480
1211.902 480
1192.893 480
3682.287 480
3682.287 480
3682.287 480
3682.287 480
3682.287 480
3682.287 480
3682.287 480
3682.287 480
3682.287 480
3682.287 480
3682.287 480
3682.287 480
3682.287 480
3682.287 480
3684.487 480
3688.392 480
3692.984 480
3697.7 480
3703.798 480
3709.157 480
3716.501 480
3726.713 480
3732.92 480
3743.935 480
3753.217 480
3764.026 480
3778.068 480
3791.878 480
3813.044 480
3830.64 480
13.3929 480
32.72819 480
54.27864 480
77.30404 480
96.38672 480
118.222 480
142.3232 480
160.4502 480
185.1683 480
205.8174 480
224.8213 480
246.0563 480
269.278 480
292.1592 480
310.4792 480
334.3311 480
353.4694 480
374.1602 480
398.2943 480
416.6305 480
437.692 480
462.4427 480
481.0247 480
504.0762 480
525.8112 480
552.4824 480
566.2044 480
590.1751 480
611.5693 480
630.0876 480
653.7497 480
672.8467 480
694.04 480
717.417 480
736.8555 480
758.1468 480
781.6419 480
800.6843 480
825.3555 480
846.5771 480
865.0257 480
885.6286 480
910.3594 480
931.9668 480
949.9294 480
973.4907 480
997.6807 480
1013.979 480
1037.628 480
1056.306 480
1078.152 480
1101.994 480
1120.73 480
1144.784 480
1166.704 480
1184.886 480
1206.21 480
1230.362 480
1253.94 480
1269.681 480
1294.07 480
1312.544 480
1334.285 480
1358.524 480
1376.795 480
1397.668 480
1421.293 480
1441.09 480
1464.983 480
1485.804 480
1505.252 480
1526.219 480
1551.639 480
1571.529 480
1589.947 480
1614.248 480
1632.926 480
1654.443 480
1677.776 480
1697.083 480
1718.088 480
1742.477 480
1761.17 480
1787.109 480
1806.597 480
1830.734 480
1845.839 480
1872.524 480
1893.233 480
1912.64 480
1936.562 480
1955.745 480
1972.974 480
1989.681 480
2000.604 480
2009.654 480
2015.799 480
2018.275 480
2018.323 480
2018.323 480
2018.323 480
2018.323 480
2018.323 480
2018.323 480
2018.323 480
2018.323 480
2018.323 480
2018.323 480
2018.323 480
2018.323 480
2018.323 480
2018.408 480
2020.354 480
2030.767 480
2044.037 480
2061.199 480
2080.291 480
2100.497 480
2123.787 480
2141.278 480
2160.199 480
2183.157 480
2200.215 480
2223.116 480
2242.267 480
2260.233 480
2280.41 480
2303.317 480
2323.758 480
2340.694 480
2362.727 480
2381.019 480
2400.619 480
2423.413 480
2443.072 480
2461.392 480
2481.296 480
2503.537 480
2523.083 480
2541.242 480
2563.81 480
2581.208 480
2601.05 480
2624.19 480
2641.033 480
2660.17 480
2682.079 480
2699.579 480
2721.437 480
2737.922 480
2755.637 480
2761.237 480
2768.724 480
2772.189 480
2772.587 480
2772.587 480
2772.587 480
2772.587 480
2772.587 480
2772.587 480
2772.587 480
2772.587 480
2772.587 480
2772.587 480
2772.587 480
2772.587 480
2772.587 480
2772.587 480
2772.587 480
2772.587 480
2772.587 480
2772.587 480
2772.587 480
2772.587 480
2772.587 480
2772.587 480
2772.587 480
2772.587 480
2772.587 480
2772.587 480
2772.587 480
2772.587 480
2772.587 480
2772.587 480
2772.587 480
2772.587 480
2772.587 480
2772.587 480
2772.587 480
2772.587 480
2772.587 480
2772.587 480
2772.587 480
2772.587 480
2771.784 480
2766.13 480
2749.623 480
2728.997 480
2704.964 480
2686.163 480
2664.99 480
2641.529 480
2622.429 480
2597.981 480
2577.428 480
2558.199 480
2537.018 480
2511.821 480
2492.255 480
2473.129 480
2442.336 480
2430.234 480
2408.767 480
2384.788 480
2366.116 480
2344.931 480
2321.318 480
2302.441 480
2278.338 480
2255.432 480
2238.377 480
2216.682 480
2191.647 480
2172.118 480
2152.743 480
2129.175 480
2110.264 480
2088.983 480
2064.081 480
2046.06 480
2024.813 480
2001.306 480
1982.08 480
1958.591 480
1937.526 480
1918.459 480
1896.339 480
1872.901 480
1851.65 480
1832.221 480
1808.891 480
1789.339 480
1768.892 480
1744.824 480
1726.399 480
1705.127 480
1681.042 480
1661.956 480
1638.634 480
1617.026 480
1597.953 480
1576.705 480
1553.243 480
1532.115 480
1512.488 480
1488.804 480
1470.427 480
1448.903 480
1425.422 480
1405.615 480
1385.143 480
1360.161 480
1342.36 480
1318.45 480
1296.943 480
1278.416 480
1257.061 480
1233.029 480
1211.902 480
1192.893 480
