1920 480
1920 480
1087.089 253.1781
1077.461 243.0163
1068.347 233.5737
1062.511 229.0329
1059.198 226.0194
1057.428 223.4434
1055.108 220.6862
1053.89 218.0352
1053.672 215.9818
1053.655 214.0684
1054.103 213.2399
1054.211 212.4925
1054.896 212.3815
1055.789 212.1898
1056.625 212.2274
1060.822 212.7573
1066.117 213.772
1070.317 214.8276
1074.545 215.7441
1077.214 216.0094
1079.67 215.8628
1082.134 215.7728
1083.074 215.8359
1083.349 215.804
1083.43 215.6855
1083.402 215.5618
1083.575 215.4935
1083.459 215.2881
1083.485 215.4359
1083.657 215.9095
1084.354 216.6956
1085.385 217.5368
1086.872 218.2341
1088.343 218.9082
1090.083 219.5628
1092.329 220.3039
1094.271 221.0902
1096.866 221.9287
1099.009 223.8337
1101.251 224.7578
1103.86 225.4404
1100.008 224.0228
1102.228 224.6904
1104.755 225.0907
1107.454 225.2041
1110.51 224.9995
1113.77 224.4658
1116.898 223.6577
1119.992 222.5726
1123.24 221.0786
1125.855 219.5361
1128.392 217.6844
1130.831 215.5371
1132.774 213.4561
1134.655 210.994
1135.822 209.1341
1136.964 206.9434
1137.82 204.7357
1138.393 202.8176
1138.841 200.9796
1139.187 199.1925
1139.539 197.3828
1139.76 195.6509
1139.76 193.9964
1139.545 192.1735
1138.858 190.0319
1137.952 188.1294
1136.736 186.0358
1135.433 183.8125
1134.15 181.4953
1132.831 179.0418
1131.646 176.6911
1130.425 174.1603
1129.029 171.3091
1127.859 168.5952
1127.073 165.7588
1126.34 162.9894
1125.637 159.88
1125.236 158.1452
1124.64 155.3841
1123.908 152.6769
1122.99 150.054
1122.026 147.4404
1120.875 144.9417
1119.473 142.57
1117.969 140.459
1116.029 138.4645
1114.108 136.7637
1111.621 134.9167
1109.393 133.783
1106.791 132.6927
1104.69 131.861
1102.917 131.3412
1101.205 131.0052
1099.454 130.805
1097.912 130.7344
1096.511 130.7907
1095.483 130.925
1094.931 131.1406
1094.761 131.4663
1094.969 131.8955
1095.448 132.4355
1096.116 133.0081
1097.13 133.6709
1098.202 134.2384
1099.415 134.7386
1100.801 135.2295
1102.032 135.6772
1103.365 136.2801
1104.503 136.9534
1105.698 137.6478
1106.881 138.3812
1107.97 139.0166
1109.176 139.7378
1110.343 140.541
1111.419 141.4769
1112.405 142.771
1113.307 144.6159
1113.829 146.6353
1113.59 152.3203
1113.019 154.7822
1112.207 158.7379
1112.037 163.1886
1112.349 167.3719
1112.882 171.7614
1113.131 176.7646
1112.888 181.5532
1111.844 186.8555
1110.003 192.7676
1107.793 198.6913
1104.839 207.1429
1102.522 213.9102
1100.349 220.0656
1097.807 227.1504
1092.288 241.665
1090.069 246.9429
1086.634 254.5605
1083.085 261.827
1078.58 269.8909
1073.71 278.0524
1069.125 286.2808
1065.356 293.7651
1061.762 301.8797
1058.696 309.4873
1055.702 316.5933
1051.769 325.5337
1049.197 331.597
1046.276 338.5355
1043.737 344.4049
1041.359 349.9933
1039.231 354.9517
1036.993 359.807
1034.891 363.9828
1033.131 367.6357
1031.662 370.729
1030.464 372.9097
1029.126 375.1824
1028.19 376.7031
1027.448 377.7157
1026.772 378.3438
1026.009 378.7047
1025.185 378.8083
1024.181 378.7031
1022.931 378.4447
1021.494 378.0403
1019.349 377.4857
1016.919 377.0454
1013.982 376.6807
1010.287 376.3522
1006.159 376.1079
1001.547 375.8418
996.0045 375.516
990.248 375.1188
984.6863 374.6699
978.4512 374.0664
972.7949 373.4567
967.349 372.8148
961.3606 372.1523
955.4407 371.5288
949.5466 370.9095
943.0807 370.2878
936.6409 369.6937
930.4866 369.1221
923.6787 368.5597
917.0303 368.1084
910.6423 367.8289
903.5098 367.7811
896.6143 367.9624
889.6696 368.3877
882.4876 369.0151
875.9528 369.7542
870.3265 370.5221
864.1523 371.5335
859.0602 372.5293
854.3906 373.5384
849.6243 374.6502
845.0996 375.8128
842.9714 376.4176
839.9206 377.3569
837.4769 378.2052
835.4792 379.0002
833.6426 379.8379
832.6292 380.5222
831.8789 381.1157
831.3887 381.6221
831.2493 381.9709
831.2432 382.2456
832.1136 382.1899
832.8672 382.1283
833.6833 382.0669
834.6901 382.0376
835.611 382.0693
836.4938 382.1414
837.3952 382.2926
838.1826 382.4616
838.7438 382.6413
839.2386 382.889
839.5632 383.1802
839.7321 383.4597
839.8148 383.7259
839.7952 383.8945
839.681 383.9915
839.5039 384.0321
838.9603 383.9814
838.6689 383.951
838.1211 383.8955
837.4691 383.8369
836.7448 383.7837
835.8877 383.7132
835.0693 383.6256
834.304 383.5186
833.6104 383.3652
833.0078 383.197
832.5081 383.0337
831.9733 382.8587
831.6689 382.7487
831.4684 382.6677
831.3493 382.5939
831.3161 382.534
831.3528 382.4642
831.5049 382.4035
831.7282 382.3499
832.0163 382.3135
832.374 382.2856
832.7435 382.2737
833.1647 382.2308
833.6179 382.1374
834.0273 382.0189
834.5267 381.8616
834.9339 381.692
835.3444 381.4911
835.7298 381.2485
835.9964 381.0239
836.181 380.7987
836.2686 380.5718
836.2497 380.3333
836.1384 380.1371
835.8932 379.9634
835.5869 379.8543
835.2324 379.79
834.819 379.7432
834.458 379.7145
834.1487 379.6964
833.8662 379.6597
833.6953 379.606
833.6393 379.5172
833.6686 379.4305
833.7907 379.3776
833.9795 379.377
834.2064 379.4074
834.5013 379.4574
834.7975 379.5287
835.1689 379.6224
835.4958 379.7334
835.8431 379.8203
836.2191 379.8991
836.528 379.9359
836.8132 379.9549
837.0807 379.9373
837.2607 379.9095
837.3386 379.8841
837.2972 379.8786
837.181 379.8484
836.9899 379.8231
836.6995 379.7809
836.3626 379.7344
835.9316 379.6683
835.4655 379.5854
834.972 379.4744
834.511 379.3343
833.9714 379.1242
833.4648 378.8945
832.9626 378.6335
832.3623 378.3192
831.803 377.9894
831.2819 377.6644
830.8343 377.3252
830.4365 377.0062
1920 480
1920 480
1087.089 253.1781
1077.461 243.0163
1068.347 233.5737
1062.511 229.0329
1059.198 226.0194
1057.428 223.4434
1055.108 220.6862
1053.89 218.0352
1053.672 215.9818
1053.655 214.0684
1054.103 213.2399
1054.211 212.4925
1054.896 212.3815
1055.789 212.1898
1056.625 212.2274
1060.822 212.7573
1066.117 213.772
1070.317 214.8276
1074.545 215.7441
1077.214 216.0094
1079.67 215.8628
1082.134 215.7728
1083.074 215.8359
1083.349 215.804
1083.43 215.6855
1083.402 215.5618
1083.575 215.4935
1083.459 215.2881
1083.485 215.4359
1083.657 215.9095
1084.354 216.6956
1085.385 217.5368
1086.872 218.2341
1088.343 218.9082
1090.083 219.5628
1092.329 220.3039
1094.271 221.0902
1096.866 221.9287
1099.009 223.8337
1101.251 224.7578
1103.86 225.4404
1100.008 224.0228
1102.228 224.6904
1104.755 225.0907
1107.454 225.2041
1110.51 224.9995
1113.77 224.4658
1116.898 223.6577
1119.992 222.5726
1123.24 221.0786
1125.855 219.5361
1128.392 217.6844
1130.831 215.5371
1132.774 213.4561
1134.655 210.994
1135.822 209.1341
1136.964 206.9434
1137.82 204.7357
1138.393 202.8176
1138.841 200.9796
1139.187 199.1925
1139.539 197.3828
1139.76 195.6509
1139.76 193.9964
1139.545 192.1735
1138.858 190.0319
1137.952 188.1294
1136.736 186.0358
1135.433 183.8125
1134.15 181.4953
1132.831 179.0418
1131.646 176.6911
1130.425 174.1603
1129.029 171.3091
1127.859 168.5952
1127.073 165.7588
1126.34 162.9894
1125.637 159.88
1125.236 158.1452
1124.64 155.3841
1123.908 152.6769
1122.99 150.054
1122.026 147.4404
1120.875 144.9417
1119.473 142.57
1117.969 140.459
1116.029 138.4645
1114.108 136.7637
1111.621 134.9167
1109.393 133.783
1106.791 132.6927
1104.69 131.861
1102.917 131.3412
1101.205 131.0052
1099.454 130.805
1097.912 130.7344
1096.511 130.7907
1095.483 130.925
1094.931 131.1406
1094.761 131.4663
1094.969 131.8955
1095.448 132.4355
1096.116 133.0081
1097.13 133.6709
1098.202 134.2384
1099.415 134.7386
1100.801 135.2295
1102.032 135.6772
1103.365 136.2801
1104.503 136.9534
1105.698 137.6478
1106.881 138.3812
1107.97 139.0166
1109.176 139.7378
1110.343 140.541
1111.419 141.4769
1112.405 142.771
1113.307 144.6159
1113.829 146.6353
1113.59 152.3203
1113.019 154.7822
1112.207 158.7379
1112.037 163.1886
1112.349 167.3719
1112.882 171.7614
1113.131 176.7646
1112.888 181.5532
1111.844 186.8555
1110.003 192.7676
1107.793 198.6913
1104.839 207.1429
1102.522 213.9102
1100.349 220.0656
1097.807 227.1504
1092.288 241.665
1090.069 246.9429
1086.634 254.5605
1083.085 261.827
1078.58 269.8909
1073.71 278.0524
1069.125 286.2808
1065.356 293.7651
1061.762 301.8797
1058.696 309.4873
1055.702 316.5933
1051.769 325.5337
1049.197 331.597
1046.276 338.5355
1043.737 344.4049
1041.359 349.9933
1039.231 354.9517
1036.993 359.807
1034.891 363.9828
1033.131 367.6357
1031.662 370.729
1030.464 372.9097
1029.126 375.1824
1028.19 376.7031
1027.448 377.7157
1026.772 378.3438
1026.009 378.7047
1025.185 378.8083
1024.181 378.7031
1022.931 378.4447
1021.494 378.0403
1019.349 377.4857
1016.919 377.0454
1013.982 376.6807
1010.287 376.3522
1006.159 376.1079
1001.547 375.8418
996.0045 375.516
990.248 375.1188
984.6863 374.6699
978.4512 374.0664
972.7949 373.4567
967.349 372.8148
961.3606 372.1523
955.4407 371.5288
949.5466 370.9095
943.0807 370.2878
936.6409 369.6937
930.4866 369.1221
923.6787 368.5597
917.0303 368.1084
910.6423 367.8289
903.5098 367.7811
896.6143 367.9624
889.6696 368.3877
882.4876 369.0151
875.9528 369.7542
870.3265 370.5221
864.1523 371.5335
859.0602 372.5293
854.3906 373.5384
849.6243 374.6502
845.0996 375.8128
842.9714 376.4176
839.9206 377.3569
837.4769 378.2052
835.4792 379.0002
833.6426 379.8379
832.6292 380.5222
831.8789 381.1157
831.3887 381.6221
831.2493 381.9709
831.2432 382.2456
832.1136 382.1899
832.8672 382.1283
833.6833 382.0669
834.6901 382.0376
835.611 382.0693
836.4938 382.1414
837.3952 382.2926
838.1826 382.4616
838.7438 382.6413
839.2386 382.889
839.5632 383.1802
839.7321 383.4597
839.8148 383.7259
839.7952 383.8945
839.681 383.9915
839.5039 384.0321
838.9603 383.9814
838.6689 383.951
838.1211 383.8955
837.4691 383.8369
836.7448 383.7837
835.8877 383.7132
835.0693 383.6256
834.304 383.5186
833.6104 383.3652
833.0078 383.197
832.5081 383.0337
831.9733 382.8587
831.6689 382.7487
831.4684 382.6677
831.3493 382.5939
831.3161 382.534
831.3528 382.4642
831.5049 382.4035
831.7282 382.3499
832.0163 382.3135
832.374 382.2856
832.7435 382.2737
833.1647 382.2308
833.6179 382.1374
834.0273 382.0189
834.5267 381.8616
834.9339 381.692
835.3444 381.4911
835.7298 381.2485
835.9964 381.0239
836.181 380.7987
836.2686 380.5718
836.2497 380.3333
836.1384 380.1371
835.8932 379.9634
835.5869 379.8543
835.2324 379.79
834.819 379.7432
834.458 379.7145
834.1487 379.6964
833.8662 379.6597
833.6953 379.606
833.6393 379.5172
833.6686 379.4305
833.7907 379.3776
833.9795 379.377
834.2064 379.4074
834.5013 379.4574
834.7975 379.5287
835.1689 379.6224
835.4958 379.7334
835.8431 379.8203
836.2191 379.8991
836.528 379.9359
836.8132 379.9549
837.0807 379.9373
837.2607 379.9095
837.3386 379.8841
837.2972 379.8786
837.181 379.8484
836.9899 379.8231
836.6995 379.7809
836.3626 379.7344
835.9316 379.6683
835.4655 379.5854
834.972 379.4744
834.511 379.3343
833.9714 379.1242
833.4648 378.8945
832.9626 378.6335
832.3623 378.3192
831.803 377.9894
831.2819 377.6644
830.8343 377.3252
830.4365 377.0062
830.1292 376.7144
829.8343 376.412
829.6169 376.1721
829.4463 375.9593
829.2825 375.7453
829.1716 375.5479
829.1253 375.3866
829.0696 375.255
829.0684 375.196
829.0661 375.2119
829.098 375.3005
829.1465 375.4281
829.1813 375.5682
829.2204 375.7158
829.2266 375.9149
829.1777 375.9704
829.0915 376.0457
828.8987 376.1335
828.6526 376.2225
828.3978 376.3115
828.2116 376.3708
828.1022 376.3986
827.9905 376.4399
827.8782 376.471
827.777 376.4798
827.6585 376.4601
827.5443 376.4217
827.4492 376.3833
827.3577 376.3509
827.2503 376.3421
827.1341 376.3475
826.9407 376.3656
826.666 376.3714
826.3271 376.3442
825.8952 376.2524
825.4648 376.1232
825.014 375.939
824.4977 375.6877
823.9944 375.4295
823.4102 375.0845
822.8867 374.7023
822.4206 374.286
821.9141 373.7459
821.4385 373.1649
821.0345 372.549
820.696 371.8066
820.4095 371.0322
820.1738 370.2723
819.9007 369.4238
819.6266 368.6161
819.3809 367.8286
819.1653 366.9535
818.9612 366.1556
818.792 365.4699
818.6146 364.6992
818.5114 364.0521
818.4245 363.3987
818.4407 362.6833
818.5941 361.9492
818.8359 361.2314
819.1653 360.3623
819.5296 359.4469
819.9922 358.4014
820.64 356.9629
821.3405 355.4344
822.0862 353.8021
822.8613 351.8474
823.5479 349.7809
824.0586 347.8701
824.555 345.5399
824.9668 343.1484
825.3386 340.696
825.7344 337.7922
826.0427 334.894
826.251 332.0439
826.3932 328.7147
826.3773 325.5687
826.2556 322.585
826.0052 319.2831
825.6152 315.9796
825.0872 312.7664
824.2871 309.1519
823.4446 305.8193
822.4987 302.513
821.3489 298.5186
820.221 295.0464
819.0231 291.218
817.6702 287.0793
816.2539 282.8649
814.7991 278.8454
812.9788 274.3397
811.1234 270.1354
809.2112 266.0421
807.0501 261.6414
804.9443 257.3525
802.9612 253.3336
800.9333 249.1196
798.9688 244.9193
797.3347 241.2274
795.5378 237.1431
793.8457 233.4509
792.3874 230.453
790.7396 227.0495
789.2415 223.9962
787.8724 221.2721
786.637 218.9604
785.3789 216.8374
784.2181 214.9508
783.0879 213.2997
781.9964 211.7788
780.8018 210.4427
779.5114 209.2243
778.1543 208.1828
776.863 207.3218
775.6608 206.6991
774.345 206.0742
773.2041 205.6686
772.1738 205.4116
771.2106 205.1956
770.446 205.161
769.846 205.1886
769.2188 205.4098
768.7103 205.7689
768.2829 206.2962
767.8799 207.0047
767.6367 207.7648
767.5554 208.576
767.6745 209.6344
767.8818 210.8892
768.0596 212.3647
767.8913 214.3434
767.5098 216.384
767.2559 218.2738
767.0925 220.3914
766.9681 222.4513
766.736 224.464
766.3151 226.8438
765.8825 229.1087
765.5159 231.1618
765.2676 233.2664
765.2549 235.0052
765.4495 236.4287
765.9863 237.7679
766.7943 238.8309
767.7858 239.6535
769.14 240.3884
770.6927 240.8563
771.9108 241.0241
773.6569 241.0176
775.3206 240.8416
776.9033 240.6039
778.5547 240.3859
780.0781 240.2689
781.5475 240.255
783.1387 240.3932
784.5479 240.6826
785.9971 241.1732
787.8249 242.1146
789.2041 243.0889
790.4485 244.1672
791.6712 245.4167
792.7601 246.5449
793.8763 247.6777
794.8682 248.8021
795.6885 249.8201
796.3591 250.7324
796.8919 251.6626
797.2214 252.4303
797.4759 252.987
797.7145 253.4749
797.9147 253.7533
798.0482 253.864
798.1097 253.8429
798.1318 253.7601
798.0276 253.6525
797.8235 253.5488
797.5547 253.4723
797.2682 253.4229
796.9089 253.4531
796.5316 253.6123
796.1237 253.9368
795.6276 254.4658
795.083 255.1686
794.5696 255.9048
793.931 256.8932
793.2842 257.9622
792.5332 259.1528
791.4274 260.7585
790.1084 262.5532
788.5612 264.6139
786.8753 266.8991
785.0384 269.4587
783.0882 272.1426
780.7207 275.3363
778.2878 278.7344
776.9971 280.5764
774.8903 283.6854
772.9814 286.6331
771.2441 289.5182
769.2025 292.8665
767.1895 296.0461
765.2429 299.0736
763.3235 302.4069
762.043 304.9951
760.8714 307.9806
759.7927 311.8807
759.194 315.2269
758.6348 318.4972
758.2692 321.9539
758.096 325.431
758.1416 328.0645
758.3884 331.303
758.958 334.1803
759.7061 337.1517
760.5801 339.6609
761.4622 342.055
762.3594 344.1589
763.2607 346.2174
764.0345 347.6987
764.8978 349.0706
765.7744 350.312
766.3828 351.3154
766.8063 352.1515
767.0534 353.0521
767.2097 353.8827
767.3444 354.6123
767.5062 355.3221
767.6628 355.995
767.7441 356.7467
767.7425 357.5068
767.7334 358.2314
767.6182 359.1519
767.5176 360.0674
767.3981 360.9909
767.265 361.8716
767.0339 362.9779
766.7236 364.137
766.3532 365.1523
765.9251 366.1507
765.5749 367.0615
765.335 367.7717
765.1058 368.4292
764.886 368.9481
764.6569 369.3929
764.4255 369.6664
764.2698 369.7661
764.1797 369.7085
764.084 369.5933
764.0388 369.4644
763.9951 369.3439
763.9727 369.2455
763.9622 369.2438
763.9691 369.248
763.9837 369.3421
764.04 369.4399
764.11 369.5597
764.21 369.6505
764.2451 369.7346
764.279 369.7492
764.264 369.7169
764.2116 369.62
764.1348 369.4821
763.9938 369.2757
763.8323 369.1064
763.71 368.936
763.5124 368.8087
763.3665 368.7095
763.3037 368.6364
763.3112 368.5625
763.3047 368.533
763.3477 368.5287
763.3776 368.5767
763.4544 368.6769
763.5505 368.811
763.6953 368.9795
763.8682 369.1584
764.0847 369.3218
764.2991 369.5338
764.5071 369.72
764.6865 369.8806
764.8828 370.0233
765.015 370.1287
765.111 370.1943
765.1536 370.279
765.1621 370.3425
765.1006 370.4173
765.0091 370.5005
764.9229 370.5615
764.8568 370.5901
764.7624 370.6266
764.6943 370.6312
764.6123 370.6559
764.5586 370.6709
764.5452 370.713
764.5433 370.7334
764.5817 370.7547
764.6338 370.7506
764.7028 370.7349
764.765 370.6787
764.8386 370.614
830.1292 376.7144
829.8343 376.412
829.6169 376.1721
829.4463 375.9593
829.2825 375.7453
829.1716 375.5479
829.1253 375.3866
829.0696 375.255
829.0684 375.196
829.0661 375.2119
829.098 375.3005
829.1465 375.4281
829.1813 375.5682
829.2204 375.7158
829.2266 375.9149
829.1777 375.9704
829.0915 376.0457
828.8987 376.1335
828.6526 376.2225
828.3978 376.3115
828.2116 376.3708
828.1022 376.3986
827.9905 376.4399
827.8782 376.471
827.777 376.4798
827.6585 376.4601
827.5443 376.4217
827.4492 376.3833
827.3577 376.3509
827.2503 376.3421
827.1341 376.3475
826.9407 376.3656
826.666 376.3714
826.3271 376.3442
825.8952 376.2524
825.4648 376.1232
825.014 375.939
824.4977 375.6877
823.9944 375.4295
823.4102 375.0845
822.8867 374.7023
822.4206 374.286
821.9141 373.7459
821.4385 373.1649
821.0345 372.549
820.696 371.8066
820.4095 371.0322
820.1738 370.2723
819.9007 369.4238
819.6266 368.6161
819.3809 367.8286
819.1653 366.9535
818.9612 366.1556
818.792 365.4699
818.6146 364.6992
818.5114 364.0521
818.4245 363.3987
818.4407 362.6833
818.5941 361.9492
818.8359 361.2314
819.1653 360.3623
819.5296 359.4469
819.9922 358.4014
820.64 356.9629
821.3405 355.4344
822.0862 353.8021
822.8613 351.8474
823.5479 349.7809
824.0586 347.8701
824.555 345.5399
824.9668 343.1484
825.3386 340.696
825.7344 337.7922
826.0427 334.894
826.251 332.0439
826.3932 328.7147
826.3773 325.5687
826.2556 322.585
826.0052 319.2831
825.6152 315.9796
825.0872 312.7664
824.2871 309.1519
823.4446 305.8193
822.4987 302.513
821.3489 298.5186
820.221 295.0464
819.0231 291.218
817.6702 287.0793
816.2539 282.8649
814.7991 278.8454
812.9788 274.3397
811.1234 270.1354
809.2112 266.0421
807.0501 261.6414
804.9443 257.3525
802.9612 253.3336
800.9333 249.1196
798.9688 244.9193
797.3347 241.2274
795.5378 237.1431
793.8457 233.4509
792.3874 230.453
790.7396 227.0495
789.2415 223.9962
787.8724 221.2721
786.637 218.9604
785.3789 216.8374
784.2181 214.9508
783.0879 213.2997
781.9964 211.7788
780.8018 210.4427
779.5114 209.2243
778.1543 208.1828
776.863 207.3218
775.6608 206.6991
774.345 206.0742
773.2041 205.6686
772.1738 205.4116
771.2106 205.1956
770.446 205.161
769.846 205.1886
769.2188 205.4098
768.7103 205.7689
768.2829 206.2962
767.8799 207.0047
767.6367 207.7648
767.5554 208.576
767.6745 209.6344
767.8818 210.8892
768.0596 212.3647
767.8913 214.3434
767.5098 216.384
767.2559 218.2738
767.0925 220.3914
766.9681 222.4513
766.736 224.464
766.3151 226.8438
765.8825 229.1087
765.5159 231.1618
765.2676 233.2664
765.2549 235.0052
765.4495 236.4287
765.9863 237.7679
766.7943 238.8309
767.7858 239.6535
769.14 240.3884
770.6927 240.8563
771.9108 241.0241
773.6569 241.0176
775.3206 240.8416
776.9033 240.6039
778.5547 240.3859
780.0781 240.2689
781.5475 240.255
783.1387 240.3932
784.5479 240.6826
785.9971 241.1732
787.8249 242.1146
789.2041 243.0889
790.4485 244.1672
791.6712 245.4167
792.7601 246.5449
793.8763 247.6777
794.8682 248.8021
795.6885 249.8201
796.3591 250.7324
796.8919 251.6626
797.2214 252.4303
797.4759 252.987
797.7145 253.4749
797.9147 253.7533
798.0482 253.864
798.1097 253.8429
798.1318 253.7601
798.0276 253.6525
797.8235 253.5488
797.5547 253.4723
797.2682 253.4229
796.9089 253.4531
796.5316 253.6123
796.1237 253.9368
795.6276 254.4658
795.083 255.1686
794.5696 255.9048
793.931 256.8932
793.2842 257.9622
792.5332 259.1528
791.4274 260.7585
790.1084 262.5532
788.5612 264.6139
786.8753 266.8991
785.0384 269.4587
783.0882 272.1426
780.7207 275.3363
778.2878 278.7344
776.9971 280.5764
774.8903 283.6854
772.9814 286.6331
771.2441 289.5182
769.2025 292.8665
767.1895 296.0461
765.2429 299.0736
763.3235 302.4069
762.043 304.9951
760.8714 307.9806
759.7927 311.8807
759.194 315.2269
758.6348 318.4972
758.2692 321.9539
758.096 325.431
758.1416 328.0645
758.3884 331.303
758.958 334.1803
759.7061 337.1517
760.5801 339.6609
761.4622 342.055
762.3594 344.1589
763.2607 346.2174
764.0345 347.6987
764.8978 349.0706
765.7744 350.312
766.3828 351.3154
766.8063 352.1515
767.0534 353.0521
767.2097 353.8827
767.3444 354.6123
767.5062 355.3221
767.6628 355.995
767.7441 356.7467
767.7425 357.5068
767.7334 358.2314
767.6182 359.1519
767.5176 360.0674
767.3981 360.9909
767.265 361.8716
767.0339 362.9779
766.7236 364.137
766.3532 365.1523
765.9251 366.1507
765.5749 367.0615
765.335 367.7717
765.1058 368.4292
764.886 368.9481
764.6569 369.3929
764.4255 369.6664
764.2698 369.7661
764.1797 369.7085
764.084 369.5933
764.0388 369.4644
763.9951 369.3439
763.9727 369.2455
763.9622 369.2438
763.9691 369.248
763.9837 369.3421
764.04 369.4399
764.11 369.5597
764.21 369.6505
764.2451 369.7346
764.279 369.7492
764.264 369.7169
764.2116 369.62
764.1348 369.4821
763.9938 369.2757
763.8323 369.1064
763.71 368.936
763.5124 368.8087
763.3665 368.7095
763.3037 368.6364
763.3112 368.5625
763.3047 368.533
763.3477 368.5287
763.3776 368.5767
763.4544 368.6769
763.5505 368.811
763.6953 368.9795
763.8682 369.1584
764.0847 369.3218
764.2991 369.5338
764.5071 369.72
764.6865 369.8806
764.8828 370.0233
765.015 370.1287
765.111 370.1943
765.1536 370.279
765.1621 370.3425
765.1006 370.4173
765.0091 370.5005
764.9229 370.5615
764.8568 370.5901
764.7624 370.6266
764.6943 370.6312
764.6123 370.6559
764.5586 370.6709
764.5452 370.713
764.5433 370.7334
764.5817 370.7547
764.6338 370.7506
764.7028 370.7349
764.765 370.6787
764.8386 370.614
764.8643 370.5176
764.9108 370.3895
764.9121 370.2375
764.9355 370.0807
764.9655 369.8719
765.0013 369.6741
764.9944 369.519
765.0071 369.3885
765.027 369.2975
765.0482 369.2476
765.0534 369.2111
765.0651 369.1924
765.1064 369.1667
765.1634 369.1706
765.2233 369.2056
765.2028 369.2848
765.1878 369.3895
765.1618 369.4879
765.1348 369.5555
765.1152 369.6261
765.1286 369.6637
765.1104 369.6919
765.1276 369.6836
765.1312 369.6772
765.0859 369.6434
765.0156 369.5952
764.944 369.5314
764.8535 369.4699
764.7617 369.3955
764.6634 369.3488
764.5986 369.3068
764.5182 369.2822
764.4456 369.2617
764.3984 369.2456
764.3623 369.2257
764.3184 369.2293
764.2568 369.2477
764.1628 369.2972
764.0775 369.3372
763.9671 369.3674
763.8516 369.3883
763.748 369.3965
763.6455 369.3963
763.5124 369.3967
763.388 369.3989
763.2477 369.4081
763.1247 369.4194
763.0107 369.4348
762.9271 369.4211
762.8317 369.3926
762.7474 369.3683
762.6787 369.3465
762.5915 369.3245
762.555 369.2853
762.5361 369.2412
762.541 369.1969
762.5459 369.1616
762.5397 369.1458
762.5146 369.1336
762.5472 369.1068
762.5645 369.0744
762.6104 369.0247
762.6452 368.9832
762.6979 368.9468
762.7396 368.9002
762.7783 368.8348
762.819 368.7541
762.874 368.6374
762.9131 368.5146
762.9727 368.3849
763.0309 368.2441
763.1068 368.1032
763.1771 367.9766
763.2018 367.8394
763.1484 367.7091
763.1904 367.5908
763.2129 367.4704
763.209 367.3717
763.3037 367.2871
763.388 367.2088
763.4053 367.1502
763.3893 367.1144
763.3818 367.0884
763.3643 367.0785
763.346 367.0863
763.3643 367.0827
763.4177 367.0728
763.5052 367.0645
763.6504 367.0474
763.7979 367.0365
763.9268 367.0405
764.0742 367.0594
764.2337 367.0825
764.3516 367.1302
764.4857 367.1985
764.5947 367.3021
764.6973 367.4254
764.7891 367.5573
764.8821 367.6779
764.9941 367.7754
765.0999 367.8577
765.1868 367.9339
765.237 368.0024
765.265 368.0959
765.3069 368.1706
765.363 368.2441
765.4473 368.3055
765.5244 368.3735
765.5807 368.438
765.6188 368.5443
765.638 368.6626
765.6608 368.8138
765.7214 368.973
765.7897 369.1362
765.8948 369.2822
766.1019 369.5005
766.3574 369.7562
766.6487 370.0946
767.0681 370.5623
767.5612 371.1038
768.1286 371.6611
768.9564 372.3745
769.8948 373.0742
770.7067 373.6764
771.9414 374.5999
773.2825 375.6037
774.6738 376.6079
776.3262 377.7409
778.013 378.841
779.7224 379.9173
781.5856 381.072
783.3604 382.1843
785.0306 383.2109
786.9642 384.3647
788.598 385.193
790.1797 385.8864
791.7864 386.5006
793.2207 387.0075
794.4567 387.3952
795.6221 387.7635
796.5515 388.0158
797.1846 388.1987
797.9626 388.3919
798.6094 388.5205
799.0661 388.6317
799.4297 388.7687
799.6328 388.8727
799.7051 388.9873
799.7337 389.0965
799.7324 389.2155
799.6875 389.2889
799.5117 389.4414
799.3235 389.5837
799.0989 389.7318
798.8187 389.8604
798.6009 389.9665
798.4219 390.0443
798.2682 390.1025
798.1423 390.0978
798.0814 390.0724
797.9951 389.999
797.9466 389.9144
797.9375 389.8146
797.9805 389.7162
798.0433 389.6487
798.1149 389.6042
798.2354 389.5964
798.3503 389.6182
798.4495 389.6714
798.5439 389.7479
798.6077 389.8455
798.6175 389.9359
798.5879 390.0137
798.5466 390.068
798.4873 390.1133
798.3962 390.167
798.28 390.2131
798.2025 390.2603
798.1084 390.3198
798.0159 390.3835
797.8903 390.4492
797.7275 390.519
797.5755 390.5641
797.4274 390.5996
797.2663 390.6188
797.1123 390.6338
796.9482 390.6419
796.7718 390.6658
796.5667 390.6857
796.3887 390.6999
796.2129 390.701
796.0241 390.7002
795.8245 390.6841
795.596 390.6504
795.3698 390.6146
795.1807 390.5778
794.9678 390.5296
794.7881 390.4821
794.6403 390.4191
794.4473 390.3298
794.2708 390.2603
794.0872 390.1831
793.8327 390.1064
793.542 390.0449
793.2773 389.9774
792.9795 389.9119
792.6657 389.8729
792.3909 389.8392
792.0749 389.8143
791.7549 389.8018
791.4489 389.7949
791.1113 389.792
790.7601 389.8015
790.4538 389.8058
790.1104 389.7962
789.7949 389.7814
789.5065 389.7663
789.1729 389.7601
788.8737 389.7643
788.6003 389.7827
788.0664 389.8636
787.9739 389.8856
787.8008 389.9399
787.6416 390.0171
787.4987 390.1099
787.3737 390.2109
787.3005 390.2995
787.2165 390.3893
787.1208 390.4883
787.0081 390.5939
786.8109 390.7145
786.5303 390.8572
786.1071 391.0587
785.4987 391.2803
784.7112 391.5441
783.749 391.8613
782.6061 392.224
780.9515 392.7819
779.0179 393.4915
776.7419 394.4023
773.6038 395.7552
770.4896 397.2151
767.4902 398.7739
763.9375 400.8644
760.7998 403.0414
757.7549 405.4453
754.345 408.3913
750.9896 411.4476
747.7278 414.5749
744.2946 417.8823
740.9818 421.2988
737.9075 424.6385
734.4011 428.4653
728.5677 435.0045
726.4421 437.4663
723.6282 440.7645
721.1914 443.6709
718.9968 446.6027
716.7907 449.7874
715.668 451.3999
714.2217 453.4709
712.9333 455.3543
711.8278 456.9596
710.7542 458.4684
709.514 460.1348
708.6543 461.2796
707.8164 462.3827
707.1813 463.284
706.6484 463.9451
706.0671 464.6164
705.5648 465.1091
705.0993 465.4839
704.6458 465.8174
704.1133 466.0474
703.5078 466.2202
702.748 466.3623
702.0475 466.4276
701.3457 466.4271
700.5319 466.2933
699.8223 466.0863
699.0843 465.8231
698.2767 465.486
697.5013 465.0912
696.874 464.6414
696.2347 464.0531
694.1624 461.6152
693.6331 461.0806
693.1286 460.6268
692.6517 460.2047
692.2513 459.8353
691.9622 459.5228
691.7285 459.2567
691.5788 459.0223
691.417 458.8193
691.3268 458.653
691.21 458.4949
691.1162 458.3631
691.1091 458.2637
691.6022 458.0565
694.2057 457.2622
764.8643 370.5176
764.9108 370.3895
764.9121 370.2375
764.9355 370.0807
764.9655 369.8719
765.0013 369.6741
764.9944 369.519
765.0071 369.3885
765.027 369.2975
765.0482 369.2476
765.0534 369.2111
765.0651 369.1924
765.1064 369.1667
765.1634 369.1706
765.2233 369.2056
765.2028 369.2848
765.1878 369.3895
765.1618 369.4879
765.1348 369.5555
765.1152 369.6261
765.1286 369.6637
765.1104 369.6919
765.1276 369.6836
765.1312 369.6772
765.0859 369.6434
765.0156 369.5952
764.944 369.5314
764.8535 369.4699
764.7617 369.3955
764.6634 369.3488
764.5986 369.3068
764.5182 369.2822
764.4456 369.2617
764.3984 369.2456
764.3623 369.2257
764.3184 369.2293
764.2568 369.2477
764.1628 369.2972
764.0775 369.3372
763.9671 369.3674
763.8516 369.3883
763.748 369.3965
763.6455 369.3963
763.5124 369.3967
763.388 369.3989
763.2477 369.4081
763.1247 369.4194
763.0107 369.4348
762.9271 369.4211
762.8317 369.3926
762.7474 369.3683
762.6787 369.3465
762.5915 369.3245
762.555 369.2853
762.5361 369.2412
762.541 369.1969
762.5459 369.1616
762.5397 369.1458
762.5146 369.1336
762.5472 369.1068
762.5645 369.0744
762.6104 369.0247
762.6452 368.9832
762.6979 368.9468
762.7396 368.9002
762.7783 368.8348
762.819 368.7541
762.874 368.6374
762.9131 368.5146
762.9727 368.3849
763.0309 368.2441
763.1068 368.1032
763.1771 367.9766
763.2018 367.8394
763.1484 367.7091
763.1904 367.5908
763.2129 367.4704
763.209 367.3717
763.3037 367.2871
763.388 367.2088
763.4053 367.1502
763.3893 367.1144
763.3818 367.0884
763.3643 367.0785
763.346 367.0863
763.3643 367.0827
763.4177 367.0728
763.5052 367.0645
763.6504 367.0474
763.7979 367.0365
763.9268 367.0405
764.0742 367.0594
764.2337 367.0825
764.3516 367.1302
764.4857 367.1985
764.5947 367.3021
764.6973 367.4254
764.7891 367.5573
764.8821 367.6779
764.9941 367.7754
765.0999 367.8577
765.1868 367.9339
765.237 368.0024
765.265 368.0959
765.3069 368.1706
765.363 368.2441
765.4473 368.3055
765.5244 368.3735
765.5807 368.438
765.6188 368.5443
765.638 368.6626
765.6608 368.8138
765.7214 368.973
765.7897 369.1362
765.8948 369.2822
766.1019 369.5005
766.3574 369.7562
766.6487 370.0946
767.0681 370.5623
767.5612 371.1038
768.1286 371.6611
768.9564 372.3745
769.8948 373.0742
770.7067 373.6764
771.9414 374.5999
773.2825 375.6037
774.6738 376.6079
776.3262 377.7409
778.013 378.841
779.7224 379.9173
781.5856 381.072
783.3604 382.1843
785.0306 383.2109
786.9642 384.3647
788.598 385.193
790.1797 385.8864
791.7864 386.5006
793.2207 387.0075
794.4567 387.3952
795.6221 387.7635
796.5515 388.0158
797.1846 388.1987
797.9626 388.3919
798.6094 388.5205
799.0661 388.6317
799.4297 388.7687
799.6328 388.8727
799.7051 388.9873
799.7337 389.0965
799.7324 389.2155
799.6875 389.2889
799.5117 389.4414
799.3235 389.5837
799.0989 389.7318
798.8187 389.8604
798.6009 389.9665
798.4219 390.0443
798.2682 390.1025
798.1423 390.0978
798.0814 390.0724
797.9951 389.999
797.9466 389.9144
797.9375 389.8146
797.9805 389.7162
798.0433 389.6487
798.1149 389.6042
798.2354 389.5964
798.3503 389.6182
798.4495 389.6714
798.5439 389.7479
798.6077 389.8455
798.6175 389.9359
798.5879 390.0137
798.5466 390.068
798.4873 390.1133
798.3962 390.167
798.28 390.2131
798.2025 390.2603
798.1084 390.3198
798.0159 390.3835
797.8903 390.4492
797.7275 390.519
797.5755 390.5641
797.4274 390.5996
797.2663 390.6188
797.1123 390.6338
796.9482 390.6419
796.7718 390.6658
796.5667 390.6857
796.3887 390.6999
796.2129 390.701
796.0241 390.7002
795.8245 390.6841
795.596 390.6504
795.3698 390.6146
795.1807 390.5778
794.9678 390.5296
794.7881 390.4821
794.6403 390.4191
794.4473 390.3298
794.2708 390.2603
794.0872 390.1831
793.8327 390.1064
793.542 390.0449
793.2773 389.9774
792.9795 389.9119
792.6657 389.8729
792.3909 389.8392
792.0749 389.8143
791.7549 389.8018
791.4489 389.7949
791.1113 389.792
790.7601 389.8015
790.4538 389.8058
790.1104 389.7962
789.7949 389.7814
789.5065 389.7663
789.1729 389.7601
788.8737 389.7643
788.6003 389.7827
788.0664 389.8636
787.9739 389.8856
787.8008 389.9399
787.6416 390.0171
787.4987 390.1099
787.3737 390.2109
787.3005 390.2995
787.2165 390.3893
787.1208 390.4883
787.0081 390.5939
786.8109 390.7145
786.5303 390.8572
786.1071 391.0587
785.4987 391.2803
784.7112 391.5441
783.749 391.8613
782.6061 392.224
780.9515 392.7819
779.0179 393.4915
776.7419 394.4023
773.6038 395.7552
770.4896 397.2151
767.4902 398.7739
763.9375 400.8644
760.7998 403.0414
757.7549 405.4453
754.345 408.3913
750.9896 411.4476
747.7278 414.5749
744.2946 417.8823
740.9818 421.2988
737.9075 424.6385
734.4011 428.4653
728.5677 435.0045
726.4421 437.4663
723.6282 440.7645
721.1914 443.6709
718.9968 446.6027
716.7907 449.7874
715.668 451.3999
714.2217 453.4709
712.9333 455.3543
711.8278 456.9596
710.7542 458.4684
709.514 460.1348
708.6543 461.2796
707.8164 462.3827
707.1813 463.284
706.6484 463.9451
706.0671 464.6164
705.5648 465.1091
705.0993 465.4839
704.6458 465.8174
704.1133 466.0474
703.5078 466.2202
702.748 466.3623
702.0475 466.4276
701.3457 466.4271
700.5319 466.2933
699.8223 466.0863
699.0843 465.8231
698.2767 465.486
697.5013 465.0912
696.874 464.6414
696.2347 464.0531
694.1624 461.6152
693.6331 461.0806
693.1286 460.6268
692.6517 460.2047
692.2513 459.8353
691.9622 459.5228
691.7285 459.2567
691.5788 459.0223
691.417 458.8193
691.3268 458.653
691.21 458.4949
691.1162 458.3631
691.1091 458.2637
691.6022 458.0565
694.2057 457.2622
700.8376 455.4932
704.2884 454.636
708.5723 453.5404
713.6992 452.1468
720.155 450.3774
728.0472 448.1579
736.8552 445.6437
746.8079 442.7824
757.6234 439.5355
768.6214 436.0705
781.0876 431.8117
793.2536 427.3297
805.7692 422.3426
817.3896 417.4406
828.0237 412.7575
839.3262 407.6218
849.7468 402.8464
859.1556 398.5713
869.0732 394.0222
878.7614 389.4653
888.3509 384.7752
898.5742 379.5874
908.8525 374.1398
919.0537 368.4432
929.9343 361.9933
940.8047 355.0078
947.6494 350.2456
957.2581 343.0083
965.9028 335.8052
973.8941 328.3623
981.7426 320.3151
989.1001 312.0907
996.1915 303.5679
1003.306 294.3224
1009.901 284.8688
1015.348 276.63
1022.058 265.6178
1027.268 256.1952
1031.863 247.2117
1036.402 237.9538
1040.734 228.8802
1044.762 220.4202
1048.314 211.9767
1051.151 204.0959
1053.226 196.911
1054.86 189.611
1056.18 183.4995
1058.145 178.2959
1060.58 173.4092
1063.168 169.3195
1065.764 165.978
1069.062 163.1055
1073.057 160.9378
1077.801 159.6217
1083.709 158.7627
1090.083 158.5718
1095.907 158.8488
1103.212 159.599
1110.883 160.7144
1119.123 162.2598
1129.117 164.3188
1139.875 166.644
1150.429 169.0005
1162.299 171.5579
1173.858 173.9788
1184.764 176.389
1197.562 179.4365
1208.637 182.264
1219.38 185.0931
1231.032 188.2009
1242.341 191.1665
1254.172 194.1982
1267.172 197.5846
1279.836 201.0116
1291.223 204.5023
1302.579 208.5335
1312.725 212.4171
1322.032 215.8405
1332.56 219.3838
1341.607 222.1169
1350.748 224.5684
1360.634 226.8683
1370.013 228.6725
1378.408 230.0612
1388.295 231.4007
1397.807 232.2668
1406.247 232.6623
1415.272 232.6816
1422.802 232.4211
1430.26 232.0625
1438.415 231.6846
1446.222 231.3257
1454.543 231.0671
1463.664 230.9336
1472.487 230.944
1481.221 231.1136
1490.82 231.6379
1500.346 232.5194
1507.795 233.4992
1517.535 235.2028
1526.877 237.2261
1535.374 239.265
1543.552 241.6564
1550.183 243.9207
1555.842 246.2679
1561.598 249.0363
1566.871 251.8828
1571.597 254.6025
1576.197 257.8058
1579.064 260.4095
1580.729 262.3545
1582.237 264.9925
1583.175 267.806
1583.849 270.8932
1584.475 274.8856
1585.103 278.8294
1585.575 282.9434
1585.662 287.3311
1585.053 291.8265
1583.874 296.6584
1582.011 302.8249
1580.111 308.3677
1578.038 314.0547
1575.748 320.0306
1573.09 326.035
1569.994 331.9046
1565.957 338.4639
1561.848 344.63
1557.885 350.7069
1554.151 356.9304
1551.147 363.0575
1548.743 369.4852
1546.635 376.8389
1544.869 384.1237
1543.157 390.931
1540.824 398.5325
1538.125 405.4548
1535.446 411.0198
1531.882 417.0563
1528.282 422.1367
1524.995 426.5739
1521.386 431.1637
1517.947 434.9551
1514.766 437.5153
1511.254 439.3377
1508.159 440.0568
1505.662 440.1362
1503.759 439.6335
1503.084 438.97
1503.396 438.2067
1504.631 437.4583
1506.495 436.9313
1508.705 436.7035
1511.871 436.6839
1515.155 437.0111
1518.621 437.6865
1522.772 438.9829
1527.043 440.6616
1531.213 442.554
1535.759 444.7469
1540.454 447.0905
1544.614 449.0451
1550.563 451.6147
1556.997 453.8962
1564.274 456.1551
1573.35 458.4046
1583.212 460.228
1593.425 461.514
1605.192 462.4559
1616.898 462.8032
1629.027 462.7944
1643.647 462.3895
1657.258 461.7529
1666.921 461.1765
1680.474 460.2681
1705.604 458.2505
1717.987 457.1097
1730.932 455.7248
1742.207 454.2238
1754.278 452.479
1766.246 450.491
1776.925 448.5529
1787.495 446.2811
1799.208 443.4622
1807.765 441.1117
1816.986 438.5038
1826.057 435.8397
1834.725 433.2588
1844.348 430.2645
1853.084 427.5128
1861.28 424.7669
1870.12 421.6274
1878.287 418.4629
1885.851 415.3641
1894.732 411.4824
1902.148 408.0431
1909.599 404.6033
1917.694 400.9421
1925.573 397.3866
1933.467 393.9526
1941.728 390.3994
1950.07 386.8434
1958.05 383.5016
1966.882 380.04
1975.556 376.7731
1982.162 374.4051
1990.572 371.4354
1998.935 368.5911
2006.968 365.8797
2015.319 363.1014
2023.296 360.4736
2030.865 358.1066
2038.687 355.6846
2051.768 351.2705
2055.835 349.6572
2060.522 347.4002
2063.455 345.4899
2065.27 343.6452
2065.605 341.8213
2064.452 340.0635
2061.713 338.2487
2057.502 336.2419
2052.23 334.2267
2045.459 331.9416
2034.996 329.0046
2025.218 326.7005
2013.494 324.3602
1999.718 321.9331
1985.883 319.7422
1970.301 317.4867
1953.423 315.241
1936.526 313.1619
1917.62 311.112
1899.029 309.3517
1879.406 307.8726
1858.249 306.7814
1835.717 305.993
1822 305.7018
1800.623 305.3735
1779.346 305.1478
1758.723 304.9217
1736.817 304.8392
1716.018 305.1908
1695.887 306.2248
1675.88 307.9715
1658.394 310.1615
1642.188 312.6497
1623.368 316.048
1609.234 318.9723
1596.491 322.1292
1584.314 325.8722
1573.654 330.0973
1564.183 334.7329
1555.64 339.6779
1548.168 344.6304
1542.173 349.3206
1536.77 354.2443
1532.692 358.8154
1529.821 363.2469
1527.903 367.9066
1526.865 373.1753
1526.918 378.4055
1528.068 383.9367
1530.505 389.355
1534.018 394.116
1539.123 398.7419
1545.074 402.464
1551.819 405.5674
1560.088 408.7334
1578.301 415.0213
1586.251 417.5995
1596.968 420.7679
1606.622 423.4025
1617.142 426.0281
1627.974 428.5901
1638.286 430.9287
1649.087 433.2386
1660.456 435.3922
1670.775 436.9438
1681.772 438.0684
1695.063 438.8602
1705.505 439.1393
1718.107 439.3612
1730.187 439.2996
1738.173 439.076
1749.533 438.4188
1760.182 437.3187
1770.757 435.6442
1780.431 433.6561
1789.435 431.4243
1797.726 429.0636
1806.016 426.3801
1813.614 423.624
1820.816 420.6869
1829.582 416.5506
1836.884 412.5246
1842.172 409.2002
1848.046 405.0462
1854.035 400.2912
1859.066 395.9658
700.8376 455.4932
704.2884 454.636
708.5723 453.5404
713.6992 452.1468
720.155 450.3774
728.0472 448.1579
736.8552 445.6437
746.8079 442.7824
757.6234 439.5355
768.6214 436.0705
781.0876 431.8117
793.2536 427.3297
805.7692 422.3426
817.3896 417.4406
828.0237 412.7575
839.3262 407.6218
849.7468 402.8464
859.1556 398.5713
869.0732 394.0222
878.7614 389.4653
888.3509 384.7752
898.5742 379.5874
908.8525 374.1398
919.0537 368.4432
929.9343 361.9933
940.8047 355.0078
947.6494 350.2456
957.2581 343.0083
965.9028 335.8052
973.8941 328.3623
981.7426 320.3151
989.1001 312.0907
996.1915 303.5679
1003.306 294.3224
1009.901 284.8688
1015.348 276.63
1022.058 265.6178
1027.268 256.1952
1031.863 247.2117
1036.402 237.9538
1040.734 228.8802
1044.762 220.4202
1048.314 211.9767
1051.151 204.0959
1053.226 196.911
1054.86 189.611
1056.18 183.4995
1058.145 178.2959
1060.58 173.4092
1063.168 169.3195
1065.764 165.978
1069.062 163.1055
1073.057 160.9378
1077.801 159.6217
1083.709 158.7627
1090.083 158.5718
1095.907 158.8488
1103.212 159.599
1110.883 160.7144
1119.123 162.2598
1129.117 164.3188
1139.875 166.644
1150.429 169.0005
1162.299 171.5579
1173.858 173.9788
1184.764 176.389
1197.562 179.4365
1208.637 182.264
1219.38 185.0931
1231.032 188.2009
1242.341 191.1665
1254.172 194.1982
1267.172 197.5846
1279.836 201.0116
1291.223 204.5023
1302.579 208.5335
1312.725 212.4171
1322.032 215.8405
1332.56 219.3838
1341.607 222.1169
1350.748 224.5684
1360.634 226.8683
1370.013 228.6725
1378.408 230.0612
1388.295 231.4007
1397.807 232.2668
1406.247 232.6623
1415.272 232.6816
1422.802 232.4211
1430.26 232.0625
1438.415 231.6846
1446.222 231.3257
1454.543 231.0671
1463.664 230.9336
1472.487 230.944
1481.221 231.1136
1490.82 231.6379
1500.346 232.5194
1507.795 233.4992
1517.535 235.2028
1526.877 237.2261
1535.374 239.265
1543.552 241.6564
1550.183 243.9207
1555.842 246.2679
1561.598 249.0363
1566.871 251.8828
1571.597 254.6025
1576.197 257.8058
1579.064 260.4095
1580.729 262.3545
1582.237 264.9925
1583.175 267.806
1583.849 270.8932
1584.475 274.8856
1585.103 278.8294
1585.575 282.9434
1585.662 287.3311
1585.053 291.8265
1583.874 296.6584
1582.011 302.8249
1580.111 308.3677
1578.038 314.0547
1575.748 320.0306
1573.09 326.035
1569.994 331.9046
1565.957 338.4639
1561.848 344.63
1557.885 350.7069
1554.151 356.9304
1551.147 363.0575
1548.743 369.4852
1546.635 376.8389
1544.869 384.1237
1543.157 390.931
1540.824 398.5325
1538.125 405.4548
1535.446 411.0198
1531.882 417.0563
1528.282 422.1367
1524.995 426.5739
1521.386 431.1637
1517.947 434.9551
1514.766 437.5153
1511.254 439.3377
1508.159 440.0568
1505.662 440.1362
1503.759 439.6335
1503.084 438.97
1503.396 438.2067
1504.631 437.4583
1506.495 436.9313
1508.705 436.7035
1511.871 436.6839
1515.155 437.0111
1518.621 437.6865
1522.772 438.9829
1527.043 440.6616
1531.213 442.554
1535.759 444.7469
1540.454 447.0905
1544.614 449.0451
1550.563 451.6147
1556.997 453.8962
1564.274 456.1551
1573.35 458.4046
1583.212 460.228
1593.425 461.514
1605.192 462.4559
1616.898 462.8032
1629.027 462.7944
1643.647 462.3895
1657.258 461.7529
1666.921 461.1765
1680.474 460.2681
1705.604 458.2505
1717.987 457.1097
1730.932 455.7248
1742.207 454.2238
1754.278 452.479
1766.246 450.491
1776.925 448.5529
1787.495 446.2811
1799.208 443.4622
1807.765 441.1117
1816.986 438.5038
1826.057 435.8397
1834.725 433.2588
1844.348 430.2645
1853.084 427.5128
1861.28 424.7669
1870.12 421.6274
1878.287 418.4629
1885.851 415.3641
1894.732 411.4824
1902.148 408.0431
1909.599 404.6033
1917.694 400.9421
1925.573 397.3866
1933.467 393.9526
1941.728 390.3994
1950.07 386.8434
1958.05 383.5016
1966.882 380.04
1975.556 376.7731
1982.162 374.4051
1990.572 371.4354
1998.935 368.5911
2006.968 365.8797
2015.319 363.1014
2023.296 360.4736
2030.865 358.1066
2038.687 355.6846
2051.768 351.2705
2055.835 349.6572
2060.522 347.4002
2063.455 345.4899
2065.27 343.6452
2065.605 341.8213
2064.452 340.0635
2061.713 338.2487
2057.502 336.2419
2052.23 334.2267
2045.459 331.9416
2034.996 329.0046
2025.218 326.7005
2013.494 324.3602
1999.718 321.9331
1985.883 319.7422
1970.301 317.4867
1953.423 315.241
1936.526 313.1619
1917.62 311.112
1899.029 309.3517
1879.406 307.8726
1858.249 306.7814
1835.717 305.993
1822 305.7018
1800.623 305.3735
1779.346 305.1478
1758.723 304.9217
1736.817 304.8392
1716.018 305.1908
1695.887 306.2248
1675.88 307.9715
1658.394 310.1615
1642.188 312.6497
1623.368 316.048
1609.234 318.9723
1596.491 322.1292
1584.314 325.8722
1573.654 330.0973
1564.183 334.7329
1555.64 339.6779
1548.168 344.6304
1542.173 349.3206
1536.77 354.2443
1532.692 358.8154
1529.821 363.2469
1527.903 367.9066
1526.865 373.1753
1526.918 378.4055
1528.068 383.9367
1530.505 389.355
1534.018 394.116
1539.123 398.7419
1545.074 402.464
1551.819 405.5674
1560.088 408.7334
1578.301 415.0213
1586.251 417.5995
1596.968 420.7679
1606.622 423.4025
1617.142 426.0281
1627.974 428.5901
1638.286 430.9287
1649.087 433.2386
1660.456 435.3922
1670.775 436.9438
1681.772 438.0684
1695.063 438.8602
1705.505 439.1393
1718.107 439.3612
1730.187 439.2996
1738.173 439.076
1749.533 438.4188
1760.182 437.3187
1770.757 435.6442
1780.431 433.6561
1789.435 431.4243
1797.726 429.0636
1806.016 426.3801
1813.614 423.624
1820.816 420.6869
1829.582 416.5506
1836.884 412.5246
1842.172 409.2002
1848.046 405.0462
1854.035 400.2912
1859.066 395.9658
1863.975 391.4014
1868.39 386.7953
1872.012 382.4596
1875.41 377.4989
1877.909 372.6092
1879.593 367.542
1880.445 361.9243
1880.273 356.7886
1879.262 351.8275
1877.291 346.6945
1874.385 341.6174
1870.976 337.2628
1866.204 332.5037
1860.824 328.2547
1854.768 324.2786
1847.976 320.4367
1841.227 317.0187
1834.448 313.8927
1826.984 310.793
1819.139 307.9619
1812.129 305.8241
1803.412 303.5838
1794.6 301.7067
1785.583 300.0536
1775.402 298.4854
1764.809 297.0895
1753.832 295.9517
1741.703 294.9785
1729.745 294.395
1717.729 294.1691
1703.74 294.4421
1690.612 295.1035
1678.5 296.0447
1664.218 297.3892
1650.473 298.9176
1637.64 300.5031
1624.749 302.3566
1612.273 304.4463
1600.837 306.6737
1588.84 309.2108
1577.754 311.7363
1567.105 314.1893
1555.745 316.9154
1545.661 319.3975
1538.51 321.2666
1529.964 323.6704
1522.777 326.0607
1517.205 328.3711
1513.026 330.644
1509.745 332.8839
1507.228 335.022
1505.414 337.2663
1504.758 339.3234
1504.951 341.0028
1506.118 343.5553
1507.914 346.1721
1509.93 348.7852
1512.579 351.763
1515.351 354.5586
1518.3 357.2227
1521.586 360.111
1524.947 363.1704
1528.399 366.3875
1532.514 370.2648
1536.127 373.5269
1539.625 376.4976
1543.392 379.3024
1547.318 381.9583
1550.224 383.6885
1554.332 385.9624
1558.412 387.8359
1562.455 389.2645
1566.832 390.4769
1571.173 391.3846
1575.006 391.8252
1579.266 391.9124
1583.416 391.6001
1587.605 391.0317
1592.287 389.9961
1596.356 388.763
1599.352 387.571
1602.942 385.8467
1606.167 383.9507
1609.258 381.8838
1612.461 379.5687
1615.326 377.3971
1618.015 375.2184
1620.754 372.8831
1623.482 370.4802
1625.814 368.2822
1628.367 365.3694
1630.306 362.2321
1631.935 358.6183
1633.658 353.7538
1635.512 348.0989
1637.532 341.9722
1639.817 334.8092
1642.239 327.4206
1644.649 319.9696
1647.351 311.7453
1650.25 303.8794
1653.5 296.2759
1657.468 288.0164
1661.555 280.4816
1665.326 274.0978
1669.394 267.4866
1673.838 260.7874
1677.229 255.9536
1681.345 250.3092
1685.519 244.7848
1689.339 239.8682
1692.902 235.258
1696.37 230.8841
1699.8 226.5845
1702.673 222.9515
1705.57 219.2983
1708.134 216.0871
1710.824 212.7905
1713.077 210.1926
1715.179 207.9359
1717.147 206.0016
1718.961 204.3571
1720.208 203.3148
1721.36 202.4982
1722.292 201.9211
1722.968 201.6094
1723.33 201.5192
1723.264 201.6051
1722.849 201.8757
1722.088 202.3641
1721.196 203.0174
1720.299 203.8457
1719.258 204.9168
1718.346 205.9069
1717.543 206.8037
1716.617 207.8105
1715.635 208.8797
1714.709 209.8509
1713.595 210.9211
1712.498 211.9066
1711.456 212.7757
1710.213 213.6444
1708.922 214.3996
1707.531 215.1317
1705.832 215.8796
1704.139 216.571
1702.553 217.1377
1700.891 217.7034
1699.563 218.0706
1698.38 218.3419
1697.226 218.4764
1696.192 218.5176
1695.317 218.4984
1694.502 218.457
1693.963 218.3859
1693.487 218.3249
1692.994 218.2785
1692.527 218.2559
1692.081 218.2363
1691.555 218.1922
1691.094 218.1003
1690.736 218.0104
1690.493 217.8398
1690.406 217.6665
1690.391 217.5088
1690.37 217.2993
1690.374 217.0918
1690.398 216.8543
1690.432 216.5332
1690.465 216.2077
1690.57 215.8711
1690.755 215.5033
1690.989 215.1257
1691.239 214.7778
1691.475 214.3732
1691.671 214.0514
1691.825 213.7952
1691.947 213.5781
1692.058 213.4279
1692.138 213.3055
1692.229 213.2056
1692.303 213.1605
1692.364 213.0986
1692.333 213.0721
1692.235 213.1195
1692.097 213.2316
1691.916 213.4015
1691.748 213.5946
1691.589 213.7467
1691.402 213.9583
1691.208 214.126
1691.086 214.2708
1690.981 214.4146
1690.847 214.5093
1690.684 214.5695
1690.511 214.6354
1690.312 214.6675
1690.136 214.7038
1689.936 214.7404
1689.83 214.7808
1689.752 214.8018
1689.669 214.8265
1689.584 214.8338
1689.497 214.877
1689.341 214.917
1689.189 215.0068
1689.054 215.1022
1688.926 215.2544
1688.751 215.4395
1688.518 215.6639
1688.201 215.9229
1687.794 216.1956
1687.371 216.4264
1686.873 216.7015
1686.347 216.9307
1685.871 217.1102
1685.316 217.2822
1684.767 217.4123
1684.241 217.5117
1683.67 217.6199
1683.175 217.7028
1682.821 217.7487
1682.508 217.7557
1682.377 217.7308
1682.403 217.6746
1682.568 217.5723
1682.81 217.4481
1683.11 217.3021
1683.438 217.1078
1683.713 216.9593
1683.889 216.8382
1683.989 216.7718
1684.018 216.7394
1683.941 216.7627
1683.768 216.8135
1683.6 216.9202
1683.366 217.0443
1683.021 217.2096
1682.677 217.3547
1682.343 217.494
1681.921 217.6611
1681.487 217.8568
1681.109 218.0381
1680.689 218.2466
1680.022 218.6143
1679.755 218.7588
1679.5 218.8783
1679.366 218.9406
1679.312 218.9793
1679.368 218.9925
1679.424 218.9645
1679.444 218.8864
1679.399 218.7401
1679.208 218.5571
1679.233 218.3517
1679.163 218.1113
1679.354 217.8402
1679.455 217.4875
1679.729 217.1107
1679.924 216.6882
1680.172 216.1296
1680.421 215.4344
1680.625 214.7456
1680.772 213.8395
1680.884 212.8537
1680.901 211.849
1680.98 210.6227
1680.964 209.3268
1680.988 208.043
1680.96 206.4946
1681.022 205.0741
1681.033 203.806
1681.08 202.3096
1681.058 200.971
1681.034 199.6646
1681.002 198.4683
1681.008 197.3527
1680.942 196.3158
1680.831 195.4526
1680.744 194.7166
1680.678 194.131
1680.583 193.6066
1680.561 193.2466
1680.576 192.9598
1680.652 192.8109
1680.674 192.764
1680.676 192.839
1680.583 192.9673
1680.532 193.1696
1680.494 193.3859
1680.444 193.6229
1680.335 193.9111
1680.184 194.2173
1679.989 194.5072
1679.687 194.8529
1679.317 195.1403
1679.047 195.3945
1678.793 195.6087
1678.61 195.8195
1678.478 195.9933
1863.975 391.4014
1868.39 386.7953
1872.012 382.4596
1875.41 377.4989
1877.909 372.6092
1879.593 367.542
1880.445 361.9243
1880.273 356.7886
1879.262 351.8275
1877.291 346.6945
1874.385 341.6174
1870.976 337.2628
1866.204 332.5037
1860.824 328.2547
1854.768 324.2786
1847.976 320.4367
1841.227 317.0187
1834.448 313.8927
1826.984 310.793
1819.139 307.9619
1812.129 305.8241
1803.412 303.5838
1794.6 301.7067
1785.583 300.0536
1775.402 298.4854
1764.809 297.0895
1753.832 295.9517
1741.703 294.9785
1729.745 294.395
1717.729 294.1691
1703.74 294.4421
1690.612 295.1035
1678.5 296.0447
1664.218 297.3892
1650.473 298.9176
1637.64 300.5031
1624.749 302.3566
1612.273 304.4463
1600.837 306.6737
1588.84 309.2108
1577.754 311.7363
1567.105 314.1893
1555.745 316.9154
1545.661 319.3975
1538.51 321.2666
1529.964 323.6704
1522.777 326.0607
1517.205 328.3711
1513.026 330.644
1509.745 332.8839
1507.228 335.022
1505.414 337.2663
1504.758 339.3234
1504.951 341.0028
1506.118 343.5553
1507.914 346.1721
1509.93 348.7852
1512.579 351.763
1515.351 354.5586
1518.3 357.2227
1521.586 360.111
1524.947 363.1704
1528.399 366.3875
1532.514 370.2648
1536.127 373.5269
1539.625 376.4976
1543.392 379.3024
1547.318 381.9583
1550.224 383.6885
1554.332 385.9624
1558.412 387.8359
1562.455 389.2645
1566.832 390.4769
1571.173 391.3846
1575.006 391.8252
1579.266 391.9124
1583.416 391.6001
1587.605 391.0317
1592.287 389.9961
1596.356 388.763
1599.352 387.571
1602.942 385.8467
1606.167 383.9507
1609.258 381.8838
1612.461 379.5687
1615.326 377.3971
1618.015 375.2184
1620.754 372.8831
1623.482 370.4802
1625.814 368.2822
1628.367 365.3694
1630.306 362.2321
1631.935 358.6183
1633.658 353.7538
1635.512 348.0989
1637.532 341.9722
1639.817 334.8092
1642.239 327.4206
1644.649 319.9696
1647.351 311.7453
1650.25 303.8794
1653.5 296.2759
1657.468 288.0164
1661.555 280.4816
1665.326 274.0978
1669.394 267.4866
1673.838 260.7874
1677.229 255.9536
1681.345 250.3092
1685.519 244.7848
1689.339 239.8682
1692.902 235.258
1696.37 230.8841
1699.8 226.5845
1702.673 222.9515
1705.57 219.2983
1708.134 216.0871
1710.824 212.7905
1713.077 210.1926
1715.179 207.9359
1717.147 206.0016
1718.961 204.3571
1720.208 203.3148
1721.36 202.4982
1722.292 201.9211
1722.968 201.6094
1723.33 201.5192
1723.264 201.6051
1722.849 201.8757
1722.088 202.3641
1721.196 203.0174
1720.299 203.8457
1719.258 204.9168
1718.346 205.9069
1717.543 206.8037
1716.617 207.8105
1715.635 208.8797
1714.709 209.8509
1713.595 210.9211
1712.498 211.9066
1711.456 212.7757
1710.213 213.6444
1708.922 214.3996
1707.531 215.1317
1705.832 215.8796
1704.139 216.571
1702.553 217.1377
1700.891 217.7034
1699.563 218.0706
1698.38 218.3419
1697.226 218.4764
1696.192 218.5176
1695.317 218.4984
1694.502 218.457
1693.963 218.3859
1693.487 218.3249
1692.994 218.2785
1692.527 218.2559
1692.081 218.2363
1691.555 218.1922
1691.094 218.1003
1690.736 218.0104
1690.493 217.8398
1690.406 217.6665
1690.391 217.5088
1690.37 217.2993
1690.374 217.0918
1690.398 216.8543
1690.432 216.5332
1690.465 216.2077
1690.57 215.8711
1690.755 215.5033
1690.989 215.1257
1691.239 214.7778
1691.475 214.3732
1691.671 214.0514
1691.825 213.7952
1691.947 213.5781
1692.058 213.4279
1692.138 213.3055
1692.229 213.2056
1692.303 213.1605
1692.364 213.0986
1692.333 213.0721
1692.235 213.1195
1692.097 213.2316
1691.916 213.4015
1691.748 213.5946
1691.589 213.7467
1691.402 213.9583
1691.208 214.126
1691.086 214.2708
1690.981 214.4146
1690.847 214.5093
1690.684 214.5695
1690.511 214.6354
1690.312 214.6675
1690.136 214.7038
1689.936 214.7404
1689.83 214.7808
1689.752 214.8018
1689.669 214.8265
1689.584 214.8338
1689.497 214.877
1689.341 214.917
1689.189 215.0068
1689.054 215.1022
1688.926 215.2544
1688.751 215.4395
1688.518 215.6639
1688.201 215.9229
1687.794 216.1956
1687.371 216.4264
1686.873 216.7015
1686.347 216.9307
1685.871 217.1102
1685.316 217.2822
1684.767 217.4123
1684.241 217.5117
1683.67 217.6199
1683.175 217.7028
1682.821 217.7487
1682.508 217.7557
1682.377 217.7308
1682.403 217.6746
1682.568 217.5723
1682.81 217.4481
1683.11 217.3021
1683.438 217.1078
1683.713 216.9593
1683.889 216.8382
1683.989 216.7718
1684.018 216.7394
1683.941 216.7627
1683.768 216.8135
1683.6 216.9202
1683.366 217.0443
1683.021 217.2096
1682.677 217.3547
1682.343 217.494
1681.921 217.6611
1681.487 217.8568
1681.109 218.0381
1680.689 218.2466
1680.022 218.6143
1679.755 218.7588
1679.5 218.8783
1679.366 218.9406
1679.312 218.9793
1679.368 218.9925
1679.424 218.9645
1679.444 218.8864
1679.399 218.7401
1679.208 218.5571
1679.233 218.3517
1679.163 218.1113
1679.354 217.8402
1679.455 217.4875
1679.729 217.1107
1679.924 216.6882
1680.172 216.1296
1680.421 215.4344
1680.625 214.7456
1680.772 213.8395
1680.884 212.8537
1680.901 211.849
1680.98 210.6227
1680.964 209.3268
1680.988 208.043
1680.96 206.4946
1681.022 205.0741
1681.033 203.806
1681.08 202.3096
1681.058 200.971
1681.034 199.6646
1681.002 198.4683
1681.008 197.3527
1680.942 196.3158
1680.831 195.4526
1680.744 194.7166
1680.678 194.131
1680.583 193.6066
1680.561 193.2466
1680.576 192.9598
1680.652 192.8109
1680.674 192.764
1680.676 192.839
1680.583 192.9673
1680.532 193.1696
1680.494 193.3859
1680.444 193.6229
1680.335 193.9111
1680.184 194.2173
1679.989 194.5072
1679.687 194.8529
1679.317 195.1403
1679.047 195.3945
1678.793 195.6087
1678.61 195.8195
1678.478 195.9933
1678.416 196.1883
1678.398 196.3193
1678.492 196.4196
1678.659 196.5072
1678.874 196.6291
1679.082 196.7596
1679.366 196.9935
1679.618 197.1862
1679.876 197.4066
1680.073 197.644
1680.226 197.9102
1680.344 198.1304
1680.434 198.411
1680.472 198.6309
1680.588 198.8094
1680.724 198.9754
1680.885 199.1414
1680.962 199.3073
1680.972 199.5433
1680.869 199.7686
1680.834 199.9945
1680.726 200.2233
1680.67 200.4103
1680.586 200.5407
1680.449 200.6581
1680.265 200.7061
1680.057 200.7086
1679.652 200.66
1679.089 200.6187
1678.435 200.5765
1677.575 200.5488
1676.698 200.5294
1675.84 200.5337
1674.836 200.5511
1673.888 200.595
1672.958 200.6466
1671.909 200.7135
1670.874 200.7972
1669.744 200.9124
1668.339 201.0824
1666.903 201.318
1665.411 201.611
1663.727 202.0236
1662.061 202.5039
1660.402 203.0436
1658.376 203.8475
1656.443 204.8039
1654.531 205.9644
1652.201 207.481
1649.754 209.16
1647.292 211.0054
1644.83 213.1886
1642.421 215.6395
1640.088 218.3079
1637.418 221.7074
1635.116 224.9715
1633 228.1312
1630.754 231.5612
1628.708 234.6641
1625.176 240.8703
1623.932 243.804
1622.747 246.9894
1621.71 250.2485
1620.861 253.3153
1620.361 255.8099
1620.037 258.112
1619.72 260.2352
1619.437 262.1689
1619.128 263.9193
1618.888 265.6626
1618.773 267.5231
1618.756 269.2222
1618.815 270.7339
1619 272.4395
1619.396 274.271
1619.993 276.111
1620.589 278.0134
1621.34 280.2122
1622.08 282.5397
1622.698 284.6169
1623.305 287.0817
1623.834 289.3714
1624.352 291.6621
1624.814 293.7095
1625.195 295.4624
1625.597 297.2158
1626.108 299.1628
1626.721 300.959
1627.253 302.5342
1627.896 304.2171
1628.534 305.5889
1629.132 306.6248
1629.848 307.7734
1630.518 308.8068
1631.072 309.7455
1631.625 310.8109
1632.094 311.8262
1632.507 312.8208
1632.838 313.9824
1633.074 315.0841
1633.266 316.1392
1633.412 317.3146
1633.386 318.5015
1633.21 319.675
1632.802 321.1372
1632.306 322.791
1631.987 324.2292
1631.645 326.2516
1631.323 328.4103
1631.128 330.6427
1631.042 333.2518
1631.045 335.6761
1631.093 337.9688
1631.282 340.257
1631.664 342.3198
1632.194 344.131
1632.939 346.1172
1633.852 347.8794
1634.442 348.792
1635.41 350.0651
1636.303 351.0443
1637.131 351.75
1637.995 352.3102
1638.783 352.6579
1639.526 352.8882
1640.268 353.0939
1640.988 353.297
1641.659 353.4886
1642.431 353.6756
1642.966 353.7834
1643.342 353.8436
1643.7 353.9263
1643.967 354.0371
1644.205 354.1706
1644.435 354.3473
1644.67 354.4951
1644.9 354.6143
1645.069 354.7044
1645.174 354.7776
1645.248 354.8385
1645.372 354.8952
1645.539 354.9128
1645.68 354.9077
1645.762 354.8708
1645.78 354.7725
1645.823 354.6634
1645.859 354.4982
1645.884 354.3291
1645.962 354.1283
1646.142 353.9212
1646.395 353.7435
1646.696 353.5682
1647.141 353.4037
1647.62 353.2762
1648.097 353.1769
1648.595 353.1082
1648.983 353.1016
1649.186 353.1203
1649.433 353.1677
1649.656 353.2202
1649.822 353.2902
1650.015 353.3635
1650.149 353.4458
1650.205 353.5216
1650.175 353.6133
1650.071 353.6875
1649.914 353.7393
1649.682 353.7479
1649.466 353.7289
1649.218 353.7046
1648.917 353.7201
1648.577 353.763
1648.268 353.8181
1647.926 353.8646
1647.618 353.9139
1647.316 353.9626
1646.973 354.0511
1646.67 354.1351
1646.379 354.2108
1646.109 354.2635
1645.864 354.2944
1645.586 354.3221
1645.189 354.3343
1644.796 354.3122
1644.431 354.2485
1644.092 354.1484
1643.78 354.0259
1643.465 353.9019
1643.163 353.7494
1642.93 353.6126
1642.752 353.4873
1642.583 353.3563
1642.457 353.2453
1642.368 353.1499
1642.259 353.0386
1642.195 352.9236
1642.137 352.791
1642.091 352.6289
1642.07 352.4707
1642.067 352.3312
1642.09 352.1836
1642.115 352.0601
1642.155 351.945
1642.218 351.8522
1642.348 351.7915
1642.523 351.7642
1642.762 351.7628
1643.083 351.7876
1643.491 351.7897
1643.933 351.7686
1644.411 351.7567
1644.861 351.7699
1645.349 351.8037
1645.751 351.8244
1646.068 351.8022
1646.401 351.7373
1646.677 351.6494
1646.882 351.5519
1647.087 351.4282
1647.25 351.3081
1647.388 351.2258
1647.529 351.124
1647.638 351.0402
1647.744 350.9756
1647.861 350.9435
1647.979 350.9211
1648.048 350.9123
1648.096 350.8986
1648.137 350.8561
1648.176 350.8115
1648.224 350.7358
1648.283 350.6489
1648.33 350.5555
1648.389 350.431
1648.453 350.2831
1648.487 350.1203
1648.468 349.9261
1648.399 349.7428
1648.276 349.6063
1648.094 349.4961
1647.851 349.4627
1647.559 349.4774
1647.155 349.5352
1646.732 349.6074
1646.289 349.7085
1645.859 349.8268
1645.462 349.9651
1645.143 350.0869
1644.78 350.2518
1644.481 350.4243
1644.266 350.6104
1644.096 350.8235
1643.978 351.0174
1643.888 351.1789
1643.832 351.3329
1643.783 351.4203
1643.768 351.4876
1643.863 351.5083
1644.008 351.5413
1644.134 351.5744
1644.286 351.6489
1644.386 351.7423
1644.457 351.8457
1644.501 351.9373
1644.516 352.0132
1644.506 352.0522
1644.456 352.0752
1644.335 352.0529
1644.153 352.0055
1643.919 351.8791
1643.67 351.7129
1643.44 351.5216
1643.151 351.272
1642.913 350.9905
1642.717 350.7642
1642.647 350.5226
1642.685 350.3495
1642.803 350.2425
1643.05 350.1901
1643.387 350.1859
1643.783 350.2093
1644.32 350.2283
1644.916 350.228
1645.511 350.2122
1646.139 350.2047
1646.741 350.1678
1647.287 350.1194
1647.765 350.0859
1648.198 350.0454
1648.571 349.9941
1648.922 349.9424
1649.226 349.8693
1649.47 349.7974
1649.714 349.7126
1649.922 349.6374
1650.057 349.5589
1650.183 349.4484
1650.331 349.3014
1650.523 349.1013
1650.786 348.8405
1678.416 196.1883
1678.398 196.3193
1678.492 196.4196
1678.659 196.5072
1678.874 196.6291
1679.082 196.7596
1679.366 196.9935
1679.618 197.1862
1679.876 197.4066
1680.073 197.644
1680.226 197.9102
1680.344 198.1304
1680.434 198.411
1680.472 198.6309
1680.588 198.8094
1680.724 198.9754
1680.885 199.1414
1680.962 199.3073
1680.972 199.5433
1680.869 199.7686
1680.834 199.9945
1680.726 200.2233
1680.67 200.4103
1680.586 200.5407
1680.449 200.6581
1680.265 200.7061
1680.057 200.7086
1679.652 200.66
1679.089 200.6187
1678.435 200.5765
1677.575 200.5488
1676.698 200.5294
1675.84 200.5337
1674.836 200.5511
1673.888 200.595
1672.958 200.6466
1671.909 200.7135
1670.874 200.7972
1669.744 200.9124
1668.339 201.0824
1666.903 201.318
1665.411 201.611
1663.727 202.0236
1662.061 202.5039
1660.402 203.0436
1658.376 203.8475
1656.443 204.8039
1654.531 205.9644
1652.201 207.481
1649.754 209.16
1647.292 211.0054
1644.83 213.1886
1642.421 215.6395
1640.088 218.3079
1637.418 221.7074
1635.116 224.9715
1633 228.1312
1630.754 231.5612
1628.708 234.6641
1625.176 240.8703
1623.932 243.804
1622.747 246.9894
1621.71 250.2485
1620.861 253.3153
1620.361 255.8099
1620.037 258.112
1619.72 260.2352
1619.437 262.1689
1619.128 263.9193
1618.888 265.6626
1618.773 267.5231
1618.756 269.2222
1618.815 270.7339
1619 272.4395
1619.396 274.271
1619.993 276.111
1620.589 278.0134
1621.34 280.2122
1622.08 282.5397
1622.698 284.6169
1623.305 287.0817
1623.834 289.3714
1624.352 291.6621
1624.814 293.7095
1625.195 295.4624
1625.597 297.2158
1626.108 299.1628
1626.721 300.959
1627.253 302.5342
1627.896 304.2171
1628.534 305.5889
1629.132 306.6248
1629.848 307.7734
1630.518 308.8068
1631.072 309.7455
1631.625 310.8109
1632.094 311.8262
1632.507 312.8208
1632.838 313.9824
1633.074 315.0841
1633.266 316.1392
1633.412 317.3146
1633.386 318.5015
1633.21 319.675
1632.802 321.1372
1632.306 322.791
1631.987 324.2292
1631.645 326.2516
1631.323 328.4103
1631.128 330.6427
1631.042 333.2518
1631.045 335.6761
1631.093 337.9688
1631.282 340.257
1631.664 342.3198
1632.194 344.131
1632.939 346.1172
1633.852 347.8794
1634.442 348.792
1635.41 350.0651
1636.303 351.0443
1637.131 351.75
1637.995 352.3102
1638.783 352.6579
1639.526 352.8882
1640.268 353.0939
1640.988 353.297
1641.659 353.4886
1642.431 353.6756
1642.966 353.7834
1643.342 353.8436
1643.7 353.9263
1643.967 354.0371
1644.205 354.1706
1644.435 354.3473
1644.67 354.4951
1644.9 354.6143
1645.069 354.7044
1645.174 354.7776
1645.248 354.8385
1645.372 354.8952
1645.539 354.9128
1645.68 354.9077
1645.762 354.8708
1645.78 354.7725
1645.823 354.6634
1645.859 354.4982
1645.884 354.3291
1645.962 354.1283
1646.142 353.9212
1646.395 353.7435
1646.696 353.5682
1647.141 353.4037
1647.62 353.2762
1648.097 353.1769
1648.595 353.1082
1648.983 353.1016
1649.186 353.1203
1649.433 353.1677
1649.656 353.2202
1649.822 353.2902
1650.015 353.3635
1650.149 353.4458
1650.205 353.5216
1650.175 353.6133
1650.071 353.6875
1649.914 353.7393
1649.682 353.7479
1649.466 353.7289
1649.218 353.7046
1648.917 353.7201
1648.577 353.763
1648.268 353.8181
1647.926 353.8646
1647.618 353.9139
1647.316 353.9626
1646.973 354.0511
1646.67 354.1351
1646.379 354.2108
1646.109 354.2635
1645.864 354.2944
1645.586 354.3221
1645.189 354.3343
1644.796 354.3122
1644.431 354.2485
1644.092 354.1484
1643.78 354.0259
1643.465 353.9019
1643.163 353.7494
1642.93 353.6126
1642.752 353.4873
1642.583 353.3563
1642.457 353.2453
1642.368 353.1499
1642.259 353.0386
1642.195 352.9236
1642.137 352.791
1642.091 352.6289
1642.07 352.4707
1642.067 352.3312
1642.09 352.1836
1642.115 352.0601
1642.155 351.945
1642.218 351.8522
1642.348 351.7915
1642.523 351.7642
1642.762 351.7628
1643.083 351.7876
1643.491 351.7897
1643.933 351.7686
1644.411 351.7567
1644.861 351.7699
1645.349 351.8037
1645.751 351.8244
1646.068 351.8022
1646.401 351.7373
1646.677 351.6494
1646.882 351.5519
1647.087 351.4282
1647.25 351.3081
1647.388 351.2258
1647.529 351.124
1647.638 351.0402
1647.744 350.9756
1647.861 350.9435
1647.979 350.9211
1648.048 350.9123
1648.096 350.8986
1648.137 350.8561
1648.176 350.8115
1648.224 350.7358
1648.283 350.6489
1648.33 350.5555
1648.389 350.431
1648.453 350.2831
1648.487 350.1203
1648.468 349.9261
1648.399 349.7428
1648.276 349.6063
1648.094 349.4961
1647.851 349.4627
1647.559 349.4774
1647.155 349.5352
1646.732 349.6074
1646.289 349.7085
1645.859 349.8268
1645.462 349.9651
1645.143 350.0869
1644.78 350.2518
1644.481 350.4243
1644.266 350.6104
1644.096 350.8235
1643.978 351.0174
1643.888 351.1789
1643.832 351.3329
1643.783 351.4203
1643.768 351.4876
1643.863 351.5083
1644.008 351.5413
1644.134 351.5744
1644.286 351.6489
1644.386 351.7423
1644.457 351.8457
1644.501 351.9373
1644.516 352.0132
1644.506 352.0522
1644.456 352.0752
1644.335 352.0529
1644.153 352.0055
1643.919 351.8791
1643.67 351.7129
1643.44 351.5216
1643.151 351.272
1642.913 350.9905
1642.717 350.7642
1642.647 350.5226
1642.685 350.3495
1642.803 350.2425
1643.05 350.1901
1643.387 350.1859
1643.783 350.2093
1644.32 350.2283
1644.916 350.228
1645.511 350.2122
1646.139 350.2047
1646.741 350.1678
1647.287 350.1194
1647.765 350.0859
1648.198 350.0454
1648.571 349.9941
1648.922 349.9424
1649.226 349.8693
1649.47 349.7974
1649.714 349.7126
1649.922 349.6374
1650.057 349.5589
1650.183 349.4484
1650.331 349.3014
1650.523 349.1013
1650.786 348.8405
