1920 480
2672.266 480
2672.266 480
2672.266 480
2672.266 480
2672.266 480
2672.266 480
2672.266 480
2672.266 480
2672.266 480
2672.266 480
2672.266 480
2672.266 480
2672.266 480
2672.266 480
2672.266 480
2672.266 480
2672.266 480
2672.266 480
2672.266 480
2672.266 480
2672.266 480
2672.266 480
2672.266 480
2672.266 480
2672.266 480
2672.266 480
2672.266 480
2672.266 480
2672.266 480
2672.266 480
2672.266 480
2672.266 480
2672.266 480
2672.266 480
2672.266 480
2672.266 480
2672.266 480
2672.266 480
2672.266 480
2672.266 480
2672.266 480
2672.266 480
2672.266 480
2674.612 480
2688.239 480
2709.916 480
2733.983 480
2751.981 480
2776.448 480
2794.556 480
2815.642 480
2839.242 480
2858.078 480
2880.978 480
2902.992 480
2921.249 480
2945.323 480
2965.451 480
2976.691 480
2977.19 480
2977.19 480
2977.19 480
2977.19 480
2977.19 480
2977.19 480
2977.19 480
2977.19 480
2977.19 480
2977.19 480
2977.19 480
2977.19 480
2968.613 480
2946.316 480
2925.777 480
2904.517 480
2883.297 480
2858.731 480
2840.541 480
2819.202 480
2793.845 480
2776.235 480
2752.242 480
2730.917 480
2711.328 480
2691.266 480
2666.535 480
2644.919 480
2626.725 480
2602.367 480
2584.607 480
2562.798 480
2538.878 480
2520.118 480
2497.329 480
2470.086 480
2456.671 480
2431.648 480
2411.153 480
2384.434 480
2371.259 480
2346.677 480
2325.234 480
2307.256 480
2282.607 480
2264.181 480
2242.787 480
2218.279 480
2199.991 480
2178.559 480
2155.316 480
2136.517 480
2111.656 480
2090.745 480
2071.24 480
2050.447 480
2025.868 480
2005.637 480
1986.935 480
1962.55 480
1944.314 480
1923.037 480
1899.156 480
1879.611 480
1859.206 480
1834.645 480
1816.928 480
1798.145 480
1790.915 480
1787.424 480
1783.402 480
1779.969 480
1777.378 480
1777.165 480
1777.165 480
1777.165 480
1777.165 480
1777.165 480
1777.165 480
1777.165 480
1777.165 480
1777.165 480
1777.165 480
1777.165 480
1777.165 480
1773.939 480
1753.09 480
1731.532 480
1710.517 480
1689.698 480
1664.935 480
1646.472 480
1622.099 480
1601.409 480
1582.57 480
1561.286 480
1536.171 480
1514.263 480
1497.385 480
1473.488 480
1455.171 480
1433.305 480
1411.825 480
1397.76 480
1383.713 480
1371.274 480
1366.752 480
1366.567 480
1366.567 480
1366.567 480
1366.567 480
1366.567 480
1366.567 480
1366.567 480
1366.567 480
1366.567 480
1366.567 480
1366.567 480
1366.567 480
1366.567 480
1366.567 480
1366.567 480
1366.567 480
1366.567 480
1366.567 480
1366.567 480
1366.567 480
1366.567 480
1366.567 480
1366.567 480
1366.567 480
1366.567 480
1366.567 480
1366.567 480
1356.464 480
1336.935 480
1315.91 480
1291.457 480
1273.324 480
1252.114 480
1226.709 480
1209.491 480
1186.188 480
1165.082 480
1149.097 480
1138.961 480
1138.057 480
1138.057 480
1138.057 480
1138.057 480
1138.057 480
1138.057 480
1138.057 480
1138.057 480
1138.057 480
1138.057 480
1138.057 480
1138.057 480
1138.057 480
1138.057 480
1138.057 480
1138.057 480
1138.057 480
1138.057 480
1139.95 480
1155.74 480
1174.296 480
1195.646 480
1210.936 480
1229.158 480
1250.529 480
1265.545 480
1286.531 480
1302.265 480
1325.003 480
1338.469 480
1357.09 480
1378.585 480
1395.177 480
1414.542 480
1434.129 480
1457.111 480
1475.461 480
1492.79 480
1515.334 480
1531.468 480
1550.865 480
1573.654 480
1590.016 480
1609.326 480
1631.835 480
1648.601 480
1670.818 480
1691.087 480
1707.434 480
1727.703 480
1749.692 480
1769.542 480
1792.534 480
1809.006 480
1825.72 480
1845.42 480
1868.242 480
1884.796 480
1906.101 480
1926.721 480
1947.424 480
1967.151 480
1986.558 480
2003.531 480
2023.094 480
2044.763 480
2064.862 480
2082.029 480
2104.116 480
2121.07 480
2140.63 480
2164.479 480
2180.367 480
2199.997 480
2222.374 480
2239.819 480
2261.623 480
2281.715 480
2298.214 480
2318.478 480
2340.932 480
2360.382 480
2377.058 480
2399.789 480
2417.068 480
2436.82 480
2460.349 480
2476.18 480
2497.883 480
2518.349 480
2535.209 480
2558.038 480
2579.497 480
2594.511 480
1920 480
2672.266 480
2672.266 480
2672.266 480
2672.266 480
2672.266 480
2672.266 480
2672.266 480
2672.266 480
2672.266 480
2672.266 480
2672.266 480
2672.266 480
2672.266 480
2672.266 480
2672.266 480
2672.266 480
2672.266 480
2672.266 480
2672.266 480
2672.266 480
2672.266 480
2672.266 480
2672.266 480
2672.266 480
2672.266 480
2672.266 480
2672.266 480
2672.266 480
2672.266 480
2672.266 480
2672.266 480
2672.266 480
2672.266 480
2672.266 480
2672.266 480
2672.266 480
2672.266 480
2672.266 480
2672.266 480
2672.266 480
2672.266 480
2672.266 480
2672.266 480
2674.612 480
2688.239 480
2709.916 480
2733.983 480
2751.981 480
2776.448 480
2794.556 480
2815.642 480
2839.242 480
2858.078 480
2880.978 480
2902.992 480
2921.249 480
2945.323 480
2965.451 480
2976.691 480
2977.19 480
2977.19 480
2977.19 480
2977.19 480
2977.19 480
2977.19 480
2977.19 480
2977.19 480
2977.19 480
2977.19 480
2977.19 480
2977.19 480
2968.613 480
2946.316 480
2925.777 480
2904.517 480
2883.297 480
2858.731 480
2840.541 480
2819.202 480
2793.845 480
2776.235 480
2752.242 480
2730.917 480
2711.328 480
2691.266 480
2666.535 480
2644.919 480
2626.725 480
2602.367 480
2584.607 480
2562.798 480
2538.878 480
2520.118 480
2497.329 480
2470.086 480
2456.671 480
2431.648 480
2411.153 480
2384.434 480
2371.259 480
2346.677 480
2325.234 480
2307.256 480
2282.607 480
2264.181 480
2242.787 480
2218.279 480
2199.991 480
2178.559 480
2155.316 480
2136.517 480
2111.656 480
2090.745 480
2071.24 480
2050.447 480
2025.868 480
2005.637 480
1986.935 480
1962.55 480
1944.314 480
1923.037 480
1899.156 480
1879.611 480
1859.206 480
1834.645 480
1816.928 480
1798.145 480
1790.915 480
1787.424 480
1783.402 480
1779.969 480
1777.378 480
1777.165 480
1777.165 480
1777.165 480
1777.165 480
1777.165 480
1777.165 480
1777.165 480
1777.165 480
1777.165 480
1777.165 480
1777.165 480
1777.165 480
1773.939 480
1753.09 480
1731.532 480
1710.517 480
1689.698 480
1664.935 480
1646.472 480
1622.099 480
1601.409 480
1582.57 480
1561.286 480
1536.171 480
1514.263 480
1497.385 480
1473.488 480
1455.171 480
1433.305 480
1411.825 480
1397.76 480
1383.713 480
1371.274 480
1366.752 480
1366.567 480
1366.567 480
1366.567 480
1366.567 480
1366.567 480
1366.567 480
1366.567 480
1366.567 480
1366.567 480
1366.567 480
1366.567 480
1366.567 480
1366.567 480
1366.567 480
1366.567 480
1366.567 480
1366.567 480
1366.567 480
1366.567 480
1366.567 480
1366.567 480
1366.567 480
1366.567 480
1366.567 480
1366.567 480
1366.567 480
1366.567 480
1356.464 480
1336.935 480
1315.91 480
1291.457 480
1273.324 480
1252.114 480
1226.709 480
1209.491 480
1186.188 480
1165.082 480
1149.097 480
1138.961 480
1138.057 480
1138.057 480
1138.057 480
1138.057 480
1138.057 480
1138.057 480
1138.057 480
1138.057 480
1138.057 480
1138.057 480
1138.057 480
1138.057 480
1138.057 480
1138.057 480
1138.057 480
1138.057 480
1138.057 480
1138.057 480
1139.95 480
1155.74 480
1174.296 480
1195.646 480
1210.936 480
1229.158 480
1250.529 480
1265.545 480
1286.531 480
1302.265 480
1325.003 480
1338.469 480
1357.09 480
1378.585 480
1395.177 480
1414.542 480
1434.129 480
1457.111 480
1475.461 480
1492.79 480
1515.334 480
1531.468 480
1550.865 480
1573.654 480
1590.016 480
1609.326 480
1631.835 480
1648.601 480
1670.818 480
1691.087 480
1707.434 480
1727.703 480
1749.692 480
1769.542 480
1792.534 480
1809.006 480
1825.72 480
1845.42 480
1868.242 480
1884.796 480
1906.101 480
1926.721 480
1947.424 480
1967.151 480
1986.558 480
2003.531 480
2023.094 480
2044.763 480
2064.862 480
2082.029 480
2104.116 480
2121.07 480
2140.63 480
2164.479 480
2180.367 480
2199.997 480
2222.374 480
2239.819 480
2261.623 480
2281.715 480
2298.214 480
2318.478 480
2340.932 480
2360.382 480
2377.058 480
2399.789 480
2417.068 480
2436.82 480
2460.349 480
2476.18 480
2497.883 480
2518.349 480
2535.209 480
2558.038 480
2579.497 480
2594.511 480
2614.545 480
2637.469 480
2657.19 480
2673.308 480
2695.528 480
2712.785 480
2732.81 480
2754.993 480
2772.262 480
2791.979 480
2815.401 480
2831.332 480
2854.347 480
2874.529 480
2890.971 480
2910.592 480
2932.955 480
2951.031 480
2964.07 480
2972.188 480
2972.645 480
2972.645 480
2972.645 480
2972.645 480
2972.645 480
2972.645 480
2960.029 480
2935.628 480
2918.211 480
2896.862 480
2875.414 480
2853.62 480
2829.792 480
2811.144 480
2789.9 480
2764.415 480
2747.204 480
2722.883 480
2700.662 480
2683.38 480
2661.969 480
2637.893 480
2613.449 480
2598 480
2573.598 480
2555.429 480
2533.963 480
2509.876 480
2491.216 480
2470.083 480
2444.454 480
2427.161 480
2402.605 480
2381.215 480
2361.429 480
2341.725 480
2318.099 480
2295.682 480
2277.711 480
2253.871 480
2235.349 480
2213.617 480
2189.75 480
2170.847 480
2150.193 480
2125.019 480
2107.219 480
2083.222 480
2061.947 480
2042.844 480
2021.546 480
1997.813 480
1975.806 480
1957.776 480
1933.141 480
1915.022 480
1893.738 480
1869.811 480
1851.305 480
1830.007 480
1805.012 480
1787.065 480
1763.168 480
1742.18 480
1721.609 480
1702.039 480
1677.083 480
1656.976 480
1637.681 480
1613.688 480
1595.401 480
1574.17 480
1549.333 480
1531.363 480
1509.837 480
1485.773 480
1467.42 480
1442.182 480
1420.245 480
1402.846 480
1381.475 480
1357.963 480
1336.422 480
1317.73 480
1293.393 480
1275.568 480
1253.462 480
1229.57 480
1211.25 480
1189.886 480
1162.051 480
1147.354 480
1123.241 480
1100.569 480
1081.485 480
1061.757 480
1037.116 480
1015.328 480
998.1377 480
973.0914 480
955.1774 480
933.7155 480
909.3848 480
891.0684 480
869.8987 480
839.3652 480
827.002 480
803.0228 480
781.6146 480
766.387 480
765.5876 480
769.4518 480
780.5325 480
791.9466 480
804.543 480
817.2314 480
830.098 480
844.9651 480
858.7513 480
869.9857 480
884.3132 480
898.3151 480
914.6797 480
929.0247 480
942.2943 480
956.1559 480
970.8324 480
987.7558 480
1000.375 480
1015.009 480
1029.801 480
1047.32 480
1061.188 480
1074.007 480
1088.91 480
1106.215 480
1118.644 480
1135.978 480
1148.247 480
1165.286 480
1177.773 480
1192.814 480
1210.201 480
1224.937 480
1237.47 480
1251.862 480
1267.205 480
1284.022 480
1296.298 480
1311.622 480
1325.955 480
1343.395 480
1358.513 480
1370.751 480
1386.582 480
1402.372 480
1415.219 480
1431.404 480
1444.458 480
1462.421 480
1474.373 480
1488.863 480
1505.797 480
1520.924 480
1533.706 480
1548.244 480
1563.12 480
1580.578 480
1592.685 480
1607.698 480
1622.29 480
1639.927 480
1654.374 480
1666.817 480
1681.463 480
1698.842 480
1711.41 480
1728.193 480
1741.186 480
1758.078 480
1770.654 480
1785.213 480
1802.342 480
1817.476 480
1830.604 480
1844.645 480
1859.492 480
1877.035 480
1889.29 480
1903.903 480
1918.661 480
1935.917 480
1951.176 480
1962.979 480
1977.951 480
1994.685 480
2007.901 480
2024.925 480
2037.097 480
2053.78 480
2066.803 480
2081.579 480
2098.894 480
2114.172 480
2125.969 480
2140.682 480
2155.698 480
2172.433 480
2185.247 480
2200.708 480
2215.013 480
2231.857 480
2246.372 480
2261.413 480
2275.797 480
2291.351 480
2303.841 480
2320.83 480
2333.655 480
2350.232 480
2362.927 480
2378.153 480
2396.47 480
2410.182 480
2422.135 480
2437.231 480
2452.087 480
2469.072 480
2481.489 480
2496.248 480
2511.095 480
2528.546 480
2538.718 480
2538.279 480
2529.98 480
2518.012 480
2505.406 480
2493.676 480
2493.676 480
2493.676 480
2493.676 480
2493.676 480
2493.676 480
2493.676 480
2493.676 480
2493.676 480
2493.676 480
2493.676 480
2493.676 480
2493.676 480
2493.676 480
2493.676 480
2493.676 480
2493.676 480
2493.676 480
2493.676 480
2493.676 480
2493.676 480
2493.676 480
2493.676 480
2493.676 480
2493.676 480
2493.676 480
2493.676 480
2493.676 480
2493.676 480
2493.676 480
2493.676 480
2493.676 480
2493.676 480
2493.676 480
2493.676 480
2493.676 480
2493.676 480
2493.676 480
2493.676 480
2493.676 480
2493.676 480
2493.676 480
2493.676 480
2614.545 480
2637.469 480
2657.19 480
2673.308 480
2695.528 480
2712.785 480
2732.81 480
2754.993 480
2772.262 480
2791.979 480
2815.401 480
2831.332 480
2854.347 480
2874.529 480
2890.971 480
2910.592 480
2932.955 480
2951.031 480
2964.07 480
2972.188 480
2972.645 480
2972.645 480
2972.645 480
2972.645 480
2972.645 480
2972.645 480
2960.029 480
2935.628 480
2918.211 480
2896.862 480
2875.414 480
2853.62 480
2829.792 480
2811.144 480
2789.9 480
2764.415 480
2747.204 480
2722.883 480
2700.662 480
2683.38 480
2661.969 480
2637.893 480
2613.449 480
2598 480
2573.598 480
2555.429 480
2533.963 480
2509.876 480
2491.216 480
2470.083 480
2444.454 480
2427.161 480
2402.605 480
2381.215 480
2361.429 480
2341.725 480
2318.099 480
2295.682 480
2277.711 480
2253.871 480
2235.349 480
2213.617 480
2189.75 480
2170.847 480
2150.193 480
2125.019 480
2107.219 480
2083.222 480
2061.947 480
2042.844 480
2021.546 480
1997.813 480
1975.806 480
1957.776 480
1933.141 480
1915.022 480
1893.738 480
1869.811 480
1851.305 480
1830.007 480
1805.012 480
1787.065 480
1763.168 480
1742.18 480
1721.609 480
1702.039 480
1677.083 480
1656.976 480
1637.681 480
1613.688 480
1595.401 480
1574.17 480
1549.333 480
1531.363 480
1509.837 480
1485.773 480
1467.42 480
1442.182 480
1420.245 480
1402.846 480
1381.475 480
1357.963 480
1336.422 480
1317.73 480
1293.393 480
1275.568 480
1253.462 480
1229.57 480
1211.25 480
1189.886 480
1162.051 480
1147.354 480
1123.241 480
1100.569 480
1081.485 480
1061.757 480
1037.116 480
1015.328 480
998.1377 480
973.0914 480
955.1774 480
933.7155 480
909.3848 480
891.0684 480
869.8987 480
839.3652 480
827.002 480
803.0228 480
781.6146 480
766.387 480
765.5876 480
769.4518 480
780.5325 480
791.9466 480
804.543 480
817.2314 480
830.098 480
844.9651 480
858.7513 480
869.9857 480
884.3132 480
898.3151 480
914.6797 480
929.0247 480
942.2943 480
956.1559 480
970.8324 480
987.7558 480
1000.375 480
1015.009 480
1029.801 480
1047.32 480
1061.188 480
1074.007 480
1088.91 480
1106.215 480
1118.644 480
1135.978 480
1148.247 480
1165.286 480
1177.773 480
1192.814 480
1210.201 480
1224.937 480
1237.47 480
1251.862 480
1267.205 480
1284.022 480
1296.298 480
1311.622 480
1325.955 480
1343.395 480
1358.513 480
1370.751 480
1386.582 480
1402.372 480
1415.219 480
1431.404 480
1444.458 480
1462.421 480
1474.373 480
1488.863 480
1505.797 480
1520.924 480
1533.706 480
1548.244 480
1563.12 480
1580.578 480
1592.685 480
1607.698 480
1622.29 480
1639.927 480
1654.374 480
1666.817 480
1681.463 480
1698.842 480
1711.41 480
1728.193 480
1741.186 480
1758.078 480
1770.654 480
1785.213 480
1802.342 480
1817.476 480
1830.604 480
1844.645 480
1859.492 480
1877.035 480
1889.29 480
1903.903 480
1918.661 480
1935.917 480
1951.176 480
1962.979 480
1977.951 480
1994.685 480
2007.901 480
2024.925 480
2037.097 480
2053.78 480
2066.803 480
2081.579 480
2098.894 480
2114.172 480
2125.969 480
2140.682 480
2155.698 480
2172.433 480
2185.247 480
2200.708 480
2215.013 480
2231.857 480
2246.372 480
2261.413 480
2275.797 480
2291.351 480
2303.841 480
2320.83 480
2333.655 480
2350.232 480
2362.927 480
2378.153 480
2396.47 480
2410.182 480
2422.135 480
2437.231 480
2452.087 480
2469.072 480
2481.489 480
2496.248 480
2511.095 480
2528.546 480
2538.718 480
2538.279 480
2529.98 480
2518.012 480
2505.406 480
2493.676 480
2493.676 480
2493.676 480
2493.676 480
2493.676 480
2493.676 480
2493.676 480
2493.676 480
2493.676 480
2493.676 480
2493.676 480
2493.676 480
2493.676 480
2493.676 480
2493.676 480
2493.676 480
2493.676 480
2493.676 480
2493.676 480
2493.676 480
2493.676 480
2493.676 480
2493.676 480
2493.676 480
2493.676 480
2493.676 480
2493.676 480
2493.676 480
2493.676 480
2493.676 480
2493.676 480
2493.676 480
2493.676 480
2493.676 480
2493.676 480
2493.676 480
2493.676 480
2493.676 480
2493.676 480
2493.676 480
2493.676 480
2493.676 480
2493.676 480
2493.676 480
2493.676 480
2493.676 480
2493.676 480
2493.676 480
2493.676 480
2493.676 480
2493.676 480
2493.676 480
2493.676 480
2493.676 480
2493.676 480
2493.676 480
2493.676 480
2493.676 480
2493.676 480
2493.676 480
2493.676 480
2493.676 480
2493.676 480
2493.676 480
2493.676 480
2493.676 480
2493.676 480
2493.676 480
2493.676 480
2493.676 480
2493.676 480
2493.676 480
2493.676 480
2493.676 480
2493.676 480
2493.676 480
2493.676 480
2493.676 480
2493.676 480
2493.676 480
2493.676 480
2493.676 480
2493.676 480
2493.676 480
2493.676 480
2493.676 480
2493.676 480
2493.676 480
2493.676 480
2493.676 480
2493.676 480
2493.676 480
2493.676 480
2493.676 480
2493.676 480
2493.676 480
2493.676 480
2493.676 480
2493.676 480
2493.676 480
2493.676 480
2493.676 480
2493.676 480
2493.676 480
2493.676 480
2493.676 480
2493.676 480
2493.676 480
2493.676 480
2493.676 480
2493.676 480
2493.676 480
2493.676 480
2493.676 480
2493.676 480
2493.676 480
2493.676 480
2493.676 480
2493.676 480
2493.676 480
2493.676 480
2493.676 480
2493.676 480
2493.676 480
2493.676 480
2493.676 480
2493.676 480
2493.676 480
2493.676 480
2493.676 480
2493.676 480
2493.676 480
2493.676 480
2493.676 480
2493.676 480
2493.676 480
2493.676 480
2493.676 480
2493.676 480
2493.676 480
2493.676 480
2493.676 480
2493.676 480
2493.676 480
2493.676 480
2493.676 480
2493.676 480
2493.676 480
2493.676 480
2493.676 480
2493.676 480
2493.676 480
2493.676 480
2493.676 480
2493.676 480
2493.676 480
2493.676 480
2493.676 480
2493.676 480
2493.676 480
2493.676 480
2493.676 480
2493.676 480
2493.676 480
2493.676 480
2493.676 480
2493.676 480
2493.676 480
2493.676 480
2493.676 480
2493.676 480
2493.676 480
2493.676 480
2493.676 480
2493.676 480
2493.676 480
2493.676 480
2493.676 480
2493.676 480
2493.676 480
2493.676 480
2493.676 480
2493.676 480
2493.676 480
2493.676 480
2493.676 480
2493.676 480
2493.676 480
2493.676 480
2493.676 480
2493.676 480
2493.676 480
2493.676 480
2493.676 480
2493.676 480
2493.676 480
2493.676 480
2493.676 480
2493.676 480
2493.676 480
2493.676 480
2493.676 480
2493.676 480
2493.676 480
2493.676 480
2493.676 480
2493.676 480
2493.676 480
2493.676 480
2493.676 480
2493.676 480
2493.676 480
2493.676 480
2493.676 480
2493.676 480
2493.676 480
2493.676 480
2493.676 480
2493.676 480
2493.676 480
2493.676 480
2493.676 480
2493.676 480
2493.676 480
2493.676 480
2493.676 480
2493.676 480
2493.676 480
2493.676 480
2493.676 480
2493.676 480
2493.676 480
2493.676 480
2493.676 480
2493.676 480
2493.676 480
2493.676 480
2493.676 480
2493.676 480
2493.676 480
2493.676 480
2493.676 480
2493.676 480
2493.676 480
2493.676 480
2493.676 480
2493.676 480
2493.676 480
2493.676 480
2493.676 480
2493.676 480
2493.676 480
2493.676 480
2493.676 480
2493.676 480
2493.676 480
2493.676 480
2493.676 480
2493.676 480
2493.676 480
2493.676 480
2493.676 480
2493.676 480
2493.676 480
2493.676 480
2493.676 480
2493.676 480
2493.676 480
2493.676 480
2493.676 480
2493.676 480
2493.676 480
2493.676 480
2493.676 480
2493.676 480
2493.676 480
2493.676 480
2493.676 480
2493.676 480
2493.676 480
2493.676 480
2493.676 480
2493.676 480
2493.676 480
2493.676 480
2493.676 480
2493.676 480
2493.676 480
2493.676 480
2493.676 480
2493.676 480
2493.676 480
2493.676 480
2493.676 480
2493.676 480
2493.676 480
2493.676 480
2493.676 480
2493.676 480
3692.658 451.5287
3690.364 448.0936
3683.862 441.854
3678.33 436.8841
3674.109 431.8932
3670.156 427.7776
3666.16 423.6786
3661.523 417.1946
3655.948 412.7817
3651.178 408.5965
3635.055 394.9523
3615.748 383.7513
3599.903 375.5798
3584.058 374.7855
3571.772 377.4715
3562.679 382.1364
3560.188 388.7494
3562.816 396.5653
3570.884 406.0103
3578.249 414.7301
3595.635 424.0871
3609.706 432.5371
3622.782 439.4782
3638.423 445.383
3652.247 450.2606
3669.197 454.6042
3687.696 457.3073
3702.967 458.3394
3716.344 458.4198
3725.332 457.8105
3732.012 457.9268
3736.911 458.8071
3740.498 461.27
3743.47 464.7129
3746.079 470.1979
3750.141 475.1136
3752.466 479.0911
3754.175 481.7421
3755.305 483.3808
3754.99 484.5587
3754.543 484.5746
3755.031 484.1573
3754.566 484.2776
3755.421 486.0095
2493.676 480
2493.676 480
2493.676 480
2493.676 480
2493.676 480
2493.676 480
2493.676 480
2493.676 480
2493.676 480
2493.676 480
2493.676 480
2493.676 480
2493.676 480
2493.676 480
2493.676 480
2493.676 480
2493.676 480
2493.676 480
2493.676 480
2493.676 480
2493.676 480
2493.676 480
2493.676 480
2493.676 480
2493.676 480
2493.676 480
2493.676 480
2493.676 480
2493.676 480
2493.676 480
2493.676 480
2493.676 480
2493.676 480
2493.676 480
2493.676 480
2493.676 480
2493.676 480
2493.676 480
2493.676 480
2493.676 480
2493.676 480
2493.676 480
2493.676 480
2493.676 480
2493.676 480
2493.676 480
2493.676 480
2493.676 480
2493.676 480
2493.676 480
2493.676 480
2493.676 480
2493.676 480
2493.676 480
2493.676 480
2493.676 480
2493.676 480
2493.676 480
2493.676 480
2493.676 480
2493.676 480
2493.676 480
2493.676 480
2493.676 480
2493.676 480
2493.676 480
2493.676 480
2493.676 480
2493.676 480
2493.676 480
2493.676 480
2493.676 480
2493.676 480
2493.676 480
2493.676 480
2493.676 480
2493.676 480
2493.676 480
2493.676 480
2493.676 480
2493.676 480
2493.676 480
2493.676 480
2493.676 480
2493.676 480
2493.676 480
2493.676 480
2493.676 480
2493.676 480
2493.676 480
2493.676 480
2493.676 480
2493.676 480
2493.676 480
2493.676 480
2493.676 480
2493.676 480
2493.676 480
2493.676 480
2493.676 480
2493.676 480
2493.676 480
2493.676 480
2493.676 480
2493.676 480
2493.676 480
2493.676 480
2493.676 480
2493.676 480
2493.676 480
2493.676 480
2493.676 480
2493.676 480
2493.676 480
2493.676 480
2493.676 480
2493.676 480
2493.676 480
2493.676 480
2493.676 480
2493.676 480
2493.676 480
2493.676 480
2493.676 480
2493.676 480
2493.676 480
2493.676 480
2493.676 480
2493.676 480
2493.676 480
2493.676 480
2493.676 480
2493.676 480
2493.676 480
2493.676 480
2493.676 480
2493.676 480
2493.676 480
2493.676 480
2493.676 480
2493.676 480
2493.676 480
2493.676 480
2493.676 480
2493.676 480
2493.676 480
2493.676 480
2493.676 480
2493.676 480
2493.676 480
2493.676 480
2493.676 480
2493.676 480
2493.676 480
2493.676 480
2493.676 480
2493.676 480
2493.676 480
2493.676 480
2493.676 480
2493.676 480
2493.676 480
2493.676 480
2493.676 480
2493.676 480
2493.676 480
2493.676 480
2493.676 480
2493.676 480
2493.676 480
2493.676 480
2493.676 480
2493.676 480
2493.676 480
2493.676 480
2493.676 480
2493.676 480
2493.676 480
2493.676 480
2493.676 480
2493.676 480
2493.676 480
2493.676 480
2493.676 480
2493.676 480
2493.676 480
2493.676 480
2493.676 480
2493.676 480
2493.676 480
2493.676 480
2493.676 480
2493.676 480
2493.676 480
2493.676 480
2493.676 480
2493.676 480
2493.676 480
2493.676 480
2493.676 480
2493.676 480
2493.676 480
2493.676 480
2493.676 480
2493.676 480
2493.676 480
2493.676 480
2493.676 480
2493.676 480
2493.676 480
2493.676 480
2493.676 480
2493.676 480
2493.676 480
2493.676 480
2493.676 480
2493.676 480
2493.676 480
2493.676 480
2493.676 480
2493.676 480
2493.676 480
2493.676 480
2493.676 480
2493.676 480
2493.676 480
2493.676 480
2493.676 480
2493.676 480
2493.676 480
2493.676 480
2493.676 480
2493.676 480
2493.676 480
2493.676 480
2493.676 480
2493.676 480
2493.676 480
2493.676 480
2493.676 480
2493.676 480
2493.676 480
2493.676 480
2493.676 480
2493.676 480
2493.676 480
2493.676 480
2493.676 480
2493.676 480
2493.676 480
2493.676 480
2493.676 480
2493.676 480
2493.676 480
2493.676 480
2493.676 480
3692.658 451.5287
3690.364 448.0936
3683.862 441.854
3678.33 436.8841
3674.109 431.8932
3670.156 427.7776
3666.16 423.6786
3661.523 417.1946
3655.948 412.7817
3651.178 408.5965
3635.055 394.9523
3615.748 383.7513
3599.903 375.5798
3584.058 374.7855
3571.772 377.4715
3562.679 382.1364
3560.188 388.7494
3562.816 396.5653
3570.884 406.0103
3578.249 414.7301
3595.635 424.0871
3609.706 432.5371
3622.782 439.4782
3638.423 445.383
3652.247 450.2606
3669.197 454.6042
3687.696 457.3073
3702.967 458.3394
3716.344 458.4198
3725.332 457.8105
3732.012 457.9268
3736.911 458.8071
3740.498 461.27
3743.47 464.7129
3746.079 470.1979
3750.141 475.1136
3752.466 479.0911
3754.175 481.7421
3755.305 483.3808
3754.99 484.5587
3754.543 484.5746
3755.031 484.1573
3754.566 484.2776
3755.421 486.0095
3758.618 488.1003
3761.155 489.9539
3764.531 489.7997
3765.227 489.6674
3762.82 490.1352
3763.109 490.2216
3760.696 489.1414
3758.952 487.9362
3757.007 487.1924
3754.975 486.6658
3757.039 487.6822
3755.521 485.783
3754.276 484.7244
3753.543 485.0578
3755.34 484.9305
3755.045 485.0731
3754.337 485.1056
3753.424 485.1156
3753.87 485.2559
3753.786 485.2558
3753.666 485.3366
3753.659 485.1526
3753.435 485.0115
3753.536 484.803
3753.685 484.6631
3753.563 484.4866
3753.587 484.456
3754.06 484.723
3753.164 483.8155
3753.918 484.3741
3753.465 483.7364
3753.782 483.612
3753.665 484.4827
3754.245 484.7422
3753.728 484.3386
3753.876 484.1357
3753.911 484.0036
3753.884 484.0211
3753.9 484.1959
3753.968 484.1434
3753.971 484.1071
3754.064 484.2401
3754.138 484.4548
3753.916 484.5302
3753.669 484.6273
3753.406 484.3945
3753.388 484.563
3753.485 484.7499
3753.489 484.17
3753.541 484.1239
3753.466 484.3869
3753.538 484.142
3753.612 484.0531
3753.754 484.0963
3754.058 484.0573
3754.05 484.1753
3754.128 484.1265
3754.239 484.1675
3754.296 484.1738
3754.269 484.1088
3754.373 484.1971
3754.365 484.1028
3754.404 484.0517
3754.466 483.9926
3754.381 483.9792
3754.296 483.9928
3754.308 484.0358
3754.167 484.033
3754.075 484.1288
3754.529 484.0989
3755.073 484.1889
3755.029 484.3756
3755.243 484.3167
3755.724 484.2888
3755.542 484.736
3757.973 486.5885
3764.148 488.0392
3769.085 489.6105
3777.393 491.9261
3787.851 493.8468
3804.074 495.8172
3823.683 497.4718
5.923502 497.7498
30.59701 498.1256
55.41081 499.1394
81.92545 499.1363
107.9063 499.2083
134.4193 497.8937
161.6409 495.7542
186.7845 492.4034
212.0094 488.6151
237.4622 484.272
263.623 481.8912
291.8493 480.9749
325.3412 481.0682
359.1279 484.3105
397.7568 488.0093
436.9583 493.4305
475.5192 500.4673
514.1979 508.3767
549.4189 516.6098
578.5641 525.2153
609.1429 534.3444
632.1491 540.7459
651.1716 546.4241
670.334 550.0896
685.0886 551.2422
697.6693 549.7332
706.2842 545.8677
710.7318 540.9592
710.9561 535.1555
707.6989 528.8434
702.6403 522.0906
698.6696 515.6826
693.3972 510.1684
686.7786 505.1696
676.9414 500.0869
660.8005 495.8219
636.0475 492.1076
608.3115 488.0241
568.9632 482.7336
524.3685 477.3332
476.2399 469.3597
423.3112 460.2585
369.8874 451.2918
313.2894 440.0584
260.1855 430.1538
206.9014 421.7044
158.5247 414.1815
113.8073 407.639
69.75521 401.9585
26.02246 398.8096
3821.938 397.2669
3779.314 397.8184
3738.631 399.7806
3688.967 403.1349
3653.796 407.8201
3618.528 411.9222
3586.168 415.8582
3553.812 418.0735
3525.683 419.0166
3498.794 418.4979
3473.833 417.0006
3449.84 414.8887
3426.412 413.4227
3403.609 412.0402
3382.064 410.8431
3362.002 409.1252
3344.909 406.2527
3332.217 403.6914
3322.508 401.8675
3316.283 400.7563
3315.019 400.4383
3317.98 400.3115
3323.207 400.4663
3331.462 400.4011
3341.844 399.9683
3356.09 400.4289
3371.995 400.9754
3389.574 401.3594
3411.358 401.6411
3433.984 401.4108
3458.601 400.6484
3485.173 399.6465
3516.543 399.0305
3548.759 397.2417
3584.292 395.7033
3621.787 394.8582
3661.199 394.9871
3703.296 395.841
3747.594 397.2734
3793.529 399.3662
1.018229 403.9326
50.79557 409.8188
104.5928 414.1533
159.9652 418.346
213.0156 421.63
262.8398 424.2897
309.5677 428.6691
351.0287 431.9862
391.8841 439.3398
430.8099 445.9466
469.6748 452.1818
508.9902 458.0988
545.4277 462.8877
577.4626 465.8966
609.097 469.7062
635.3395 472.8641
659.8896 477.2734
680.1973 481.6103
700.5085 485.6998
722.582 490.7036
741.2318 494.8564
753.1035 499.8278
763.9105 502.4897
772.6735 503.7781
778.7383 503.6369
787.0755 503.7407
794.3782 503.1441
802.3125 502.8586
807.7425 502.0541
810.9414 501.1752
812.3587 499.855
810.9134 499.3396
809.1315 498.856
805.6188 498.8015
799.5544 499.7963
790.638 500.964
779.695 502.0472
766.5869 502.6393
748.4691 502.0383
723.8522 501.1047
694.114 500.7433
661.6732 499.6184
623.6533 499.3829
585.8382 499.6222
549.7005 500.2527
510.7767 500.9018
465.8203 501.5489
421.653 504.6228
376.1862 507.0736
332.4134 508.8336
289.4085 510.8552
246.9036 511.7276
211.9616 511.4443
187.3014 510.5552
169.6761 509.3264
159.3542 507.1762
150.8288 503.1179
140.4648 498.2056
129.9805 493.5483
116.2663 488.5642
98.93815 482.7294
80.84049 478.5851
62.81673 474.6396
47.0944 471.4225
31.78353 468.8079
20.33073 467.5645
12.27376 468.7744
8.092448 474.3249
7.242838 481.6902
7.991862 489.3604
13.2054 498.0944
19.53255 495.3741
20.236 496.2231
28.35742 496.1347
30.89063 494.2708
34.33333 492.6374
34.55534 490.7831
35.23047 489.3484
35.4681 488.9195
35.25977 489.0483
35.74479 488.7694
35.93555 488.2451
36.50195 488.0319
36.32324 487.8917
36.34343 487.6848
36.42318 487.5836
36.60124 487.3302
36.79948 487.2614
36.79688 487.0904
36.85352 487.1225
36.93815 486.9697
36.96647 486.9143
37.03841 486.8343
37.02083 486.8104
37.11621 486.7527
37.13444 486.7607
37.13151 486.7169
37.23177 486.7351
37.2155 486.6907
37.20833 486.7668
37.29525 486.6328
37.25911 486.6803
37.33236 486.6369
37.31055 486.6497
37.30339 486.6271
37.36523 486.6507
37.2793 486.6255
37.31413 486.6395
37.2972 486.6187
37.26823 486.6324
37.26758 486.6264
37.3623 486.5187
37.66406 486.3013
37.78841 486.1489
37.94661 485.9797
38.04883 485.9108
38.20508 485.795
38.23503 485.777
38.29948 485.6714
38.32617 485.6855
38.37663 485.6162
38.39974 485.6003
38.4095 485.5963
38.31901 485.7107
38.49837 485.5604
38.45964 485.5529
38.52344 485.5057
38.53223 485.5159
3758.618 488.1003
3761.155 489.9539
3764.531 489.7997
3765.227 489.6674
3762.82 490.1352
3763.109 490.2216
3760.696 489.1414
3758.952 487.9362
3757.007 487.1924
3754.975 486.6658
3757.039 487.6822
3755.521 485.783
3754.276 484.7244
3753.543 485.0578
3755.34 484.9305
3755.045 485.0731
3754.337 485.1056
3753.424 485.1156
3753.87 485.2559
3753.786 485.2558
3753.666 485.3366
3753.659 485.1526
3753.435 485.0115
3753.536 484.803
3753.685 484.6631
3753.563 484.4866
3753.587 484.456
3754.06 484.723
3753.164 483.8155
3753.918 484.3741
3753.465 483.7364
3753.782 483.612
3753.665 484.4827
3754.245 484.7422
3753.728 484.3386
3753.876 484.1357
3753.911 484.0036
3753.884 484.0211
3753.9 484.1959
3753.968 484.1434
3753.971 484.1071
3754.064 484.2401
3754.138 484.4548
3753.916 484.5302
3753.669 484.6273
3753.406 484.3945
3753.388 484.563
3753.485 484.7499
3753.489 484.17
3753.541 484.1239
3753.466 484.3869
3753.538 484.142
3753.612 484.0531
3753.754 484.0963
3754.058 484.0573
3754.05 484.1753
3754.128 484.1265
3754.239 484.1675
3754.296 484.1738
3754.269 484.1088
3754.373 484.1971
3754.365 484.1028
3754.404 484.0517
3754.466 483.9926
3754.381 483.9792
3754.296 483.9928
3754.308 484.0358
3754.167 484.033
3754.075 484.1288
3754.529 484.0989
3755.073 484.1889
3755.029 484.3756
3755.243 484.3167
3755.724 484.2888
3755.542 484.736
3757.973 486.5885
3764.148 488.0392
3769.085 489.6105
3777.393 491.9261
3787.851 493.8468
3804.074 495.8172
3823.683 497.4718
5.923502 497.7498
30.59701 498.1256
55.41081 499.1394
81.92545 499.1363
107.9063 499.2083
134.4193 497.8937
161.6409 495.7542
186.7845 492.4034
212.0094 488.6151
237.4622 484.272
263.623 481.8912
291.8493 480.9749
325.3412 481.0682
359.1279 484.3105
397.7568 488.0093
436.9583 493.4305
475.5192 500.4673
514.1979 508.3767
549.4189 516.6098
578.5641 525.2153
609.1429 534.3444
632.1491 540.7459
651.1716 546.4241
670.334 550.0896
685.0886 551.2422
697.6693 549.7332
706.2842 545.8677
710.7318 540.9592
710.9561 535.1555
707.6989 528.8434
702.6403 522.0906
698.6696 515.6826
693.3972 510.1684
686.7786 505.1696
676.9414 500.0869
660.8005 495.8219
636.0475 492.1076
608.3115 488.0241
568.9632 482.7336
524.3685 477.3332
476.2399 469.3597
423.3112 460.2585
369.8874 451.2918
313.2894 440.0584
260.1855 430.1538
206.9014 421.7044
158.5247 414.1815
113.8073 407.639
69.75521 401.9585
26.02246 398.8096
3821.938 397.2669
3779.314 397.8184
3738.631 399.7806
3688.967 403.1349
3653.796 407.8201
3618.528 411.9222
3586.168 415.8582
3553.812 418.0735
3525.683 419.0166
3498.794 418.4979
3473.833 417.0006
3449.84 414.8887
3426.412 413.4227
3403.609 412.0402
3382.064 410.8431
3362.002 409.1252
3344.909 406.2527
3332.217 403.6914
3322.508 401.8675
3316.283 400.7563
3315.019 400.4383
3317.98 400.3115
3323.207 400.4663
3331.462 400.4011
3341.844 399.9683
3356.09 400.4289
3371.995 400.9754
3389.574 401.3594
3411.358 401.6411
3433.984 401.4108
3458.601 400.6484
3485.173 399.6465
3516.543 399.0305
3548.759 397.2417
3584.292 395.7033
3621.787 394.8582
3661.199 394.9871
3703.296 395.841
3747.594 397.2734
3793.529 399.3662
1.018229 403.9326
50.79557 409.8188
104.5928 414.1533
159.9652 418.346
213.0156 421.63
262.8398 424.2897
309.5677 428.6691
351.0287 431.9862
391.8841 439.3398
430.8099 445.9466
469.6748 452.1818
508.9902 458.0988
545.4277 462.8877
577.4626 465.8966
609.097 469.7062
635.3395 472.8641
659.8896 477.2734
680.1973 481.6103
700.5085 485.6998
722.582 490.7036
741.2318 494.8564
753.1035 499.8278
763.9105 502.4897
772.6735 503.7781
778.7383 503.6369
787.0755 503.7407
794.3782 503.1441
802.3125 502.8586
807.7425 502.0541
810.9414 501.1752
812.3587 499.855
810.9134 499.3396
809.1315 498.856
805.6188 498.8015
799.5544 499.7963
790.638 500.964
779.695 502.0472
766.5869 502.6393
748.4691 502.0383
723.8522 501.1047
694.114 500.7433
661.6732 499.6184
623.6533 499.3829
585.8382 499.6222
549.7005 500.2527
510.7767 500.9018
465.8203 501.5489
421.653 504.6228
376.1862 507.0736
332.4134 508.8336
289.4085 510.8552
246.9036 511.7276
211.9616 511.4443
187.3014 510.5552
169.6761 509.3264
159.3542 507.1762
150.8288 503.1179
140.4648 498.2056
129.9805 493.5483
116.2663 488.5642
98.93815 482.7294
80.84049 478.5851
62.81673 474.6396
47.0944 471.4225
31.78353 468.8079
20.33073 467.5645
12.27376 468.7744
8.092448 474.3249
7.242838 481.6902
7.991862 489.3604
13.2054 498.0944
19.53255 495.3741
20.236 496.2231
28.35742 496.1347
30.89063 494.2708
34.33333 492.6374
34.55534 490.7831
35.23047 489.3484
35.4681 488.9195
35.25977 489.0483
35.74479 488.7694
35.93555 488.2451
36.50195 488.0319
36.32324 487.8917
36.34343 487.6848
36.42318 487.5836
36.60124 487.3302
36.79948 487.2614
36.79688 487.0904
36.85352 487.1225
36.93815 486.9697
36.96647 486.9143
37.03841 486.8343
37.02083 486.8104
37.11621 486.7527
37.13444 486.7607
37.13151 486.7169
37.23177 486.7351
37.2155 486.6907
37.20833 486.7668
37.29525 486.6328
37.25911 486.6803
37.33236 486.6369
37.31055 486.6497
37.30339 486.6271
37.36523 486.6507
37.2793 486.6255
37.31413 486.6395
37.2972 486.6187
37.26823 486.6324
37.26758 486.6264
37.3623 486.5187
37.66406 486.3013
37.78841 486.1489
37.94661 485.9797
38.04883 485.9108
38.20508 485.795
38.23503 485.777
38.29948 485.6714
38.32617 485.6855
38.37663 485.6162
38.39974 485.6003
38.4095 485.5963
38.31901 485.7107
38.49837 485.5604
38.45964 485.5529
38.52344 485.5057
38.53223 485.5159
