1920 480
792.5925 457.3036
792.0602 456.1336
792.5114 456.312
792.4329 456.4286
792.305 456.4053
792.2852 456.4002
792.1729 456.3971
792.1517 456.4521
792.1843 456.4867
792.2334 456.5223
792.3343 456.5594
792.321 456.63
792.4411 456.6428
792.3997 456.6445
792.3506 456.636
792.3317 456.6199
792.3584 456.6475
792.4043 456.7064
792.4417 456.7109
792.4798 456.703
792.5169 456.7476
792.5349 456.7635
792.47 456.7673
792.4925 456.7635
792.4186 456.7966
792.4183 456.8042
792.5026 456.8276
792.5537 456.8172
792.6992 456.8019
793.2539 456.6703
793.4691 456.8446
793.6455 456.9274
793.8164 456.8068
793.7897 456.777
793.739 457.0267
793.9492 457.3179
794.167 457.7318
793.8245 458.3844
793.612 458.9642
793.4912 459.263
793.7207 459.4012
793.9284 459.5747
794.0856 459.9149
794.0313 460.9168
794.7686 461.8457
795.1204 462.5885
796.6218 465.521
797.5228 466.0908
798.5765 466.1799
799.4538 465.7432
798.0475 465.5005
798.6976 465.6707
798.9811 465.9854
798.8379 466.6291
798.2604 467.4614
797.4606 467.623
796.8753 466.8626
796.7536 465.3006
796.7591 463.367
796.6777 461.4212
796.5983 459.4427
796.6273 457.3179
796.7376 455.0148
796.8245 452.4134
796.846 449.5822
797.028 446.7253
797.3005 443.894
797.4528 441.0396
797.4753 438.2311
797.2998 435.5252
796.8574 432.916
796.2604 430.4336
795.5892 428.0685
794.8708 425.8711
794.1032 423.8596
793.2253 421.9022
792.3232 420.119
791.4212 418.5656
790.541 417.2166
789.4642 416.0106
788.2168 414.7677
786.9326 413.543
785.7438 412.3695
784.4909 411.3125
782.9651 410.2179
781.2689 409.0462
779.3538 407.717
777.2366 406.355
774.9144 405.0404
772.3405 403.8984
769.4987 402.9588
766.5244 402.4297
763.3655 402.2694
760.3115 402.3084
757.1032 402.3711
753.9053 402.3918
750.93 402.3568
748.1028 402.3446
745.3428 402.3812
742.6403 402.4839
740.1426 402.6515
737.6582 402.8818
735.3939 403.14
732.9863 403.3705
730.5134 403.631
728.0648 403.9183
725.5381 404.3457
723.1003 404.9899
720.9922 405.7692
718.8704 406.7095
716.8311 407.7697
715.0062 409.0353
713.4622 410.5916
712.2015 412.4665
711.0276 414.5762
709.7263 416.804
708.319 418.8486
706.8655 420.7008
705.5566 422.377
704.4658 423.8421
703.5329 425.0331
702.5576 426.1629
701.6439 427.3267
700.8952 428.5667
700.3132 429.675
699.7695 430.6828
699.403 431.5713
699.3655 432.5005
699.7513 433.6987
700.4912 435.2189
701.4964 437.105
702.9163 439.216
704.8766 441.4451
707.2607 443.605
710.0681 445.6754
713.515 447.6694
717.6862 449.6711
722.1719 451.4849
727.1097 453.1108
732.4375 454.4136
738.1614 455.4247
744.709 456.3037
751.8757 457.0093
759.4069 457.5042
767.4541 457.7433
773.5 457.7191
781.8685 457.3896
790.54 456.856
799.012 456.1099
807.2021 455.1487
815.5749 453.9386
823.7471 452.6579
831.3223 451.2868
838.5068 449.8125
845.0745 448.2552
852.4902 446.1768
857.5811 444.4248
862.1289 442.5103
865.723 440.6689
1920 438.8812
1920 435.5622
1920 434.5931
1920 433.5628
1920 432.6886
1920 432.082
1920 431.7314
1920 431.6592
1918.528 431.7998
1916.742 432.1418
1914.709 432.6423
1910.88 433.7082
1906.967 434.8394
1903.623 435.7223
1899.849 436.6346
1895.895 437.569
1890.722 438.8131
1886.379 439.7975
1881.899 440.7178
1877.235 441.5514
1872.613 442.348
1867.964 443.2306
1863.195 444.2666
1858.68 445.3958
1854.315 446.5244
1849.846 447.6613
1845.95 449.5111
1842.001 451.3275
1838.276 453.3836
1834.942 455.3616
1831.603 457.4421
1828.507 459.5407
1825.578 461.6715
1822.776 463.8029
1820.322 465.8006
1818.116 467.729
1816.127 469.5993
1814.282 471.4305
1812.801 473.0052
1811.52 474.5793
1810.554 476.0728
1809.827 477.4419
1809.202 478.7949
1808.728 480.1874
1808.416 481.4395
1808.188 482.7308
1808.062 483.9734
1808.004 485.1133
1808.007 486.1614
1808.091 486.9783
1808.243 487.5312
1808.474 487.909
1808.798 488.1216
1809.111 488.2733
1809.34 488.3831
1809.513 488.3138
1809.709 488.093
1809.915 487.793
1809.984 487.5289
1809.872 487.1978
1809.665 486.7472
1809.476 486.1674
1809.358 485.7888
1809.182 485.2213
1808.97 484.5999
1808.772 483.9434
1808.589 483.2726
1808.445 482.6225
1808.291 482.0668
1808.091 481.6493
1807.867 481.2806
1807.705 480.8847
1807.519 480.2335
1807.366 479.5828
1807.113 478.9845
1806.798 478.5276
1806.477 478.1523
1806.218 477.9393
1805.91 477.8071
1805.701 477.7861
1805.615 477.9023
1805.536 478.1798
1805.386 478.5962
1805.211 479.1511
1805.077 479.7956
1805.016 480.6793
1804.979 481.5354
1804.937 482.6694
1804.878 483.9092
1804.832 485.2424
1804.735 486.681
1804.627 488.347
1804.515 490.1435
1804.452 491.8792
1804.366 493.8868
1804.286 496.0778
1804.175 498.7131
1803.989 503.5562
1803.973 504.8543
1803.88 507.4654
1803.686 510.1029
1803.385 512.7952
1803.121 515.2104
1802.862 517.7101
1802.807 519.849
1802.672 522.119
1802.434 524.3486
1802.189 526.4635
1801.91 529.5665
1801.914 530.6166
1802.073 532.449
1802.359 534.4092
1802.672 536.3098
1803.074 538.0703
1803.714 539.9578
1804.53 541.8166
1805.514 543.496
1806.773 545.1484
1808.473 546.9452
1811.28 549.5745
1813.443 551.4991
1815.566 553.3572
1817.896 555.0796
1820.367 556.7708
1822.844 558.2458
1825.065 559.5062
1827.546 560.7342
1829.915 561.881
1831.682 562.6825
1833.332 563.3298
1834.575 563.6633
1835.748 563.7904
1836.753 563.6301
1837.542 563.3213
1838.127 562.8746
1838.554 562.3395
1838.907 561.7831
1839.198 561.1778
1839.499 560.4819
1839.739 559.8614
1920 480
792.5925 457.3036
792.0602 456.1336
792.5114 456.312
792.4329 456.4286
792.305 456.4053
792.2852 456.4002
792.1729 456.3971
792.1517 456.4521
792.1843 456.4867
792.2334 456.5223
792.3343 456.5594
792.321 456.63
792.4411 456.6428
792.3997 456.6445
792.3506 456.636
792.3317 456.6199
792.3584 456.6475
792.4043 456.7064
792.4417 456.7109
792.4798 456.703
792.5169 456.7476
792.5349 456.7635
792.47 456.7673
792.4925 456.7635
792.4186 456.7966
792.4183 456.8042
792.5026 456.8276
792.5537 456.8172
792.6992 456.8019
793.2539 456.6703
793.4691 456.8446
793.6455 456.9274
793.8164 456.8068
793.7897 456.777
793.739 457.0267
793.9492 457.3179
794.167 457.7318
793.8245 458.3844
793.612 458.9642
793.4912 459.263
793.7207 459.4012
793.9284 459.5747
794.0856 459.9149
794.0313 460.9168
794.7686 461.8457
795.1204 462.5885
796.6218 465.521
797.5228 466.0908
798.5765 466.1799
799.4538 465.7432
798.0475 465.5005
798.6976 465.6707
798.9811 465.9854
798.8379 466.6291
798.2604 467.4614
797.4606 467.623
796.8753 466.8626
796.7536 465.3006
796.7591 463.367
796.6777 461.4212
796.5983 459.4427
796.6273 457.3179
796.7376 455.0148
796.8245 452.4134
796.846 449.5822
797.028 446.7253
797.3005 443.894
797.4528 441.0396
797.4753 438.2311
797.2998 435.5252
796.8574 432.916
796.2604 430.4336
795.5892 428.0685
794.8708 425.8711
794.1032 423.8596
793.2253 421.9022
792.3232 420.119
791.4212 418.5656
790.541 417.2166
789.4642 416.0106
788.2168 414.7677
786.9326 413.543
785.7438 412.3695
784.4909 411.3125
782.9651 410.2179
781.2689 409.0462
779.3538 407.717
777.2366 406.355
774.9144 405.0404
772.3405 403.8984
769.4987 402.9588
766.5244 402.4297
763.3655 402.2694
760.3115 402.3084
757.1032 402.3711
753.9053 402.3918
750.93 402.3568
748.1028 402.3446
745.3428 402.3812
742.6403 402.4839
740.1426 402.6515
737.6582 402.8818
735.3939 403.14
732.9863 403.3705
730.5134 403.631
728.0648 403.9183
725.5381 404.3457
723.1003 404.9899
720.9922 405.7692
718.8704 406.7095
716.8311 407.7697
715.0062 409.0353
713.4622 410.5916
712.2015 412.4665
711.0276 414.5762
709.7263 416.804
708.319 418.8486
706.8655 420.7008
705.5566 422.377
704.4658 423.8421
703.5329 425.0331
702.5576 426.1629
701.6439 427.3267
700.8952 428.5667
700.3132 429.675
699.7695 430.6828
699.403 431.5713
699.3655 432.5005
699.7513 433.6987
700.4912 435.2189
701.4964 437.105
702.9163 439.216
704.8766 441.4451
707.2607 443.605
710.0681 445.6754
713.515 447.6694
717.6862 449.6711
722.1719 451.4849
727.1097 453.1108
732.4375 454.4136
738.1614 455.4247
744.709 456.3037
751.8757 457.0093
759.4069 457.5042
767.4541 457.7433
773.5 457.7191
781.8685 457.3896
790.54 456.856
799.012 456.1099
807.2021 455.1487
815.5749 453.9386
823.7471 452.6579
831.3223 451.2868
838.5068 449.8125
845.0745 448.2552
852.4902 446.1768
857.5811 444.4248
862.1289 442.5103
865.723 440.6689
1920 438.8812
1920 435.5622
1920 434.5931
1920 433.5628
1920 432.6886
1920 432.082
1920 431.7314
1920 431.6592
1918.528 431.7998
1916.742 432.1418
1914.709 432.6423
1910.88 433.7082
1906.967 434.8394
1903.623 435.7223
1899.849 436.6346
1895.895 437.569
1890.722 438.8131
1886.379 439.7975
1881.899 440.7178
1877.235 441.5514
1872.613 442.348
1867.964 443.2306
1863.195 444.2666
1858.68 445.3958
1854.315 446.5244
1849.846 447.6613
1845.95 449.5111
1842.001 451.3275
1838.276 453.3836
1834.942 455.3616
1831.603 457.4421
1828.507 459.5407
1825.578 461.6715
1822.776 463.8029
1820.322 465.8006
1818.116 467.729
1816.127 469.5993
1814.282 471.4305
1812.801 473.0052
1811.52 474.5793
1810.554 476.0728
1809.827 477.4419
1809.202 478.7949
1808.728 480.1874
1808.416 481.4395
1808.188 482.7308
1808.062 483.9734
1808.004 485.1133
1808.007 486.1614
1808.091 486.9783
1808.243 487.5312
1808.474 487.909
1808.798 488.1216
1809.111 488.2733
1809.34 488.3831
1809.513 488.3138
1809.709 488.093
1809.915 487.793
1809.984 487.5289
1809.872 487.1978
1809.665 486.7472
1809.476 486.1674
1809.358 485.7888
1809.182 485.2213
1808.97 484.5999
1808.772 483.9434
1808.589 483.2726
1808.445 482.6225
1808.291 482.0668
1808.091 481.6493
1807.867 481.2806
1807.705 480.8847
1807.519 480.2335
1807.366 479.5828
1807.113 478.9845
1806.798 478.5276
1806.477 478.1523
1806.218 477.9393
1805.91 477.8071
1805.701 477.7861
1805.615 477.9023
1805.536 478.1798
1805.386 478.5962
1805.211 479.1511
1805.077 479.7956
1805.016 480.6793
1804.979 481.5354
1804.937 482.6694
1804.878 483.9092
1804.832 485.2424
1804.735 486.681
1804.627 488.347
1804.515 490.1435
1804.452 491.8792
1804.366 493.8868
1804.286 496.0778
1804.175 498.7131
1803.989 503.5562
1803.973 504.8543
1803.88 507.4654
1803.686 510.1029
1803.385 512.7952
1803.121 515.2104
1802.862 517.7101
1802.807 519.849
1802.672 522.119
1802.434 524.3486
1802.189 526.4635
1801.91 529.5665
1801.914 530.6166
1802.073 532.449
1802.359 534.4092
1802.672 536.3098
1803.074 538.0703
1803.714 539.9578
1804.53 541.8166
1805.514 543.496
1806.773 545.1484
1808.473 546.9452
1811.28 549.5745
1813.443 551.4991
1815.566 553.3572
1817.896 555.0796
1820.367 556.7708
1822.844 558.2458
1825.065 559.5062
1827.546 560.7342
1829.915 561.881
1831.682 562.6825
1833.332 563.3298
1834.575 563.6633
1835.748 563.7904
1836.753 563.6301
1837.542 563.3213
1838.127 562.8746
1838.554 562.3395
1838.907 561.7831
1839.198 561.1778
1839.499 560.4819
1839.739 559.8614
1840.015 559.1369
1840.287 558.5389
1840.681 557.8975
1841.174 557.338
1841.804 556.9047
1842.587 556.6666
1843.456 556.5179
1844.374 556.5198
1845.314 556.577
1846.322 556.6959
1847.333 556.8063
1848.428 556.9326
1849.553 557.0721
1850.556 557.318
1851.318 557.6564
1852.02 558.1498
1852.785 558.7772
1853.58 559.4557
1854.377 560.2457
1854.884 561.078
1855.122 561.9401
1855.16 562.9201
1855.089 563.9965
1854.904 565.3442
1854.762 566.6765
1854.452 568.3233
1854.068 570.0746
1853.669 571.8269
1853.26 573.5743
1852.682 575.5363
1852.013 577.4814
1851.216 579.536
1850.379 581.559
1849.268 583.7082
1847.639 586.3568
1846.023 588.721
1844.592 590.8909
1842.899 593.0746
1840.941 595.0994
1838.629 597.0396
1836.065 598.9752
1833.198 600.9092
1826.691 604.7831
1825.03 605.6884
1821.409 607.5595
1817.841 609.3479
1814.147 611.0711
1810.288 612.5729
1807.143 613.6438
1803.524 614.6948
1802.156 613.7382
1803.919 610.6434
1805.727 607.3498
1807.447 605.2467
1808.389 604.5834
1810.531 603.374
1812.314 602.0571
1813.958 600.2439
1816.333 597.8415
1819.602 595.1996
1824.474 592.0025
1828.153 589.7109
1831.578 587.6592
1835.012 585.5781
1837.855 583.6908
1839.929 581.9783
1841.256 580.4938
1841.483 579.2815
1840.39 578.8646
1837.769 579.2607
1833.672 580.5637
1828.652 582.2807
1822.475 584.0118
1816.461 584.9775
1810.678 585.1323
1805.428 584.7155
1800.308 584.1891
1795.327 583.9046
1789.838 583.9511
1784.809 584.1229
1779.896 584.1111
1775.133 583.9184
1770.896 583.6453
1767.895 583.2536
1765.352 582.5495
1763.359 581.5308
1762.206 580.572
1761.852 579.5538
1762.258 578.5728
1763.024 577.8636
1764.951 576.7621
1767.485 575.7458
1770.667 574.9835
1774.81 574.5096
1780.022 574.1742
1786.214 573.7377
1792.92 573.1971
1800.467 572.7524
1809.324 572.5242
1822.694 572.7032
1834.505 573.2643
1845.661 573.8994
1856.024 574.3331
1865.515 574.4876
1874.106 574.5311
1881.234 574.6852
1886.87 575.0245
1890.38 575.3856
1892.34 575.8475
1893.646 576.3497
1894.979 576.8701
1896.7 577.4324
1898.543 578.1008
1900.126 578.8966
1901.33 580.0267
1902.382 581.5654
1903.38 583.6508
1904.661 586.2135
1906.621 589.3977
1908.624 592.383
1910.618 595.5889
1912.313 598.9818
1913.259 602.324
1913.469 605.9861
1912.837 609.6741
1911.431 613.1025
1909.197 616.5939
1906.416 620.0462
1903.285 623.3948
1899.833 626.6109
1896.407 629.2543
1888.771 634.1553
1883.798 636.8615
1879.455 638.9005
1874.987 640.6523
1870.186 642.11
1865.446 643.101
1860.885 643.6406
1856.196 643.8512
1851.593 643.78
1846.801 643.6259
1842.243 643.4879
1837.023 643.346
1829.87 643.0874
1824.218 642.7717
1818.627 642.3311
1812.025 641.678
1806.819 641.1956
1801.645 640.9089
1796.339 640.9607
1791.012 641.2413
1785.846 641.6244
1780.295 642.007
1775.672 642.3474
1771.526 642.6898
1767.339 643.121
1763.356 643.6688
1759.528 644.3621
1755.906 645.1624
1752.72 645.976
1749.825 646.7714
1747.537 647.4896
1745.521 648.2345
1743.964 648.9718
1742.564 649.8857
1741.634 650.7267
1741.014 651.5836
1740.738 652.3834
1740.776 653.0782
1741.175 653.6495
1741.864 654.1759
1742.924 654.7194
1744.242 655.254
1745.809 655.8028
1747.365 656.2488
1748.856 656.5925
1750.435 656.8892
1752.004 657.1312
1753.582 657.2941
1755.194 657.3731
1756.623 657.3445
1757.835 657.2603
1758.908 657.0718
1759.866 656.7844
1760.658 656.4188
1761.311 655.9778
1761.68 655.5385
1761.856 655.0464
1761.857 654.7228
1761.75 654.2543
1761.451 653.8549
1760.894 653.5728
1760.075 653.4229
1759.091 653.3188
1758.232 653.2295
1757.469 653.1365
1756.916 653.0552
1756.395 653.0676
1755.84 653.1933
1755.391 653.2961
1754.839 653.3867
1754.216 653.4473
1753.516 653.4974
1751.783 653.6989
1751.174 653.7814
1749.984 653.9057
1748.709 653.9656
1747.287 653.981
1745.824 653.9597
1744.141 653.8588
1742.404 653.6302
1740.865 653.3172
1739.34 652.9271
1737.708 652.49
1735.446 651.8827
1733.871 651.432
1732.346 650.9362
1730.893 650.3408
1729.457 649.6693
1728.051 648.9571
1726.645 648.196
1725.33 647.4677
1724.186 646.8307
1723.003 646.1747
1721.845 645.4659
1720.776 644.7414
1719.753 643.9265
1718.822 643.0519
1718.014 642.1113
1717.251 641.1592
1716.453 640.3004
1715.536 639.5272
1714.527 638.6809
1712.924 636.7311
1712.327 635.6129
1711.856 634.6295
1711.345 633.6188
1710.852 632.6573
1710.315 631.7098
1709.917 630.9908
1709.567 630.2868
1709.299 629.5357
1709.21 628.6998
1709.241 627.7913
1709.365 626.821
1709.509 625.8942
1709.687 624.9995
1709.837 624.3103
1709.98 623.799
1710.052 623.4161
1710.236 623.1343
1710.563 622.9488
1710.952 622.921
1711.373 623.0707
1711.741 623.4227
1711.959 623.8077
1712.038 624.2366
1712.033 624.6297
1711.909 625.079
1711.726 625.5728
1711.45 626.1316
1711.015 626.7941
1710.429 627.5215
1709.703 628.2567
1708.714 629.0349
1707.615 629.8076
1706.46 630.6183
1705.241 631.469
1703.975 632.3597
1702.745 633.2419
1701.4 634.1887
1699.979 635.1123
1698.48 636.0581
1696.808 637.0587
1695.072 638.0591
1693.312 639.0827
1691.409 640.1944
1689.441 641.3124
1687.394 642.4865
1685.393 643.7106
1683.425 644.943
1681.512 646.1341
1679.45 647.414
1677.517 648.5967
1675.49 649.8317
1673.507 651.0301
1671.49 652.137
1669.709 653.0443
1667.789 653.9676
1665.753 654.8689
1663.639 655.7132
1661.234 656.6329
1658.811 657.5457
1656.436 658.4396
1653.818 659.4026
1651.128 660.3792
1648.389 661.4011
1645.536 662.5063
1643.037 663.5021
1641.06 664.306
1840.015 559.1369
1840.287 558.5389
1840.681 557.8975
1841.174 557.338
1841.804 556.9047
1842.587 556.6666
1843.456 556.5179
1844.374 556.5198
1845.314 556.577
1846.322 556.6959
1847.333 556.8063
1848.428 556.9326
1849.553 557.0721
1850.556 557.318
1851.318 557.6564
1852.02 558.1498
1852.785 558.7772
1853.58 559.4557
1854.377 560.2457
1854.884 561.078
1855.122 561.9401
1855.16 562.9201
1855.089 563.9965
1854.904 565.3442
1854.762 566.6765
1854.452 568.3233
1854.068 570.0746
1853.669 571.8269
1853.26 573.5743
1852.682 575.5363
1852.013 577.4814
1851.216 579.536
1850.379 581.559
1849.268 583.7082
1847.639 586.3568
1846.023 588.721
1844.592 590.8909
1842.899 593.0746
1840.941 595.0994
1838.629 597.0396
1836.065 598.9752
1833.198 600.9092
1826.691 604.7831
1825.03 605.6884
1821.409 607.5595
1817.841 609.3479
1814.147 611.0711
1810.288 612.5729
1807.143 613.6438
1803.524 614.6948
1802.156 613.7382
1803.919 610.6434
1805.727 607.3498
1807.447 605.2467
1808.389 604.5834
1810.531 603.374
1812.314 602.0571
1813.958 600.2439
1816.333 597.8415
1819.602 595.1996
1824.474 592.0025
1828.153 589.7109
1831.578 587.6592
1835.012 585.5781
1837.855 583.6908
1839.929 581.9783
1841.256 580.4938
1841.483 579.2815
1840.39 578.8646
1837.769 579.2607
1833.672 580.5637
1828.652 582.2807
1822.475 584.0118
1816.461 584.9775
1810.678 585.1323
1805.428 584.7155
1800.308 584.1891
1795.327 583.9046
1789.838 583.9511
1784.809 584.1229
1779.896 584.1111
1775.133 583.9184
1770.896 583.6453
1767.895 583.2536
1765.352 582.5495
1763.359 581.5308
1762.206 580.572
1761.852 579.5538
1762.258 578.5728
1763.024 577.8636
1764.951 576.7621
1767.485 575.7458
1770.667 574.9835
1774.81 574.5096
1780.022 574.1742
1786.214 573.7377
1792.92 573.1971
1800.467 572.7524
1809.324 572.5242
1822.694 572.7032
1834.505 573.2643
1845.661 573.8994
1856.024 574.3331
1865.515 574.4876
1874.106 574.5311
1881.234 574.6852
1886.87 575.0245
1890.38 575.3856
1892.34 575.8475
1893.646 576.3497
1894.979 576.8701
1896.7 577.4324
1898.543 578.1008
1900.126 578.8966
1901.33 580.0267
1902.382 581.5654
1903.38 583.6508
1904.661 586.2135
1906.621 589.3977
1908.624 592.383
1910.618 595.5889
1912.313 598.9818
1913.259 602.324
1913.469 605.9861
1912.837 609.6741
1911.431 613.1025
1909.197 616.5939
1906.416 620.0462
1903.285 623.3948
1899.833 626.6109
1896.407 629.2543
1888.771 634.1553
1883.798 636.8615
1879.455 638.9005
1874.987 640.6523
1870.186 642.11
1865.446 643.101
1860.885 643.6406
1856.196 643.8512
1851.593 643.78
1846.801 643.6259
1842.243 643.4879
1837.023 643.346
1829.87 643.0874
1824.218 642.7717
1818.627 642.3311
1812.025 641.678
1806.819 641.1956
1801.645 640.9089
1796.339 640.9607
1791.012 641.2413
1785.846 641.6244
1780.295 642.007
1775.672 642.3474
1771.526 642.6898
1767.339 643.121
1763.356 643.6688
1759.528 644.3621
1755.906 645.1624
1752.72 645.976
1749.825 646.7714
1747.537 647.4896
1745.521 648.2345
1743.964 648.9718
1742.564 649.8857
1741.634 650.7267
1741.014 651.5836
1740.738 652.3834
1740.776 653.0782
1741.175 653.6495
1741.864 654.1759
1742.924 654.7194
1744.242 655.254
1745.809 655.8028
1747.365 656.2488
1748.856 656.5925
1750.435 656.8892
1752.004 657.1312
1753.582 657.2941
1755.194 657.3731
1756.623 657.3445
1757.835 657.2603
1758.908 657.0718
1759.866 656.7844
1760.658 656.4188
1761.311 655.9778
1761.68 655.5385
1761.856 655.0464
1761.857 654.7228
1761.75 654.2543
1761.451 653.8549
1760.894 653.5728
1760.075 653.4229
1759.091 653.3188
1758.232 653.2295
1757.469 653.1365
1756.916 653.0552
1756.395 653.0676
1755.84 653.1933
1755.391 653.2961
1754.839 653.3867
1754.216 653.4473
1753.516 653.4974
1751.783 653.6989
1751.174 653.7814
1749.984 653.9057
1748.709 653.9656
1747.287 653.981
1745.824 653.9597
1744.141 653.8588
1742.404 653.6302
1740.865 653.3172
1739.34 652.9271
1737.708 652.49
1735.446 651.8827
1733.871 651.432
1732.346 650.9362
1730.893 650.3408
1729.457 649.6693
1728.051 648.9571
1726.645 648.196
1725.33 647.4677
1724.186 646.8307
1723.003 646.1747
1721.845 645.4659
1720.776 644.7414
1719.753 643.9265
1718.822 643.0519
1718.014 642.1113
1717.251 641.1592
1716.453 640.3004
1715.536 639.5272
1714.527 638.6809
1712.924 636.7311
1712.327 635.6129
1711.856 634.6295
1711.345 633.6188
1710.852 632.6573
1710.315 631.7098
1709.917 630.9908
1709.567 630.2868
1709.299 629.5357
1709.21 628.6998
1709.241 627.7913
1709.365 626.821
1709.509 625.8942
1709.687 624.9995
1709.837 624.3103
1709.98 623.799
1710.052 623.4161
1710.236 623.1343
1710.563 622.9488
1710.952 622.921
1711.373 623.0707
1711.741 623.4227
1711.959 623.8077
1712.038 624.2366
1712.033 624.6297
1711.909 625.079
1711.726 625.5728
1711.45 626.1316
1711.015 626.7941
1710.429 627.5215
1709.703 628.2567
1708.714 629.0349
1707.615 629.8076
1706.46 630.6183
1705.241 631.469
1703.975 632.3597
1702.745 633.2419
1701.4 634.1887
1699.979 635.1123
1698.48 636.0581
1696.808 637.0587
1695.072 638.0591
1693.312 639.0827
1691.409 640.1944
1689.441 641.3124
1687.394 642.4865
1685.393 643.7106
1683.425 644.943
1681.512 646.1341
1679.45 647.414
1677.517 648.5967
1675.49 649.8317
1673.507 651.0301
1671.49 652.137
1669.709 653.0443
1667.789 653.9676
1665.753 654.8689
1663.639 655.7132
1661.234 656.6329
1658.811 657.5457
1656.436 658.4396
1653.818 659.4026
1651.128 660.3792
1648.389 661.4011
1645.536 662.5063
1643.037 663.5021
1641.06 664.306
1638.995 665.1542
1637.189 665.9056
1635.554 666.4987
1634.188 666.8326
1633.384 666.8331
1633.026 666.5623
1633.021 666.0233
1633.49 665.1783
1634.365 664.0383
1635.789 662.4388
1637.36 660.6909
1639.087 658.7808
1641.109 656.5801
1643.524 654.1176
1646.083 651.5638
1649.044 648.752
1652.076 645.9758
1654.724 643.5414
1657.553 640.8083
1660.384 638.0488
1663.123 635.3856
1665.889 632.712
1668.25 630.3398
1670.362 628.1739
1672.435 625.9465
1674.489 623.7957
1676.642 621.7371
1678.862 619.7429
1680.797 617.9836
1682.365 616.5277
1683.821 615.2415
1685.234 614.1943
1686.524 613.3979
1687.678 612.903
1688.726 612.6351
1689.589 612.6134
1690.314 612.7429
1690.988 613.0936
1691.514 613.6443
1691.837 614.5944
1691.881 615.8088
1691.527 617.3814
1690.788 619.1649
1689.648 621.2396
1688.235 623.3344
1686.331 625.8356
1684.264 628.3848
1681.867 631.1058
1679.268 633.8314
1676.413 636.5886
1673.489 639.3419
1670.393 642.1321
1667.27 644.8404
1664.015 647.473
1660.379 650.2466
1657.062 652.652
1654.732 654.319
1651.396 656.6436
1647.808 658.9397
1644.54 660.8942
1641.215 662.791
1637.857 664.6135
1635.853 665.6735
1633.026 667.1261
1630.442 668.4161
1628.084 669.4966
1625.842 670.4472
1624.212 671.0477
1623.089 671.3809
1622.487 671.4596
1622.43 671.2466
1622.878 670.7448
1626.093 668.3973
1627.325 667.5989
1629.88 665.9799
1632.824 664.0938
1636.014 661.9923
1639.365 659.7418
1643.075 657.283
1646.433 655.0988
1650.216 652.6097
1653.996 650.0553
1657.85 647.4831
1663.296 643.8284
1666.83 641.2322
1670.049 638.7201
1673.064 636.147
1675.755 633.5573
1678.157 630.9705
1680.778 627.7661
1682.435 625.4305
1683.663 623.3998
1685.53 619.3052
1685.902 618.0428
1686.173 616.4259
1686.079 614.9221
1685.185 612.175
1684.512 611.3165
1683.348 610.4528
1681.916 609.6795
1680.222 609.0216
1678.415 608.3602
1676.583 607.7662
1674.508 607.1135
1672.513 606.7093
1670.448 606.4005
1668.245 606.2288
1665.587 606.0505
1663.438 605.9415
1661.323 605.7762
1659.296 605.6738
1657.168 605.5806
1654.981 605.5796
1652.99 605.5955
1650.944 605.6542
1648.874 605.7053
1644.77 605.8597
1643.046 605.9559
1641.043 606.0581
1639.105 606.1878
1637.029 606.3231
1634.836 606.5275
1632.549 606.7494
1630.334 606.9697
1628.026 607.1135
1625.786 607.2108
1623.593 607.2885
1620.832 607.4282
1618.55 607.4899
1616.174 607.4514
1614.109 607.3212
1612.192 607.1251
1610.485 606.8934
1608.727 606.6816
1607.097 606.4632
1605.494 606.2142
1604.12 605.9022
1602.742 605.5601
1601.638 605.259
1600.74 605.0712
1599.932 604.9878
1599.259 605.0355
1598.752 605.1417
1598.403 605.3477
1598.293 605.6484
1598.327 606.082
1598.446 606.6733
1598.656 607.2881
1598.972 608.0138
1599.441 608.8796
1600.061 609.8341
1600.54 610.5259
1601.236 611.4845
1602.077 612.663
1602.939 613.8615
1604.712 616.5599
1605.392 617.5767
1606.201 618.8895
1606.991 620.2631
1607.639 621.6222
1608.225 623.0847
1608.825 624.791
1609.283 626.1146
1609.725 627.5386
1610.115 628.954
1610.516 630.3541
1611.085 631.9963
1611.67 633.2468
1612.305 634.3284
1613.09 635.3143
1614.019 636.2552
1614.954 637.1847
1615.914 638.3318
1616.677 639.3616
1617.378 640.3021
1618.192 641.1806
1619.029 642.0132
1619.897 642.9009
1620.788 643.9761
1621.553 645.0974
1622.289 646.1595
1623.241 647.2663
1624.469 648.309
1625.972 649.3039
1627.759 650.2894
1629.598 651.2667
1631.301 652.2286
1633.095 653.264
1634.934 654.2854
1636.955 655.2782
1639.315 656.2908
1641.609 657.0876
1643.931 657.7335
1646.41 658.35
1648.846 658.9203
1651.199 659.4792
1653.678 660.0306
1655.978 660.4678
1658.161 660.7825
1660.251 660.9338
1662.302 660.9184
1664.32 660.7348
1666.378 660.3362
1668.093 659.6863
1669.52 658.8065
1671.081 657.4786
1672.716 655.8204
1674.343 653.8801
1675.872 651.7102
1677.375 649.2321
1678.887 646.7582
1680.589 644.0147
1682.656 641.0047
1684.588 638.2952
1686.815 635.2418
1689.134 632.097
1691.754 628.8475
1694.735 625.5702
1697.887 622.4243
1701.01 619.2934
1704.242 616.0106
1707.391 612.8054
1710.517 609.6659
1714.167 606.0849
1717.563 602.8765
1720.914 599.6553
1724.242 596.4662
1727.694 593.1996
1731.045 590.1829
1734.483 587.2838
1737.937 584.5452
1741.402 581.9175
1744.987 579.3153
1748.486 576.8759
1751.65 574.7719
1754.995 572.6386
1758.172 570.8069
1761.265 569.1657
1764.251 567.8187
1766.998 566.6573
1769.398 565.7211
1772.015 564.7411
1774.469 563.9107
1776.733 563.1841
1778.726 562.6324
1780.396 562.3033
1781.805 562.1454
1783.034 562.0953
1783.896 562.2592
1784.407 562.5139
1784.568 562.9467
1784.427 563.5506
1784.015 564.2791
1783.264 565.2543
1782.279 566.4436
1780.993 567.8105
1778.002 570.7789
1777.293 571.5174
1775.787 573.0931
1774.189 574.6986
1772.422 576.3516
1770.764 577.8957
1769.005 579.3976
1767.289 580.7855
1765.643 581.9972
1764.194 583.0106
1762.909 583.8341
1761.779 584.4956
1761.284 584.748
1759.642 585.2589
1758.6 584.9291
1757.81 584.0664
1757.302 582.9279
1757.068 582.2798
1756.865 581.4897
1756.841 580.7783
1756.993 580.0719
1757.293 579.3884
1757.579 578.822
1757.834 578.3918
1758.554 577.5054
1758.957 577.2894
1759.268 577.1792
1759.624 577.1661
1759.895 577.2907
1760.127 577.5735
1760.114 577.9894
1759.89 578.4973
1759.474 579.1296
1758.965 579.9279
1758.266 580.9598
1757.418 582.2141
1756.464 583.5819
1753.971 586.6551
1750.859 590.1474
1747.135 594.0847
1743.261 598.1635
1741.175 600.2737
1739.138 602.2808
1737.221 604.1908
1638.995 665.1542
1637.189 665.9056
1635.554 666.4987
1634.188 666.8326
1633.384 666.8331
1633.026 666.5623
1633.021 666.0233
1633.49 665.1783
1634.365 664.0383
1635.789 662.4388
1637.36 660.6909
1639.087 658.7808
1641.109 656.5801
1643.524 654.1176
1646.083 651.5638
1649.044 648.752
1652.076 645.9758
1654.724 643.5414
1657.553 640.8083
1660.384 638.0488
1663.123 635.3856
1665.889 632.712
1668.25 630.3398
1670.362 628.1739
1672.435 625.9465
1674.489 623.7957
1676.642 621.7371
1678.862 619.7429
1680.797 617.9836
1682.365 616.5277
1683.821 615.2415
1685.234 614.1943
1686.524 613.3979
1687.678 612.903
1688.726 612.6351
1689.589 612.6134
1690.314 612.7429
1690.988 613.0936
1691.514 613.6443
1691.837 614.5944
1691.881 615.8088
1691.527 617.3814
1690.788 619.1649
1689.648 621.2396
1688.235 623.3344
1686.331 625.8356
1684.264 628.3848
1681.867 631.1058
1679.268 633.8314
1676.413 636.5886
1673.489 639.3419
1670.393 642.1321
1667.27 644.8404
1664.015 647.473
1660.379 650.2466
1657.062 652.652
1654.732 654.319
1651.396 656.6436
1647.808 658.9397
1644.54 660.8942
1641.215 662.791
1637.857 664.6135
1635.853 665.6735
1633.026 667.1261
1630.442 668.4161
1628.084 669.4966
1625.842 670.4472
1624.212 671.0477
1623.089 671.3809
1622.487 671.4596
1622.43 671.2466
1622.878 670.7448
1626.093 668.3973
1627.325 667.5989
1629.88 665.9799
1632.824 664.0938
1636.014 661.9923
1639.365 659.7418
1643.075 657.283
1646.433 655.0988
1650.216 652.6097
1653.996 650.0553
1657.85 647.4831
1663.296 643.8284
1666.83 641.2322
1670.049 638.7201
1673.064 636.147
1675.755 633.5573
1678.157 630.9705
1680.778 627.7661
1682.435 625.4305
1683.663 623.3998
1685.53 619.3052
1685.902 618.0428
1686.173 616.4259
1686.079 614.9221
1685.185 612.175
1684.512 611.3165
1683.348 610.4528
1681.916 609.6795
1680.222 609.0216
1678.415 608.3602
1676.583 607.7662
1674.508 607.1135
1672.513 606.7093
1670.448 606.4005
1668.245 606.2288
1665.587 606.0505
1663.438 605.9415
1661.323 605.7762
1659.296 605.6738
1657.168 605.5806
1654.981 605.5796
1652.99 605.5955
1650.944 605.6542
1648.874 605.7053
1644.77 605.8597
1643.046 605.9559
1641.043 606.0581
1639.105 606.1878
1637.029 606.3231
1634.836 606.5275
1632.549 606.7494
1630.334 606.9697
1628.026 607.1135
1625.786 607.2108
1623.593 607.2885
1620.832 607.4282
1618.55 607.4899
1616.174 607.4514
1614.109 607.3212
1612.192 607.1251
1610.485 606.8934
1608.727 606.6816
1607.097 606.4632
1605.494 606.2142
1604.12 605.9022
1602.742 605.5601
1601.638 605.259
1600.74 605.0712
1599.932 604.9878
1599.259 605.0355
1598.752 605.1417
1598.403 605.3477
1598.293 605.6484
1598.327 606.082
1598.446 606.6733
1598.656 607.2881
1598.972 608.0138
1599.441 608.8796
1600.061 609.8341
1600.54 610.5259
1601.236 611.4845
1602.077 612.663
1602.939 613.8615
1604.712 616.5599
1605.392 617.5767
1606.201 618.8895
1606.991 620.2631
1607.639 621.6222
1608.225 623.0847
1608.825 624.791
1609.283 626.1146
1609.725 627.5386
1610.115 628.954
1610.516 630.3541
1611.085 631.9963
1611.67 633.2468
1612.305 634.3284
1613.09 635.3143
1614.019 636.2552
1614.954 637.1847
1615.914 638.3318
1616.677 639.3616
1617.378 640.3021
1618.192 641.1806
1619.029 642.0132
1619.897 642.9009
1620.788 643.9761
1621.553 645.0974
1622.289 646.1595
1623.241 647.2663
1624.469 648.309
1625.972 649.3039
1627.759 650.2894
1629.598 651.2667
1631.301 652.2286
1633.095 653.264
1634.934 654.2854
1636.955 655.2782
1639.315 656.2908
1641.609 657.0876
1643.931 657.7335
1646.41 658.35
1648.846 658.9203
1651.199 659.4792
1653.678 660.0306
1655.978 660.4678
1658.161 660.7825
1660.251 660.9338
1662.302 660.9184
1664.32 660.7348
1666.378 660.3362
1668.093 659.6863
1669.52 658.8065
1671.081 657.4786
1672.716 655.8204
1674.343 653.8801
1675.872 651.7102
1677.375 649.2321
1678.887 646.7582
1680.589 644.0147
1682.656 641.0047
1684.588 638.2952
1686.815 635.2418
1689.134 632.097
1691.754 628.8475
1694.735 625.5702
1697.887 622.4243
1701.01 619.2934
1704.242 616.0106
1707.391 612.8054
1710.517 609.6659
1714.167 606.0849
1717.563 602.8765
1720.914 599.6553
1724.242 596.4662
1727.694 593.1996
1731.045 590.1829
1734.483 587.2838
1737.937 584.5452
1741.402 581.9175
1744.987 579.3153
1748.486 576.8759
1751.65 574.7719
1754.995 572.6386
1758.172 570.8069
1761.265 569.1657
1764.251 567.8187
1766.998 566.6573
1769.398 565.7211
1772.015 564.7411
1774.469 563.9107
1776.733 563.1841
1778.726 562.6324
1780.396 562.3033
1781.805 562.1454
1783.034 562.0953
1783.896 562.2592
1784.407 562.5139
1784.568 562.9467
1784.427 563.5506
1784.015 564.2791
1783.264 565.2543
1782.279 566.4436
1780.993 567.8105
1778.002 570.7789
1777.293 571.5174
1775.787 573.0931
1774.189 574.6986
1772.422 576.3516
1770.764 577.8957
1769.005 579.3976
1767.289 580.7855
1765.643 581.9972
1764.194 583.0106
1762.909 583.8341
1761.779 584.4956
1761.284 584.748
1759.642 585.2589
1758.6 584.9291
1757.81 584.0664
1757.302 582.9279
1757.068 582.2798
1756.865 581.4897
1756.841 580.7783
1756.993 580.0719
1757.293 579.3884
1757.579 578.822
1757.834 578.3918
1758.554 577.5054
1758.957 577.2894
1759.268 577.1792
1759.624 577.1661
1759.895 577.2907
1760.127 577.5735
1760.114 577.9894
1759.89 578.4973
1759.474 579.1296
1758.965 579.9279
1758.266 580.9598
1757.418 582.2141
1756.464 583.5819
1753.971 586.6551
1750.859 590.1474
1747.135 594.0847
1743.261 598.1635
1741.175 600.2737
1739.138 602.2808
1737.221 604.1908
1735.212 606.2455
1733.062 608.5023
1731.067 610.7086
1729.169 612.8453
1727.343 614.9617
1725.581 617.0214
1723.674 619.2852
1721.961 621.3132
1720.256 623.3346
1718.479 625.5135
1716.925 627.4631
1715.476 629.3065
1714.132 631.0543
1712.68 632.9667
1711.235 634.8665
1709.723 636.8373
1708.028 638.959
1706.281 641.0864
1704.121 643.6157
1702.108 645.9651
1700.069 648.3392
1698.013 650.7606
1696.08 652.965
1694.281 654.94
1692.428 656.9468
1690.644 658.8828
1688.748 660.7736
1686.724 662.6199
1684.859 664.2408
1683.115 665.7349
1681.258 667.2614
1679.438 668.7632
1677.524 670.2854
1675.444 671.8717
1673.551 673.34
1671.863 674.6575
1670.121 676.008
1668.575 677.2621
1667.07 678.4917
1665.605 679.7062
1664.291 680.7346
1663.14 681.5012
1661.874 682.1957
1660.909 682.6418
1660.126 682.9489
1659.467 683.1605
1658.91 683.2701
1658.451 683.2717
1658.052 683.1505
1657.875 682.9012
1657.776 682.5533
1657.868 682.0638
1658.061 681.6024
1658.304 681.1643
1658.442 680.744
1658.651 680.3349
1658.944 679.9282
1659.193 679.5209
1659.52 679.1323
1659.856 678.7847
1660.2 678.4554
1660.488 678.1561
1660.754 677.8727
1660.978 677.6088
1661.231 677.2567
1661.188 677.1431
1661.187 677.0093
1661.089 676.8768
1661.007 676.7693
1660.831 676.7141
1660.639 676.6819
1660.405 676.6731
1660.116 676.6957
1659.807 676.762
1659.505 676.8633
1659.159 676.9944
1658.868 677.084
1658.561 677.1196
1658.299 677.1232
1658.047 677.1356
1657.813 677.1713
1657.606 677.2015
1657.46 677.2325
1657.326 677.2456
1657.336 677.1834
1657.583 676.9899
1657.962 676.7354
1658.38 676.4911
1658.722 676.2932
1659.009 676.0592
1659.394 675.7701
1659.865 675.4606
1660.392 675.1182
1660.913 674.8256
1661.386 674.5792
1661.804 674.2997
1662.158 673.9829
1662.492 673.6427
1662.764 673.2506
1663.063 672.8025
1663.428 672.2947
1663.907 671.6823
1664.469 671.0629
1665.089 670.4232
1665.742 669.8011
1666.424 669.1814
1667.098 668.5482
1667.878 667.8358
1668.813 667.0447
1669.893 666.2031
1671.053 665.3325
1672.266 664.3961
1673.473 663.438
1674.706 662.437
1675.91 661.4956
1677.074 660.5253
1678.205 659.5356
1679.403 658.4953
1680.668 657.4385
1681.911 656.4064
1683.203 655.3671
1684.019 654.7316
1685.165 653.8132
1686.418 652.8381
1687.674 651.8759
1688.974 650.921
1690.252 649.9537
1691.51 649.0059
1692.616 648.1486
1693.596 647.3662
1694.773 646.4009
1697.454 644.2985
1698.042 643.8303
1698.86 643.0908
1699.529 642.4275
1700.13 641.796
1700.693 641.2328
1701.266 640.7419
1701.783 640.3591
1702.144 640.1217
1702.438 639.9387
1702.732 639.7911
1703.254 639.6071
1703.644 639.5331
1704.032 639.4752
1704.352 639.4217
1704.721 639.3193
1705.003 639.2354
1705.165 639.1423
1705.179 639.0417
1705.061 639.0161
1704.862 639.0341
1704.584 639.0215
1704.276 639.0027
1703.968 638.9406
1703.621 638.8725
1703.26 638.7665
1702.782 638.6531
1702.136 638.5576
1701.456 638.5345
1700.695 638.5311
1699.899 638.5329
1699.275 638.5392
1698.58 638.5927
1697.916 638.6704
1697.286 638.8105
1696.665 638.9764
1696.054 639.2034
1695.447 639.4193
1694.802 639.6459
1694.107 639.8768
1693.428 640.127
1692.717 640.4349
1692.061 640.7756
1691.485 641.1014
1691.045 641.4171
1690.724 641.6891
1690.508 641.8975
1690.313 642.164
1690.15 642.4258
1689.94 642.7452
1689.647 643.1124
1689.305 643.4789
1688.903 643.7949
1688.518 644.0349
1688.149 644.2305
1687.767 644.3907
1687.281 644.5771
1686.94 644.6868
1686.681 644.759
1686.324 644.8665
1685.927 645.0156
1685.51 645.1884
1685.051 645.3675
1684.583 645.5169
1684.148 645.6423
1683.788 645.762
1683.548 645.8398
1683.367 645.8478
1683.244 645.7589
1683.165 645.5869
1683.126 645.3259
1683.166 644.9764
1683.2 644.5644
1683.131 644.1216
1682.905 643.5726
1682.701 642.8959
1682.602 642.0898
1682.606 641.1445
1682.649 640.0396
1682.659 638.8124
1682.64 637.5159
1682.641 636.1473
1682.668 634.8177
1682.662 633.6495
1682.57 632.4272
1682.447 631.2849
1682.283 630.0509
1682.054 628.8185
1681.831 627.5981
1681.615 626.4432
1681.314 625.2714
1680.973 624.1595
1680.589 623.1764
1680.138 622.2695
1679.644 621.524
1679.102 620.8157
1678.578 620.198
1678.043 619.6357
1677.523 619.1196
1677.011 618.7045
1676.437 618.3996
1675.796 618.1244
1675.193 617.9628
1674.591 617.9025
1673.934 617.956
1673.339 618.0222
1672.753 618.0632
1672.22 618.0506
1671.741 618.0503
1671.206 618.0532
1670.522 618.0092
1670.006 617.8704
1669.595 617.6872
1669.26 617.4918
1668.978 617.2894
1668.799 617.0416
1668.755 616.7291
1668.823 616.31
1668.943 615.8638
1669.178 615.3544
1669.482 614.8582
1669.916 614.4017
1670.431 614.0386
1671.106 613.7163
1671.913 613.4509
1672.84 613.2635
1673.8 613.1511
1674.693 613.0677
1675.53 613.0333
1676.38 613.0394
1677.203 613.1116
1678.177 613.2345
1679.187 613.4292
1680.232 613.6237
1681.317 613.7792
1682.512 613.8625
1683.769 613.8829
1685.346 613.8529
1687.074 613.8185
1688.723 613.71
1690.442 613.4459
1692.293 613.0303
1694.169 612.5001
1696.312 611.7737
1698.28 610.98
1700.413 609.9764
1702.63 608.7901
1704.901 607.5286
1706.311 606.7166
1708.318 605.5212
1710.29 604.2516
1712.107 603.022
1714.178 601.5734
1716.126 600.1276
1717.993 598.6045
1719.511 597.2913
1721.053 595.8878
1722.457 594.5119
1724.238 592.6825
1725.754 591.1966
1727.223 589.874
1728.76 588.5764
1730.282 587.368
1731.841 586.2985
1733.25 585.5328
1734.651 584.9871
1735.706 584.774
1736.675 584.7764
1737.54 585.0273
1735.212 606.2455
1733.062 608.5023
1731.067 610.7086
1729.169 612.8453
1727.343 614.9617
1725.581 617.0214
1723.674 619.2852
1721.961 621.3132
1720.256 623.3346
1718.479 625.5135
1716.925 627.4631
1715.476 629.3065
1714.132 631.0543
1712.68 632.9667
1711.235 634.8665
1709.723 636.8373
1708.028 638.959
1706.281 641.0864
1704.121 643.6157
1702.108 645.9651
1700.069 648.3392
1698.013 650.7606
1696.08 652.965
1694.281 654.94
1692.428 656.9468
1690.644 658.8828
1688.748 660.7736
1686.724 662.6199
1684.859 664.2408
1683.115 665.7349
1681.258 667.2614
1679.438 668.7632
1677.524 670.2854
1675.444 671.8717
1673.551 673.34
1671.863 674.6575
1670.121 676.008
1668.575 677.2621
1667.07 678.4917
1665.605 679.7062
1664.291 680.7346
1663.14 681.5012
1661.874 682.1957
1660.909 682.6418
1660.126 682.9489
1659.467 683.1605
1658.91 683.2701
1658.451 683.2717
1658.052 683.1505
1657.875 682.9012
1657.776 682.5533
1657.868 682.0638
1658.061 681.6024
1658.304 681.1643
1658.442 680.744
1658.651 680.3349
1658.944 679.9282
1659.193 679.5209
1659.52 679.1323
1659.856 678.7847
1660.2 678.4554
1660.488 678.1561
1660.754 677.8727
1660.978 677.6088
1661.231 677.2567
1661.188 677.1431
1661.187 677.0093
1661.089 676.8768
1661.007 676.7693
1660.831 676.7141
1660.639 676.6819
1660.405 676.6731
1660.116 676.6957
1659.807 676.762
1659.505 676.8633
1659.159 676.9944
1658.868 677.084
1658.561 677.1196
1658.299 677.1232
1658.047 677.1356
1657.813 677.1713
1657.606 677.2015
1657.46 677.2325
1657.326 677.2456
1657.336 677.1834
1657.583 676.9899
1657.962 676.7354
1658.38 676.4911
1658.722 676.2932
1659.009 676.0592
1659.394 675.7701
1659.865 675.4606
1660.392 675.1182
1660.913 674.8256
1661.386 674.5792
1661.804 674.2997
1662.158 673.9829
1662.492 673.6427
1662.764 673.2506
1663.063 672.8025
1663.428 672.2947
1663.907 671.6823
1664.469 671.0629
1665.089 670.4232
1665.742 669.8011
1666.424 669.1814
1667.098 668.5482
1667.878 667.8358
1668.813 667.0447
1669.893 666.2031
1671.053 665.3325
1672.266 664.3961
1673.473 663.438
1674.706 662.437
1675.91 661.4956
1677.074 660.5253
1678.205 659.5356
1679.403 658.4953
1680.668 657.4385
1681.911 656.4064
1683.203 655.3671
1684.019 654.7316
1685.165 653.8132
1686.418 652.8381
1687.674 651.8759
1688.974 650.921
1690.252 649.9537
1691.51 649.0059
1692.616 648.1486
1693.596 647.3662
1694.773 646.4009
1697.454 644.2985
1698.042 643.8303
1698.86 643.0908
1699.529 642.4275
1700.13 641.796
1700.693 641.2328
1701.266 640.7419
1701.783 640.3591
1702.144 640.1217
1702.438 639.9387
1702.732 639.7911
1703.254 639.6071
1703.644 639.5331
1704.032 639.4752
1704.352 639.4217
1704.721 639.3193
1705.003 639.2354
1705.165 639.1423
1705.179 639.0417
1705.061 639.0161
1704.862 639.0341
1704.584 639.0215
1704.276 639.0027
1703.968 638.9406
1703.621 638.8725
1703.26 638.7665
1702.782 638.6531
1702.136 638.5576
1701.456 638.5345
1700.695 638.5311
1699.899 638.5329
1699.275 638.5392
1698.58 638.5927
1697.916 638.6704
1697.286 638.8105
1696.665 638.9764
1696.054 639.2034
1695.447 639.4193
1694.802 639.6459
1694.107 639.8768
1693.428 640.127
1692.717 640.4349
1692.061 640.7756
1691.485 641.1014
1691.045 641.4171
1690.724 641.6891
1690.508 641.8975
1690.313 642.164
1690.15 642.4258
1689.94 642.7452
1689.647 643.1124
1689.305 643.4789
1688.903 643.7949
1688.518 644.0349
1688.149 644.2305
1687.767 644.3907
1687.281 644.5771
1686.94 644.6868
1686.681 644.759
1686.324 644.8665
1685.927 645.0156
1685.51 645.1884
1685.051 645.3675
1684.583 645.5169
1684.148 645.6423
1683.788 645.762
1683.548 645.8398
1683.367 645.8478
1683.244 645.7589
1683.165 645.5869
1683.126 645.3259
1683.166 644.9764
1683.2 644.5644
1683.131 644.1216
1682.905 643.5726
1682.701 642.8959
1682.602 642.0898
1682.606 641.1445
1682.649 640.0396
1682.659 638.8124
1682.64 637.5159
1682.641 636.1473
1682.668 634.8177
1682.662 633.6495
1682.57 632.4272
1682.447 631.2849
1682.283 630.0509
1682.054 628.8185
1681.831 627.5981
1681.615 626.4432
1681.314 625.2714
1680.973 624.1595
1680.589 623.1764
1680.138 622.2695
1679.644 621.524
1679.102 620.8157
1678.578 620.198
1678.043 619.6357
1677.523 619.1196
1677.011 618.7045
1676.437 618.3996
1675.796 618.1244
1675.193 617.9628
1674.591 617.9025
1673.934 617.956
1673.339 618.0222
1672.753 618.0632
1672.22 618.0506
1671.741 618.0503
1671.206 618.0532
1670.522 618.0092
1670.006 617.8704
1669.595 617.6872
1669.26 617.4918
1668.978 617.2894
1668.799 617.0416
1668.755 616.7291
1668.823 616.31
1668.943 615.8638
1669.178 615.3544
1669.482 614.8582
1669.916 614.4017
1670.431 614.0386
1671.106 613.7163
1671.913 613.4509
1672.84 613.2635
1673.8 613.1511
1674.693 613.0677
1675.53 613.0333
1676.38 613.0394
1677.203 613.1116
1678.177 613.2345
1679.187 613.4292
1680.232 613.6237
1681.317 613.7792
1682.512 613.8625
1683.769 613.8829
1685.346 613.8529
1687.074 613.8185
1688.723 613.71
1690.442 613.4459
1692.293 613.0303
1694.169 612.5001
1696.312 611.7737
1698.28 610.98
1700.413 609.9764
1702.63 608.7901
1704.901 607.5286
1706.311 606.7166
1708.318 605.5212
1710.29 604.2516
1712.107 603.022
1714.178 601.5734
1716.126 600.1276
1717.993 598.6045
1719.511 597.2913
1721.053 595.8878
1722.457 594.5119
1724.238 592.6825
1725.754 591.1966
1727.223 589.874
1728.76 588.5764
1730.282 587.368
1731.841 586.2985
1733.25 585.5328
1734.651 584.9871
1735.706 584.774
1736.675 584.7764
1737.54 585.0273
1738.313 585.4815
1738.921 586.1805
1739.291 586.9133
1739.395 587.7463
1739.29 588.7405
1738.854 589.9594
1738.111 591.4233
1736.999 593.0981
1735.745 594.7618
1734.478 596.3778
1733.086 598.1
1731.589 599.8672
1730.015 601.6762
1728.234 603.7073
1726.513 605.509
1724.738 607.2524
1722.971 608.9675
1721.173 610.7636
1719.337 612.5724
1717.31 614.5035
1715.564 616.2113
1713.962 617.8005
1712.235 619.5286
1710.6 621.2095
1709.047 622.8531
1707.458 624.5482
1705.989 626.1471
1704.756 627.5836
1703.584 629.0649
1702.613 630.4168
1701.816 631.7079
1701.155 632.9582
1700.728 634.0764
1700.501 634.9583
1700.359 635.901
1700.32 636.7806
1700.404 637.6185
1700.609 638.3836
1700.851 639.0455
1701.181 639.5966
1701.649 640.0947
1702.26 640.512
1702.927 640.8678
1703.655 641.1063
1704.348 641.1976
1704.97 641.1965
1705.544 641.1378
1706.203 640.9598
1706.8 640.6633
1707.252 640.2578
1707.67 639.7722
1708.029 639.2329
1708.333 638.6893
1708.514 638.1584
1708.578 637.6566
1708.555 637.1553
1708.453 636.7003
1708.302 636.3181
1708.092 635.9624
1707.856 635.6561
1707.526 635.4546
1707.106 635.3568
1706.62 635.3576
1706.217 635.3986
1705.85 635.4945
1705.545 635.6355
1705.214 635.8448
1704.827 636.1069
1704.444 636.3881
1704.101 636.6805
1703.789 637.0168
1703.518 637.3573
1703.209 637.6467
1702.923 637.9142
1702.659 638.1551
1702.394 638.3482
1702.166 638.5024
1701.983 638.6292
1701.826 638.7261
1701.694 638.7903
1701.61 638.8112
1701.57 638.8104
1701.546 638.796
1701.557 638.769
1701.706 638.6295
1701.793 638.5406
1701.853 638.3899
1701.897 638.1927
1701.918 637.9701
1701.915 637.7396
1701.871 637.4706
1701.798 637.0805
1701.782 636.4778
1701.86 635.5828
1702.047 634.3944
1702.551 632.3392
1703.258 630.4912
1704.244 628.4194
1705.467 626.0367
1707.118 623.0661
1709.092 619.7291
1711.026 616.6481
1713.297 613.0346
1715.519 609.4053
1717.829 605.6471
1720.266 601.8801
1723.081 597.9419
1726.209 593.9647
1729.179 590.444
1732.541 586.7827
1736.456 582.7936
1740.71 578.4022
1744.726 574.2804
1749.1 569.907
1752.033 567.071
1755.987 563.3284
1760.082 559.5427
1764.255 555.7911
1768.768 551.7725
1772.826 548.2009
1776.796 544.7181
1780.625 541.3982
1784.46 538.1821
1788.355 534.9766
1793.184 530.6964
1796.227 527.8137
1799.302 524.8821
1802.201 521.9904
1804.867 519.2357
1807.332 516.6086
1809.687 513.9513
1811.647 511.6385
1813.581 509.2849
1815.205 507.218
1816.976 504.8588
1818.641 502.5853
1819.995 500.6365
1821.152 498.7529
1822.288 496.9169
1823.328 495.2914
1824.332 493.7746
1825.413 492.185
1826.311 490.9002
1827.329 489.5371
1828.242 488.3646
1829.156 487.1822
1829.967 486.1711
1830.769 485.2804
1831.293 484.7519
1831.798 484.3685
1832.193 484.1295
1832.535 483.893
1832.821 483.6535
1833.103 483.3393
1833.357 483.0552
1833.595 482.8292
1833.86 482.6871
1833.924 482.761
1833.929 482.9264
1833.879 483.1524
1833.822 483.4027
1833.845 483.6383
1833.963 483.8398
1834.027 484.0771
1834.122 484.3355
1834.096 484.7386
1833.991 485.2337
1833.669 485.8434
1833.278 486.4048
1832.849 486.9176
1832.532 487.3042
1832.179 487.6463
1831.837 487.9096
1831.503 488.1364
1831.157 488.3947
1830.771 488.6908
1830.506 488.9473
1830.176 489.2118
1829.849 489.4481
1829.541 489.671
1829.33 489.842
1829.119 489.9657
1829.007 490.0251
1828.934 490.0457
1828.907 490.0529
1828.829 490.0809
1828.697 490.0944
1828.529 490.0968
1828.378 490.1047
1828.195 490.1591
1827.995 490.2801
1827.687 490.5299
1827.224 490.9585
1826.588 491.5832
1825.978 492.1949
1825.078 493.1445
1823.959 494.4048
1822.73 495.8316
1821.284 497.5958
1819.585 499.7043
1817.773 502.0108
1815.803 504.6615
1813.589 507.754
1811.111 511.2055
1807.7 515.8517
1804.489 520.0911
1801.286 524.2512
1797.118 529.4339
1794.684 532.3563
1790.676 536.9903
1786.389 541.938
1782.263 546.7837
1778.117 551.7066
1773.984 556.5791
1770.054 561.1749
1766.037 565.8659
1761.873 570.6927
1757.631 575.4498
1752.536 580.8627
1748.444 585.0644
1744.29 589.298
1740.063 593.4446
1735.93 597.3646
1731.519 601.3694
1727.628 604.8635
1724.206 607.9407
1720.972 610.8602
1718.101 613.3396
1715.421 615.5183
1713.144 617.3138
1711.286 618.7433
1709.72 619.8282
1708.269 620.7244
1707.326 621.2424
1706.633 621.611
1706.226 621.7502
1705.952 621.8041
1705.944 621.7205
1706.212 621.4966
1706.746 621.1638
1707.454 620.7958
1708.356 620.3361
1709.317 619.884
1710.479 619.3531
1711.627 618.8739
1712.868 618.3719
1714 617.9641
1715.295 617.5449
1716.514 617.2307
1717.618 617.0485
1718.714 616.8553
1719.808 616.6583
1720.727 616.5125
1721.61 616.3943
1722.337 616.3768
1723.029 616.395
1723.552 616.4613
1724.035 616.5064
1724.39 616.5762
1724.801 616.6289
1725.061 616.6958
1725.251 616.7827
1725.242 616.9327
1725.216 617.0696
1725.092 617.1976
1724.989 617.2991
1724.738 617.418
1724.388 617.5433
1723.899 617.7117
1723.546 617.8792
1723.184 618.0615
1722.954 618.2058
1722.736 618.361
1722.628 618.5309
1722.419 618.7261
1722.311 618.8631
1722.232 618.9828
1722.281 619.0557
1722.268 619.1032
1722.295 619.0829
1722.293 619.0007
1722.365 618.8741
1722.45 618.7274
1722.612 618.5459
1722.755 618.3228
1722.942 618.0679
1723.175 617.7766
1723.438 617.4716
1723.608 617.2527
1723.856 616.9034
1724.015 616.5342
1724.199 616.0663
1724.375 615.3294
1724.734 614.2852
1725.16 612.9871
1725.85 611.5118
1726.598 609.756
1727.6 607.7348
1729.043 604.8424
1730.472 602.2216
1738.313 585.4815
1738.921 586.1805
1739.291 586.9133
1739.395 587.7463
1739.29 588.7405
1738.854 589.9594
1738.111 591.4233
1736.999 593.0981
1735.745 594.7618
1734.478 596.3778
1733.086 598.1
1731.589 599.8672
1730.015 601.6762
1728.234 603.7073
1726.513 605.509
1724.738 607.2524
1722.971 608.9675
1721.173 610.7636
1719.337 612.5724
1717.31 614.5035
1715.564 616.2113
1713.962 617.8005
1712.235 619.5286
1710.6 621.2095
1709.047 622.8531
1707.458 624.5482
1705.989 626.1471
1704.756 627.5836
1703.584 629.0649
1702.613 630.4168
1701.816 631.7079
1701.155 632.9582
1700.728 634.0764
1700.501 634.9583
1700.359 635.901
1700.32 636.7806
1700.404 637.6185
1700.609 638.3836
1700.851 639.0455
1701.181 639.5966
1701.649 640.0947
1702.26 640.512
1702.927 640.8678
1703.655 641.1063
1704.348 641.1976
1704.97 641.1965
1705.544 641.1378
1706.203 640.9598
1706.8 640.6633
1707.252 640.2578
1707.67 639.7722
1708.029 639.2329
1708.333 638.6893
1708.514 638.1584
1708.578 637.6566
1708.555 637.1553
1708.453 636.7003
1708.302 636.3181
1708.092 635.9624
1707.856 635.6561
1707.526 635.4546
1707.106 635.3568
1706.62 635.3576
1706.217 635.3986
1705.85 635.4945
1705.545 635.6355
1705.214 635.8448
1704.827 636.1069
1704.444 636.3881
1704.101 636.6805
1703.789 637.0168
1703.518 637.3573
1703.209 637.6467
1702.923 637.9142
1702.659 638.1551
1702.394 638.3482
1702.166 638.5024
1701.983 638.6292
1701.826 638.7261
1701.694 638.7903
1701.61 638.8112
1701.57 638.8104
1701.546 638.796
1701.557 638.769
1701.706 638.6295
1701.793 638.5406
1701.853 638.3899
1701.897 638.1927
1701.918 637.9701
1701.915 637.7396
1701.871 637.4706
1701.798 637.0805
1701.782 636.4778
1701.86 635.5828
1702.047 634.3944
1702.551 632.3392
1703.258 630.4912
1704.244 628.4194
1705.467 626.0367
1707.118 623.0661
1709.092 619.7291
1711.026 616.6481
1713.297 613.0346
1715.519 609.4053
1717.829 605.6471
1720.266 601.8801
1723.081 597.9419
1726.209 593.9647
1729.179 590.444
1732.541 586.7827
1736.456 582.7936
1740.71 578.4022
1744.726 574.2804
1749.1 569.907
1752.033 567.071
1755.987 563.3284
1760.082 559.5427
1764.255 555.7911
1768.768 551.7725
1772.826 548.2009
1776.796 544.7181
1780.625 541.3982
1784.46 538.1821
1788.355 534.9766
1793.184 530.6964
1796.227 527.8137
1799.302 524.8821
1802.201 521.9904
1804.867 519.2357
1807.332 516.6086
1809.687 513.9513
1811.647 511.6385
1813.581 509.2849
1815.205 507.218
1816.976 504.8588
1818.641 502.5853
1819.995 500.6365
1821.152 498.7529
1822.288 496.9169
1823.328 495.2914
1824.332 493.7746
1825.413 492.185
1826.311 490.9002
1827.329 489.5371
1828.242 488.3646
1829.156 487.1822
1829.967 486.1711
1830.769 485.2804
1831.293 484.7519
1831.798 484.3685
1832.193 484.1295
1832.535 483.893
1832.821 483.6535
1833.103 483.3393
1833.357 483.0552
1833.595 482.8292
1833.86 482.6871
1833.924 482.761
1833.929 482.9264
1833.879 483.1524
1833.822 483.4027
1833.845 483.6383
1833.963 483.8398
1834.027 484.0771
1834.122 484.3355
1834.096 484.7386
1833.991 485.2337
1833.669 485.8434
1833.278 486.4048
1832.849 486.9176
1832.532 487.3042
1832.179 487.6463
1831.837 487.9096
1831.503 488.1364
1831.157 488.3947
1830.771 488.6908
1830.506 488.9473
1830.176 489.2118
1829.849 489.4481
1829.541 489.671
1829.33 489.842
1829.119 489.9657
1829.007 490.0251
1828.934 490.0457
1828.907 490.0529
1828.829 490.0809
1828.697 490.0944
1828.529 490.0968
1828.378 490.1047
1828.195 490.1591
1827.995 490.2801
1827.687 490.5299
1827.224 490.9585
1826.588 491.5832
1825.978 492.1949
1825.078 493.1445
1823.959 494.4048
1822.73 495.8316
1821.284 497.5958
1819.585 499.7043
1817.773 502.0108
1815.803 504.6615
1813.589 507.754
1811.111 511.2055
1807.7 515.8517
1804.489 520.0911
1801.286 524.2512
1797.118 529.4339
1794.684 532.3563
1790.676 536.9903
1786.389 541.938
1782.263 546.7837
1778.117 551.7066
1773.984 556.5791
1770.054 561.1749
1766.037 565.8659
1761.873 570.6927
1757.631 575.4498
1752.536 580.8627
1748.444 585.0644
1744.29 589.298
1740.063 593.4446
1735.93 597.3646
1731.519 601.3694
1727.628 604.8635
1724.206 607.9407
1720.972 610.8602
1718.101 613.3396
1715.421 615.5183
1713.144 617.3138
1711.286 618.7433
1709.72 619.8282
1708.269 620.7244
1707.326 621.2424
1706.633 621.611
1706.226 621.7502
1705.952 621.8041
1705.944 621.7205
1706.212 621.4966
1706.746 621.1638
1707.454 620.7958
1708.356 620.3361
1709.317 619.884
1710.479 619.3531
1711.627 618.8739
1712.868 618.3719
1714 617.9641
1715.295 617.5449
1716.514 617.2307
1717.618 617.0485
1718.714 616.8553
1719.808 616.6583
1720.727 616.5125
1721.61 616.3943
1722.337 616.3768
1723.029 616.395
1723.552 616.4613
1724.035 616.5064
1724.39 616.5762
1724.801 616.6289
1725.061 616.6958
1725.251 616.7827
1725.242 616.9327
1725.216 617.0696
1725.092 617.1976
1724.989 617.2991
1724.738 617.418
1724.388 617.5433
1723.899 617.7117
1723.546 617.8792
1723.184 618.0615
1722.954 618.2058
1722.736 618.361
1722.628 618.5309
1722.419 618.7261
1722.311 618.8631
1722.232 618.9828
1722.281 619.0557
1722.268 619.1032
1722.295 619.0829
1722.293 619.0007
1722.365 618.8741
1722.45 618.7274
1722.612 618.5459
1722.755 618.3228
1722.942 618.0679
1723.175 617.7766
1723.438 617.4716
1723.608 617.2527
1723.856 616.9034
1724.015 616.5342
1724.199 616.0663
1724.375 615.3294
1724.734 614.2852
1725.16 612.9871
1725.85 611.5118
1726.598 609.756
1727.6 607.7348
1729.043 604.8424
1730.472 602.2216
1732.017 599.3919
1733.838 596.2228
1735.815 592.6893
1737.956 588.878
1740.186 584.5284
1742.291 580.2678
1744.542 575.8967
1747.183 571.1193
1750.183 566.0844
1753.344 561.1362
1756.841 555.7437
1760.293 550.6456
1763.717 545.7891
1767.22 540.922
1771.231 535.4005
1773.369 532.4737
1776.607 527.9005
1779.597 523.6725
1782.577 519.5743
1785.298 515.9528
1788.221 512.2706
1791.102 508.7927
1794.026 505.446
1796.829 502.4551
1799.55 499.7063
1802.528 496.8245
1805.024 494.5066
1806.918 492.9252
1809.162 491.1832
1811.259 489.6565
1813.324 488.2264
1815.071 487.2085
1816.79 486.3086
1818.252 485.6587
1819.651 485.0662
1820.782 484.667
1821.784 484.3221
1822.847 484.1545
1823.667 484.1246
1824.285 484.3172
1824.953 484.5809
1825.478 484.9792
1825.841 485.5018
1826.019 486.0611
1826.099 486.5663
1826.144 487.011
1826.234 487.4036
1826.356 487.8403
1826.436 488.3691
1826.293 488.996
1826.22 489.5503
1826.013 490.1174
1825.76 490.6981
1825.385 491.3903
1824.89 492.1751
1824.152 493.1206
1823.403 494.0509
1822.551 495.0245
1821.626 496.0346
1820.582 497.1292
1819.561 498.3428
1818.502 499.8462
1817.431 501.51
1816.284 503.242
1814.942 505.2021
1813.571 507.2097
1812.068 509.4217
1810.306 512.0782
1808.313 515.0009
1806.068 518.2538
1803.507 521.8242
1800.679 525.6614
1797.662 529.6843
1794.35 534.1557
1791.386 538.1436
1788.435 542.0594
1785.471 545.9222
1782.302 550.0168
1779.151 554.1587
1775.871 558.4211
1772.773 562.1909
1770.525 564.7703
1767.51 568.1552
1764.66 571.3418
1761.923 574.4333
1759.238 577.3981
1756.674 580.0897
1754.362 582.3475
1752.25 584.3221
1750.284 586.0937
1748.554 587.6081
1746.496 589.3362
1744.933 590.5853
1743.586 591.6811
1742.296 592.6939
1741.142 593.5054
1740.098 594.1737
1739.194 594.687
1738.435 595.0712
1737.817 595.3232
1737.205 595.5872
1736.697 595.8155
1736.258 596.0856
1735.582 596.5147
1735.443 596.6273
1735.373 596.7524
1735.442 596.8749
1735.514 597.0757
1735.729 597.2787
1736.003 597.4706
1736.31 597.5851
1736.677 597.6825
1737.156 597.7151
1737.693 597.7225
1738.303 597.7059
1738.899 597.7439
1739.484 597.803
1740.389 597.8749
1740.557 597.9064
1740.752 598.0352
1740.855 598.2097
1740.8 598.4478
1740.627 598.7084
1740.33 599.0568
1739.939 599.4384
1739.406 599.8801
1738.76 600.3973
1738.062 600.959
1737.101 601.7898
1736.266 602.4523
1735.305 603.1649
1734.292 603.9346
1733.113 604.8687
1731.868 605.8877
1728.9 608.308
1728.033 609.0702
1726.653 610.4488
1725.512 611.8707
1724.348 613.4521
1723.249 615.027
1722.232 616.6627
1721.51 618.0666
1720.744 619.6642
1720.054 621.3171
1719.269 623.2076
1718.19 625.7866
1717.454 627.7971
1716.923 629.5681
1716.536 631.3359
1716.196 633.0948
1715.943 634.8394
1715.718 637.9909
1715.631 639.3795
1715.55 640.4319
1715.38 641.4941
1715.061 642.4816
1714.579 643.2478
1713.913 643.8742
1713.225 644.2953
1712.451 644.6039
1711.456 644.8867
1710.245 645.1543
1708.883 645.4418
1705.703 646.2083
1704.516 646.5541
1702.897 647.0686
1700.858 647.749
1698.578 648.5126
1696.334 649.2698
1694.05 650.0533
1691.648 650.9045
1689.32 651.7991
1687.121 652.6867
1683.005 654.2478
1680.996 654.9355
1678.968 655.5818
1677.004 656.1805
1674.962 656.8185
1673.077 657.4374
1671.222 658.0699
1669.724 658.5917
1668.228 659.1455
1667.079 659.621
1665.726 660.2524
1664.237 661.0295
1663.058 661.6763
1662.011 662.3285
1661.123 662.9162
1660.198 663.5169
1659.289 664.0955
1658.336 664.6628
1657.72 665.0479
1657.151 665.38
1656.884 665.5893
1656.641 665.7921
1656.602 665.9281
1656.584 666.0189
1656.66 666.0505
1656.761 665.9996
1656.891 665.8096
1657.068 665.4931
1657.779 664.5817
1658.226 664.0692
1658.923 663.2291
1659.786 662.0826
1660.849 660.5541
1661.851 658.8908
1662.717 657.17
1663.507 655.3079
1664.28 653.2396
1665.103 650.9356
1665.922 648.6292
1666.912 646.0834
1667.707 643.9436
1668.546 641.9567
1669.492 639.9706
1670.619 637.8459
1671.712 635.9013
1672.907 633.9666
1674.215 632.177
1675.699 630.4745
1677.216 628.9503
1678.923 627.3967
1680.537 626.104
1681.985 625.1542
1683.414 624.3948
1684.88 623.836
1686.283 623.5505
1687.589 623.5767
1688.748 623.9225
1689.542 624.3922
1690.442 625.3286
1691.084 626.4982
1691.474 628.009
1691.582 629.9042
1691.397 632.0677
1690.891 634.3698
1689.916 636.9795
1688.613 639.7656
1686.952 642.6825
1684.441 646.4622
1682.106 649.468
1679.485 652.3806
1676.689 655.1566
1673.703 657.7422
1670.694 660.0219
1667.446 662.0723
1664.515 663.6087
1661.881 664.6998
1659.335 665.5085
1656.756 666.0121
1654.45 666.0649
1652.557 665.6526
1651.101 664.7976
1650.254 663.7728
1649.671 662.1044
1649.665 659.971
1650.297 657.3963
1651.569 654.3987
1653.342 651.1823
1655.6 647.678
1658.195 644.09
1661.342 640.1198
1664.785 636.0353
1669.29 630.9102
1673.111 626.7664
1676.704 623.0071
1680.525 619.243
1684.49 615.6526
1688.419 612.3369
1692.409 609.2571
1696.311 606.5887
1700.177 604.3177
1703.717 602.5192
1707.197 600.986
1710.501 599.8085
1713.669 598.978
1716.385 598.569
1718.762 598.5594
1720.751 598.9511
1722.539 599.7728
1723.826 601.0786
1724.598 602.891
1724.839 605.0514
1724.55 607.6356
1723.764 610.5558
1722.496 613.8333
1720.947 617.0712
1718.89 620.7222
1716.634 624.2789
1714.2 627.7885
1711.467 631.246
1705.58 637.6771
1704.192 639.0406
1701.315 641.683
1698.035 644.3632
1694.649 646.7406
1691.266 648.9269
1688.098 650.796
1685.443 652.2189
1732.017 599.3919
1733.838 596.2228
1735.815 592.6893
1737.956 588.878
1740.186 584.5284
1742.291 580.2678
1744.542 575.8967
1747.183 571.1193
1750.183 566.0844
1753.344 561.1362
1756.841 555.7437
1760.293 550.6456
1763.717 545.7891
1767.22 540.922
1771.231 535.4005
1773.369 532.4737
1776.607 527.9005
1779.597 523.6725
1782.577 519.5743
1785.298 515.9528
1788.221 512.2706
1791.102 508.7927
1794.026 505.446
1796.829 502.4551
1799.55 499.7063
1802.528 496.8245
1805.024 494.5066
1806.918 492.9252
1809.162 491.1832
1811.259 489.6565
1813.324 488.2264
1815.071 487.2085
1816.79 486.3086
1818.252 485.6587
1819.651 485.0662
1820.782 484.667
1821.784 484.3221
1822.847 484.1545
1823.667 484.1246
1824.285 484.3172
1824.953 484.5809
1825.478 484.9792
1825.841 485.5018
1826.019 486.0611
1826.099 486.5663
1826.144 487.011
1826.234 487.4036
1826.356 487.8403
1826.436 488.3691
1826.293 488.996
1826.22 489.5503
1826.013 490.1174
1825.76 490.6981
1825.385 491.3903
1824.89 492.1751
1824.152 493.1206
1823.403 494.0509
1822.551 495.0245
1821.626 496.0346
1820.582 497.1292
1819.561 498.3428
1818.502 499.8462
1817.431 501.51
1816.284 503.242
1814.942 505.2021
1813.571 507.2097
1812.068 509.4217
1810.306 512.0782
1808.313 515.0009
1806.068 518.2538
1803.507 521.8242
1800.679 525.6614
1797.662 529.6843
1794.35 534.1557
1791.386 538.1436
1788.435 542.0594
1785.471 545.9222
1782.302 550.0168
1779.151 554.1587
1775.871 558.4211
1772.773 562.1909
1770.525 564.7703
1767.51 568.1552
1764.66 571.3418
1761.923 574.4333
1759.238 577.3981
1756.674 580.0897
1754.362 582.3475
1752.25 584.3221
1750.284 586.0937
1748.554 587.6081
1746.496 589.3362
1744.933 590.5853
1743.586 591.6811
1742.296 592.6939
1741.142 593.5054
1740.098 594.1737
1739.194 594.687
1738.435 595.0712
1737.817 595.3232
1737.205 595.5872
1736.697 595.8155
1736.258 596.0856
1735.582 596.5147
1735.443 596.6273
1735.373 596.7524
1735.442 596.8749
1735.514 597.0757
1735.729 597.2787
1736.003 597.4706
1736.31 597.5851
1736.677 597.6825
1737.156 597.7151
1737.693 597.7225
1738.303 597.7059
1738.899 597.7439
1739.484 597.803
1740.389 597.8749
1740.557 597.9064
1740.752 598.0352
1740.855 598.2097
1740.8 598.4478
1740.627 598.7084
1740.33 599.0568
1739.939 599.4384
1739.406 599.8801
1738.76 600.3973
1738.062 600.959
1737.101 601.7898
1736.266 602.4523
1735.305 603.1649
1734.292 603.9346
1733.113 604.8687
1731.868 605.8877
1728.9 608.308
1728.033 609.0702
1726.653 610.4488
1725.512 611.8707
1724.348 613.4521
1723.249 615.027
1722.232 616.6627
1721.51 618.0666
1720.744 619.6642
1720.054 621.3171
1719.269 623.2076
1718.19 625.7866
1717.454 627.7971
1716.923 629.5681
1716.536 631.3359
1716.196 633.0948
1715.943 634.8394
1715.718 637.9909
1715.631 639.3795
1715.55 640.4319
1715.38 641.4941
1715.061 642.4816
1714.579 643.2478
1713.913 643.8742
1713.225 644.2953
1712.451 644.6039
1711.456 644.8867
1710.245 645.1543
1708.883 645.4418
1705.703 646.2083
1704.516 646.5541
1702.897 647.0686
1700.858 647.749
1698.578 648.5126
1696.334 649.2698
1694.05 650.0533
1691.648 650.9045
1689.32 651.7991
1687.121 652.6867
1683.005 654.2478
1680.996 654.9355
1678.968 655.5818
1677.004 656.1805
1674.962 656.8185
1673.077 657.4374
1671.222 658.0699
1669.724 658.5917
1668.228 659.1455
1667.079 659.621
1665.726 660.2524
1664.237 661.0295
1663.058 661.6763
1662.011 662.3285
1661.123 662.9162
1660.198 663.5169
1659.289 664.0955
1658.336 664.6628
1657.72 665.0479
1657.151 665.38
1656.884 665.5893
1656.641 665.7921
1656.602 665.9281
1656.584 666.0189
1656.66 666.0505
1656.761 665.9996
1656.891 665.8096
1657.068 665.4931
1657.779 664.5817
1658.226 664.0692
1658.923 663.2291
1659.786 662.0826
1660.849 660.5541
1661.851 658.8908
1662.717 657.17
1663.507 655.3079
1664.28 653.2396
1665.103 650.9356
1665.922 648.6292
1666.912 646.0834
1667.707 643.9436
1668.546 641.9567
1669.492 639.9706
1670.619 637.8459
1671.712 635.9013
1672.907 633.9666
1674.215 632.177
1675.699 630.4745
1677.216 628.9503
1678.923 627.3967
1680.537 626.104
1681.985 625.1542
1683.414 624.3948
1684.88 623.836
1686.283 623.5505
1687.589 623.5767
1688.748 623.9225
1689.542 624.3922
1690.442 625.3286
1691.084 626.4982
1691.474 628.009
1691.582 629.9042
1691.397 632.0677
1690.891 634.3698
1689.916 636.9795
1688.613 639.7656
1686.952 642.6825
1684.441 646.4622
1682.106 649.468
1679.485 652.3806
1676.689 655.1566
1673.703 657.7422
1670.694 660.0219
1667.446 662.0723
1664.515 663.6087
1661.881 664.6998
1659.335 665.5085
1656.756 666.0121
1654.45 666.0649
1652.557 665.6526
1651.101 664.7976
1650.254 663.7728
1649.671 662.1044
1649.665 659.971
1650.297 657.3963
1651.569 654.3987
1653.342 651.1823
1655.6 647.678
1658.195 644.09
1661.342 640.1198
1664.785 636.0353
1669.29 630.9102
1673.111 626.7664
1676.704 623.0071
1680.525 619.243
1684.49 615.6526
1688.419 612.3369
1692.409 609.2571
1696.311 606.5887
1700.177 604.3177
1703.717 602.5192
1707.197 600.986
1710.501 599.8085
1713.669 598.978
1716.385 598.569
1718.762 598.5594
1720.751 598.9511
1722.539 599.7728
1723.826 601.0786
1724.598 602.891
1724.839 605.0514
1724.55 607.6356
1723.764 610.5558
1722.496 613.8333
1720.947 617.0712
1718.89 620.7222
1716.634 624.2789
1714.2 627.7885
1711.467 631.246
1705.58 637.6771
1704.192 639.0406
1701.315 641.683
1698.035 644.3632
1694.649 646.7406
1691.266 648.9269
1688.098 650.796
1685.443 652.2189
1682.768 653.4977
1680.335 654.4809
1678.252 655.1547
1676.575 655.5206
1675.935 655.564
1675.053 655.4048
1674.475 654.8323
1674.5 653.7783
1675.192 652.2771
1676.724 650.16
1678.682 647.8547
1681.025 645.3108
1683.715 642.4932
1686.823 639.4158
1690.227 636.2285
1694.389 632.4579
1698.303 628.9364
1702.172 625.476
1705.988 622.0802
1709.911 618.6132
1713.888 615.1913
1718.267 611.5123
1721.993 608.3795
1725.743 605.2847
1729.583 602.306
1733.384 599.4937
1737.218 596.7574
1741.043 594.1154
1745.265 591.3
1748.902 589.006
1753.258 586.3804
1757.715 583.8965
1762.282 581.4661
1766.173 579.353
1769.985 577.16
1772.588 575.5869
1776.044 573.3493
1779.122 571.2667
1781.945 569.0905
1784.551 566.735
1786.737 564.5546
1788.748 562.3535
1790.543 559.9753
1792.051 557.3989
1793.376 554.7654
1794.939 551.395
1796.279 548.847
1797.797 546.4858
1799.648 544.1799
1801.818 541.9766
1804.384 539.877
1807.507 537.6311
1810.58 535.3879
1813.547 533.1561
1816.49 531.0848
1819.727 529.085
1823.103 527.236
1826.366 525.5221
1829.034 523.9683
1831.177 522.4517
1833.359 520.6013
1835.211 518.8786
1836.881 517.1473
1838.389 515.3104
1839.727 513.4736
1840.662 512.0264
1841.419 510.6732
1841.831 509.5478
1841.985 508.494
1841.853 507.5512
1841.456 506.8822
1840.7 506.4872
1839.777 506.2947
1838.434 506.2376
1836.813 506.1752
1834.997 506.1984
1833.178 506.252
1831.286 506.344
1829.442 506.3088
1827.591 506.1889
1826.204 506.0594
1824.238 505.9651
1822.131 505.8425
1819.818 505.5687
1817.452 505.0422
1815.272 504.4477
1813.141 503.7412
1810.976 502.9397
1808.831 501.983
1806.523 500.9574
1803.503 499.6537
1801.034 498.7008
1799.075 497.9456
1796.368 496.9651
1793.743 495.9543
1791.114 494.8576
1788.659 493.6744
1786.102 492.3463
1783.645 490.9806
1780.949 489.4886
1778.466 488.0139
1776.207 486.729
1773.601 485.3185
1771.505 484.2362
1769.688 483.1208
1767.989 481.9386
1766.433 480.7805
1764.755 479.6099
1762.92 478.2804
1761.167 477.1115
1759.939 476.3205
1758.338 475.4546
1756.869 474.7488
1755.345 474.1646
1753.898 473.625
1752.421 473.1473
1750.837 472.6003
1749.179 472.0797
1747.5 471.6837
1745.719 471.6138
1743.287 471.7448
1741.115 471.874
1738.945 472.0194
1736.925 472.1527
1734.759 472.2676
1732.516 472.4007
1730.293 472.654
1726.025 473.8416
1724.765 474.321
1722.844 475.0802
1721.05 475.922
1719.409 476.737
1717.749 477.5573
1716.166 478.292
1714.823 479.0207
1713.739 479.8838
1712.847 481.0551
1712.197 482.5016
1711.497 486.2259
1711.484 487.6201
1711.608 488.8344
1712.047 490.2695
1712.717 491.8625
1713.501 493.5843
1714.39 495.3512
1715.481 497.2167
1716.608 499.0098
1717.827 500.85
1718.935 502.4602
1719.98 503.9196
1721.03 505.3813
1722.106 506.9279
1723.271 508.5853
1724.406 510.2715
1725.454 512.0043
1726.184 513.52
1726.722 514.5991
1726.839 513.821
1726.317 513.3716
1726.045 513.3398
1726.647 513.7264
1727.607 513.787
1728.144 513.0957
1727.619 512.1238
1726.654 511.1199
1726.104 510.1218
1725.926 508.9527
1725.875 507.7349
1725.878 506.5032
1726.194 505.3404
1726.877 504.2953
1727.59 503.3264
1728.397 502.1274
1729.62 500.7919
1731.307 498.3508
1731.991 495.6433
1732.591 493.207
1734.738 491.3702
1737.274 489.3433
1738.449 487.2025
1739.221 485.0061
1740.919 482.5365
1743.017 480.1122
1745.052 477.6976
1746.7 475.353
1748.255 472.7054
1750.065 469.8919
1752.296 466.7831
1754.231 463.7008
1755.943 462.3597
1757.043 461.6104
1757.888 461.3467
1759.198 460.8548
1760.35 460.6535
1760.867 460.582
1761.171 460.5498
1761.557 460.4517
1761.81 460.3304
1762.28 460.1372
1763.002 459.8291
1763.708 459.4294
1764.161 459.0492
1764.494 458.6146
1764.808 458.0569
1765.049 457.5146
1765.335 456.9395
1765.349 456.5532
1765.214 456.3092
1765.272 456.1396
1765.52 456.0879
1765.691 456.0811
1765.713 456.085
1765.643 456.0702
1765.467 456.0193
1765.196 455.9579
1765.047 455.8843
1765.004 455.8613
1765.108 455.9015
1765.218 455.9305
1765.215 455.9324
1765.134 455.9162
1765.137 455.8988
1765.097 455.8861
1765.031 455.8655
1765.04 455.8654
1765.059 455.8778
1765.101 455.8879
1765.08 455.8794
1765.01 455.855
1764.985 455.8556
1765.055 455.8543
1765.068 455.8558
1765.022 455.8629
1764.993 455.862
1765.003 455.8667
1764.98 455.8727
1764.988 455.8646
1764.982 455.8641
1764.984 455.8672
1764.993 455.8683
1764.983 455.8665
1764.967 455.8677
1764.985 455.8735
1764.997 455.8654
1765.001 455.8644
1764.984 455.8613
1764.964 455.8501
1765.004 455.8486
1765.02 455.846
1765.03 455.8408
1765.012 455.8403
1765.027 455.8419
1765.019 455.8459
1765.016 455.8381
1765.029 455.8333
1765.056 455.8298
1765.055 455.8336
1765.08 455.8332
1765.083 455.8299
1765.098 455.8224
1765.106 455.8306
1765.094 455.8307
1765.1 455.8275
1765.111 455.8303
1765.098 455.8333
1765.095 455.8329
1765.102 455.8306
1765.099 455.8374
1765.086 455.8366
1765.089 455.8345
1765.073 455.8322
1765.074 455.84
1765.056 455.8389
1765.051 455.8459
1765.065 455.8507
1765.056 455.8491
1765.025 455.8468
1765.039 455.8415
1765.02 455.8315
1765.005 455.8271
1764.997 455.8166
1765.003 455.8021
1765 455.7954
1764.964 455.7882
1764.936 455.7808
1764.941 455.7687
1764.941 455.7738
1764.927 455.7816
1764.938 455.7882
1764.938 455.7936
1764.92 455.8068
1764.896 455.8031
1764.904 455.8055
1764.901 455.812
1764.895 455.813
1764.887 455.8037
1764.882 455.8008
1764.884 455.8068
1764.932 455.8048
1764.928 455.8021
1682.768 653.4977
1680.335 654.4809
1678.252 655.1547
1676.575 655.5206
1675.935 655.564
1675.053 655.4048
1674.475 654.8323
1674.5 653.7783
1675.192 652.2771
1676.724 650.16
1678.682 647.8547
1681.025 645.3108
1683.715 642.4932
1686.823 639.4158
1690.227 636.2285
1694.389 632.4579
1698.303 628.9364
1702.172 625.476
1705.988 622.0802
1709.911 618.6132
1713.888 615.1913
1718.267 611.5123
1721.993 608.3795
1725.743 605.2847
1729.583 602.306
1733.384 599.4937
1737.218 596.7574
1741.043 594.1154
1745.265 591.3
1748.902 589.006
1753.258 586.3804
1757.715 583.8965
1762.282 581.4661
1766.173 579.353
1769.985 577.16
1772.588 575.5869
1776.044 573.3493
1779.122 571.2667
1781.945 569.0905
1784.551 566.735
1786.737 564.5546
1788.748 562.3535
1790.543 559.9753
1792.051 557.3989
1793.376 554.7654
1794.939 551.395
1796.279 548.847
1797.797 546.4858
1799.648 544.1799
1801.818 541.9766
1804.384 539.877
1807.507 537.6311
1810.58 535.3879
1813.547 533.1561
1816.49 531.0848
1819.727 529.085
1823.103 527.236
1826.366 525.5221
1829.034 523.9683
1831.177 522.4517
1833.359 520.6013
1835.211 518.8786
1836.881 517.1473
1838.389 515.3104
1839.727 513.4736
1840.662 512.0264
1841.419 510.6732
1841.831 509.5478
1841.985 508.494
1841.853 507.5512
1841.456 506.8822
1840.7 506.4872
1839.777 506.2947
1838.434 506.2376
1836.813 506.1752
1834.997 506.1984
1833.178 506.252
1831.286 506.344
1829.442 506.3088
1827.591 506.1889
1826.204 506.0594
1824.238 505.9651
1822.131 505.8425
1819.818 505.5687
1817.452 505.0422
1815.272 504.4477
1813.141 503.7412
1810.976 502.9397
1808.831 501.983
1806.523 500.9574
1803.503 499.6537
1801.034 498.7008
1799.075 497.9456
1796.368 496.9651
1793.743 495.9543
1791.114 494.8576
1788.659 493.6744
1786.102 492.3463
1783.645 490.9806
1780.949 489.4886
1778.466 488.0139
1776.207 486.729
1773.601 485.3185
1771.505 484.2362
1769.688 483.1208
1767.989 481.9386
1766.433 480.7805
1764.755 479.6099
1762.92 478.2804
1761.167 477.1115
1759.939 476.3205
1758.338 475.4546
1756.869 474.7488
1755.345 474.1646
1753.898 473.625
1752.421 473.1473
1750.837 472.6003
1749.179 472.0797
1747.5 471.6837
1745.719 471.6138
1743.287 471.7448
1741.115 471.874
1738.945 472.0194
1736.925 472.1527
1734.759 472.2676
1732.516 472.4007
1730.293 472.654
1726.025 473.8416
1724.765 474.321
1722.844 475.0802
1721.05 475.922
1719.409 476.737
1717.749 477.5573
1716.166 478.292
1714.823 479.0207
1713.739 479.8838
1712.847 481.0551
1712.197 482.5016
1711.497 486.2259
1711.484 487.6201
1711.608 488.8344
1712.047 490.2695
1712.717 491.8625
1713.501 493.5843
1714.39 495.3512
1715.481 497.2167
1716.608 499.0098
1717.827 500.85
1718.935 502.4602
1719.98 503.9196
1721.03 505.3813
1722.106 506.9279
1723.271 508.5853
1724.406 510.2715
1725.454 512.0043
1726.184 513.52
1726.722 514.5991
1726.839 513.821
1726.317 513.3716
1726.045 513.3398
1726.647 513.7264
1727.607 513.787
1728.144 513.0957
1727.619 512.1238
1726.654 511.1199
1726.104 510.1218
1725.926 508.9527
1725.875 507.7349
1725.878 506.5032
1726.194 505.3404
1726.877 504.2953
1727.59 503.3264
1728.397 502.1274
1729.62 500.7919
1731.307 498.3508
1731.991 495.6433
1732.591 493.207
1734.738 491.3702
1737.274 489.3433
1738.449 487.2025
1739.221 485.0061
1740.919 482.5365
1743.017 480.1122
1745.052 477.6976
1746.7 475.353
1748.255 472.7054
1750.065 469.8919
1752.296 466.7831
1754.231 463.7008
1755.943 462.3597
1757.043 461.6104
1757.888 461.3467
1759.198 460.8548
1760.35 460.6535
1760.867 460.582
1761.171 460.5498
1761.557 460.4517
1761.81 460.3304
1762.28 460.1372
1763.002 459.8291
1763.708 459.4294
1764.161 459.0492
1764.494 458.6146
1764.808 458.0569
1765.049 457.5146
1765.335 456.9395
1765.349 456.5532
1765.214 456.3092
1765.272 456.1396
1765.52 456.0879
1765.691 456.0811
1765.713 456.085
1765.643 456.0702
1765.467 456.0193
1765.196 455.9579
1765.047 455.8843
1765.004 455.8613
1765.108 455.9015
1765.218 455.9305
1765.215 455.9324
1765.134 455.9162
1765.137 455.8988
1765.097 455.8861
1765.031 455.8655
1765.04 455.8654
1765.059 455.8778
1765.101 455.8879
1765.08 455.8794
1765.01 455.855
1764.985 455.8556
1765.055 455.8543
1765.068 455.8558
1765.022 455.8629
1764.993 455.862
1765.003 455.8667
1764.98 455.8727
1764.988 455.8646
1764.982 455.8641
1764.984 455.8672
1764.993 455.8683
1764.983 455.8665
1764.967 455.8677
1764.985 455.8735
1764.997 455.8654
1765.001 455.8644
1764.984 455.8613
1764.964 455.8501
1765.004 455.8486
1765.02 455.846
1765.03 455.8408
1765.012 455.8403
1765.027 455.8419
1765.019 455.8459
1765.016 455.8381
1765.029 455.8333
1765.056 455.8298
1765.055 455.8336
1765.08 455.8332
1765.083 455.8299
1765.098 455.8224
1765.106 455.8306
1765.094 455.8307
1765.1 455.8275
1765.111 455.8303
1765.098 455.8333
1765.095 455.8329
1765.102 455.8306
1765.099 455.8374
1765.086 455.8366
1765.089 455.8345
1765.073 455.8322
1765.074 455.84
1765.056 455.8389
1765.051 455.8459
1765.065 455.8507
1765.056 455.8491
1765.025 455.8468
1765.039 455.8415
1765.02 455.8315
1765.005 455.8271
1764.997 455.8166
1765.003 455.8021
1765 455.7954
1764.964 455.7882
1764.936 455.7808
1764.941 455.7687
1764.941 455.7738
1764.927 455.7816
1764.938 455.7882
1764.938 455.7936
1764.92 455.8068
1764.896 455.8031
1764.904 455.8055
1764.901 455.812
1764.895 455.813
1764.887 455.8037
1764.882 455.8008
1764.884 455.8068
1764.932 455.8048
1764.928 455.8021
