1920 480
1920 480
1682.376 177.1344
1663.528 177.2702
1595.797 183.598
1574.878 182.7285
1570.226 182.1396
1565.985 181.6782
1549.563 180.3765
1539.847 180.0594
1534.411 179.9443
1527.02 179.8177
1521.008 179.7962
1515.121 179.7982
1509.316 179.9269
1503.542 180.0223
1497.942 180.2126
1492.779 180.4528
1487.976 180.8512
1483.122 181.3229
1478.101 181.9829
1473.09 182.612
1468.223 183.1554
1383.098 196.3219
1389.046 202.1909
1391.823 204.1107
1397.847 207.9937
1403.507 211.0273
1410.436 214.5417
1413.459 215.0443
1423.798 218.4676
1432.287 220.9525
1459.468 227.8341
1472.513 230.6711
1482.968 232.7244
1497.349 235.2707
1514.46 237.8527
1530.521 239.8473
1550.126 241.8971
1569.24 243.4981
1584.723 244.6436
1601.611 245.6838
1607.441 246.0327
1624.5 247.0348
1644.182 248.2277
1683.091 251.3016
1766.856 296.8729
1762.37 308.7542
1759.133 315.437
1756.835 320.0273
1754.624 325.0667
1752.939 328.9575
1752.031 331.235
1750.473 334.9766
1749.043 338.2272
1747.497 341.5233
1746.443 343.5858
1744.588 346.7728
1741.92 351.048
1739.656 354.4718
1733.024 363.4377
1728.091 368.7245
1727.532 369.1312
1727.037 369.4585
1726.743 369.6709
1726.645 369.7686
1726.608 369.8486
1726.777 369.9224
1727.098 369.9774
1727.61 370.0797
1728.327 370.2215
1729.394 370.4448
1730.547 370.618
1732.01 370.8421
1733.64 371.054
1735.543 371.3177
1737.289 371.5444
1739.133 371.8398
1730.001 371.4598
958.3115 410.5412
1189.343 390.6772
1320.917 381.4743
1364.506 375.8201
1403.359 368.5726
1415.426 366.3425
1434.785 363.694
1445.135 364.02
1452.12 365.3607
1462.317 365.4772
1475.901 360.0222
1477.144 361.7798
1471.307 360.2181
1461.428 357.6289
1459.921 354.6937
1454.842 351.528
1454.198 348.0858
1453.414 343.2406
1443.656 336.1443
1436.701 328.2965
1416.367 315.7668
1407.185 308.71
1390.098 299.4473
1367.936 288.4479
1337.769 281.4683
1318.938 277.3315
1332.292 307.4074
1332.706 308.36
1332.304 308.0124
1331.904 307.7835
1331.545 307.5479
1331.258 307.4284
1331.161 307.3519
1331.132 307.3521
1331.318 307.4214
1331.823 307.583
1332.625 307.8047
1333.901 308.0757
1335.702 308.3564
1338.164 308.6991
1340.976 309.0288
1344.351 309.3825
1348.231 309.7127
1352.792 310.0164
1358.561 310.2964
1364.968 310.5901
1376.02 311.0583
1383.55 311.3361
1392.697 311.6426
1407.251 312.1564
1417.455 312.5986
1427.661 313.1587
1438.784 313.8708
1449.316 314.5972
1460.717 315.3929
1471.946 316.1623
1484.591 317.03
1497.897 317.9336
1510.276 318.7414
1524.213 319.6662
1536.467 320.4357
1550.25 321.2596
1561.951 321.9102
1573.257 322.3602
1585.615 322.6227
1597.163 322.5988
1608.696 322.3961
1626.962 321.5819
1638.14 320.8551
1648.965 319.8578
1663.597 318.0304
1682.896 315.0007
1693.877 312.9307
1703.574 310.7033
1711.709 308.5524
1719.384 306.231
1729.25 302.9922
1736.194 300.474
1741.821 298.2552
1748.954 295.1623
1753.99 292.7718
1758.584 290.4268
1762.583 288.2917
1766.281 286.3519
1769.84 284.5697
1774.916 282.1704
1777.972 280.8694
1781.777 279.5483
1784.315 278.8704
1786.661 278.4346
1789.063 278.2142
1791.523 278.2284
1793.743 278.4491
1795.861 278.8638
1797.979 279.4764
1799.824 280.1842
1801.25 281.0605
1802.69 282.1903
1803.838 283.3503
1804.913 284.3123
1806.293 285.6594
1807.085 286.5623
1807.682 287.4855
1808.053 288.9258
1808.084 289.8013
1807.95 290.9763
1807.729 291.9363
1807.486 292.6331
1807.185 293.2384
1806.835 293.8164
1806.391 294.472
1806.121 295.0435
1805.877 295.619
1805.474 296.3844
1805.139 297.1839
1804.877 298.0584
1804.764 298.9539
1804.93 300.2336
1805.359 301.3499
1807.792 304.9927
1808.881 306.4933
1810.626 309.0028
1811.849 310.785
1813.489 313.2285
1814.542 314.8275
1816.926 319.1961
1817.313 322.7692
1816.976 323.862
1816.357 324.173
1815.079 324.4609
1813.886 324.4837
1812.602 324.4028
1804.04 323.1815
1800.994 322.7671
1798.295 322.4002
1794.565 321.9185
1790.151 321.6567
1785.685 321.4917
1777.744 321.5685
1771.92 321.8703
1764.797 322.4722
1757.429 323.354
1749.228 324.4645
1738.053 326.2086
1727.711 328.0255
1717.499 329.8904
1699.963 333.3825
1614.834 352.3311
1585.304 359.6449
1565.117 364.9854
1539.564 372.1416
1487.293 388.7013
1440.26 406.4305
1398.73 426.8615
1505.031 319.2458
1506.437 325.2213
1510.318 325.5658
1510.318 325.5661
1510.318 325.5664
1510.318 325.5667
1510.318 325.567
1510.318 325.567
1532.424 312.6235
1556.856 307.2627
1614.302 295.4041
1655.078 291.8581
1708.452 286.937
1742.581 285.7455
1762.94 283.0732
1786.529 283.3591
1808.452 285.5574
1828.374 290.3955
1845.401 296.4157
1849.754 299.6058
1837.843 312.2272
1829.946 319.1857
1820.356 324.9103
1819.969 324.8294
1580.172 287.8796
1582.418 288.4573
1585.179 288.9119
1587.994 289.3364
1590.707 289.7044
1594.262 290.1359
1596.867 290.3942
1600.506 290.6592
1603.684 290.8346
1606.968 290.9823
1611.389 291.11
1614.971 291.1318
1618.798 291.091
1624.683 290.9616
1629.193 290.8662
1633.871 290.7914
1638.712 290.7412
1643.153 290.7634
1648.601 290.9045
1652.906 291.0249
1656.876 291.6393
1663.112 292.5949
1666.365 293.2674
1670.254 294.3786
1672.718 295.1839
1675.026 295.9373
1674.227 296.8885
1674.076 297.6034
1673.362 298.2925
1671.535 299.1683
1669.742 299.791
1666.395 300.7412
1663.752 301.3369
1660.891 301.9343
1656.976 302.6805
1653.841 303.2673
1649.476 304.0098
1646.218 304.5174
1643.203 305.0221
1639.391 305.7435
1636.691 306.3091
1634.218 306.8415
1630.908 307.8885
1920 480
1920 480
1682.376 177.1344
1663.528 177.2702
1595.797 183.598
1574.878 182.7285
1570.226 182.1396
1565.985 181.6782
1549.563 180.3765
1539.847 180.0594
1534.411 179.9443
1527.02 179.8177
1521.008 179.7962
1515.121 179.7982
1509.316 179.9269
1503.542 180.0223
1497.942 180.2126
1492.779 180.4528
1487.976 180.8512
1483.122 181.3229
1478.101 181.9829
1473.09 182.612
1468.223 183.1554
1383.098 196.3219
1389.046 202.1909
1391.823 204.1107
1397.847 207.9937
1403.507 211.0273
1410.436 214.5417
1413.459 215.0443
1423.798 218.4676
1432.287 220.9525
1459.468 227.8341
1472.513 230.6711
1482.968 232.7244
1497.349 235.2707
1514.46 237.8527
1530.521 239.8473
1550.126 241.8971
1569.24 243.4981
1584.723 244.6436
1601.611 245.6838
1607.441 246.0327
1624.5 247.0348
1644.182 248.2277
1683.091 251.3016
1766.856 296.8729
1762.37 308.7542
1759.133 315.437
1756.835 320.0273
1754.624 325.0667
1752.939 328.9575
1752.031 331.235
1750.473 334.9766
1749.043 338.2272
1747.497 341.5233
1746.443 343.5858
1744.588 346.7728
1741.92 351.048
1739.656 354.4718
1733.024 363.4377
1728.091 368.7245
1727.532 369.1312
1727.037 369.4585
1726.743 369.6709
1726.645 369.7686
1726.608 369.8486
1726.777 369.9224
1727.098 369.9774
1727.61 370.0797
1728.327 370.2215
1729.394 370.4448
1730.547 370.618
1732.01 370.8421
1733.64 371.054
1735.543 371.3177
1737.289 371.5444
1739.133 371.8398
1730.001 371.4598
958.3115 410.5412
1189.343 390.6772
1320.917 381.4743
1364.506 375.8201
1403.359 368.5726
1415.426 366.3425
1434.785 363.694
1445.135 364.02
1452.12 365.3607
1462.317 365.4772
1475.901 360.0222
1477.144 361.7798
1471.307 360.2181
1461.428 357.6289
1459.921 354.6937
1454.842 351.528
1454.198 348.0858
1453.414 343.2406
1443.656 336.1443
1436.701 328.2965
1416.367 315.7668
1407.185 308.71
1390.098 299.4473
1367.936 288.4479
1337.769 281.4683
1318.938 277.3315
1332.292 307.4074
1332.706 308.36
1332.304 308.0124
1331.904 307.7835
1331.545 307.5479
1331.258 307.4284
1331.161 307.3519
1331.132 307.3521
1331.318 307.4214
1331.823 307.583
1332.625 307.8047
1333.901 308.0757
1335.702 308.3564
1338.164 308.6991
1340.976 309.0288
1344.351 309.3825
1348.231 309.7127
1352.792 310.0164
1358.561 310.2964
1364.968 310.5901
1376.02 311.0583
1383.55 311.3361
1392.697 311.6426
1407.251 312.1564
1417.455 312.5986
1427.661 313.1587
1438.784 313.8708
1449.316 314.5972
1460.717 315.3929
1471.946 316.1623
1484.591 317.03
1497.897 317.9336
1510.276 318.7414
1524.213 319.6662
1536.467 320.4357
1550.25 321.2596
1561.951 321.9102
1573.257 322.3602
1585.615 322.6227
1597.163 322.5988
1608.696 322.3961
1626.962 321.5819
1638.14 320.8551
1648.965 319.8578
1663.597 318.0304
1682.896 315.0007
1693.877 312.9307
1703.574 310.7033
1711.709 308.5524
1719.384 306.231
1729.25 302.9922
1736.194 300.474
1741.821 298.2552
1748.954 295.1623
1753.99 292.7718
1758.584 290.4268
1762.583 288.2917
1766.281 286.3519
1769.84 284.5697
1774.916 282.1704
1777.972 280.8694
1781.777 279.5483
1784.315 278.8704
1786.661 278.4346
1789.063 278.2142
1791.523 278.2284
1793.743 278.4491
1795.861 278.8638
1797.979 279.4764
1799.824 280.1842
1801.25 281.0605
1802.69 282.1903
1803.838 283.3503
1804.913 284.3123
1806.293 285.6594
1807.085 286.5623
1807.682 287.4855
1808.053 288.9258
1808.084 289.8013
1807.95 290.9763
1807.729 291.9363
1807.486 292.6331
1807.185 293.2384
1806.835 293.8164
1806.391 294.472
1806.121 295.0435
1805.877 295.619
1805.474 296.3844
1805.139 297.1839
1804.877 298.0584
1804.764 298.9539
1804.93 300.2336
1805.359 301.3499
1807.792 304.9927
1808.881 306.4933
1810.626 309.0028
1811.849 310.785
1813.489 313.2285
1814.542 314.8275
1816.926 319.1961
1817.313 322.7692
1816.976 323.862
1816.357 324.173
1815.079 324.4609
1813.886 324.4837
1812.602 324.4028
1804.04 323.1815
1800.994 322.7671
1798.295 322.4002
1794.565 321.9185
1790.151 321.6567
1785.685 321.4917
1777.744 321.5685
1771.92 321.8703
1764.797 322.4722
1757.429 323.354
1749.228 324.4645
1738.053 326.2086
1727.711 328.0255
1717.499 329.8904
1699.963 333.3825
1614.834 352.3311
1585.304 359.6449
1565.117 364.9854
1539.564 372.1416
1487.293 388.7013
1440.26 406.4305
1398.73 426.8615
1505.031 319.2458
1506.437 325.2213
1510.318 325.5658
1510.318 325.5661
1510.318 325.5664
1510.318 325.5667
1510.318 325.567
1510.318 325.567
1532.424 312.6235
1556.856 307.2627
1614.302 295.4041
1655.078 291.8581
1708.452 286.937
1742.581 285.7455
1762.94 283.0732
1786.529 283.3591
1808.452 285.5574
1828.374 290.3955
1845.401 296.4157
1849.754 299.6058
1837.843 312.2272
1829.946 319.1857
1820.356 324.9103
1819.969 324.8294
1580.172 287.8796
1582.418 288.4573
1585.179 288.9119
1587.994 289.3364
1590.707 289.7044
1594.262 290.1359
1596.867 290.3942
1600.506 290.6592
1603.684 290.8346
1606.968 290.9823
1611.389 291.11
1614.971 291.1318
1618.798 291.091
1624.683 290.9616
1629.193 290.8662
1633.871 290.7914
1638.712 290.7412
1643.153 290.7634
1648.601 290.9045
1652.906 291.0249
1656.876 291.6393
1663.112 292.5949
1666.365 293.2674
1670.254 294.3786
1672.718 295.1839
1675.026 295.9373
1674.227 296.8885
1674.076 297.6034
1673.362 298.2925
1671.535 299.1683
1669.742 299.791
1666.395 300.7412
1663.752 301.3369
1660.891 301.9343
1656.976 302.6805
1653.841 303.2673
1649.476 304.0098
1646.218 304.5174
1643.203 305.0221
1639.391 305.7435
1636.691 306.3091
1634.218 306.8415
1630.908 307.8885
1629.127 308.5613
1627.037 309.5933
1625.979 310.3091
1625.167 311.0436
1624.425 312.0615
1623.979 312.9404
1623.597 313.9798
1623.341 314.8214
1623.229 315.6013
1623.215 316.5744
1623.243 317.502
1623.316 318.4456
1623.473 319.8883
1625.386 324.4359
1626.655 326.0449
1627.818 327.4518
1628.94 328.8672
1630.389 330.5879
1631.96 332.3048
1633.349 333.9588
1635.191 336.2669
1636.719 338.555
1638.193 340.8501
1640.593 345.2776
1642.177 348.6802
1644.225 353.9159
1645.583 357.8087
1647.999 365.5159
1649.314 370.1133
1650.499 374.5151
1652.791 383.6512
1654.367 389.4307
1657.564 399.4841
1660.143 406.4082
1664.132 416.2326
1666.582 422.3848
1555.013 255.1126
1542.315 248.1996
1525.576 240.3127
1577.141 280.4738
1575.639 281.1123
1571.234 280.9622
1553.875 272.8047
1536.02 263.7251
1520.669 256.7425
1509.847 250.4225
1511.427 248.701
1515.774 246.8538
1519.424 247.7189
1524.907 257.1989
1527.172 260.6883
1528.772 262.0589
1528.669 262.0619
1561.109 269.5122
1567.976 268.8615
1579.035 266.9304
1565.182 262.1257
1565.635 262.1434
1565.888 262.1338
1566.509 262.1288
1566.907 262.1143
1567.765 262.0996
1568.271 262.1105
1569.363 262.2018
1569.966 262.292
1571.151 262.5386
1571.73 262.7106
1573.065 263.223
1573.903 263.5934
1576.254 264.5236
1577.786 265.1162
1579.12 265.6784
1581.129 266.5623
1583.311 267.4972
1587.575 269.3644
1591.215 271.0984
1594.572 272.9432
1597.446 274.8892
1599.542 276.784
1601.917 279.7651
1603.467 282.2615
1604.879 285.2484
1606.112 289.2783
1606.484 292.526
1606.196 296.5788
1605.169 300.2923
1603.374 304.1318
1599.965 309.3851
1596.578 313.4964
1592.646 317.7848
1586.972 323.4606
1581.075 328.8988
1572.952 335.8275
1566.075 341.3206
1558.678 346.9883
1548.104 354.9342
1539.375 361.3965
1530.735 367.7227
1518.313 376.6019
1508.443 383.4128
1493.386 393.2464
1482.785 399.7666
1472.033 406.0643
1459.16 413.1165
1448.072 418.7524
1437.094 423.8325
1420.061 430.4671
1408.377 434.1284
1394.312 437.6187
1383.834 439.5296
1373.769 440.8131
1360.918 441.6367
1351.348 441.5877
1344.378 441.1779
1335.129 440.1895
1328.883 439.2056
1322.734 437.8789
1319.369 436.8779
1317.173 436.0122
1314.916 434.6099
1314.04 433.5217
1313.962 432.696
1314.491 431.9492
1315.573 431.3556
1317.994 430.5934
1320.224 430.1268
1322.707 429.6986
1326.657 429.1146
1329.203 428.7918
1331.672 428.5293
1335.056 428.3198
1337.274 428.2358
1340.233 428.2637
1341.953 428.3229
1343.372 428.3667
1345.088 428.4761
1345.965 428.522
1346.816 428.5807
1347.239 428.6351
1347.445 428.7194
1347.507 428.8317
1347.449 428.9802
1347.215 429.2183
1346.927 429.402
1346.542 429.5859
1345.979 429.8376
1345.215 430.1289
1344.313 430.4105
1342.671 430.8242
1341.18 431.1024
1338.665 431.4308
1336.38 431.6382
1333.576 431.8395
1329.195 432.105
1325.444 432.2896
1321.275 432.5182
1315.513 432.8317
1310.712 433.0666
1304.655 433.361
1299.524 433.6154
1294.075 433.9333
1287.411 434.4063
1281.45 434.9775
1276.106 435.5796
1268.972 436.5967
1264.596 437.3034
1260.423 438.0838
1255.692 439.0959
1252.682 439.9059
1249.757 440.9512
1247.845 441.8335
1246.465 442.7518
1245.161 444.0926
1244.623 445.1698
1244.373 446.2053
1244.296 447.8177
1244.349 448.8615
1244.528 450.1387
1244.741 451.1826
1245.018 452.2384
1245.539 453.6206
1246.072 454.5474
1247.063 455.7005
1248.071 456.4552
1249.159 457.0275
1250.84 457.6938
1252.13 458.0584
1253.608 458.4121
1254.828 458.6312
1256.007 458.7339
1257.421 458.7715
1258.694 458.7284
1259.932 458.6465
1261.645 458.499
1262.886 458.3696
1264.47 458.1613
1265.707 458.0146
1266.81 457.8989
1268.094 457.7412
1268.922 457.6348
1269.592 457.5389
1270.399 457.4064
1271.005 457.299
1271.691 457.1761
1272.119 457.1139
1272.394 457.0983
1272.479 457.1354
1272.304 457.1743
1271.93 457.1981
1271.49 457.2124
1271.003 457.2109
1270.258 457.1995
1269.359 457.2096
1268.161 457.2744
1267.169 457.359
1266.342 457.4559
1265.419 457.606
1264.485 457.8107
1263.814 458.0168
1263.115 458.2928
1262.503 458.6175
1262.011 458.95
1261.472 459.4352
1261.269 459.7388
1261.242 460.0625
1261.474 460.2536
1261.975 460.381
1265.531 460.4242
1268.653 459.8044
1271.561 459.1745
1276.284 458.0423
1297.85 451.7238
1306.519 448.8356
1316.75 445.2378
1325.706 441.8742
1334.971 438.1216
1346.249 433.4329
1356.099 429.0732
1397.162 405.0275
1410.862 394.528
1420.635 386.3913
1433.742 374.3496
1442.736 365.0869
1451.542 355.243
1462.386 342.1631
1470.338 332.0326
1480.564 318.4154
1488.143 308.1911
1495.727 298.2142
1505.384 286.2941
1513.659 276.9113
1521.989 268.1032
1532.986 257.5262
1542.181 249.4478
1555.364 239.3913
1565.057 233.0267
1575.271 227.07
1588.778 220.4844
1599.174 216.0169
1609.228 212.3324
1620.191 208.8062
1630.632 206.0487
1638.708 204.4202
1646.084 203.3986
1652.889 202.9526
1658.982 203.1667
1666.815 204.1494
1671.501 205.1867
1676.91 207.123
1680.329 208.758
1683.379 210.6086
1687.181 213.1828
1689.645 215.1764
1693.109 218.2868
1694.61 220.047
1695.615 221.6536
1697.02 223.998
1697.844 225.2227
1698.991 226.8223
1699.54 227.5558
1699.956 228.2375
1700.101 228.4961
1700.146 228.6172
1700.312 228.4502
1700.474 228.2549
1700.766 227.909
1701.125 227.5361
1701.438 227.1286
1701.887 226.5557
1702.292 226.0159
1702.703 225.5448
1703.112 225.0801
1703.553 224.6883
1704.027 224.4075
1704.545 224.2091
1705.127 224.0553
1706.273 223.9906
1707.096 223.9723
1708.046 223.9681
1709.493 224.0104
1629.127 308.5613
1627.037 309.5933
1625.979 310.3091
1625.167 311.0436
1624.425 312.0615
1623.979 312.9404
1623.597 313.9798
1623.341 314.8214
1623.229 315.6013
1623.215 316.5744
1623.243 317.502
1623.316 318.4456
1623.473 319.8883
1625.386 324.4359
1626.655 326.0449
1627.818 327.4518
1628.94 328.8672
1630.389 330.5879
1631.96 332.3048
1633.349 333.9588
1635.191 336.2669
1636.719 338.555
1638.193 340.8501
1640.593 345.2776
1642.177 348.6802
1644.225 353.9159
1645.583 357.8087
1647.999 365.5159
1649.314 370.1133
1650.499 374.5151
1652.791 383.6512
1654.367 389.4307
1657.564 399.4841
1660.143 406.4082
1664.132 416.2326
1666.582 422.3848
1555.013 255.1126
1542.315 248.1996
1525.576 240.3127
1577.141 280.4738
1575.639 281.1123
1571.234 280.9622
1553.875 272.8047
1536.02 263.7251
1520.669 256.7425
1509.847 250.4225
1511.427 248.701
1515.774 246.8538
1519.424 247.7189
1524.907 257.1989
1527.172 260.6883
1528.772 262.0589
1528.669 262.0619
1561.109 269.5122
1567.976 268.8615
1579.035 266.9304
1565.182 262.1257
1565.635 262.1434
1565.888 262.1338
1566.509 262.1288
1566.907 262.1143
1567.765 262.0996
1568.271 262.1105
1569.363 262.2018
1569.966 262.292
1571.151 262.5386
1571.73 262.7106
1573.065 263.223
1573.903 263.5934
1576.254 264.5236
1577.786 265.1162
1579.12 265.6784
1581.129 266.5623
1583.311 267.4972
1587.575 269.3644
1591.215 271.0984
1594.572 272.9432
1597.446 274.8892
1599.542 276.784
1601.917 279.7651
1603.467 282.2615
1604.879 285.2484
1606.112 289.2783
1606.484 292.526
1606.196 296.5788
1605.169 300.2923
1603.374 304.1318
1599.965 309.3851
1596.578 313.4964
1592.646 317.7848
1586.972 323.4606
1581.075 328.8988
1572.952 335.8275
1566.075 341.3206
1558.678 346.9883
1548.104 354.9342
1539.375 361.3965
1530.735 367.7227
1518.313 376.6019
1508.443 383.4128
1493.386 393.2464
1482.785 399.7666
1472.033 406.0643
1459.16 413.1165
1448.072 418.7524
1437.094 423.8325
1420.061 430.4671
1408.377 434.1284
1394.312 437.6187
1383.834 439.5296
1373.769 440.8131
1360.918 441.6367
1351.348 441.5877
1344.378 441.1779
1335.129 440.1895
1328.883 439.2056
1322.734 437.8789
1319.369 436.8779
1317.173 436.0122
1314.916 434.6099
1314.04 433.5217
1313.962 432.696
1314.491 431.9492
1315.573 431.3556
1317.994 430.5934
1320.224 430.1268
1322.707 429.6986
1326.657 429.1146
1329.203 428.7918
1331.672 428.5293
1335.056 428.3198
1337.274 428.2358
1340.233 428.2637
1341.953 428.3229
1343.372 428.3667
1345.088 428.4761
1345.965 428.522
1346.816 428.5807
1347.239 428.6351
1347.445 428.7194
1347.507 428.8317
1347.449 428.9802
1347.215 429.2183
1346.927 429.402
1346.542 429.5859
1345.979 429.8376
1345.215 430.1289
1344.313 430.4105
1342.671 430.8242
1341.18 431.1024
1338.665 431.4308
1336.38 431.6382
1333.576 431.8395
1329.195 432.105
1325.444 432.2896
1321.275 432.5182
1315.513 432.8317
1310.712 433.0666
1304.655 433.361
1299.524 433.6154
1294.075 433.9333
1287.411 434.4063
1281.45 434.9775
1276.106 435.5796
1268.972 436.5967
1264.596 437.3034
1260.423 438.0838
1255.692 439.0959
1252.682 439.9059
1249.757 440.9512
1247.845 441.8335
1246.465 442.7518
1245.161 444.0926
1244.623 445.1698
1244.373 446.2053
1244.296 447.8177
1244.349 448.8615
1244.528 450.1387
1244.741 451.1826
1245.018 452.2384
1245.539 453.6206
1246.072 454.5474
1247.063 455.7005
1248.071 456.4552
1249.159 457.0275
1250.84 457.6938
1252.13 458.0584
1253.608 458.4121
1254.828 458.6312
1256.007 458.7339
1257.421 458.7715
1258.694 458.7284
1259.932 458.6465
1261.645 458.499
1262.886 458.3696
1264.47 458.1613
1265.707 458.0146
1266.81 457.8989
1268.094 457.7412
1268.922 457.6348
1269.592 457.5389
1270.399 457.4064
1271.005 457.299
1271.691 457.1761
1272.119 457.1139
1272.394 457.0983
1272.479 457.1354
1272.304 457.1743
1271.93 457.1981
1271.49 457.2124
1271.003 457.2109
1270.258 457.1995
1269.359 457.2096
1268.161 457.2744
1267.169 457.359
1266.342 457.4559
1265.419 457.606
1264.485 457.8107
1263.814 458.0168
1263.115 458.2928
1262.503 458.6175
1262.011 458.95
1261.472 459.4352
1261.269 459.7388
1261.242 460.0625
1261.474 460.2536
1261.975 460.381
1265.531 460.4242
1268.653 459.8044
1271.561 459.1745
1276.284 458.0423
1297.85 451.7238
1306.519 448.8356
1316.75 445.2378
1325.706 441.8742
1334.971 438.1216
1346.249 433.4329
1356.099 429.0732
1397.162 405.0275
1410.862 394.528
1420.635 386.3913
1433.742 374.3496
1442.736 365.0869
1451.542 355.243
1462.386 342.1631
1470.338 332.0326
1480.564 318.4154
1488.143 308.1911
1495.727 298.2142
1505.384 286.2941
1513.659 276.9113
1521.989 268.1032
1532.986 257.5262
1542.181 249.4478
1555.364 239.3913
1565.057 233.0267
1575.271 227.07
1588.778 220.4844
1599.174 216.0169
1609.228 212.3324
1620.191 208.8062
1630.632 206.0487
1638.708 204.4202
1646.084 203.3986
1652.889 202.9526
1658.982 203.1667
1666.815 204.1494
1671.501 205.1867
1676.91 207.123
1680.329 208.758
1683.379 210.6086
1687.181 213.1828
1689.645 215.1764
1693.109 218.2868
1694.61 220.047
1695.615 221.6536
1697.02 223.998
1697.844 225.2227
1698.991 226.8223
1699.54 227.5558
1699.956 228.2375
1700.101 228.4961
1700.146 228.6172
1700.312 228.4502
1700.474 228.2549
1700.766 227.909
1701.125 227.5361
1701.438 227.1286
1701.887 226.5557
1702.292 226.0159
1702.703 225.5448
1703.112 225.0801
1703.553 224.6883
1704.027 224.4075
1704.545 224.2091
1705.127 224.0553
1706.273 223.9906
1707.096 223.9723
1708.046 223.9681
1709.493 224.0104
