1920 480
1084.478 614.1884
1156.206 533.6733
1157.968 533.8074
1166.935 526.633
1172.483 513.66
1192.968 459.715
1198.878 451.3779
1210.806 442.0752
1219.587 439.2263
1228.67 435.8801
1238.561 433.4798
1242.459 431.2225
1245.605 429.6699
1248.26 428.7668
1250.677 427.2432
1255.302 425.3592
1258.019 423.9001
1261.196 422.8844
1263.396 423.1432
1265.637 424.0251
1268.182 425.6629
1268.725 430.0524
1267.738 432.888
1267.996 434.0612
1269.623 434.3224
1270.617 435.2269
1271.878 436.7088
1272.9 438.0656
1273.967 439.0684
1273.505 439.9998
1274.721 440.9546
1276.7 442.0612
1280.275 443.8813
1281.222 444.3991
1287.644 448.4051
1293.142 455.037
1310.651 499.2274
1346.666 542.4926
1363.27 558.5674
1405.09 590.9576
1431.733 612.2393
1461.26 642.9758
1470.776 655.4302
1482.563 665.3288
1491.662 672.0554
1501.947 678.4443
1508.63 678.5571
1512.463 674.5954
1513.012 673.9465
1514.531 673.5863
1516.629 674.7628
1516.886 671.5143
1518.602 665.8708
1519.375 662.9362
1517.758 656.7051
1517.267 654.1244
1514.118 651.9657
1514.31 652.4943
1505.676 649.5891
1503.952 647.8546
1502.334 647.2966
1499.203 645.5363
1497.979 645.5302
1497.206 644.688
1497.864 642.4017
1502.074 642.361
1505.278 640.8087
1510.119 642.6599
1583.934 646.3673
1635.027 647.6375
1663.114 648.2462
1683.533 648.3607
1690.939 648.5287
1693.769 648.4859
1697.286 647.9654
1702.069 647.2385
1706.609 646.1255
1708.991 644.9696
1712.471 643.7919
1715.791 642.6735
1718.821 641.6148
1721.255 639.8953
1722.894 638.753
1720.806 637.4019
1724.951 636.0634
1726.865 634.7041
1729.015 633.5511
1732.941 632.342
1737.664 631.241
1743.989 629.5411
1749.21 628.0391
1754.265 626.9506
1762.154 625.2573
1782.783 618.9715
1792.422 615.6957
1809.092 611.6107
1818.395 608.296
1822.069 605.3331
1828.226 601.6628
1831.893 598.9269
1837.793 594.9389
1842.123 592.2656
1851.867 582.7883
1862.805 559.8943
1869.326 521.2103
1876.547 494.514
1883.737 476.7679
1890.057 463.0254
1893.721 456.422
1900.251 451.9196
1906.003 448.8246
1918.597 442.4391
1924.165 442.0067
1927.221 442.9383
1929.739 442.2795
1933.674 439.3184
1936.347 439.3279
1940.914 439.9211
1945.583 442.6909
1950.65 442.5469
1955.165 444.0874
1960.705 441.6297
1966.233 441.1932
1971.585 441.739
1977.132 439.9074
1982.058 436.7594
1987.99 432.2825
1999.881 423.3945
2013.474 411.028
2019.705 406.6416
2044.493 385.0308
2064.965 368.828
2077.004 359.8705
2084.574 355.4284
2089.242 351.8685
2094.287 349.2515
2099.953 344.945
2102.8 341.6706
2106.257 339.1295
2108.566 336.1878
2110.926 335.0095
2114.081 336.1516
2117.614 337.619
2121.002 338.111
2124.905 335.1563
2130.36 324.1916
2135.829 312.5739
2143.254 289.6883
2154.84 264.0882
2168.387 242.3395
2179.802 234.8625
2182.081 231.9899
2185.526 229.7406
2188.032 231.8037
2189.511 231.1964
2189.407 231.8605
2189.814 231.3483
2189.018 228.0034
2186.66 233.2248
2185.023 231.6196
2182.579 232.8789
2178.856 241.2207
2174.48 241.4207
2171.319 248.61
2170.774 250.0298
2169.545 253.1372
2163.45 234.0934
2156.882 219.2056
2148.921 207.2371
2143.992 201.9572
2136.575 195.3859
2131.836 193.1837
2126.654 191.9526
2121.043 192.7788
2115.984 192.9131
2111.976 193.4103
2104.807 192.8968
2100.026 193.1361
2095.348 193.4369
2088.644 193.592
2081.473 193.7679
2074.814 194.8743
2067.967 196.2025
2060.696 197.5778
2054.331 198.6509
2051.186 199.9598
2043.215 200.1786
2036.497 201.1107
2029 203.0181
2021.126 204.3402
2013.304 205.6891
2009.574 207.2794
1986.476 210.2583
1927.34 220.807
1901.84 224.4219
1878.649 227.7015
1859.141 230.6538
1836.239 235.4202
1821.976 238.1286
1810.353 240.7832
1801.875 242.7482
1793.182 244.3921
1783.232 245.945
1773.786 247.0838
1763.084 248.473
1753.995 249.2407
1744.741 250.2324
1732.641 250.9894
1724.193 251.334
1715.782 252.0508
1707.158 252.9484
1688.85 254.8236
1683.504 255.2788
1673.399 256.0301
1663.838 256.4642
1655.864 256.8068
1647.227 257.3657
1637.424 258.1452
1629.164 258.7002
1615.216 259.7542
1595.313 261.3325
1589.343 262.6947
1581.799 263.6611
1574.536 264.5083
1567.312 265.5026
1560.905 266.4362
1553.883 267.2173
1548.753 267.9282
1543.658 268.6514
1538.165 269.5426
1532.22 270.6091
1526.345 271.7964
1517.553 273.4754
1506.603 275.7718
1494.474 278.5806
1480.902 281.1224
1472.9 283.1392
1461.024 286.7202
1435.925 294.7747
1416.294 300.4914
1409.208 301.6061
1392.611 306.1662
1380.349 309.4985
1372.557 310.2601
1362.948 313.2217
1355.447 315.1628
1348.335 317.029
1342.062 318.9134
1336.064 321.4688
1329.096 323.1004
1323.86 324.0308
1311.104 326.1691
1302.123 328.353
1296.444 331.042
1291.257 333.9352
1284.629 336.4364
1279.329 338.4077
1277.425 339.3743
1273.276 340.3517
1268.627 341.0479
1263.177 341.987
1257.497 342.8831
1252.031 343.6956
1245.676 343.6743
1238.989 343.4517
1231.8 343.2965
1224.625 343.4582
1216.221 343.4984
1208.651 343.6027
1202.025 342.9102
1194.826 342.82
1187.872 342.5504
1178.819 342.4575
1168.347 342.1146
1156.696 341.3136
1147.706 340.8232
1115.908 338.2798
1106.185 337.4438
1102.806 337.2837
1096.467 336.4214
1089.776 335.1587
1087.57 334.1013
1091.073 333.486
1093.71 333.4461
1090.958 333.097
1093.12 332.7666
1090.765 330.5569
1086.788 325.2965
1081.251 318.819
1075.436 311.7813
1065.55 305.1771
1059.799 301.2313
1053.234 299.9274
1039.968 298.8602
1024.321 298.2298
1009.529 297.9507
1000.995 297.3384
995.0599 296.8151
989.4297 295.9128
1829.789 436.2469
932.8672 606.2456
1142.632 534.9788
1144.932 533.7652
1149.833 518.9138
1180.3 461.353
1186.149 453.2004
1197.387 444.0793
1206.472 441.2355
1212.706 438.6899
1220.667 436.1799
1223.691 432.9585
1227.346 431.4092
1231.216 430.7534
1234.511 428.776
1238.17 427.4473
1242.089 425.0145
1245.586 424.055
1249.109 423.8036
1251.9 424.6863
1254.327 426.2746
1256.413 430.4476
1258.064 433.4367
1260.601 434.4821
1263.128 434.7078
1265.478 435.616
1267.743 437.0825
1270.003 438.3249
1271.727 439.2025
1271.787 439.7782
1272.77 440.4879
1274.187 441.0963
1276.119 441.9837
1277.854 443.2029
1282.048 444.4152
1288.514 452.0601
1295.154 491.7248
1322.485 535.8091
1338.898 551.5437
1380.88 584.8265
1401.049 603.2901
1417.659 620.1238
1443.287 649.0742
1452.112 660.0991
1461.797 668.0981
1468.362 673.5942
1475.638 676.278
1479.613 671.6735
1484.079 671.3608
1486.508 670.9592
1488.493 671.4722
1490.614 668.6381
1493.833 662.7978
1496.596 660.3116
1496.879 654.4969
1496.335 652.2432
1494.439 650.3849
1492.33 650.1464
1484.323 648.2416
1481.985 646.9115
1480.901 645.8893
1478.201 644.0316
1477.552 643.7587
1477.302 642.8494
1476.822 640.6453
1477.299 639.3918
1478.816 637.9362
1484.356 639.954
1579.379 645.4802
1623.212 647.1027
1643.488 647.7706
1662.227 648.4264
1673.573 648.8549
1677.676 648.8704
1681.286 648.7546
1685.771 648.1859
1691.653 647.4846
1694.613 646.3342
1697.987 645.158
1701.264 643.9128
1705.347 642.793
1706.888 641.6524
1710.37 639.9561
1705.894 638.9357
1709.131 637.7854
1710.407 636.5593
1710.134 635.5528
1711.421 634.4925
1712.379 633.7616
1719.002 631.8773
1721.257 630.725
1724.982 629.5687
1730.267 628.3552
1735.912 626.677
1745.948 623.1711
1758.528 619.4671
1766.828 615.0831
1772.289 610.9214
1777.746 606.7991
1778.332 604.3626
1782.487 600.5218
1783.35 597.9368
1792.448 588.7466
1800.54 566.519
1810.646 527.1586
1818.357 499.8989
1824.125 482.2056
1829.783 467.7067
1834.628 458.9764
1837.275 456.3577
1841.16 452.7372
1845.457 449.7271
1854.142 446.0399
1857.357 446.4292
1860.806 445.4551
1864.752 443.588
1869.845 443.1779
1873.748 443.9941
1878.858 446.8332
1884.767 446.3431
1890.316 447.9386
1896.204 445.786
1901.75 445.0532
1907.575 445.6719
1913.561 444.0789
1920.386 439.5944
1925.232 436.4189
1931.037 432.0477
1949.084 414.8574
1954.404 410.77
1974.432 388.5806
1990.76 372.2113
2003.4 363.153
2013.076 358.9219
2019.963 355.1494
2025.911 352.5529
2031.32 348.4674
2036.719 345.3791
2039.907 343.1102
2044.109 340.7886
2047.852 339.1563
2051.656 340.375
2054.637 341.8101
2058.02 342.7645
2062.593 339.5469
2068.912 328.4074
2076.265 316.4178
2083.673 293.5693
2093.507 271.7692
2113.561 244.4473
2125.97 237.658
2129.704 233.4276
2134.095 231.1436
2140.26 233.5703
2143.842 232.5658
2147.397 232.966
2148.787 232.9276
2149.187 231.5361
2148.658 234.9178
2148.264 231.9411
2146.499 233.5869
2144.006 241.8141
2141.901 243.8148
2138.635 251.9707
2137.248 253.3844
2137.138 255.5054
2128.882 234.5308
2121.826 219.7339
2113.019 207.7381
2107.187 202.4575
2099.143 195.8875
2094.292 193.3906
2088.943 192.2363
2085.645 192.7225
2081.689 193.0296
2078.229 193.6211
2073.49 192.6546
2067.454 192.9889
2062.889 193.1216
2059.571 193.0321
2055.445 193.2459
2052.031 194.4909
2046.141 195.7464
2041.881 197.1479
2036.421 198.4198
2032.742 199.8444
2025.142 200.0008
2017.927 200.8299
2012.364 202.423
2004.964 203.5514
1998.203 204.2845
1993.519 205.8887
1968.57 208.4004
1871.807 220.465
1846.692 224.2778
1824.987 227.7837
1805.032 231.1872
1784.261 236.1711
1771.812 238.9531
1761.949 241.6527
1753.036 243.6283
1744.297 245.1556
1733.839 246.8693
1724.707 248.1302
1715.212 249.3903
1704.81 250.5817
1694.926 251.3182
1684.003 252.5488
1672.98 253.1566
1663.351 253.7624
1653.848 254.5532
1643.889 255.4896
1625.535 257.1253
1616.92 257.7723
1606.507 258.162
1595.676 258.7462
1586.168 259.242
1576.127 260.1354
1566.296 260.9683
1556.675 261.7695
1542.662 263.2469
1522.991 265.1696
1515.679 266.1683
1509.078 267.0674
1502.613 267.7897
1497.074 268.5663
1490.83 269.1756
1486.039 269.8724
1482.193 270.3758
1475.912 271.0936
1469.562 272.091
1465.503 273.0454
1461.081 274.034
1452.937 275.8156
1442.337 278.3517
1428.995 281.3291
1414.317 283.8284
1397.846 287.6698
1370.2 296.0898
1349.578 302.2394
1341.981 302.8805
1327.265 307.6134
1315.416 311.0671
1307.601 311.8498
1297.801 314.7886
1290.115 316.7337
1284.143 318.3649
1278.005 320.1774
1272.346 322.5399
1266.032 324.2162
1259.43 325.1913
1254.617 325.9461
1242.891 328.1982
1234.535 330.7155
1228.692 333.2028
1223.824 335.4229
1219.649 337.4982
1214.771 339.3218
1210.444 340.308
1205.501 341.1185
1201.035 341.8309
1195.709 342.6953
1190.163 343.5024
1184.278 343.6489
1177.203 343.2853
1170.825 343.1096
1163.495 343.242
1155.218 343.3714
1147.16 343.4307
1139.592 343.0347
1133.139 342.9404
1126.13 342.4775
1118.871 342.347
1109.886 342.0198
1099.791 341.624
1087.943 340.9365
1080.426 340.3001
1049.271 337.6556
1041.85 337.0874
1035.063 336.5879
1029.326 335.4648
1026.28 334.1398
1027.615 333.2878
1030.259 332.8488
1026.852 332.3185
1029.517 332.0702
1026.762 329.9316
1023.06 324.6517
1018.054 318.0303
1011.261 310.9679
1004.137 304.0449
994.1458 299.7607
989.0381 298.6256
983.0706 298.1385
970.6165 298.1802
955.8942 298.0176
942.7471 296.9041
935.3109 296.0368
930.3633 295.432
924.445 294.5016
983.5021 295.0921
979.7765 294.1087
976.8938 293.0972
975.2823 292.2366
973.7642 291.3425
973.8415 290.515
973.3729 289.9697
973.0634 289.7383
973.6832 289.7918
974.2563 289.877
974.3607 290.2339
975.3011 290.62
975.9538 291.0309
976.1104 292.1175
976.0388 292.2344
975.0045 293.6457
973.2639 293.8542
972.1723 294.306
970.2319 295.464
968.4822 296.3967
967.8084 296.2542
965.6213 297.1418
964.5514 297.2018
963.4881 297.0986
960.2098 297.5687
959.2109 297.0861
958.2207 296.3778
958.6931 295.7165
958.9147 295.2666
958.5088 295.0023
959.8171 294.8501
964.8693 294.2124
967.6951 294.2417
970.7857 294.4854
974.1404 295.1823
976.9208 295.8608
979.2978 296.7791
981.3641 297.757
983.8826 298.9935
985.4166 300.5438
987.4984 302.1265
989.4075 304.1147
990.8135 305.9481
992.7351 307.818
993.9601 309.7053
995.1149 310.7438
995.6077 311.9383
996.354 312.6107
997.1226 313.25
997.6624 313.8726
999.2905 314.1175
1001.134 314.3115
1002.658 314.1833
1008.691 314.0358
1018.896 313.7637
1031.54 313.9357
1042.854 314.3685
1044.948 315.0835
1051.121 315.8329
1056.386 316.4967
1065.042 316.9098
1068.358 317.5221
1072.187 317.7236
1074.733 318.2617
1077.492 318.7664
1079.874 319.2679
1082.245 319.7637
1084.924 320.2699
1087.872 320.529
1091.167 321.0039
1095.61 321.3713
1100.305 321.8065
1105.846 322.2285
1110.996 322.3981
1116.828 322.7129
1122.833 323.168
1128.77 323.8451
1134.656 324.4059
1141.578 325.1064
1146.933 325.4487
1151.855 326.0498
1156.624 326.6768
1160.442 326.8472
1163.377 327.109
1165.916 327.0908
1167.796 327.1634
1167.107 326.8158
1167.95 326.7755
1168.215 326.2106
1167.556 325.7052
1170.564 325.9753
1171.551 325.7642
1171.279 325.1922
1169.629 324.3927
1170.947 324.3221
1170.494 323.9417
1170.788 323.7793
1171.846 323.5135
1172.436 323.1392
1172.557 322.7542
1172.54 322.308
1173.196 322.2611
1173.63 322.1436
1173.952 322.1266
1174.544 322.0879
1175.16 322.2985
1175.41 322.0912
1175.727 321.9032
1176.245 321.6133
1176.759 321.6492
1176.87 321.9611
1176.881 322.2699
1176.828 322.5099
1177.16 322.7194
1177.086 322.6294
1177.721 322.9329
1178.536 323.0703
1178.791 323.7114
1181.495 322.4336
1192.599 309.4598
1197.854 299.9001
1200.598 293.3901
1201.247 291.0125
1202.733 288.053
1203.075 286.9865
1202.808 285.6301
1202.047 285.235
1200.595 284.8789
1199.124 284.7088
1197.722 284.7254
1196.372 284.5993
1195.741 284.4164
1195.33 284.0627
1195.033 283.3839
1194.925 282.8356
1194.59 282.29
1194.623 281.9701
1194.249 281.8812
1193.724 282.1104
1193.677 282.0723
1193.553 282.0213
1192.899 281.3975
1192.774 281.7563
1192.349 282.543
1191.862 283.7213
1191.334 284.4766
1191.062 284.8945
1190.606 285.8602
1190.047 286.348
1189.466 286.758
1188.732 287.2743
1188.15 287.9692
1187.643 288.1222
1185.817 288.6323
1184.192 289.3027
1182.586 289.0267
1181.772 289.0957
1173.3 287.9066
1170.569 287.6302
1143.328 279.0163
1120.783 270.026
1108.027 266.5422
1098.257 264.0254
1086.171 260.5094
1076.75 257.2275
1071.126 255.3722
1062.191 253.9876
1053.914 252.7961
1045.937 251.6071
1038.406 250.6426
1030.917 249.7388
1024.184 249.1681
1018.001 249.2679
1012.214 249.869
1007.915 250.3724
1005.876 250.8774
1002.388 251.1366
1005.482 251.7108
1004.294 252.0254
998.2267 252.002
993.5573 252.9447
993.4035 254.1292
993.5916 255.6195
989.896 256.5742
985.3184 257.4141
982.6086 258.0077
981.2549 258.6922
976.5845 259.1925
970.1942 259.7933
964.6429 260.522
955.8382 261.2863
948.4636 261.793
939.2969 262.0226
929.5664 262.0894
923.0505 262.1309
913.8962 262.5212
905.3919 263.307
894.8184 264.2401
859.5563 265.2731
794.4678 268.0635
725.3489 272.8206
660.9147 279.6457
606.1426 287.806
571.1722 293.575
547.8591 299.0378
536.7884 299.8911
524.8037 302.6497
516.4557 303.8157
509.0033 306.0104
503.8786 307.1278
497.2747 308.3359
490.4779 309.7788
481.8252 311.4546
474.0085 312.8732
474.6647 313.6826
468.0599 314.618
466.2197 315.0099
462.279 315.266
458.2549 315.3678
463.5052 314.4287
452.5186 314.8874
451.5052 314.6747
445.7103 314.9683
439.4154 314.73
431.7067 314.2479
430.9079 312.32
424.9551 311.8953
420.8815 311.7
422.9378 311.6794
418.2926 312.6191
419.9906 313.2305
414.276 314.0114
388.2301 317.4852
357.5387 327.0376
308.2041 340.4946
254.1689 355.6367
211.2096 368.1792
177.8073 378.9048
147.4606 387.6416
121.5068 393.4502
113.1738 397.0693
104.9544 400.1432
104.432 404.7689
106.0348 405.5039
100.2021 406.4326
94.80664 406.2407
93.79362 405.6935
95.45084 405.1206
90.95996 403.7432
107.957 400.9538
108.5443 398.6149
112.4648 395.7455
108.7845 394.0281
109.3844 392.2381
109.8919 391.0086
113.2796 390.8703
115.5951 390.0205
126.8717 388.8403
132.1354 390.3036
136.3174 392.1351
137.5505 393.8429
144.807 395.5311
145.5947 396.9839
148.4102 398.5137
152.0514 399.6387
153.943 400.8543
154.7051 401.7715
154.9414 402.3983
158.765 402.1367
158.8669 402.1191
158.5938 401.6978
159.1133 400.4678
158.3229 399.5789
157.1575 398.7617
154.2129 398.8107
152.8818 396.7113
151.4704 397.2302
150.027 397.5443
148.8359 398.1955
147.6312 398.7365
146.7223 399.1947
146.305 399.6515
146.4443 399.8001
162.7119 402.7062
184.763 419.0986
197.1735 434.7684
211.9691 449.0902
214.0638 451.2856
217.542 453.8596
219.1729 455.6999
221.752 457.7064
222.21 458.9284
221.8991 459.5688
221.6224 460.1815
221.0394 460.8968
220.3656 461.4274
219.7132 461.8001
219.502 463.679
218.7441 463.3522
219.0977 464.2464
919.627 293.6097
916.3919 292.596
914.0814 291.5645
912.3942 290.6616
911.0443 289.7607
910.9404 288.9665
910.321 288.4946
910.0215 288.3198
911.0137 288.4479
912.3483 288.5374
913.8411 288.8726
914.5378 289.0345
915.195 289.9689
914.9808 290.1289
914.0173 291.3602
913.2272 291.4637
911.2663 291.6457
909.2565 292.7765
905.7864 293.7545
904.9909 293.468
901.1765 294.4002
898.6738 294.6256
896.541 294.6016
890.5696 295.1834
888.9238 294.6813
885.6523 294.278
885.4684 293.4219
885.845 292.7791
884.6309 292.7409
885.3923 292.514
887.8591 292.1351
894.5407 291.3927
897.848 291.3092
901.1279 291.5696
904.6331 292.2576
907.8298 292.9334
910.7969 293.6904
913.2829 294.8618
915.876 296.2488
917.8972 298.0259
919.8877 299.8919
921.8034 301.8821
923.3972 303.6699
924.6221 305.8
925.8109 307.0472
924.7946 308.3542
924.6901 308.9706
924.555 309.5039
924.0296 310.0951
925.1956 310.4271
926.7829 310.5663
927.9372 310.4831
934.3164 310.2202
943.8727 309.7471
955.6605 309.4505
966.4068 309.7147
968.83 310.1978
974.0363 310.7593
979.2125 311.3826
987.4641 311.534
991.2675 312.1068
995.5552 312.3328
998.4026 312.8573
1001.125 313.4448
1004.203 314.0363
1006.998 314.6191
1009.694 315.0654
1013.028 315.5099
1016.304 315.8718
1019.889 316.2358
1024.418 316.5892
1028.962 316.9269
1034.54 317.014
1039.882 317.3459
1045.049 317.693
1050.88 318.3389
1056.657 318.8109
1062.352 319.3827
1068.776 319.9434
1074.41 320.6403
1079.129 321.2425
1082.405 321.6012
1085.761 321.894
1088.688 322.0799
1090.725 322.1652
1090.057 322.145
1089.848 321.9985
1090.229 321.6804
1090.847 321.3119
1093.297 321.5788
1094.98 321.5244
1096.063 321.0739
1095.827 320.4085
1097.338 320.3762
1098.057 320.2533
1097.776 320.0534
1098.333 319.9243
1098.611 319.6543
1098.45 319.2448
1098.938 318.9497
1099.222 318.7783
1100.042 318.7261
1100.735 318.7043
1101.379 318.7314
1102.263 318.9014
1102.601 318.8034
1103.893 318.6701
1104.955 318.4344
1106.87 318.4564
1108.299 318.8293
1109.008 319.0934
1109.761 319.3841
1110.616 319.6253
1111.227 319.5604
1112.586 319.8729
1113.22 319.9966
1113.944 320.5959
1117.308 319.3812
1129.185 306.1989
1133.152 296.4905
1135.163 289.9771
1134.77 287.5379
1134.743 284.4674
1133.796 283.3096
1133.515 281.9072
1132.685 281.5218
1132.184 281.1803
1131.362 281.0872
1130.713 281.1667
1130.248 281.1602
1129.603 281.1131
1129.869 281.0524
1130.393 280.5822
1130.943 279.9189
1131.63 279.3812
1132.135 279.1921
1132.741 278.9328
1132.885 278.8566
1132.917 278.925
1133.384 278.75
1133.557 278.6655
1133.071 278.6131
1132.959 279.1704
1132.693 280.326
1132.519 281.1185
1132.224 281.4282
1131.821 282.4798
1131.685 282.8991
1131.252 283.3382
1130.802 283.7747
1130.14 284.5283
1129.952 284.613
1129.358 285.1608
1127.723 285.8872
1125.494 285.6045
1124.501 285.6719
1120.677 284.9881
1114.873 284.5729
1091.168 276.7806
1070.735 268.1201
1060.861 264.9652
1050.969 262.5495
1041.006 259.3817
1031.285 256.1478
1023.863 254.5177
1016.344 253.2002
1008.839 252.0838
1001.181 251.0353
993.0775 250.2153
985.3882 249.3418
977.3773 248.5653
970.9964 248.1035
964.363 248.3592
958.7646 248.8934
957.4626 249.4977
953.6589 249.6603
955.5335 249.9451
955.5811 250.4001
949.1048 250.4058
943.0296 250.4146
944.1849 252.1699
944.4538 253.4585
941.9355 254.2516
937.3913 255.0622
935.2559 255.8262
933.5244 256.3532
928.8112 256.799
922.2669 257.3109
915.5693 258.1165
909.0234 258.75
900.1087 259.4915
892.9128 259.9852
883.6188 260.1863
874.181 260.3237
867.6032 260.4513
859.0703 261.1064
849.2275 261.9064
810.1829 263.3008
747.181 267.0719
685.5794 273.2531
618.665 281.5208
570.1374 290.0905
541.612 295.7316
517.8851 301.4836
510.3639 302.3416
495.5221 305.0823
489.054 305.7429
483.5592 307.5111
480.0055 308.1665
471.3783 309.9116
465.9805 310.8306
457.0977 312.5174
451.0215 313.9546
455.375 314.4212
449.7178 315.5981
447.2806 316.0453
447.0846 316.2954
442.8301 316.3673
447.8441 315.4329
439.9762 315.7643
439.2764 315.258
433.3301 315.4105
426.4316 315.2627
419.0189 314.4431
415.5153 312.4836
411.3799 311.7624
403.8105 311.5449
406.734 311.1232
406.1732 311.8752
411.7992 312.397
401.3499 313.6507
375.5703 317.0859
341.7611 326.8278
286.8701 340.8338
237.1719 355.6288
196.2438 368.2344
164.2028 378.5843
137.599 387.0373
110.5566 393.7005
100.9596 397.7863
95.52409 400.0063
99.07813 403.8045
96.65234 405.7358
91.42709 406.4523
85.14323 406.4417
86.94076 405.9396
91.27279 405.5643
92.83138 404.7764
102.4137 401.7435
103.2943 400.4382
106.3359 397.8407
102.0951 396.1805
101.8659 394.1738
101.7194 392.4575
102.4206 390.6497
105.9206 389.825
115.1133 388.3377
119.626 389.1553
122.9876 390.665
126.3431 392.7103
131.9281 394.2453
132.9954 396.3774
136.0612 397.8786
139.2038 399.2433
142.0016 400.4251
143.6979 401.5479
144.8639 402.2222
143.8486 402.4355
143.151 402.3132
142.905 402.0024
143.057 400.5815
141.7175 399.7028
140.2533 398.793
138.7044 397.9129
135.8958 396.8996
134.7318 397.1982
133.251 397.5762
131.8919 398.2829
130.6904 398.7411
129.86 399.2456
129.5462 399.687
128.7194 399.7821
137.8499 402.9757
152.0267 419.6004
160.0566 434.9606
166.2002 449.6364
166.3857 451.7661
167.4766 454.5231
168.2337 456.4016
169.8083 458.6327
170.6335 459.8052
170.6722 460.4963
170.0827 461.0383
169.4216 461.6689
168.3965 462.1613
167.6068 462.3408
167.2139 463.0996
165.9241 464.1937
165.4883 464.7174
163.9906 464.4917
218.8884 463.766
219.9788 464.772
220.7962 464.4857
221.3851 465.0314
222.3587 466.0137
224.0807 467.0174
225.7441 467.8944
227.2142 468.5981
229.4326 469.0999
231.0703 469.6063
232.7949 469.4284
234.0498 469.3572
234.9782 469.319
235.7842 469.2993
236.4629 469.9946
237.068 470.9014
237.5459 471.7078
236.9248 472.2547
236.8294 472.4828
236.9453 473.1212
236.6745 474.1111
235.4678 474.2708
235.4274 474.9863
234.0837 475.1979
234.2741 475.8532
234.8841 477.4388
234.404 477.7925
235.3581 479.1641
236.2422 478.7713
236.861 479.3895
237.4131 479.9647
237.8281 480.6456
238.2673 481.4062
238.6624 482.6364
239.3242 483.1259
240.1934 483.166
240.6022 483.2612
240.7454 482.9982
240.7917 482.8886
240.9525 483.5779
240.6442 483.9498
240.6507 484.7097
240.9186 485.2352
243.5212 485.8784
244.6406 485.7453
247.5462 485.8594
257.2148 487.1646
270.2047 488.1035
282.0495 488.615
300.2995 489.5909
321.1992 491.1197
337.1722 492.4127
355.4857 496.4393
393.7279 507.5244
451.0247 529.4753
504.8402 550.2824
566.2998 572.2328
605.8333 581.2164
643.0938 588.2484
668.8506 591.3576
695.4766 593.2003
714.8552 594.2484
727.3975 592.5002
732.6055 590.9573
736.6052 589.7916
752.7386 589.3649
754.0827 589.0057
754.6074 589.4239
744.9277 589.3147
733.9704 587.792
739.2891 588.6265
731.3294 588.666
729.015 588.7969
727.0095 587.9667
726.623 587.5836
735.0283 588.7377
723.847 587.4988
725.123 587.4398
724.2357 587.6007
725.4043 587.5687
725.4512 587.3556
722.0518 586.3708
720.9193 585.5046
717.6016 584.8305
717.389 584.374
714.4841 583.6038
710.877 582.8656
713.1914 583.3594
709.8021 582.7961
711.9795 583.1063
712.0593 583.093
719.5215 583.3344
716.0635 583.2562
712.3255 581.9426
713.3164 581.0825
710.4743 579.335
711.1091 578.3244
708.9277 577.4375
709.9603 578.1441
710.9678 577.968
710.8766 578.3163
711.3167 578.5283
719.1306 577.7404
735.7767 576.0059
800.9915 574.0911
836.0309 571.147
846.1771 570.6063
851.197 570.6588
857.0095 570.8006
860.8005 570.697
864.0218 570.4994
865.806 570.2455
867.0491 570.099
868.9421 569.9667
871.3174 569.9177
873.8789 570.1342
876.8431 570.351
879.9304 570.7687
882.833 571.1456
885.9082 571.601
889.3929 572.2673
892.8604 572.8306
896.002 573.4959
899.3229 574.002
902.7425 574.6121
906.2405 575.2126
909.6146 575.7117
912.5723 576.5306
915.8786 577.4052
918.3851 578.1478
921.2018 578.7476
924.4932 580.2527
930.3418 582.4415
933.2347 582.6879
936.2725 584.1679
939.2933 585.2891
942.4382 587.0258
945.1312 587.8674
948.4395 589.6777
951.2051 593.0875
956.3584 598.5531
958.6143 600.4908
960.849 602.249
962.8552 603.5324
965.9533 606.7661
968.7669 609.1343
971.6475 612.5823
977.6566 619.7385
983.5048 628.6116
991.5788 642.7744
995.3232 645.9292
1004.422 658.8531
1016.405 670.0502
1022.548 673.8735
1024.046 674.8675
1025.823 675.5348
1028.234 676.3406
1030.905 678.1334
1033.471 677.2056
1035.831 679.7356
1037.604 680.6743
1040.182 680.4772
1041.667 683.0139
1043.503 681.1928
1045.989 683.7228
1047.006 684.0569
1049.622 685.9553
1051.075 684.6998
1049.003 680.6378
1047.918 679.8367
1046.061 678.3184
1044.94 677.4342
1047.618 680.0759
1051.058 683.3994
1060.326 689.934
1068.317 696.4046
1085.695 707.7723
1094.151 712.3896
1093.489 714.6647
1099.346 719.1255
1110.971 726.5396
1113.027 729.6613
1112.814 731.3876
1111.558 732.6387
1109.912 733.0261
1109.083 732.9628
1108.815 733.2687
1108.48 733.3446
1108.586 733.4554
1109.121 733.51
1109.86 733.7483
1110.525 733.8884
1111.009 733.98
1111.693 734.274
1112.859 734.2806
1114.162 734.4543
1114.264 734.5444
1115.127 734.4216
1115.636 734.3055
1115.01 734.6255
1112.403 735.3641
1112.796 735.4308
1103.201 737.4402
1096.274 739.1211
1096.531 739.0253
895.6341 582.9376
895.292 562.9907
884.6888 554.5713
882.9733 550.9481
881.8057 549.5714
879.9323 546.1783
867.8408 542.7347
858.9372 541.9656
850.07 542.538
840.5029 542.7664
834.3841 543.2562
829.7438 544.2567
824.027 545.7802
820.6572 546.3814
815.8831 546.8538
816.9105 547.4777
808.3655 547.1085
805.7288 545.4474
801.7943 542.1539
798.7712 538.5677
799.0938 538.9525
798.9153 538.837
782.9909 526.6487
782.0817 522.8018
912.2682 612.0522
911.9567 612.1285
913.1559 613.9251
912.888 615.1071
912.5934 615.9526
909.848 614.0372
894.5003 598.7931
885.7282 589.0215
867.1921 569.2577
855.4229 558.732
849.6729 555.4114
845.7663 553.0782
843.9118 552.2359
842.7435 551.8028
842.2275 551.5488
842.3503 552.0185
843.2093 552.3253
844.402 553.1091
845.2282 553.4753
846.7686 553.3979
848.2425 553.3899
849.8646 553.0277
852.002 552.7499
854.2266 552.3013
857.47 552.8679
861.0358 553.4237
864.0153 553.2836
867.7903 553.0573
870.279 552.0328
871.6693 551.4952
872.4258 551.02
874.3102 549.2503
875.0482 547.5605
877.0254 539.5264
879.0596 533.6505
881.3457 528.9981
882.6556 526.9256
883.6755 525.3438
885.0674 524.0904
885.9391 522.636
886.4108 521.858
887.3444 520.5947
887.6501 519.9656
888.458 518.806
889.0573 517.7115
889.7399 516.4633
890.3831 514.9952
891.0247 513.8073
891.0456 512.6768
890.9297 512.6552
890.322 513.1619
890.1797 512.4974
889.3311 512.9014
889.1865 513.0029
889.0862 512.4794
888.3242 512.6542
888.3835 512.3441
888.8594 511.401
889.1146 510.3044
887.3688 506.1674
879.9671 495.7684
877.1257 490.5237
870.6533 481.5673
867.6663 478.7345
864.5205 477.1764
863.305 475.9154
862.5895 474.8481
861.2532 473.8332
861.0439 472.3498
858.9199 472.4045
858.5046 471.3338
163.5267 465.1175
162.8138 465.1253
163.4284 465.8825
164.2077 466.7983
165.2031 467.8101
166.7725 468.6792
168.1429 469.3102
169.3965 469.689
171.6068 470.4855
172.9639 470.2894
174.5215 470.0918
175.5765 469.8039
176.4883 469.7575
177.5944 470.4541
178.4421 471.3921
179.4313 472.3434
180.3392 472.8415
180.7747 473.118
181.3288 473.7287
181.3324 473.5911
182.1615 474.7993
182.5573 475.2293
183.0788 475.3524
183.7806 476.2282
184.7292 476.6644
186.9525 478.0461
188.1878 478.4334
191.8496 479.0741
193.777 479.564
195.4714 480.1961
196.6842 480.823
197.1741 481.46
197.668 481.9906
199.0267 482.6803
200.3079 483.1533
201.3516 483.5918
202.0791 483.1122
202.721 482.9038
203.6061 483.2208
204.5859 483.7722
205.7813 484.4484
207.3473 484.9507
209.9688 485.5027
213.7585 485.2522
217.349 485.3396
222.028 485.0345
234.2966 485.4091
249.3298 485.655
263.6982 486.1848
282.0287 487.7118
294.5882 489.0681
331.9795 494.9986
368.1982 505.6027
419.8867 527.6926
468.7982 548.7925
525.5413 570.6489
576.0124 580.0173
616.0554 587.2305
649.5866 590.2795
679.3314 592.1483
699.8132 593.1976
713.3724 591.8829
718.5775 590.9277
723.1888 589.7145
728.2679 589.0854
741.7839 588.7673
738.4157 588.9761
728.793 588.572
710.888 587.1004
719.7858 587.9512
716.0189 588.0635
715.0342 588.1217
712.7005 587.2891
710.6348 586.9141
720.0862 587.7636
708.1943 586.7068
707.8105 586.6599
707.8118 587.1776
702.7292 586.7383
706.9238 586.8338
702.9525 585.8697
702.9944 585.127
699.4359 584.4288
698.2435 583.9291
692.8474 583.0324
687.6546 582.0303
689.445 582.4005
685.7103 581.6984
686.2969 582.0101
684.6638 582.236
686.4688 582.5602
682.9577 583.1053
682.2565 581.3846
682.0237 580.3605
680.4434 578.5163
680.1266 577.2982
677.8955 576.3897
681.887 577.088
680.7969 576.9771
680.1556 577.4463
681.9141 577.6718
690.0742 577.0499
709.8034 575.3092
770.5563 573.4904
803.8528 570.7668
813.1455 570.3173
818.2272 570.5305
823.3561 570.6924
826.9271 570.5431
828.7103 570.1993
829.6946 569.8751
830.4307 569.5492
831.1592 569.4526
832.2773 569.3197
833.5137 569.2903
835.3359 569.5758
837.6286 569.788
839.9606 570.1893
842.0762 570.529
844.4893 570.9329
847.2263 571.5068
849.9944 572.1131
852.6296 572.7769
855.2627 573.4025
858.1901 574.059
861.1569 574.6804
864.011 575.2032
866.5645 575.9132
869.4749 576.6521
871.6273 577.2703
874.3255 577.8936
877.027 579.1108
881.416 580.3298
884.1543 581.4518
886.4255 582.5731
888.6667 583.7104
891.1943 585.3296
894.334 586.9225
896.6875 588.2016
898.6367 591.4974
901.9456 595.7874
902.7835 597.2635
902.3464 597.9691
904.3457 601.3283
905.5693 603.5208
907.6999 607.1489
914.1133 614.517
918.5335 623.5655
922.3893 637.6382
926.4561 641.7405
930.777 654.7107
935.6377 663.5156
944.3948 668.7135
950.0153 671.6139
952.4629 672.4642
954.0593 673.3383
956.0911 675.3855
957.9749 674.3445
960.3255 676.7939
962.2426 677.6804
963.6849 676.7175
966.3547 680.123
966.4886 677.9353
968.7091 680.7906
970.708 683.3428
971.6685 683.6107
973.0359 682.7603
970.2264 678.8667
968.478 677.6404
968.1902 677.1506
967.468 675.7582
971.3249 678.3996
973.4952 681.8157
984.0069 688.4055
991.4675 695.2666
1004.252 707.1388
1009.976 711.9603
1011.125 713.0778
1014.105 718.3964
1025.54 726.3312
1030.402 729.8634
1032.045 731.5226
1032.184 732.7875
1030.869 733.781
1031.405 733.6628
1031.989 733.8216
1032.467 734.1375
1033.201 734.0358
1034.612 734.223
1035.945 734.4092
1036.93 734.7347
1037.534 734.9138
1038.142 735.0302
1039.413 735.312
1040.818 735.3887
1041.536 735.7234
1042.099 735.631
1044.188 735.5421
1043.396 735.855
1041.607 736.4225
1041.582 736.6752
1036.954 738.3114
1032.136 739.8826
1032.373 739.999
981.9034 668.6293
896.3652 584.5316
897.1035 565.1368
886.9473 555.3631
883.8105 551.1397
882.6599 549.7751
879.9329 546.1783
868.264 542.8031
859.3428 542.0665
850.4632 542.6494
841.3206 543.1053
835.2051 543.7075
830.5622 544.7727
824.8763 546.4127
821.9339 548.1831
816.4121 547.8796
817.4072 548.7299
809.084 548.3285
806.1452 546.1276
803.583 544.267
799.2962 539.0837
799.0938 538.9525
798.9153 538.837
783.6146 527.2106
783.4238 524.571
912.2682 612.0522
912.7923 613.2233
913.9177 615.4194
914.3984 616.7161
911.2054 615.0598
886.9502 599.2499
875.6921 589.4805
851.6911 568.8414
837.3506 558.2597
831.5745 555.069
826.1653 552.3866
825.2682 551.7291
824.2337 551.0742
824.1657 550.9159
824.4935 551.575
823.8584 551.5063
825.5749 552.4966
826.9134 552.9885
827.3496 552.8907
829.2783 553.0293
830.7057 552.9119
833.2536 552.5093
835.53 552.17
839.2536 552.5284
842.584 553.0745
844.9567 553.123
848.6423 552.8018
850.278 552.3111
852.4795 551.3752
853.4593 550.7488
854.4932 550.3655
856.7097 548.0311
860.8337 539.7214
863.4011 533.9096
865.5179 529.4631
867.1367 527.3516
868.6169 525.7197
870.5159 524.741
872.0134 523.5804
873.3164 522.5112
874.0651 521.8687
875.7461 521.1178
876.6494 519.9614
877.7025 518.7227
878.5156 517.5973
879.2689 516.3087
879.9681 514.8906
880.5505 514.5257
880.8128 513.6786
881.0254 514.0429
881.4733 514.005
882.0534 514.05
882.3216 513.9402
882.8454 513.8494
883.4531 513.7753
883.7334 513.6021
884.5374 512.2017
884.7832 512.5531
883.959 506.88
876.9841 496.7556
874.4056 491.1548
867.5843 482.1855
864.2773 479.6523
861.4443 477.7469
859.6813 476.9157
859.3782 475.6528
858.2516 474.6761
857.8743 473.8756
856.7373 473.4079
856.764 472.9347
856.762 471.9731
858.1927 470.7912
858.3965 470.0358
858.5735 469.757
858.6364 470.5031
859.1891 469.8979
858.928 470.2337
858.4847 470.4523
858.4147 470.0584
858.2438 470.4204
858.6321 470.6637
858.9925 470.9266
859.4629 470.7596
860.2233 470.438
860.1979 471.4837
860.6751 471.7078
861.2178 471.715
862.1321 471.9982
862.4502 472.5625
863.2897 472.2656
864.5391 471.4857
865.4769 470.9478
866.8919 470.0211
865.3776 467.6086
856.4219 463.7401
851.7275 459.2531
844.5293 455.1274
843.6406 452.429
841.2419 450.6509
841.1165 449.3151
841.8255 447.8717
841.8024 446.6452
843.0202 444.9822
842.9258 444.4212
843.5397 444.0273
843.8877 444.041
843.3838 445.2757
844.3109 444.5083
843.7366 445.2775
843.7435 445.3623
843.0938 446.2871
842.2002 448.2461
841.9089 449.4328
841.5192 450.1395
841.2021 451.1136
839.8649 452.049
838.9307 452.4932
836.8896 452.9222
835.5316 453.1107
832.9977 454.2824
831.9554 454.7197
831.4274 454.7411
830.1624 455.8495
829.4026 455.7438
828.0452 456.2052
827.0439 456.3835
825.7438 456.4741
824.21 456.9012
823.4512 456.8864
821.8268 457.139
820.637 457.3939
819.8597 457.1336
819.6472 456.9915
819.4326 456.7635
818.7663 456.7702
818.5374 456.4834
818.196 456.3159
817.4971 456.2321
817.1032 456.1128
816.7542 456.0386
816.5677 456.0132
816.376 456.1076
816.0179 456.2397
816.1735 456.7249
816.387 456.9969
816.64 457.2531
817.2444 457.688
817.5078 458.2787
817.5117 458.6411
817.8008 458.9688
817.9554 459.1706
818.2044 459.2853
818.4893 459.3738
818.6696 459.6374
819.2376 459.9118
819.5452 460.2137
819.5427 460.5675
819.708 460.915
819.7285 461.3044
819.9577 462.0301
819.887 462.662
820.042 463.3636
819.8213 463.917
826.2468 465.8449
850.4743 473.6009
904.4896 499.3092
922.0475 510.1369
937.2845 520.1848
976.3225 543.2144
991.623 555.261
997.8917 564.0211
1002.4 568.8699
1005.396 572.3113
1007.568 575.1808
1008.926 576.3439
1010.224 578.2765
1011.431 579.8636
1012.018 581.8083
1012.377 583.1255
1012.468 584.5076
1012.798 586.7008
1013.374 587.769
1014.559 589.0663
1015.511 589.9816
1016.445 590.5125
1018.022 591.7654
1018.789 591.681
1019.955 592.7337
1021.011 591.6152
1021.734 591.8385
1022.509 592.4623
1022.86 592.2293
1023.327 593.0498
1023.289 595.0854
1022.994 596.5424
1022.916 598.9042
1022.172 600.0221
1021.379 601.2609
1020.801 601.5612
1020.274 601.416
1020.128 602.0182
1020.044 602.4809
1019.749 603.0931
1019.771 602.476
1019.643 601.7906
1019.727 601.9621
1019.735 601.9231
1019.862 602.7068
1020.203 602.8483
1019.926 603.1589
2818.322 724.1498
2859.492 725.1284
2925.677 710.3361
2940.403 713.0394
2944.138 737.5889
2942.153 747.626
2957.586 758.9149
2949.368 766.0693
2950.144 767.0586
2952.375 769.2122
2945.32 774.4689
2929.022 784.1697
2919.134 791.6047
2915.545 798.9135
2907.216 808.5392
2905.656 822.6772
2906.73 835.9991
2901.544 854.2445
2905.475 871.3035
2904.89 902.3334
2887.686 937.1627
1571.745 956.709
1018.704 935.7896
1002.092 894.7172
1043.287 839.0367
1040.819 834.3917
1040.18 828.7739
1039.372 825.0596
1037.465 822.4079
1036.163 819.8536
1035.382 817.5618
1035.622 814.5823
1035.837 813.4322
1035.643 813.1772
1035.355 812.8658
1034.979 811.6041
1035.641 810.7974
1036.887 810.3831
1038.253 808.944
1039.417 807.8734
1040.587 805.8783
1041.241 803.793
1042.417 802.3576
1043.833 798.6485
1046.062 797.6404
1052.527 792.2137
1069.403 778.6884
1099.807 737.4557
1115.161 704.5368
1128.581 684.3755
1137.505 666.7139
1141.092 657.882
1144.858 652.6377
1148.286 650.5493
1147.531 647.5427
1148.497 646.599
1148.846 644.384
1148.865 641.491
1148.335 640.5763
1148.881 640.9984
1149.142 639.0621
1149.822 639.6797
1149.895 635.0074
1150.501 630.4006
1150.849 628.6283
1151.655 627.4868
1152.39 629.7583
1152.187 618.2355
1152.191 618.0396
1151.614 618.7847
1149.8 601.7427
1148.246 588.4427
1145.695 558.7505
1143.683 532.417
1142.836 517.792
1142.392 511.3709
1142.729 506.6097
1143.305 502.4067
1142.771 499.5803
1142.4 496.8403
1141.238 492.0308
1140.419 491.4777
1139.189 492.1859
1138.095 492.5024
1136.854 496.3366
1134.972 498.7538
1133.204 503.931
1131.883 502.5579
1129.774 498.1365
1127.267 496.5935
1119.242 494.8102
1116.346 500.2855
1113.881 502.6813
1112.041 506.6922
1110.147 507.5947
1107.528 495.9657
1104.29 490.6033
1095.304 480.8093
1087.951 469.8302
1081.602 459.9901
1075.238 454.6173
1068.53 452.3844
1064.377 451.6484
1059.334 449.7645
1056.913 448.9331
1054.962 447.659
1053.555 448.5276
1051.916 446.4899
1050.005 448.6125
1048.697 453.6932
1047.359 453.9412
1047.821 455.8164
1050.8 457.7104
1052.919 457.4938
1059.491 460.9782
1060.264 461.1709
1059.399 461.4095
1060.024 462.6216
1059.812 462.7813
1058.847 463.2419
1059.55 464.1825
1060.053 465.3096
1061.03 466.0952
1052.906 460.5197
1037.863 455.9927
1018.404 444.4338
1008.652 436.2575
1005.653 432.498
1003.327 430.3457
1001.908 429.4756
1002.193 428.7202
1002.675 428.8965
1003.586 428.9367
1005.099 429.2547
1006.293 429.3849
1007.998 429.6076
1008.923 429.4097
1010.107 430.756
1011.405 431.8372
1012.871 433.6195
1014.02 435.2941
1015.102 436.5436
1015.822 437.6522
1017.131 437.7687
1017.554 438.0325
1017.978 438.228
1018.632 438.1881
1019.114 438.0786
1019.644 437.7046
1020.359 437.3685
1020.386 437.2819
1020.839 437.1531
1020.768 437.1636
1020.912 437.2448
1021.262 437.1306
1022.347 434.9005
1024.715 424.8586
1030.654 402.9748
1037.847 385.1877
1041.5 376.985
1045.7 371.2858
857.1872 471.0762
857.1253 471.1248
857.4414 471.2787
857.7682 471.0687
858.1094 470.8235
857.7822 471.0778
857.5596 470.8709
857.7731 470.766
857.8919 471.0036
858.2702 471.2175
858.7585 471.0835
859.2112 470.9425
859.5212 471.8989
859.7145 472.362
860.3987 472.1769
860.5296 472.9398
861.3577 473.0479
861.7761 473.0353
862.4873 472.5474
862.972 471.8895
863.6133 471.8086
861.624 469.0303
850.2471 464.8327
845.2415 461.2021
839.3806 456.645
839.11 454.6584
837.2614 452.0007
836.2259 450.6212
836.3887 449.3214
835.6481 447.9977
836.0566 446.641
836.4612 445.3851
836.9232 445.0514
836.8555 445.2961
836.1761 446.0898
836.6917 445.6785
836.8945 445.5067
836.6416 445.6976
835.5114 446.5856
833.627 448.4948
832.458 449.5006
831.3997 450.271
830.2946 451.2397
828.8428 452.0146
827.9905 452.4282
826.513 452.9027
825.4763 453.0601
823.6976 454.2007
822.9798 454.5874
822.4105 454.7632
821.403 455.891
821.2151 455.7544
820.2861 456.2212
819.7311 456.369
819.0234 456.5637
817.6862 456.951
817.2767 456.8716
816.2728 457.2886
815.1709 457.4214
814.6061 457.312
813.9265 457.063
813.7148 456.8714
813.4069 456.7192
812.0443 456.4377
811.3428 456.2008
810.9739 456.0573
810.1064 455.9684
809.5267 455.8431
809.0996 455.8366
808.8431 455.8402
808.5264 455.9456
808.0986 456.4653
807.7487 456.8091
807.8079 457.0667
807.8438 457.4197
808.345 457.8794
808.1321 458.1699
808.2061 458.4328
808.4691 458.5739
808.944 458.6904
809.0462 458.8439
809.3317 458.9575
809.7493 459.2695
809.8877 459.5584
810.1595 459.8756
810.1911 460.252
810.1768 460.5742
810.5466 461.3094
810.723 461.9362
810.8157 462.5146
810.8535 463.0516
818.2429 464.93
843.3047 472.3605
889.0237 497.8181
902.209 508.3112
914.1006 518.0061
942.5775 540.5862
953.0586 552.193
958.0267 561.1764
961.0884 565.787
961.625 568.8474
962.4076 572.0808
962.9047 573.3582
963.3853 574.6427
964.0192 576.546
964.2301 578.0107
964.7043 579.8168
965.0913 581.3452
965.6917 582.7013
966.2534 584.9
967.0808 586.0703
967.5817 587.1085
968.5667 587.8581
969.4363 588.3275
970.6329 588.8008
971.3284 588.8457
972.4763 588.571
973.6877 588.7499
974.5607 589.0271
975.6346 589.4632
976.1937 590.3055
976.9342 591.8783
977.1942 594.11
977.447 595.4898
978.1422 597.6541
978.4507 598.3333
979.192 599.5939
979.8135 599.3871
980.5734 599.4556
981.2993 600.6755
982.23 600.8203
983.4101 600.7584
984.3521 600.1885
985.0099 600.1501
985.8608 600.5485
986.6171 600.7628
987.7804 601.5208
989.0298 601.8654
987.2949 645.2611
2844.247 713.4316
2922.445 693.4982
2962.741 709.9955
2969.634 715.5456
2974.329 740.3292
2972.34 750.0247
2987.655 763.0905
2976.087 768.153
2976.087 768.153
2978.614 771.3406
2970.638 778.1347
2954.93 790.1546
2946.02 798.1635
2944.129 805.17
2937.336 814.1492
2938.325 828.1122
2941.672 840.0613
2940.709 858.1483
2950.95 874.7302
2973.052 905.2494
3075.607 940.9365
657.1501 953.8416
882.4446 933.0089
948.5316 892.0771
1013.328 836.7347
1011.406 829.5432
1010.692 825.7182
1008.749 822.7748
1006.802 820.1498
1006.001 817.613
1005.962 814.8008
1006.04 813.6019
1005.741 813.173
1005.279 813.0641
1005.518 812.9426
1005.005 811.5564
1005.77 811.3406
1006.688 810.8688
1007.585 809.4631
1008.334 808.1702
1009.128 806.3868
1009.38 805.2573
1010.208 803.7733
1011.922 800.922
1016.97 795.6482
1032.132 783.6894
1060.761 741.86
1078.285 710.175
1093.17 689.204
1109.157 671.4613
1112.394 663.6935
1115.292 657.6069
1120.496 655.3461
1121.005 653.6367
1121.533 651.3754
1121.902 649.2416
1122.386 647.639
1122.728 645.5301
1123.396 647.3306
1123.913 643.9788
1124.479 644.046
1124.677 640.5122
1124.962 635.8085
1125.924 633.106
1126.675 633.5938
1127.908 635.2039
1128.571 633.873
1129.088 624.2752
1128.478 624.7584
1125.486 607.5305
1124.084 594.3408
1121.778 564.7775
1120.882 537.9123
1120.576 523.9818
1120.467 516.3033
1120.247 511.0727
1120.723 508.2309
1121.094 503.4167
1120.68 500.8038
1120.122 496.8467
1119.411 495.4215
1119.555 495.7407
1119.385 495.7591
1119.48 499.7783
1119.024 503.51
1118.058 507.6533
1117.002 506.1845
1115.896 502.4579
1113.905 500.3206
1112.688 507.0357
1107.754 503.4314
1107.61 507.4839
1107.117 509.8409
1106.265 510.7325
1102.472 498.9118
1099.72 492.9989
1094.8 483.9211
1087.307 472.0609
1079.221 462.3602
1071.794 457.1489
1064.921 454.6442
1061.348 453.5692
1059.06 453.161
1056.439 451.3327
1055.011 450.4121
1053.296 450.7269
1051.47 448.4697
1050.09 451.0031
1048.325 455.5708
1047.061 455.438
1048.832 457.9728
1051.669 459.3311
1053.493 459.7979
1057.88 462.4678
1058.438 462.7406
1058.731 462.9443
1059.291 463.8691
1059.556 463.9953
1059.418 464.8641
1059.789 465.5866
1060.202 466.6546
1060.428 467.5093
1047.668 461.5824
1029.149 456.9779
1006.244 445.271
993.7201 437.0569
989.6066 433.4269
988.7635 430.9733
988.1639 429.8084
988.9848 429.4435
990.3989 429.0817
991.8361 429.1507
993.1031 429.3984
994.4087 429.4164
995.5217 429.8044
997.3906 429.3823
998.2911 430.7052
999.0959 431.7962
999.5305 433.5876
999.8441 435.2176
999.7325 436.4725
999.3964 437.6025
999.1711 438.0832
999.4113 437.994
998.9203 438.1628
998.6885 438.1322
998.4039 437.8345
998.1653 437.311
997.6761 436.8788
997.1621 436.6813
996.5724 436.7388
996.0729 436.7051
995.727 436.9588
995.6276 437.2852
995.5871 434.8036
997.2181 424.8755
1000.585 403.0706
1003.457 384.8711
1005.068 376.4549
1006.431 370.467
1007.135 368.0368
1047.949 368.9409
1049.364 368.3975
1050.342 368.4001
1050.586 368.4173
1050.883 367.8408
1051.022 367.2679
1051.027 366.6567
1050.693 366.6069
1050.419 365.9261
1050.378 364.5952
1049.821 363.3423
1049.425 362.3135
1049.111 360.9787
1049.315 360.0366
1049.179 359.1924
1049.242 358.7845
1049.23 358.1371
1048 356.9565
1046.84 356.1618
1045.777 355.598
1042.249 354.265
1029.58 352.2342
1021.41 351.1872
1014.401 348.7764
1005.274 344.1877
1002.022 342.0262
999.9242 340.6893
998.7716 339.9014
997.383 338.8351
996.9316 338.1401
997.4031 338.262
997.5984 338.3021
997.5525 339.2253
997.8191 340.4899
998.788 341.2775
1000.237 342.7917
1001.867 344.5365
1003.227 346.4167
1005.002 348.3584
1005.973 348.7191
1007.932 348.7596
1009.308 348.6149
1010.479 346.6102
1010.473 344.2531
1010.474 340.3524
1010.364 336.7156
1010.956 332.6155
1011.571 326.896
1012.49 322.1638
1013.296 318.2256
1014.264 314.0049
1015.705 311.7995
1017.364 311.5684
1018.906 310.5464
1019.032 312.5226
1019.673 311.5404
1017.054 307.1924
1014.052 300.8459
1006.133 290.3952
1000.041 278.6473
999.2509 272.3021
997.3074 266.4603
997.0887 263.443
992.5823 262.5763
987.7776 260.0544
980.0543 259.501
968.9184 260.0462
954.2278 266.3539
899.7903 268.9063
835.72 271.118
762.793 278.7985
709.8965 284.0216
660.0901 291.5518
623.0983 296.4164
570.3525 305.9784
534.1113 313.8166
506.2236 320.436
476.4284 326.6089
448.9951 332.7458
424.5762 337.1592
396.4837 341.1561
367.1543 344.9445
338.5137 346.8166
315.222 347.2069
292.7289 347.2729
272.2552 347.3372
258.0358 346.8919
245.4466 346.7224
227.0459 347.757
220.6976 347.6678
209.7298 347.8498
195.1051 347.9282
188.9512 349.5596
181.0618 353.9937
184.6322 357.183
183.0182 361.0153
173.5996 366.7233
176.888 372.5435
178.6777 377.2007
175.3223 385.8888
183.4284 390.224
196.127 396.1504
206.2516 399.105
210.8665 402.4232
198.7031 408.526
164.7165 416.5742
130.1159 425.152
87.43717 436.382
50.4668 445.1306
39.94889 450.6032
39.64681 453.6258
42.39876 455.2189
46.96712 457.3944
51.53874 455.9577
55.28971 454.1522
56.53255 452.5024
58.06641 450.8166
60.722 449.1626
63.49935 446.4614
64.44141 446.5731
65.17969 446.5114
65.9707 445.6706
65.78971 444.9424
65.71094 445.3477
65.59115 445.3216
65.76237 446.1533
66.65723 445.5293
65.62565 445.4626
67.00521 445.8009
66.79362 445.3161
69.64909 444.8591
74.05143 445.0882
77.86459 445.9238
80.16666 446.5451
83.33236 447.7132
85.81803 448.0462
88.43685 448.7285
88.33203 448.4946
89.17416 448.8421
90.21224 449.4734
89.55111 449.4873
91.64193 448.2227
93.97982 447.4713
94.95703 446.5163
94.86068 446.3193
96.83105 446.8604
97.61426 447.1706
98.73145 447.7402
99.84896 447.7888
99.7858 447.9033
100.5374 448.104
99.23535 447.8979
97.97916 447.4404
96.72135 446.9139
93.90625 446.6976
90.89681 446.2531
87.27474 445.958
85.61588 445.2342
84.49935 444.6346
82.75423 444.6115
82.2194 444.3098
82.48405 444.0513
84.03776 443.8765
86.46875 443.9456
88.94727 444.2039
91.78158 444.4811
95.70117 444.8184
99.32552 445.1172
102.8102 445.1932
107.8356 445.4455
121.7292 448.3778
160.7279 453.6486
239.112 465.5036
283.5384 471.799
325.8232 476.8784
363.1751 479.7936
379.2412 482.1743
385.6074 482.1009
391.2184 482.4894
393.9753 482.5075
396.3532 482.329
398.068 481.9983
400.0882 482.6104
402.5036 482.7604
404.542 483.1185
406.9447 483.5851
408.8623 483.7824
410.1872 483.8578
410.7415 484.0046
408.5244 483.9709
406.1458 484.0546
404.4541 484.0399
401.7871 484.1647
400.8073 484.166
399.7305 484.0681
399.2415 484.1555
398.8542 484.206
399.154 484.1379
399.3122 484.1759
399.9854 484.0188
400.3356 483.9799
400.764 483.8469
401.1244 483.8344
401.6422 483.6758
402.321 483.5196
403.1849 483.3551
403.638 483.2268
405.0283 483.1577
406.8483 483.1104
407.998 483.0603
411.3294 483.1492
415.3896 483.1577
432.7744 480.3829
478.4785 459.6514
534.8828 435.0433
582.9014 425.7266
658.3398 415.8823
704.1097 414.4487
739.8353 415.6932
754.7907 415.8245
768.0013 416.5438
769.1442 416.6336
781.9603 417.0972
797.0352 417.4937
786.8753 417.4914
783.6855 417.8669
778.0518 417.807
775.0856 417.1873
784.3854 417.2065
789.4319 416.8742
794.0954 416.4655
797.6201 416.0361
795.0495 415.3997
801.2962 415.1244
813.1042 413.9836
810.0056 412.9684
810.4241 411.5431
811.4886 410.7072
813.7878 410.0941
815.085 408.9336
823.3376 408.8327
844.3356 409.3203
892.3776 416.8569
978.3762 431.6139
1020.712 441.825
1052.334 447.901
1081.423 453.8988
1100.343 458.0783
1111.915 460.8699
1115.51 462.0272
1118.855 463.0343
1117.302 463.7116
1118.271 464.4323
1119.196 464.8371
1119.954 465.0735
1121.974 465.0964
1123.441 465.397
1118.835 465.6331
1118.133 465.861
1113.954 465.8862
1111.523 466.0685
1109.766 466.3918
1106.552 466.6997
1101.745 466.7336
1099.976 467.3597
1097.404 467.3052
1096.347 467.534
1096.625 468.3128
1096.298 468.8034
1097.299 469.7168
1098.102 470.186
1098.929 470.7313
1100.784 471.2986
1102.239 471.7912
1103.948 472.175
1106.81 472.6118
1108.405 471.6958
1110.588 471.9464
1113.422 472.5773
1116.345 472.957
1121.072 473.209
1123.277 473.0042
1128.411 472.4247
1134.389 471.5172
1139.625 470.557
1144.933 469.3854
1152.409 468.4131
1153.455 467.1284
1157.785 466.9279
1164.577 466.5187
1164.37 465.8836
1167.327 465.5238
1166.418 465.2698
1168.382 465.1484
1178.055 464.9712
1177.135 464.8784
1179.487 464.6258
1182.763 463.9712
1183.991 463.2108
1187.7 462.4922
1007.727 367.2822
1008.285 367.3965
1008.591 367.5749
1008.663 367.6587
1008.781 367.5418
1008.567 367.1212
1008.29 367.3993
1008.187 366.5545
1007.88 365.6646
1007.111 364.1579
1006.059 362.8957
1005.228 361.8548
1004.334 360.3717
1004.479 359.701
1004.621 359.022
1004.427 358.6971
1004.207 358.3294
1002.972 357.3664
1001.844 357.0617
996.9955 356.0868
979.7205 353.5032
969.0035 352.182
960.9243 350.5358
954.0495 345.9702
952.3213 344.179
951.1367 342.797
950.3021 342.0239
949.5862 341.327
949.3809 340.3314
950.0267 340.1996
950.4968 339.8325
950.5146 339.3866
950.8558 340.4868
952.4557 341.4839
955.1934 342.3166
957.1182 343.9339
959.2747 345.8594
961.4977 348.1375
962.3154 349.4694
963.0994 350.2432
963.8588 350.6646
964.0726 350.2581
964.4771 347.4663
964.7675 344.5107
965.2131 340.3477
965.4312 336.57
965.7003 332.2585
966.4912 326.4308
967.0403 322.2039
967.5472 318.4958
968.6539 314.9828
969.1996 314.4951
969.6505 314.271
971.266 315.6191
972.0295 316.1994
971.0969 310.7705
968.5892 304.5967
959.8284 294.9556
951.7145 282.2459
948.9863 275.8125
946.4678 270.2961
945.7806 266.4144
943.556 265.0506
941.5755 263.8447
938.6595 262.1276
932.4375 263.3529
916.4284 268.708
865.3229 271.4909
799.8493 274.7835
708.6543 283.0947
653.0062 289.928
592.1481 298.3382
553.4343 304.5762
522.4551 311.3771
490.8499 318.7332
472.7106 324.9266
455.3372 329.902
432.6403 335.7462
413.2458 339.7314
391.9736 343.756
366.0094 346.9248
345.4951 348.3449
322.3089 348.409
304.7826 348.0636
289.0335 347.562
270.334 347.5638
253.0771 348.1346
236.1569 349.1462
220.6029 350.8895
200.3411 352.1676
189.8923 353.0933
176.1654 354.8569
171.2298 357.2171
166.3118 360.6053
161.0244 363.0124
160.1882 367.3301
160.625 370.9598
158.1895 376.5846
163.2891 380.2127
170.9421 386.1517
182.2445 388.7738
194.7497 395.0872
195.2246 399.3553
186.2454 403.8275
148.0693 413.6318
119.932 423.5404
86.56705 432.1359
50.40364 442.0601
40.22429 446.7539
39.29395 450.6309
39.28548 453.5581
40.84961 454.718
43.81934 455.7136
47.47233 453.458
49.14453 451.8743
51.26953 450.05
54.51497 448.147
57.32096 445.826
58.54492 446.1432
59.09993 445.4106
59.09766 445.0304
57.83073 444.6371
56.97136 444.8163
55.90462 445.1268
56.16276 445.748
55.23568 445.8669
55.63542 445.4419
56.70898 445.5322
59.05859 444.8253
61.99251 444.1903
65.12826 443.9385
69.35352 444.7249
72.72591 445.7624
74.64388 446.7721
75.89193 447.4194
76.93164 448.0947
75.89291 448.3922
75.43066 448.9855
76.14877 449.5552
77.85775 450.016
78.38574 448.9979
79.46875 448.2132
80.83105 447.3421
81.11979 447.4813
81.84245 447.9897
82.97916 448.4069
82.81315 448.9313
85.02506 449.0213
85.1748 449.1364
85.05013 449.2741
85.81543 449.4831
83.39258 449.0229
83.46777 448.675
81.87174 448.2432
80.0127 447.8987
78.19727 447.2375
75.93685 446.7293
74.89909 446.0895
72.38477 445.9351
71.46191 445.6001
71.12045 445.5179
71.8724 445.2858
73.3112 445.6525
75.83431 445.7515
78.33594 446.0688
81.45475 446.4551
85.83659 446.1413
89.77799 446.1159
93.35026 446.2402
107.3421 449.1432
143.0436 454.5504
216.4993 466.7448
261.1504 473.1242
301.0023 478.3537
340.4574 481.147
352.6637 483.9234
357.835 483.8552
365.7646 484.1057
370.5693 483.8892
373.8184 483.5016
377.3848 483.1085
377.6178 483.7842
380.6794 483.9861
382.6751 484.4576
384.5345 484.8989
386.0065 485.129
386.486 485.3003
386.1367 485.4968
383.0326 485.6213
379.9912 485.8
378.7829 485.7803
376.9326 485.7984
376.6768 485.7394
376.5908 485.668
375.1029 485.6847
374.0036 485.7617
372.9785 485.8941
372.9613 485.8322
372.5182 485.9272
372.3119 485.9291
371.8131 485.9307
371.2995 485.9296
371.183 485.8613
371.4883 485.7291
372.082 485.5545
372.6794 485.3287
373.3665 485.2349
374.3952 485.0914
375.2116 485.0557
376.3363 484.9662
380.0996 485.0304
391.6305 482.5695
433.3102 462.1406
477.9844 437.8607
519.8096 428.9285
596.1624 418.1571
632.4443 416.4626
664.2246 416.7412
685.0208 416.7731
695.5146 416.6738
707.0462 417.0382
718.5638 417.3234
733.7028 417.4159
737.5999 417.6019
737.3815 417.7909
731.2409 417.6078
731.5114 417.1909
734.4854 417.2463
743.0817 417.2778
747.3362 416.9722
745.7617 416.4002
750.97 416.1104
754.1553 415.9349
764.1634 416.1164
765.4375 414.7536
762.4636 413.7909
764.5723 412.8721
769.5501 412.0365
768.9108 411.0068
782.3145 410.3436
803.3015 410.4857
857.5999 417.3721
946.4059 431.5508
992.8739 441.688
1028.475 447.5797
1058.814 453.5513
1076.42 457.473
1088.632 460.6538
1096.664 461.7318
1102.204 462.6535
1105.252 463.4026
1106.026 464.194
1106.544 464.5103
1106.487 464.7921
1108.593 464.8125
1110.271 465.1247
1107.576 465.4883
1106.632 465.7139
1104.427 465.7306
1103.15 465.7207
1101.562 465.9012
1101.455 466.1164
1098.996 466.0819
1097.836 466.2449
1095.877 466.3216
1095.429 466.6198
1094.512 467.1956
1092.956 467.8584
1093.332 468.4974
1094.278 469.3237
1095.421 469.7834
1096.025 470.1265
1098.675 470.8791
1100.542 471.2142
1102.542 471.3187
1104.669 470.6584
1107.088 471.2181
1107.505 471.7367
1109.546 472.4735
1111.653 472.7739
1113.596 472.7655
1117.242 472.5856
1122.472 471.5999
1128.48 470.6299
1132.999 469.5436
1137.151 468.6129
1139.075 467.2225
1143.115 467.0134
1146.423 466.6779
1149.506 466.05
1152.302 465.683
1151.016 465.3145
1153.082 465.1819
1158.615 465.1419
1160.156 465.1421
1162.656 465.0475
1159.625 464.758
1159.912 464.0272
1164.929 463.3374
1168.594 462.805
1195.598 461.5116
1193.247 461.1922
1199.459 460.2503
1209.294 459.7372
1230.579 457.8074
1290.158 453.9038
1417.314 446.7316
1464.041 443.3377
1545.934 444.7002
1587.496 445.8268
1631.483 448.6112
1089.712 576.8806
1060.392 580.0057
1058.992 524.7432
1056.542 482.6334
1067.065 450.701
1082.58 441.3501
1104.162 438.0864
1114.328 457.8835
1119.962 479.9741
1122.108 498.8811
1121.627 508.4624
1113.319 515.5345
1114.052 519.1107
1115.331 524.3103
1140.12 535.3669
1140.333 535.8083
1140.196 536.7467
1140.323 536.4783
1140.209 534.269
1130.906 515.8485
1103.528 488.8095
1085.695 480.4052
1066.68 479.4702
1062.263 479.1165
1062.608 477.9946
1059.184 477.6743
1061.901 477.0016
1055.371 477.4106
1041.446 496.1145
1035.857 503.9703
1030.519 513.7995
1028.978 513.5377
1029.135 513.8143
1028.568 513.2448
1028.142 512.7532
1027.648 512.1171
1025.956 511.6661
1025.297 511.2511
1023.894 511.3019
1023.727 512.001
1023.226 513.1102
1021.815 513.3279
1020.952 513.4689
1019.45 513.4691
1017.016 513.2408
1014.302 514.2107
1011.839 513.5957
1009.939 513.18
993.6292 510.111
956.3477 506.2554
931.8594 503.827
909.7656 501.3664
873.0146 497.3456
857.3968 494.8081
850.0166 492.1089
846.5003 491.2139
845.8913 490.3421
844.3288 489.8185
843.0062 489.4856
842.6296 488.9474
841.1234 488.7278
840.4329 488.2538
840.373 487.6602
841.6113 486.7979
842.095 486.2601
842.2168 485.8447
842.2448 485.9313
841.6396 486.4308
841.0075 486.8848
840.3083 487.5608
839.7959 488.0984
839.2757 489.3613
838.7816 490.9878
838.679 492.9369
838.5215 496.1255
838.4518 497.7804
837.9658 498.5977
837.3271 498.7484
836.7497 499.2492
836.1136 499.6149
835.4417 500.5258
834.5667 501.1263
834.2722 501.7094
833.8773 502.1057
833.3669 502.7224
832.6214 503.4358
832.2272 503.6587
830.9795 504.7549
831.2383 503.5839
831.0537 503.6095
830.887 502.9013
829.9811 502.2119
828.7109 499.8095
827.5696 497.2255
826.4919 495.8019
825.1794 491.7809
824.0088 488.7454
822.4177 484.371
820.3848 480.7167
818.1771 477.3211
815.3079 471.675
814.5452 469.04
813.793 467.9048
812.638 466.5957
812.4658 468.8937
811.8275 469.8083
811.6331 472.4329
812.0859 476.7556
810.9661 477.1891
812.1748 481.0827
812.9265 483.7144
814.374 487.2714
815.3027 490.0492
815.5273 492.6615
823.2041 496.0643
875.8558 496.5402
962.7621 499.1278
1033.929 498.2424
1073.056 497.594
1099.791 497.0279
1106.003 498.5571
1109.615 499.3678
1109.613 501.7961
1110.328 504.8441
1110.599 507.0151
1110.223 510.3845
1109.921 511.7782
1109.211 513.9083
1108.099 513.8574
1107.185 514.1945
1106.2 515.1279
1105.469 514.7748
1104.442 513.1238
1103.313 511.3076
1102.16 508.4646
1101.585 504.8088
1101.501 501.8326
1101.422 500.9029
1101.885 499.7122
1102.893 496.7579
1104.992 494.5475
1105.89 494.5412
1108.391 494.1863
1110.12 494.488
1109.351 496.3489
1104.095 499.905
1084.863 510.243
1070.82 517.5618
1064.922 519.383
1061.096 520.6295
1057.446 521.0557
1055.977 521.5938
1055.353 521.9628
1054.671 522.8491
1053.57 522.5265
1053.053 522.0747
1052.942 520.9326
1052.24 518.5362
1050.966 516.3769
1050.489 515.2493
1049.951 512.9707
1049.518 511.4504
1048.449 510.4633
1046.956 509.4138
1046.009 507.7326
1044.65 505.6915
1044.305 504.1406
1044.012 502.5466
1043.399 500.3461
1042.848 499.4713
1042.126 498.4563
1040.887 497.1031
1025.585 495.4752
989.3605 490.6316
914.2702 480.0541
853.9837 475.3792
837.6091 471.2922
824.0371 465.3773
818.9902 461.4422
815.1849 461.1335
812.8874 461.1491
811.6198 461.5353
808.7825 462.2969
806.847 463.2023
805.4258 463.7858
804.239 465.3625
802.9167 467.5573
802.0814 471.5436
801.6116 474.0723
801.4896 476.4354
800.944 479.1725
800.4255 481.4167
800.2266 483.5919
799.596 484.9253
799.0566 486.5422
798.8718 489.137
798.9668 491.5714
798.9268 493.783
799.4929 495.5321
799.3799 497.4676
798.7292 499.264
797.654 504.9708
798.7598 507.4344
799.2761 509.8542
796.9688 513.9879
797.6982 516.8609
797.9857 519.1815
796.7646 522.59
796.2311 524.2496
794.5231 526.5903
793.2106 525.641
788.207 529.5977
786.8034 529.8293
785.1146 531.0509
784.2292 532.1052
783.5283 532.2125
783.0977 529.815
783.4743 525.4767
783.2822 523.855
783.4802 523.0803
783.679 523.4742
784.2747 524.0027
790.1396 524.8494
814.0339 529.6205
827.2363 534.2222
841.3069 541.9822
845.3252 543.8274
847.9492 546.5015
850.1162 547.0878
853.1286 546.7004
855.1741 545.9388
857.5065 544.6526
858.2396 543.4948
858.8896 542.4493
859.6061 541.2018
860.7109 539.757
861.3821 538.5759
861.722 537.4022
861.8115 536.5831
862.1107 535.3004
861.5276 534.7527
860.4573 533.8493
860.0784 532.1443
858.8753 531.1418
857.7722 530.3852
857.668 528.7635
856.9984 527.848
857.6071 526.609
858.0104 525.3836
859.222 524.2125
861.1855 522.637
862.3669 521.5955
867.4229 520.6741
919.7923 519.0318
1015.743 518.2136
1072.161 514.7328
1135.593 509.1572
1169.366 504.7765
1181.643 502.2676
1188.545 502.4719
1191.48 502.6365
1194.253 504.1381
1194.804 504.2879
1196.093 504.7226
1198.796 506.3169
1199.144 507.7297
1200.302 508.1966
1200.259 508.1858
1201.552 508.3143
1202.882 508.5749
1202.663 508.6848
1202.846 508.8701
1202.26 508.6387
1202.108 508.4348
1201.187 508.0245
1201.832 507.5984
1201.631 506.95
1202.135 506.4989
1201.635 505.7382
1201.089 505.4205
1200.055 505.1747
1198.284 505.0168
1196.963 505.0648
1195.66 505.0342
1193.586 504.9494
1192.008 504.4743
1188.847 504.1659
1187.254 503.642
1173.619 501.7965
1168.256 462.3955
1171.27 461.7526
1185.876 461.1263
1207.077 459.2723
1259.262 456.7298
1383.932 448.8735
1433.657 445.2468
1525.758 445.1974
1564.591 446.0329
1616.376 448.0949
1405.479 463.3778
1089.418 576.3297
1060.012 579.9504
1059.754 524.6554
1058.028 482.6117
1067.93 450.8019
1082.907 441.3913
1105.156 438.0153
1115.658 457.7245
1122.165 480.0318
1123.399 499.0959
1122.191 508.7574
1115.059 517.5424
1114.731 521.0162
1117.075 528.4654
1140.41 536.5897
1140.706 536.853
1140.281 536.9191
1140.123 534.9933
1130.437 516.9895
1101.967 489.2739
1080.642 480.1746
1060.609 478.8687
1057.111 478.5334
1055.75 477.6916
1054.318 477.653
1053.229 477.4105
1045.509 478.8529
1023.969 496.7412
1016.871 505.4984
1007.989 514.1572
1006.636 514.937
1006.814 513.8604
1007.523 513.4431
1007.275 512.4788
1007.253 511.8846
1008.09 511.4606
1009.814 511.212
1011.913 511.5245
1011.366 512.1145
1010.963 513.3144
1009.641 513.8242
1007.664 513.9543
1006.167 514.0393
1004.279 514.0625
1001.961 514.6028
1000.125 514.2222
998.0106 513.4434
980.2571 510.4587
936.2888 506.292
911.5374 503.8105
888.7136 501.2638
849.8525 497.4151
832.905 494.7883
824.9277 492.7449
818.8268 491.2323
817.4899 490.6252
816.8643 490.2175
817.2825 489.679
817.2357 488.9052
817.6898 488.8046
816.7607 488.2912
816.5837 487.7174
817.5485 487.0176
817.6934 486.3959
817.2776 485.9111
817.3386 485.7518
816.8392 485.9946
816.319 486.3927
815.748 486.5765
815.0472 487.3663
814.5898 488.3069
814.957 490.2041
815.6194 491.672
817.0775 494.9738
817.2383 496.6773
817.6084 497.5131
817.3743 497.9155
817.0999 498.514
816.9196 498.8698
817.11 499.7575
816.5801 500.267
816.6282 500.8681
816.4245 501.1335
816.0013 501.3733
815.0823 502.0685
814.1917 502.1508
813.6439 502.3535
812.0303 501.3883
811.6946 501.4487
810.9622 501.0556
810.0732 501.5655
809.1917 500.3653
807.5635 498.9166
806.0427 497.5286
804.7396 495.9055
803.2839 491.528
801.9948 488.1802
800.9492 483.5231
799.8171 479.8112
799.1543 474.9932
798.0361 470.7044
798.6022 469.5864
798.7305 468.201
803.5677 469.7296
803.9636 470.1199
804.82 472.849
804.8942 476.5366
803.7051 476.6196
803.8164 480.3369
803.4616 482.6399
803.6907 485.5946
802.5908 488.3865
802.3125 491.1879
810.6253 493.7458
866.5378 494.7432
959.9424 496.8323
1032.827 496.1234
1071.888 495.1535
1098.063 494.2613
1102.664 495.2962
1106.538 496.6595
1106.403 498.2587
1108.233 501.8018
1109.526 504.6317
1110.104 506.4435
1110.169 509.0183
1109.862 510.4646
1109.366 511.4215
1108.293 511.7443
1107.626 512.2524
1106.423 513.2859
1105.285 512.0585
1104.054 511.3316
1102.596 508.6837
1101.878 505.714
1101.679 502.4621
1101.565 501.1389
1101.661 499.3361
1102.62 496.5782
1104.594 494.1364
1105.508 494.0544
1107.426 493.8056
1108.421 494.23
1107.722 496.144
1099.169 500.0242
1074.497 510.1956
1059.783 517.3976
1055.813 519.0715
1052.588 520.3207
1048.443 521.1809
1045.937 521.8651
1045.199 522.7653
1044.86 523.5578
1044.737 523.5195
1044.595 522.8956
1043.938 522.0524
1043.456 520.9089
1042.532 518.7031
1041.91 516.5946
1041.628 515.1835
1041.003 513.0787
1040.481 511.7168
1039.773 510.4593
1038.782 509.0067
1038.604 507.1607
1037.942 505.5433
1037.795 504.0288
1037.879 502.6235
1037.654 501.4597
1037.356 500.3804
1037.151 500.1502
1026.919 497.968
991.8248 493.9509
912.8646 487.6714
848.1673 476.2142
826.7028 472.5251
807.2751 466.3856
800.6556 462.3641
793.07 461.9758
789.8727 461.5187
786.4665 461.9071
785.5853 462.4774
783.9857 463.019
782.6621 463.7941
780.9505 464.7524
782.9795 467.1306
785.0762 470.7308
785.1149 473.2827
784.6946 475.4476
785.5739 478.1144
785.9401 479.998
787.3766 482.2634
787.5732 483.5965
787.5417 484.9396
787.5739 486.4557
788.5182 488.856
789.6804 491.0282
790.4521 493.2706
790.624 495.2056
789.9443 497.2422
789.291 499.0285
789.2666 504.3555
789.7034 507.0309
788.863 509.5411
788.7695 513.4382
787.97 516.1544
786.9336 518.2451
783.8864 520.832
781.3838 523.0056
778.7246 522.8776
776.7233 523.3099
771.2891 527.2856
769.6253 528.0773
767.7747 530.2971
766.8054 530.3367
766.457 527.5679
765.8421 524.1826
765.4912 522.4708
765.0651 521.6807
764.5944 522.2179
764.6338 522.6243
768.8372 523.8722
793.9339 528.7771
805.735 533.7599
818.5957 541.7341
823.1172 543.8055
827.7556 546.3429
830.2383 547.1205
833.6335 547.1199
836.445 546.1263
837.3818 545.1859
838.402 543.8479
838.9905 542.7283
839.7624 541.8226
841.1028 540.4405
842.5632 539.1555
843.0182 538.3552
843.3997 537.4572
843.6865 536.529
843.362 535.621
843.1003 534.8891
842.8779 533.6261
842.8122 532.2823
842.4724 531.4877
842.2819 530.7964
842.4642 529.3516
843.8278 527.8007
844.6497 527.0131
845.4265 525.7961
846.013 524.3073
847.9512 522.7569
852.9277 521.8519
915.6126 520.772
1015.165 518.9332
1070.646 515.7532
1131.566 509.7844
1166.389 504.9224
1177.271 502.4534
1185.716 502.4454
1188.717 502.8797
1190.973 504.4945
1192.257 504.5526
1193.84 504.8375
1196.151 506.0142
1196.979 507.3093
1197.847 507.7106
1198.287 507.5642
1199.659 507.9488
1200.628 508.195
1200.814 508.6246
1200.905 508.7559
1199.909 508.9021
1200.335 508.5627
1199.607 508.2525
1200.048 507.7978
1200.583 507.0241
1201.019 506.4288
1200.809 505.6546
1200.662 505.2635
1199.878 505.0656
1198.297 504.9258
1197.151 504.9966
1196.067 505.159
1194.448 505.3589
1192.739 505.136
1189.917 505.2207
1188.023 504.6136
1174.533 503.3885
1112.282 500.7578
