1920 480
675.8857 457.7824
676.1914 457.7528
676.166 457.7658
676.1589 457.7741
676.2165 457.7677
676.207 457.791
676.1885 457.7495
676.2044 457.777
676.1406 457.7747
676.1052 457.7773
676.1585 457.7813
676.2005 457.7733
676.2034 457.7747
676.1348 457.7643
676.1602 457.7601
676.1006 457.799
676.222 457.7889
676.1575 457.779
676.2207 457.7498
676.1487 457.7677
676.0759 457.7511
676.1602 457.7581
676.139 457.7677
676.1377 457.7707
676.1247 457.7715
676.1221 457.7821
676.1097 457.7819
676.1077 457.7751
676.0869 457.7598
676.0889 457.7684
676.0999 457.7583
676.0723 457.7859
676.1055 457.8184
676.0784 457.7977
676.0996 457.7961
676.0583 457.7879
676.0703 457.7884
676.0586 457.8136
676.0469 457.8094
676.0762 457.8159
676.0635 457.7884
675.9157 457.8439
676.0166 457.8172
676.0755 457.7927
676.0081 457.763
676.0296 457.7843
676.0173 457.7944
676.029 457.7882
676.0329 457.7909
676.0628 457.797
676.0596 457.8016
676.0403 457.8047
676.0433 457.8042
676.0501 457.7993
676.0569 457.7993
676.0566 457.7988
676.0374 457.7943
676.0056 457.798
676.0085 457.7977
675.9951 457.8006
675.9899 457.7969
675.9941 457.7923
676.0065 457.7837
676.0192 457.7847
676.0023 457.7962
676.0007 457.7918
675.9811 457.7957
675.9818 457.7967
675.989 457.7905
675.999 457.7884
676.0091 457.7917
675.9919 457.7941
675.9697 457.7914
675.97 457.8001
675.9746 457.8022
675.9636 457.8115
675.9378 457.8197
675.9509 457.8135
675.9655 457.8193
675.9714 457.8185
675.9655 457.8128
675.9739 457.8145
675.9665 457.8216
675.9534 457.8213
675.9463 457.8221
675.9678 457.8163
675.9651 457.8096
675.9626 457.8136
675.9658 457.8185
675.9844 457.8136
675.9606 457.8148
675.9688 457.8083
676 457.8031
676.0247 457.8008
676.0407 457.801
676.0433 457.7993
676.0403 457.7949
676.0859 457.7873
676.1019 457.7809
676.1296 457.7705
676.126 457.771
676.1501 457.7627
676.1624 457.7694
676.1657 457.7708
676.1843 457.7604
676.1937 457.7556
676.2139 457.7562
676.1982 457.7619
676.1934 457.7598
676.1911 457.7614
676.1901 457.764
676.2129 457.757
676.21 457.7596
676.2073 457.7639
676.1992 457.7749
676.1992 457.7759
676.1966 457.7729
676.2109 457.7698
676.2005 457.769
676.2012 457.771
676.194 457.7713
676.1934 457.7698
676.2073 457.7796
676.2275 457.7814
676.2354 457.7827
676.22 457.7677
676.2575 457.6499
676.3649 457.6462
676.3405 457.4445
676.2227 457.3288
675.9678 457.2737
675.7243 457.0625
675.7038 456.9159
675.7025 456.9637
675.6663 457.035
675.5859 457.1351
675.5518 457.1436
675.6384 457.1076
675.7565 457.1292
675.7249 457.1432
675.6432 457.1286
675.6458 457.1177
675.6956 457.1217
675.7214 457.1183
675.71 457.1191
675.6758 457.1157
675.6341 457.1263
675.6582 457.1208
675.7018 457.1123
675.6911 457.0879
675.6599 457.1001
675.6878 457.098
675.6914 457.0965
675.7038 457.0897
675.6823 457.0996
675.6751 457.0934
675.7097 457.0841
675.6787 457.0809
675.6644 457.0877
675.6478 457.0837
675.6507 457.0841
675.6507 457.0799
675.6396 457.0916
675.6396 457.0969
675.6321 457.0934
675.6064 457.0901
675.6113 457.0905
675.6045 457.0851
675.5886 457.0938
675.5827 457.0877
675.5898 457.0783
675.5918 457.0728
675.6052 457.0596
675.722 456.9982
675.8906 456.9463
676.0342 456.917
676.1511 456.8777
676.3115 456.8206
676.3483 456.7711
676.3057 456.7444
676.1758 456.7438
676.0254 456.7865
675.9209 456.8062
675.886 456.8107
675.8893 456.819
675.9114 456.8122
675.972 456.7905
675.9531 456.7939
675.9642 456.8045
676.0065 456.8149
676.0241 456.8236
676.002 456.8289
675.9336 456.8202
675.8916 456.8278
675.9232 456.8294
675.9567 456.8169
675.944 456.8314
675.9606 456.847
675.9743 456.8449
675.9365 456.8429
675.9238 456.8358
675.9629 456.8415
675.9739 456.8389
675.9561 456.8351
675.9785 456.8345
676.0237 456.8285
676.069 456.8141
676.0735 456.7995
676.0573 456.791
675.998 456.7655
675.9421 456.7555
675.9134 456.7612
675.8727 456.7622
675.8281 456.7503
675.7861 456.7484
675.7809 456.7453
675.7816 456.7433
675.8161 456.7336
675.8278 456.7196
675.8558 456.7217
675.8864 456.7358
675.9238 456.749
675.9368 456.7503
675.9727 456.7655
676.0114 456.7971
676.0554 456.8291
676.0791 456.853
676.0989 456.8623
676.1113 456.8921
676.0791 456.9043
676.0358 456.9049
676.0062 456.8957
675.9352 456.8732
675.8662 456.8519
675.8213 456.8311
675.7858 456.8159
675.761 456.7941
675.7552 456.779
675.761 456.7562
675.7767 456.7572
675.779 456.7521
675.7698 456.7458
675.7643 456.7267
675.7715 456.6964
675.7761 456.6807
675.7972 456.6761
675.8271 456.6893
675.8884 456.7
675.9059 456.7043
675.875 456.7468
675.8307 456.7903
675.7676 456.817
675.7311 456.8337
675.6989 456.8421
675.6517 456.8421
675.6094 456.8369
675.5703 456.8319
675.5374 456.8429
675.5293 456.8516
675.4971 456.8447
675.4395 456.834
675.3821 456.8299
675.3323 456.8131
675.2604 456.7939
675.2256 456.7684
675.223 456.7596
1920 456.743
1920 456.738
1920 456.739
1920 456.7399
1920 456.742
1920 456.7453
1920 456.7585
1920 456.7627
1920 456.758
1920.03 456.7704
1920.088 456.791
1920.078 456.8092
1920.015 456.8293
1920.006 456.8605
1920.005 456.8812
1920.012 456.9124
1920.023 456.9212
1920.013 456.9251
1920.025 456.9129
1920.042 456.8978
1920.055 456.911
1920.061 456.9102
1920.046 456.8937
1920.027 456.8947
1920.003 456.8952
1919.926 456.8888
1919.87 456.8711
1919.821 456.8613
1919.791 456.8524
1919.779 456.8342
1919.773 456.8196
1919.734 456.8188
1919.745 456.8101
1920 480
675.8857 457.7824
676.1914 457.7528
676.166 457.7658
676.1589 457.7741
676.2165 457.7677
676.207 457.791
676.1885 457.7495
676.2044 457.777
676.1406 457.7747
676.1052 457.7773
676.1585 457.7813
676.2005 457.7733
676.2034 457.7747
676.1348 457.7643
676.1602 457.7601
676.1006 457.799
676.222 457.7889
676.1575 457.779
676.2207 457.7498
676.1487 457.7677
676.0759 457.7511
676.1602 457.7581
676.139 457.7677
676.1377 457.7707
676.1247 457.7715
676.1221 457.7821
676.1097 457.7819
676.1077 457.7751
676.0869 457.7598
676.0889 457.7684
676.0999 457.7583
676.0723 457.7859
676.1055 457.8184
676.0784 457.7977
676.0996 457.7961
676.0583 457.7879
676.0703 457.7884
676.0586 457.8136
676.0469 457.8094
676.0762 457.8159
676.0635 457.7884
675.9157 457.8439
676.0166 457.8172
676.0755 457.7927
676.0081 457.763
676.0296 457.7843
676.0173 457.7944
676.029 457.7882
676.0329 457.7909
676.0628 457.797
676.0596 457.8016
676.0403 457.8047
676.0433 457.8042
676.0501 457.7993
676.0569 457.7993
676.0566 457.7988
676.0374 457.7943
676.0056 457.798
676.0085 457.7977
675.9951 457.8006
675.9899 457.7969
675.9941 457.7923
676.0065 457.7837
676.0192 457.7847
676.0023 457.7962
676.0007 457.7918
675.9811 457.7957
675.9818 457.7967
675.989 457.7905
675.999 457.7884
676.0091 457.7917
675.9919 457.7941
675.9697 457.7914
675.97 457.8001
675.9746 457.8022
675.9636 457.8115
675.9378 457.8197
675.9509 457.8135
675.9655 457.8193
675.9714 457.8185
675.9655 457.8128
675.9739 457.8145
675.9665 457.8216
675.9534 457.8213
675.9463 457.8221
675.9678 457.8163
675.9651 457.8096
675.9626 457.8136
675.9658 457.8185
675.9844 457.8136
675.9606 457.8148
675.9688 457.8083
676 457.8031
676.0247 457.8008
676.0407 457.801
676.0433 457.7993
676.0403 457.7949
676.0859 457.7873
676.1019 457.7809
676.1296 457.7705
676.126 457.771
676.1501 457.7627
676.1624 457.7694
676.1657 457.7708
676.1843 457.7604
676.1937 457.7556
676.2139 457.7562
676.1982 457.7619
676.1934 457.7598
676.1911 457.7614
676.1901 457.764
676.2129 457.757
676.21 457.7596
676.2073 457.7639
676.1992 457.7749
676.1992 457.7759
676.1966 457.7729
676.2109 457.7698
676.2005 457.769
676.2012 457.771
676.194 457.7713
676.1934 457.7698
676.2073 457.7796
676.2275 457.7814
676.2354 457.7827
676.22 457.7677
676.2575 457.6499
676.3649 457.6462
676.3405 457.4445
676.2227 457.3288
675.9678 457.2737
675.7243 457.0625
675.7038 456.9159
675.7025 456.9637
675.6663 457.035
675.5859 457.1351
675.5518 457.1436
675.6384 457.1076
675.7565 457.1292
675.7249 457.1432
675.6432 457.1286
675.6458 457.1177
675.6956 457.1217
675.7214 457.1183
675.71 457.1191
675.6758 457.1157
675.6341 457.1263
675.6582 457.1208
675.7018 457.1123
675.6911 457.0879
675.6599 457.1001
675.6878 457.098
675.6914 457.0965
675.7038 457.0897
675.6823 457.0996
675.6751 457.0934
675.7097 457.0841
675.6787 457.0809
675.6644 457.0877
675.6478 457.0837
675.6507 457.0841
675.6507 457.0799
675.6396 457.0916
675.6396 457.0969
675.6321 457.0934
675.6064 457.0901
675.6113 457.0905
675.6045 457.0851
675.5886 457.0938
675.5827 457.0877
675.5898 457.0783
675.5918 457.0728
675.6052 457.0596
675.722 456.9982
675.8906 456.9463
676.0342 456.917
676.1511 456.8777
676.3115 456.8206
676.3483 456.7711
676.3057 456.7444
676.1758 456.7438
676.0254 456.7865
675.9209 456.8062
675.886 456.8107
675.8893 456.819
675.9114 456.8122
675.972 456.7905
675.9531 456.7939
675.9642 456.8045
676.0065 456.8149
676.0241 456.8236
676.002 456.8289
675.9336 456.8202
675.8916 456.8278
675.9232 456.8294
675.9567 456.8169
675.944 456.8314
675.9606 456.847
675.9743 456.8449
675.9365 456.8429
675.9238 456.8358
675.9629 456.8415
675.9739 456.8389
675.9561 456.8351
675.9785 456.8345
676.0237 456.8285
676.069 456.8141
676.0735 456.7995
676.0573 456.791
675.998 456.7655
675.9421 456.7555
675.9134 456.7612
675.8727 456.7622
675.8281 456.7503
675.7861 456.7484
675.7809 456.7453
675.7816 456.7433
675.8161 456.7336
675.8278 456.7196
675.8558 456.7217
675.8864 456.7358
675.9238 456.749
675.9368 456.7503
675.9727 456.7655
676.0114 456.7971
676.0554 456.8291
676.0791 456.853
676.0989 456.8623
676.1113 456.8921
676.0791 456.9043
676.0358 456.9049
676.0062 456.8957
675.9352 456.8732
675.8662 456.8519
675.8213 456.8311
675.7858 456.8159
675.761 456.7941
675.7552 456.779
675.761 456.7562
675.7767 456.7572
675.779 456.7521
675.7698 456.7458
675.7643 456.7267
675.7715 456.6964
675.7761 456.6807
675.7972 456.6761
675.8271 456.6893
675.8884 456.7
675.9059 456.7043
675.875 456.7468
675.8307 456.7903
675.7676 456.817
675.7311 456.8337
675.6989 456.8421
675.6517 456.8421
675.6094 456.8369
675.5703 456.8319
675.5374 456.8429
675.5293 456.8516
675.4971 456.8447
675.4395 456.834
675.3821 456.8299
675.3323 456.8131
675.2604 456.7939
675.2256 456.7684
675.223 456.7596
1920 456.743
1920 456.738
1920 456.739
1920 456.7399
1920 456.742
1920 456.7453
1920 456.7585
1920 456.7627
1920 456.758
1920.03 456.7704
1920.088 456.791
1920.078 456.8092
1920.015 456.8293
1920.006 456.8605
1920.005 456.8812
1920.012 456.9124
1920.023 456.9212
1920.013 456.9251
1920.025 456.9129
1920.042 456.8978
1920.055 456.911
1920.061 456.9102
1920.046 456.8937
1920.027 456.8947
1920.003 456.8952
1919.926 456.8888
1919.87 456.8711
1919.821 456.8613
1919.791 456.8524
1919.779 456.8342
1919.773 456.8196
1919.734 456.8188
1919.745 456.8101
1919.735 456.8006
1919.738 456.7915
1919.701 456.7917
1919.704 456.7713
1919.687 456.7503
1919.68 456.7454
1919.682 456.7469
1919.703 456.742
1919.734 456.7329
1919.78 456.7259
1919.856 456.7181
1919.935 456.7129
1919.941 456.716
1919.915 456.7287
1919.884 456.7495
1919.865 456.7689
1919.85 456.7884
1919.831 456.803
1919.828 456.8128
1919.817 456.8301
1919.794 456.8335
1919.764 456.8348
1919.702 456.8125
1919.665 456.7321
1919.718 456.6331
1919.677 456.5868
1919.61 456.5503
1919.616 456.5353
1919.681 456.5178
1919.745 456.501
1919.701 456.5247
1919.584 456.562
1919.452 456.5838
1919.389 456.6021
1919.415 456.6362
1919.457 456.7083
1919.508 456.7962
1919.651 456.9037
1919.857 457.1639
1919.997 457.5435
1919.917 457.881
1919.741 458.1452
1919.532 458.4281
1919.287 458.787
1918.999 459.2085
1918.729 459.7477
1918.558 460.3936
1918.579 460.9138
1918.811 461.7236
1919.256 462.6133
1919.853 463.3615
1920.479 463.8901
1929.073 467.0848
1935.343 469.4622
1938.224 470.5566
1940.831 471.4094
1943.16 471.9777
1945.635 472.9266
1948.242 474.1717
1950.524 475.223
1952.922 476.439
1955.392 477.7596
1958.036 479.416
1960.657 481.2068
1961.827 482.0826
1964.157 483.8385
1966.186 485.1281
1968.307 486.2254
1970.224 487.189
1971.936 487.9393
1973.576 488.2113
1975.438 487.7032
1977.111 486.6531
1979.021 485.0973
1980.544 483.0963
1981.52 480.9398
1982.394 478.7925
1983.484 476.563
1984.675 474.3576
1985.794 472.3991
1986.885 470.6981
1988.098 469.2104
1989.327 468.1646
1990.359 467.3571
1991.301 466.7538
1992.31 466.3472
1993.12 465.9906
1993.614 465.5619
1993.71 465.2152
1993.486 465.027
1992.918 464.8893
1992.059 464.7062
1990.771 464.4049
1989.264 463.9471
1987.58 463.2033
1985.955 462.2832
1984.34 461.3467
1982.598 460.6445
1980.772 460.1896
1978.569 459.7339
1976.284 459.2057
1973.82 458.5951
1971.032 457.8851
1967.842 457.0688
1964.128 456.2054
1960.163 455.4266
1956.045 454.8906
1951.893 454.6208
1947.441 454.5905
1942.732 454.9056
1938.007 455.6673
1933.682 456.7819
1928.979 458.39
1923.809 460.5215
1918.411 463.0838
1912.955 465.9807
1907.296 469.2155
1900.93 472.8918
1894.516 476.3823
1887.621 479.8573
1879.941 483.4844
1871.571 487.291
1863.083 490.8999
1854.416 494.1571
1845.641 497.0608
1836.813 499.7753
1827.205 502.6511
1817.771 505.2639
1807.035 507.8693
1796.96 510.0394
1786.581 512.054
1779.13 513.3865
1769.008 515.1017
1757.993 516.8803
1747.415 518.4442
1736.424 519.9514
1726.607 521.1984
1717.81 522.2987
1708.75 523.4248
1700.265 524.3181
1692.635 524.8425
1684.491 525.0812
1678.726 525.0781
1673.916 524.8867
1670.008 524.5161
1666.834 523.9751
1664.261 523.2399
1661.987 522.2084
1660.592 521.2495
1659.474 520.124
1658.657 518.7952
1658.122 517.4514
1657.79 516.1013
1657.666 514.6837
1657.732 513.4296
1658.039 512.094
1658.728 510.83
1659.849 509.672
1661.206 508.7247
1662.966 507.7813
1664.918 506.9907
1667.229 506.3158
1669.869 505.8112
1672.891 505.44
1675.97 505.2744
1679.436 505.3105
1683.021 505.6053
1686.668 506.0668
1690.432 506.6172
1694.083 507.2075
1697.561 507.8401
1701.197 508.5244
1704.998 509.2604
1708.961 510.1656
1713.128 511.3575
1716.964 512.6913
1720.516 514.0392
1724.109 515.4642
1727.629 516.9633
1730.836 518.5336
1733.962 520.4564
1736.217 522.3653
1737.999 524.3071
1739.451 526.3698
1740.496 528.2862
1741.255 530.0511
1741.949 531.6549
1742.527 533.0326
1742.929 534.2493
1743.215 535.4604
1743.352 536.5818
1743.277 537.5764
1742.888 538.4609
1742.255 539.2875
1741.46 540.0778
1740.371 540.996
1738.891 541.9765
1737.363 542.8912
1735.688 543.7898
1734.092 544.6628
1732.49 545.6498
1731.287 546.393
1729.292 547.2822
1727.304 548.1429
1725.449 548.8742
1723.704 549.5427
1722.263 550.0925
1720.851 550.6478
1719.522 551.027
1718.23 551.3069
1717.204 551.4305
1716.522 551.4982
1716.371 551.6183
1716.414 551.9746
1716.545 552.4692
1716.785 552.9927
1717.305 553.5483
1718.145 554.2488
1719.089 554.9752
1720.036 555.7131
1720.881 556.3123
1721.689 556.772
1722.55 556.9176
1723.395 556.7688
1724.163 556.4202
1724.973 555.8916
1726.039 555.3301
1727.848 554.7308
1730.089 554.2368
1732.327 553.6543
1734.414 552.8215
1736.481 551.6624
1738.665 550.1898
1740.93 548.6174
1743.87 546.6631
1746.878 544.7466
1749.295 543.2493
1752.713 541.136
1756.273 538.8975
1760.07 536.4584
1764.152 533.8044
1768.261 531.0938
1772.214 528.4214
1776.211 525.7837
1780.089 523.3704
1783.919 521.0649
1788.321 518.4572
1792.009 516.2741
1795.378 514.1686
1798.588 512.0225
1801.617 509.9452
1804.378 508.0654
1807.012 506.4615
1809.252 505.1741
1811.104 504.0069
1812.728 502.9375
1814.371 501.9978
1815.987 501.2298
1817.732 500.6287
1819.76 500.1027
1821.849 499.7564
1824.183 499.4552
1826.742 499.261
1829.416 499.147
1832.213 499.3403
1834.701 499.8337
1837.018 500.6754
1839.207 501.8423
1841.058 503.1573
1842.715 504.397
1844.417 505.7595
1846.069 507.1613
1847.618 508.6631
1848.978 510.3412
1849.949 512.0952
1850.406 513.4187
1850.592 515.5682
1850.163 518.0242
1849.14 520.8607
1847.406 523.9693
1845.05 526.8995
1842.361 529.61
1839.552 532.0189
1836.469 534.3384
1833.297 536.5246
1829.179 539.2117
1825.592 541.3685
1822.371 543.4136
1819.596 545.2973
1817.317 546.9886
1815.583 548.3385
1814.317 549.437
1813.478 550.2467
1813.042 550.8903
1813.031 551.4547
1813.386 551.9337
1814.08 552.2017
1814.853 552.2689
1815.516 552.2027
1816.218 552.0449
1919.735 456.8006
1919.738 456.7915
1919.701 456.7917
1919.704 456.7713
1919.687 456.7503
1919.68 456.7454
1919.682 456.7469
1919.703 456.742
1919.734 456.7329
1919.78 456.7259
1919.856 456.7181
1919.935 456.7129
1919.941 456.716
1919.915 456.7287
1919.884 456.7495
1919.865 456.7689
1919.85 456.7884
1919.831 456.803
1919.828 456.8128
1919.817 456.8301
1919.794 456.8335
1919.764 456.8348
1919.702 456.8125
1919.665 456.7321
1919.718 456.6331
1919.677 456.5868
1919.61 456.5503
1919.616 456.5353
1919.681 456.5178
1919.745 456.501
1919.701 456.5247
1919.584 456.562
1919.452 456.5838
1919.389 456.6021
1919.415 456.6362
1919.457 456.7083
1919.508 456.7962
1919.651 456.9037
1919.857 457.1639
1919.997 457.5435
1919.917 457.881
1919.741 458.1452
1919.532 458.4281
1919.287 458.787
1918.999 459.2085
1918.729 459.7477
1918.558 460.3936
1918.579 460.9138
1918.811 461.7236
1919.256 462.6133
1919.853 463.3615
1920.479 463.8901
1929.073 467.0848
1935.343 469.4622
1938.224 470.5566
1940.831 471.4094
1943.16 471.9777
1945.635 472.9266
1948.242 474.1717
1950.524 475.223
1952.922 476.439
1955.392 477.7596
1958.036 479.416
1960.657 481.2068
1961.827 482.0826
1964.157 483.8385
1966.186 485.1281
1968.307 486.2254
1970.224 487.189
1971.936 487.9393
1973.576 488.2113
1975.438 487.7032
1977.111 486.6531
1979.021 485.0973
1980.544 483.0963
1981.52 480.9398
1982.394 478.7925
1983.484 476.563
1984.675 474.3576
1985.794 472.3991
1986.885 470.6981
1988.098 469.2104
1989.327 468.1646
1990.359 467.3571
1991.301 466.7538
1992.31 466.3472
1993.12 465.9906
1993.614 465.5619
1993.71 465.2152
1993.486 465.027
1992.918 464.8893
1992.059 464.7062
1990.771 464.4049
1989.264 463.9471
1987.58 463.2033
1985.955 462.2832
1984.34 461.3467
1982.598 460.6445
1980.772 460.1896
1978.569 459.7339
1976.284 459.2057
1973.82 458.5951
1971.032 457.8851
1967.842 457.0688
1964.128 456.2054
1960.163 455.4266
1956.045 454.8906
1951.893 454.6208
1947.441 454.5905
1942.732 454.9056
1938.007 455.6673
1933.682 456.7819
1928.979 458.39
1923.809 460.5215
1918.411 463.0838
1912.955 465.9807
1907.296 469.2155
1900.93 472.8918
1894.516 476.3823
1887.621 479.8573
1879.941 483.4844
1871.571 487.291
1863.083 490.8999
1854.416 494.1571
1845.641 497.0608
1836.813 499.7753
1827.205 502.6511
1817.771 505.2639
1807.035 507.8693
1796.96 510.0394
1786.581 512.054
1779.13 513.3865
1769.008 515.1017
1757.993 516.8803
1747.415 518.4442
1736.424 519.9514
1726.607 521.1984
1717.81 522.2987
1708.75 523.4248
1700.265 524.3181
1692.635 524.8425
1684.491 525.0812
1678.726 525.0781
1673.916 524.8867
1670.008 524.5161
1666.834 523.9751
1664.261 523.2399
1661.987 522.2084
1660.592 521.2495
1659.474 520.124
1658.657 518.7952
1658.122 517.4514
1657.79 516.1013
1657.666 514.6837
1657.732 513.4296
1658.039 512.094
1658.728 510.83
1659.849 509.672
1661.206 508.7247
1662.966 507.7813
1664.918 506.9907
1667.229 506.3158
1669.869 505.8112
1672.891 505.44
1675.97 505.2744
1679.436 505.3105
1683.021 505.6053
1686.668 506.0668
1690.432 506.6172
1694.083 507.2075
1697.561 507.8401
1701.197 508.5244
1704.998 509.2604
1708.961 510.1656
1713.128 511.3575
1716.964 512.6913
1720.516 514.0392
1724.109 515.4642
1727.629 516.9633
1730.836 518.5336
1733.962 520.4564
1736.217 522.3653
1737.999 524.3071
1739.451 526.3698
1740.496 528.2862
1741.255 530.0511
1741.949 531.6549
1742.527 533.0326
1742.929 534.2493
1743.215 535.4604
1743.352 536.5818
1743.277 537.5764
1742.888 538.4609
1742.255 539.2875
1741.46 540.0778
1740.371 540.996
1738.891 541.9765
1737.363 542.8912
1735.688 543.7898
1734.092 544.6628
1732.49 545.6498
1731.287 546.393
1729.292 547.2822
1727.304 548.1429
1725.449 548.8742
1723.704 549.5427
1722.263 550.0925
1720.851 550.6478
1719.522 551.027
1718.23 551.3069
1717.204 551.4305
1716.522 551.4982
1716.371 551.6183
1716.414 551.9746
1716.545 552.4692
1716.785 552.9927
1717.305 553.5483
1718.145 554.2488
1719.089 554.9752
1720.036 555.7131
1720.881 556.3123
1721.689 556.772
1722.55 556.9176
1723.395 556.7688
1724.163 556.4202
1724.973 555.8916
1726.039 555.3301
1727.848 554.7308
1730.089 554.2368
1732.327 553.6543
1734.414 552.8215
1736.481 551.6624
1738.665 550.1898
1740.93 548.6174
1743.87 546.6631
1746.878 544.7466
1749.295 543.2493
1752.713 541.136
1756.273 538.8975
1760.07 536.4584
1764.152 533.8044
1768.261 531.0938
1772.214 528.4214
1776.211 525.7837
1780.089 523.3704
1783.919 521.0649
1788.321 518.4572
1792.009 516.2741
1795.378 514.1686
1798.588 512.0225
1801.617 509.9452
1804.378 508.0654
1807.012 506.4615
1809.252 505.1741
1811.104 504.0069
1812.728 502.9375
1814.371 501.9978
1815.987 501.2298
1817.732 500.6287
1819.76 500.1027
1821.849 499.7564
1824.183 499.4552
1826.742 499.261
1829.416 499.147
1832.213 499.3403
1834.701 499.8337
1837.018 500.6754
1839.207 501.8423
1841.058 503.1573
1842.715 504.397
1844.417 505.7595
1846.069 507.1613
1847.618 508.6631
1848.978 510.3412
1849.949 512.0952
1850.406 513.4187
1850.592 515.5682
1850.163 518.0242
1849.14 520.8607
1847.406 523.9693
1845.05 526.8995
1842.361 529.61
1839.552 532.0189
1836.469 534.3384
1833.297 536.5246
1829.179 539.2117
1825.592 541.3685
1822.371 543.4136
1819.596 545.2973
1817.317 546.9886
1815.583 548.3385
1814.317 549.437
1813.478 550.2467
1813.042 550.8903
1813.031 551.4547
1813.386 551.9337
1814.08 552.2017
1814.853 552.2689
1815.516 552.2027
1816.218 552.0449
1817.073 551.7414
1818.175 551.298
1819.348 550.8019
1820.661 550.3928
1821.995 549.9863
1822.822 549.7563
1824.062 549.4583
1825.374 549.301
1826.663 549.2881
1827.906 549.399
1829.094 549.499
1830.255 549.6083
1831.479 549.7358
1832.723 549.9185
1833.868 550.0841
1835.093 550.3383
1835.996 550.6135
1836.634 550.9839
1837.063 551.4474
1837.296 551.962
1837.441 552.4311
1837.571 552.9966
1837.569 553.2197
1837.441 553.6443
1837.168 554.0961
1836.753 554.6526
1836.193 555.368
1835.484 556.1777
1834.647 556.9696
1833.799 557.6566
1833.133 558.1964
1832.661 558.6378
1832.279 559.1061
1832.005 559.5146
1831.786 559.9078
1831.541 560.3403
1831.386 560.6921
1831.344 560.9775
1831.432 561.1472
1831.643 561.3033
1831.994 561.4028
1832.35 561.4503
1832.804 561.4223
1833.307 561.3718
1833.871 561.3028
1834.382 561.2543
1834.823 561.1916
1835.173 561.0877
1835.547 560.9212
1835.934 560.7248
1836.335 560.4652
1836.758 560.0894
1837.186 559.7195
1837.569 559.4195
1837.848 559.1815
1837.915 559.0151
1837.844 558.8967
1837.714 558.7959
1837.572 558.7244
1837.396 558.6704
1837.191 558.6346
1836.972 558.6302
1836.751 558.6248
1836.563 558.5961
1836.46 558.5532
1836.454 558.5319
1836.497 558.5709
1836.527 558.6791
1836.493 558.801
1836.478 558.9331
1836.549 559.074
1836.714 559.2178
1836.883 559.4142
1837.069 559.6646
1837.236 559.9767
1837.385 560.3127
1837.578 560.5925
1837.813 560.8096
1838.097 561.0117
1838.404 561.256
1838.651 561.5296
1838.782 561.8022
1838.909 562.0914
1839.08 562.3218
1839.348 562.5499
1839.615 562.7712
1839.851 562.9321
1840.067 563.0195
1840.317 563.0635
1840.582 563.0745
1840.84 563.0765
1841.072 563.0914
1841.256 563.1065
1841.453 563.1442
1841.586 563.2736
1841.595 563.3257
1841.621 563.4031
1841.616 563.4402
1841.575 563.4467
1841.543 563.4636
1841.524 563.4581
1841.468 563.4594
1841.434 563.4816
1841.411 563.5576
1841.414 563.6692
1841.421 563.8505
1841.422 563.9976
1841.434 564.1478
1841.447 564.3895
1841.441 564.7006
1841.3 565.1049
1841.06 565.5007
1840.765 565.9136
1840.41 566.3991
1839.964 566.9016
1839.444 567.4018
1838.952 567.8088
1838.547 568.1713
1838.221 568.4865
1837.894 568.7921
1837.513 569.1243
1837.177 569.4464
1836.897 569.7961
1836.728 570.1621
1836.558 570.5788
1836.345 571.062
1836.017 571.5781
1835.641 572.0775
1835.325 572.5601
1835.174 573.0222
1834.982 573.4491
1834.73 573.8586
1834.339 574.2614
1833.839 574.6848
1833.328 575.1145
1832.658 575.6766
1831.911 576.3077
1831.122 576.9765
1830.366 577.6329
1829.6 578.2746
1828.743 578.9316
1827.988 579.4172
1827.362 579.7904
1826.779 580.1205
1826.054 580.6819
1825.176 581.5035
1822.457 582.6921
1821.393 582.9836
1819.505 583.4725
1817.733 583.878
1815.673 584.2981
1813.641 584.6507
1811.433 584.9768
1809.406 585.1976
1807.246 585.4125
1805.029 585.6367
1802.686 585.9185
1799.627 586.3922
1797.141 586.9504
1794.488 587.66
1791.766 588.5328
1788.834 589.5771
1786.243 590.5763
1783.54 591.7354
1780.948 592.9776
1778.429 594.2479
1775.521 595.72
1772.634 597.3134
1769.587 599.1168
1766.496 600.9289
1763.125 602.8831
1759.841 604.7337
1756.229 606.7121
1752.222 608.8383
1747.807 611.0732
1742.751 613.6851
1737.563 616.5048
1732.681 619.2939
1728.154 622.0974
1723.915 624.9078
1720.606 627.1873
1718.479 628.9253
1716.56 629.0538
1714.273 629.4178
1713.094 629.5377
1712.924 629.6357
1712.594 629.7778
1711.833 629.8331
1710.895 629.7692
1710.142 629.571
1709.672 629.2581
1709.382 628.8755
1709.199 628.4003
1709.145 628.0046
1709.102 627.6741
1709.068 627.4048
1709.027 627.0728
1708.987 626.7408
1708.948 626.4084
1708.909 626.0685
1708.871 625.7385
1707.777 626.4302
1707.589 626.6089
1706.873 627.9172
1706.257 628.8333
1706.175 628.8562
1706.295 628.7442
1706.787 628.5463
1707.64 628.2585
1708.664 627.9136
1709.647 627.4429
1711.747 626.1802
1712.382 625.8391
1713.367 625.3999
1714.209 625.0695
1714.57 624.9249
1714.683 624.9496
1714.344 625.1669
1713.844 625.445
1713.261 625.7051
1712.539 625.9261
1711.683 626.069
1710.333 626.103
1709.185 626.0515
1707.878 626.0236
1706.578 626.023
1705.266 626.1113
1704.08 626.2791
1702.975 626.5415
1701.839 626.9214
1701.006 627.3399
1700.443 627.8417
1699.901 628.4876
1699.353 629.2713
1698.907 629.904
1698.712 630.3718
1698.648 630.5672
1698.811 630.5444
1698.917 630.4703
1698.91 630.4291
1698.723 630.4847
1698.598 630.5944
1698.413 630.7267
1698.443 630.788
1698.473 630.8308
1698.62 630.8875
1698.554 631.0432
1698.479 631.1016
1698.383 631.2131
1698.223 631.3292
1698.128 631.4322
1698.089 631.4821
1698.213 631.5148
1698.502 631.6716
1698.844 631.9661
1699.05 632.3289
1698.953 632.6646
1698.346 632.9407
1697.755 633.0583
1697.111 633.1388
1696.435 633.2117
1695.58 633.2538
1694.474 633.2735
1693.081 633.2477
1691.701 633.1812
1690.392 633.0733
1689.303 632.9648
1688.317 632.8654
1687.214 632.8167
1685.819 632.8207
1684.472 632.7719
1683.262 632.6282
1681.995 632.4449
1680.727 632.2878
1679.293 632.1474
1677.622 632.0064
1675.98 631.9111
1674.417 631.9146
1672.745 632.0057
1671.054 632.0974
1664.036 632.6652
1662.006 632.9587
1659.789 633.2972
1657.63 633.6951
1655.593 634.1252
1653.694 634.6315
1651.839 635.2809
1649.915 636.1422
1647.854 637.2147
1645.777 638.4376
1643.732 639.7817
1641.75 641.2023
1639.738 642.6647
1635.397 645.6506
1629.912 649.4111
1623.644 653.6088
1617.177 657.8741
1614.145 659.7863
1611.3 661.4545
1608.566 663.1584
1817.073 551.7414
1818.175 551.298
1819.348 550.8019
1820.661 550.3928
1821.995 549.9863
1822.822 549.7563
1824.062 549.4583
1825.374 549.301
1826.663 549.2881
1827.906 549.399
1829.094 549.499
1830.255 549.6083
1831.479 549.7358
1832.723 549.9185
1833.868 550.0841
1835.093 550.3383
1835.996 550.6135
1836.634 550.9839
1837.063 551.4474
1837.296 551.962
1837.441 552.4311
1837.571 552.9966
1837.569 553.2197
1837.441 553.6443
1837.168 554.0961
1836.753 554.6526
1836.193 555.368
1835.484 556.1777
1834.647 556.9696
1833.799 557.6566
1833.133 558.1964
1832.661 558.6378
1832.279 559.1061
1832.005 559.5146
1831.786 559.9078
1831.541 560.3403
1831.386 560.6921
1831.344 560.9775
1831.432 561.1472
1831.643 561.3033
1831.994 561.4028
1832.35 561.4503
1832.804 561.4223
1833.307 561.3718
1833.871 561.3028
1834.382 561.2543
1834.823 561.1916
1835.173 561.0877
1835.547 560.9212
1835.934 560.7248
1836.335 560.4652
1836.758 560.0894
1837.186 559.7195
1837.569 559.4195
1837.848 559.1815
1837.915 559.0151
1837.844 558.8967
1837.714 558.7959
1837.572 558.7244
1837.396 558.6704
1837.191 558.6346
1836.972 558.6302
1836.751 558.6248
1836.563 558.5961
1836.46 558.5532
1836.454 558.5319
1836.497 558.5709
1836.527 558.6791
1836.493 558.801
1836.478 558.9331
1836.549 559.074
1836.714 559.2178
1836.883 559.4142
1837.069 559.6646
1837.236 559.9767
1837.385 560.3127
1837.578 560.5925
1837.813 560.8096
1838.097 561.0117
1838.404 561.256
1838.651 561.5296
1838.782 561.8022
1838.909 562.0914
1839.08 562.3218
1839.348 562.5499
1839.615 562.7712
1839.851 562.9321
1840.067 563.0195
1840.317 563.0635
1840.582 563.0745
1840.84 563.0765
1841.072 563.0914
1841.256 563.1065
1841.453 563.1442
1841.586 563.2736
1841.595 563.3257
1841.621 563.4031
1841.616 563.4402
1841.575 563.4467
1841.543 563.4636
1841.524 563.4581
1841.468 563.4594
1841.434 563.4816
1841.411 563.5576
1841.414 563.6692
1841.421 563.8505
1841.422 563.9976
1841.434 564.1478
1841.447 564.3895
1841.441 564.7006
1841.3 565.1049
1841.06 565.5007
1840.765 565.9136
1840.41 566.3991
1839.964 566.9016
1839.444 567.4018
1838.952 567.8088
1838.547 568.1713
1838.221 568.4865
1837.894 568.7921
1837.513 569.1243
1837.177 569.4464
1836.897 569.7961
1836.728 570.1621
1836.558 570.5788
1836.345 571.062
1836.017 571.5781
1835.641 572.0775
1835.325 572.5601
1835.174 573.0222
1834.982 573.4491
1834.73 573.8586
1834.339 574.2614
1833.839 574.6848
1833.328 575.1145
1832.658 575.6766
1831.911 576.3077
1831.122 576.9765
1830.366 577.6329
1829.6 578.2746
1828.743 578.9316
1827.988 579.4172
1827.362 579.7904
1826.779 580.1205
1826.054 580.6819
1825.176 581.5035
1822.457 582.6921
1821.393 582.9836
1819.505 583.4725
1817.733 583.878
1815.673 584.2981
1813.641 584.6507
1811.433 584.9768
1809.406 585.1976
1807.246 585.4125
1805.029 585.6367
1802.686 585.9185
1799.627 586.3922
1797.141 586.9504
1794.488 587.66
1791.766 588.5328
1788.834 589.5771
1786.243 590.5763
1783.54 591.7354
1780.948 592.9776
1778.429 594.2479
1775.521 595.72
1772.634 597.3134
1769.587 599.1168
1766.496 600.9289
1763.125 602.8831
1759.841 604.7337
1756.229 606.7121
1752.222 608.8383
1747.807 611.0732
1742.751 613.6851
1737.563 616.5048
1732.681 619.2939
1728.154 622.0974
1723.915 624.9078
1720.606 627.1873
1718.479 628.9253
1716.56 629.0538
1714.273 629.4178
1713.094 629.5377
1712.924 629.6357
1712.594 629.7778
1711.833 629.8331
1710.895 629.7692
1710.142 629.571
1709.672 629.2581
1709.382 628.8755
1709.199 628.4003
1709.145 628.0046
1709.102 627.6741
1709.068 627.4048
1709.027 627.0728
1708.987 626.7408
1708.948 626.4084
1708.909 626.0685
1708.871 625.7385
1707.777 626.4302
1707.589 626.6089
1706.873 627.9172
1706.257 628.8333
1706.175 628.8562
1706.295 628.7442
1706.787 628.5463
1707.64 628.2585
1708.664 627.9136
1709.647 627.4429
1711.747 626.1802
1712.382 625.8391
1713.367 625.3999
1714.209 625.0695
1714.57 624.9249
1714.683 624.9496
1714.344 625.1669
1713.844 625.445
1713.261 625.7051
1712.539 625.9261
1711.683 626.069
1710.333 626.103
1709.185 626.0515
1707.878 626.0236
1706.578 626.023
1705.266 626.1113
1704.08 626.2791
1702.975 626.5415
1701.839 626.9214
1701.006 627.3399
1700.443 627.8417
1699.901 628.4876
1699.353 629.2713
1698.907 629.904
1698.712 630.3718
1698.648 630.5672
1698.811 630.5444
1698.917 630.4703
1698.91 630.4291
1698.723 630.4847
1698.598 630.5944
1698.413 630.7267
1698.443 630.788
1698.473 630.8308
1698.62 630.8875
1698.554 631.0432
1698.479 631.1016
1698.383 631.2131
1698.223 631.3292
1698.128 631.4322
1698.089 631.4821
1698.213 631.5148
1698.502 631.6716
1698.844 631.9661
1699.05 632.3289
1698.953 632.6646
1698.346 632.9407
1697.755 633.0583
1697.111 633.1388
1696.435 633.2117
1695.58 633.2538
1694.474 633.2735
1693.081 633.2477
1691.701 633.1812
1690.392 633.0733
1689.303 632.9648
1688.317 632.8654
1687.214 632.8167
1685.819 632.8207
1684.472 632.7719
1683.262 632.6282
1681.995 632.4449
1680.727 632.2878
1679.293 632.1474
1677.622 632.0064
1675.98 631.9111
1674.417 631.9146
1672.745 632.0057
1671.054 632.0974
1664.036 632.6652
1662.006 632.9587
1659.789 633.2972
1657.63 633.6951
1655.593 634.1252
1653.694 634.6315
1651.839 635.2809
1649.915 636.1422
1647.854 637.2147
1645.777 638.4376
1643.732 639.7817
1641.75 641.2023
1639.738 642.6647
1635.397 645.6506
1629.912 649.4111
1623.644 653.6088
1617.177 657.8741
1614.145 659.7863
1611.3 661.4545
1608.566 663.1584
1606.262 664.9501
1604.17 666.7253
1602.669 668.4076
1601.633 669.8664
1600.961 671.1387
1600.771 672.1062
1600.943 672.7949
1601.246 673.2297
1601.446 673.5424
1601.548 673.7239
1601.572 673.8138
1601.692 673.8215
1601.959 673.7696
1602.457 673.6608
1603.131 673.4668
1603.917 673.2134
1604.889 672.824
1606.12 672.3723
1607.435 671.9267
1608.75 671.5532
1609.912 671.2493
1611.034 670.9123
1612.107 670.5675
1613.216 670.2343
1614.292 669.8987
1615.406 669.5631
1616.259 669.3118
1616.836 669.0773
1617.146 668.8498
1617.214 668.6417
1617.027 668.5008
1616.639 668.4457
1616.052 668.4415
1615.349 668.4723
1614.505 668.5094
1613.63 668.4964
1612.621 668.6046
1611.632 668.6374
1610.481 668.739
1609.263 668.8687
1608.103 669.0607
1606.772 669.2679
1605.401 669.6384
1604.211 670.0084
1603.121 670.4764
1602.271 670.8641
1601.466 671.3591
1600.781 671.8555
1600.203 672.4535
1599.72 673.0739
1599.228 673.7751
1598.893 674.3123
1598.721 674.8713
1598.699 675.3692
1598.823 675.8266
1599.119 676.23
1599.506 676.5283
1600.038 676.6856
1600.571 676.694
1601.136 676.6592
1601.627 676.5909
1602.051 676.501
1602.454 676.3442
1602.819 676.144
1603.144 675.9406
1603.515 675.7118
1603.857 675.4976
1604.112 675.2668
1604.332 674.9618
1604.518 674.6365
1604.738 674.34
1604.893 674.1089
1605 673.9
1605.077 673.6969
1605.133 673.5035
1605.175 673.3677
1605.243 673.1938
1605.302 673.063
1605.285 672.9816
1605.157 672.9696
1605 673.0323
1604.972 673.0719
1604.97 673.1113
1605.005 673.1594
1604.892 673.2548
1604.619 673.4197
1604.339 673.5874
1604.051 673.7776
1603.803 673.998
1603.641 674.1885
1603.568 674.3017
1603.596 674.3654
1603.627 674.3585
1603.698 674.3031
1603.78 674.2103
1603.832 674.1076
1603.886 673.9789
1603.977 673.7863
1604.138 673.5673
1604.42 673.2971
1604.849 672.9867
1605.516 672.5278
1606.383 671.908
1607.342 671.1434
1608.378 670.2404
1609.367 669.2747
1610.291 668.2284
1610.995 667.219
1611.617 666.2352
1612.142 665.4103
1612.661 664.6402
1613.089 664.0081
1613.499 663.4102
1613.922 662.9461
1614.256 662.6336
1614.461 662.4706
1614.534 662.4158
1614.438 662.4388
1614.326 662.5912
1614.186 662.8359
1614.071 663.0927
1614.063 663.3101
1614.167 663.5032
1614.403 663.6332
1614.771 663.7283
1615.217 663.7375
1615.634 663.777
1616.073 663.7032
1616.51 663.5865
1616.995 663.3976
1617.604 663.1522
1618.491 662.747
1619.455 662.3812
1620.683 661.9468
1621.994 661.517
1623.442 660.9304
1624.98 660.2385
1626.575 659.4609
1628.285 658.6105
1630.026 657.5762
1632.02 656.3434
1634.227 654.9235
1636.719 653.249
1639.031 651.6169
1641.267 649.9593
1643.704 648.0536
1646.318 645.9857
1648.995 643.8002
1651.839 641.4001
1654.552 639.0913
1657.361 636.7932
1660.544 634.2712
1663.905 631.6822
1667.297 629.1648
1670.839 626.6218
1674.403 624.2384
1677.779 622.1073
1681.396 619.9362
1685.141 617.7528
1688.959 615.558
1692.939 613.416
1696.948 611.3642
1700.758 609.4741
1704.513 607.5079
1707.975 605.5663
1711.31 603.684
1714.937 601.7321
1718.392 599.8777
1721.837 598.1481
1725.641 596.3311
1729.495 594.4796
1732.735 592.9408
1736.14 591.3304
1739.532 589.7715
1743.233 588.0659
1746.959 586.3054
1750.787 584.5092
1754.536 582.8254
1758.642 581.0587
1762.718 579.3452
1766.998 577.5237
1771.181 575.7349
1775.746 573.828
1780.177 571.889
1784.856 569.8274
1789.731 567.7509
1794.907 565.6409
1800.116 563.6142
1804.948 561.8605
1809.274 560.3149
1813.62 558.8038
1818.016 557.3585
1822.226 556.1201
1826.506 554.8915
1830.235 553.8901
1833.46 553.0685
1836.51 552.4196
1839.467 551.8329
1842.412 551.5034
1845.745 551.3441
1848.91 551.391
1851.105 551.3969
1853.915 551.3384
1856.853 551.0514
1859.934 550.6348
1863.375 550.0741
1866.97 549.5874
1870.413 549.0459
1873.336 548.5124
1876.005 547.8973
1878.777 547.3882
1881.915 546.8779
1884.253 546.548
1885.878 546.1812
1886.979 545.6951
1887.681 544.9958
1888.29 544.1454
1888.846 543.1722
1889.468 542.1929
1890.079 541.2838
1890.499 540.694
1891.112 539.8572
1891.614 538.9791
1891.847 537.8378
1891.695 536.408
1891.078 534.6984
1889.976 533.0234
1888.442 531.3993
1886.34 529.8077
1883.96 528.1434
1880.485 525.916
1877.162 524.0897
1873.52 522.4058
1869.365 520.73
1865.217 519.4456
1860.484 518.2383
1855.036 517.0481
1849.632 515.9427
1844.235 514.8658
1838.678 513.7352
1833.38 512.7593
1828.336 511.8783
1823.205 511.305
1818.641 510.964
1814.148 510.7163
1810.229 510.3497
1806.908 510.02
1803.998 509.7963
1801.46 509.7538
1800.111 509.9475
1799.481 509.9608
1799.571 509.9382
1800.183 510.0488
1801.426 510.2121
1803.274 510.265
1805.415 510.1424
1808.123 510.0627
1811.381 510.0742
1814.857 510.2016
1818.656 510.3068
1822.938 510.3999
1827.167 510.412
1832.089 510.4318
1837.435 510.4243
1842.899 510.4232
1848.219 510.4053
1853.713 510.3907
1859.363 509.7062
1864.474 507.8953
1869.005 506.3357
1874.112 505.5335
1879.939 504.9607
1884.415 503.841
1887.634 502.3513
1890.405 501.0863
1893.503 500.2208
1896.277 499.1671
1898.093 498.0661
1899.344 497.0085
1900.646 496.0758
1901.777 495.2706
1902.422 494.6381
1902.607 494.1221
1902.77 493.7587
1902.972 493.6145
1903.098 493.6038
1902.905 493.7155
1902.62 493.8238
1902.318 493.9358
1901.78 494.0762
1900.939 494.2902
1899.876 494.4474
1898.871 494.5463
1897.944 494.4986
1896.989 494.3874
1895.943 494.1397
1894.884 493.8138
1893.953 493.359
1893.162 492.7545
1892.736 491.9931
1606.262 664.9501
1604.17 666.7253
1602.669 668.4076
1601.633 669.8664
1600.961 671.1387
1600.771 672.1062
1600.943 672.7949
1601.246 673.2297
1601.446 673.5424
1601.548 673.7239
1601.572 673.8138
1601.692 673.8215
1601.959 673.7696
1602.457 673.6608
1603.131 673.4668
1603.917 673.2134
1604.889 672.824
1606.12 672.3723
1607.435 671.9267
1608.75 671.5532
1609.912 671.2493
1611.034 670.9123
1612.107 670.5675
1613.216 670.2343
1614.292 669.8987
1615.406 669.5631
1616.259 669.3118
1616.836 669.0773
1617.146 668.8498
1617.214 668.6417
1617.027 668.5008
1616.639 668.4457
1616.052 668.4415
1615.349 668.4723
1614.505 668.5094
1613.63 668.4964
1612.621 668.6046
1611.632 668.6374
1610.481 668.739
1609.263 668.8687
1608.103 669.0607
1606.772 669.2679
1605.401 669.6384
1604.211 670.0084
1603.121 670.4764
1602.271 670.8641
1601.466 671.3591
1600.781 671.8555
1600.203 672.4535
1599.72 673.0739
1599.228 673.7751
1598.893 674.3123
1598.721 674.8713
1598.699 675.3692
1598.823 675.8266
1599.119 676.23
1599.506 676.5283
1600.038 676.6856
1600.571 676.694
1601.136 676.6592
1601.627 676.5909
1602.051 676.501
1602.454 676.3442
1602.819 676.144
1603.144 675.9406
1603.515 675.7118
1603.857 675.4976
1604.112 675.2668
1604.332 674.9618
1604.518 674.6365
1604.738 674.34
1604.893 674.1089
1605 673.9
1605.077 673.6969
1605.133 673.5035
1605.175 673.3677
1605.243 673.1938
1605.302 673.063
1605.285 672.9816
1605.157 672.9696
1605 673.0323
1604.972 673.0719
1604.97 673.1113
1605.005 673.1594
1604.892 673.2548
1604.619 673.4197
1604.339 673.5874
1604.051 673.7776
1603.803 673.998
1603.641 674.1885
1603.568 674.3017
1603.596 674.3654
1603.627 674.3585
1603.698 674.3031
1603.78 674.2103
1603.832 674.1076
1603.886 673.9789
1603.977 673.7863
1604.138 673.5673
1604.42 673.2971
1604.849 672.9867
1605.516 672.5278
1606.383 671.908
1607.342 671.1434
1608.378 670.2404
1609.367 669.2747
1610.291 668.2284
1610.995 667.219
1611.617 666.2352
1612.142 665.4103
1612.661 664.6402
1613.089 664.0081
1613.499 663.4102
1613.922 662.9461
1614.256 662.6336
1614.461 662.4706
1614.534 662.4158
1614.438 662.4388
1614.326 662.5912
1614.186 662.8359
1614.071 663.0927
1614.063 663.3101
1614.167 663.5032
1614.403 663.6332
1614.771 663.7283
1615.217 663.7375
1615.634 663.777
1616.073 663.7032
1616.51 663.5865
1616.995 663.3976
1617.604 663.1522
1618.491 662.747
1619.455 662.3812
1620.683 661.9468
1621.994 661.517
1623.442 660.9304
1624.98 660.2385
1626.575 659.4609
1628.285 658.6105
1630.026 657.5762
1632.02 656.3434
1634.227 654.9235
1636.719 653.249
1639.031 651.6169
1641.267 649.9593
1643.704 648.0536
1646.318 645.9857
1648.995 643.8002
1651.839 641.4001
1654.552 639.0913
1657.361 636.7932
1660.544 634.2712
1663.905 631.6822
1667.297 629.1648
1670.839 626.6218
1674.403 624.2384
1677.779 622.1073
1681.396 619.9362
1685.141 617.7528
1688.959 615.558
1692.939 613.416
1696.948 611.3642
1700.758 609.4741
1704.513 607.5079
1707.975 605.5663
1711.31 603.684
1714.937 601.7321
1718.392 599.8777
1721.837 598.1481
1725.641 596.3311
1729.495 594.4796
1732.735 592.9408
1736.14 591.3304
1739.532 589.7715
1743.233 588.0659
1746.959 586.3054
1750.787 584.5092
1754.536 582.8254
1758.642 581.0587
1762.718 579.3452
1766.998 577.5237
1771.181 575.7349
1775.746 573.828
1780.177 571.889
1784.856 569.8274
1789.731 567.7509
1794.907 565.6409
1800.116 563.6142
1804.948 561.8605
1809.274 560.3149
1813.62 558.8038
1818.016 557.3585
1822.226 556.1201
1826.506 554.8915
1830.235 553.8901
1833.46 553.0685
1836.51 552.4196
1839.467 551.8329
1842.412 551.5034
1845.745 551.3441
1848.91 551.391
1851.105 551.3969
1853.915 551.3384
1856.853 551.0514
1859.934 550.6348
1863.375 550.0741
1866.97 549.5874
1870.413 549.0459
1873.336 548.5124
1876.005 547.8973
1878.777 547.3882
1881.915 546.8779
1884.253 546.548
1885.878 546.1812
1886.979 545.6951
1887.681 544.9958
1888.29 544.1454
1888.846 543.1722
1889.468 542.1929
1890.079 541.2838
1890.499 540.694
1891.112 539.8572
1891.614 538.9791
1891.847 537.8378
1891.695 536.408
1891.078 534.6984
1889.976 533.0234
1888.442 531.3993
1886.34 529.8077
1883.96 528.1434
1880.485 525.916
1877.162 524.0897
1873.52 522.4058
1869.365 520.73
1865.217 519.4456
1860.484 518.2383
1855.036 517.0481
1849.632 515.9427
1844.235 514.8658
1838.678 513.7352
1833.38 512.7593
1828.336 511.8783
1823.205 511.305
1818.641 510.964
1814.148 510.7163
1810.229 510.3497
1806.908 510.02
1803.998 509.7963
1801.46 509.7538
1800.111 509.9475
1799.481 509.9608
1799.571 509.9382
1800.183 510.0488
1801.426 510.2121
1803.274 510.265
1805.415 510.1424
1808.123 510.0627
1811.381 510.0742
1814.857 510.2016
1818.656 510.3068
1822.938 510.3999
1827.167 510.412
1832.089 510.4318
1837.435 510.4243
1842.899 510.4232
1848.219 510.4053
1853.713 510.3907
1859.363 509.7062
1864.474 507.8953
1869.005 506.3357
1874.112 505.5335
1879.939 504.9607
1884.415 503.841
1887.634 502.3513
1890.405 501.0863
1893.503 500.2208
1896.277 499.1671
1898.093 498.0661
1899.344 497.0085
1900.646 496.0758
1901.777 495.2706
1902.422 494.6381
1902.607 494.1221
1902.77 493.7587
1902.972 493.6145
1903.098 493.6038
1902.905 493.7155
1902.62 493.8238
1902.318 493.9358
1901.78 494.0762
1900.939 494.2902
1899.876 494.4474
1898.871 494.5463
1897.944 494.4986
1896.989 494.3874
1895.943 494.1397
1894.884 493.8138
1893.953 493.359
1893.162 492.7545
1892.736 491.9931
1892.638 491.2841
1892.716 490.5161
1892.947 489.7722
1893.414 488.9321
1894.263 487.9627
1895.281 486.9605
1896.361 486.0226
1897.721 484.8818
1899.135 483.725
1900.592 482.5216
1902.07 481.341
1903.732 480.0334
1905.542 478.6034
1907.094 477.269
1908.617 475.8369
1910.065 474.3979
1911.636 472.765
1913.145 471.2184
1914.693 469.7072
1916.242 468.1309
1917.554 466.6999
1918.732 465.4333
1919.66 464.6146
1920.568 463.9738
1921.148 463.7573
1921.596 463.6763
1922.141 463.5858
1922.5 463.4867
1922.697 463.3643
1922.742 463.1922
1922.77 463.049
1922.943 462.8127
1923.465 462.4386
1924.259 461.8622
1925.197 461.124
1926.396 460.0304
1927.444 459.1774
1928.409 458.439
1929.448 457.7049
1930.602 456.9497
1931.692 456.0991
1932.754 455.1615
1933.792 454.3311
1935.037 453.5088
1936.334 452.8094
1937.797 452.2448
1939.091 451.9622
1940.577 451.6901
1941.799 451.4359
1942.87 451.0918
1944.181 450.7669
1945.274 450.3496
1946.153 449.7251
1947.072 449.0125
1948.123 448.4458
1949.276 448.0392
1950.835 447.7004
1951.836 447.3228
1952.535 447.0358
1952.889 446.7988
1953.071 446.6629
1953.194 446.5918
1953.217 446.599
1953.218 446.596
1953.22 446.5544
1953.232 446.4801
1953.208 446.3836
1953.298 446.2096
1953.422 445.9295
1953.573 445.5677
1953.928 445.0973
1954.453 444.5659
1955.079 443.8779
1955.403 443.4299
1955.774 442.7347
1956.293 442.0475
1956.898 441.4701
1957.535 440.9528
1958.152 440.5311
1958.552 440.1877
1958.822 439.9304
1959.059 439.771
1959.233 439.7077
1959.313 439.7479
1959.351 439.7861
1959.402 439.7825
1959.426 439.7707
1959.469 439.7705
1959.491 439.821
1959.508 439.8625
1959.526 439.8871
1959.571 439.8777
1959.596 439.883
1959.618 439.8841
1959.636 439.9121
1959.675 439.911
1959.7 439.8999
1959.709 439.9063
1959.733 439.9961
1959.768 440.0506
1959.805 439.9917
1959.808 439.924
1959.806 439.8525
1959.838 439.8299
1959.901 439.8867
1959.903 439.9323
1959.92 439.9093
1959.925 439.8687
1959.925 439.8364
1959.916 439.8568
1959.921 439.8825
1959.951 439.9011
1959.949 439.9004
1959.938 439.882
1959.925 439.8966
1959.928 439.9194
1959.956 439.9251
1959.923 439.9025
1959.964 439.8831
1959.962 439.8721
1959.964 439.9201
1959.99 439.908
1959.997 439.9354
1960.015 439.9219
1960.023 439.882
1960.027 439.8818
1960.022 439.902
1960.03 439.9164
1960.061 439.909
1960.096 439.8906
1960.095 439.8744
1960.126 439.8613
1960.14 439.8766
1960.153 439.8802
1960.165 439.8691
1960.154 439.8635
1960.154 439.8546
1960.173 439.8586
1960.181 439.8641
1960.163 439.8644
1960.149 439.8494
1960.15 439.8426
1960.159 439.8353
1960.151 439.8296
1960.147 439.8337
1960.161 439.8348
1960.173 439.8291
1960.161 439.8244
1960.157 439.8431
1960.149 439.8543
1960.163 439.8529
1960.21 439.8638
1960.221 439.8626
1960.222 439.8584
1960.247 439.8617
1960.245 439.8709
1960.228 439.8761
1960.212 439.8774
1960.214 439.8836
1960.232 439.8792
1960.223 439.8835
1960.231 439.902
1960.237 439.9149
1960.245 439.9211
1960.234 439.9264
1960.217 439.9336
1960.21 439.933
1960.214 439.9378
1960.227 439.9399
1960.229 439.9308
1960.228 439.9357
1960.228 439.9334
1960.252 439.9251
1960.271 439.9123
1960.282 439.904
1960.28 439.9204
1960.253 439.9204
1960.243 439.9141
1960.226 439.9302
1960.201 439.9375
1960.189 439.9363
1960.186 439.9326
1960.158 439.9289
1960.147 439.9321
1960.129 439.9381
1960.141 439.9274
1960.117 439.9221
1960.135 439.9212
1960.118 439.929
1960.121 439.9399
1960.131 439.932
1960.149 439.9378
1960.154 439.9419
1960.145 439.9505
1960.169 439.9535
1960.175 439.9603
1960.153 439.959
1960.148 439.9725
1960.155 439.9736
1960.146 439.9771
1960.149 439.9691
1960.151 439.9802
1960.157 439.9811
1960.141 439.9896
1960.146 439.9896
1960.111 439.9938
1960.117 439.9911
1960.108 439.9966
1960.11 439.9954
1960.111 440.0075
1960.131 440.0057
1960.145 440.006
1960.141 440.0026
1960.133 440.0027
1960.14 440.005
1960.121 440.0095
1960.099 440.009
1960.073 440.0233
1960.069 440.0195
1960.048 440.0211
1960.045 440.0208
1960.043 440.0169
1960.042 440.0085
1960.031 440.0031
1960.037 440.0091
1960.031 440.0024
1960.036 440.0085
1960.042 439.9967
1960.04 439.9857
1960.036 439.9792
1960.035 439.9784
1960.035 439.9917
1960.045 439.993
1960.051 440.0003
1960.052 439.9932
1960.048 439.9839
1960.052 439.9569
1960.045 439.9539
1960.053 439.9673
1960.07 439.9886
1960.094 439.9523
1960.098 439.9299
1960.119 439.8916
1960.13 439.889
1960.135 439.9009
1960.121 439.9058
1960.1 439.8827
1960.074 439.8779
1960.079 439.8857
1960.088 439.8965
1960.075 439.8991
1960.034 439.8789
1960.013 439.8708
1959.991 439.8704
1959.965 439.8786
1959.965 439.8896
1959.957 439.8992
1959.94 439.9061
1959.952 439.9106
1959.95 439.9141
1959.956 439.9088
1959.939 439.9121
1959.949 439.9378
1959.937 439.9456
1959.948 439.9414
1959.959 439.9285
1959.94 439.9325
1959.926 439.9463
1959.923 439.946
1959.927 439.9372
1959.925 439.936
1959.932 439.9334
1959.942 439.9349
1959.934 439.9411
1959.945 439.9494
1959.932 439.9499
1959.939 439.9422
1959.938 439.9372
1959.949 439.9323
1959.934 439.9383
1959.968 439.9468
1960.008 439.9365
1960.007 439.9381
1960.011 439.9486
1960.044 439.946
1960.02 439.9562
1960.02 439.9413
1960.005 439.9432
1960.008 439.9518
1960.009 439.9611
1960.034 439.957
1960.052 439.9619
1960.064 439.9536
1960.066 439.9443
1960.071 439.9552
1960.089 439.9565
1960.104 439.9499
1960.114 439.9473
1960.114 439.9515
1960.099 439.9478
1892.638 491.2841
1892.716 490.5161
1892.947 489.7722
1893.414 488.9321
1894.263 487.9627
1895.281 486.9605
1896.361 486.0226
1897.721 484.8818
1899.135 483.725
1900.592 482.5216
1902.07 481.341
1903.732 480.0334
1905.542 478.6034
1907.094 477.269
1908.617 475.8369
1910.065 474.3979
1911.636 472.765
1913.145 471.2184
1914.693 469.7072
1916.242 468.1309
1917.554 466.6999
1918.732 465.4333
1919.66 464.6146
1920.568 463.9738
1921.148 463.7573
1921.596 463.6763
1922.141 463.5858
1922.5 463.4867
1922.697 463.3643
1922.742 463.1922
1922.77 463.049
1922.943 462.8127
1923.465 462.4386
1924.259 461.8622
1925.197 461.124
1926.396 460.0304
1927.444 459.1774
1928.409 458.439
1929.448 457.7049
1930.602 456.9497
1931.692 456.0991
1932.754 455.1615
1933.792 454.3311
1935.037 453.5088
1936.334 452.8094
1937.797 452.2448
1939.091 451.9622
1940.577 451.6901
1941.799 451.4359
1942.87 451.0918
1944.181 450.7669
1945.274 450.3496
1946.153 449.7251
1947.072 449.0125
1948.123 448.4458
1949.276 448.0392
1950.835 447.7004
1951.836 447.3228
1952.535 447.0358
1952.889 446.7988
1953.071 446.6629
1953.194 446.5918
1953.217 446.599
1953.218 446.596
1953.22 446.5544
1953.232 446.4801
1953.208 446.3836
1953.298 446.2096
1953.422 445.9295
1953.573 445.5677
1953.928 445.0973
1954.453 444.5659
1955.079 443.8779
1955.403 443.4299
1955.774 442.7347
1956.293 442.0475
1956.898 441.4701
1957.535 440.9528
1958.152 440.5311
1958.552 440.1877
1958.822 439.9304
1959.059 439.771
1959.233 439.7077
1959.313 439.7479
1959.351 439.7861
1959.402 439.7825
1959.426 439.7707
1959.469 439.7705
1959.491 439.821
1959.508 439.8625
1959.526 439.8871
1959.571 439.8777
1959.596 439.883
1959.618 439.8841
1959.636 439.9121
1959.675 439.911
1959.7 439.8999
1959.709 439.9063
1959.733 439.9961
1959.768 440.0506
1959.805 439.9917
1959.808 439.924
1959.806 439.8525
1959.838 439.8299
1959.901 439.8867
1959.903 439.9323
1959.92 439.9093
1959.925 439.8687
1959.925 439.8364
1959.916 439.8568
1959.921 439.8825
1959.951 439.9011
1959.949 439.9004
1959.938 439.882
1959.925 439.8966
1959.928 439.9194
1959.956 439.9251
1959.923 439.9025
1959.964 439.8831
1959.962 439.8721
1959.964 439.9201
1959.99 439.908
1959.997 439.9354
1960.015 439.9219
1960.023 439.882
1960.027 439.8818
1960.022 439.902
1960.03 439.9164
1960.061 439.909
1960.096 439.8906
1960.095 439.8744
1960.126 439.8613
1960.14 439.8766
1960.153 439.8802
1960.165 439.8691
1960.154 439.8635
1960.154 439.8546
1960.173 439.8586
1960.181 439.8641
1960.163 439.8644
1960.149 439.8494
1960.15 439.8426
1960.159 439.8353
1960.151 439.8296
1960.147 439.8337
1960.161 439.8348
1960.173 439.8291
1960.161 439.8244
1960.157 439.8431
1960.149 439.8543
1960.163 439.8529
1960.21 439.8638
1960.221 439.8626
1960.222 439.8584
1960.247 439.8617
1960.245 439.8709
1960.228 439.8761
1960.212 439.8774
1960.214 439.8836
1960.232 439.8792
1960.223 439.8835
1960.231 439.902
1960.237 439.9149
1960.245 439.9211
1960.234 439.9264
1960.217 439.9336
1960.21 439.933
1960.214 439.9378
1960.227 439.9399
1960.229 439.9308
1960.228 439.9357
1960.228 439.9334
1960.252 439.9251
1960.271 439.9123
1960.282 439.904
1960.28 439.9204
1960.253 439.9204
1960.243 439.9141
1960.226 439.9302
1960.201 439.9375
1960.189 439.9363
1960.186 439.9326
1960.158 439.9289
1960.147 439.9321
1960.129 439.9381
1960.141 439.9274
1960.117 439.9221
1960.135 439.9212
1960.118 439.929
1960.121 439.9399
1960.131 439.932
1960.149 439.9378
1960.154 439.9419
1960.145 439.9505
1960.169 439.9535
1960.175 439.9603
1960.153 439.959
1960.148 439.9725
1960.155 439.9736
1960.146 439.9771
1960.149 439.9691
1960.151 439.9802
1960.157 439.9811
1960.141 439.9896
1960.146 439.9896
1960.111 439.9938
1960.117 439.9911
1960.108 439.9966
1960.11 439.9954
1960.111 440.0075
1960.131 440.0057
1960.145 440.006
1960.141 440.0026
1960.133 440.0027
1960.14 440.005
1960.121 440.0095
1960.099 440.009
1960.073 440.0233
1960.069 440.0195
1960.048 440.0211
1960.045 440.0208
1960.043 440.0169
1960.042 440.0085
1960.031 440.0031
1960.037 440.0091
1960.031 440.0024
1960.036 440.0085
1960.042 439.9967
1960.04 439.9857
1960.036 439.9792
1960.035 439.9784
1960.035 439.9917
1960.045 439.993
1960.051 440.0003
1960.052 439.9932
1960.048 439.9839
1960.052 439.9569
1960.045 439.9539
1960.053 439.9673
1960.07 439.9886
1960.094 439.9523
1960.098 439.9299
1960.119 439.8916
1960.13 439.889
1960.135 439.9009
1960.121 439.9058
1960.1 439.8827
1960.074 439.8779
1960.079 439.8857
1960.088 439.8965
1960.075 439.8991
1960.034 439.8789
1960.013 439.8708
1959.991 439.8704
1959.965 439.8786
1959.965 439.8896
1959.957 439.8992
1959.94 439.9061
1959.952 439.9106
1959.95 439.9141
1959.956 439.9088
1959.939 439.9121
1959.949 439.9378
1959.937 439.9456
1959.948 439.9414
1959.959 439.9285
1959.94 439.9325
1959.926 439.9463
1959.923 439.946
1959.927 439.9372
1959.925 439.936
1959.932 439.9334
1959.942 439.9349
1959.934 439.9411
1959.945 439.9494
1959.932 439.9499
1959.939 439.9422
1959.938 439.9372
1959.949 439.9323
1959.934 439.9383
1959.968 439.9468
1960.008 439.9365
1960.007 439.9381
1960.011 439.9486
1960.044 439.946
1960.02 439.9562
1960.02 439.9413
1960.005 439.9432
1960.008 439.9518
1960.009 439.9611
1960.034 439.957
1960.052 439.9619
1960.064 439.9536
1960.066 439.9443
1960.071 439.9552
1960.089 439.9565
1960.104 439.9499
1960.114 439.9473
1960.114 439.9515
1960.099 439.9478
