1920 480
764.0605 455.7583
763.9238 455.7671
763.8701 455.7388
763.8616 455.7747
763.9567 455.7827
763.8753 455.7656
763.9255 455.7619
763.9534 455.7562
763.9141 455.784
763.9541 455.7788
763.9958 455.814
763.9948 455.8348
763.9766 455.8252
764.0186 455.7878
763.97 455.7936
764.0078 455.8099
764.0208 455.8206
763.9111 455.8276
763.8721 455.8179
763.9114 455.7858
763.944 455.8311
763.8799 455.8338
763.8838 455.8304
763.9075 455.8285
764.0176 455.8483
763.957 455.8568
763.971 455.8561
763.9512 455.8641
763.97 455.8646
763.9544 455.8799
764.0241 455.8517
763.9886 455.8539
764.0059 455.8481
763.9391 455.8496
763.9753 455.8605
764.0127 455.8831
764.0075 455.8948
763.9772 455.8791
763.8903 455.8913
763.8398 455.9289
763.9313 455.8892
763.9007 455.903
763.9222 455.8976
763.9153 455.8983
763.9417 455.8918
763.9346 455.8903
763.9495 455.8991
763.9525 455.8905
763.9456 455.8975
763.9352 455.8975
763.945 455.9023
763.9401 455.8922
763.959 455.8905
763.9688 455.8839
763.9551 455.8737
763.9427 455.8695
763.9678 455.8651
763.9593 455.854
763.9248 455.8372
763.9111 455.8309
763.946 455.8698
764.0098 455.9334
764.0508 455.9725
764.053 455.9725
764.0508 455.9536
764.0361 455.9355
763.9837 455.9308
763.9778 455.9486
764.002 455.98
764.0124 455.9837
763.9665 455.972
763.9521 455.9619
764.001 455.9691
763.9905 455.9727
763.9629 455.9673
763.9681 455.9692
763.9593 455.9775
763.9434 455.9569
763.9222 455.9347
763.8359 455.8929
763.7829 455.8592
763.7835 455.8566
763.8213 455.8918
763.8317 455.9419
763.8327 455.9577
763.7959 455.9611
763.7373 455.965
763.7542 455.9676
763.7734 455.9604
763.7334 455.9347
763.6979 455.9307
763.7337 455.9548
763.7708 455.9702
763.7575 455.9619
763.6956 455.9515
763.6849 455.9425
763.708 455.942
763.7285 455.9381
763.7112 455.9255
763.6823 455.9064
763.6712 455.8795
763.6224 455.8623
763.5417 455.8412
763.4915 455.8242
763.4642 455.8192
763.4255 455.8319
763.4661 455.8636
763.5671 455.8867
763.5518 455.9255
763.5436 455.9294
763.571 455.9212
763.5544 455.9064
763.5436 455.8862
763.5537 455.8768
763.553 455.8719
763.5306 455.8584
763.5208 455.8371
763.5104 455.821
763.4857 455.8152
763.46 455.8719
763.5524 455.9473
763.6432 455.9329
763.5684 455.8869
763.4616 455.7891
763.3893 455.7451
763.2747 455.7591
763.347 455.7119
763.405 455.7415
763.4612 455.7795
763.457 455.8078
763.4114 455.8838
763.3978 455.9569
763.4007 456.0859
763.3688 456.2951
763.3724 456.5032
763.3115 456.7009
763.1777 456.8338
763.1335 456.9891
763.1608 457.1802
763.21 457.3774
763.2302 457.5695
763.2695 457.7116
763.3132 457.7762
763.3408 457.7835
763.3649 457.7769
763.4307 457.7612
763.5237 457.7435
763.5596 457.6978
763.5768 457.6499
763.5755 457.617
763.5931 457.5938
763.5999 457.5615
763.6061 457.5128
763.5999 457.4116
763.5693 457.2995
763.5554 457.1891
763.5843 457.0828
763.6191 456.9842
763.6621 456.9028
763.6729 456.841
763.6829 456.7889
763.7103 456.7552
763.7474 456.7396
763.777 456.7275
763.7725 456.7009
763.7806 456.668
763.8005 456.6161
763.8281 456.5959
763.8486 456.6039
763.8782 456.6328
763.8913 456.662
763.9268 456.6639
763.9225 456.654
763.9212 456.6523
763.9453 456.6616
764.0189 456.6641
764.0775 456.6426
764.0889 456.6287
764.0622 456.63
764.0739 456.5998
764.028 456.5454
763.9847 456.4557
763.9714 456.2995
763.9834 456.137
764.0286 455.9767
764.0563 455.8652
764.0911 455.7563
764.1719 455.6366
764.2109 455.5186
764.2761 455.3833
764.3877 455.2407
764.4727 455.127
764.5433 455.0534
764.5882 455.0116
764.5918 454.9868
764.5856 454.9844
764.5716 454.9923
764.5908 454.9972
764.6211 454.9972
764.6338 455.0111
764.6699 455.0391
764.7005 455.0778
764.7233 455.124
764.7415 455.1623
764.7334 455.2012
764.7796 455.2586
764.8275 455.3428
764.8457 455.4505
764.9548 455.597
765.1318 455.7699
765.3418 455.9351
765.5827 456.0767
765.8821 456.194
766.3945 456.2188
767.3148 456.2108
768.32 456.2028
769.0137 456.2279
769.6064 456.2
770.1784 456.1331
770.7122 456.0767
771.112 456.0262
771.3591 455.9836
771.4609 455.9546
771.4626 455.9298
771.428 455.9217
771.4521 455.9129
771.5247 455.9157
771.6865 455.9106
771.8952 455.9048
772.1159 455.8864
772.2178 455.8729
772.1335 455.8607
771.6875 455.8412
770.861 455.8097
769.7601 455.7894
767.3691 455.7773
765.6823 455.7729
764.6566 455.7791
763.2028 455.8036
761.7669 455.8214
760.5586 455.8354
759.7041 455.8459
758.8848 455.8773
758.1413 455.9165
757.4925 455.9706
757.1058 456.0405
757.541 456.1009
758.738 456.1611
760.0755 456.194
762.0325 456.2197
764.8483 456.2301
768.4925 456.2372
773.9105 456.2506
780.0915 456.2783
786.2048 456.306
793.3311 456.3281
801.1484 456.3302
808.5908 456.3309
817.1582 456.3297
824.0983 456.3374
830.7907 456.3535
838.3818 456.3913
845.5547 456.4146
853.1644 456.424
860.0983 456.4398
867.1068 456.4453
874.2571 456.4525
881.5319 456.463
888.8506 456.4557
895.86 456.4429
903.5355 456.4471
910.2175 456.4525
916.612 456.4518
923.638 456.4466
930.9075 456.4529
938.1448 456.4458
945.4368 456.4318
952.485 456.4176
959.167 456.41
966.3505 456.4037
973.3644 456.3963
980.4948 456.3989
987.9285 456.4019
995.5014 456.4212
1001.846 456.4445
1009.009 456.4718
1016.008 456.4796
1023.164 456.4928
1030.857 456.5013
1037.992 456.5089
1044.667 456.5166
1051.729 456.5329
1060.658 456.5526
1066.188 456.5734
1073.302 456.5905
1080.582 456.5993
1087.604 456.5956
1094.899 456.6029
1101.808 456.6219
1920 480
764.0605 455.7583
763.9238 455.7671
763.8701 455.7388
763.8616 455.7747
763.9567 455.7827
763.8753 455.7656
763.9255 455.7619
763.9534 455.7562
763.9141 455.784
763.9541 455.7788
763.9958 455.814
763.9948 455.8348
763.9766 455.8252
764.0186 455.7878
763.97 455.7936
764.0078 455.8099
764.0208 455.8206
763.9111 455.8276
763.8721 455.8179
763.9114 455.7858
763.944 455.8311
763.8799 455.8338
763.8838 455.8304
763.9075 455.8285
764.0176 455.8483
763.957 455.8568
763.971 455.8561
763.9512 455.8641
763.97 455.8646
763.9544 455.8799
764.0241 455.8517
763.9886 455.8539
764.0059 455.8481
763.9391 455.8496
763.9753 455.8605
764.0127 455.8831
764.0075 455.8948
763.9772 455.8791
763.8903 455.8913
763.8398 455.9289
763.9313 455.8892
763.9007 455.903
763.9222 455.8976
763.9153 455.8983
763.9417 455.8918
763.9346 455.8903
763.9495 455.8991
763.9525 455.8905
763.9456 455.8975
763.9352 455.8975
763.945 455.9023
763.9401 455.8922
763.959 455.8905
763.9688 455.8839
763.9551 455.8737
763.9427 455.8695
763.9678 455.8651
763.9593 455.854
763.9248 455.8372
763.9111 455.8309
763.946 455.8698
764.0098 455.9334
764.0508 455.9725
764.053 455.9725
764.0508 455.9536
764.0361 455.9355
763.9837 455.9308
763.9778 455.9486
764.002 455.98
764.0124 455.9837
763.9665 455.972
763.9521 455.9619
764.001 455.9691
763.9905 455.9727
763.9629 455.9673
763.9681 455.9692
763.9593 455.9775
763.9434 455.9569
763.9222 455.9347
763.8359 455.8929
763.7829 455.8592
763.7835 455.8566
763.8213 455.8918
763.8317 455.9419
763.8327 455.9577
763.7959 455.9611
763.7373 455.965
763.7542 455.9676
763.7734 455.9604
763.7334 455.9347
763.6979 455.9307
763.7337 455.9548
763.7708 455.9702
763.7575 455.9619
763.6956 455.9515
763.6849 455.9425
763.708 455.942
763.7285 455.9381
763.7112 455.9255
763.6823 455.9064
763.6712 455.8795
763.6224 455.8623
763.5417 455.8412
763.4915 455.8242
763.4642 455.8192
763.4255 455.8319
763.4661 455.8636
763.5671 455.8867
763.5518 455.9255
763.5436 455.9294
763.571 455.9212
763.5544 455.9064
763.5436 455.8862
763.5537 455.8768
763.553 455.8719
763.5306 455.8584
763.5208 455.8371
763.5104 455.821
763.4857 455.8152
763.46 455.8719
763.5524 455.9473
763.6432 455.9329
763.5684 455.8869
763.4616 455.7891
763.3893 455.7451
763.2747 455.7591
763.347 455.7119
763.405 455.7415
763.4612 455.7795
763.457 455.8078
763.4114 455.8838
763.3978 455.9569
763.4007 456.0859
763.3688 456.2951
763.3724 456.5032
763.3115 456.7009
763.1777 456.8338
763.1335 456.9891
763.1608 457.1802
763.21 457.3774
763.2302 457.5695
763.2695 457.7116
763.3132 457.7762
763.3408 457.7835
763.3649 457.7769
763.4307 457.7612
763.5237 457.7435
763.5596 457.6978
763.5768 457.6499
763.5755 457.617
763.5931 457.5938
763.5999 457.5615
763.6061 457.5128
763.5999 457.4116
763.5693 457.2995
763.5554 457.1891
763.5843 457.0828
763.6191 456.9842
763.6621 456.9028
763.6729 456.841
763.6829 456.7889
763.7103 456.7552
763.7474 456.7396
763.777 456.7275
763.7725 456.7009
763.7806 456.668
763.8005 456.6161
763.8281 456.5959
763.8486 456.6039
763.8782 456.6328
763.8913 456.662
763.9268 456.6639
763.9225 456.654
763.9212 456.6523
763.9453 456.6616
764.0189 456.6641
764.0775 456.6426
764.0889 456.6287
764.0622 456.63
764.0739 456.5998
764.028 456.5454
763.9847 456.4557
763.9714 456.2995
763.9834 456.137
764.0286 455.9767
764.0563 455.8652
764.0911 455.7563
764.1719 455.6366
764.2109 455.5186
764.2761 455.3833
764.3877 455.2407
764.4727 455.127
764.5433 455.0534
764.5882 455.0116
764.5918 454.9868
764.5856 454.9844
764.5716 454.9923
764.5908 454.9972
764.6211 454.9972
764.6338 455.0111
764.6699 455.0391
764.7005 455.0778
764.7233 455.124
764.7415 455.1623
764.7334 455.2012
764.7796 455.2586
764.8275 455.3428
764.8457 455.4505
764.9548 455.597
765.1318 455.7699
765.3418 455.9351
765.5827 456.0767
765.8821 456.194
766.3945 456.2188
767.3148 456.2108
768.32 456.2028
769.0137 456.2279
769.6064 456.2
770.1784 456.1331
770.7122 456.0767
771.112 456.0262
771.3591 455.9836
771.4609 455.9546
771.4626 455.9298
771.428 455.9217
771.4521 455.9129
771.5247 455.9157
771.6865 455.9106
771.8952 455.9048
772.1159 455.8864
772.2178 455.8729
772.1335 455.8607
771.6875 455.8412
770.861 455.8097
769.7601 455.7894
767.3691 455.7773
765.6823 455.7729
764.6566 455.7791
763.2028 455.8036
761.7669 455.8214
760.5586 455.8354
759.7041 455.8459
758.8848 455.8773
758.1413 455.9165
757.4925 455.9706
757.1058 456.0405
757.541 456.1009
758.738 456.1611
760.0755 456.194
762.0325 456.2197
764.8483 456.2301
768.4925 456.2372
773.9105 456.2506
780.0915 456.2783
786.2048 456.306
793.3311 456.3281
801.1484 456.3302
808.5908 456.3309
817.1582 456.3297
824.0983 456.3374
830.7907 456.3535
838.3818 456.3913
845.5547 456.4146
853.1644 456.424
860.0983 456.4398
867.1068 456.4453
874.2571 456.4525
881.5319 456.463
888.8506 456.4557
895.86 456.4429
903.5355 456.4471
910.2175 456.4525
916.612 456.4518
923.638 456.4466
930.9075 456.4529
938.1448 456.4458
945.4368 456.4318
952.485 456.4176
959.167 456.41
966.3505 456.4037
973.3644 456.3963
980.4948 456.3989
987.9285 456.4019
995.5014 456.4212
1001.846 456.4445
1009.009 456.4718
1016.008 456.4796
1023.164 456.4928
1030.857 456.5013
1037.992 456.5089
1044.667 456.5166
1051.729 456.5329
1060.658 456.5526
1066.188 456.5734
1073.302 456.5905
1080.582 456.5993
1087.604 456.5956
1094.899 456.6029
1101.808 456.6219
1109.246 456.6418
1117.758 456.6463
1123.653 456.6535
1130.267 456.6398
1136.711 456.627
1144.57 456.6136
1151.99 456.614
1159.157 456.6193
1166.139 456.627
1173.472 456.6092
1180.103 456.5871
1187.37 456.5674
1194.519 456.5557
1202.386 456.5483
1209.56 456.5493
1216.566 456.5596
1223.301 456.5663
1230.515 456.5858
1237.777 456.63
1245.066 456.7324
1252.164 456.8864
1259.522 457.0755
1266.492 457.2795
1273.619 457.4785
1280.752 457.6934
1289.47 457.9331
1295.771 458.2321
1300.697 458.5077
1307.7 458.9883
1314.744 459.5028
1321.267 459.9188
1325.661 460.2178
1326.016 460.3205
1326.322 460.3646
1326.538 460.4225
1326.742 460.5739
1327.053 460.8387
1327.889 461.3169
1328.69 461.7349
1329.652 462.1167
1330.632 462.5827
1331.571 462.9778
1332.467 463.2253
1333.217 463.3329
1333.811 463.4092
1334.119 463.4666
1334.509 463.5425
1334.913 463.6353
1335.28 463.7474
1335.609 463.9063
1335.904 464.083
1336.124 464.2843
1336.443 464.4468
1336.869 464.537
1337.263 464.5396
1337.697 464.4938
1338.973 464.4738
1341.708 464.4888
1346.402 464.5024
1353.716 464.4943
1361.403 464.4618
1369.415 464.431
1377.097 464.3961
1383.952 464.3971
1391.169 464.4261
1401.27 464.436
1405.526 464.4316
1412.627 464.444
1419.345 464.4391
1426.026 464.4514
1433.052 464.4839
1439.314 464.5793
1441.154 464.7821
1442.133 465.2729
1442.647 465.4002
1443.574 465.563
1444.625 465.713
1445.924 465.8289
1447.309 465.929
1448.808 466.0376
1450.336 466.1847
1452.044 466.4297
1453.808 466.6786
1455.506 466.7775
1457.632 466.5273
1459.24 466.125
1460.873 465.6484
1462.29 465.1955
1463.787 464.5752
1465.263 463.6706
1466.528 462.6361
1467.844 461.2622
1468.735 460.0793
1469.574 458.6906
1470.207 457.3343
1470.896 455.7204
1471.576 454.0132
1472.189 452.3063
1472.713 450.5394
1473.142 448.8149
1473.537 447.0179
1473.913 445.3981
1474.298 443.5996
1474.604 442.2044
1474.815 441.3439
1475.059 440.3691
1475.239 439.4622
1475.395 438.5957
1475.606 437.7848
1475.814 437.0264
1475.852 436.3229
1475.758 435.5467
1475.548 434.7191
1475.221 433.9108
1474.688 432.9762
1474.071 432.1719
1473.371 431.2837
1472.653 430.32
1472.005 429.2717
1471.391 428.2495
1470.728 427.075
1470.185 426.0215
1469.785 425.1875
1469.294 423.9929
1468.957 422.7492
1468.674 421.3804
1468.43 419.8688
1468.214 418.3247
1468.093 416.8405
1468.099 415.3561
1468.046 413.8122
1467.957 412.2271
1467.898 410.1885
1467.883 408.5288
1467.807 406.8276
1467.754 405.3504
1467.72 403.6537
1467.634 402.16
1467.557 400.5739
1467.571 399.1963
1467.667 398.0221
1467.772 396.928
1467.848 395.8076
1467.865 394.7017
1467.891 393.6086
1467.891 392.6143
1467.839 391.6621
1467.602 390.6899
1467.301 389.6159
1467.015 388.5241
1466.723 387.332
1466.35 386.278
1465.896 385.3289
1465.287 384.4652
1464.62 383.6322
1463.903 382.9909
1463.086 382.4585
1462.219 382.0822
1461.442 381.7804
1460.754 381.6802
1460.082 381.6994
1459.388 381.8395
1458.736 381.9985
1458.271 382.2458
1457.918 382.5544
1457.481 383.0139
1456.969 383.4949
1456.452 383.9645
1455.929 384.4036
1455.314 384.8558
1454.656 385.2861
1453.971 385.7681
1453.403 386.2889
1453.057 386.8322
1452.808 387.4917
1452.662 388.1483
1452.709 388.756
1452.927 389.3579
1453.332 389.9391
1453.831 390.5905
1454.394 391.2694
1454.973 391.896
1455.663 392.4925
1456.474 393.1685
1457.282 393.8447
1457.965 394.355
1458.741 394.714
1459.498 394.9399
1460.269 395.1064
1461.032 395.2393
1461.832 395.3125
1462.678 395.2757
1463.584 395.1361
1464.426 394.9593
1465.126 394.7852
1465.786 394.5736
1466.477 394.3078
1467.11 394.0692
1467.722 393.8659
1468.245 393.7077
1468.645 393.5482
1469.07 393.3213
1469.505 393.0991
1469.88 392.9158
1470.212 392.7598
1470.493 392.6636
1470.752 392.5654
1470.93 392.4188
1471.076 392.2126
1471.213 391.9832
1471.325 391.7389
1471.352 391.5817
1471.349 391.5462
1471.343 391.6211
1471.329 391.7902
1471.363 392.0265
1471.491 392.3517
1471.648 392.7487
1471.844 393.1854
1472.048 393.6673
1472.263 394.1916
1472.54 394.7014
1472.733 395.2909
1472.877 395.8005
1472.98 396.277
1473.055 396.7036
1473.155 397.0754
1473.24 397.3888
1473.3 397.6585
1473.376 397.9015
1473.422 398.1313
1473.475 398.389
1473.533 398.6611
1473.62 398.9494
1473.699 399.2518
1473.814 399.567
1473.921 399.8472
1474.093 400.0947
1474.265 400.2865
1474.485 400.4289
1474.693 400.5778
1474.813 400.7282
1474.897 400.8211
1474.977 400.868
1475.036 400.8346
1475.045 400.7095
1475.002 400.5174
1474.95 400.2868
1474.928 400.028
1474.921 399.7661
1474.885 399.5322
1474.865 399.2726
1474.889 398.9372
1474.956 398.5897
1475.031 398.2313
1475.067 397.8628
1475.089 397.4492
1475.144 396.9922
1475.24 396.5605
1475.305 396.1379
1475.28 395.7003
1475.219 395.1943
1475.172 394.6631
1475.103 394.1419
1474.934 393.168
1474.867 392.7342
1474.761 391.9022
1474.752 391.7145
1474.685 391.6903
1474.554 391.8008
1474.372 391.998
1474.221 392.2661
1474.041 392.5779
1473.822 392.9032
1473.59 393.2658
1473.387 393.715
1473.22 394.1729
1472.999 394.7025
1472.746 395.2694
1472.517 395.7944
1472.307 396.3105
1472.033 396.8281
1471.669 397.292
1471.279 397.7405
1470.909 398.1443
1470.596 398.4149
1470.183 398.7412
1469.815 399.007
1469.59 399.1978
1469.431 399.3128
1469.328 399.3294
1469.363 399.2591
1469.545 399.1183
1469.751 398.924
1469.921 398.6986
1470.214 398.3205
1470.493 397.974
1470.691 397.7267
1470.917 397.3994
1471.107 397.0635
1109.246 456.6418
1117.758 456.6463
1123.653 456.6535
1130.267 456.6398
1136.711 456.627
1144.57 456.6136
1151.99 456.614
1159.157 456.6193
1166.139 456.627
1173.472 456.6092
1180.103 456.5871
1187.37 456.5674
1194.519 456.5557
1202.386 456.5483
1209.56 456.5493
1216.566 456.5596
1223.301 456.5663
1230.515 456.5858
1237.777 456.63
1245.066 456.7324
1252.164 456.8864
1259.522 457.0755
1266.492 457.2795
1273.619 457.4785
1280.752 457.6934
1289.47 457.9331
1295.771 458.2321
1300.697 458.5077
1307.7 458.9883
1314.744 459.5028
1321.267 459.9188
1325.661 460.2178
1326.016 460.3205
1326.322 460.3646
1326.538 460.4225
1326.742 460.5739
1327.053 460.8387
1327.889 461.3169
1328.69 461.7349
1329.652 462.1167
1330.632 462.5827
1331.571 462.9778
1332.467 463.2253
1333.217 463.3329
1333.811 463.4092
1334.119 463.4666
1334.509 463.5425
1334.913 463.6353
1335.28 463.7474
1335.609 463.9063
1335.904 464.083
1336.124 464.2843
1336.443 464.4468
1336.869 464.537
1337.263 464.5396
1337.697 464.4938
1338.973 464.4738
1341.708 464.4888
1346.402 464.5024
1353.716 464.4943
1361.403 464.4618
1369.415 464.431
1377.097 464.3961
1383.952 464.3971
1391.169 464.4261
1401.27 464.436
1405.526 464.4316
1412.627 464.444
1419.345 464.4391
1426.026 464.4514
1433.052 464.4839
1439.314 464.5793
1441.154 464.7821
1442.133 465.2729
1442.647 465.4002
1443.574 465.563
1444.625 465.713
1445.924 465.8289
1447.309 465.929
1448.808 466.0376
1450.336 466.1847
1452.044 466.4297
1453.808 466.6786
1455.506 466.7775
1457.632 466.5273
1459.24 466.125
1460.873 465.6484
1462.29 465.1955
1463.787 464.5752
1465.263 463.6706
1466.528 462.6361
1467.844 461.2622
1468.735 460.0793
1469.574 458.6906
1470.207 457.3343
1470.896 455.7204
1471.576 454.0132
1472.189 452.3063
1472.713 450.5394
1473.142 448.8149
1473.537 447.0179
1473.913 445.3981
1474.298 443.5996
1474.604 442.2044
1474.815 441.3439
1475.059 440.3691
1475.239 439.4622
1475.395 438.5957
1475.606 437.7848
1475.814 437.0264
1475.852 436.3229
1475.758 435.5467
1475.548 434.7191
1475.221 433.9108
1474.688 432.9762
1474.071 432.1719
1473.371 431.2837
1472.653 430.32
1472.005 429.2717
1471.391 428.2495
1470.728 427.075
1470.185 426.0215
1469.785 425.1875
1469.294 423.9929
1468.957 422.7492
1468.674 421.3804
1468.43 419.8688
1468.214 418.3247
1468.093 416.8405
1468.099 415.3561
1468.046 413.8122
1467.957 412.2271
1467.898 410.1885
1467.883 408.5288
1467.807 406.8276
1467.754 405.3504
1467.72 403.6537
1467.634 402.16
1467.557 400.5739
1467.571 399.1963
1467.667 398.0221
1467.772 396.928
1467.848 395.8076
1467.865 394.7017
1467.891 393.6086
1467.891 392.6143
1467.839 391.6621
1467.602 390.6899
1467.301 389.6159
1467.015 388.5241
1466.723 387.332
1466.35 386.278
1465.896 385.3289
1465.287 384.4652
1464.62 383.6322
1463.903 382.9909
1463.086 382.4585
1462.219 382.0822
1461.442 381.7804
1460.754 381.6802
1460.082 381.6994
1459.388 381.8395
1458.736 381.9985
1458.271 382.2458
1457.918 382.5544
1457.481 383.0139
1456.969 383.4949
1456.452 383.9645
1455.929 384.4036
1455.314 384.8558
1454.656 385.2861
1453.971 385.7681
1453.403 386.2889
1453.057 386.8322
1452.808 387.4917
1452.662 388.1483
1452.709 388.756
1452.927 389.3579
1453.332 389.9391
1453.831 390.5905
1454.394 391.2694
1454.973 391.896
1455.663 392.4925
1456.474 393.1685
1457.282 393.8447
1457.965 394.355
1458.741 394.714
1459.498 394.9399
1460.269 395.1064
1461.032 395.2393
1461.832 395.3125
1462.678 395.2757
1463.584 395.1361
1464.426 394.9593
1465.126 394.7852
1465.786 394.5736
1466.477 394.3078
1467.11 394.0692
1467.722 393.8659
1468.245 393.7077
1468.645 393.5482
1469.07 393.3213
1469.505 393.0991
1469.88 392.9158
1470.212 392.7598
1470.493 392.6636
1470.752 392.5654
1470.93 392.4188
1471.076 392.2126
1471.213 391.9832
1471.325 391.7389
1471.352 391.5817
1471.349 391.5462
1471.343 391.6211
1471.329 391.7902
1471.363 392.0265
1471.491 392.3517
1471.648 392.7487
1471.844 393.1854
1472.048 393.6673
1472.263 394.1916
1472.54 394.7014
1472.733 395.2909
1472.877 395.8005
1472.98 396.277
1473.055 396.7036
1473.155 397.0754
1473.24 397.3888
1473.3 397.6585
1473.376 397.9015
1473.422 398.1313
1473.475 398.389
1473.533 398.6611
1473.62 398.9494
1473.699 399.2518
1473.814 399.567
1473.921 399.8472
1474.093 400.0947
1474.265 400.2865
1474.485 400.4289
1474.693 400.5778
1474.813 400.7282
1474.897 400.8211
1474.977 400.868
1475.036 400.8346
1475.045 400.7095
1475.002 400.5174
1474.95 400.2868
1474.928 400.028
1474.921 399.7661
1474.885 399.5322
1474.865 399.2726
1474.889 398.9372
1474.956 398.5897
1475.031 398.2313
1475.067 397.8628
1475.089 397.4492
1475.144 396.9922
1475.24 396.5605
1475.305 396.1379
1475.28 395.7003
1475.219 395.1943
1475.172 394.6631
1475.103 394.1419
1474.934 393.168
1474.867 392.7342
1474.761 391.9022
1474.752 391.7145
1474.685 391.6903
1474.554 391.8008
1474.372 391.998
1474.221 392.2661
1474.041 392.5779
1473.822 392.9032
1473.59 393.2658
1473.387 393.715
1473.22 394.1729
1472.999 394.7025
1472.746 395.2694
1472.517 395.7944
1472.307 396.3105
1472.033 396.8281
1471.669 397.292
1471.279 397.7405
1470.909 398.1443
1470.596 398.4149
1470.183 398.7412
1469.815 399.007
1469.59 399.1978
1469.431 399.3128
1469.328 399.3294
1469.363 399.2591
1469.545 399.1183
1469.751 398.924
1469.921 398.6986
1470.214 398.3205
1470.493 397.974
1470.691 397.7267
1470.917 397.3994
1471.107 397.0635
1471.263 396.7134
1471.636 395.9023
1471.81 395.5923
1472.006 395.2028
1472.157 394.8418
1472.343 394.4984
1472.556 394.1699
1472.826 393.8467
1473.044 393.5657
1473.225 393.3076
1473.447 393.0604
1473.649 392.8656
1473.783 392.662
1473.792 392.5524
1473.781 392.4635
1473.677 392.3908
1473.454 392.3551
1473.147 392.3454
1472.791 392.3415
1472.378 392.3631
1471.986 392.4085
1471.588 392.4733
1471.186 392.5496
1470.815 392.6265
1470.481 392.6989
1470.156 392.7736
1469.948 392.8327
1469.753 392.9334
1469.595 393.0926
1469.45 393.3247
1469.243 393.5804
1468.947 393.8506
1468.637 394.1544
1468.39 394.4728
1468.187 394.8089
1468.015 395.1203
1467.849 395.4647
1467.758 395.7907
1467.697 396.123
1467.673 396.4238
1467.691 396.7036
1467.697 396.9308
1467.675 397.1116
1467.717 397.2518
1467.833 397.4038
1468.012 397.5924
1468.207 397.7891
1468.498 397.9551
1468.855 398.1009
1469.288 398.2761
1469.829 398.4971
1470.465 398.738
1471.234 399.0024
1471.941 399.2202
1472.883 399.5301
1473.9 399.8737
1475.063 400.2275
1476.281 400.5806
1477.629 400.965
1479.073 401.3981
1480.707 401.9512
1482.319 402.5415
1483.933 403.1274
1486.017 403.7856
1487.592 404.2568
1489.213 404.7316
1490.846 405.2477
1492.561 405.8011
1494.301 406.3908
1496.261 407.005
1498.245 407.5784
1500.22 408.0612
1502.568 408.5371
1504.849 408.9167
1507.387 409.2996
1510.135 409.7262
1512.629 410.1156
1515.232 410.4866
1517.862 410.8332
1520.337 411.1592
1522.68 411.5529
1525.084 412.0278
1527.285 412.5405
1529.297 413.0453
1531.336 413.6029
1533.296 414.2046
1535.079 414.8418
1536.858 415.4925
1538.686 416.2285
1540.418 416.9266
1542.41 417.7201
1544.322 418.4326
1546.299 419.1794
1548.46 419.9531
1550.679 420.7189
1552.42 421.2586
1554.726 421.9123
1557.053 422.4403
1559.452 422.8475
1562.067 423.098
1564.72 423.291
1567.457 423.5076
1570.165 423.8397
1572.848 424.1745
1575.7 424.5824
1579.412 425.1784
1582.584 425.7736
1585.701 426.3732
1589.031 427.04
1592.385 427.7332
1595.818 428.5204
1599.268 429.3477
1602.826 430.2388
1605.885 431.042
1609.41 432.0757
1612.673 433.1048
1615.986 434.192
1619.201 435.2453
1622.194 436.3241
1625.206 437.5013
1628.259 438.8175
1631.191 440.14
1634.076 441.4984
1637.221 443.061
1639.938 444.5409
1642.632 446.0148
1645.256 447.4868
1647.688 448.8294
1649.845 450.0166
1652.086 451.1653
1654.24 452.2526
1656.259 453.2544
1658.047 454.1105
1659.597 454.7993
1660.887 455.38
1662.119 455.9945
1663.208 456.5842
1664.168 457.1463
1664.937 457.6877
1665.574 458.2531
1666.046 458.8202
1666.464 459.3872
1666.786 459.9005
1667.103 460.4263
1667.254 460.9401
1667.368 461.3213
1667.458 461.4974
1667.611 461.4434
1667.687 461.3374
1667.665 461.293
1667.447 461.29
1667.218 461.1992
1667.015 461.0745
1666.874 460.9626
1666.684 460.9194
1666.595 460.8547
1666.531 460.7129
1666.541 460.4893
1666.578 460.2871
1666.668 459.981
1666.78 459.6818
1666.913 459.3495
1666.973 458.9655
1667.042 458.4857
1667.104 458.0072
1667.166 457.5713
1667.156 457.23
1667.146 456.8805
1667.249 456.4764
1667.507 456.2065
1667.806 456.0506
1668.171 455.9489
1668.571 455.9079
1668.986 455.8672
1669.451 455.7736
1670.336 455.5189
1670.534 455.4473
1670.786 455.3109
1670.954 455.1538
1671.025 454.9828
1671.085 454.763
1671.084 454.5615
1671.068 454.3801
1671.026 454.1821
1671.018 454.0231
1670.977 453.9505
1670.962 453.9917
1670.979 454.0576
1671.024 454.1081
1671.147 454.1138
1671.406 454.051
1671.634 453.9787
1671.923 453.8947
1672.141 453.7627
1672.275 453.6652
1672.43 453.5031
1672.571 453.2396
1672.708 452.8605
1672.856 452.4129
1672.946 451.9137
1672.956 451.4044
1672.963 450.8097
1673.041 450.249
1673.07 449.653
1672.989 449.0115
1672.834 448.5563
1672.616 448.1919
1672.323 447.8812
1672.044 447.5565
1671.773 447.1994
1671.467 446.7964
1671.118 446.5089
1669.549 445.6704
1668.428 445.1074
1667.179 444.4873
1665.671 443.7819
1663.98 443.0433
1662.127 442.2407
1660.172 441.3042
1658.171 440.2572
1656.277 439.1963
1653.874 437.8489
1651.936 436.7979
1649.931 435.7298
1647.896 434.6592
1645.852 433.6113
1643.677 432.5885
1641.318 431.5648
1638.898 430.5352
1633.695 428.6699
1632.544 428.3268
1629.615 427.4879
1626.652 426.7411
1623.432 426.027
1619.988 425.3734
1616.358 424.7373
1612.592 424.0807
1608.879 423.4539
1605.028 422.8701
1601.291 422.3783
1599.181 422.1263
1591.377 421.2376
1583.906 420.5666
1577.038 419.958
1570.591 419.278
1564.443 418.8747
1561.49 418.8184
1558.087 418.7393
1555.199 418.6546
1552.546 418.6003
1550.238 418.5956
1547.814 418.5998
1545.363 418.5622
1542.953 418.4811
1541.104 418.3839
1539.284 418.2747
1537.53 418.1486
1536.016 418.0447
1534.465 417.9359
1532.985 417.8219
1531.597 417.7282
1530.452 417.7381
1529.301 417.8084
1528.178 417.8791
1527.019 417.9463
1525.97 418.0127
1524.957 418.105
1523.999 418.1956
1523.015 418.2191
1521.93 418.1667
1520.878 418.0622
1519.725 417.9686
1518.431 417.8679
1517.182 417.7827
1516.007 417.6738
1514.787 417.5381
1513.44 417.3604
1512 417.1795
1510.342 416.9792
1502.861 416.7563
1500.908 416.797
1498.591 416.8511
1496.145 416.9085
1493.803 416.9445
1491.377 417.0023
1489.017 417.0465
1486.805 417.119
1484.552 417.1294
1482.553 417.1128
1480.664 417.041
1478.89 416.9417
1477.164 416.8146
1474.106 416.4691
1471.324 416.0744
1469.146 415.609
1467.392 415.1466
1465.948 414.8135
1465.268 414.5973
1464.653 414.3317
1464.086 413.9683
1471.263 396.7134
1471.636 395.9023
1471.81 395.5923
1472.006 395.2028
1472.157 394.8418
1472.343 394.4984
1472.556 394.1699
1472.826 393.8467
1473.044 393.5657
1473.225 393.3076
1473.447 393.0604
1473.649 392.8656
1473.783 392.662
1473.792 392.5524
1473.781 392.4635
1473.677 392.3908
1473.454 392.3551
1473.147 392.3454
1472.791 392.3415
1472.378 392.3631
1471.986 392.4085
1471.588 392.4733
1471.186 392.5496
1470.815 392.6265
1470.481 392.6989
1470.156 392.7736
1469.948 392.8327
1469.753 392.9334
1469.595 393.0926
1469.45 393.3247
1469.243 393.5804
1468.947 393.8506
1468.637 394.1544
1468.39 394.4728
1468.187 394.8089
1468.015 395.1203
1467.849 395.4647
1467.758 395.7907
1467.697 396.123
1467.673 396.4238
1467.691 396.7036
1467.697 396.9308
1467.675 397.1116
1467.717 397.2518
1467.833 397.4038
1468.012 397.5924
1468.207 397.7891
1468.498 397.9551
1468.855 398.1009
1469.288 398.2761
1469.829 398.4971
1470.465 398.738
1471.234 399.0024
1471.941 399.2202
1472.883 399.5301
1473.9 399.8737
1475.063 400.2275
1476.281 400.5806
1477.629 400.965
1479.073 401.3981
1480.707 401.9512
1482.319 402.5415
1483.933 403.1274
1486.017 403.7856
1487.592 404.2568
1489.213 404.7316
1490.846 405.2477
1492.561 405.8011
1494.301 406.3908
1496.261 407.005
1498.245 407.5784
1500.22 408.0612
1502.568 408.5371
1504.849 408.9167
1507.387 409.2996
1510.135 409.7262
1512.629 410.1156
1515.232 410.4866
1517.862 410.8332
1520.337 411.1592
1522.68 411.5529
1525.084 412.0278
1527.285 412.5405
1529.297 413.0453
1531.336 413.6029
1533.296 414.2046
1535.079 414.8418
1536.858 415.4925
1538.686 416.2285
1540.418 416.9266
1542.41 417.7201
1544.322 418.4326
1546.299 419.1794
1548.46 419.9531
1550.679 420.7189
1552.42 421.2586
1554.726 421.9123
1557.053 422.4403
1559.452 422.8475
1562.067 423.098
1564.72 423.291
1567.457 423.5076
1570.165 423.8397
1572.848 424.1745
1575.7 424.5824
1579.412 425.1784
1582.584 425.7736
1585.701 426.3732
1589.031 427.04
1592.385 427.7332
1595.818 428.5204
1599.268 429.3477
1602.826 430.2388
1605.885 431.042
1609.41 432.0757
1612.673 433.1048
1615.986 434.192
1619.201 435.2453
1622.194 436.3241
1625.206 437.5013
1628.259 438.8175
1631.191 440.14
1634.076 441.4984
1637.221 443.061
1639.938 444.5409
1642.632 446.0148
1645.256 447.4868
1647.688 448.8294
1649.845 450.0166
1652.086 451.1653
1654.24 452.2526
1656.259 453.2544
1658.047 454.1105
1659.597 454.7993
1660.887 455.38
1662.119 455.9945
1663.208 456.5842
1664.168 457.1463
1664.937 457.6877
1665.574 458.2531
1666.046 458.8202
1666.464 459.3872
1666.786 459.9005
1667.103 460.4263
1667.254 460.9401
1667.368 461.3213
1667.458 461.4974
1667.611 461.4434
1667.687 461.3374
1667.665 461.293
1667.447 461.29
1667.218 461.1992
1667.015 461.0745
1666.874 460.9626
1666.684 460.9194
1666.595 460.8547
1666.531 460.7129
1666.541 460.4893
1666.578 460.2871
1666.668 459.981
1666.78 459.6818
1666.913 459.3495
1666.973 458.9655
1667.042 458.4857
1667.104 458.0072
1667.166 457.5713
1667.156 457.23
1667.146 456.8805
1667.249 456.4764
1667.507 456.2065
1667.806 456.0506
1668.171 455.9489
1668.571 455.9079
1668.986 455.8672
1669.451 455.7736
1670.336 455.5189
1670.534 455.4473
1670.786 455.3109
1670.954 455.1538
1671.025 454.9828
1671.085 454.763
1671.084 454.5615
1671.068 454.3801
1671.026 454.1821
1671.018 454.0231
1670.977 453.9505
1670.962 453.9917
1670.979 454.0576
1671.024 454.1081
1671.147 454.1138
1671.406 454.051
1671.634 453.9787
1671.923 453.8947
1672.141 453.7627
1672.275 453.6652
1672.43 453.5031
1672.571 453.2396
1672.708 452.8605
1672.856 452.4129
1672.946 451.9137
1672.956 451.4044
1672.963 450.8097
1673.041 450.249
1673.07 449.653
1672.989 449.0115
1672.834 448.5563
1672.616 448.1919
1672.323 447.8812
1672.044 447.5565
1671.773 447.1994
1671.467 446.7964
1671.118 446.5089
1669.549 445.6704
1668.428 445.1074
1667.179 444.4873
1665.671 443.7819
1663.98 443.0433
1662.127 442.2407
1660.172 441.3042
1658.171 440.2572
1656.277 439.1963
1653.874 437.8489
1651.936 436.7979
1649.931 435.7298
1647.896 434.6592
1645.852 433.6113
1643.677 432.5885
1641.318 431.5648
1638.898 430.5352
1633.695 428.6699
1632.544 428.3268
1629.615 427.4879
1626.652 426.7411
1623.432 426.027
1619.988 425.3734
1616.358 424.7373
1612.592 424.0807
1608.879 423.4539
1605.028 422.8701
1601.291 422.3783
1599.181 422.1263
1591.377 421.2376
1583.906 420.5666
1577.038 419.958
1570.591 419.278
1564.443 418.8747
1561.49 418.8184
1558.087 418.7393
1555.199 418.6546
1552.546 418.6003
1550.238 418.5956
1547.814 418.5998
1545.363 418.5622
1542.953 418.4811
1541.104 418.3839
1539.284 418.2747
1537.53 418.1486
1536.016 418.0447
1534.465 417.9359
1532.985 417.8219
1531.597 417.7282
1530.452 417.7381
1529.301 417.8084
1528.178 417.8791
1527.019 417.9463
1525.97 418.0127
1524.957 418.105
1523.999 418.1956
1523.015 418.2191
1521.93 418.1667
1520.878 418.0622
1519.725 417.9686
1518.431 417.8679
1517.182 417.7827
1516.007 417.6738
1514.787 417.5381
1513.44 417.3604
1512 417.1795
1510.342 416.9792
1502.861 416.7563
1500.908 416.797
1498.591 416.8511
1496.145 416.9085
1493.803 416.9445
1491.377 417.0023
1489.017 417.0465
1486.805 417.119
1484.552 417.1294
1482.553 417.1128
1480.664 417.041
1478.89 416.9417
1477.164 416.8146
1474.106 416.4691
1471.324 416.0744
1469.146 415.609
1467.392 415.1466
1465.948 414.8135
1465.268 414.5973
1464.653 414.3317
1464.086 413.9683
1463.534 413.5607
1462.983 413.111
1462.398 412.6338
1461.898 412.1555
1461.322 411.6574
1460.825 411.1781
1460.454 410.6462
1460.237 410.2711
1459.998 409.7524
1459.753 409.1978
1459.595 408.632
1459.578 408.0317
1459.689 407.4816
1459.823 406.9702
1460.082 406.4247
1460.445 405.8115
1460.831 405.1609
1461.271 404.5882
1461.805 404.145
1462.413 403.8075
1462.994 403.4886
1463.508 403.1484
1464.029 402.7381
1464.531 402.2949
1465.071 401.7721
1465.58 401.1956
1466.052 400.6872
1466.589 400.2819
1467.178 399.9728
1467.605 399.7502
1468.072 399.6092
1468.612 399.5433
1469.041 399.5404
1469.444 399.5273
1469.807 399.5177
1470.169 399.5382
1470.484 399.6813
1470.746 399.991
1470.808 400.3802
1470.754 400.6702
1470.648 400.8626
1470.599 400.9149
1470.514 400.8957
1470.427 400.7974
1470.388 400.633
1470.394 400.3979
1470.447 400.1234
1470.534 399.8402
1470.683 399.5015
1470.954 399.1097
1471.279 398.7206
1471.536 398.3444
1471.806 397.9867
1472.122 397.6737
1472.437 397.34
1472.754 396.9622
1473.104 396.4948
1473.52 396.0041
1473.817 395.5895
1474.039 395.1587
1474.249 394.686
1474.536 394.1997
1474.792 393.7637
1474.973 393.3703
1475.208 393.0554
1475.434 392.9043
1475.592 392.8255
1475.665 392.8324
1475.764 392.8857
1475.892 392.9424
1475.986 393.0633
1476.043 393.2295
1476.115 393.369
1476.238 393.5452
1476.35 393.8076
1476.418 394.1157
1476.47 394.4177
1476.514 394.6463
1476.556 394.8185
1476.577 394.9531
1476.549 395.0818
1476.475 395.2026
1476.455 395.369
1476.417 395.6149
1476.284 395.9214
1476.093 396.2494
1475.948 396.5566
1475.817 396.8501
1475.735 397.0854
1475.623 397.2829
1475.454 397.4798
1475.298 397.6662
1475.143 397.8472
1475.023 398.0115
1474.906 398.1745
1474.768 398.304
1474.614 398.3929
1474.462 398.429
1474.322 398.4006
1474.21 398.3265
1474.178 398.2354
1474.173 398.1306
1474.182 397.9905
1474.207 397.8382
1474.204 397.721
1474.245 397.6626
1474.25 397.6704
1474.192 397.7101
1474.11 397.7624
1474.018 397.8018
1473.859 397.8433
1473.637 397.8465
1473.391 397.8315
1473.176 397.7864
1472.946 397.7474
1472.643 397.6699
1472.336 397.5615
1472.1 397.4295
1471.936 397.2856
1471.769 397.1328
1471.608 397.0036
1471.484 396.9146
1471.376 396.8498
1471.326 396.8187
1471.328 396.8174
1471.287 396.8203
1471.195 396.8062
1471.087 396.7711
1470.98 396.7402
1470.821 396.7544
1470.595 396.8242
1470.349 396.9067
1470.03 397.0187
1469.674 397.1447
1469.319 397.2632
1469.057 397.4144
1468.9 397.5854
1468.769 397.7868
1468.64 398.0008
1468.632 398.2091
1468.733 398.4128
1468.847 398.6121
1468.992 398.7699
1469.173 398.8851
1469.402 398.958
1469.553 399.0073
1469.627 399.0237
1469.684 398.9749
1469.726 398.884
1469.707 398.7573
1469.588 398.5744
1469.418 398.3304
1469.18 398.0768
1468.835 397.8501
1468.361 397.6966
1467.759 397.5724
1467.017 397.4549
1466.145 397.3781
1465.129 397.359
1463.824 397.4105
1462.285 397.5264
1460.463 397.6901
1458.518 397.8889
1456.455 398.1413
1454.355 398.4219
1452.008 398.7837
1449.552 399.2013
1447.191 399.6453
1444.485 400.1427
1441.723 400.6491
1438.82 401.1952
1435.806 401.8001
1432.788 402.4023
1429.716 403.0111
1426.383 403.6382
1423.01 404.2449
1419.65 404.8268
1415.928 405.415
1412.257 405.887
1409.064 406.2108
1405.589 406.4725
1401.989 406.7233
1398.366 407.0067
1394.511 407.3651
1391.063 407.6864
1387.663 408.0116
1384.815 408.2888
1382.395 408.5352
1378.8 408.9002
1375.252 409.2889
1371.679 409.7301
1368.152 410.2415
1364.572 410.8122
1360.832 411.431
1357.043 412.0954
1353.106 412.8522
1348.511 413.8264
1344.689 414.7284
1341.295 415.5903
1337.716 416.5657
1334.17 417.5726
1330.686 418.5672
1327.284 419.5775
1324.128 420.5697
1321.301 421.4798
1318.554 422.3513
1316.019 423.0923
1313.78 423.7199
1311.683 424.2957
1309.972 424.7589
1308.526 425.1564
1307.176 425.5807
1305.96 426.0356
1304.971 426.4513
1304.065 426.8928
1303.506 427.2834
1303.022 427.6571
1302.605 428.0905
1302.378 428.6237
1302.319 429.1628
1302.411 429.6927
1302.666 430.1244
1303.073 430.5298
1303.721 430.9055
1304.557 431.2515
1305.572 431.5919
1306.757 431.9862
1307.97 432.3739
1309.133 432.7272
1310.402 433.0619
1311.675 433.3317
1312.891 433.522
1314.062 433.6442
1315.184 433.6875
1316.109 433.7284
1317.023 433.8314
1317.807 433.9937
1318.373 434.203
1318.875 434.5504
1319.24 434.9857
1319.415 435.4717
1319.443 435.9074
1319.439 436.3592
1319.39 436.8318
1319.241 437.4103
1319.049 437.9297
1318.906 438.4614
1318.799 439.05
1318.698 439.7425
1318.487 440.7975
1318.238 442.2633
1318.43 443.7314
1318.921 445.3918
1319.469 447.0895
1319.946 448.7145
1320.392 450.1022
1320.714 451.3097
1320.879 452.2397
1321.089 452.9608
1321.43 453.5028
1321.806 453.9286
1322.131 454.2609
1322.459 454.558
1322.766 454.8604
1323.133 455.3939
1323.448 456.0571
1323.563 456.6709
1323.628 457.2176
1323.814 457.8141
1324.018 458.407
1324.138 459.0537
1324.222 459.8109
1324.371 460.6457
1324.454 461.4676
1324.308 462.2132
1323.846 462.5249
1323.262 462.3241
1322.838 462.0329
1322.94 462.0405
1323.278 462.1271
1323.389 462.1449
1323.215 462.2002
1323.097 462.3704
1322.891 462.5384
1322.5 462.6416
1322.036 462.673
1321.713 462.6675
1321.496 462.589
1321.37 462.4455
1321.311 462.2427
1321.44 462.0184
1321.689 461.8335
1321.834 461.7415
1321.622 461.8228
1321.189 461.9935
1320.62 462.2378
1320.232 462.4302
1320.055 462.5483
1320.113 462.5924
1320.255 462.5794
1463.534 413.5607
1462.983 413.111
1462.398 412.6338
1461.898 412.1555
1461.322 411.6574
1460.825 411.1781
1460.454 410.6462
1460.237 410.2711
1459.998 409.7524
1459.753 409.1978
1459.595 408.632
1459.578 408.0317
1459.689 407.4816
1459.823 406.9702
1460.082 406.4247
1460.445 405.8115
1460.831 405.1609
1461.271 404.5882
1461.805 404.145
1462.413 403.8075
1462.994 403.4886
1463.508 403.1484
1464.029 402.7381
1464.531 402.2949
1465.071 401.7721
1465.58 401.1956
1466.052 400.6872
1466.589 400.2819
1467.178 399.9728
1467.605 399.7502
1468.072 399.6092
1468.612 399.5433
1469.041 399.5404
1469.444 399.5273
1469.807 399.5177
1470.169 399.5382
1470.484 399.6813
1470.746 399.991
1470.808 400.3802
1470.754 400.6702
1470.648 400.8626
1470.599 400.9149
1470.514 400.8957
1470.427 400.7974
1470.388 400.633
1470.394 400.3979
1470.447 400.1234
1470.534 399.8402
1470.683 399.5015
1470.954 399.1097
1471.279 398.7206
1471.536 398.3444
1471.806 397.9867
1472.122 397.6737
1472.437 397.34
1472.754 396.9622
1473.104 396.4948
1473.52 396.0041
1473.817 395.5895
1474.039 395.1587
1474.249 394.686
1474.536 394.1997
1474.792 393.7637
1474.973 393.3703
1475.208 393.0554
1475.434 392.9043
1475.592 392.8255
1475.665 392.8324
1475.764 392.8857
1475.892 392.9424
1475.986 393.0633
1476.043 393.2295
1476.115 393.369
1476.238 393.5452
1476.35 393.8076
1476.418 394.1157
1476.47 394.4177
1476.514 394.6463
1476.556 394.8185
1476.577 394.9531
1476.549 395.0818
1476.475 395.2026
1476.455 395.369
1476.417 395.6149
1476.284 395.9214
1476.093 396.2494
1475.948 396.5566
1475.817 396.8501
1475.735 397.0854
1475.623 397.2829
1475.454 397.4798
1475.298 397.6662
1475.143 397.8472
1475.023 398.0115
1474.906 398.1745
1474.768 398.304
1474.614 398.3929
1474.462 398.429
1474.322 398.4006
1474.21 398.3265
1474.178 398.2354
1474.173 398.1306
1474.182 397.9905
1474.207 397.8382
1474.204 397.721
1474.245 397.6626
1474.25 397.6704
1474.192 397.7101
1474.11 397.7624
1474.018 397.8018
1473.859 397.8433
1473.637 397.8465
1473.391 397.8315
1473.176 397.7864
1472.946 397.7474
1472.643 397.6699
1472.336 397.5615
1472.1 397.4295
1471.936 397.2856
1471.769 397.1328
1471.608 397.0036
1471.484 396.9146
1471.376 396.8498
1471.326 396.8187
1471.328 396.8174
1471.287 396.8203
1471.195 396.8062
1471.087 396.7711
1470.98 396.7402
1470.821 396.7544
1470.595 396.8242
1470.349 396.9067
1470.03 397.0187
1469.674 397.1447
1469.319 397.2632
1469.057 397.4144
1468.9 397.5854
1468.769 397.7868
1468.64 398.0008
1468.632 398.2091
1468.733 398.4128
1468.847 398.6121
1468.992 398.7699
1469.173 398.8851
1469.402 398.958
1469.553 399.0073
1469.627 399.0237
1469.684 398.9749
1469.726 398.884
1469.707 398.7573
1469.588 398.5744
1469.418 398.3304
1469.18 398.0768
1468.835 397.8501
1468.361 397.6966
1467.759 397.5724
1467.017 397.4549
1466.145 397.3781
1465.129 397.359
1463.824 397.4105
1462.285 397.5264
1460.463 397.6901
1458.518 397.8889
1456.455 398.1413
1454.355 398.4219
1452.008 398.7837
1449.552 399.2013
1447.191 399.6453
1444.485 400.1427
1441.723 400.6491
1438.82 401.1952
1435.806 401.8001
1432.788 402.4023
1429.716 403.0111
1426.383 403.6382
1423.01 404.2449
1419.65 404.8268
1415.928 405.415
1412.257 405.887
1409.064 406.2108
1405.589 406.4725
1401.989 406.7233
1398.366 407.0067
1394.511 407.3651
1391.063 407.6864
1387.663 408.0116
1384.815 408.2888
1382.395 408.5352
1378.8 408.9002
1375.252 409.2889
1371.679 409.7301
1368.152 410.2415
1364.572 410.8122
1360.832 411.431
1357.043 412.0954
1353.106 412.8522
1348.511 413.8264
1344.689 414.7284
1341.295 415.5903
1337.716 416.5657
1334.17 417.5726
1330.686 418.5672
1327.284 419.5775
1324.128 420.5697
1321.301 421.4798
1318.554 422.3513
1316.019 423.0923
1313.78 423.7199
1311.683 424.2957
1309.972 424.7589
1308.526 425.1564
1307.176 425.5807
1305.96 426.0356
1304.971 426.4513
1304.065 426.8928
1303.506 427.2834
1303.022 427.6571
1302.605 428.0905
1302.378 428.6237
1302.319 429.1628
1302.411 429.6927
1302.666 430.1244
1303.073 430.5298
1303.721 430.9055
1304.557 431.2515
1305.572 431.5919
1306.757 431.9862
1307.97 432.3739
1309.133 432.7272
1310.402 433.0619
1311.675 433.3317
1312.891 433.522
1314.062 433.6442
1315.184 433.6875
1316.109 433.7284
1317.023 433.8314
1317.807 433.9937
1318.373 434.203
1318.875 434.5504
1319.24 434.9857
1319.415 435.4717
1319.443 435.9074
1319.439 436.3592
1319.39 436.8318
1319.241 437.4103
1319.049 437.9297
1318.906 438.4614
1318.799 439.05
1318.698 439.7425
1318.487 440.7975
1318.238 442.2633
1318.43 443.7314
1318.921 445.3918
1319.469 447.0895
1319.946 448.7145
1320.392 450.1022
1320.714 451.3097
1320.879 452.2397
1321.089 452.9608
1321.43 453.5028
1321.806 453.9286
1322.131 454.2609
1322.459 454.558
1322.766 454.8604
1323.133 455.3939
1323.448 456.0571
1323.563 456.6709
1323.628 457.2176
1323.814 457.8141
1324.018 458.407
1324.138 459.0537
1324.222 459.8109
1324.371 460.6457
1324.454 461.4676
1324.308 462.2132
1323.846 462.5249
1323.262 462.3241
1322.838 462.0329
1322.94 462.0405
1323.278 462.1271
1323.389 462.1449
1323.215 462.2002
1323.097 462.3704
1322.891 462.5384
1322.5 462.6416
1322.036 462.673
1321.713 462.6675
1321.496 462.589
1321.37 462.4455
1321.311 462.2427
1321.44 462.0184
1321.689 461.8335
1321.834 461.7415
1321.622 461.8228
1321.189 461.9935
1320.62 462.2378
1320.232 462.4302
1320.055 462.5483
1320.113 462.5924
1320.255 462.5794
