1920 480
2672.266 480
2672.266 480
2672.266 480
2672.266 480
2672.266 480
2672.266 480
2672.266 480
2672.266 480
2672.266 480
2672.266 480
2672.266 480
2672.266 480
2672.266 480
2672.266 480
2672.266 480
2672.266 480
2672.266 480
2672.266 480
2672.266 480
2672.266 480
2672.266 480
2672.266 480
2672.266 480
2672.266 480
2672.266 480
2672.266 480
2674.779 480
2682.984 480
2696.437 480
2719.288 480
2734.203 480
2753.512 480
2775.621 480
2791.614 480
2813.273 480
2832.696 480
2849.133 480
2867.573 480
2889.036 480
2907.311 480
2924.066 480
2945.766 480
2961.428 480
2980.78 480
3002.366 480
3019.901 480
3037.252 480
3055.831 480
3076.765 480
3094.841 480
3110.182 480
3126.443 480
3134.997 480
3134.997 480
3134.997 480
3134.997 480
3134.997 480
3134.997 480
3134.997 480
3134.997 480
3134.997 480
3134.997 480
3134.997 480
3134.997 480
3134.997 480
3134.997 480
3130.587 480
3109.215 480
3087.75 480
3062.553 480
3044.887 480
3020.199 480
3002.314 480
2981.111 480
2956.061 480
2938.615 480
2917.266 480
2892.171 480
2874.674 480
2850.719 480
2829.171 480
2810.236 480
2789.434 480
2764.225 480
2743.592 480
2725.238 480
2700.566 480
2682.472 480
2661.068 480
2636.957 480
2618.077 480
2596.906 480
2573.402 480
2554.661 480
2530.131 480
2508.696 480
2490.742 480
2469.457 480
2444.266 480
2423.458 480
2404.948 480
2380.914 480
2362.774 480
2341.444 480
2317.151 480
2298.595 480
2277.414 480
2252.855 480
2234.538 480
2209.962 480
2188.267 480
2170.224 480
2149.233 480
2125.314 480
2103.193 480
2084.794 480
2060.488 480
2042.693 480
2021.267 480
1996.529 480
1978.701 480
1957.256 480
1933.131 480
1914.519 480
1888.732 480
1867.752 480
1849.663 480
1829.54 480
1804.84 480
1783.669 480
1753.694 480
1740.616 480
1722.653 480
1701.213 480
1671.081 480
1658.884 480
1637.19 480
1612.815 480
1594.665 480
1565.157 480
1548.655 480
1530.724 480
1509.252 480
1484.99 480
1462.581 480
1444.855 480
1420.705 480
1402.311 480
1381.311 480
1357.385 480
1338.598 480
1312.305 480
1293.435 480
1274.167 480
1250.038 480
1229.144 480
1210.414 480
1189.422 480
1164.915 480
1143.06 480
1125.069 480
1100.423 480
1081.955 480
1064.615 480
1057.41 480
1057.41 480
1057.41 480
1057.41 480
1057.41 480
1057.41 480
1057.41 480
1057.41 480
1057.41 480
1057.41 480
1057.41 480
1057.41 480
1057.41 480
1057.41 480
1057.41 480
1057.41 480
1057.41 480
1057.41 480
1057.41 480
1057.41 480
1057.41 480
1057.41 480
1057.41 480
1057.41 480
1057.41 480
1057.41 480
1057.41 480
1057.41 480
1057.41 480
1057.41 480
1057.41 480
1057.41 480
1057.41 480
1057.41 480
1057.41 480
1057.41 480
1057.41 480
1057.41 480
1057.41 480
1057.41 480
1057.41 480
1057.41 480
1057.41 480
1057.41 480
1057.41 480
1057.41 480
1057.41 480
1058.161 480
1060.876 480
1065.207 480
1071.962 480
1078.629 480
1088.936 480
1101.242 480
1116.179 480
1134.479 480
1148.918 480
1165.094 480
1184.476 480
1199.191 480
1220.573 480
1235.921 480
1258.428 480
1274.508 480
1293.913 480
1316.526 480
1333.478 480
1352.98 480
1375.952 480
1392.461 480
1416.374 480
1434.572 480
1451.828 480
1472.612 480
1493.874 480
1514.014 480
1530.065 480
1553.778 480
1569.666 480
1589.082 480
1611.392 480
1628.864 480
1648.156 480
1670.768 480
1687.75 480
1711.087 480
1730.424 480
1746.612 480
1766.196 480
1789.565 480
1808.217 480
1825.744 480
1848.717 480
1864.859 480
1883.844 480
1905.859 480
1923.334 480
1942.736 480
1965.131 480
1982.003 480
2005.272 480
2024.566 480
2040.392 480
2061.25 480
2082.323 480
2101.97 480
2119.494 480
2142.064 480
2158.166 480
2177.722 480
2200.869 480
2217.15 480
2236.539 480
2261.157 480
2275.881 480
2298.383 480
2317.323 480
2334.573 480
2354.096 480
2376.03 480
2396.148 480
2412.939 480
2435.045 480
2452.029 480
2471.304 480
2493.329 480
2510.934 480
2530.262 480
2552.182 480
2569.161 480
2592.866 480
2611.696 480
2628.354 480
2650.048 480
2667.95 480
1920 480
2672.266 480
2672.266 480
2672.266 480
2672.266 480
2672.266 480
2672.266 480
2672.266 480
2672.266 480
2672.266 480
2672.266 480
2672.266 480
2672.266 480
2672.266 480
2672.266 480
2672.266 480
2672.266 480
2672.266 480
2672.266 480
2672.266 480
2672.266 480
2672.266 480
2672.266 480
2672.266 480
2672.266 480
2672.266 480
2672.266 480
2674.779 480
2682.984 480
2696.437 480
2719.288 480
2734.203 480
2753.512 480
2775.621 480
2791.614 480
2813.273 480
2832.696 480
2849.133 480
2867.573 480
2889.036 480
2907.311 480
2924.066 480
2945.766 480
2961.428 480
2980.78 480
3002.366 480
3019.901 480
3037.252 480
3055.831 480
3076.765 480
3094.841 480
3110.182 480
3126.443 480
3134.997 480
3134.997 480
3134.997 480
3134.997 480
3134.997 480
3134.997 480
3134.997 480
3134.997 480
3134.997 480
3134.997 480
3134.997 480
3134.997 480
3134.997 480
3134.997 480
3130.587 480
3109.215 480
3087.75 480
3062.553 480
3044.887 480
3020.199 480
3002.314 480
2981.111 480
2956.061 480
2938.615 480
2917.266 480
2892.171 480
2874.674 480
2850.719 480
2829.171 480
2810.236 480
2789.434 480
2764.225 480
2743.592 480
2725.238 480
2700.566 480
2682.472 480
2661.068 480
2636.957 480
2618.077 480
2596.906 480
2573.402 480
2554.661 480
2530.131 480
2508.696 480
2490.742 480
2469.457 480
2444.266 480
2423.458 480
2404.948 480
2380.914 480
2362.774 480
2341.444 480
2317.151 480
2298.595 480
2277.414 480
2252.855 480
2234.538 480
2209.962 480
2188.267 480
2170.224 480
2149.233 480
2125.314 480
2103.193 480
2084.794 480
2060.488 480
2042.693 480
2021.267 480
1996.529 480
1978.701 480
1957.256 480
1933.131 480
1914.519 480
1888.732 480
1867.752 480
1849.663 480
1829.54 480
1804.84 480
1783.669 480
1753.694 480
1740.616 480
1722.653 480
1701.213 480
1671.081 480
1658.884 480
1637.19 480
1612.815 480
1594.665 480
1565.157 480
1548.655 480
1530.724 480
1509.252 480
1484.99 480
1462.581 480
1444.855 480
1420.705 480
1402.311 480
1381.311 480
1357.385 480
1338.598 480
1312.305 480
1293.435 480
1274.167 480
1250.038 480
1229.144 480
1210.414 480
1189.422 480
1164.915 480
1143.06 480
1125.069 480
1100.423 480
1081.955 480
1064.615 480
1057.41 480
1057.41 480
1057.41 480
1057.41 480
1057.41 480
1057.41 480
1057.41 480
1057.41 480
1057.41 480
1057.41 480
1057.41 480
1057.41 480
1057.41 480
1057.41 480
1057.41 480
1057.41 480
1057.41 480
1057.41 480
1057.41 480
1057.41 480
1057.41 480
1057.41 480
1057.41 480
1057.41 480
1057.41 480
1057.41 480
1057.41 480
1057.41 480
1057.41 480
1057.41 480
1057.41 480
1057.41 480
1057.41 480
1057.41 480
1057.41 480
1057.41 480
1057.41 480
1057.41 480
1057.41 480
1057.41 480
1057.41 480
1057.41 480
1057.41 480
1057.41 480
1057.41 480
1057.41 480
1057.41 480
1058.161 480
1060.876 480
1065.207 480
1071.962 480
1078.629 480
1088.936 480
1101.242 480
1116.179 480
1134.479 480
1148.918 480
1165.094 480
1184.476 480
1199.191 480
1220.573 480
1235.921 480
1258.428 480
1274.508 480
1293.913 480
1316.526 480
1333.478 480
1352.98 480
1375.952 480
1392.461 480
1416.374 480
1434.572 480
1451.828 480
1472.612 480
1493.874 480
1514.014 480
1530.065 480
1553.778 480
1569.666 480
1589.082 480
1611.392 480
1628.864 480
1648.156 480
1670.768 480
1687.75 480
1711.087 480
1730.424 480
1746.612 480
1766.196 480
1789.565 480
1808.217 480
1825.744 480
1848.717 480
1864.859 480
1883.844 480
1905.859 480
1923.334 480
1942.736 480
1965.131 480
1982.003 480
2005.272 480
2024.566 480
2040.392 480
2061.25 480
2082.323 480
2101.97 480
2119.494 480
2142.064 480
2158.166 480
2177.722 480
2200.869 480
2217.15 480
2236.539 480
2261.157 480
2275.881 480
2298.383 480
2317.323 480
2334.573 480
2354.096 480
2376.03 480
2396.148 480
2412.939 480
2435.045 480
2452.029 480
2471.304 480
2493.329 480
2510.934 480
2530.262 480
2552.182 480
2569.161 480
2592.866 480
2611.696 480
2628.354 480
2650.048 480
2667.95 480
2684.242 480
2697.486 480
2708.071 480
2714.466 480
2716.171 480
2716.575 480
2716.575 480
2716.575 480
2716.575 480
2716.575 480
2716.575 480
2716.575 480
2716.575 480
2716.575 480
2716.575 480
2716.575 480
2716.575 480
2716.575 480
2716.575 480
2719.922 480
2729.168 480
2744.339 480
2760.954 480
2777.869 480
2797.639 480
2814.538 480
2828.31 480
2845.184 480
2866.204 480
2878.741 480
2896.162 480
2905.14 480
2911.43 480
2912.969 480
2912.969 480
2912.969 480
2912.969 480
2912.969 480
2912.969 480
2912.969 480
2912.969 480
2912.969 480
2912.969 480
2912.969 480
2912.969 480
2912.969 480
2912.969 480
2912.969 480
2912.969 480
2912.969 480
2912.969 480
2901.421 480
2879.982 480
2858.857 480
2837.634 480
2812.117 480
2791.032 480
2773.694 480
2750.252 480
2726.363 480
2706.768 480
2688.08 480
2662.863 480
2645.531 480
2623.878 480
2598.982 480
2581.439 480
2559.708 480
2535.45 480
2517.59 480
2492.405 480
2472.138 480
2453.507 480
2432.279 480
2407.929 480
2386.643 480
2368.368 480
2343.03 480
2325.522 480
2304.078 480
2279.563 480
2261.402 480
2239.81 480
2215.661 480
2197.688 480
2173.199 480
2150.312 480
2133.505 480
2109.42 480
2086.753 480
2063.325 480
2047.979 480
2024.211 480
2005.53 480
1983.95 480
1959.864 480
1941.343 480
1919.746 480
1895.872 480
1877.527 480
1852.405 480
1832.057 480
1813.332 480
1792.276 480
1767.551 480
1746.387 480
1727.869 480
1703.357 480
1685.74 480
1663.606 480
1639.792 480
1621.424 480
1600.244 480
1574.226 480
1557.149 480
1533.172 480
1511.989 480
1493.317 480
1470.301 480
1447.853 480
1425.964 480
1407.882 480
1383.235 480
1365.684 480
1344.218 480
1318.615 480
1301.108 480
1280.28 480
1255.233 480
1237.089 480
1213.418 480
1191.461 480
1173.668 480
1152.163 480
1127.199 480
1105.467 480
1088.369 480
1062.942 480
1045.513 480
1024.258 480
998.4865 480
981.1865 480
960.0948 480
935.25 480
917.3633 480
893.3948 480
871.6618 480
853.3093 480
830.6448 480
807.6979 480
786.8157 480
767.8818 480
742.9333 480
725.2031 480
704.1696 480
679.5648 480
661.3525 480
640.1149 480
615.7034 480
597.2601 480
571.7549 480
552.0739 480
533.597 480
511.9186 480
487.9118 480
466.3457 480
448.2607 480
422.5218 480
397.0342 480
384.0586 480
360.0309 480
341.2588 480
320.0238 480
294.666 480
277.4772 480
253.4753 480
231.2529 480
213.4004 480
190.8477 480
167.6621 480
145.3939 480
128.152 480
104.0345 480
85.48893 480
63.80566 480
39.61361 480
21.4847 480
0.08854166 480
3814.934 480
3797.389 480
3772.917 480
3751.76 480
3733.275 480
3712.116 480
3687.703 480
3666.832 480
3648.133 480
3622.24 480
3605.459 480
3583.999 480
3559.339 480
3541.215 480
3520.36 480
3495.38 480
3477.647 480
3453.484 480
3432.195 480
3413.088 480
3391.088 480
3367.726 480
3346.911 480
3328.022 480
3303.455 480
3285.409 480
3264.056 480
3239.27 480
3221.531 480
3200.343 480
3176.207 480
3157.704 480
3133.41 480
3110.819 480
3093.424 480
3072.217 480
3020.404 480
3011.79 480
2989.619 480
2971.544 480
2947.709 480
2929.474 480
2907.868 480
2883.581 480
2865.608 480
2844.198 480
2819.144 480
2800.939 480
2777.379 480
2755.884 480
2736.877 480
2716.412 480
2691.284 480
2670.652 480
2652.426 480
2626.953 480
2609.591 480
2588.219 480
2563.936 480
2545.445 480
2524.43 480
2499.478 480
2481.922 480
2456.355 480
2436.14 480
2417.557 480
2396.323 480
2371.384 480
2350.599 480
2332.265 480
2307.528 480
2289.644 480
2267.832 480
2243.881 480
2225.787 480
2204.225 480
2179.083 480
2161.302 480
2137.637 480
2115.206 480
2097.21 480
2076.214 480
2051.18 480
2030.064 480
2012.185 480
1987.365 480
1969.873 480
1948.224 480
1926.207 480
1909.3 480
1889.68 480
1866.983 480
1850.432 480
1828.014 480
1806.351 480
1788.44 480
1767.066 480
1742.454 480
1721.152 480
1703.018 480
1678.192 480
1660.536 480
1638.526 480
1614.185 480
1596.331 480
1575.209 480
1550.478 480
1532.082 480
1507.828 480
1486.961 480
1467.927 480
1447.111 480
2684.242 480
2697.486 480
2708.071 480
2714.466 480
2716.171 480
2716.575 480
2716.575 480
2716.575 480
2716.575 480
2716.575 480
2716.575 480
2716.575 480
2716.575 480
2716.575 480
2716.575 480
2716.575 480
2716.575 480
2716.575 480
2716.575 480
2719.922 480
2729.168 480
2744.339 480
2760.954 480
2777.869 480
2797.639 480
2814.538 480
2828.31 480
2845.184 480
2866.204 480
2878.741 480
2896.162 480
2905.14 480
2911.43 480
2912.969 480
2912.969 480
2912.969 480
2912.969 480
2912.969 480
2912.969 480
2912.969 480
2912.969 480
2912.969 480
2912.969 480
2912.969 480
2912.969 480
2912.969 480
2912.969 480
2912.969 480
2912.969 480
2912.969 480
2912.969 480
2901.421 480
2879.982 480
2858.857 480
2837.634 480
2812.117 480
2791.032 480
2773.694 480
2750.252 480
2726.363 480
2706.768 480
2688.08 480
2662.863 480
2645.531 480
2623.878 480
2598.982 480
2581.439 480
2559.708 480
2535.45 480
2517.59 480
2492.405 480
2472.138 480
2453.507 480
2432.279 480
2407.929 480
2386.643 480
2368.368 480
2343.03 480
2325.522 480
2304.078 480
2279.563 480
2261.402 480
2239.81 480
2215.661 480
2197.688 480
2173.199 480
2150.312 480
2133.505 480
2109.42 480
2086.753 480
2063.325 480
2047.979 480
2024.211 480
2005.53 480
1983.95 480
1959.864 480
1941.343 480
1919.746 480
1895.872 480
1877.527 480
1852.405 480
1832.057 480
1813.332 480
1792.276 480
1767.551 480
1746.387 480
1727.869 480
1703.357 480
1685.74 480
1663.606 480
1639.792 480
1621.424 480
1600.244 480
1574.226 480
1557.149 480
1533.172 480
1511.989 480
1493.317 480
1470.301 480
1447.853 480
1425.964 480
1407.882 480
1383.235 480
1365.684 480
1344.218 480
1318.615 480
1301.108 480
1280.28 480
1255.233 480
1237.089 480
1213.418 480
1191.461 480
1173.668 480
1152.163 480
1127.199 480
1105.467 480
1088.369 480
1062.942 480
1045.513 480
1024.258 480
998.4865 480
981.1865 480
960.0948 480
935.25 480
917.3633 480
893.3948 480
871.6618 480
853.3093 480
830.6448 480
807.6979 480
786.8157 480
767.8818 480
742.9333 480
725.2031 480
704.1696 480
679.5648 480
661.3525 480
640.1149 480
615.7034 480
597.2601 480
571.7549 480
552.0739 480
533.597 480
511.9186 480
487.9118 480
466.3457 480
448.2607 480
422.5218 480
397.0342 480
384.0586 480
360.0309 480
341.2588 480
320.0238 480
294.666 480
277.4772 480
253.4753 480
231.2529 480
213.4004 480
190.8477 480
167.6621 480
145.3939 480
128.152 480
104.0345 480
85.48893 480
63.80566 480
39.61361 480
21.4847 480
0.08854166 480
3814.934 480
3797.389 480
3772.917 480
3751.76 480
3733.275 480
3712.116 480
3687.703 480
3666.832 480
3648.133 480
3622.24 480
3605.459 480
3583.999 480
3559.339 480
3541.215 480
3520.36 480
3495.38 480
3477.647 480
3453.484 480
3432.195 480
3413.088 480
3391.088 480
3367.726 480
3346.911 480
3328.022 480
3303.455 480
3285.409 480
3264.056 480
3239.27 480
3221.531 480
3200.343 480
3176.207 480
3157.704 480
3133.41 480
3110.819 480
3093.424 480
3072.217 480
3020.404 480
3011.79 480
2989.619 480
2971.544 480
2947.709 480
2929.474 480
2907.868 480
2883.581 480
2865.608 480
2844.198 480
2819.144 480
2800.939 480
2777.379 480
2755.884 480
2736.877 480
2716.412 480
2691.284 480
2670.652 480
2652.426 480
2626.953 480
2609.591 480
2588.219 480
2563.936 480
2545.445 480
2524.43 480
2499.478 480
2481.922 480
2456.355 480
2436.14 480
2417.557 480
2396.323 480
2371.384 480
2350.599 480
2332.265 480
2307.528 480
2289.644 480
2267.832 480
2243.881 480
2225.787 480
2204.225 480
2179.083 480
2161.302 480
2137.637 480
2115.206 480
2097.21 480
2076.214 480
2051.18 480
2030.064 480
2012.185 480
1987.365 480
1969.873 480
1948.224 480
1926.207 480
1909.3 480
1889.68 480
1866.983 480
1850.432 480
1828.014 480
1806.351 480
1788.44 480
1767.066 480
1742.454 480
1721.152 480
1703.018 480
1678.192 480
1660.536 480
1638.526 480
1614.185 480
1596.331 480
1575.209 480
1550.478 480
1532.082 480
1507.828 480
1486.961 480
1467.927 480
1447.111 480
