1920 480
1920 480
1316.551 578.1667
1333.426 576.7653
1343.433 572.0782
1345.888 567.0384
1349.342 564.7214
1356.206 562.1243
1360.186 560.3189
1365.321 558.8267
1368.912 558.5023
1381.951 558.3409
1392.001 557.5925
1400.891 555.623
1550.787 553.2693
1564.761 552.1724
1567.437 551.7996
1570.482 551.5941
1572.748 551.7136
1571.193 551.6167
1569.158 551.5027
1566.151 551.2876
1563.771 550.899
1561.561 550.8063
1559.288 550.677
1558.356 550.5948
1550.268 550.7293
1549.941 550.693
1549.528 550.6716
1549.635 550.6632
1556.714 550.0845
1563.231 549.433
1569.201 548.7703
1574.739 548.1092
1579.902 547.496
1584.675 546.8926
1589.146 546.2465
1593.59 545.5555
1598.184 544.8544
1602.395 544.2719
1606.527 543.7194
1610.385 543.2172
1613.85 542.7622
1617.513 542.4103
1620.921 542.199
1624.701 542.0172
1628.487 541.8577
1632.093 541.6994
1635.512 541.5192
1638.738 541.3472
1641.696 541.0982
1644.803 540.8505
1647.613 540.6555
1651.175 540.5815
1654.881 540.5836
1658.678 540.636
1662.592 540.6569
1666.835 540.7173
1671.454 540.7999
1676.71 540.9435
1682.311 541.1456
1688.571 541.5403
1694.802 542.2008
1701.442 543.1431
1708.081 544.2286
1715.151 545.4244
1722.436 546.7192
1730.113 548.09
1738.214 549.5659
1746.618 551.0635
1755.449 552.6753
1764.701 554.2097
1774.656 555.6572
1784.946 556.7079
1795.661 557.5176
1806.39 558.0552
1817.196 558.5906
1827.701 559.0091
1838.346 559.4489
1848.97 559.79
1859.877 560.1801
1869.747 560.4782
1879.598 560.7924
1888.54 561.0162
1897.371 561.3171
1905.748 561.6255
1913.961 562.0661
1921.892 562.5929
1930.074 563.1554
1937.762 563.4766
1945.628 563.5982
1953.693 563.5928
1962.059 563.6204
1970.657 563.6432
1978.972 563.5658
1986.753 563.2135
1994.142 562.6537
2001.288 561.9354
2008.127 561.2371
2014.779 560.5485
2021.107 559.8918
2027.182 559.2449
2032.906 558.5621
2038.325 557.7213
2043.187 556.8177
2047.714 555.9065
2052.02 555.0889
2056.13 554.3486
2060.04 553.6578
2063.676 552.9681
2067.17 552.2411
2070.16 551.6047
2073.292 550.9953
2076.41 550.4839
2079.458 550.0912
2082.365 549.8083
2085.126 549.5806
2087.887 549.3485
2090.05 549.1675
2092.305 549.0374
2094.489 548.9979
2096.594 549.0197
2098.535 549.0474
2100.216 549.0471
2101.457 549.0718
2102.475 549.1915
2103.12 549.4437
2103.503 549.8397
2103.47 550.3105
2102.978 550.7636
2102.216 551.185
2101.1 551.6479
2099.811 552.2014
2098.388 552.8064
2096.699 553.4957
2094.969 554.1116
2093.164 554.6499
2091.198 555.0812
2089.17 555.3702
2086.99 555.4872
2084.579 555.4711
2081.788 555.3741
2078.52 555.2195
2074.447 554.9968
2069.306 554.7449
2063.584 554.5197
2057.306 554.2714
2050.2 553.8634
2041.898 553.2052
2032.344 552.3552
2020.643 551.4211
2008.779 550.6788
1994.439 549.9241
1981.488 549.2968
1968.626 548.5988
1954.762 547.7158
1939.998 546.6643
1925.294 545.6205
1910.33 544.684
1894.584 543.8705
1877.735 543.1287
1862.447 542.5123
1846.016 541.8951
1829.528 541.3447
1812.618 540.8593
1795.484 540.4175
1779.189 540.0561
1762.657 539.772
1746.328 539.4989
1730.801 539.1995
1714.849 538.8052
1698.294 538.3317
1682.745 537.8969
1668.012 537.6067
1653.429 537.4466
1639.796 537.3743
1625.696 537.2205
1611.537 536.9819
1597.452 536.7269
1583.688 536.4823
1569.938 536.2479
1556.605 535.9968
1543.326 535.8128
1529.443 535.6627
1515.855 535.5411
1501.02 535.4341
1487.017 535.2762
1473.831 535.0009
1460.413 534.5884
1446.868 534.1331
1433.206 533.7072
1418.77 533.3635
1404.966 533.1555
1391.791 532.9894
1378.514 532.7338
1365.553 532.3112
1352.506 531.8815
1339.41 531.4732
1313.976 530.9065
1297.122 530.7107
1284.611 530.6402
1273.077 530.5139
1261.964 530.2769
1251.174 529.8716
1240.746 529.4548
1230.491 529.0623
1220.342 528.7899
1210.465 528.5659
1200.977 528.4401
1192.042 528.3484
1181.027 528.0903
1173.834 527.8168
1166.772 527.5398
1159.982 527.2407
1152.566 527.1075
1146.563 527.3337
1140.659 527.8157
1135.238 528.1597
1130.314 528.2163
1126.073 528.0393
1121.856 527.8202
1118.458 527.6483
1115.343 527.5447
1112.597 527.6179
1110.324 527.9974
1108.157 528.5024
1106.244 528.7684
1104.558 528.7935
1102.799 528.794
1101.24 528.8582
1099.512 529.0593
1097.324 529.4017
1095.086 529.8998
1092.891 530.5731
1090.417 531.2823
1087.755 531.7316
1085.084 531.9867
1082.575 532.1049
1080.229 532.2162
1077.896 532.2429
1075.094 532.2667
1072.213 532.3439
1069.167 532.5631
1066.134 532.7375
1053.329 532.2742
1050.363 532.1635
1046.466 531.979
1042.29 531.7775
1037.695 531.5009
1032.819 531.1662
1027.779 530.7474
1022.295 530.2235
1016.362 529.5764
1010.338 528.9397
1003.741 528.2429
996.6125 527.4774
988.6716 526.5697
972.7582 524.7315
955.1348 522.6281
937.1296 520.7667
917.2103 518.8896
895.9515 517.0657
873.8415 515.4703
849.6475 514.1542
836.9085 513.6307
824.1693 513.0997
810.9307 512.6331
796.8659 512.1306
783.0016 511.7766
768.6315 511.4856
754.2435 511.3241
740.739 511.1388
726.5257 510.9598
712.0996 510.7576
697.2399 510.5681
682.3711 510.2977
668.1393 509.9924
654.7402 509.6186
640.7513 509.3058
626.957 509.0482
612.9251 508.8261
597.8789 508.6265
584.2578 508.4958
571.9251 508.3143
558.8431 508.0266
546.7888 507.7259
533.8665 507.5649
520.9681 507.6082
508.7936 507.8355
497.278 508.1234
485.3395 508.5104
473.0384 508.9954
460.9167 509.59
448.0664 510.3456
435.8548 511.2537
424.4795 512.2191
412.1367 513.3741
399.6549 514.612
386.9258 515.9805
373.2962 517.5035
1920 480
1920 480
1316.551 578.1667
1333.426 576.7653
1343.433 572.0782
1345.888 567.0384
1349.342 564.7214
1356.206 562.1243
1360.186 560.3189
1365.321 558.8267
1368.912 558.5023
1381.951 558.3409
1392.001 557.5925
1400.891 555.623
1550.787 553.2693
1564.761 552.1724
1567.437 551.7996
1570.482 551.5941
1572.748 551.7136
1571.193 551.6167
1569.158 551.5027
1566.151 551.2876
1563.771 550.899
1561.561 550.8063
1559.288 550.677
1558.356 550.5948
1550.268 550.7293
1549.941 550.693
1549.528 550.6716
1549.635 550.6632
1556.714 550.0845
1563.231 549.433
1569.201 548.7703
1574.739 548.1092
1579.902 547.496
1584.675 546.8926
1589.146 546.2465
1593.59 545.5555
1598.184 544.8544
1602.395 544.2719
1606.527 543.7194
1610.385 543.2172
1613.85 542.7622
1617.513 542.4103
1620.921 542.199
1624.701 542.0172
1628.487 541.8577
1632.093 541.6994
1635.512 541.5192
1638.738 541.3472
1641.696 541.0982
1644.803 540.8505
1647.613 540.6555
1651.175 540.5815
1654.881 540.5836
1658.678 540.636
1662.592 540.6569
1666.835 540.7173
1671.454 540.7999
1676.71 540.9435
1682.311 541.1456
1688.571 541.5403
1694.802 542.2008
1701.442 543.1431
1708.081 544.2286
1715.151 545.4244
1722.436 546.7192
1730.113 548.09
1738.214 549.5659
1746.618 551.0635
1755.449 552.6753
1764.701 554.2097
1774.656 555.6572
1784.946 556.7079
1795.661 557.5176
1806.39 558.0552
1817.196 558.5906
1827.701 559.0091
1838.346 559.4489
1848.97 559.79
1859.877 560.1801
1869.747 560.4782
1879.598 560.7924
1888.54 561.0162
1897.371 561.3171
1905.748 561.6255
1913.961 562.0661
1921.892 562.5929
1930.074 563.1554
1937.762 563.4766
1945.628 563.5982
1953.693 563.5928
1962.059 563.6204
1970.657 563.6432
1978.972 563.5658
1986.753 563.2135
1994.142 562.6537
2001.288 561.9354
2008.127 561.2371
2014.779 560.5485
2021.107 559.8918
2027.182 559.2449
2032.906 558.5621
2038.325 557.7213
2043.187 556.8177
2047.714 555.9065
2052.02 555.0889
2056.13 554.3486
2060.04 553.6578
2063.676 552.9681
2067.17 552.2411
2070.16 551.6047
2073.292 550.9953
2076.41 550.4839
2079.458 550.0912
2082.365 549.8083
2085.126 549.5806
2087.887 549.3485
2090.05 549.1675
2092.305 549.0374
2094.489 548.9979
2096.594 549.0197
2098.535 549.0474
2100.216 549.0471
2101.457 549.0718
2102.475 549.1915
2103.12 549.4437
2103.503 549.8397
2103.47 550.3105
2102.978 550.7636
2102.216 551.185
2101.1 551.6479
2099.811 552.2014
2098.388 552.8064
2096.699 553.4957
2094.969 554.1116
2093.164 554.6499
2091.198 555.0812
2089.17 555.3702
2086.99 555.4872
2084.579 555.4711
2081.788 555.3741
2078.52 555.2195
2074.447 554.9968
2069.306 554.7449
2063.584 554.5197
2057.306 554.2714
2050.2 553.8634
2041.898 553.2052
2032.344 552.3552
2020.643 551.4211
2008.779 550.6788
1994.439 549.9241
1981.488 549.2968
1968.626 548.5988
1954.762 547.7158
1939.998 546.6643
1925.294 545.6205
1910.33 544.684
1894.584 543.8705
1877.735 543.1287
1862.447 542.5123
1846.016 541.8951
1829.528 541.3447
1812.618 540.8593
1795.484 540.4175
1779.189 540.0561
1762.657 539.772
1746.328 539.4989
1730.801 539.1995
1714.849 538.8052
1698.294 538.3317
1682.745 537.8969
1668.012 537.6067
1653.429 537.4466
1639.796 537.3743
1625.696 537.2205
1611.537 536.9819
1597.452 536.7269
1583.688 536.4823
1569.938 536.2479
1556.605 535.9968
1543.326 535.8128
1529.443 535.6627
1515.855 535.5411
1501.02 535.4341
1487.017 535.2762
1473.831 535.0009
1460.413 534.5884
1446.868 534.1331
1433.206 533.7072
1418.77 533.3635
1404.966 533.1555
1391.791 532.9894
1378.514 532.7338
1365.553 532.3112
1352.506 531.8815
1339.41 531.4732
1313.976 530.9065
1297.122 530.7107
1284.611 530.6402
1273.077 530.5139
1261.964 530.2769
1251.174 529.8716
1240.746 529.4548
1230.491 529.0623
1220.342 528.7899
1210.465 528.5659
1200.977 528.4401
1192.042 528.3484
1181.027 528.0903
1173.834 527.8168
1166.772 527.5398
1159.982 527.2407
1152.566 527.1075
1146.563 527.3337
1140.659 527.8157
1135.238 528.1597
1130.314 528.2163
1126.073 528.0393
1121.856 527.8202
1118.458 527.6483
1115.343 527.5447
1112.597 527.6179
1110.324 527.9974
1108.157 528.5024
1106.244 528.7684
1104.558 528.7935
1102.799 528.794
1101.24 528.8582
1099.512 529.0593
1097.324 529.4017
1095.086 529.8998
1092.891 530.5731
1090.417 531.2823
1087.755 531.7316
1085.084 531.9867
1082.575 532.1049
1080.229 532.2162
1077.896 532.2429
1075.094 532.2667
1072.213 532.3439
1069.167 532.5631
1066.134 532.7375
1053.329 532.2742
1050.363 532.1635
1046.466 531.979
1042.29 531.7775
1037.695 531.5009
1032.819 531.1662
1027.779 530.7474
1022.295 530.2235
1016.362 529.5764
1010.338 528.9397
1003.741 528.2429
996.6125 527.4774
988.6716 526.5697
972.7582 524.7315
955.1348 522.6281
937.1296 520.7667
917.2103 518.8896
895.9515 517.0657
873.8415 515.4703
849.6475 514.1542
836.9085 513.6307
824.1693 513.0997
810.9307 512.6331
796.8659 512.1306
783.0016 511.7766
768.6315 511.4856
754.2435 511.3241
740.739 511.1388
726.5257 510.9598
712.0996 510.7576
697.2399 510.5681
682.3711 510.2977
668.1393 509.9924
654.7402 509.6186
640.7513 509.3058
626.957 509.0482
612.9251 508.8261
597.8789 508.6265
584.2578 508.4958
571.9251 508.3143
558.8431 508.0266
546.7888 507.7259
533.8665 507.5649
520.9681 507.6082
508.7936 507.8355
497.278 508.1234
485.3395 508.5104
473.0384 508.9954
460.9167 509.59
448.0664 510.3456
435.8548 511.2537
424.4795 512.2191
412.1367 513.3741
399.6549 514.612
386.9258 515.9805
373.2962 517.5035
359.7236 519.0931
346.2162 520.7231
332.2923 522.3987
318.5163 523.9797
304.7409 525.5215
289.8454 527.1874
275.6289 528.7902
261.1654 530.4079
246.6706 531.9936
232.0215 533.5351
217.4209 535.0212
201.8587 536.5721
187.3844 538.0504
177.04 539.2422
163.6029 540.7362
149.4688 542.0848
135.6878 543.1434
121.5964 544.0741
107.7868 545.0105
94.57096 546.019
81.21094 547.0885
68.38086 548.0223
55.32487 548.7711
39.93848 549.4911
27.81966 550.0771
16.38151 550.67
4.948242 551.2767
3834.027 551.874
3823.936 552.4472
3813.628 553.0687
3804.077 553.6342
3797.126 554.0382
3788.472 554.554
3780.253 555.1194
3773.158 555.7222
3766.19 556.4008
3759.915 556.9365
3754.187 557.3708
3748.718 557.7034
3743.897 558.0517
3739.802 558.4071
3735.956 558.9777
3733.577 559.4173
3731.768 559.7731
3730.497 559.956
3729.856 560.088
3729.876 560.1558
3730.69 560.2145
3732.005 560.2034
3733.598 560.1125
3735.685 559.8683
3738.15 559.4981
3741.122 558.9036
3748.653 557.3323
3754.693 556.1615
3759.702 555.1757
3764.988 554.0369
3770.719 552.7457
3776.773 551.4131
3783.827 549.9636
3791.787 548.4846
3798.438 547.3472
3807.428 546.0154
3817.207 544.8118
3827.747 543.7092
3833.469 543.1698
4.886068 542.1963
16.74707 541.2904
29.78027 540.3978
43.44206 539.5903
60.25586 538.6694
77.73373 537.6508
91.5013 536.7477
107.5527 535.6185
124.487 534.3787
141.4531 533.0936
159.6494 531.7025
178.2513 530.1946
196.9993 528.4481
214.9642 526.4733
232.5869 524.2643
250.4245 521.8289
271.5527 518.8855
289.64 516.3856
306.7523 513.9985
324.4333 511.3381
339.2744 508.8322
357.0326 505.5049
374.4212 502.1006
392.2578 498.6743
409.0179 495.5689
426.9496 492.4234
445.0807 489.4594
463.6426 486.6218
482.89 483.7827
502.2926 481.0738
520.319 478.7832
539.6735 476.6655
558.9893 474.9992
578.5059 473.7799
600.6279 472.71
619.7051 471.9702
637.9453 471.3927
657.6956 471.0181
677.6204 470.8584
697.7705 470.9565
717.7412 471.3068
737.4993 471.8957
756.9011 472.5705
776.4336 473.3675
796.0521 474.2547
816.0228 475.2988
837.3161 476.5854
856.5075 477.9967
875.2366 479.653
895.0166 481.6892
915.0254 483.9058
934.6406 486.134
954.3841 488.5198
974.5687 491.2311
993.7346 494.0291
1012.947 496.9383
1033.469 499.9228
1054.36 502.8321
1076.197 505.8404
1096.116 508.675
1115.402 511.5168
1134.597 514.3602
1154.618 517.2432
1174.628 519.958
1195.782 522.5956
1215.998 525.0215
1235.798 527.3903
1255.376 529.6728
1275.55 531.8392
1295.719 533.7017
1317.248 535.4181
1338.698 536.9967
1357.138 538.3118
1377.432 539.7038
1398.106 540.9578
1419.541 541.929
1441.347 542.531
1462.969 542.7654
1483.991 542.7717
1504.925 542.7073
1525.757 542.568
1546.619 542.2355
1569.783 541.6135
1591.102 540.8856
1609.47 540.2301
1629.722 539.4448
1648.793 538.6019
1668.072 537.5319
1688.142 536.202
1707.53 534.7999
1725.058 533.5319
1743.393 532.2311
1761.313 530.988
1778.85 529.8152
1797.013 528.6644
1814.399 527.6447
1830.159 526.774
1846.104 525.9314
1861.82 525.1024
1876.607 524.3257
1891.849 523.4488
1906.426 522.6465
1918.566 521.9778
1932.118 521.2079
1944.568 520.382
1957.104 519.5059
1969.517 518.6201
1980.74 517.8801
1990.64 517.2533
2000.487 516.7119
2010.101 516.3046
2019.102 516.1708
2028.4 516.3483
2036.975 516.7723
2045.033 517.1733
2053.287 517.4332
2061.116 517.5471
2068.56 517.6813
2075.892 517.9832
2082.203 518.4121
2087.661 518.8767
2092.622 519.4664
2096.954 520.1379
2100.464 520.8317
2103.103 521.4576
2104.628 521.9801
2105.284 522.4534
2105.417 523.0358
2104.857 523.6503
2103.492 524.2563
2101.355 524.7097
2099.093 525.1363
2095.971 525.4521
2092.49 525.9292
2088.283 526.3686
2083.745 526.817
2078.586 527.1301
2073.57 527.2804
2068.746 527.3682
2063.758 527.5065
2058.748 527.6967
2053.933 527.8737
2048.984 527.9449
2043.898 528.0012
2038.882 528.0953
2033.755 528.2955
2028.653 528.5875
2023.839 528.9307
2019.018 529.3759
2014.163 530.0118
2009.6 530.7209
2005.433 531.3766
2001.347 531.9133
1997.759 532.3665
1994.162 532.902
1990.747 533.5056
1987.668 534.0473
1984.617 534.538
1981.498 535.0249
1978.483 535.5034
1975.441 535.9318
1972.231 536.2414
1969.106 536.3566
1965.834 536.2909
1962.887 536.1198
1960.343 535.9324
1957.939 535.7161
1955.752 535.4068
1953.703 534.963
1951.807 534.3718
1950.022 533.6761
1948.25 532.909
1946.325 532.049
1944.269 531.1111
1942.407 530.2037
1940.548 529.239
1938.848 528.2813
1937.269 527.3765
1935.733 526.3698
1934.224 525.3132
1932.773 524.264
1931.301 523.1747
1929.884 522.1486
1928.443 521.1108
1927.007 520.1581
1925.628 519.2957
1924.31 518.5443
1922.954 517.8021
1921.782 517.1072
1920.125 515.6904
1919.696 515.1685
1919.158 514.5342
1918.687 514.0329
1918.299 513.6586
1917.978 513.3904
1917.696 513.2357
1917.353 513.2032
1916.922 513.2737
1916.464 513.4374
1915.952 513.6387
1915.289 513.9167
1914.681 514.1985
1914.037 514.5558
1913.364 514.9459
1912.675 515.3514
1911.69 515.8223
1910.736 516.1978
1909.595 516.608
1908.409 517.0835
1907.147 517.6016
1905.577 518.2639
1904.704 518.6396
1903.354 519.1917
1901.975 519.6742
1900.672 520.0793
1899.004 520.534
1897.131 520.9973
1895.035 521.434
1892.849 521.8226
1890.504 522.1404
1887.66 522.4227
1884.336 522.5745
1881.728 522.5652
1879.012 522.4619
1876.643 522.3444
1873.934 522.1702
1871.255 521.946
1868.656 521.7333
1866.116 521.6194
1863.438 521.6514
1860.964 521.7808
1858.882 521.895
1856.763 521.9804
1854.833 522.0308
359.7236 519.0931
346.2162 520.7231
332.2923 522.3987
318.5163 523.9797
304.7409 525.5215
289.8454 527.1874
275.6289 528.7902
261.1654 530.4079
246.6706 531.9936
232.0215 533.5351
217.4209 535.0212
201.8587 536.5721
187.3844 538.0504
177.04 539.2422
163.6029 540.7362
149.4688 542.0848
135.6878 543.1434
121.5964 544.0741
107.7868 545.0105
94.57096 546.019
81.21094 547.0885
68.38086 548.0223
55.32487 548.7711
39.93848 549.4911
27.81966 550.0771
16.38151 550.67
4.948242 551.2767
3834.027 551.874
3823.936 552.4472
3813.628 553.0687
3804.077 553.6342
3797.126 554.0382
3788.472 554.554
3780.253 555.1194
3773.158 555.7222
3766.19 556.4008
3759.915 556.9365
3754.187 557.3708
3748.718 557.7034
3743.897 558.0517
3739.802 558.4071
3735.956 558.9777
3733.577 559.4173
3731.768 559.7731
3730.497 559.956
3729.856 560.088
3729.876 560.1558
3730.69 560.2145
3732.005 560.2034
3733.598 560.1125
3735.685 559.8683
3738.15 559.4981
3741.122 558.9036
3748.653 557.3323
3754.693 556.1615
3759.702 555.1757
3764.988 554.0369
3770.719 552.7457
3776.773 551.4131
3783.827 549.9636
3791.787 548.4846
3798.438 547.3472
3807.428 546.0154
3817.207 544.8118
3827.747 543.7092
3833.469 543.1698
4.886068 542.1963
16.74707 541.2904
29.78027 540.3978
43.44206 539.5903
60.25586 538.6694
77.73373 537.6508
91.5013 536.7477
107.5527 535.6185
124.487 534.3787
141.4531 533.0936
159.6494 531.7025
178.2513 530.1946
196.9993 528.4481
214.9642 526.4733
232.5869 524.2643
250.4245 521.8289
271.5527 518.8855
289.64 516.3856
306.7523 513.9985
324.4333 511.3381
339.2744 508.8322
357.0326 505.5049
374.4212 502.1006
392.2578 498.6743
409.0179 495.5689
426.9496 492.4234
445.0807 489.4594
463.6426 486.6218
482.89 483.7827
502.2926 481.0738
520.319 478.7832
539.6735 476.6655
558.9893 474.9992
578.5059 473.7799
600.6279 472.71
619.7051 471.9702
637.9453 471.3927
657.6956 471.0181
677.6204 470.8584
697.7705 470.9565
717.7412 471.3068
737.4993 471.8957
756.9011 472.5705
776.4336 473.3675
796.0521 474.2547
816.0228 475.2988
837.3161 476.5854
856.5075 477.9967
875.2366 479.653
895.0166 481.6892
915.0254 483.9058
934.6406 486.134
954.3841 488.5198
974.5687 491.2311
993.7346 494.0291
1012.947 496.9383
1033.469 499.9228
1054.36 502.8321
1076.197 505.8404
1096.116 508.675
1115.402 511.5168
1134.597 514.3602
1154.618 517.2432
1174.628 519.958
1195.782 522.5956
1215.998 525.0215
1235.798 527.3903
1255.376 529.6728
1275.55 531.8392
1295.719 533.7017
1317.248 535.4181
1338.698 536.9967
1357.138 538.3118
1377.432 539.7038
1398.106 540.9578
1419.541 541.929
1441.347 542.531
1462.969 542.7654
1483.991 542.7717
1504.925 542.7073
1525.757 542.568
1546.619 542.2355
1569.783 541.6135
1591.102 540.8856
1609.47 540.2301
1629.722 539.4448
1648.793 538.6019
1668.072 537.5319
1688.142 536.202
1707.53 534.7999
1725.058 533.5319
1743.393 532.2311
1761.313 530.988
1778.85 529.8152
1797.013 528.6644
1814.399 527.6447
1830.159 526.774
1846.104 525.9314
1861.82 525.1024
1876.607 524.3257
1891.849 523.4488
1906.426 522.6465
1918.566 521.9778
1932.118 521.2079
1944.568 520.382
1957.104 519.5059
1969.517 518.6201
1980.74 517.8801
1990.64 517.2533
2000.487 516.7119
2010.101 516.3046
2019.102 516.1708
2028.4 516.3483
2036.975 516.7723
2045.033 517.1733
2053.287 517.4332
2061.116 517.5471
2068.56 517.6813
2075.892 517.9832
2082.203 518.4121
2087.661 518.8767
2092.622 519.4664
2096.954 520.1379
2100.464 520.8317
2103.103 521.4576
2104.628 521.9801
2105.284 522.4534
2105.417 523.0358
2104.857 523.6503
2103.492 524.2563
2101.355 524.7097
2099.093 525.1363
2095.971 525.4521
2092.49 525.9292
2088.283 526.3686
2083.745 526.817
2078.586 527.1301
2073.57 527.2804
2068.746 527.3682
2063.758 527.5065
2058.748 527.6967
2053.933 527.8737
2048.984 527.9449
2043.898 528.0012
2038.882 528.0953
2033.755 528.2955
2028.653 528.5875
2023.839 528.9307
2019.018 529.3759
2014.163 530.0118
2009.6 530.7209
2005.433 531.3766
2001.347 531.9133
1997.759 532.3665
1994.162 532.902
1990.747 533.5056
1987.668 534.0473
1984.617 534.538
1981.498 535.0249
1978.483 535.5034
1975.441 535.9318
1972.231 536.2414
1969.106 536.3566
1965.834 536.2909
1962.887 536.1198
1960.343 535.9324
1957.939 535.7161
1955.752 535.4068
1953.703 534.963
1951.807 534.3718
1950.022 533.6761
1948.25 532.909
1946.325 532.049
1944.269 531.1111
1942.407 530.2037
1940.548 529.239
1938.848 528.2813
1937.269 527.3765
1935.733 526.3698
1934.224 525.3132
1932.773 524.264
1931.301 523.1747
1929.884 522.1486
1928.443 521.1108
1927.007 520.1581
1925.628 519.2957
1924.31 518.5443
1922.954 517.8021
1921.782 517.1072
1920.125 515.6904
1919.696 515.1685
1919.158 514.5342
1918.687 514.0329
1918.299 513.6586
1917.978 513.3904
1917.696 513.2357
1917.353 513.2032
1916.922 513.2737
1916.464 513.4374
1915.952 513.6387
1915.289 513.9167
1914.681 514.1985
1914.037 514.5558
1913.364 514.9459
1912.675 515.3514
1911.69 515.8223
1910.736 516.1978
1909.595 516.608
1908.409 517.0835
1907.147 517.6016
1905.577 518.2639
1904.704 518.6396
1903.354 519.1917
1901.975 519.6742
1900.672 520.0793
1899.004 520.534
1897.131 520.9973
1895.035 521.434
1892.849 521.8226
1890.504 522.1404
1887.66 522.4227
1884.336 522.5745
1881.728 522.5652
1879.012 522.4619
1876.643 522.3444
1873.934 522.1702
1871.255 521.946
1868.656 521.7333
1866.116 521.6194
1863.438 521.6514
1860.964 521.7808
1858.882 521.895
1856.763 521.9804
1854.833 522.0308
1852.883 522.1274
1849.387 522.3325
1842.579 522.6387
1836.609 522.8922
1829.019 523.1996
1821.896 523.5204
1814.575 523.8744
1806.475 524.2831
1797.4 524.6506
1791.131 524.9361
1783.171 525.2084
1775.849 525.5167
1767.999 525.8505
1759.857 526.2097
1752.475 526.4124
1746.937 526.4846
1740.197 526.4502
1733.948 526.3258
1726.81 526.1522
1719.709 526.028
1712.8 526.0137
1709.371 526.0288
1708.455 525.975
1707.488 525.8479
1706.55 525.713
1705.533 525.5788
1704.001 525.4926
1700.599 525.4784
1695.311 525.4934
1688.518 525.4939
1680.621 525.4247
1673.303 525.2935
1665.434 525.0911
1658.256 524.7707
1652.005 524.3478
1638.623 523.7939
1629.985 522.7249
1625.872 522.4257
1618.444 522.0099
1611.087 521.6126
1603.574 521.2513
1597.406 520.9214
1591.798 520.6497
1586.723 520.4113
1581.351 520.2299
1576.456 520.0466
1571.198 519.8843
1564.385 519.6787
1559.32 519.5629
1553.872 519.4719
1549.224 519.387
1541.943 519.3023
1539.29 519.2203
1534.291 519.149
1529.416 519.0903
1524.12 519.0411
1518.893 519.0071
1513.413 518.9811
1508.121 518.9838
1502.459 519.0145
1497.183 519.0688
1492.613 519.1469
1488.671 519.254
1484.792 519.4407
1481.827 519.6353
1478.775 519.8528
1475.338 520.0813
1472.041 520.308
1468.183 520.5471
1463.316 520.8105
1458.473 521.0918
1453.131 521.3837
1448.178 521.6555
1443.819 521.873
1438.886 522.0426
1434.424 522.1652
1430.102 522.263
1426.13 522.3798
1422.726 522.4883
1419.596 522.5582
1416.899 522.5955
1414.71 522.6062
1412.666 522.608
1410.866 522.6219
1409.716 522.6552
1409.004 522.6982
1408.605 522.7451
1408.158 522.8001
1407.69 522.8582
1407.326 522.9022
1407.149 522.9399
1407.354 522.9692
1407.868 522.997
1408.416 523.0176
1408.971 523.0155
1409.599 522.9912
1410.161 522.9321
1410.773 522.8312
1411.312 522.7123
1411.775 522.6045
1412.28 522.5089
1412.681 522.3818
1413.064 522.201
1413.159 521.991
1412.729 521.7579
1412.311 521.5299
1411.87 521.2989
1411.411 521.0801
1410.936 520.8875
1410.436 520.7383
1409.901 520.6273
1409.442 520.5665
1409.021 520.5311
1408.634 520.5451
1408.288 520.6286
1407.999 520.751
1407.79 520.8962
1407.111 521.0637
1405.587 521.2589
1401.762 521.4829
1397.759 521.7228
1393.68 521.9709
1389.039 522.2393
1385.272 522.4681
1381.594 522.6961
1377.805 522.9149
1373.819 523.1462
1369.78 523.4167
1365.664 523.6903
1361.744 523.9843
1357.751 524.2615
1353.664 524.5262
1349.553 524.7684
1345.449 525.0239
1341.251 525.2971
1337.375 525.5777
1333.888 525.812
1330.087 526.0223
1326.281 526.1758
1322.643 526.2571
1319.339 526.27
1315.837 526.2668
1312.496 526.264
1309.57 526.2607
1306.249 526.237
1302.923 526.197
1299.367 526.1355
1295.703 526.0582
1291.884 525.9588
1289.013 525.8423
1285.539 525.6861
1282.142 525.5201
1278.458 525.3494
1274.822 525.1882
1271.215 525.0242
1267.699 524.8518
1264.497 524.6721
1261.065 524.4698
1257.551 524.2592
1253.764 524.0268
1250.349 523.7524
1247.186 523.4834
1243.619 523.1996
1240.182 522.9503
1236.64 522.7406
1232.958 522.5268
1229.598 522.2919
1226.064 522.02
1222.703 521.7635
1219.357 521.4909
1215.882 521.223
1212.673 520.9653
1209.45 520.7234
1206.252 520.5011
1203.262 520.2874
1200.95 520.0867
1198.802 519.913
1197.274 519.7736
1196.013 519.6613
1194.692 519.5583
1193.278 519.4289
1191.86 519.2786
1190.552 519.1273
1189.338 518.9815
1188.161 518.8685
1186.992 518.7887
1185.822 518.7
1184.693 518.5921
1183.547 518.4683
1182.303 518.3455
1181.133 518.2468
1180.255 518.2032
1179.242 518.1785
1178.757 518.1613
1178.919 518.137
1179.69 518.1108
1180.851 518.0934
1182.424 518.0864
1184.143 518.0929
1186.243 518.1172
1188.906 518.1777
1193.397 518.3266
1198.265 518.4785
1201.222 518.6328
1205.333 518.7724
1210.533 518.909
1215.325 519.062
1220.67 519.2672
1225.553 519.5339
1230.721 519.8553
1236.467 520.2544
1242.189 520.6787
1248.153 521.1415
1254.668 521.6683
1261.191 522.2151
1267.823 522.8096
1275.017 523.4141
1282.543 524.0502
1290.292 524.7408
1298.874 525.5642
1306.087 526.3516
1314.792 527.1954
1322.55 527.9737
1331.586 528.7945
1339.846 529.6509
1348.853 530.5328
1358.38 531.4221
1366.944 532.2977
1376.375 533.1895
1385.827 534.1446
1396.075 535.1344
1406.563 536.1012
1415.187 536.9912
1425.151 537.9035
1434.877 538.7928
1444.566 539.7353
1454.162 540.7018
1464.284 541.7571
1474.718 542.773
1483.079 543.7507
1491.547 544.6461
1500.837 545.4754
1509.18 546.2041
1515.958 546.8569
1520.722 547.4893
1522.799 548.1025
1522.542 548.5952
1522.01 548.9669
1521.309 549.1951
1520.303 549.2426
1519.324 549.1474
1517.848 548.9081
1516.267 548.5494
1514.524 548.1074
1512.827 547.6116
1511.193 547.0767
1509.636 546.4402
1508.226 545.722
1506.873 544.8663
1505.609 543.985
1504.208 542.9025
1502.952 542.0203
1501.707 541.1992
1500.408 540.395
1499.116 539.5235
1497.796 538.5679
1496.304 537.5517
1489.191 533.5361
1487.455 532.9619
1485.009 532.4159
1482.123 531.8956
1479.144 531.2518
1475.554 530.4163
1471.358 529.5253
1466.42 528.6801
1460.518 528.0811
1454.407 527.769
1448.199 527.4286
1442.337 526.7958
1437.178 525.9313
1425.117 524.0164
1413.658 522.5723
1402.737 521.0535
1393.671 519.845
1387.491 518.8978
1384.042 518.0026
1383.534 517.8044
1384.267 517.9447
1385.724 518.2012
1387.853 518.6064
1390.595 519.1899
1394.29 520.008
1398.043 520.7929
1402.242 521.6522
1407.199 522.789
1411.835 524.0274
1416.901 525.6108
1421.2 527.1485
1425.294 528.7889
1429.208 530.499
1852.883 522.1274
1849.387 522.3325
1842.579 522.6387
1836.609 522.8922
1829.019 523.1996
1821.896 523.5204
1814.575 523.8744
1806.475 524.2831
1797.4 524.6506
1791.131 524.9361
1783.171 525.2084
1775.849 525.5167
1767.999 525.8505
1759.857 526.2097
1752.475 526.4124
1746.937 526.4846
1740.197 526.4502
1733.948 526.3258
1726.81 526.1522
1719.709 526.028
1712.8 526.0137
1709.371 526.0288
1708.455 525.975
1707.488 525.8479
1706.55 525.713
1705.533 525.5788
1704.001 525.4926
1700.599 525.4784
1695.311 525.4934
1688.518 525.4939
1680.621 525.4247
1673.303 525.2935
1665.434 525.0911
1658.256 524.7707
1652.005 524.3478
1638.623 523.7939
1629.985 522.7249
1625.872 522.4257
1618.444 522.0099
1611.087 521.6126
1603.574 521.2513
1597.406 520.9214
1591.798 520.6497
1586.723 520.4113
1581.351 520.2299
1576.456 520.0466
1571.198 519.8843
1564.385 519.6787
1559.32 519.5629
1553.872 519.4719
1549.224 519.387
1541.943 519.3023
1539.29 519.2203
1534.291 519.149
1529.416 519.0903
1524.12 519.0411
1518.893 519.0071
1513.413 518.9811
1508.121 518.9838
1502.459 519.0145
1497.183 519.0688
1492.613 519.1469
1488.671 519.254
1484.792 519.4407
1481.827 519.6353
1478.775 519.8528
1475.338 520.0813
1472.041 520.308
1468.183 520.5471
1463.316 520.8105
1458.473 521.0918
1453.131 521.3837
1448.178 521.6555
1443.819 521.873
1438.886 522.0426
1434.424 522.1652
1430.102 522.263
1426.13 522.3798
1422.726 522.4883
1419.596 522.5582
1416.899 522.5955
1414.71 522.6062
1412.666 522.608
1410.866 522.6219
1409.716 522.6552
1409.004 522.6982
1408.605 522.7451
1408.158 522.8001
1407.69 522.8582
1407.326 522.9022
1407.149 522.9399
1407.354 522.9692
1407.868 522.997
1408.416 523.0176
1408.971 523.0155
1409.599 522.9912
1410.161 522.9321
1410.773 522.8312
1411.312 522.7123
1411.775 522.6045
1412.28 522.5089
1412.681 522.3818
1413.064 522.201
1413.159 521.991
1412.729 521.7579
1412.311 521.5299
1411.87 521.2989
1411.411 521.0801
1410.936 520.8875
1410.436 520.7383
1409.901 520.6273
1409.442 520.5665
1409.021 520.5311
1408.634 520.5451
1408.288 520.6286
1407.999 520.751
1407.79 520.8962
1407.111 521.0637
1405.587 521.2589
1401.762 521.4829
1397.759 521.7228
1393.68 521.9709
1389.039 522.2393
1385.272 522.4681
1381.594 522.6961
1377.805 522.9149
1373.819 523.1462
1369.78 523.4167
1365.664 523.6903
1361.744 523.9843
1357.751 524.2615
1353.664 524.5262
1349.553 524.7684
1345.449 525.0239
1341.251 525.2971
1337.375 525.5777
1333.888 525.812
1330.087 526.0223
1326.281 526.1758
1322.643 526.2571
1319.339 526.27
1315.837 526.2668
1312.496 526.264
1309.57 526.2607
1306.249 526.237
1302.923 526.197
1299.367 526.1355
1295.703 526.0582
1291.884 525.9588
1289.013 525.8423
1285.539 525.6861
1282.142 525.5201
1278.458 525.3494
1274.822 525.1882
1271.215 525.0242
1267.699 524.8518
1264.497 524.6721
1261.065 524.4698
1257.551 524.2592
1253.764 524.0268
1250.349 523.7524
1247.186 523.4834
1243.619 523.1996
1240.182 522.9503
1236.64 522.7406
1232.958 522.5268
1229.598 522.2919
1226.064 522.02
1222.703 521.7635
1219.357 521.4909
1215.882 521.223
1212.673 520.9653
1209.45 520.7234
1206.252 520.5011
1203.262 520.2874
1200.95 520.0867
1198.802 519.913
1197.274 519.7736
1196.013 519.6613
1194.692 519.5583
1193.278 519.4289
1191.86 519.2786
1190.552 519.1273
1189.338 518.9815
1188.161 518.8685
1186.992 518.7887
1185.822 518.7
1184.693 518.5921
1183.547 518.4683
1182.303 518.3455
1181.133 518.2468
1180.255 518.2032
1179.242 518.1785
1178.757 518.1613
1178.919 518.137
1179.69 518.1108
1180.851 518.0934
1182.424 518.0864
1184.143 518.0929
1186.243 518.1172
1188.906 518.1777
1193.397 518.3266
1198.265 518.4785
1201.222 518.6328
1205.333 518.7724
1210.533 518.909
1215.325 519.062
1220.67 519.2672
1225.553 519.5339
1230.721 519.8553
1236.467 520.2544
1242.189 520.6787
1248.153 521.1415
1254.668 521.6683
1261.191 522.2151
1267.823 522.8096
1275.017 523.4141
1282.543 524.0502
1290.292 524.7408
1298.874 525.5642
1306.087 526.3516
1314.792 527.1954
1322.55 527.9737
1331.586 528.7945
1339.846 529.6509
1348.853 530.5328
1358.38 531.4221
1366.944 532.2977
1376.375 533.1895
1385.827 534.1446
1396.075 535.1344
1406.563 536.1012
1415.187 536.9912
1425.151 537.9035
1434.877 538.7928
1444.566 539.7353
1454.162 540.7018
1464.284 541.7571
1474.718 542.773
1483.079 543.7507
1491.547 544.6461
1500.837 545.4754
1509.18 546.2041
1515.958 546.8569
1520.722 547.4893
1522.799 548.1025
1522.542 548.5952
1522.01 548.9669
1521.309 549.1951
1520.303 549.2426
1519.324 549.1474
1517.848 548.9081
1516.267 548.5494
1514.524 548.1074
1512.827 547.6116
1511.193 547.0767
1509.636 546.4402
1508.226 545.722
1506.873 544.8663
1505.609 543.985
1504.208 542.9025
1502.952 542.0203
1501.707 541.1992
1500.408 540.395
1499.116 539.5235
1497.796 538.5679
1496.304 537.5517
1489.191 533.5361
1487.455 532.9619
1485.009 532.4159
1482.123 531.8956
1479.144 531.2518
1475.554 530.4163
1471.358 529.5253
1466.42 528.6801
1460.518 528.0811
1454.407 527.769
1448.199 527.4286
1442.337 526.7958
1437.178 525.9313
1425.117 524.0164
1413.658 522.5723
1402.737 521.0535
1393.671 519.845
1387.491 518.8978
1384.042 518.0026
1383.534 517.8044
1384.267 517.9447
1385.724 518.2012
1387.853 518.6064
1390.595 519.1899
1394.29 520.008
1398.043 520.7929
1402.242 521.6522
1407.199 522.789
1411.835 524.0274
1416.901 525.6108
1421.2 527.1485
1425.294 528.7889
1429.208 530.499
1432.863 532.2459
1436.226 534.0236
1439.609 536.1139
1442.369 538.0193
1444.669 539.7943
1446.689 541.67
1448.295 543.6295
1449.65 545.662
1450.931 547.788
1452.207 549.8543
1453.586 551.9442
1455.099 554.0991
1456.699 556.2619
1458.293 558.3882
1460.02 560.471
1461.922 562.4518
1463.715 564.0394
1465.729 565.7241
1467.677 567.249
1469.509 568.7175
1471.306 570.1104
1472.787 571.389
1473.992 572.4324
1474.977 573.3066
1475.785 573.8878
1476.398 574.1606
1476.803 574.035
1476.886 573.6727
1476.791 573.3746
1476.622 573.214
1476.348 573.0309
1475.91 572.5576
1475.375 571.5499
1474.756 570.2693
1474.192 568.7282
1473.547 566.9838
1473.07 565.2955
1472.865 563.8253
1472.969 562.331
1473.359 560.9266
1474.104 559.1313
1475.101 557.0815
1476.494 554.8494
1478.321 552.697
1480.67 550.5256
1483.141 548.6023
1485.69 546.9686
1488.895 545.2921
1492.147 543.8975
1495.896 542.4525
1499.937 540.9971
1504.24 539.5574
1508.431 538.3421
1512.701 537.3167
1517.104 536.4763
1521.299 535.8882
1525.581 535.538
1529.456 535.4109
1533.197 535.4321
1536.73 535.52
1540.459 535.7321
1544.32 536.0967
1548.477 536.6895
1552.198 537.353
1555.946 538.1653
1559.467 539.0602
1563.133 540.1656
1566.641 541.36
1570.064 542.722
1573.519 544.3083
1576.49 545.8552
1579.283 547.447
1582.115 549.0962
1584.754 550.507
1587.405 551.8187
1590.167 553.212
1591.831 554.1938
1593.834 555.6475
1595.526 557.0723
1597.021 558.3716
1598.39 559.5249
1599.665 560.587
1600.96 561.6695
1601.886 562.404
1603.047 563.274
1604.189 564.0778
1605.418 564.9723
1606.429 565.766
1607.405 566.5459
1608.569 567.3032
1609.889 567.9217
1611.23 568.397
1612.584 568.8148
1614.226 569.3095
1615.718 569.7025
1617.627 570.1625
1619.497 570.5981
1621.501 570.9653
1623.783 571.2292
1626.043 571.4136
1628.429 571.3671
1630.9 571.4321
1633.566 571.6235
1636.246 571.8436
1639.567 571.9019
1642.372 571.7133
1644.977 571.446
1647.432 571.1793
1649.931 570.8815
1652.367 570.5797
1654.728 570.2936
1656.776 569.9983
1658.535 569.6105
1659.865 569.1468
1660.893 568.5865
1661.441 568.0585
1661.456 567.6407
1661.01 567.4131
1660.352 567.2506
1659.579 567.0384
1658.761 566.787
1657.839 566.5506
1656.84 566.3862
1656.006 566.3009
1655.324 566.1798
1654.904 565.8888
1654.745 565.4775
1654.849 565.0566
1655.237 564.722
1655.905 564.5756
1656.838 564.6027
1657.966 564.7214
1659.247 564.8773
1660.685 565.1348
1662.226 565.5199
1663.851 566.0605
1665.685 566.6438
1667.774 567.1404
1669.876 567.3573
1672.147 567.3278
1674.58 567.2213
1677.126 567.0376
1679.498 566.7264
1681.66 566.1614
1683.304 565.3918
1684.532 564.434
1685.34 563.3401
1685.715 561.9286
1685.685 560.317
1685.27 558.5784
1684.407 556.7726
1683.135 555.0379
1681.466 553.2937
1679.403 551.4452
1676.969 549.501
1674.098 547.4531
1671.196 545.5513
1920 543.9116
1920 542.2285
1920 540.5764
1920 538.9553
1920 537.3768
1920 535.8992
1920 534.579
1920 533.4867
1920 532.6121
1920 531.9063
1920 531.3195
1920 530.9203
1920 530.6909
1919.696 530.6072
1919.491 530.7025
1919.422 530.9332
1919.503 531.2544
1919.698 531.6571
1919.951 532.1998
1920.241 532.9343
1920.536 533.8362
1920.844 534.8705
1921.15 535.9819
1921.453 537.107
1921.647 538.0241
1921.868 539.2543
1922.058 540.5496
1922.306 541.9487
1922.568 543.3088
1922.842 544.6724
1923.058 545.9529
1923.238 547.2186
1923.407 548.4464
1923.529 549.665
1923.544 551.1342
1923.488 552.2041
1923.431 552.9947
1923.383 553.923
1923.33 554.7477
1923.214 555.4792
1923.023 556.1842
1922.809 556.72
1922.65 557.1835
1922.459 557.5504
1922.238 557.7727
1921.967 557.8614
1921.671 557.8216
1921.336 557.7134
1920 557.5623
1920 557.3706
1920 557.0831
1920 556.6382
1920 556.1178
1920 555.554
1920 555.014
1920 554.4235
1920 553.7575
1920 553.1451
1920 552.5415
1920 551.8976
1920 551.2477
1920 550.5638
1920 549.9024
1919.38 549.2391
1918.768 548.563
1918.236 547.9195
1917.788 547.3381
1917.409 546.7985
1917.075 546.2478
1916.824 545.7449
1916.605 545.2274
1916.452 544.766
1916.342 544.3357
1916.267 543.9281
1916.217 543.5287
1916.201 543.1982
1916.255 542.9131
1916.337 542.6824
1916.396 542.502
1916.44 542.3202
1916.478 542.1575
1916.561 542.0328
1916.666 541.9689
1916.764 541.9641
1916.864 541.9995
1916.984 542.0759
1917.164 542.1862
1917.372 542.3065
1917.624 542.4446
1917.89 542.5886
1918.155 542.762
1918.441 542.9927
1918.744 543.2667
1919.053 543.5477
1919.311 543.8112
1919.568 544.0784
1919.791 544.3392
1920.033 544.6335
1920.256 544.9653
1920.451 545.3016
1920.629 545.6666
1920.801 546.022
1920.943 546.3661
1921.074 546.6999
1921.171 547.0398
1921.27 547.3758
1921.412 547.7404
1921.59 548.1067
1921.789 548.4663
1922.016 548.8345
1922.215 549.1844
1922.388 549.5322
1922.54 549.8789
1922.707 550.2449
1922.872 550.5891
1923.027 550.8938
1923.195 551.1684
1923.356 551.4153
1923.471 551.6549
1923.517 551.8611
1923.525 552.0353
1923.548 552.2057
1923.583 552.3418
1923.627 552.4305
1923.635 552.4892
1923.63 552.5126
1923.617 552.4982
1923.569 552.437
1923.461 552.3587
1923.316 552.2767
1923.139 552.1833
1922.938 552.0819
1922.725 551.9816
1922.442 551.8445
1922.128 551.6682
1921.807 551.4655
1921.534 551.2538
1921.293 551.0333
1921.054 550.8142
1920.803 550.5757
1920.531 550.3283
1920.278 550.0679
1919.989 549.7598
1432.863 532.2459
1436.226 534.0236
1439.609 536.1139
1442.369 538.0193
1444.669 539.7943
1446.689 541.67
1448.295 543.6295
1449.65 545.662
1450.931 547.788
1452.207 549.8543
1453.586 551.9442
1455.099 554.0991
1456.699 556.2619
1458.293 558.3882
1460.02 560.471
1461.922 562.4518
1463.715 564.0394
1465.729 565.7241
1467.677 567.249
1469.509 568.7175
1471.306 570.1104
1472.787 571.389
1473.992 572.4324
1474.977 573.3066
1475.785 573.8878
1476.398 574.1606
1476.803 574.035
1476.886 573.6727
1476.791 573.3746
1476.622 573.214
1476.348 573.0309
1475.91 572.5576
1475.375 571.5499
1474.756 570.2693
1474.192 568.7282
1473.547 566.9838
1473.07 565.2955
1472.865 563.8253
1472.969 562.331
1473.359 560.9266
1474.104 559.1313
1475.101 557.0815
1476.494 554.8494
1478.321 552.697
1480.67 550.5256
1483.141 548.6023
1485.69 546.9686
1488.895 545.2921
1492.147 543.8975
1495.896 542.4525
1499.937 540.9971
1504.24 539.5574
1508.431 538.3421
1512.701 537.3167
1517.104 536.4763
1521.299 535.8882
1525.581 535.538
1529.456 535.4109
1533.197 535.4321
1536.73 535.52
1540.459 535.7321
1544.32 536.0967
1548.477 536.6895
1552.198 537.353
1555.946 538.1653
1559.467 539.0602
1563.133 540.1656
1566.641 541.36
1570.064 542.722
1573.519 544.3083
1576.49 545.8552
1579.283 547.447
1582.115 549.0962
1584.754 550.507
1587.405 551.8187
1590.167 553.212
1591.831 554.1938
1593.834 555.6475
1595.526 557.0723
1597.021 558.3716
1598.39 559.5249
1599.665 560.587
1600.96 561.6695
1601.886 562.404
1603.047 563.274
1604.189 564.0778
1605.418 564.9723
1606.429 565.766
1607.405 566.5459
1608.569 567.3032
1609.889 567.9217
1611.23 568.397
1612.584 568.8148
1614.226 569.3095
1615.718 569.7025
1617.627 570.1625
1619.497 570.5981
1621.501 570.9653
1623.783 571.2292
1626.043 571.4136
1628.429 571.3671
1630.9 571.4321
1633.566 571.6235
1636.246 571.8436
1639.567 571.9019
1642.372 571.7133
1644.977 571.446
1647.432 571.1793
1649.931 570.8815
1652.367 570.5797
1654.728 570.2936
1656.776 569.9983
1658.535 569.6105
1659.865 569.1468
1660.893 568.5865
1661.441 568.0585
1661.456 567.6407
1661.01 567.4131
1660.352 567.2506
1659.579 567.0384
1658.761 566.787
1657.839 566.5506
1656.84 566.3862
1656.006 566.3009
1655.324 566.1798
1654.904 565.8888
1654.745 565.4775
1654.849 565.0566
1655.237 564.722
1655.905 564.5756
1656.838 564.6027
1657.966 564.7214
1659.247 564.8773
1660.685 565.1348
1662.226 565.5199
1663.851 566.0605
1665.685 566.6438
1667.774 567.1404
1669.876 567.3573
1672.147 567.3278
1674.58 567.2213
1677.126 567.0376
1679.498 566.7264
1681.66 566.1614
1683.304 565.3918
1684.532 564.434
1685.34 563.3401
1685.715 561.9286
1685.685 560.317
1685.27 558.5784
1684.407 556.7726
1683.135 555.0379
1681.466 553.2937
1679.403 551.4452
1676.969 549.501
1674.098 547.4531
1671.196 545.5513
1920 543.9116
1920 542.2285
1920 540.5764
1920 538.9553
1920 537.3768
1920 535.8992
1920 534.579
1920 533.4867
1920 532.6121
1920 531.9063
1920 531.3195
1920 530.9203
1920 530.6909
1919.696 530.6072
1919.491 530.7025
1919.422 530.9332
1919.503 531.2544
1919.698 531.6571
1919.951 532.1998
1920.241 532.9343
1920.536 533.8362
1920.844 534.8705
1921.15 535.9819
1921.453 537.107
1921.647 538.0241
1921.868 539.2543
1922.058 540.5496
1922.306 541.9487
1922.568 543.3088
1922.842 544.6724
1923.058 545.9529
1923.238 547.2186
1923.407 548.4464
1923.529 549.665
1923.544 551.1342
1923.488 552.2041
1923.431 552.9947
1923.383 553.923
1923.33 554.7477
1923.214 555.4792
1923.023 556.1842
1922.809 556.72
1922.65 557.1835
1922.459 557.5504
1922.238 557.7727
1921.967 557.8614
1921.671 557.8216
1921.336 557.7134
1920 557.5623
1920 557.3706
1920 557.0831
1920 556.6382
1920 556.1178
1920 555.554
1920 555.014
1920 554.4235
1920 553.7575
1920 553.1451
1920 552.5415
1920 551.8976
1920 551.2477
1920 550.5638
1920 549.9024
1919.38 549.2391
1918.768 548.563
1918.236 547.9195
1917.788 547.3381
1917.409 546.7985
1917.075 546.2478
1916.824 545.7449
1916.605 545.2274
1916.452 544.766
1916.342 544.3357
1916.267 543.9281
1916.217 543.5287
1916.201 543.1982
1916.255 542.9131
1916.337 542.6824
1916.396 542.502
1916.44 542.3202
1916.478 542.1575
1916.561 542.0328
1916.666 541.9689
1916.764 541.9641
1916.864 541.9995
1916.984 542.0759
1917.164 542.1862
1917.372 542.3065
1917.624 542.4446
1917.89 542.5886
1918.155 542.762
1918.441 542.9927
1918.744 543.2667
1919.053 543.5477
1919.311 543.8112
1919.568 544.0784
1919.791 544.3392
1920.033 544.6335
1920.256 544.9653
1920.451 545.3016
1920.629 545.6666
1920.801 546.022
1920.943 546.3661
1921.074 546.6999
1921.171 547.0398
1921.27 547.3758
1921.412 547.7404
1921.59 548.1067
1921.789 548.4663
1922.016 548.8345
1922.215 549.1844
1922.388 549.5322
1922.54 549.8789
1922.707 550.2449
1922.872 550.5891
1923.027 550.8938
1923.195 551.1684
1923.356 551.4153
1923.471 551.6549
1923.517 551.8611
1923.525 552.0353
1923.548 552.2057
1923.583 552.3418
1923.627 552.4305
1923.635 552.4892
1923.63 552.5126
1923.617 552.4982
1923.569 552.437
1923.461 552.3587
1923.316 552.2767
1923.139 552.1833
1922.938 552.0819
1922.725 551.9816
1922.442 551.8445
1922.128 551.6682
1921.807 551.4655
1921.534 551.2538
1921.293 551.0333
1921.054 550.8142
1920.803 550.5757
1920.531 550.3283
1920.278 550.0679
1919.989 549.7598
1919.734 549.4961
1919.476 549.2641
1919.205 549.0261
1918.915 548.7844
1918.619 548.533
1918.315 548.2876
1917.999 548.0687
1917.679 547.8923
1917.366 547.7285
1917.052 547.5906
1916.724 547.4753
1916.354 547.3719
1916.014 547.2749
1918.414 547.198
1925.435 547.1589
1932.209 547.1727
1939.356 547.1984
1946.492 547.2213
1953.518 547.2356
1961.068 547.239
1967.682 547.238
1974.694 547.2462
1982.06 547.2714
1989.568 547.3218
1996.877 547.3956
2004.273 547.4706
2011.595 547.5142
2019.465 547.5212
2026.27 547.4987
2032.797 547.483
2040.358 547.4938
2047.786 547.5137
2054.956 547.5291
2061.55 547.5179
2068.48 547.4641
2075.21 547.3926
2082.32 547.3063
2089.45 547.2159
2096.853 547.1271
2103.605 547.0601
2110.293 546.9932
2117.047 546.9173
2124.06 546.8154
2131.012 546.6986
2138.852 546.5782
2145.338 546.4976
2151.951 546.4384
2158.745 546.3936
2165.927 546.3218
2172.826 546.2347
2180.725 546.1431
2187.412 546.0675
2194.019 546.0023
2200.719 545.9487
2207.468 545.9084
2214.313 545.8813
2221.96 545.8718
2228.748 545.8708
2235.154 545.8754
2241.957 545.8917
2248.586 545.897
2255.706 545.8812
2263 545.8557
2269.449 545.8499
2276.618 545.8658
2283.065 545.9019
2290.127 545.9519
2296.92 545.9932
2307.985 546.0329
2309.426 546.0654
2309.35 546.0757
2309.192 546.0895
2309.06 546.1068
2308.883 546.1223
2308.68 546.1532
2308.474 546.2004
2308.32 546.2354
2308.154 546.2738
2308.004 546.3122
2307.895 546.3614
2307.802 546.4504
2307.79 546.5176
2307.789 546.5656
2307.802 546.5963
2307.821 546.6311
2307.882 546.6553
2307.963 546.6692
2308.046 546.6706
2308.117 546.6606
2308.169 546.653
2308.206 546.6365
2308.24 546.6165
2308.279 546.5686
1920 546.5047
1920 546.4453
1920 546.404
1920 546.3496
1920 546.2491
1920 546.0731
1920 545.8553
1920 545.6942
1920 545.5688
1920 545.4651
1920 545.3419
1920 545.1598
1919.978 544.9564
1920.005 544.7392
1920.066 544.5215
1920.151 544.3198
1920.248 544.1522
1920.361 543.9963
1920.438 543.8754
1920.487 543.7852
1920.51 543.695
1920.501 543.6085
1920.457 543.541
1920.361 543.5162
1920.224 543.5726
1920.146 543.6432
1920.043 543.7725
1919.943 543.9153
1919.847 544.0371
1919.772 544.148
1919.648 544.6563
1919.641 544.7593
1919.659 544.9755
1919.734 545.1755
1919.877 545.3533
1920.045 545.4897
1920.228 545.5897
1920.428 545.6819
1920.675 545.791
1920.924 545.925
1921.188 546.0427
1921.41 546.1012
1921.587 546.1094
1921.826 546.0833
1922.058 546.0544
1922.242 546.0446
1922.389 546.0452
1922.5 546.0664
1922.563 546.092
1922.591 546.1253
1922.6 546.1502
1922.624 546.1592
1922.689 546.1656
1922.76 546.1836
1922.825 546.2033
1922.901 546.2364
1922.99 546.2727
1923.083 546.3226
1923.215 546.3865
1923.329 546.436
1923.499 546.4559
1923.688 546.4752
1923.877 546.5029
1924.024 546.5463
1924.148 546.6041
1924.241 546.6592
1924.319 546.7086
1924.406 546.7285
1924.482 546.7242
1924.562 546.7196
1924.61 546.7321
1924.587 546.7612
1924.491 546.8053
1924.345 546.846
1924.132 546.8873
1923.692 546.9082
1916.94 546.8992
1910.059 546.8677
1903.329 546.823
1896.347 546.7841
1889.552 546.7698
1883.052 546.7681
1875.148 546.7378
1868.718 546.6917
1862.816 546.6555
1856.213 546.6154
1849.537 546.5768
1843.067 546.5534
1836.242 546.5292
1829.971 546.5049
1823.331 546.4879
1816.248 546.4689
1809.431 546.4636
1802.288 546.4714
1794.69 546.5065
1787.752 546.5774
1781.062 546.6608
1774.289 546.7443
1767.015 546.8242
1752.64 546.9973
1747.552 547.0557
1739.962 547.1298
1734.153 547.1931
1727.284 547.2765
1721.478 547.3512
1714.624 547.4017
1707.257 547.4285
1700.828 547.455
1692.605 547.478
1685.482 547.4743
1677.544 547.4044
1671.357 547.3295
1663.06 547.2389
1656.946 547.1702
1649.319 547.1045
1642.77 547.0555
1636.262 547.0093
1631.026 546.9572
1631.337 546.8887
1920 546.8199
1920 546.7481
1920 546.702
1920 546.6913
1920 546.7186
1920 546.7728
1920 546.8713
1920 546.9713
1920 547.0476
1920 547.0938
1920.085 547.1418
1920.2 547.1999
1920.368 547.2823
1920.553 547.3865
1920.746 547.4827
1920.955 547.5635
1921.197 547.6331
1921.459 547.6841
1921.713 547.7192
1921.935 547.7513
1922.142 547.79
1922.328 547.8394
1922.482 547.8901
1922.579 547.9286
1922.635 547.9492
1922.633 547.9625
1922.611 547.9826
1922.578 548.0049
1922.533 548.021
1922.484 548.0114
1922.479 547.962
1922.521 547.881
1922.601 547.783
1922.735 547.6624
1922.932 547.5078
1923.218 547.3507
1923.573 547.199
1924.002 547.0118
1924.421 546.791
1924.927 546.5129
1925.532 546.2167
1926.275 545.9552
1927.066 545.803
1927.929 545.751
1928.773 545.7817
1929.637 545.8694
1930.568 545.9926
1931.523 546.1199
1932.47 546.2369
1934.353 546.4084
1934.923 546.4438
1935.748 546.5229
1936.501 546.6911
1937.115 546.932
1937.585 547.1864
1937.855 547.3915
1937.909 547.5471
1937.594 547.7666
1937.138 547.9518
1936.449 548.1588
1935.567 548.3625
1934.598 548.3115
1933.433 547.9926
1932.037 547.5314
1930.485 547.1047
1928.685 546.6994
1926.576 546.2014
1923.229 545.2345
1920.737 544.4359
1917.955 543.5388
1914.967 542.5938
1911.592 541.599
1907.595 540.5142
1903.783 539.6008
1899.597 538.7007
1895.206 537.8492
1890.553 536.9838
1885.699 536.1198
1880.045 535.1582
1874.749 534.329
1868.905 533.5249
1863.217 532.8101
1857.589 532.1357
1850.694 531.3328
1844.818 530.658
1838.303 529.9151
1831.084 529.1146
1823.582 528.2871
1919.734 549.4961
1919.476 549.2641
1919.205 549.0261
1918.915 548.7844
1918.619 548.533
1918.315 548.2876
1917.999 548.0687
1917.679 547.8923
1917.366 547.7285
1917.052 547.5906
1916.724 547.4753
1916.354 547.3719
1916.014 547.2749
1918.414 547.198
1925.435 547.1589
1932.209 547.1727
1939.356 547.1984
1946.492 547.2213
1953.518 547.2356
1961.068 547.239
1967.682 547.238
1974.694 547.2462
1982.06 547.2714
1989.568 547.3218
1996.877 547.3956
2004.273 547.4706
2011.595 547.5142
2019.465 547.5212
2026.27 547.4987
2032.797 547.483
2040.358 547.4938
2047.786 547.5137
2054.956 547.5291
2061.55 547.5179
2068.48 547.4641
2075.21 547.3926
2082.32 547.3063
2089.45 547.2159
2096.853 547.1271
2103.605 547.0601
2110.293 546.9932
2117.047 546.9173
2124.06 546.8154
2131.012 546.6986
2138.852 546.5782
2145.338 546.4976
2151.951 546.4384
2158.745 546.3936
2165.927 546.3218
2172.826 546.2347
2180.725 546.1431
2187.412 546.0675
2194.019 546.0023
2200.719 545.9487
2207.468 545.9084
2214.313 545.8813
2221.96 545.8718
2228.748 545.8708
2235.154 545.8754
2241.957 545.8917
2248.586 545.897
2255.706 545.8812
2263 545.8557
2269.449 545.8499
2276.618 545.8658
2283.065 545.9019
2290.127 545.9519
2296.92 545.9932
2307.985 546.0329
2309.426 546.0654
2309.35 546.0757
2309.192 546.0895
2309.06 546.1068
2308.883 546.1223
2308.68 546.1532
2308.474 546.2004
2308.32 546.2354
2308.154 546.2738
2308.004 546.3122
2307.895 546.3614
2307.802 546.4504
2307.79 546.5176
2307.789 546.5656
2307.802 546.5963
2307.821 546.6311
2307.882 546.6553
2307.963 546.6692
2308.046 546.6706
2308.117 546.6606
2308.169 546.653
2308.206 546.6365
2308.24 546.6165
2308.279 546.5686
1920 546.5047
1920 546.4453
1920 546.404
1920 546.3496
1920 546.2491
1920 546.0731
1920 545.8553
1920 545.6942
1920 545.5688
1920 545.4651
1920 545.3419
1920 545.1598
1919.978 544.9564
1920.005 544.7392
1920.066 544.5215
1920.151 544.3198
1920.248 544.1522
1920.361 543.9963
1920.438 543.8754
1920.487 543.7852
1920.51 543.695
1920.501 543.6085
1920.457 543.541
1920.361 543.5162
1920.224 543.5726
1920.146 543.6432
1920.043 543.7725
1919.943 543.9153
1919.847 544.0371
1919.772 544.148
1919.648 544.6563
1919.641 544.7593
1919.659 544.9755
1919.734 545.1755
1919.877 545.3533
1920.045 545.4897
1920.228 545.5897
1920.428 545.6819
1920.675 545.791
1920.924 545.925
1921.188 546.0427
1921.41 546.1012
1921.587 546.1094
1921.826 546.0833
1922.058 546.0544
1922.242 546.0446
1922.389 546.0452
1922.5 546.0664
1922.563 546.092
1922.591 546.1253
1922.6 546.1502
1922.624 546.1592
1922.689 546.1656
1922.76 546.1836
1922.825 546.2033
1922.901 546.2364
1922.99 546.2727
1923.083 546.3226
1923.215 546.3865
1923.329 546.436
1923.499 546.4559
1923.688 546.4752
1923.877 546.5029
1924.024 546.5463
1924.148 546.6041
1924.241 546.6592
1924.319 546.7086
1924.406 546.7285
1924.482 546.7242
1924.562 546.7196
1924.61 546.7321
1924.587 546.7612
1924.491 546.8053
1924.345 546.846
1924.132 546.8873
1923.692 546.9082
1916.94 546.8992
1910.059 546.8677
1903.329 546.823
1896.347 546.7841
1889.552 546.7698
1883.052 546.7681
1875.148 546.7378
1868.718 546.6917
1862.816 546.6555
1856.213 546.6154
1849.537 546.5768
1843.067 546.5534
1836.242 546.5292
1829.971 546.5049
1823.331 546.4879
1816.248 546.4689
1809.431 546.4636
1802.288 546.4714
1794.69 546.5065
1787.752 546.5774
1781.062 546.6608
1774.289 546.7443
1767.015 546.8242
1752.64 546.9973
1747.552 547.0557
1739.962 547.1298
1734.153 547.1931
1727.284 547.2765
1721.478 547.3512
1714.624 547.4017
1707.257 547.4285
1700.828 547.455
1692.605 547.478
1685.482 547.4743
1677.544 547.4044
1671.357 547.3295
1663.06 547.2389
1656.946 547.1702
1649.319 547.1045
1642.77 547.0555
1636.262 547.0093
1631.026 546.9572
1631.337 546.8887
1920 546.8199
1920 546.7481
1920 546.702
1920 546.6913
1920 546.7186
1920 546.7728
1920 546.8713
1920 546.9713
1920 547.0476
1920 547.0938
1920.085 547.1418
1920.2 547.1999
1920.368 547.2823
1920.553 547.3865
1920.746 547.4827
1920.955 547.5635
1921.197 547.6331
1921.459 547.6841
1921.713 547.7192
1921.935 547.7513
1922.142 547.79
1922.328 547.8394
1922.482 547.8901
1922.579 547.9286
1922.635 547.9492
1922.633 547.9625
1922.611 547.9826
1922.578 548.0049
1922.533 548.021
1922.484 548.0114
1922.479 547.962
1922.521 547.881
1922.601 547.783
1922.735 547.6624
1922.932 547.5078
1923.218 547.3507
1923.573 547.199
1924.002 547.0118
1924.421 546.791
1924.927 546.5129
1925.532 546.2167
1926.275 545.9552
1927.066 545.803
1927.929 545.751
1928.773 545.7817
1929.637 545.8694
1930.568 545.9926
1931.523 546.1199
1932.47 546.2369
1934.353 546.4084
1934.923 546.4438
1935.748 546.5229
1936.501 546.6911
1937.115 546.932
1937.585 547.1864
1937.855 547.3915
1937.909 547.5471
1937.594 547.7666
1937.138 547.9518
1936.449 548.1588
1935.567 548.3625
1934.598 548.3115
1933.433 547.9926
1932.037 547.5314
1930.485 547.1047
1928.685 546.6994
1926.576 546.2014
1923.229 545.2345
1920.737 544.4359
1917.955 543.5388
1914.967 542.5938
1911.592 541.599
1907.595 540.5142
1903.783 539.6008
1899.597 538.7007
1895.206 537.8492
1890.553 536.9838
1885.699 536.1198
1880.045 535.1582
1874.749 534.329
1868.905 533.5249
1863.217 532.8101
1857.589 532.1357
1850.694 531.3328
1844.818 530.658
1838.303 529.9151
1831.084 529.1146
1823.582 528.2871
