1920 480
265.194 479.792
265.3197 479.8625
265.3145 479.862
265.3415 479.8735
265.3268 479.8542
265.3177 479.8669
265.3366 479.8475
265.3294 479.8332
265.3206 479.8397
265.3454 479.849
265.3402 479.8459
265.3125 479.8599
265.3604 479.8634
265.3512 479.8813
265.3431 479.8464
265.3636 479.8428
265.374 479.8556
265.3366 479.8592
265.3525 479.8387
265.3512 479.8712
265.3486 479.8397
265.3691 479.8739
265.3893 479.8504
265.4271 479.8682
265.4079 479.8469
265.4352 479.8622
265.5215 479.8587
265.527 479.845
265.558 479.8602
265.5775 479.8602
265.5749 479.8669
265.625 479.877
265.5934 479.8734
265.6396 479.8628
265.6748 479.8976
265.6754 479.8898
265.6797 479.8366
265.8239 479.8141
265.7914 479.8961
265.7656 479.9256
265.8776 479.7585
265.751 479.87
265.7578 479.8815
265.8756 479.7931
265.7855 479.8576
265.6764 479.8791
265.8105 479.8545
265.8314 479.901
265.7272 479.8849
265.8122 479.8569
265.9072 479.9442
265.7503 479.8831
265.7562 479.9076
265.807 479.9352
265.7295 479.9351
265.6693 479.9081
265.7565 479.9162
265.7243 479.9272
265.7506 479.8864
265.693 479.918
265.7266 479.8919
265.7373 479.9398
265.6217 479.9642
265.6146 479.9355
265.652 479.9137
265.6371 479.9835
265.6823 479.9742
265.7282 479.9313
265.7409 479.9731
265.7142 479.9862
265.6484 479.9395
265.6901 479.9918
265.7484 479.9507
265.6764 479.9544
265.721 479.9227
265.7038 479.9835
265.6992 479.9455
265.8102 479.9611
265.7721 479.9989
265.7461 479.9531
265.724 479.924
265.6686 479.9821
265.7545 479.9595
265.8034 479.9032
265.8454 479.8872
265.8145 479.9088
265.8073 479.8849
265.8717 479.8817
265.7539 479.9406
265.807 479.9297
265.7842 479.8115
265.8542 479.8281
265.9694 479.7805
266.1162 479.7633
266.0983 479.8405
265.9381 479.9012
265.6641 479.9005
265.6715 479.91
265.7386 479.8551
265.8529 479.9009
265.8799 479.9443
265.7194 479.9476
265.4046 479.8952
265.3965 479.8859
265.3499 479.882
265.6051 479.874
265.5352 479.9248
265.4229 479.9017
265.3724 479.895
265.375 479.9176
265.4779 479.9157
265.4069 479.9064
265.3744 479.9339
265.4212 479.9463
265.4049 479.9343
265.4183 479.9331
265.2803 479.9186
265.2852 479.9233
265.2669 479.9168
265.321 479.931
265.3522 479.8958
265.3753 479.9063
265.304 479.9186
265.2826 479.9157
265.2975 479.896
265.2917 479.9243
265.3516 479.9528
265.3327 479.9081
265.3115 479.8975
265.3385 479.8994
265.442 479.8674
265.4037 479.8722
265.2435 479.8857
265.3249 479.8979
265.234 479.8766
265.2744 479.8384
265.2223 479.8918
265.321 479.8657
265.3431 479.8724
265.3311 479.8849
265.3174 479.894
265.2383 479.9157
265.2213 479.9064
265.2822 479.9323
265.2643 479.9535
265.2083 479.9466
265.1927 479.9375
265.2455 479.9556
265.1742 479.9487
265.1706 479.9497
265.2246 479.9502
265.2471 479.9495
265.2624 479.9333
265.1943 479.9385
265.2119 479.9081
265.1706 479.9445
265.2126 479.8996
265.1732 479.8929
265.3014 479.9464
265.1927 479.9888
265.1644 479.9461
265.2188 479.9336
265.208 479.9341
265.1881 479.9121
265.1758 479.944
265.1852 479.8866
265.2282 479.9814
265.2021 479.9471
265.2012 479.8864
265.1878 479.9776
265.1924 479.9279
265.1751 479.9553
265.1237 480.0108
265.2559 479.9642
265.277 479.9636
265.2871 479.9572
265.4206 479.922
265.4193 479.9484
265.5534 479.8871
265.5465 479.8866
265.5465 479.9147
265.6471 479.9254
265.6992 479.9036
265.7061 479.9131
265.7334 479.8913
265.7223 479.8795
265.6924 479.889
265.7868 479.9261
265.7878 479.895
265.7399 479.9175
265.8356 479.9033
265.8008 479.8867
265.8714 479.903
265.778 479.8999
265.8685 479.8914
265.8522 479.8664
265.9186 479.8797
265.8795 479.8257
265.8249 479.8537
265.8343 479.8384
265.8942 479.8483
265.8887 479.8525
265.8783 479.8527
265.8203 479.8394
265.8568 479.8674
265.8717 479.8311
265.8958 479.7889
265.9095 479.8138
265.819 479.8286
265.7773 479.8579
265.8431 479.8237
265.8307 479.8179
265.8714 479.8695
265.8708 479.8712
265.846 479.8345
265.8493 479.8335
265.7985 479.8519
265.8164 479.7923
265.807 479.8939
265.8138 479.8607
265.8477 479.8415
265.79 479.8903
265.7402 479.8936
265.7982 479.8735
265.817 479.8604
265.736 479.8779
265.7773 479.8622
265.7975 479.8547
265.8219 479.8693
265.7793 479.8745
265.8395 479.8595
265.8372 479.846
265.7643 479.8888
265.8887 479.835
265.7852 479.8883
265.7656 479.9004
265.765 479.8853
265.7725 479.8405
265.8011 479.8589
265.7106 479.8257
265.7637 479.8345
265.7793 479.8486
265.6982 479.854
265.7051 479.8283
265.7194 479.8423
265.6898 479.7982
265.7162 479.8104
265.7539 479.7813
265.736 479.8244
265.7246 479.8438
265.709 479.8244
265.6826 479.8582
265.7061 479.8717
265.7253 479.8288
265.7057 479.7754
265.7751 479.8042
265.7953 479.7891
265.7119 479.6851
265.7188 479.7396
265.7464 479.7328
265.7787 479.7078
265.7855 479.68
265.7995 479.6878
265.7236 479.6859
265.6969 479.6737
265.7047 479.6343
265.6279 479.5858
265.6816 479.5771
265.6354 479.6203
265.6576 479.5452
265.6322 479.5343
265.6953 479.5555
265.7142 479.5456
265.666 479.5666
265.6263 479.5604
265.7305 479.5226
265.7113 479.5047
265.6139 479.5313
265.6299 479.5467
265.6709 479.529
265.6527 479.4985
265.6504 479.52
265.6686 479.4779
265.6592 479.4858
265.6396 479.4357
265.6426 479.4204
265.6572 479.4303
265.6556 479.4438
265.6129 479.4313
265.5283 479.4734
265.5674 479.4411
265.5625 479.4518
265.623 479.4816
265.4756 479.446
265.5335 479.4438
265.5631 479.4316
265.513 479.4347
265.5443 479.4139
265.4782 479.4673
1920 480
265.194 479.792
265.3197 479.8625
265.3145 479.862
265.3415 479.8735
265.3268 479.8542
265.3177 479.8669
265.3366 479.8475
265.3294 479.8332
265.3206 479.8397
265.3454 479.849
265.3402 479.8459
265.3125 479.8599
265.3604 479.8634
265.3512 479.8813
265.3431 479.8464
265.3636 479.8428
265.374 479.8556
265.3366 479.8592
265.3525 479.8387
265.3512 479.8712
265.3486 479.8397
265.3691 479.8739
265.3893 479.8504
265.4271 479.8682
265.4079 479.8469
265.4352 479.8622
265.5215 479.8587
265.527 479.845
265.558 479.8602
265.5775 479.8602
265.5749 479.8669
265.625 479.877
265.5934 479.8734
265.6396 479.8628
265.6748 479.8976
265.6754 479.8898
265.6797 479.8366
265.8239 479.8141
265.7914 479.8961
265.7656 479.9256
265.8776 479.7585
265.751 479.87
265.7578 479.8815
265.8756 479.7931
265.7855 479.8576
265.6764 479.8791
265.8105 479.8545
265.8314 479.901
265.7272 479.8849
265.8122 479.8569
265.9072 479.9442
265.7503 479.8831
265.7562 479.9076
265.807 479.9352
265.7295 479.9351
265.6693 479.9081
265.7565 479.9162
265.7243 479.9272
265.7506 479.8864
265.693 479.918
265.7266 479.8919
265.7373 479.9398
265.6217 479.9642
265.6146 479.9355
265.652 479.9137
265.6371 479.9835
265.6823 479.9742
265.7282 479.9313
265.7409 479.9731
265.7142 479.9862
265.6484 479.9395
265.6901 479.9918
265.7484 479.9507
265.6764 479.9544
265.721 479.9227
265.7038 479.9835
265.6992 479.9455
265.8102 479.9611
265.7721 479.9989
265.7461 479.9531
265.724 479.924
265.6686 479.9821
265.7545 479.9595
265.8034 479.9032
265.8454 479.8872
265.8145 479.9088
265.8073 479.8849
265.8717 479.8817
265.7539 479.9406
265.807 479.9297
265.7842 479.8115
265.8542 479.8281
265.9694 479.7805
266.1162 479.7633
266.0983 479.8405
265.9381 479.9012
265.6641 479.9005
265.6715 479.91
265.7386 479.8551
265.8529 479.9009
265.8799 479.9443
265.7194 479.9476
265.4046 479.8952
265.3965 479.8859
265.3499 479.882
265.6051 479.874
265.5352 479.9248
265.4229 479.9017
265.3724 479.895
265.375 479.9176
265.4779 479.9157
265.4069 479.9064
265.3744 479.9339
265.4212 479.9463
265.4049 479.9343
265.4183 479.9331
265.2803 479.9186
265.2852 479.9233
265.2669 479.9168
265.321 479.931
265.3522 479.8958
265.3753 479.9063
265.304 479.9186
265.2826 479.9157
265.2975 479.896
265.2917 479.9243
265.3516 479.9528
265.3327 479.9081
265.3115 479.8975
265.3385 479.8994
265.442 479.8674
265.4037 479.8722
265.2435 479.8857
265.3249 479.8979
265.234 479.8766
265.2744 479.8384
265.2223 479.8918
265.321 479.8657
265.3431 479.8724
265.3311 479.8849
265.3174 479.894
265.2383 479.9157
265.2213 479.9064
265.2822 479.9323
265.2643 479.9535
265.2083 479.9466
265.1927 479.9375
265.2455 479.9556
265.1742 479.9487
265.1706 479.9497
265.2246 479.9502
265.2471 479.9495
265.2624 479.9333
265.1943 479.9385
265.2119 479.9081
265.1706 479.9445
265.2126 479.8996
265.1732 479.8929
265.3014 479.9464
265.1927 479.9888
265.1644 479.9461
265.2188 479.9336
265.208 479.9341
265.1881 479.9121
265.1758 479.944
265.1852 479.8866
265.2282 479.9814
265.2021 479.9471
265.2012 479.8864
265.1878 479.9776
265.1924 479.9279
265.1751 479.9553
265.1237 480.0108
265.2559 479.9642
265.277 479.9636
265.2871 479.9572
265.4206 479.922
265.4193 479.9484
265.5534 479.8871
265.5465 479.8866
265.5465 479.9147
265.6471 479.9254
265.6992 479.9036
265.7061 479.9131
265.7334 479.8913
265.7223 479.8795
265.6924 479.889
265.7868 479.9261
265.7878 479.895
265.7399 479.9175
265.8356 479.9033
265.8008 479.8867
265.8714 479.903
265.778 479.8999
265.8685 479.8914
265.8522 479.8664
265.9186 479.8797
265.8795 479.8257
265.8249 479.8537
265.8343 479.8384
265.8942 479.8483
265.8887 479.8525
265.8783 479.8527
265.8203 479.8394
265.8568 479.8674
265.8717 479.8311
265.8958 479.7889
265.9095 479.8138
265.819 479.8286
265.7773 479.8579
265.8431 479.8237
265.8307 479.8179
265.8714 479.8695
265.8708 479.8712
265.846 479.8345
265.8493 479.8335
265.7985 479.8519
265.8164 479.7923
265.807 479.8939
265.8138 479.8607
265.8477 479.8415
265.79 479.8903
265.7402 479.8936
265.7982 479.8735
265.817 479.8604
265.736 479.8779
265.7773 479.8622
265.7975 479.8547
265.8219 479.8693
265.7793 479.8745
265.8395 479.8595
265.8372 479.846
265.7643 479.8888
265.8887 479.835
265.7852 479.8883
265.7656 479.9004
265.765 479.8853
265.7725 479.8405
265.8011 479.8589
265.7106 479.8257
265.7637 479.8345
265.7793 479.8486
265.6982 479.854
265.7051 479.8283
265.7194 479.8423
265.6898 479.7982
265.7162 479.8104
265.7539 479.7813
265.736 479.8244
265.7246 479.8438
265.709 479.8244
265.6826 479.8582
265.7061 479.8717
265.7253 479.8288
265.7057 479.7754
265.7751 479.8042
265.7953 479.7891
265.7119 479.6851
265.7188 479.7396
265.7464 479.7328
265.7787 479.7078
265.7855 479.68
265.7995 479.6878
265.7236 479.6859
265.6969 479.6737
265.7047 479.6343
265.6279 479.5858
265.6816 479.5771
265.6354 479.6203
265.6576 479.5452
265.6322 479.5343
265.6953 479.5555
265.7142 479.5456
265.666 479.5666
265.6263 479.5604
265.7305 479.5226
265.7113 479.5047
265.6139 479.5313
265.6299 479.5467
265.6709 479.529
265.6527 479.4985
265.6504 479.52
265.6686 479.4779
265.6592 479.4858
265.6396 479.4357
265.6426 479.4204
265.6572 479.4303
265.6556 479.4438
265.6129 479.4313
265.5283 479.4734
265.5674 479.4411
265.5625 479.4518
265.623 479.4816
265.4756 479.446
265.5335 479.4438
265.5631 479.4316
265.513 479.4347
265.5443 479.4139
265.4782 479.4673
265.4948 479.425
265.4674 479.439
265.4688 479.4167
265.4919 479.4084
265.4935 479.4484
265.5055 479.4626
265.4254 479.4258
265.4183 479.4238
265.4092 479.4212
265.3184 479.4198
265.3509 479.4466
265.374 479.4552
265.3483 479.4115
265.3496 479.3869
265.3864 479.4588
265.3756 479.4081
265.2562 479.3859
265.3301 479.3835
265.3652 479.4009
265.3219 479.4276
265.39 479.4541
265.3477 479.471
265.319 479.3966
265.3076 479.4448
265.3115 479.4154
265.3369 479.431
265.3786 479.4803
265.3216 479.4294
265.3418 479.4463
265.2809 479.4771
265.3216 479.4603
265.2884 479.4409
265.3444 479.4937
265.4456 479.394
265.472 479.439
265.442 479.5259
265.4678 479.4549
265.5065 479.4528
265.6042 479.5085
265.6042 479.4821
265.6029 479.4832
265.5898 479.5015
265.6309 479.4897
265.6494 479.5024
265.5957 479.4717
265.6217 479.5438
265.6683 479.4832
265.626 479.4655
265.5488 479.5234
265.61 479.5838
265.6156 479.4818
265.6709 479.4518
265.5788 479.4774
265.5547 479.4653
265.5384 479.4618
265.6003 479.4474
265.5814 479.5003
265.6299 479.4937
265.6357 479.4982
265.7021 479.4546
265.6182 479.445
265.6533 479.4365
265.5957 479.4287
265.6022 479.4745
265.6266 479.4547
265.623 479.4538
265.6419 479.446
265.6426 479.4453
265.6025 479.4331
265.7005 479.416
265.6006 479.4658
265.6256 479.4798
265.6507 479.4757
265.6201 479.4601
265.5902 479.5166
265.6136 479.4832
265.61 479.4541
265.623 479.4552
265.5898 479.479
265.4889 479.4949
265.5641 479.4897
265.5687 479.4881
265.5872 479.4797
265.623 479.4816
265.5905 479.4484
265.6055 479.4341
265.5645 479.4609
265.5931 479.4826
265.5931 479.4886
265.5469 479.4745
265.5902 479.4655
265.5622 479.5132
265.6517 479.4593
265.6289 479.4832
265.5742 479.4954
265.6029 479.4671
265.5729 479.4577
265.5443 479.5205
265.4994 479.5436
265.5693 479.4889
265.5592 479.4847
265.5384 479.4964
265.5876 479.4834
265.5859 479.5534
265.5531 479.5173
265.5667 479.5282
265.5472 479.5154
265.651 479.5257
265.5492 479.5029
265.5501 479.5187
265.6237 479.5005
265.5983 479.4671
265.5654 479.4461
265.6244 479.5106
265.6494 479.4702
265.584 479.4807
265.5794 479.5016
265.7227 479.4779
265.7305 479.4754
265.7077 479.5522
265.7799 479.4679
265.804 479.457
265.7637 479.4565
265.7956 479.4997
265.7956 479.4455
265.7956 479.4889
265.7982 479.4413
265.808 479.48
265.8708 479.4691
265.7988 479.4923
265.7337 479.4946
265.8301 479.4959
265.819 479.505
265.8874 479.4547
265.8623 479.5067
265.8066 479.5308
265.8359 479.5047
265.8246 479.5015
265.8542 479.4927
265.8818 479.4865
265.8415 479.522
265.7705 479.5093
265.7559 479.5107
265.8438 479.527
265.8447 479.4906
265.724 479.501
265.7988 479.484
265.8125 479.5697
265.7809 479.617
265.7086 479.5107
265.7432 479.5386
265.736 479.4679
265.7461 479.5111
265.7506 479.4656
265.681 479.5159
265.6699 479.4766
265.7269 479.4784
265.7253 479.4634
265.7259 479.4707
265.6888 479.472
265.7074 479.4854
265.6875 479.4909
265.6956 479.4474
265.6537 479.4724
265.6507 479.4419
265.6703 479.4749
265.7458 479.4866
265.7002 479.4469
265.7572 479.5132
265.7188 479.4531
265.6195 479.4665
265.5749 479.4998
265.6852 479.4681
265.6318 479.4707
265.6051 479.4706
265.624 479.4171
265.6312 479.4626
265.5563 479.4684
265.5765 479.4666
265.6338 479.4212
265.6061 479.4779
265.5482 479.4238
265.5404 479.4108
265.5566 479.4391
265.5309 479.5038
265.5335 479.4266
265.5586 479.4229
265.4779 479.4977
265.4381 479.4648
265.6133 479.43
265.5443 479.4417
265.5208 479.4118
265.4531 479.4984
265.5501 479.505
265.5488 479.4573
265.5456 479.445
265.5778 479.442
265.6165 479.4526
265.6322 479.4798
265.6048 479.4985
265.6533 479.4287
265.6641 479.5063
265.6556 479.4644
265.6927 479.5249
265.6178 479.4901
265.6602 479.4849
265.5788 479.5527
265.6325 479.5812
265.6881 479.5294
265.6549 479.5584
265.6371 479.5719
265.582 479.498
265.5762 479.5796
265.5905 479.5818
265.6087 479.5128
265.5234 479.5128
265.5397 479.5705
265.5931 479.5479
265.5605 479.5153
265.5146 479.5978
265.4678 479.6052
265.5306 479.5452
265.5098 479.5483
265.4261 479.5373
265.5107 479.5587
265.5667 479.606
265.4945 479.5636
265.5039 479.5522
265.4831 479.6037
265.4713 479.5687
265.4261 479.5718
265.4059 479.578
265.4717 479.5703
265.5459 479.5133
265.4697 479.5767
265.4359 479.574
265.4053 479.5737
265.3945 479.5736
265.4648 479.5488
265.5114 479.5326
265.4951 479.5309
265.4164 479.5706
265.3441 479.5957
265.3958 479.5226
265.4408 479.5607
265.4082 479.5592
265.4199 479.5737
265.4743 479.5537
265.4756 479.582
265.3581 479.6068
265.3978 479.5594
265.3874 479.5884
265.3981 479.5889
265.3789 479.5838
265.39 479.5684
265.3581 479.5991
265.4164 479.5649
265.4932 479.5962
265.3496 479.6087
265.4108 479.5872
265.5 479.5869
265.4141 479.5901
265.3711 479.5975
265.4408 479.6289
265.4697 479.6029
265.4391 479.5885
265.3678 479.6029
265.4128 479.6157
265.4932 479.6087
265.4671 479.5996
265.6588 479.6216
265.6452 479.6234
265.6537 479.6401
265.653 479.6139
265.7617 479.6577
265.7347 479.6657
265.7826 479.6043
265.7676 479.584
265.7702 479.5977
265.8236 479.6291
265.7822 479.584
265.7887 479.6392
265.7731 479.5739
265.8499 479.6131
265.8613 479.5952
265.8705 479.6515
265.8451 479.6406
265.9206 479.6427
265.933 479.6483
265.8483 479.6598
265.8698 479.6427
265.9115 479.6006
265.8864 479.6252
265.8851 479.6105
265.8747 479.6052
265.8646 479.5929
265.8815 479.6161
265.8581 479.6535
265.8161 479.5901
265.8955 479.603
265.4948 479.425
265.4674 479.439
265.4688 479.4167
265.4919 479.4084
265.4935 479.4484
265.5055 479.4626
265.4254 479.4258
265.4183 479.4238
265.4092 479.4212
265.3184 479.4198
265.3509 479.4466
265.374 479.4552
265.3483 479.4115
265.3496 479.3869
265.3864 479.4588
265.3756 479.4081
265.2562 479.3859
265.3301 479.3835
265.3652 479.4009
265.3219 479.4276
265.39 479.4541
265.3477 479.471
265.319 479.3966
265.3076 479.4448
265.3115 479.4154
265.3369 479.431
265.3786 479.4803
265.3216 479.4294
265.3418 479.4463
265.2809 479.4771
265.3216 479.4603
265.2884 479.4409
265.3444 479.4937
265.4456 479.394
265.472 479.439
265.442 479.5259
265.4678 479.4549
265.5065 479.4528
265.6042 479.5085
265.6042 479.4821
265.6029 479.4832
265.5898 479.5015
265.6309 479.4897
265.6494 479.5024
265.5957 479.4717
265.6217 479.5438
265.6683 479.4832
265.626 479.4655
265.5488 479.5234
265.61 479.5838
265.6156 479.4818
265.6709 479.4518
265.5788 479.4774
265.5547 479.4653
265.5384 479.4618
265.6003 479.4474
265.5814 479.5003
265.6299 479.4937
265.6357 479.4982
265.7021 479.4546
265.6182 479.445
265.6533 479.4365
265.5957 479.4287
265.6022 479.4745
265.6266 479.4547
265.623 479.4538
265.6419 479.446
265.6426 479.4453
265.6025 479.4331
265.7005 479.416
265.6006 479.4658
265.6256 479.4798
265.6507 479.4757
265.6201 479.4601
265.5902 479.5166
265.6136 479.4832
265.61 479.4541
265.623 479.4552
265.5898 479.479
265.4889 479.4949
265.5641 479.4897
265.5687 479.4881
265.5872 479.4797
265.623 479.4816
265.5905 479.4484
265.6055 479.4341
265.5645 479.4609
265.5931 479.4826
265.5931 479.4886
265.5469 479.4745
265.5902 479.4655
265.5622 479.5132
265.6517 479.4593
265.6289 479.4832
265.5742 479.4954
265.6029 479.4671
265.5729 479.4577
265.5443 479.5205
265.4994 479.5436
265.5693 479.4889
265.5592 479.4847
265.5384 479.4964
265.5876 479.4834
265.5859 479.5534
265.5531 479.5173
265.5667 479.5282
265.5472 479.5154
265.651 479.5257
265.5492 479.5029
265.5501 479.5187
265.6237 479.5005
265.5983 479.4671
265.5654 479.4461
265.6244 479.5106
265.6494 479.4702
265.584 479.4807
265.5794 479.5016
265.7227 479.4779
265.7305 479.4754
265.7077 479.5522
265.7799 479.4679
265.804 479.457
265.7637 479.4565
265.7956 479.4997
265.7956 479.4455
265.7956 479.4889
265.7982 479.4413
265.808 479.48
265.8708 479.4691
265.7988 479.4923
265.7337 479.4946
265.8301 479.4959
265.819 479.505
265.8874 479.4547
265.8623 479.5067
265.8066 479.5308
265.8359 479.5047
265.8246 479.5015
265.8542 479.4927
265.8818 479.4865
265.8415 479.522
265.7705 479.5093
265.7559 479.5107
265.8438 479.527
265.8447 479.4906
265.724 479.501
265.7988 479.484
265.8125 479.5697
265.7809 479.617
265.7086 479.5107
265.7432 479.5386
265.736 479.4679
265.7461 479.5111
265.7506 479.4656
265.681 479.5159
265.6699 479.4766
265.7269 479.4784
265.7253 479.4634
265.7259 479.4707
265.6888 479.472
265.7074 479.4854
265.6875 479.4909
265.6956 479.4474
265.6537 479.4724
265.6507 479.4419
265.6703 479.4749
265.7458 479.4866
265.7002 479.4469
265.7572 479.5132
265.7188 479.4531
265.6195 479.4665
265.5749 479.4998
265.6852 479.4681
265.6318 479.4707
265.6051 479.4706
265.624 479.4171
265.6312 479.4626
265.5563 479.4684
265.5765 479.4666
265.6338 479.4212
265.6061 479.4779
265.5482 479.4238
265.5404 479.4108
265.5566 479.4391
265.5309 479.5038
265.5335 479.4266
265.5586 479.4229
265.4779 479.4977
265.4381 479.4648
265.6133 479.43
265.5443 479.4417
265.5208 479.4118
265.4531 479.4984
265.5501 479.505
265.5488 479.4573
265.5456 479.445
265.5778 479.442
265.6165 479.4526
265.6322 479.4798
265.6048 479.4985
265.6533 479.4287
265.6641 479.5063
265.6556 479.4644
265.6927 479.5249
265.6178 479.4901
265.6602 479.4849
265.5788 479.5527
265.6325 479.5812
265.6881 479.5294
265.6549 479.5584
265.6371 479.5719
265.582 479.498
265.5762 479.5796
265.5905 479.5818
265.6087 479.5128
265.5234 479.5128
265.5397 479.5705
265.5931 479.5479
265.5605 479.5153
265.5146 479.5978
265.4678 479.6052
265.5306 479.5452
265.5098 479.5483
265.4261 479.5373
265.5107 479.5587
265.5667 479.606
265.4945 479.5636
265.5039 479.5522
265.4831 479.6037
265.4713 479.5687
265.4261 479.5718
265.4059 479.578
265.4717 479.5703
265.5459 479.5133
265.4697 479.5767
265.4359 479.574
265.4053 479.5737
265.3945 479.5736
265.4648 479.5488
265.5114 479.5326
265.4951 479.5309
265.4164 479.5706
265.3441 479.5957
265.3958 479.5226
265.4408 479.5607
265.4082 479.5592
265.4199 479.5737
265.4743 479.5537
265.4756 479.582
265.3581 479.6068
265.3978 479.5594
265.3874 479.5884
265.3981 479.5889
265.3789 479.5838
265.39 479.5684
265.3581 479.5991
265.4164 479.5649
265.4932 479.5962
265.3496 479.6087
265.4108 479.5872
265.5 479.5869
265.4141 479.5901
265.3711 479.5975
265.4408 479.6289
265.4697 479.6029
265.4391 479.5885
265.3678 479.6029
265.4128 479.6157
265.4932 479.6087
265.4671 479.5996
265.6588 479.6216
265.6452 479.6234
265.6537 479.6401
265.653 479.6139
265.7617 479.6577
265.7347 479.6657
265.7826 479.6043
265.7676 479.584
265.7702 479.5977
265.8236 479.6291
265.7822 479.584
265.7887 479.6392
265.7731 479.5739
265.8499 479.6131
265.8613 479.5952
265.8705 479.6515
265.8451 479.6406
265.9206 479.6427
265.933 479.6483
265.8483 479.6598
265.8698 479.6427
265.9115 479.6006
265.8864 479.6252
265.8851 479.6105
265.8747 479.6052
265.8646 479.5929
265.8815 479.6161
265.8581 479.6535
265.8161 479.5901
265.8955 479.603
265.9994 479.6292
265.9333 479.5991
265.8854 479.6232
265.9219 479.6538
265.8737 479.6551
265.9987 479.6292
265.944 479.6747
265.9629 479.6445
265.9235 479.6704
265.9111 479.6128
265.9447 479.6655
265.9033 479.6535
265.8678 479.6501
265.8516 479.6017
265.9199 479.6338
265.9095 479.6411
265.8044 479.6226
265.82 479.6107
265.8975 479.6642
265.9167 479.6789
265.9365 479.6593
265.9961 479.5649
265.9222 479.6325
265.9242 479.6033
265.987 479.5938
266.0221 479.6608
265.9879 479.6123
266.0358 479.6203
266.0313 479.5802
266.0508 479.5724
266.0645 479.5747
266.0068 479.5866
266.0485 479.5457
266.0693 479.5348
266.0143 479.5988
266.0456 479.6071
266.0072 479.5693
265.9876 479.6492
265.9593 479.6414
265.8695 479.6205
265.9342 479.6336
265.9264 479.6553
265.9867 479.6131
265.958 479.6497
265.9118 479.5807
265.9043 479.576
265.9183 479.5684
265.8991 479.5754
265.861 479.6323
265.8568 479.6387
265.8779 479.6623
265.7965 479.6154
265.8148 479.5868
265.8542 479.5581
265.7992 479.5928
265.7266 479.5697
265.901 479.5562
265.8516 479.5843
265.8001 479.5949
265.8092 479.5646
265.7965 479.5708
265.7357 479.5739
265.8011 479.5532
265.8522 479.5965
265.7992 479.6073
265.7819 479.5962
265.749 479.6252
265.6904 479.5584
265.7152 479.5744
265.6986 479.584
265.6781 479.5731
265.7162 479.5158
265.6676 479.5599
265.6725 479.557
265.6872 479.5956
265.6628 479.6094
265.6699 479.6009
265.736 479.5322
265.641 479.5901
265.6859 479.5641
265.7005 479.5688
265.6628 479.569
265.6641 479.5681
265.5589 479.5664
265.5313 479.5912
265.6084 479.5435
265.5944 479.5708
265.5592 479.5723
265.5859 479.5545
265.5622 479.5584
265.5576 479.5358
265.611 479.5287
265.541 479.5578
265.5299 479.521
265.4857 479.543
265.5319 479.561
265.6071 479.5796
265.5612 479.55
265.5378 479.5451
265.5687 479.5176
265.5605 479.5599
265.543 479.5291
265.5374 479.5768
265.5006 479.6134
265.5277 479.5587
265.4805 479.5522
265.5381 479.5923
265.5273 479.5317
265.5199 479.575
265.4053 479.5879
265.4717 479.5671
265.4772 479.5392
265.4254 479.5876
265.485 479.5293
265.4824 479.5173
265.4313 479.5335
265.4277 479.5667
265.4662 479.5682
265.4723 479.5223
265.3705 479.6029
265.3994 479.6193
265.3825 479.6045
265.3239 479.6245
265.3701 479.6121
265.3545 479.632
265.3385 479.6411
265.2796 479.6826
265.3255 479.6356
265.2617 479.6372
265.3483 479.618
265.2494 479.5944
265.2526 479.548
265.2305 479.54
265.3135 479.4861
265.2526 479.4911
265.2497 479.4474
265.266 479.3921
265.2643 479.381
265.3131 479.4198
265.2653 479.3539
265.2204 479.3358
265.2988 479.3582
265.265 479.3564
265.2591 479.3581
265.2695 479.2961
265.29 479.29
265.2233 479.3009
265.2396 479.2423
265.3223 479.2474
265.3317 479.207
265.3145 479.2316
265.2666 479.2289
265.2311 479.2419
265.1966 479.2393
265.2129 479.2376
265.2904 479.2352
265.2715 479.2448
265.2858 479.2469
265.21 479.2337
265.2715 479.1898
265.304 479.1872
265.276 479.1943
265.3281 479.2257
265.2946 479.1979
265.2731 479.1385
265.2396 479.1657
265.2025 479.1774
265.2982 479.1471
265.3213 479.2409
265.347 479.0829
265.2646 479.1742
265.3011 479.1268
265.2809 479.1325
265.2708 479.141
265.335 479.146
265.3744 479.1042
265.29 479.1305
265.2318 479.1315
265.2591 479.1405
265.3161 479.1782
265.3092 479.1686
265.3682 479.0941
265.3587 479.0518
265.3711 479.1057
265.3346 479.0773
265.3164 479.1307
265.3268 479.0879
265.332 479.0767
265.2793 479.0788
265.2682 479.1152
265.3057 479.063
265.2969 479.1589
265.2526 479.1624
265.3004 479.0641
265.306 479.0983
265.2168 479.13
265.2633 479.0941
265.2197 479.1076
265.1973 479.1323
265.1598 479.1699
265.1849 479.1471
265.2002 479.1356
265.1579 479.1292
265.2285 479.1375
265.1771 479.0645
265.1465 479.0581
265.1963 479.0195
265.1986 479.0228
265.1917 478.9938
265.1654 478.9782
265.1221 478.9598
265.1016 478.9868
265.0859 478.9294
265.1237 478.9744
265.0592 478.9245
265.0889 478.8758
265.1146 478.8766
265.0866 478.8857
265.069 478.8493
265.1029 478.7829
265.0664 478.8172
265.1263 478.7638
265.0479 478.7539
265.1237 478.7861
265.0495 478.8057
265.0081 478.7523
265.0299 478.7648
264.9932 478.7903
265.0111 478.7511
265.0283 478.7461
265.0111 478.7642
265.0039 478.7339
265.0986 478.7023
265.0065 478.7598
265.0859 478.7556
265.0371 478.7183
265.0319 478.7482
264.9977 478.7324
265.0026 478.75
264.9837 478.6956
265.0107 478.7034
265.0192 478.7103
265.0638 478.7163
265.1442 478.7376
265.1208 478.7049
265.2028 478.6913
265.1357 478.7121
265.0453 478.7121
265.1025 478.6738
265.0876 478.714
265.0788 478.6899
265.1898 478.7072
265.2002 478.6649
265.1549 478.679
265.1563 478.6953
265.1647 478.6704
265.1595 478.6242
265.0423 478.713
265.1582 478.6935
265.1234 478.6549
265.1139 478.674
265.2174 478.6755
265.2038 478.6963
265.2399 478.6846
265.1973 478.7116
265.1973 478.7175
265.2018 478.6927
265.193 478.7048
265.1934 478.7041
265.2334 478.7744
265.2448 478.6819
265.3014 478.668
265.1543 478.765
265.2946 478.6427
265.304 478.7279
265.1924 478.7354
265.306 478.7085
265.278 478.7495
265.3353 478.7013
265.3496 478.7383
265.3346 478.7147
265.3643 478.68
265.3304 478.6948
265.4027 478.7088
265.4456 478.7091
265.3483 478.7215
265.4326 478.7624
265.4088 478.6878
265.4004 478.7082
265.4147 478.7178
265.433 478.6816
265.4974 478.66
265.4577 478.6903
265.4316 478.6405
265.3906 478.6849
265.4411 478.6878
265.4782 478.6802
265.4782 478.638
265.4225 478.7049
265.4147 478.6436
265.9994 479.6292
265.9333 479.5991
265.8854 479.6232
265.9219 479.6538
265.8737 479.6551
265.9987 479.6292
265.944 479.6747
265.9629 479.6445
265.9235 479.6704
265.9111 479.6128
265.9447 479.6655
265.9033 479.6535
265.8678 479.6501
265.8516 479.6017
265.9199 479.6338
265.9095 479.6411
265.8044 479.6226
265.82 479.6107
265.8975 479.6642
265.9167 479.6789
265.9365 479.6593
265.9961 479.5649
265.9222 479.6325
265.9242 479.6033
265.987 479.5938
266.0221 479.6608
265.9879 479.6123
266.0358 479.6203
266.0313 479.5802
266.0508 479.5724
266.0645 479.5747
266.0068 479.5866
266.0485 479.5457
266.0693 479.5348
266.0143 479.5988
266.0456 479.6071
266.0072 479.5693
265.9876 479.6492
265.9593 479.6414
265.8695 479.6205
265.9342 479.6336
265.9264 479.6553
265.9867 479.6131
265.958 479.6497
265.9118 479.5807
265.9043 479.576
265.9183 479.5684
265.8991 479.5754
265.861 479.6323
265.8568 479.6387
265.8779 479.6623
265.7965 479.6154
265.8148 479.5868
265.8542 479.5581
265.7992 479.5928
265.7266 479.5697
265.901 479.5562
265.8516 479.5843
265.8001 479.5949
265.8092 479.5646
265.7965 479.5708
265.7357 479.5739
265.8011 479.5532
265.8522 479.5965
265.7992 479.6073
265.7819 479.5962
265.749 479.6252
265.6904 479.5584
265.7152 479.5744
265.6986 479.584
265.6781 479.5731
265.7162 479.5158
265.6676 479.5599
265.6725 479.557
265.6872 479.5956
265.6628 479.6094
265.6699 479.6009
265.736 479.5322
265.641 479.5901
265.6859 479.5641
265.7005 479.5688
265.6628 479.569
265.6641 479.5681
265.5589 479.5664
265.5313 479.5912
265.6084 479.5435
265.5944 479.5708
265.5592 479.5723
265.5859 479.5545
265.5622 479.5584
265.5576 479.5358
265.611 479.5287
265.541 479.5578
265.5299 479.521
265.4857 479.543
265.5319 479.561
265.6071 479.5796
265.5612 479.55
265.5378 479.5451
265.5687 479.5176
265.5605 479.5599
265.543 479.5291
265.5374 479.5768
265.5006 479.6134
265.5277 479.5587
265.4805 479.5522
265.5381 479.5923
265.5273 479.5317
265.5199 479.575
265.4053 479.5879
265.4717 479.5671
265.4772 479.5392
265.4254 479.5876
265.485 479.5293
265.4824 479.5173
265.4313 479.5335
265.4277 479.5667
265.4662 479.5682
265.4723 479.5223
265.3705 479.6029
265.3994 479.6193
265.3825 479.6045
265.3239 479.6245
265.3701 479.6121
265.3545 479.632
265.3385 479.6411
265.2796 479.6826
265.3255 479.6356
265.2617 479.6372
265.3483 479.618
265.2494 479.5944
265.2526 479.548
265.2305 479.54
265.3135 479.4861
265.2526 479.4911
265.2497 479.4474
265.266 479.3921
265.2643 479.381
265.3131 479.4198
265.2653 479.3539
265.2204 479.3358
265.2988 479.3582
265.265 479.3564
265.2591 479.3581
265.2695 479.2961
265.29 479.29
265.2233 479.3009
265.2396 479.2423
265.3223 479.2474
265.3317 479.207
265.3145 479.2316
265.2666 479.2289
265.2311 479.2419
265.1966 479.2393
265.2129 479.2376
265.2904 479.2352
265.2715 479.2448
265.2858 479.2469
265.21 479.2337
265.2715 479.1898
265.304 479.1872
265.276 479.1943
265.3281 479.2257
265.2946 479.1979
265.2731 479.1385
265.2396 479.1657
265.2025 479.1774
265.2982 479.1471
265.3213 479.2409
265.347 479.0829
265.2646 479.1742
265.3011 479.1268
265.2809 479.1325
265.2708 479.141
265.335 479.146
265.3744 479.1042
265.29 479.1305
265.2318 479.1315
265.2591 479.1405
265.3161 479.1782
265.3092 479.1686
265.3682 479.0941
265.3587 479.0518
265.3711 479.1057
265.3346 479.0773
265.3164 479.1307
265.3268 479.0879
265.332 479.0767
265.2793 479.0788
265.2682 479.1152
265.3057 479.063
265.2969 479.1589
265.2526 479.1624
265.3004 479.0641
265.306 479.0983
265.2168 479.13
265.2633 479.0941
265.2197 479.1076
265.1973 479.1323
265.1598 479.1699
265.1849 479.1471
265.2002 479.1356
265.1579 479.1292
265.2285 479.1375
265.1771 479.0645
265.1465 479.0581
265.1963 479.0195
265.1986 479.0228
265.1917 478.9938
265.1654 478.9782
265.1221 478.9598
265.1016 478.9868
265.0859 478.9294
265.1237 478.9744
265.0592 478.9245
265.0889 478.8758
265.1146 478.8766
265.0866 478.8857
265.069 478.8493
265.1029 478.7829
265.0664 478.8172
265.1263 478.7638
265.0479 478.7539
265.1237 478.7861
265.0495 478.8057
265.0081 478.7523
265.0299 478.7648
264.9932 478.7903
265.0111 478.7511
265.0283 478.7461
265.0111 478.7642
265.0039 478.7339
265.0986 478.7023
265.0065 478.7598
265.0859 478.7556
265.0371 478.7183
265.0319 478.7482
264.9977 478.7324
265.0026 478.75
264.9837 478.6956
265.0107 478.7034
265.0192 478.7103
265.0638 478.7163
265.1442 478.7376
265.1208 478.7049
265.2028 478.6913
265.1357 478.7121
265.0453 478.7121
265.1025 478.6738
265.0876 478.714
265.0788 478.6899
265.1898 478.7072
265.2002 478.6649
265.1549 478.679
265.1563 478.6953
265.1647 478.6704
265.1595 478.6242
265.0423 478.713
265.1582 478.6935
265.1234 478.6549
265.1139 478.674
265.2174 478.6755
265.2038 478.6963
265.2399 478.6846
265.1973 478.7116
265.1973 478.7175
265.2018 478.6927
265.193 478.7048
265.1934 478.7041
265.2334 478.7744
265.2448 478.6819
265.3014 478.668
265.1543 478.765
265.2946 478.6427
265.304 478.7279
265.1924 478.7354
265.306 478.7085
265.278 478.7495
265.3353 478.7013
265.3496 478.7383
265.3346 478.7147
265.3643 478.68
265.3304 478.6948
265.4027 478.7088
265.4456 478.7091
265.3483 478.7215
265.4326 478.7624
265.4088 478.6878
265.4004 478.7082
265.4147 478.7178
265.433 478.6816
265.4974 478.66
265.4577 478.6903
265.4316 478.6405
265.3906 478.6849
265.4411 478.6878
265.4782 478.6802
265.4782 478.638
265.4225 478.7049
265.4147 478.6436
265.4316 478.6273
265.4085 478.6781
265.3949 478.6408
265.4564 478.645
265.4609 478.6421
265.4004 478.6377
265.4414 478.6325
265.4547 478.687
265.3405 478.6901
265.4635 478.6525
265.3822 478.6613
265.3542 478.6812
265.4238 478.6821
265.3939 478.7116
265.4674 478.7157
265.4844 478.7117
265.3841 478.6974
265.5098 478.7142
265.4193 478.7166
265.5283 478.6408
265.4648 478.6819
265.4479 478.6802
265.5358 478.6398
265.4769 478.6662
265.4635 478.6344
265.4756 478.6439
265.4759 478.6217
265.4219 478.6694
265.458 478.6484
265.418 478.6462
265.4303 478.6422
265.3936 478.6657
265.3815 478.6808
265.3857 478.637
265.3776 478.6273
265.3795 478.6344
265.3971 478.6605
265.3965 478.6556
265.3639 478.6462
265.3629 478.6364
265.3698 478.6377
265.3167 478.654
265.3522 478.6134
265.3744 478.6641
265.3838 478.6624
265.3633 478.6055
265.4049 478.6341
265.3688 478.5781
265.3678 478.5658
265.4346 478.61
265.3994 478.6118
265.4404 478.5594
265.4017 478.6424
265.4167 478.6125
265.3662 478.606
265.3587 478.627
265.3408 478.5963
265.3405 478.5789
265.3578 478.6632
265.3795 478.6792
265.3545 478.6043
265.4056 478.6343
265.3512 478.6621
265.3698 478.6348
265.3558 478.6541
265.4349 478.584
265.4678 478.6112
265.5449 478.55
265.4453 478.5705
265.4287 478.5182
265.4941 478.4549
265.4902 478.4662
265.4847 478.4679
265.5876 478.4425
265.4994 478.3993
265.526 478.4097
265.5902 478.391
265.5456 478.4049
265.4932 478.4164
265.571 478.3948
265.5247 478.3901
265.585 478.3423
265.5703 478.3169
265.5729 478.3633
265.5928 478.3528
265.5524 478.3498
265.4606 478.3005
265.5615 478.3042
265.5319 478.2907
265.5583 478.3226
265.5218 478.3154
265.5749 478.2776
265.5313 478.2959
265.6136 478.3024
265.5915 478.304
265.61 478.2806
265.5208 478.3167
265.5508 478.332
265.5443 478.2754
265.418 478.2461
265.4193 478.2806
265.4297 478.2773
265.4645 478.2664
265.4404 478.2733
265.3955 478.2588
265.4056 478.2523
265.4245 478.2296
265.3444 478.2752
265.3783 478.2367
265.321 478.2326
265.3581 478.2695
265.2799 478.2982
265.2816 478.2453
265.2578 478.271
265.2565 478.2389
265.207 478.2793
265.2051 478.2646
265.2614 478.2474
265.2064 478.2529
265.1504 478.2502
265.2594 478.2594
265.2126 478.2278
265.1621 478.2524
265.1413 478.2707
265.1647 478.2697
265.1396 478.2357
265.1725 478.2576
265.125 478.2873
265.0892 478.2692
265.0648 478.2603
265.0137 478.2386
265.0205 478.245
265.0355 478.2379
265.0352 478.2409
264.9915 478.2723
264.9713 478.2086
265.0462 478.2266
265.0287 478.2511
265.0511 478.2974
265.0257 478.2834
265.1335 478.3093
265.1787 478.2946
265.123 478.3114
265.1237 478.2811
265.1318 478.3507
265.1279 478.3636
265.1244 478.3758
265.1188 478.3934
265.3249 478.3459
265.2494 478.4061
265.1647 478.39
265.251 478.3418
265.3044 478.3483
265.2441 478.3649
265.252 478.3415
265.2432 478.3889
265.2494 478.3906
265.2376 478.3792
265.2783 478.3914
265.264 478.4043
265.2572 478.4295
265.3275 478.3596
265.3574 478.4175
265.304 478.3735
265.3249 478.3885
265.3594 478.3911
265.3906 478.4002
265.3708 478.4313
265.2953 478.418
265.317 478.3978
265.361 478.3851
265.3112 478.3861
265.3187 478.4224
265.3795 478.3958
265.3398 478.3556
265.3385 478.3979
265.4215 478.3786
265.3441 478.4082
265.3216 478.3724
265.2705 478.3913
265.4388 478.3756
265.3379 478.4082
265.3174 478.3988
265.3568 478.3841
265.3656 478.3509
265.2894 478.3755
265.32 478.4157
265.2773 478.3771
265.319 478.3636
265.2943 478.4183
265.321 478.4538
265.3516 478.3726
265.3564 478.3916
265.2533 478.4106
265.305 478.4053
265.317 478.3976
265.265 478.4272
265.2998 478.397
265.2926 478.4346
265.2826 478.4512
265.2751 478.3766
265.3109 478.3939
265.3151 478.4378
265.2988 478.4159
265.291 478.4097
265.349 478.4591
265.2965 478.4157
265.2708 478.4292
265.3004 478.4478
265.3119 478.429
265.3421 478.4471
265.3578 478.4276
265.2871 478.4212
265.305 478.4754
265.3187 478.4365
265.2858 478.4404
265.2116 478.4681
265.2995 478.4005
265.306 478.4167
265.2734 478.409
265.3346 478.4246
265.376 478.4637
265.3131 478.4733
265.2914 478.4523
265.2832 478.4896
265.2324 478.5169
265.3066 478.4586
265.276 478.5223
265.237 478.5378
265.3148 478.5181
265.2871 478.5109
265.2799 478.4955
265.3047 478.487
265.3073 478.5145
265.2887 478.55
265.3197 478.5524
265.2438 478.5578
265.2767 478.5596
265.278 478.6107
265.2279 478.6107
265.2959 478.6014
265.2822 478.6296
265.2858 478.6066
265.2904 478.5779
265.2083 478.6505
265.2575 478.6629
265.3232 478.6108
265.2637 478.6719
265.25 478.6273
265.2598 478.637
265.1986 478.6585
265.1986 478.6384
265.1855 478.7038
265.3099 478.6782
265.263 478.6899
265.2799 478.6494
265.2389 478.6836
265.1546 478.721
265.1667 478.6738
265.1537 478.631
265.1917 478.6585
265.1169 478.7322
265.1676 478.6502
265.1689 478.6471
265.1393 478.6582
265.1621 478.645
265.2227 478.6574
265.1644 478.6286
265.1895 478.626
265.1514 478.6411
265.0801 478.6232
265.1608 478.597
265.1436 478.6133
265.1198 478.6582
265.0645 478.6509
265.1357 478.6278
265.2178 478.6468
265.1888 478.6354
265.2077 478.6292
265.168 478.6483
265.1836 478.6632
265.1556 478.6541
265.1735 478.6512
265.1276 478.6395
265.2096 478.6703
265.195 478.6978
265.1914 478.6823
265.1178 478.6746
265.1816 478.6422
265.1969 478.6644
265.1924 478.6615
265.1641 478.6504
265.1107 478.6882
265.123 478.6904
265.1201 478.6851
265.1436 478.6632
265.1019 478.6989
265.1309 478.687
265.1374 478.6365
265.1475 478.6712
265.4316 478.6273
265.4085 478.6781
265.3949 478.6408
265.4564 478.645
265.4609 478.6421
265.4004 478.6377
265.4414 478.6325
265.4547 478.687
265.3405 478.6901
265.4635 478.6525
265.3822 478.6613
265.3542 478.6812
265.4238 478.6821
265.3939 478.7116
265.4674 478.7157
265.4844 478.7117
265.3841 478.6974
265.5098 478.7142
265.4193 478.7166
265.5283 478.6408
265.4648 478.6819
265.4479 478.6802
265.5358 478.6398
265.4769 478.6662
265.4635 478.6344
265.4756 478.6439
265.4759 478.6217
265.4219 478.6694
265.458 478.6484
265.418 478.6462
265.4303 478.6422
265.3936 478.6657
265.3815 478.6808
265.3857 478.637
265.3776 478.6273
265.3795 478.6344
265.3971 478.6605
265.3965 478.6556
265.3639 478.6462
265.3629 478.6364
265.3698 478.6377
265.3167 478.654
265.3522 478.6134
265.3744 478.6641
265.3838 478.6624
265.3633 478.6055
265.4049 478.6341
265.3688 478.5781
265.3678 478.5658
265.4346 478.61
265.3994 478.6118
265.4404 478.5594
265.4017 478.6424
265.4167 478.6125
265.3662 478.606
265.3587 478.627
265.3408 478.5963
265.3405 478.5789
265.3578 478.6632
265.3795 478.6792
265.3545 478.6043
265.4056 478.6343
265.3512 478.6621
265.3698 478.6348
265.3558 478.6541
265.4349 478.584
265.4678 478.6112
265.5449 478.55
265.4453 478.5705
265.4287 478.5182
265.4941 478.4549
265.4902 478.4662
265.4847 478.4679
265.5876 478.4425
265.4994 478.3993
265.526 478.4097
265.5902 478.391
265.5456 478.4049
265.4932 478.4164
265.571 478.3948
265.5247 478.3901
265.585 478.3423
265.5703 478.3169
265.5729 478.3633
265.5928 478.3528
265.5524 478.3498
265.4606 478.3005
265.5615 478.3042
265.5319 478.2907
265.5583 478.3226
265.5218 478.3154
265.5749 478.2776
265.5313 478.2959
265.6136 478.3024
265.5915 478.304
265.61 478.2806
265.5208 478.3167
265.5508 478.332
265.5443 478.2754
265.418 478.2461
265.4193 478.2806
265.4297 478.2773
265.4645 478.2664
265.4404 478.2733
265.3955 478.2588
265.4056 478.2523
265.4245 478.2296
265.3444 478.2752
265.3783 478.2367
265.321 478.2326
265.3581 478.2695
265.2799 478.2982
265.2816 478.2453
265.2578 478.271
265.2565 478.2389
265.207 478.2793
265.2051 478.2646
265.2614 478.2474
265.2064 478.2529
265.1504 478.2502
265.2594 478.2594
265.2126 478.2278
265.1621 478.2524
265.1413 478.2707
265.1647 478.2697
265.1396 478.2357
265.1725 478.2576
265.125 478.2873
265.0892 478.2692
265.0648 478.2603
265.0137 478.2386
265.0205 478.245
265.0355 478.2379
265.0352 478.2409
264.9915 478.2723
264.9713 478.2086
265.0462 478.2266
265.0287 478.2511
265.0511 478.2974
265.0257 478.2834
265.1335 478.3093
265.1787 478.2946
265.123 478.3114
265.1237 478.2811
265.1318 478.3507
265.1279 478.3636
265.1244 478.3758
265.1188 478.3934
265.3249 478.3459
265.2494 478.4061
265.1647 478.39
265.251 478.3418
265.3044 478.3483
265.2441 478.3649
265.252 478.3415
265.2432 478.3889
265.2494 478.3906
265.2376 478.3792
265.2783 478.3914
265.264 478.4043
265.2572 478.4295
265.3275 478.3596
265.3574 478.4175
265.304 478.3735
265.3249 478.3885
265.3594 478.3911
265.3906 478.4002
265.3708 478.4313
265.2953 478.418
265.317 478.3978
265.361 478.3851
265.3112 478.3861
265.3187 478.4224
265.3795 478.3958
265.3398 478.3556
265.3385 478.3979
265.4215 478.3786
265.3441 478.4082
265.3216 478.3724
265.2705 478.3913
265.4388 478.3756
265.3379 478.4082
265.3174 478.3988
265.3568 478.3841
265.3656 478.3509
265.2894 478.3755
265.32 478.4157
265.2773 478.3771
265.319 478.3636
265.2943 478.4183
265.321 478.4538
265.3516 478.3726
265.3564 478.3916
265.2533 478.4106
265.305 478.4053
265.317 478.3976
265.265 478.4272
265.2998 478.397
265.2926 478.4346
265.2826 478.4512
265.2751 478.3766
265.3109 478.3939
265.3151 478.4378
265.2988 478.4159
265.291 478.4097
265.349 478.4591
265.2965 478.4157
265.2708 478.4292
265.3004 478.4478
265.3119 478.429
265.3421 478.4471
265.3578 478.4276
265.2871 478.4212
265.305 478.4754
265.3187 478.4365
265.2858 478.4404
265.2116 478.4681
265.2995 478.4005
265.306 478.4167
265.2734 478.409
265.3346 478.4246
265.376 478.4637
265.3131 478.4733
265.2914 478.4523
265.2832 478.4896
265.2324 478.5169
265.3066 478.4586
265.276 478.5223
265.237 478.5378
265.3148 478.5181
265.2871 478.5109
265.2799 478.4955
265.3047 478.487
265.3073 478.5145
265.2887 478.55
265.3197 478.5524
265.2438 478.5578
265.2767 478.5596
265.278 478.6107
265.2279 478.6107
265.2959 478.6014
265.2822 478.6296
265.2858 478.6066
265.2904 478.5779
265.2083 478.6505
265.2575 478.6629
265.3232 478.6108
265.2637 478.6719
265.25 478.6273
265.2598 478.637
265.1986 478.6585
265.1986 478.6384
265.1855 478.7038
265.3099 478.6782
265.263 478.6899
265.2799 478.6494
265.2389 478.6836
265.1546 478.721
265.1667 478.6738
265.1537 478.631
265.1917 478.6585
265.1169 478.7322
265.1676 478.6502
265.1689 478.6471
265.1393 478.6582
265.1621 478.645
265.2227 478.6574
265.1644 478.6286
265.1895 478.626
265.1514 478.6411
265.0801 478.6232
265.1608 478.597
265.1436 478.6133
265.1198 478.6582
265.0645 478.6509
265.1357 478.6278
265.2178 478.6468
265.1888 478.6354
265.2077 478.6292
265.168 478.6483
265.1836 478.6632
265.1556 478.6541
265.1735 478.6512
265.1276 478.6395
265.2096 478.6703
265.195 478.6978
265.1914 478.6823
265.1178 478.6746
265.1816 478.6422
265.1969 478.6644
265.1924 478.6615
265.1641 478.6504
265.1107 478.6882
265.123 478.6904
265.1201 478.6851
265.1436 478.6632
265.1019 478.6989
265.1309 478.687
265.1374 478.6365
265.1475 478.6712
265.1588 478.7505
265.1693 478.7301
265.2611 478.7634
265.1895 478.7873
265.2012 478.7544
265.2376 478.777
265.1953 478.8534
265.2598 478.8026
265.1934 478.8413
265.2594 478.8019
265.3379 478.8362
265.3024 478.8311
265.3128 478.8608
265.2725 478.8309
265.277 478.9132
265.3219 478.9048
265.263 478.8626
265.2637 478.888
265.2767 478.896
265.2838 478.8622
265.2728 478.9207
265.2523 478.9334
265.263 478.9056
265.3219 478.9051
265.3112 478.9368
265.3232 478.882
265.3271 478.875
265.2607 478.9442
265.3193 478.9233
265.3379 478.9022
265.3158 478.8883
265.3418 478.9474
265.2741 478.9233
265.3961 478.9268
265.3324 478.9201
265.3519 478.91
265.3571 478.9082
265.3473 478.9178
265.2689 478.939
265.3451 478.9357
265.3174 478.9331
265.3219 478.9354
265.3336 478.945
265.3311 478.9968
265.3031 478.9438
265.332 478.9307
265.3024 478.9476
265.2871 479.0083
265.3197 478.9805
265.2379 478.9614
265.2275 478.9603
265.265 478.9774
265.3281 478.9456
265.3255 478.9704
265.2962 479.0051
265.3483 478.9718
265.3454 478.9396
265.2965 478.9702
265.3314 478.916
265.3001 478.9325
265.3594 478.9453
265.2572 479.0223
265.2435 478.9822
265.32 478.9523
265.2858 478.938
265.25 478.9676
265.2813 478.9712
265.2386 478.9603
265.252 478.9901
265.2308 478.9347
265.2965 478.936
265.221 478.9624
265.2279 478.9318
265.2686 478.9422
265.222 478.9852
265.2253 478.9429
265.2152 478.9808
265.2174 478.9756
265.3161 478.888
265.3412 478.9712
265.3301 479.0078
265.3226 478.9767
265.2959 478.9446
265.3698 478.965
265.4157 478.9813
265.4941 478.9968
265.4574 478.9627
265.4674 478.9569
265.4434 478.9382
265.4525 478.9969
265.4173 478.9499
265.4642 478.9562
265.3919 479.0288
265.4635 478.9635
265.4925 478.9352
265.4388 479.0002
265.4505 478.9744
265.4743 478.9616
265.4727 478.9579
265.4518 479.0184
265.416 479.0731
265.3548 479.0133
265.4316 478.9932
265.3477 479.0555
265.4535 479
265.5072 478.9344
265.567 478.9665
265.4596 479.0016
265.4645 478.9736
265.5059 478.9621
265.5504 478.9699
265.585 478.9176
265.5179 478.9533
265.4746 478.9977
265.5254 478.9463
265.5078 478.9713
265.5456 478.968
265.4232 479.0571
265.5238 478.9969
265.5016 478.9559
265.5049 479.0304
265.5 479.0075
265.5107 479.0178
265.5172 479.0093
265.4658 479.0182
265.5443 479.0244
265.5283 478.9938
265.5368 479.0115
265.4596 479.0304
265.4922 479.0067
265.5202 479.0223
265.5348 478.989
265.5934 479.0181
265.5557 478.9837
265.5348 479.0534
265.5378 479.0171
265.5391 478.9938
265.5098 479.015
265.501 479.0696
265.5378 479.0133
265.5465 479.0713
265.4883 479.0329
265.5485 479.0125
265.5518 479.0648
265.5 479.0077
265.4922 479.0005
265.5065 479.0166
265.5133 479.0879
265.4697 479.0516
265.4909 479.0005
265.5534 479.0503
265.5313 479.0887
265.5599 478.994
265.5078 479.0231
265.5726 478.9852
265.457 479.0444
265.597 479.0099
265.6087 479.0514
265.6188 479.0299
265.6217 479.0408
265.6413 479.0428
265.6934 479.0613
265.6227 479.1383
265.6501 479.1076
265.7012 479.1383
265.7406 479.11
265.6458 479.1338
265.7455 479.1045
265.7754 479.1411
265.7233 479.1789
265.8438 479.2124
265.57 479.1986
265.5605 479.1946
265.6371 479.1971
265.6178 479.1808
265.5951 479.21
265.6419 479.2132
265.6813 479.2241
265.571 479.2754
265.5534 479.2956
265.5544 479.2726
265.6295 479.2843
265.6367 479.3084
265.6009 479.3273
265.6182 479.338
265.6449 479.2624
265.6117 479.3529
265.6367 479.2824
265.6172 479.2956
265.6276 479.2811
265.5404 479.2997
265.5651 479.3332
265.5462 479.3161
265.6029 479.3145
265.6416 479.2721
265.4525 479.3456
265.5514 479.3249
265.6078 479.299
265.5303 479.2905
265.5391 479.3223
265.5059 479.3477
265.5534 479.3312
265.5225 479.2891
265.5654 479.3599
265.4619 479.3127
265.4372 479.3379
265.3978 479.3761
265.5576 479.3394
265.5114 479.3682
265.4704 479.4131
265.5283 479.374
265.5075 479.3734
265.4697 479.367
265.4128 479.3607
265.5006 479.3128
265.5166 479.3049
265.4531 479.3054
265.4346 479.327
265.4225 479.3231
265.3698 479.3457
265.4242 479.3394
265.3499 479.3319
265.3809 479.3406
265.3961 479.3401
265.415 479.312
265.3353 479.3218
265.3835 479.3195
265.3177 479.3351
265.3379 479.311
265.3747 479.2684
265.3747 479.3211
265.3919 479.3688
265.4355 479.3304
265.4404 479.3299
265.4609 479.291
265.5345 479.368
265.6237 479.3252
265.5641 479.3166
265.5768 479.3192
265.6618 479.2949
265.6335 479.3325
265.6634 479.3421
265.7083 479.3481
265.7448 479.2957
265.6569 479.3231
265.7637 479.2881
265.7962 479.2905
265.7832 479.3696
265.8356 479.3153
265.7949 479.3236
265.763 479.3076
265.7819 479.3278
265.8555 479.308
265.8268 479.3091
265.8148 479.3493
265.7904 479.3148
265.8613 479.2664
265.8291 479.3262
265.7487 479.2975
265.7575 479.3302
265.848 479.3198
265.8789 479.3413
265.7835 479.3371
265.8509 479.3252
265.9183 479.2653
265.8503 479.3008
265.8343 479.3151
265.8454 479.2427
265.8197 479.3449
265.7767 479.3013
265.8656 479.3115
265.8223 479.2816
265.819 479.2773
265.8558 479.3348
265.901 479.2982
265.8795 479.3024
265.8177 479.3044
265.7513 479.2897
265.8246 479.3146
265.7539 479.3356
265.8167 479.332
265.8336 479.3271
265.7975 479.3398
265.7285 479.3647
265.8346 479.3856
265.8457 479.3539
265.8613 479.3685
265.8167 479.4149
265.8548 479.3694
265.7633 479.3696
265.8278 479.3237
265.7777 479.3456
265.7787 479.3405
265.7904 479.3755
265.8249 479.4037
265.6787 479.3737
265.8092 479.3024
265.748 479.3311
265.7379 479.326
265.7292 479.3438
265.1588 478.7505
265.1693 478.7301
265.2611 478.7634
265.1895 478.7873
265.2012 478.7544
265.2376 478.777
265.1953 478.8534
265.2598 478.8026
265.1934 478.8413
265.2594 478.8019
265.3379 478.8362
265.3024 478.8311
265.3128 478.8608
265.2725 478.8309
265.277 478.9132
265.3219 478.9048
265.263 478.8626
265.2637 478.888
265.2767 478.896
265.2838 478.8622
265.2728 478.9207
265.2523 478.9334
265.263 478.9056
265.3219 478.9051
265.3112 478.9368
265.3232 478.882
265.3271 478.875
265.2607 478.9442
265.3193 478.9233
265.3379 478.9022
265.3158 478.8883
265.3418 478.9474
265.2741 478.9233
265.3961 478.9268
265.3324 478.9201
265.3519 478.91
265.3571 478.9082
265.3473 478.9178
265.2689 478.939
265.3451 478.9357
265.3174 478.9331
265.3219 478.9354
265.3336 478.945
265.3311 478.9968
265.3031 478.9438
265.332 478.9307
265.3024 478.9476
265.2871 479.0083
265.3197 478.9805
265.2379 478.9614
265.2275 478.9603
265.265 478.9774
265.3281 478.9456
265.3255 478.9704
265.2962 479.0051
265.3483 478.9718
265.3454 478.9396
265.2965 478.9702
265.3314 478.916
265.3001 478.9325
265.3594 478.9453
265.2572 479.0223
265.2435 478.9822
265.32 478.9523
265.2858 478.938
265.25 478.9676
265.2813 478.9712
265.2386 478.9603
265.252 478.9901
265.2308 478.9347
265.2965 478.936
265.221 478.9624
265.2279 478.9318
265.2686 478.9422
265.222 478.9852
265.2253 478.9429
265.2152 478.9808
265.2174 478.9756
265.3161 478.888
265.3412 478.9712
265.3301 479.0078
265.3226 478.9767
265.2959 478.9446
265.3698 478.965
265.4157 478.9813
265.4941 478.9968
265.4574 478.9627
265.4674 478.9569
265.4434 478.9382
265.4525 478.9969
265.4173 478.9499
265.4642 478.9562
265.3919 479.0288
265.4635 478.9635
265.4925 478.9352
265.4388 479.0002
265.4505 478.9744
265.4743 478.9616
265.4727 478.9579
265.4518 479.0184
265.416 479.0731
265.3548 479.0133
265.4316 478.9932
265.3477 479.0555
265.4535 479
265.5072 478.9344
265.567 478.9665
265.4596 479.0016
265.4645 478.9736
265.5059 478.9621
265.5504 478.9699
265.585 478.9176
265.5179 478.9533
265.4746 478.9977
265.5254 478.9463
265.5078 478.9713
265.5456 478.968
265.4232 479.0571
265.5238 478.9969
265.5016 478.9559
265.5049 479.0304
265.5 479.0075
265.5107 479.0178
265.5172 479.0093
265.4658 479.0182
265.5443 479.0244
265.5283 478.9938
265.5368 479.0115
265.4596 479.0304
265.4922 479.0067
265.5202 479.0223
265.5348 478.989
265.5934 479.0181
265.5557 478.9837
265.5348 479.0534
265.5378 479.0171
265.5391 478.9938
265.5098 479.015
265.501 479.0696
265.5378 479.0133
265.5465 479.0713
265.4883 479.0329
265.5485 479.0125
265.5518 479.0648
265.5 479.0077
265.4922 479.0005
265.5065 479.0166
265.5133 479.0879
265.4697 479.0516
265.4909 479.0005
265.5534 479.0503
265.5313 479.0887
265.5599 478.994
265.5078 479.0231
265.5726 478.9852
265.457 479.0444
265.597 479.0099
265.6087 479.0514
265.6188 479.0299
265.6217 479.0408
265.6413 479.0428
265.6934 479.0613
265.6227 479.1383
265.6501 479.1076
265.7012 479.1383
265.7406 479.11
265.6458 479.1338
265.7455 479.1045
265.7754 479.1411
265.7233 479.1789
265.8438 479.2124
265.57 479.1986
265.5605 479.1946
265.6371 479.1971
265.6178 479.1808
265.5951 479.21
265.6419 479.2132
265.6813 479.2241
265.571 479.2754
265.5534 479.2956
265.5544 479.2726
265.6295 479.2843
265.6367 479.3084
265.6009 479.3273
265.6182 479.338
265.6449 479.2624
265.6117 479.3529
265.6367 479.2824
265.6172 479.2956
265.6276 479.2811
265.5404 479.2997
265.5651 479.3332
265.5462 479.3161
265.6029 479.3145
265.6416 479.2721
265.4525 479.3456
265.5514 479.3249
265.6078 479.299
265.5303 479.2905
265.5391 479.3223
265.5059 479.3477
265.5534 479.3312
265.5225 479.2891
265.5654 479.3599
265.4619 479.3127
265.4372 479.3379
265.3978 479.3761
265.5576 479.3394
265.5114 479.3682
265.4704 479.4131
265.5283 479.374
265.5075 479.3734
265.4697 479.367
265.4128 479.3607
265.5006 479.3128
265.5166 479.3049
265.4531 479.3054
265.4346 479.327
265.4225 479.3231
265.3698 479.3457
265.4242 479.3394
265.3499 479.3319
265.3809 479.3406
265.3961 479.3401
265.415 479.312
265.3353 479.3218
265.3835 479.3195
265.3177 479.3351
265.3379 479.311
265.3747 479.2684
265.3747 479.3211
265.3919 479.3688
265.4355 479.3304
265.4404 479.3299
265.4609 479.291
265.5345 479.368
265.6237 479.3252
265.5641 479.3166
265.5768 479.3192
265.6618 479.2949
265.6335 479.3325
265.6634 479.3421
265.7083 479.3481
265.7448 479.2957
265.6569 479.3231
265.7637 479.2881
265.7962 479.2905
265.7832 479.3696
265.8356 479.3153
265.7949 479.3236
265.763 479.3076
265.7819 479.3278
265.8555 479.308
265.8268 479.3091
265.8148 479.3493
265.7904 479.3148
265.8613 479.2664
265.8291 479.3262
265.7487 479.2975
265.7575 479.3302
265.848 479.3198
265.8789 479.3413
265.7835 479.3371
265.8509 479.3252
265.9183 479.2653
265.8503 479.3008
265.8343 479.3151
265.8454 479.2427
265.8197 479.3449
265.7767 479.3013
265.8656 479.3115
265.8223 479.2816
265.819 479.2773
265.8558 479.3348
265.901 479.2982
265.8795 479.3024
265.8177 479.3044
265.7513 479.2897
265.8246 479.3146
265.7539 479.3356
265.8167 479.332
265.8336 479.3271
265.7975 479.3398
265.7285 479.3647
265.8346 479.3856
265.8457 479.3539
265.8613 479.3685
265.8167 479.4149
265.8548 479.3694
265.7633 479.3696
265.8278 479.3237
265.7777 479.3456
265.7787 479.3405
265.7904 479.3755
265.8249 479.4037
265.6787 479.3737
265.8092 479.3024
265.748 479.3311
265.7379 479.326
265.7292 479.3438
