1920 480
753.9714 455.6805
748.4951 492.0397
748.4111 492.678
748.7429 492.969
749.3542 493.0474
749.8177 492.2435
750.5335 491.216
751.4069 489.9521
752.2552 488.1945
752.9388 486.426
753.8939 484.3762
755.069 482.4883
756.2656 480.7505
757.5657 479.181
759.9092 477.4198
761.877 476.1452
764.0049 475.1906
766.665 474.597
769.8008 473.9409
772.9069 473.489
775.7077 473.1769
778.3447 473.0942
781.136 473.471
783.8054 473.4862
787.4671 474.3504
790.1917 474.9707
792.9509 475.4204
794.5068 476.6592
796.5237 477.3328
798.6644 477.7702
800.8431 478.3415
802.7832 479.0426
805.0954 479.7091
807.4248 480.2764
810.8721 480.3434
814.2031 480.5114
817.7979 480.5568
821.3047 480.7534
825.238 480.8388
828.9746 480.7772
832.7106 480.6292
836.3987 480.5124
840.5569 480.4987
844.583 480.5117
848.5427 480.4174
852.9365 480.2726
857.6211 480.2524
862.4691 480.2847
855.3948 480.298
859.945 480.2649
864.4971 480.1547
868.6507 479.9222
872.9033 479.5526
877.2188 479.0674
881.7116 478.4943
886.4749 477.8455
891.3347 477.0887
896.4704 476.2878
901.9294 475.407
907.1758 474.6473
912.611 473.8961
918.1351 473.192
923.6309 472.4539
928.9492 471.8113
934.3649 471.214
939.6315 470.7402
944.4551 470.3877
948.9375 470.175
953.2337 470.0114
957.3054 469.924
960.7731 469.8709
963.7137 469.8761
966.0822 469.9088
967.8798 469.9972
968.8981 470.1582
969.226 470.4538
968.8815 470.7806
967.9501 471.1531
966.4033 471.5379
964.2531 472.0358
961.5176 472.5698
958.4274 473.1021
954.9831 473.6057
951.1777 474.0879
947.1003 474.5111
942.8145 474.8711
938.2191 475.1086
933.3278 475.2422
927.8711 475.3224
922.5071 475.445
916.6491 475.6873
910.3552 476.0317
904.277 476.2568
897.6813 476.3809
890.8011 476.4668
883.6768 476.5314
876.322 476.5657
868.6712 476.5146
860.7666 476.4551
852.624 476.4715
844.2272 476.5054
835.9824 476.4564
827.8474 476.2723
819.7874 475.9608
811.7627 475.5138
803.8425 474.9167
795.8171 474.2378
787.9043 473.6068
780.4313 473.0583
773.001 472.471
765.7562 471.8911
758.5446 471.3107
751.3665 470.7948
744.3528 470.3205
737.7253 470.027
731.2516 469.918
724.9984 470.0591
718.9489 470.3954
713.305 470.8013
708.2048 471.1279
703.697 471.4128
699.8089 471.6081
696.6289 471.7845
694.2181 471.9885
692.7487 472.2472
691.9352 472.6118
691.9287 473.0762
692.6999 473.5132
694.2546 473.9727
696.3496 474.4429
699.1514 474.944
702.5332 475.3988
706.4782 475.7769
710.8275 476.0939
715.7936 476.4012
721.4395 476.7446
727.5417 477.1177
734.3581 477.5174
741.7539 477.9313
749.57 478.36
757.6921 478.8014
765.8568 479.2969
774.388 479.8255
783.1224 480.3495
792.1136 480.8658
798.8893 481.2505
807.9372 481.7426
817.5908 482.2493
827.5257 482.774
837.9206 483.2819
848.4411 483.6709
859.4688 483.875
870.792 483.8127
882.25 483.4316
894.0134 482.7775
909.9528 481.6113
922.8528 480.4174
936.2363 478.9023
949.5296 477.1292
962.738 475.214
974.4839 473.4873
987.3021 471.588
1000.132 469.6808
1012.739 467.8062
1025.549 465.8916
1036.634 464.2319
1045.177 462.8368
1054.109 461.1488
1062.069 459.3861
1068.606 457.5798
1073.985 455.7689
1077.107 454.7625
1078.75 454.1819
1078.924 453.8044
1077.797 453.356
1075.483 452.874
1072.037 452.4591
1068.21 452.3249
1063.711 452.4408
1058.464 452.6859
1052.681 452.9557
1046.656 453.1588
1040.09 453.2664
1033.765 453.1795
1027.893 452.9186
1021.766 452.4175
1015.498 451.7121
1009.2 450.8569
1002.306 449.8701
995.5001 448.9254
988.1764 448.0801
980.477 447.3006
972.1948 446.4546
964.2991 445.6295
955.6855 444.7484
946.5283 443.9046
936.835 443.2015
926.9274 442.6349
916.4437 442.1989
906.5696 441.9722
896.6299 441.9235
886.5671 442.0197
876.7474 442.1633
866.2757 442.3004
857.2103 442.57
849.1927 443.0679
841.014 443.8682
833.0557 444.8591
825.8685 445.9224
819.5364 446.9362
813.8929 447.9437
810.2357 448.7923
806.0003 450.1108
802.4938 451.5392
799.5681 452.942
797.1569 454.2781
795.2376 455.6017
793.6091 456.9269
792.1032 458.2463
790.8441 459.3457
789.5664 460.3413
787.8838 461.5407
786.487 462.4413
785.0313 463.2174
783.3425 463.9123
781.5127 464.4604
779.6755 464.8961
777.7852 465.2909
775.9134 465.6195
774.0475 465.8622
772.3545 465.9945
770.6484 466.0513
768.972 466.1317
767.1875 466.284
765.4375 466.4212
763.9446 466.5425
762.5609 466.6678
761.3929 466.8651
760.306 467.1219
759.4099 467.4585
758.7809 467.8054
758.4063 468.1234
758.1536 468.4321
758.1328 468.7648
758.32 469.0833
758.6966 469.4162
759.2044 469.7766
759.8262 470.1772
760.5101 470.6138
761.1328 471.026
761.7109 471.457
762.3906 471.9432
763.0173 472.3757
763.5403 472.7344
763.8792 472.963
764.042 473.0925
764.0417 473.0197
763.8548 472.7831
763.5563 472.5124
763.1917 472.3096
762.7116 472.1994
762.2783 472.2095
761.9724 472.308
761.7057 472.4248
761.4001 472.5024
761.1172 472.6063
760.863 472.7518
760.6123 472.897
760.2897 473.0483
759.9509 473.1336
759.6312 473.1265
759.3776 473.1112
759.178 473.1887
758.989 473.2764
758.832 473.3177
758.6686 473.3018
758.5124 473.2448
758.4089 473.1476
758.2946 473.0306
758.2311 472.7438
758.3538 472.4417
758.584 472.0654
758.7634 471.5796
758.7435 470.9902
758.5527 470.1747
758.4577 468.9199
758.5586 467.4969
758.4935 465.847
758.3301 463.8965
758.2679 462.7337
758.3643 460.6655
758.7224 458.668
759.2409 456.612
759.6136 454.6035
759.7012 453.1732
759.6475 452.6408
759.929 452.3825
760.7936 451.9419
761.2842 451.6784
1920 480
753.9714 455.6805
748.4951 492.0397
748.4111 492.678
748.7429 492.969
749.3542 493.0474
749.8177 492.2435
750.5335 491.216
751.4069 489.9521
752.2552 488.1945
752.9388 486.426
753.8939 484.3762
755.069 482.4883
756.2656 480.7505
757.5657 479.181
759.9092 477.4198
761.877 476.1452
764.0049 475.1906
766.665 474.597
769.8008 473.9409
772.9069 473.489
775.7077 473.1769
778.3447 473.0942
781.136 473.471
783.8054 473.4862
787.4671 474.3504
790.1917 474.9707
792.9509 475.4204
794.5068 476.6592
796.5237 477.3328
798.6644 477.7702
800.8431 478.3415
802.7832 479.0426
805.0954 479.7091
807.4248 480.2764
810.8721 480.3434
814.2031 480.5114
817.7979 480.5568
821.3047 480.7534
825.238 480.8388
828.9746 480.7772
832.7106 480.6292
836.3987 480.5124
840.5569 480.4987
844.583 480.5117
848.5427 480.4174
852.9365 480.2726
857.6211 480.2524
862.4691 480.2847
855.3948 480.298
859.945 480.2649
864.4971 480.1547
868.6507 479.9222
872.9033 479.5526
877.2188 479.0674
881.7116 478.4943
886.4749 477.8455
891.3347 477.0887
896.4704 476.2878
901.9294 475.407
907.1758 474.6473
912.611 473.8961
918.1351 473.192
923.6309 472.4539
928.9492 471.8113
934.3649 471.214
939.6315 470.7402
944.4551 470.3877
948.9375 470.175
953.2337 470.0114
957.3054 469.924
960.7731 469.8709
963.7137 469.8761
966.0822 469.9088
967.8798 469.9972
968.8981 470.1582
969.226 470.4538
968.8815 470.7806
967.9501 471.1531
966.4033 471.5379
964.2531 472.0358
961.5176 472.5698
958.4274 473.1021
954.9831 473.6057
951.1777 474.0879
947.1003 474.5111
942.8145 474.8711
938.2191 475.1086
933.3278 475.2422
927.8711 475.3224
922.5071 475.445
916.6491 475.6873
910.3552 476.0317
904.277 476.2568
897.6813 476.3809
890.8011 476.4668
883.6768 476.5314
876.322 476.5657
868.6712 476.5146
860.7666 476.4551
852.624 476.4715
844.2272 476.5054
835.9824 476.4564
827.8474 476.2723
819.7874 475.9608
811.7627 475.5138
803.8425 474.9167
795.8171 474.2378
787.9043 473.6068
780.4313 473.0583
773.001 472.471
765.7562 471.8911
758.5446 471.3107
751.3665 470.7948
744.3528 470.3205
737.7253 470.027
731.2516 469.918
724.9984 470.0591
718.9489 470.3954
713.305 470.8013
708.2048 471.1279
703.697 471.4128
699.8089 471.6081
696.6289 471.7845
694.2181 471.9885
692.7487 472.2472
691.9352 472.6118
691.9287 473.0762
692.6999 473.5132
694.2546 473.9727
696.3496 474.4429
699.1514 474.944
702.5332 475.3988
706.4782 475.7769
710.8275 476.0939
715.7936 476.4012
721.4395 476.7446
727.5417 477.1177
734.3581 477.5174
741.7539 477.9313
749.57 478.36
757.6921 478.8014
765.8568 479.2969
774.388 479.8255
783.1224 480.3495
792.1136 480.8658
798.8893 481.2505
807.9372 481.7426
817.5908 482.2493
827.5257 482.774
837.9206 483.2819
848.4411 483.6709
859.4688 483.875
870.792 483.8127
882.25 483.4316
894.0134 482.7775
909.9528 481.6113
922.8528 480.4174
936.2363 478.9023
949.5296 477.1292
962.738 475.214
974.4839 473.4873
987.3021 471.588
1000.132 469.6808
1012.739 467.8062
1025.549 465.8916
1036.634 464.2319
1045.177 462.8368
1054.109 461.1488
1062.069 459.3861
1068.606 457.5798
1073.985 455.7689
1077.107 454.7625
1078.75 454.1819
1078.924 453.8044
1077.797 453.356
1075.483 452.874
1072.037 452.4591
1068.21 452.3249
1063.711 452.4408
1058.464 452.6859
1052.681 452.9557
1046.656 453.1588
1040.09 453.2664
1033.765 453.1795
1027.893 452.9186
1021.766 452.4175
1015.498 451.7121
1009.2 450.8569
1002.306 449.8701
995.5001 448.9254
988.1764 448.0801
980.477 447.3006
972.1948 446.4546
964.2991 445.6295
955.6855 444.7484
946.5283 443.9046
936.835 443.2015
926.9274 442.6349
916.4437 442.1989
906.5696 441.9722
896.6299 441.9235
886.5671 442.0197
876.7474 442.1633
866.2757 442.3004
857.2103 442.57
849.1927 443.0679
841.014 443.8682
833.0557 444.8591
825.8685 445.9224
819.5364 446.9362
813.8929 447.9437
810.2357 448.7923
806.0003 450.1108
802.4938 451.5392
799.5681 452.942
797.1569 454.2781
795.2376 455.6017
793.6091 456.9269
792.1032 458.2463
790.8441 459.3457
789.5664 460.3413
787.8838 461.5407
786.487 462.4413
785.0313 463.2174
783.3425 463.9123
781.5127 464.4604
779.6755 464.8961
777.7852 465.2909
775.9134 465.6195
774.0475 465.8622
772.3545 465.9945
770.6484 466.0513
768.972 466.1317
767.1875 466.284
765.4375 466.4212
763.9446 466.5425
762.5609 466.6678
761.3929 466.8651
760.306 467.1219
759.4099 467.4585
758.7809 467.8054
758.4063 468.1234
758.1536 468.4321
758.1328 468.7648
758.32 469.0833
758.6966 469.4162
759.2044 469.7766
759.8262 470.1772
760.5101 470.6138
761.1328 471.026
761.7109 471.457
762.3906 471.9432
763.0173 472.3757
763.5403 472.7344
763.8792 472.963
764.042 473.0925
764.0417 473.0197
763.8548 472.7831
763.5563 472.5124
763.1917 472.3096
762.7116 472.1994
762.2783 472.2095
761.9724 472.308
761.7057 472.4248
761.4001 472.5024
761.1172 472.6063
760.863 472.7518
760.6123 472.897
760.2897 473.0483
759.9509 473.1336
759.6312 473.1265
759.3776 473.1112
759.178 473.1887
758.989 473.2764
758.832 473.3177
758.6686 473.3018
758.5124 473.2448
758.4089 473.1476
758.2946 473.0306
758.2311 472.7438
758.3538 472.4417
758.584 472.0654
758.7634 471.5796
758.7435 470.9902
758.5527 470.1747
758.4577 468.9199
758.5586 467.4969
758.4935 465.847
758.3301 463.8965
758.2679 462.7337
758.3643 460.6655
758.7224 458.668
759.2409 456.612
759.6136 454.6035
759.7012 453.1732
759.6475 452.6408
759.929 452.3825
760.7936 451.9419
761.2842 451.6784
