1920 480
221.5179 477.9173
221.4805 478.1266
221.5169 478.1198
221.4987 478.1076
221.5059 478.1105
221.4785 478.1126
221.5049 478.1154
221.4782 478.1401
221.458 478.1657
221.4824 478.1341
221.5182 478.1411
221.5798 478.1157
221.5462 478.1014
221.5254 478.1219
221.5557 478.1258
221.5469 478.099
221.5267 478.1033
221.5352 478.0928
221.5407 478.1183
221.5615 478.0913
221.5775 478.0588
221.569 478.0832
221.5632 478.0967
221.5716 478.0942
221.5485 478.1069
221.4912 478.1216
221.5195 478.1499
221.5283 478.1494
221.498 478.2628
221.5036 478.2904
221.4974 478.3346
221.5508 478.3263
221.5443 478.348
221.6188 478.3597
221.5189 478.3534
221.5999 478.3193
221.585 478.3599
221.624 478.3874
221.5765 478.3114
221.5941 478.3504
221.6152 478.3462
221.6598 478.3258
221.5938 478.3382
221.6517 478.3454
221.6315 478.3594
221.6126 478.3594
221.6406 478.3511
221.6309 478.3354
221.5023 478.4009
221.4466 478.415
221.4004 478.4268
221.5573 478.4199
221.4899 478.3823
221.5964 478.341
221.6195 478.3756
221.6488 478.3922
221.6019 478.4289
221.6097 478.4059
221.6022 478.4139
221.679 478.4377
221.6302 478.4414
221.6504 478.4245
221.6335 478.3999
221.7233 478.4416
221.7341 478.4398
221.7064 478.4321
221.7399 478.4276
221.694 478.4453
221.6719 478.4207
221.6908 478.4959
221.6598 478.4647
221.7132 478.4697
221.7194 478.4753
221.7454 478.4569
221.7767 478.4748
221.7891 478.4827
221.7692 478.4785
221.7546 478.4891
221.6751 478.4445
221.7803 478.4214
221.8031 478.4354
221.7493 478.4319
221.75 478.447
221.8275 478.3978
221.8457 478.4644
221.7839 478.4927
221.8353 478.438
221.8415 478.4105
221.6872 478.4416
221.7904 478.4212
221.7555 478.4621
221.7454 478.453
221.6214 478.4709
221.6322 478.4631
221.6292 478.4962
221.6146 478.492
221.6087 478.4579
221.5788 478.5137
221.6051 478.4333
221.5479 478.5334
221.61 478.4784
221.5784 478.4785
221.6139 478.4425
221.556 478.4694
221.529 478.5135
221.5648 478.4805
221.5443 478.5038
221.4704 478.487
221.5007 478.4644
221.4915 478.4692
221.487 478.4679
221.5091 478.4746
221.501 478.5106
221.4987 478.4888
221.4626 478.5056
221.472 478.5011
221.4557 478.4782
221.5384 478.4919
221.5449 478.4702
221.4753 478.5146
221.4668 478.4684
221.5208 478.5169
221.4827 478.516
221.4961 478.5085
221.4948 478.4997
221.4811 478.5015
221.5104 478.4922
221.4801 478.5465
221.5065 478.506
221.5316 478.4821
221.5342 478.5112
221.5329 478.4876
221.595 478.4777
221.6224 478.4826
221.5723 478.5051
221.5495 478.446
221.5807 478.4665
221.5378 478.5104
221.5898 478.495
221.6006 478.4702
221.6318 478.4704
221.6361 478.4894
221.6585 478.4889
221.6452 478.5189
221.6289 478.4813
221.6732 478.4669
221.6211 478.5075
221.6621 478.5054
221.6654 478.5135
221.6842 478.5005
221.6602 478.5107
221.6842 478.5402
221.7214 478.54
221.6735 478.5299
221.6738 478.5168
221.6846 478.5091
221.7012 478.4857
221.6999 478.5114
221.7038 478.5192
221.682 478.4987
221.7301 478.5228
221.737 478.5272
221.7692 478.5218
221.776 478.5479
221.7314 478.5306
221.6976 478.535
221.7539 478.5081
221.7005 478.5324
221.7015 478.529
221.6553 478.5331
221.7083 478.5177
221.7285 478.5337
221.651 478.5469
221.6367 478.5051
221.6191 478.513
221.623 478.4798
221.6335 478.4746
221.541 478.4844
221.5387 478.4706
221.6029 478.4676
221.5566 478.4997
221.5586 478.4657
221.5137 478.4518
221.5423 478.464
221.527 478.4927
221.5319 478.4339
221.5228 478.4106
221.4922 478.4355
221.5329 478.3952
221.5335 478.4139
221.6152 478.3784
221.5199 478.4229
221.5485 478.4211
221.5778 478.3854
221.6035 478.3905
221.5739 478.4007
221.6195 478.4023
221.6488 478.2982
221.6725 478.3561
221.6201 478.3596
221.6204 478.3573
221.6266 478.3555
221.6413 478.3867
221.6543 478.3783
221.6458 478.3607
221.6387 478.3815
221.6064 478.3649
221.568 478.3967
221.6191 478.4097
221.6354 478.3885
221.6273 478.3967
221.6195 478.4129
221.6123 478.3885
221.6403 478.4058
221.6292 478.3939
221.6536 478.3781
221.6559 478.389
221.5999 478.3864
221.6963 478.3838
221.7165 478.3874
221.6706 478.3748
221.6423 478.3835
221.6243 478.4116
221.6354 478.4367
221.6032 478.4146
221.5508 478.4266
221.6367 478.4054
221.7031 478.4085
221.7103 478.3851
221.651 478.4402
221.6663 478.4287
221.7272 478.366
221.652 478.4287
221.6732 478.3975
221.6478 478.4061
221.6507 478.4211
221.6045 478.4352
221.597 478.4373
221.6875 478.444
221.623 478.4383
221.6152 478.4425
221.6234 478.4182
221.652 478.4031
221.6172 478.439
221.5732 478.4183
221.5671 478.4342
221.5941 478.4102
221.5915 478.4097
221.583 478.422
221.5553 478.4521
221.6058 478.4583
221.6361 478.4741
221.5719 478.443
221.6198 478.4334
221.5895 478.4503
221.585 478.4609
221.6051 478.4323
221.6051 478.4528
221.638 478.4378
221.6995 478.48
221.6934 478.3979
221.6797 478.4367
221.6784 478.3939
221.7269 478.4556
221.7272 478.4616
221.7757 478.4233
221.7897 478.444
221.8372 478.4097
221.779 478.4111
221.8057 478.4007
221.888 478.4001
221.8857 478.3892
221.8835 478.37
221.8802 478.3849
221.9251 478.3849
221.9447 478.3442
222.026 478.3701
222.0407 478.3683
221.9762 478.3828
222.0322 478.3558
222.026 478.3792
222.0293 478.3786
222.0518 478.3867
222.0586 478.4182
222.0355 478.3872
222.126 478.4141
222.0964 478.4324
222.0348 478.3887
222.0579 478.3748
222.0706 478.4326
222.0879 478.3936
222.0618 478.4367
222.0322 478.4385
222.0335 478.4704
222.0544 478.4432
222.041 478.4372
222.0482 478.3996
222.0104 478.417
222.0618 478.4479
1920 480
221.5179 477.9173
221.4805 478.1266
221.5169 478.1198
221.4987 478.1076
221.5059 478.1105
221.4785 478.1126
221.5049 478.1154
221.4782 478.1401
221.458 478.1657
221.4824 478.1341
221.5182 478.1411
221.5798 478.1157
221.5462 478.1014
221.5254 478.1219
221.5557 478.1258
221.5469 478.099
221.5267 478.1033
221.5352 478.0928
221.5407 478.1183
221.5615 478.0913
221.5775 478.0588
221.569 478.0832
221.5632 478.0967
221.5716 478.0942
221.5485 478.1069
221.4912 478.1216
221.5195 478.1499
221.5283 478.1494
221.498 478.2628
221.5036 478.2904
221.4974 478.3346
221.5508 478.3263
221.5443 478.348
221.6188 478.3597
221.5189 478.3534
221.5999 478.3193
221.585 478.3599
221.624 478.3874
221.5765 478.3114
221.5941 478.3504
221.6152 478.3462
221.6598 478.3258
221.5938 478.3382
221.6517 478.3454
221.6315 478.3594
221.6126 478.3594
221.6406 478.3511
221.6309 478.3354
221.5023 478.4009
221.4466 478.415
221.4004 478.4268
221.5573 478.4199
221.4899 478.3823
221.5964 478.341
221.6195 478.3756
221.6488 478.3922
221.6019 478.4289
221.6097 478.4059
221.6022 478.4139
221.679 478.4377
221.6302 478.4414
221.6504 478.4245
221.6335 478.3999
221.7233 478.4416
221.7341 478.4398
221.7064 478.4321
221.7399 478.4276
221.694 478.4453
221.6719 478.4207
221.6908 478.4959
221.6598 478.4647
221.7132 478.4697
221.7194 478.4753
221.7454 478.4569
221.7767 478.4748
221.7891 478.4827
221.7692 478.4785
221.7546 478.4891
221.6751 478.4445
221.7803 478.4214
221.8031 478.4354
221.7493 478.4319
221.75 478.447
221.8275 478.3978
221.8457 478.4644
221.7839 478.4927
221.8353 478.438
221.8415 478.4105
221.6872 478.4416
221.7904 478.4212
221.7555 478.4621
221.7454 478.453
221.6214 478.4709
221.6322 478.4631
221.6292 478.4962
221.6146 478.492
221.6087 478.4579
221.5788 478.5137
221.6051 478.4333
221.5479 478.5334
221.61 478.4784
221.5784 478.4785
221.6139 478.4425
221.556 478.4694
221.529 478.5135
221.5648 478.4805
221.5443 478.5038
221.4704 478.487
221.5007 478.4644
221.4915 478.4692
221.487 478.4679
221.5091 478.4746
221.501 478.5106
221.4987 478.4888
221.4626 478.5056
221.472 478.5011
221.4557 478.4782
221.5384 478.4919
221.5449 478.4702
221.4753 478.5146
221.4668 478.4684
221.5208 478.5169
221.4827 478.516
221.4961 478.5085
221.4948 478.4997
221.4811 478.5015
221.5104 478.4922
221.4801 478.5465
221.5065 478.506
221.5316 478.4821
221.5342 478.5112
221.5329 478.4876
221.595 478.4777
221.6224 478.4826
221.5723 478.5051
221.5495 478.446
221.5807 478.4665
221.5378 478.5104
221.5898 478.495
221.6006 478.4702
221.6318 478.4704
221.6361 478.4894
221.6585 478.4889
221.6452 478.5189
221.6289 478.4813
221.6732 478.4669
221.6211 478.5075
221.6621 478.5054
221.6654 478.5135
221.6842 478.5005
221.6602 478.5107
221.6842 478.5402
221.7214 478.54
221.6735 478.5299
221.6738 478.5168
221.6846 478.5091
221.7012 478.4857
221.6999 478.5114
221.7038 478.5192
221.682 478.4987
221.7301 478.5228
221.737 478.5272
221.7692 478.5218
221.776 478.5479
221.7314 478.5306
221.6976 478.535
221.7539 478.5081
221.7005 478.5324
221.7015 478.529
221.6553 478.5331
221.7083 478.5177
221.7285 478.5337
221.651 478.5469
221.6367 478.5051
221.6191 478.513
221.623 478.4798
221.6335 478.4746
221.541 478.4844
221.5387 478.4706
221.6029 478.4676
221.5566 478.4997
221.5586 478.4657
221.5137 478.4518
221.5423 478.464
221.527 478.4927
221.5319 478.4339
221.5228 478.4106
221.4922 478.4355
221.5329 478.3952
221.5335 478.4139
221.6152 478.3784
221.5199 478.4229
221.5485 478.4211
221.5778 478.3854
221.6035 478.3905
221.5739 478.4007
221.6195 478.4023
221.6488 478.2982
221.6725 478.3561
221.6201 478.3596
221.6204 478.3573
221.6266 478.3555
221.6413 478.3867
221.6543 478.3783
221.6458 478.3607
221.6387 478.3815
221.6064 478.3649
221.568 478.3967
221.6191 478.4097
221.6354 478.3885
221.6273 478.3967
221.6195 478.4129
221.6123 478.3885
221.6403 478.4058
221.6292 478.3939
221.6536 478.3781
221.6559 478.389
221.5999 478.3864
221.6963 478.3838
221.7165 478.3874
221.6706 478.3748
221.6423 478.3835
221.6243 478.4116
221.6354 478.4367
221.6032 478.4146
221.5508 478.4266
221.6367 478.4054
221.7031 478.4085
221.7103 478.3851
221.651 478.4402
221.6663 478.4287
221.7272 478.366
221.652 478.4287
221.6732 478.3975
221.6478 478.4061
221.6507 478.4211
221.6045 478.4352
221.597 478.4373
221.6875 478.444
221.623 478.4383
221.6152 478.4425
221.6234 478.4182
221.652 478.4031
221.6172 478.439
221.5732 478.4183
221.5671 478.4342
221.5941 478.4102
221.5915 478.4097
221.583 478.422
221.5553 478.4521
221.6058 478.4583
221.6361 478.4741
221.5719 478.443
221.6198 478.4334
221.5895 478.4503
221.585 478.4609
221.6051 478.4323
221.6051 478.4528
221.638 478.4378
221.6995 478.48
221.6934 478.3979
221.6797 478.4367
221.6784 478.3939
221.7269 478.4556
221.7272 478.4616
221.7757 478.4233
221.7897 478.444
221.8372 478.4097
221.779 478.4111
221.8057 478.4007
221.888 478.4001
221.8857 478.3892
221.8835 478.37
221.8802 478.3849
221.9251 478.3849
221.9447 478.3442
222.026 478.3701
222.0407 478.3683
221.9762 478.3828
222.0322 478.3558
222.026 478.3792
222.0293 478.3786
222.0518 478.3867
222.0586 478.4182
222.0355 478.3872
222.126 478.4141
222.0964 478.4324
222.0348 478.3887
222.0579 478.3748
222.0706 478.4326
222.0879 478.3936
222.0618 478.4367
222.0322 478.4385
222.0335 478.4704
222.0544 478.4432
222.041 478.4372
222.0482 478.3996
222.0104 478.417
222.0618 478.4479
222.0127 478.4173
222.0049 478.4232
222.0127 478.4155
222.0023 478.4193
221.987 478.4284
221.9596 478.4359
221.9717 478.4186
221.9518 478.3922
222.0111 478.4287
221.959 478.3817
221.9811 478.4126
221.9912 478.4582
222.0365 478.3984
222.1217 478.4416
222.165 478.4549
222.1019 478.4386
222.0576 478.4023
222.0732 478.4079
222.1237 478.3835
222.1667 478.4129
222.151 478.3737
222.1673 478.3889
222.1855 478.4463
222.1602 478.3874
222.2077 478.381
222.2366 478.3936
222.1777 478.3644
222.3112 478.3315
222.3066 478.3953
222.3018 478.3649
222.235 478.3674
222.28 478.3895
222.3102 478.3571
222.2852 478.3372
222.2458 478.3918
222.2471 478.3591
222.291 478.3296
222.2728 478.3877
222.236 478.3636
222.2825 478.2813
222.3128 478.3462
222.3011 478.3535
222.2546 478.3454
222.2637 478.3712
222.2634 478.3563
222.2933 478.41
222.3057 478.3568
222.2396 478.3346
222.2253 478.3164
222.127 478.3235
222.1891 478.3127
222.2464 478.3006
222.2288 478.3398
222.1071 478.2961
222.0856 478.3066
222.0684 478.2892
222.0859 478.2549
221.9912 478.2507
222.127 478.2389
222.0905 478.2616
222.0352 478.2269
222.0176 478.2
222.0234 478.2598
222.0221 478.2515
221.9534 478.2557
221.9323 478.1979
221.8965 478.1947
221.8327 478.2176
221.8177 478.2168
221.8864 478.2194
221.8405 478.2437
221.7829 478.2363
221.8923 478.1924
221.8236 478.1818
221.7591 478.2098
221.75 478.2184
221.7158 478.1742
221.6826 478.2259
221.7253 478.1909
221.6888 478.2091
221.6452 478.2067
221.6393 478.1953
221.6175 478.1755
221.6087 478.1816
221.6045 478.2086
221.6116 478.1454
221.5957 478.1665
221.6712 478.1919
221.5531 478.1883
221.5915 478.1639
221.5612 478.1652
221.485 478.1632
221.5163 478.1777
221.4675 478.1624
221.4603 478.1403
221.4551 478.1802
221.485 478.1473
221.4935 478.1437
221.5023 478.14
221.4395 478.1779
221.4902 478.1831
221.4434 478.1665
221.5039 478.1646
221.4167 478.1481
221.444 478.1385
221.4437 478.187
221.3659 478.1768
221.4121 478.117
221.3366 478.1472
221.3594 478.1576
221.3789 478.193
221.3607 478.1507
221.3906 478.1605
221.3519 478.1291
221.3962 478.1626
221.3535 478.1382
221.3649 478.1715
221.3685 478.1805
221.3418 478.1357
221.2813 478.096
221.2917 478.1113
221.3402 478.1099
221.2991 478.075
221.3496 478.0864
221.3109 478.1217
221.2396 478.1161
221.2461 478.0947
221.293 478.0988
221.3252 478.1019
221.2305 478.0965
221.2526 478.1255
221.1803 478.1195
221.1865 478.0991
221.1787 478.1289
221.1771 478.1339
221.1702 478.1048
221.125 478.1515
221.1315 478.1598
221.1315 478.1673
221.1312 478.1742
221.1309 478.1808
221.0879 478.1025
221.0332 478.1646
221.0661 478.1997
221.1325 478.1421
221.1885 478.1794
221.1289 478.1481
221.1061 478.1742
221.1452 478.1253
221.25 478.1058
221.1777 478.1378
221.2109 478.1556
221.2109 478.1288
221.1956 478.1212
221.2634 478.1305
221.2357 478.1489
221.2279 478.1545
221.2803 478.1307
221.3164 478.147
221.3564 478.1499
221.3809 478.176
221.3291 478.0768
221.4075 478.1286
221.3669 478.1545
221.402 478.1359
221.4385 478.0674
221.347 478.1224
221.4167 478.1444
221.4616 478.1094
221.4245 478.1639
221.4443 478.1073
221.4102 478.1299
221.4538 478.1136
221.374 478.1149
221.4733 478.1271
221.4824 478.1179
221.4886 478.1237
221.4766 478.1427
221.4707 478.1182
221.3867 478.1012
221.4085 478.1084
221.4661 478.091
221.5511 478.1445
221.5231 478.1237
221.5241 478.1082
221.4795 478.0884
221.5052 478.1232
221.501 478.1359
221.5938 478.0891
221.5602 478.1299
221.5088 478.1217
221.5365 478.0863
221.5218 478.0801
221.4609 478.1579
221.571 478.1452
221.5078 478.1491
221.5143 478.1019
221.4616 478.1789
221.5091 478.1478
221.4336 478.1475
221.4889 478.0894
221.5267 478.1406
221.5088 478.1238
221.5176 478.097
221.4922 478.1613
221.4925 478.1483
221.556 478.1431
221.4118 478.1299
221.4102 478.1494
221.3607 478.1787
221.3516 478.1209
221.3607 478.1501
221.3851 478.181
221.3672 478.1735
221.4238 478.1024
221.3652 478.1581
221.3359 478.1501
221.4089 478.1588
221.3551 478.1642
221.3307 478.1618
221.3799 478.1496
221.3242 478.1696
221.3984 478.12
221.3688 478.13
221.3636 478.1657
221.3535 478.1348
221.3066 478.0796
221.3057 478.1141
221.3945 478.1278
221.3916 478.0919
221.3825 478.1536
221.3828 478.1219
221.3734 478.1045
221.3932 478.1727
221.3314 478.1268
221.4124 478.1242
221.3753 478.1427
221.4362 478.1237
221.4238 478.1206
221.3929 478.0915
221.4007 478.1237
221.4199 478.1191
221.443 478.1152
221.459 478.1378
221.4951 478.172
221.4528 478.1623
221.443 478.1515
221.4277 478.1781
221.4131 478.1522
221.5238 478.1567
221.5339 478.1839
221.4893 478.1896
221.46 478.1449
221.4505 478.1382
221.5007 478.1802
221.5065 478.2132
221.5111 478.2365
221.5501 478.189
221.5521 478.2277
221.5306 478.2025
221.5547 478.2214
221.5241 478.1676
221.53 478.1886
221.5957 478.2126
221.5866 478.2126
221.5999 478.2214
221.4964 478.1885
221.5661 478.2021
221.5527 478.2031
221.5313 478.2562
221.5085 478.2215
221.541 478.2365
221.5254 478.2399
221.514 478.2126
221.5254 478.1888
221.5456 478.2627
221.5488 478.1725
221.5563 478.159
221.4434 478.2209
221.4928 478.2181
221.4665 478.2163
221.3867 478.3048
221.4287 478.2402
221.4577 478.1994
221.4349 478.203
221.444 478.2086
221.4043 478.2344
221.3906 478.2306
221.3018 478.2132
221.3542 478.2409
221.2077 478.2251
221.2497 478.2303
221.2393 478.2346
221.1979 478.2384
221.2422 478.1779
221.2083 478.22
221.2077 478.2189
221.1533 478.2183
221.1862 478.1787
221.1527 478.202
222.0127 478.4173
222.0049 478.4232
222.0127 478.4155
222.0023 478.4193
221.987 478.4284
221.9596 478.4359
221.9717 478.4186
221.9518 478.3922
222.0111 478.4287
221.959 478.3817
221.9811 478.4126
221.9912 478.4582
222.0365 478.3984
222.1217 478.4416
222.165 478.4549
222.1019 478.4386
222.0576 478.4023
222.0732 478.4079
222.1237 478.3835
222.1667 478.4129
222.151 478.3737
222.1673 478.3889
222.1855 478.4463
222.1602 478.3874
222.2077 478.381
222.2366 478.3936
222.1777 478.3644
222.3112 478.3315
222.3066 478.3953
222.3018 478.3649
222.235 478.3674
222.28 478.3895
222.3102 478.3571
222.2852 478.3372
222.2458 478.3918
222.2471 478.3591
222.291 478.3296
222.2728 478.3877
222.236 478.3636
222.2825 478.2813
222.3128 478.3462
222.3011 478.3535
222.2546 478.3454
222.2637 478.3712
222.2634 478.3563
222.2933 478.41
222.3057 478.3568
222.2396 478.3346
222.2253 478.3164
222.127 478.3235
222.1891 478.3127
222.2464 478.3006
222.2288 478.3398
222.1071 478.2961
222.0856 478.3066
222.0684 478.2892
222.0859 478.2549
221.9912 478.2507
222.127 478.2389
222.0905 478.2616
222.0352 478.2269
222.0176 478.2
222.0234 478.2598
222.0221 478.2515
221.9534 478.2557
221.9323 478.1979
221.8965 478.1947
221.8327 478.2176
221.8177 478.2168
221.8864 478.2194
221.8405 478.2437
221.7829 478.2363
221.8923 478.1924
221.8236 478.1818
221.7591 478.2098
221.75 478.2184
221.7158 478.1742
221.6826 478.2259
221.7253 478.1909
221.6888 478.2091
221.6452 478.2067
221.6393 478.1953
221.6175 478.1755
221.6087 478.1816
221.6045 478.2086
221.6116 478.1454
221.5957 478.1665
221.6712 478.1919
221.5531 478.1883
221.5915 478.1639
221.5612 478.1652
221.485 478.1632
221.5163 478.1777
221.4675 478.1624
221.4603 478.1403
221.4551 478.1802
221.485 478.1473
221.4935 478.1437
221.5023 478.14
221.4395 478.1779
221.4902 478.1831
221.4434 478.1665
221.5039 478.1646
221.4167 478.1481
221.444 478.1385
221.4437 478.187
221.3659 478.1768
221.4121 478.117
221.3366 478.1472
221.3594 478.1576
221.3789 478.193
221.3607 478.1507
221.3906 478.1605
221.3519 478.1291
221.3962 478.1626
221.3535 478.1382
221.3649 478.1715
221.3685 478.1805
221.3418 478.1357
221.2813 478.096
221.2917 478.1113
221.3402 478.1099
221.2991 478.075
221.3496 478.0864
221.3109 478.1217
221.2396 478.1161
221.2461 478.0947
221.293 478.0988
221.3252 478.1019
221.2305 478.0965
221.2526 478.1255
221.1803 478.1195
221.1865 478.0991
221.1787 478.1289
221.1771 478.1339
221.1702 478.1048
221.125 478.1515
221.1315 478.1598
221.1315 478.1673
221.1312 478.1742
221.1309 478.1808
221.0879 478.1025
221.0332 478.1646
221.0661 478.1997
221.1325 478.1421
221.1885 478.1794
221.1289 478.1481
221.1061 478.1742
221.1452 478.1253
221.25 478.1058
221.1777 478.1378
221.2109 478.1556
221.2109 478.1288
221.1956 478.1212
221.2634 478.1305
221.2357 478.1489
221.2279 478.1545
221.2803 478.1307
221.3164 478.147
221.3564 478.1499
221.3809 478.176
221.3291 478.0768
221.4075 478.1286
221.3669 478.1545
221.402 478.1359
221.4385 478.0674
221.347 478.1224
221.4167 478.1444
221.4616 478.1094
221.4245 478.1639
221.4443 478.1073
221.4102 478.1299
221.4538 478.1136
221.374 478.1149
221.4733 478.1271
221.4824 478.1179
221.4886 478.1237
221.4766 478.1427
221.4707 478.1182
221.3867 478.1012
221.4085 478.1084
221.4661 478.091
221.5511 478.1445
221.5231 478.1237
221.5241 478.1082
221.4795 478.0884
221.5052 478.1232
221.501 478.1359
221.5938 478.0891
221.5602 478.1299
221.5088 478.1217
221.5365 478.0863
221.5218 478.0801
221.4609 478.1579
221.571 478.1452
221.5078 478.1491
221.5143 478.1019
221.4616 478.1789
221.5091 478.1478
221.4336 478.1475
221.4889 478.0894
221.5267 478.1406
221.5088 478.1238
221.5176 478.097
221.4922 478.1613
221.4925 478.1483
221.556 478.1431
221.4118 478.1299
221.4102 478.1494
221.3607 478.1787
221.3516 478.1209
221.3607 478.1501
221.3851 478.181
221.3672 478.1735
221.4238 478.1024
221.3652 478.1581
221.3359 478.1501
221.4089 478.1588
221.3551 478.1642
221.3307 478.1618
221.3799 478.1496
221.3242 478.1696
221.3984 478.12
221.3688 478.13
221.3636 478.1657
221.3535 478.1348
221.3066 478.0796
221.3057 478.1141
221.3945 478.1278
221.3916 478.0919
221.3825 478.1536
221.3828 478.1219
221.3734 478.1045
221.3932 478.1727
221.3314 478.1268
221.4124 478.1242
221.3753 478.1427
221.4362 478.1237
221.4238 478.1206
221.3929 478.0915
221.4007 478.1237
221.4199 478.1191
221.443 478.1152
221.459 478.1378
221.4951 478.172
221.4528 478.1623
221.443 478.1515
221.4277 478.1781
221.4131 478.1522
221.5238 478.1567
221.5339 478.1839
221.4893 478.1896
221.46 478.1449
221.4505 478.1382
221.5007 478.1802
221.5065 478.2132
221.5111 478.2365
221.5501 478.189
221.5521 478.2277
221.5306 478.2025
221.5547 478.2214
221.5241 478.1676
221.53 478.1886
221.5957 478.2126
221.5866 478.2126
221.5999 478.2214
221.4964 478.1885
221.5661 478.2021
221.5527 478.2031
221.5313 478.2562
221.5085 478.2215
221.541 478.2365
221.5254 478.2399
221.514 478.2126
221.5254 478.1888
221.5456 478.2627
221.5488 478.1725
221.5563 478.159
221.4434 478.2209
221.4928 478.2181
221.4665 478.2163
221.3867 478.3048
221.4287 478.2402
221.4577 478.1994
221.4349 478.203
221.444 478.2086
221.4043 478.2344
221.3906 478.2306
221.3018 478.2132
221.3542 478.2409
221.2077 478.2251
221.2497 478.2303
221.2393 478.2346
221.1979 478.2384
221.2422 478.1779
221.2083 478.22
221.2077 478.2189
221.1533 478.2183
221.1862 478.1787
221.1527 478.202
221.1322 478.2036
221.2565 478.2257
221.2152 478.2048
221.1683 478.2145
221.179 478.2218
221.1169 478.1984
221.1982 478.2057
221.1908 478.1907
221.1676 478.1966
221.2077 478.1914
221.1895 478.1605
221.1911 478.2043
221.1598 478.1968
221.1823 478.1925
221.138 478.167
221.1628 478.2021
221.196 478.1895
221.2311 478.1472
221.2028 478.1711
221.2376 478.2041
221.1849 478.1577
221.1963 478.1709
221.2103 478.2096
221.2155 478.1756
221.2314 478.1538
221.265 478.1896
221.3405 478.139
221.3483 478.1528
221.305 478.1606
221.2699 478.1512
221.3053 478.1252
221.2441 478.1422
221.2572 478.1789
221.3457 478.1019
221.3535 478.1561
221.2917 478.1729
221.3086 478.1531
221.3385 478.13
221.3057 478.1392
221.3314 478.1154
221.3086 478.1667
221.3219 478.2054
221.291 478.1768
221.3066 478.1362
221.3415 478.1276
221.2634 478.152
221.248 478.1366
221.2835 478.1502
221.3047 478.1577
221.3102 478.1634
221.374 478.1763
221.3737 478.1234
221.3776 478.1063
221.3262 478.1295
221.3952 478.1323
221.3496 478.1097
221.3555 478.1414
221.3643 478.1472
221.3584 478.155
221.39 478.1608
221.3896 478.112
221.4092 478.1021
221.4167 478.0612
221.4762 478.0682
221.4987 478.1141
221.4176 478.0866
221.4977 478.0957
221.4277 478.0843
221.5378 478.0959
221.5557 478.0871
221.6335 478.0848
221.5547 478.0894
221.6009 478.1205
221.6859 478.0765
221.7129 478.0676
221.7292 478.0749
221.695 478.1339
221.7715 478.0859
221.6924 478.0843
221.7611 478.0381
221.8112 478.0497
221.8522 478.0708
221.8024 478.0576
221.846 478.0913
221.8174 478.0788
221.8411 478.0818
221.8431 478.0405
221.8359 478.0487
221.876 478.0625
221.8789 478.0628
221.8962 478.095
221.9629 478.05
221.9255 478.0516
221.9479 478.0887
221.9544 478.0204
221.9235 478.0098
221.9785 478.0197
221.9824 478.0628
221.9645 478.0313
221.9948 478.0444
221.9469 478.0321
221.9922 478.0218
222.0039 478.0695
222.0013 478.0402
221.9616 478.0359
222.0212 478.0863
222.0452 478.0915
222.0273 478.0594
222.0202 478.0467
222.0072 478.0791
222.0199 478.0687
221.9886 478.0495
221.9772 478.0641
222.0433 478.054
221.9502 478.0786
221.9577 478.0726
221.9652 478.0871
221.9977 478.0723
222.0052 478.0615
221.9509 478.0607
221.9769 478.0321
221.9675 478.0698
221.9255 478.0755
221.9134 478.1346
221.8861 478.1288
221.8633 478.0829
221.8496 478.0773
221.8978 478.112
221.8327 478.1366
221.9095 478.1618
221.8428 478.1465
221.8268 478.1146
221.7617 478.1141
221.7861 478.1366
221.736 478.1179
221.723 478.1619
221.7318 478.1335
221.8151 478.14
221.6546 478.1169
221.679 478.1356
221.626 478.1004
221.6686 478.1206
221.6611 478.1489
221.6895 478.1616
221.598 478.1445
221.6722 478.1284
221.5156 478.1266
221.4375 478.2111
221.4785 478.2003
221.4499 478.2848
221.4521 478.2773
221.4629 478.3011
221.3825 478.3066
221.4163 478.3608
221.4561 478.4036
221.3831 478.4134
221.3151 478.3874
221.4017 478.4626
221.3356 478.4927
221.3571 478.4832
221.36 478.5083
221.3177 478.5841
221.3698 478.5465
221.3783 478.5833
221.3024 478.5569
221.3105 478.571
221.3092 478.6092
221.3411 478.6128
221.3564 478.6322
221.376 478.6055
221.3158 478.5944
221.3073 478.6089
221.3034 478.6297
221.2845 478.6436
221.2601 478.6554
221.3438 478.6129
221.3027 478.6312
221.3581 478.6592
221.3591 478.6714
221.4092 478.6873
221.39 478.702
221.3532 478.6551
221.3356 478.7188
221.3558 478.7153
221.4202 478.7036
221.4072 478.7023
221.4134 478.6984
221.4128 478.6898
221.4902 478.6864
221.4707 478.6903
221.5462 478.6927
221.5475 478.6639
221.5329 478.6945
221.4675 478.6496
221.5325 478.6761
221.6081 478.6658
221.5033 478.7598
221.4958 478.7461
221.6569 478.6717
221.5768 478.6978
221.5973 478.7114
221.5931 478.6927
221.6611 478.6987
221.6921 478.662
221.7048 478.6541
221.763 478.6759
221.7689 478.6828
221.7565 478.7126
221.7389 478.7134
221.7513 478.6746
221.7656 478.6857
221.7067 478.6873
221.7533 478.686
221.7673 478.6655
221.6745 478.6966
221.7249 478.6499
221.7178 478.6833
221.7165 478.6932
221.7985 478.7093
221.7292 478.6678
221.7533 478.6424
221.7728 478.6463
221.7702 478.6768
221.777 478.666
221.7741 478.7209
221.7708 478.6816
221.8298 478.6794
221.7721 478.6797
221.7279 478.7005
221.736 478.6761
221.7428 478.6938
221.7754 478.7052
221.7669 478.6769
221.7747 478.7142
221.6992 478.687
221.7409 478.7301
221.6953 478.7051
221.709 478.6636
221.7337 478.6526
221.6673 478.6732
221.6735 478.6769
221.6341 478.6717
221.6335 478.6377
221.6419 478.6992
221.6302 478.6089
221.5693 478.6483
221.5801 478.6389
221.5999 478.6362
221.6468 478.6077
221.7126 478.5703
221.6536 478.6443
221.6029 478.6017
221.6299 478.5871
221.6748 478.6576
221.6253 478.693
221.6556 478.6339
221.6536 478.6071
221.5915 478.6455
221.6582 478.619
221.6068 478.6442
221.6243 478.6032
221.5977 478.6185
221.6263 478.5666
221.6315 478.6149
221.5905 478.5902
221.623 478.6594
221.6113 478.5972
221.5547 478.6339
221.5853 478.6175
221.6432 478.5983
221.597 478.5846
221.6061 478.6549
221.5918 478.6261
221.5693 478.5905
221.5651 478.6076
221.571 478.6226
221.528 478.6092
221.6257 478.5887
221.6488 478.6122
221.6234 478.6025
221.5703 478.603
221.6123 478.6102
221.584 478.6032
221.5609 478.6167
221.6247 478.6195
221.6702 478.6336
221.7093 478.6253
221.6491 478.6374
221.6729 478.5794
221.7135 478.6193
221.7282 478.5887
221.6979 478.6056
221.751 478.631
221.7936 478.6405
221.7744 478.6672
221.7998 478.6193
221.8044 478.6429
221.8239 478.6219
221.7946 478.6652
221.9043 478.6281
221.1322 478.2036
221.2565 478.2257
221.2152 478.2048
221.1683 478.2145
221.179 478.2218
221.1169 478.1984
221.1982 478.2057
221.1908 478.1907
221.1676 478.1966
221.2077 478.1914
221.1895 478.1605
221.1911 478.2043
221.1598 478.1968
221.1823 478.1925
221.138 478.167
221.1628 478.2021
221.196 478.1895
221.2311 478.1472
221.2028 478.1711
221.2376 478.2041
221.1849 478.1577
221.1963 478.1709
221.2103 478.2096
221.2155 478.1756
221.2314 478.1538
221.265 478.1896
221.3405 478.139
221.3483 478.1528
221.305 478.1606
221.2699 478.1512
221.3053 478.1252
221.2441 478.1422
221.2572 478.1789
221.3457 478.1019
221.3535 478.1561
221.2917 478.1729
221.3086 478.1531
221.3385 478.13
221.3057 478.1392
221.3314 478.1154
221.3086 478.1667
221.3219 478.2054
221.291 478.1768
221.3066 478.1362
221.3415 478.1276
221.2634 478.152
221.248 478.1366
221.2835 478.1502
221.3047 478.1577
221.3102 478.1634
221.374 478.1763
221.3737 478.1234
221.3776 478.1063
221.3262 478.1295
221.3952 478.1323
221.3496 478.1097
221.3555 478.1414
221.3643 478.1472
221.3584 478.155
221.39 478.1608
221.3896 478.112
221.4092 478.1021
221.4167 478.0612
221.4762 478.0682
221.4987 478.1141
221.4176 478.0866
221.4977 478.0957
221.4277 478.0843
221.5378 478.0959
221.5557 478.0871
221.6335 478.0848
221.5547 478.0894
221.6009 478.1205
221.6859 478.0765
221.7129 478.0676
221.7292 478.0749
221.695 478.1339
221.7715 478.0859
221.6924 478.0843
221.7611 478.0381
221.8112 478.0497
221.8522 478.0708
221.8024 478.0576
221.846 478.0913
221.8174 478.0788
221.8411 478.0818
221.8431 478.0405
221.8359 478.0487
221.876 478.0625
221.8789 478.0628
221.8962 478.095
221.9629 478.05
221.9255 478.0516
221.9479 478.0887
221.9544 478.0204
221.9235 478.0098
221.9785 478.0197
221.9824 478.0628
221.9645 478.0313
221.9948 478.0444
221.9469 478.0321
221.9922 478.0218
222.0039 478.0695
222.0013 478.0402
221.9616 478.0359
222.0212 478.0863
222.0452 478.0915
222.0273 478.0594
222.0202 478.0467
222.0072 478.0791
222.0199 478.0687
221.9886 478.0495
221.9772 478.0641
222.0433 478.054
221.9502 478.0786
221.9577 478.0726
221.9652 478.0871
221.9977 478.0723
222.0052 478.0615
221.9509 478.0607
221.9769 478.0321
221.9675 478.0698
221.9255 478.0755
221.9134 478.1346
221.8861 478.1288
221.8633 478.0829
221.8496 478.0773
221.8978 478.112
221.8327 478.1366
221.9095 478.1618
221.8428 478.1465
221.8268 478.1146
221.7617 478.1141
221.7861 478.1366
221.736 478.1179
221.723 478.1619
221.7318 478.1335
221.8151 478.14
221.6546 478.1169
221.679 478.1356
221.626 478.1004
221.6686 478.1206
221.6611 478.1489
221.6895 478.1616
221.598 478.1445
221.6722 478.1284
221.5156 478.1266
221.4375 478.2111
221.4785 478.2003
221.4499 478.2848
221.4521 478.2773
221.4629 478.3011
221.3825 478.3066
221.4163 478.3608
221.4561 478.4036
221.3831 478.4134
221.3151 478.3874
221.4017 478.4626
221.3356 478.4927
221.3571 478.4832
221.36 478.5083
221.3177 478.5841
221.3698 478.5465
221.3783 478.5833
221.3024 478.5569
221.3105 478.571
221.3092 478.6092
221.3411 478.6128
221.3564 478.6322
221.376 478.6055
221.3158 478.5944
221.3073 478.6089
221.3034 478.6297
221.2845 478.6436
221.2601 478.6554
221.3438 478.6129
221.3027 478.6312
221.3581 478.6592
221.3591 478.6714
221.4092 478.6873
221.39 478.702
221.3532 478.6551
221.3356 478.7188
221.3558 478.7153
221.4202 478.7036
221.4072 478.7023
221.4134 478.6984
221.4128 478.6898
221.4902 478.6864
221.4707 478.6903
221.5462 478.6927
221.5475 478.6639
221.5329 478.6945
221.4675 478.6496
221.5325 478.6761
221.6081 478.6658
221.5033 478.7598
221.4958 478.7461
221.6569 478.6717
221.5768 478.6978
221.5973 478.7114
221.5931 478.6927
221.6611 478.6987
221.6921 478.662
221.7048 478.6541
221.763 478.6759
221.7689 478.6828
221.7565 478.7126
221.7389 478.7134
221.7513 478.6746
221.7656 478.6857
221.7067 478.6873
221.7533 478.686
221.7673 478.6655
221.6745 478.6966
221.7249 478.6499
221.7178 478.6833
221.7165 478.6932
221.7985 478.7093
221.7292 478.6678
221.7533 478.6424
221.7728 478.6463
221.7702 478.6768
221.777 478.666
221.7741 478.7209
221.7708 478.6816
221.8298 478.6794
221.7721 478.6797
221.7279 478.7005
221.736 478.6761
221.7428 478.6938
221.7754 478.7052
221.7669 478.6769
221.7747 478.7142
221.6992 478.687
221.7409 478.7301
221.6953 478.7051
221.709 478.6636
221.7337 478.6526
221.6673 478.6732
221.6735 478.6769
221.6341 478.6717
221.6335 478.6377
221.6419 478.6992
221.6302 478.6089
221.5693 478.6483
221.5801 478.6389
221.5999 478.6362
221.6468 478.6077
221.7126 478.5703
221.6536 478.6443
221.6029 478.6017
221.6299 478.5871
221.6748 478.6576
221.6253 478.693
221.6556 478.6339
221.6536 478.6071
221.5915 478.6455
221.6582 478.619
221.6068 478.6442
221.6243 478.6032
221.5977 478.6185
221.6263 478.5666
221.6315 478.6149
221.5905 478.5902
221.623 478.6594
221.6113 478.5972
221.5547 478.6339
221.5853 478.6175
221.6432 478.5983
221.597 478.5846
221.6061 478.6549
221.5918 478.6261
221.5693 478.5905
221.5651 478.6076
221.571 478.6226
221.528 478.6092
221.6257 478.5887
221.6488 478.6122
221.6234 478.6025
221.5703 478.603
221.6123 478.6102
221.584 478.6032
221.5609 478.6167
221.6247 478.6195
221.6702 478.6336
221.7093 478.6253
221.6491 478.6374
221.6729 478.5794
221.7135 478.6193
221.7282 478.5887
221.6979 478.6056
221.751 478.631
221.7936 478.6405
221.7744 478.6672
221.7998 478.6193
221.8044 478.6429
221.8239 478.6219
221.7946 478.6652
221.9043 478.6281
221.8145 478.6418
221.8281 478.6743
221.929 478.6516
221.9056 478.7165
221.8896 478.6724
221.9082 478.6238
221.875 478.6392
221.8835 478.6533
221.7848 478.6709
221.8249 478.5944
221.8141 478.6061
221.8001 478.6128
221.8245 478.5829
221.8652 478.6208
221.8255 478.6104
221.7995 478.6139
221.79 478.6382
221.7699 478.5996
221.6921 478.6134
221.6979 478.6185
221.748 478.5513
221.7269 478.6271
221.71 478.6354
221.7044 478.6457
221.7728 478.6283
221.7223 478.6216
221.6852 478.6112
221.681 478.5786
221.6139 478.6091
221.6592 478.6195
221.6777 478.6046
221.6634 478.6195
221.627 478.6069
221.613 478.6066
221.6575 478.6061
221.6048 478.5345
221.5378 478.556
221.4997 478.5679
221.5651 478.5806
221.5684 478.5942
221.5234 478.6032
221.5062 478.5907
221.4993 478.5736
221.4339 478.5793
221.4551 478.598
221.4564 478.5841
221.4043 478.5744
221.3896 478.5638
221.4629 478.5708
221.4147 478.585
221.4502 478.593
221.3848 478.6008
221.377 478.5659
221.3369 478.5864
221.3486 478.6013
221.3284 478.5957
221.3281 478.5753
221.3548 478.5783
221.3372 478.6301
221.3398 478.6072
221.3346 478.5972
221.2975 478.583
221.319 478.5758
221.3405 478.5688
221.305 478.5472
221.2985 478.5415
221.2832 478.6107
221.3415 478.5548
221.2637 478.5526
221.3398 478.5638
221.3444 478.5349
221.3343 478.5493
221.2904 478.5449
221.3001 478.5793
221.3848 478.5262
221.3291 478.5226
221.3538 478.5562
221.3695 478.5493
221.3854 478.535
221.3333 478.5601
221.3324 478.5627
221.3034 478.5623
221.2773 478.5524
221.2129 478.5635
221.265 478.5467
221.2526 478.5529
221.2288 478.5392
221.2383 478.55
221.1563 478.5565
221.1914 478.5697
221.2601 478.5488
221.1914 478.5531
221.181 478.5583
221.1829 478.52
221.1406 478.5553
221.123 478.5617
221.1087 478.5986
221.2165 478.5011
221.1829 478.5112
221.1732 478.54
221.179 478.4839
221.1582 478.4536
221.1514 478.4909
221.1387 478.4816
221.1712 478.4308
221.1354 478.4215
221.0905 478.4201
221.1771 478.4141
221.1081 478.3877
221.0964 478.3926
221.1361 478.3864
221.0908 478.3887
221.1061 478.3657
221.1068 478.3359
221.1452 478.3493
221.1797 478.3542
221.1331 478.3285
221.1191 478.2983
221.1263 478.3005
221.1214 478.3086
221.123 478.304
221.1263 478.3099
221.1709 478.2634
221.1309 478.2601
221.1468 478.2412
221.1387 478.2578
221.1107 478.2645
221.1885 478.314
221.1667 478.3011
221.1953 478.2757
221.1823 478.2653
221.1882 478.2612
221.1722 478.2772
221.1556 478.2723
221.1598 478.2996
221.1384 478.2601
221.1575 478.2708
221.0817 478.2843
221.1016 478.2897
221.1302 478.3055
221.1595 478.2965
221.1237 478.2817
221.112 478.2443
221.0882 478.258
221.1084 478.2256
221.0687 478.2147
221.0898 478.243
221.0853 478.2314
221.1224 478.2365
221.1364 478.252
221.1849 478.2829
221.1097 478.2625
221.165 478.244
221.1211 478.2775
221.1328 478.2528
221.0736 478.2622
221.126 478.2599
221.1035 478.249
221.057 478.1795
221.0531 478.235
221.0475 478.2619
221.0254 478.2456
221.0348 478.2261
221.0173 478.2544
221.0615 478.2417
221.015 478.2488
220.9876 478.2523
220.9541 478.278
220.9831 478.2464
220.929 478.2866
221.029 478.237
220.9902 478.2661
220.8786 478.2571
220.9007 478.2197
220.9395 478.2122
220.9596 478.2744
220.9642 478.2619
220.9089 478.241
220.9183 478.252
220.9391 478.2607
220.9473 478.2402
220.9089 478.2295
220.8792 478.2253
220.8636 478.2493
220.9173 478.2822
220.8639 478.2308
220.8581 478.1631
220.9902 478.1014
220.9857 478.097
220.9476 478.055
221.0221 477.9948
221.0117 477.9259
221.0176 477.8987
221.0452 477.8694
221.1139 477.7817
221.0739 477.742
221.137 477.7148
221.1745 477.634
221.1559 477.6987
221.1657 477.6644
221.1755 477.6458
221.1956 477.6071
221.154 477.6724
221.221 477.6201
221.3301 477.5928
221.3063 477.5713
221.3379 477.5903
221.3548 477.5711
221.3737 477.5868
221.4372 477.5296
221.4137 477.532
221.3763 477.5396
221.387 477.5596
221.4258 477.4888
221.47 477.5178
221.5111 477.5308
221.4603 477.4419
221.4655 477.4941
221.446 477.466
221.502 477.4741
221.4834 477.4826
221.5218 477.5223
221.5651 477.5127
221.5358 477.492
221.5921 477.4474
221.5524 477.4289
221.4967 477.4383
221.4925 477.4803
221.5488 477.5104
221.5479 477.4121
221.4951 477.4528
221.5456 477.432
221.498 477.4339
221.5433 477.45
221.5322 477.4232
221.5169 477.4268
221.4766 477.4448
221.5918 477.4271
221.5928 477.409
221.5238 477.4562
221.6621 477.4116
221.6006 477.4271
221.5329 477.4015
221.6009 477.4499
221.557 477.4362
221.6051 477.3921
221.5791 477.4201
221.5654 477.4129
221.5511 477.397
221.6455 477.3667
221.528 477.4124
221.5934 477.3898
221.5033 477.3516
221.5661 477.3934
221.5479 477.4056
221.5417 477.4087
221.5397 477.4214
221.5693 477.4023
221.5378 477.3825
221.4967 477.4242
221.5273 477.3745
221.5426 477.3578
221.5407 477.3685
221.5384 477.3646
221.5514 477.3586
221.5547 477.3787
221.6107 477.3631
221.625 477.359
221.6351 477.3351
221.585 477.368
221.5759 477.3694
221.6136 477.3361
221.6081 477.3532
221.6406 477.3908
221.6442 477.3722
221.6064 477.3813
221.6146 477.3812
221.6315 477.3548
221.6396 477.3498
221.6569 477.3425
221.666 477.3613
221.5879 477.3721
221.6292 477.3952
221.5674 477.3827
221.6253 477.3434
221.6188 477.3403
221.5885 477.376
221.5827 477.3423
221.5339 477.4061
221.5612 477.3947
221.5368 477.4023
221.5791 477.3473
221.5309 477.3473
221.5358 477.374
221.5023 477.3687
221.4766 477.3699
221.4909 477.3574
221.4941 477.3911
221.4935 477.341
221.5075 477.3944
221.8145 478.6418
221.8281 478.6743
221.929 478.6516
221.9056 478.7165
221.8896 478.6724
221.9082 478.6238
221.875 478.6392
221.8835 478.6533
221.7848 478.6709
221.8249 478.5944
221.8141 478.6061
221.8001 478.6128
221.8245 478.5829
221.8652 478.6208
221.8255 478.6104
221.7995 478.6139
221.79 478.6382
221.7699 478.5996
221.6921 478.6134
221.6979 478.6185
221.748 478.5513
221.7269 478.6271
221.71 478.6354
221.7044 478.6457
221.7728 478.6283
221.7223 478.6216
221.6852 478.6112
221.681 478.5786
221.6139 478.6091
221.6592 478.6195
221.6777 478.6046
221.6634 478.6195
221.627 478.6069
221.613 478.6066
221.6575 478.6061
221.6048 478.5345
221.5378 478.556
221.4997 478.5679
221.5651 478.5806
221.5684 478.5942
221.5234 478.6032
221.5062 478.5907
221.4993 478.5736
221.4339 478.5793
221.4551 478.598
221.4564 478.5841
221.4043 478.5744
221.3896 478.5638
221.4629 478.5708
221.4147 478.585
221.4502 478.593
221.3848 478.6008
221.377 478.5659
221.3369 478.5864
221.3486 478.6013
221.3284 478.5957
221.3281 478.5753
221.3548 478.5783
221.3372 478.6301
221.3398 478.6072
221.3346 478.5972
221.2975 478.583
221.319 478.5758
221.3405 478.5688
221.305 478.5472
221.2985 478.5415
221.2832 478.6107
221.3415 478.5548
221.2637 478.5526
221.3398 478.5638
221.3444 478.5349
221.3343 478.5493
221.2904 478.5449
221.3001 478.5793
221.3848 478.5262
221.3291 478.5226
221.3538 478.5562
221.3695 478.5493
221.3854 478.535
221.3333 478.5601
221.3324 478.5627
221.3034 478.5623
221.2773 478.5524
221.2129 478.5635
221.265 478.5467
221.2526 478.5529
221.2288 478.5392
221.2383 478.55
221.1563 478.5565
221.1914 478.5697
221.2601 478.5488
221.1914 478.5531
221.181 478.5583
221.1829 478.52
221.1406 478.5553
221.123 478.5617
221.1087 478.5986
221.2165 478.5011
221.1829 478.5112
221.1732 478.54
221.179 478.4839
221.1582 478.4536
221.1514 478.4909
221.1387 478.4816
221.1712 478.4308
221.1354 478.4215
221.0905 478.4201
221.1771 478.4141
221.1081 478.3877
221.0964 478.3926
221.1361 478.3864
221.0908 478.3887
221.1061 478.3657
221.1068 478.3359
221.1452 478.3493
221.1797 478.3542
221.1331 478.3285
221.1191 478.2983
221.1263 478.3005
221.1214 478.3086
221.123 478.304
221.1263 478.3099
221.1709 478.2634
221.1309 478.2601
221.1468 478.2412
221.1387 478.2578
221.1107 478.2645
221.1885 478.314
221.1667 478.3011
221.1953 478.2757
221.1823 478.2653
221.1882 478.2612
221.1722 478.2772
221.1556 478.2723
221.1598 478.2996
221.1384 478.2601
221.1575 478.2708
221.0817 478.2843
221.1016 478.2897
221.1302 478.3055
221.1595 478.2965
221.1237 478.2817
221.112 478.2443
221.0882 478.258
221.1084 478.2256
221.0687 478.2147
221.0898 478.243
221.0853 478.2314
221.1224 478.2365
221.1364 478.252
221.1849 478.2829
221.1097 478.2625
221.165 478.244
221.1211 478.2775
221.1328 478.2528
221.0736 478.2622
221.126 478.2599
221.1035 478.249
221.057 478.1795
221.0531 478.235
221.0475 478.2619
221.0254 478.2456
221.0348 478.2261
221.0173 478.2544
221.0615 478.2417
221.015 478.2488
220.9876 478.2523
220.9541 478.278
220.9831 478.2464
220.929 478.2866
221.029 478.237
220.9902 478.2661
220.8786 478.2571
220.9007 478.2197
220.9395 478.2122
220.9596 478.2744
220.9642 478.2619
220.9089 478.241
220.9183 478.252
220.9391 478.2607
220.9473 478.2402
220.9089 478.2295
220.8792 478.2253
220.8636 478.2493
220.9173 478.2822
220.8639 478.2308
220.8581 478.1631
220.9902 478.1014
220.9857 478.097
220.9476 478.055
221.0221 477.9948
221.0117 477.9259
221.0176 477.8987
221.0452 477.8694
221.1139 477.7817
221.0739 477.742
221.137 477.7148
221.1745 477.634
221.1559 477.6987
221.1657 477.6644
221.1755 477.6458
221.1956 477.6071
221.154 477.6724
221.221 477.6201
221.3301 477.5928
221.3063 477.5713
221.3379 477.5903
221.3548 477.5711
221.3737 477.5868
221.4372 477.5296
221.4137 477.532
221.3763 477.5396
221.387 477.5596
221.4258 477.4888
221.47 477.5178
221.5111 477.5308
221.4603 477.4419
221.4655 477.4941
221.446 477.466
221.502 477.4741
221.4834 477.4826
221.5218 477.5223
221.5651 477.5127
221.5358 477.492
221.5921 477.4474
221.5524 477.4289
221.4967 477.4383
221.4925 477.4803
221.5488 477.5104
221.5479 477.4121
221.4951 477.4528
221.5456 477.432
221.498 477.4339
221.5433 477.45
221.5322 477.4232
221.5169 477.4268
221.4766 477.4448
221.5918 477.4271
221.5928 477.409
221.5238 477.4562
221.6621 477.4116
221.6006 477.4271
221.5329 477.4015
221.6009 477.4499
221.557 477.4362
221.6051 477.3921
221.5791 477.4201
221.5654 477.4129
221.5511 477.397
221.6455 477.3667
221.528 477.4124
221.5934 477.3898
221.5033 477.3516
221.5661 477.3934
221.5479 477.4056
221.5417 477.4087
221.5397 477.4214
221.5693 477.4023
221.5378 477.3825
221.4967 477.4242
221.5273 477.3745
221.5426 477.3578
221.5407 477.3685
221.5384 477.3646
221.5514 477.3586
221.5547 477.3787
221.6107 477.3631
221.625 477.359
221.6351 477.3351
221.585 477.368
221.5759 477.3694
221.6136 477.3361
221.6081 477.3532
221.6406 477.3908
221.6442 477.3722
221.6064 477.3813
221.6146 477.3812
221.6315 477.3548
221.6396 477.3498
221.6569 477.3425
221.666 477.3613
221.5879 477.3721
221.6292 477.3952
221.5674 477.3827
221.6253 477.3434
221.6188 477.3403
221.5885 477.376
221.5827 477.3423
221.5339 477.4061
221.5612 477.3947
221.5368 477.4023
221.5791 477.3473
221.5309 477.3473
221.5358 477.374
221.5023 477.3687
221.4766 477.3699
221.4909 477.3574
221.4941 477.3911
221.4935 477.341
221.5075 477.3944
221.5697 477.4004
221.5117 477.3887
221.4788 477.3797
221.4792 477.3612
221.4837 477.3721
221.528 477.3335
221.5218 477.3716
221.5013 477.3994
221.5156 477.3532
221.4941 477.3594
221.5007 477.3765
221.4756 477.3651
221.4694 477.3706
221.4655 477.3494
221.4551 477.3441
221.4645 477.3555
221.4987 477.3496
221.5091 477.3301
221.5521 477.342
221.4775 477.3662
221.4902 477.3566
221.5833 477.3447
221.5117 477.3564
221.5007 477.3389
221.4733 477.2997
221.5628 477.3234
221.5277 477.3573
221.5215 477.2935
221.4863 477.3242
221.5117 477.327
221.5195 477.3457
221.6016 477.3374
221.5518 477.3537
221.57 477.299
221.5332 477.3229
221.526 477.3735
221.5423 477.3306
221.5898 477.3374
221.569 477.3569
221.568 477.3244
221.5313 477.3665
221.5658 477.3694
221.5345 477.3694
221.5293 477.3869
221.5586 477.38
221.5537 477.3226
221.5264 477.4139
221.5531 477.407
221.6393 477.418
221.6071 477.3691
221.568 477.395
221.5726 477.408
221.611 477.3882
221.5293 477.3795
221.595 477.4198
221.5176 477.432
221.5007 477.3669
221.5332 477.373
221.4658 477.4014
221.4902 477.3828
221.5225 477.3625
221.5013 477.3682
221.474 477.4157
221.4883 477.3919
221.5306 477.3875
221.4629 477.3828
221.5234 477.3568
221.4753 477.3839
221.4463 477.389
221.403 477.3893
221.3831 477.3862
221.4635 477.3812
221.4661 477.3989
221.4668 477.4048
221.5036 477.3893
221.4681 477.3918
221.4743 477.4067
221.4922 477.3794
221.5163 477.4173
221.5137 477.4272
221.4762 477.4212
221.4613 477.4088
221.5794 477.382
221.5391 477.3958
221.5531 477.4367
221.4619 477.4012
221.4544 477.4001
221.4954 477.4393
221.4954 477.4211
221.4681 477.4186
221.446 477.4152
221.3851 477.4609
221.4004 477.4285
221.3971 477.4504
221.4352 477.4346
221.3604 477.4525
221.3831 477.4416
221.3301 477.442
221.3945 477.5133
221.3262 477.4398
221.3428 477.4474
221.3132 477.4935
221.3271 477.445
221.332 477.4757
221.2855 477.5164
221.3506 477.4932
221.2542 477.4951
221.2259 477.4588
221.2786 477.4842
221.2943 477.4653
221.265 477.4785
221.1947 477.5273
221.1917 477.5024
221.1823 477.5163
221.1865 477.4668
221.2009 477.4967
221.2129 477.4544
221.1689 477.5365
221.2282 477.5077
221.1956 477.4715
221.2116 477.4661
221.2422 477.4562
221.1868 477.4514
221.2161 477.4925
221.1566 477.505
221.167 477.5005
221.1445 477.4995
221.1605 477.5116
221.1322 477.4663
221.1738 477.4644
221.1745 477.4592
221.2305 477.4393
221.1354 477.4766
221.1683 477.489
221.1634 477.5148
221.1989 477.4854
221.126 477.4713
221.1693 477.4909
221.1888 477.4893
221.1289 477.4573
221.1741 477.4606
221.2568 477.444
221.2448 477.4285
221.2298 477.4126
221.2441 477.4528
221.2484 477.4538
221.2529 477.4547
221.279 477.432
221.2712 477.4494
221.2747 477.4925
221.2946 477.464
221.2705 477.4717
221.3366 477.4745
221.349 477.5187
221.36 477.4886
221.4346 477.4974
221.4411 477.4736
221.4216 477.4793
221.4199 477.5166
221.3978 477.4613
221.4554 477.4868
221.4762 477.4494
221.5309 477.4575
221.5264 477.4435
221.5632 477.4767
221.6055 477.4185
221.543 477.4546
221.5661 477.5065
221.5423 477.4754
221.5345 477.4482
221.6107 477.4751
221.5977 477.4339
221.6051 477.4487
221.6657 477.4709
221.6589 477.4679
221.6123 477.489
221.5759 477.4294
221.6598 477.4901
221.6045 477.4754
221.6602 477.4933
221.6702 477.4954
221.6396 477.4743
221.6621 477.4627
221.6683 477.4683
221.7103 477.506
221.7005 477.4464
221.6803 477.5155
221.6771 477.4828
221.6908 477.4941
221.6136 477.5038
221.6846 477.4782
221.6741 477.4741
221.7038 477.4535
221.6823 477.4684
221.7601 477.481
221.7148 477.5002
221.7327 477.4958
221.679 477.4751
221.6937 477.5148
221.7282 477.5085
221.6976 477.5244
221.6979 477.5313
221.7344 477.5032
221.7025 477.4982
221.5876 477.4985
221.6953 477.4829
221.6706 477.4845
221.6504 477.4915
221.6396 477.4967
221.5954 477.558
221.6081 477.5218
221.5674 477.4995
221.5247 477.5471
221.4899 477.5213
221.5384 477.5421
221.4583 477.5067
221.4075 477.5924
221.4479 477.5342
221.4479 477.4779
221.3665 477.5278
221.4378 477.549
221.3682 477.5435
221.3304 477.5597
221.3148 477.5859
221.3496 477.5521
221.3577 477.5513
221.2695 477.5446
221.2673 477.561
221.2044 477.5428
221.1478 477.5063
221.1497 477.5439
221.1914 477.5399
221.1143 477.5452
221.0996 477.5384
221.1341 477.5225
221.0977 477.5331
221.0137 477.5239
221.002 477.5439
220.9307 477.5742
220.9222 477.5334
220.9642 477.5298
220.918 477.5334
220.89 477.5469
220.8896 477.5441
220.7773 477.5042
220.7705 477.5187
220.8105 477.5402
220.7643 477.5332
220.777 477.4923
220.7777 477.487
220.8021 477.5509
220.7484 477.4842
220.7402 477.4868
220.6859 477.5059
220.722 477.4836
220.7347 477.4823
220.807 477.4933
220.7191 477.4608
220.6868 477.471
220.7021 477.4565
220.6901 477.451
220.7428 477.4645
220.7135 477.464
220.7406 477.4207
220.7298 477.41
220.7048 477.4419
220.7467 477.4164
220.7725 477.3853
220.8161 477.3872
220.8275 477.3794
220.7884 477.412
220.8796 477.4061
220.7832 477.431
220.8353 477.4051
220.8616 477.407
220.9241 477.4336
220.8499 477.4072
220.8691 477.4124
220.9082 477.4277
220.9574 477.394
221.0055 477.4168
221.026 477.4367
221.0055 477.4185
221.0212 477.4138
221.0827 477.425
221.068 477.3939
221.1094 477.3931
221.1484 477.3994
221.0801 477.4225
221.155 477.3926
221.1735 477.3275
221.1992 477.3677
221.2155 477.3657
221.1348 477.3708
221.2188 477.3651
221.2484 477.3462
221.3047 477.3499
221.2051 477.3685
221.3307 477.3656
221.3161 477.386
221.5697 477.4004
221.5117 477.3887
221.4788 477.3797
221.4792 477.3612
221.4837 477.3721
221.528 477.3335
221.5218 477.3716
221.5013 477.3994
221.5156 477.3532
221.4941 477.3594
221.5007 477.3765
221.4756 477.3651
221.4694 477.3706
221.4655 477.3494
221.4551 477.3441
221.4645 477.3555
221.4987 477.3496
221.5091 477.3301
221.5521 477.342
221.4775 477.3662
221.4902 477.3566
221.5833 477.3447
221.5117 477.3564
221.5007 477.3389
221.4733 477.2997
221.5628 477.3234
221.5277 477.3573
221.5215 477.2935
221.4863 477.3242
221.5117 477.327
221.5195 477.3457
221.6016 477.3374
221.5518 477.3537
221.57 477.299
221.5332 477.3229
221.526 477.3735
221.5423 477.3306
221.5898 477.3374
221.569 477.3569
221.568 477.3244
221.5313 477.3665
221.5658 477.3694
221.5345 477.3694
221.5293 477.3869
221.5586 477.38
221.5537 477.3226
221.5264 477.4139
221.5531 477.407
221.6393 477.418
221.6071 477.3691
221.568 477.395
221.5726 477.408
221.611 477.3882
221.5293 477.3795
221.595 477.4198
221.5176 477.432
221.5007 477.3669
221.5332 477.373
221.4658 477.4014
221.4902 477.3828
221.5225 477.3625
221.5013 477.3682
221.474 477.4157
221.4883 477.3919
221.5306 477.3875
221.4629 477.3828
221.5234 477.3568
221.4753 477.3839
221.4463 477.389
221.403 477.3893
221.3831 477.3862
221.4635 477.3812
221.4661 477.3989
221.4668 477.4048
221.5036 477.3893
221.4681 477.3918
221.4743 477.4067
221.4922 477.3794
221.5163 477.4173
221.5137 477.4272
221.4762 477.4212
221.4613 477.4088
221.5794 477.382
221.5391 477.3958
221.5531 477.4367
221.4619 477.4012
221.4544 477.4001
221.4954 477.4393
221.4954 477.4211
221.4681 477.4186
221.446 477.4152
221.3851 477.4609
221.4004 477.4285
221.3971 477.4504
221.4352 477.4346
221.3604 477.4525
221.3831 477.4416
221.3301 477.442
221.3945 477.5133
221.3262 477.4398
221.3428 477.4474
221.3132 477.4935
221.3271 477.445
221.332 477.4757
221.2855 477.5164
221.3506 477.4932
221.2542 477.4951
221.2259 477.4588
221.2786 477.4842
221.2943 477.4653
221.265 477.4785
221.1947 477.5273
221.1917 477.5024
221.1823 477.5163
221.1865 477.4668
221.2009 477.4967
221.2129 477.4544
221.1689 477.5365
221.2282 477.5077
221.1956 477.4715
221.2116 477.4661
221.2422 477.4562
221.1868 477.4514
221.2161 477.4925
221.1566 477.505
221.167 477.5005
221.1445 477.4995
221.1605 477.5116
221.1322 477.4663
221.1738 477.4644
221.1745 477.4592
221.2305 477.4393
221.1354 477.4766
221.1683 477.489
221.1634 477.5148
221.1989 477.4854
221.126 477.4713
221.1693 477.4909
221.1888 477.4893
221.1289 477.4573
221.1741 477.4606
221.2568 477.444
221.2448 477.4285
221.2298 477.4126
221.2441 477.4528
221.2484 477.4538
221.2529 477.4547
221.279 477.432
221.2712 477.4494
221.2747 477.4925
221.2946 477.464
221.2705 477.4717
221.3366 477.4745
221.349 477.5187
221.36 477.4886
221.4346 477.4974
221.4411 477.4736
221.4216 477.4793
221.4199 477.5166
221.3978 477.4613
221.4554 477.4868
221.4762 477.4494
221.5309 477.4575
221.5264 477.4435
221.5632 477.4767
221.6055 477.4185
221.543 477.4546
221.5661 477.5065
221.5423 477.4754
221.5345 477.4482
221.6107 477.4751
221.5977 477.4339
221.6051 477.4487
221.6657 477.4709
221.6589 477.4679
221.6123 477.489
221.5759 477.4294
221.6598 477.4901
221.6045 477.4754
221.6602 477.4933
221.6702 477.4954
221.6396 477.4743
221.6621 477.4627
221.6683 477.4683
221.7103 477.506
221.7005 477.4464
221.6803 477.5155
221.6771 477.4828
221.6908 477.4941
221.6136 477.5038
221.6846 477.4782
221.6741 477.4741
221.7038 477.4535
221.6823 477.4684
221.7601 477.481
221.7148 477.5002
221.7327 477.4958
221.679 477.4751
221.6937 477.5148
221.7282 477.5085
221.6976 477.5244
221.6979 477.5313
221.7344 477.5032
221.7025 477.4982
221.5876 477.4985
221.6953 477.4829
221.6706 477.4845
221.6504 477.4915
221.6396 477.4967
221.5954 477.558
221.6081 477.5218
221.5674 477.4995
221.5247 477.5471
221.4899 477.5213
221.5384 477.5421
221.4583 477.5067
221.4075 477.5924
221.4479 477.5342
221.4479 477.4779
221.3665 477.5278
221.4378 477.549
221.3682 477.5435
221.3304 477.5597
221.3148 477.5859
221.3496 477.5521
221.3577 477.5513
221.2695 477.5446
221.2673 477.561
221.2044 477.5428
221.1478 477.5063
221.1497 477.5439
221.1914 477.5399
221.1143 477.5452
221.0996 477.5384
221.1341 477.5225
221.0977 477.5331
221.0137 477.5239
221.002 477.5439
220.9307 477.5742
220.9222 477.5334
220.9642 477.5298
220.918 477.5334
220.89 477.5469
220.8896 477.5441
220.7773 477.5042
220.7705 477.5187
220.8105 477.5402
220.7643 477.5332
220.777 477.4923
220.7777 477.487
220.8021 477.5509
220.7484 477.4842
220.7402 477.4868
220.6859 477.5059
220.722 477.4836
220.7347 477.4823
220.807 477.4933
220.7191 477.4608
220.6868 477.471
220.7021 477.4565
220.6901 477.451
220.7428 477.4645
220.7135 477.464
220.7406 477.4207
220.7298 477.41
220.7048 477.4419
220.7467 477.4164
220.7725 477.3853
220.8161 477.3872
220.8275 477.3794
220.7884 477.412
220.8796 477.4061
220.7832 477.431
220.8353 477.4051
220.8616 477.407
220.9241 477.4336
220.8499 477.4072
220.8691 477.4124
220.9082 477.4277
220.9574 477.394
221.0055 477.4168
221.026 477.4367
221.0055 477.4185
221.0212 477.4138
221.0827 477.425
221.068 477.3939
221.1094 477.3931
221.1484 477.3994
221.0801 477.4225
221.155 477.3926
221.1735 477.3275
221.1992 477.3677
221.2155 477.3657
221.1348 477.3708
221.2188 477.3651
221.2484 477.3462
221.3047 477.3499
221.2051 477.3685
221.3307 477.3656
221.3161 477.386
