1920 480
1901.234 458.5897
1901.224 458.5887
1901.232 458.5968
1901.213 458.6196
1901.219 458.6094
1901.218 458.6185
1901.192 458.6193
1901.26 458.6115
1901.224 458.6073
1901.291 458.61
1901.309 458.6037
1901.31 458.6209
1901.296 458.6206
1901.312 458.6364
1901.146 458.6486
1901.153 458.6457
1901.052 458.6716
1901.238 458.6328
1901.186 458.6432
1901.211 458.6405
1901.133 458.627
1901.089 458.6414
1901.122 458.6317
1901.142 458.625
1901.124 458.6385
1901.141 458.6291
1901.104 458.6592
1901.133 458.6421
1901.082 458.6525
1901.12 458.6345
1901.098 458.63
1901.139 458.6037
1901.132 458.6035
1901.144 458.6081
1901.158 458.6136
1901.185 458.6095
1901.2 458.609
1901.219 458.6076
1901.231 458.6007
1901.229 458.5999
1901.238 458.5942
1901.234 458.5926
1901.248 458.5926
1901.26 458.589
1901.272 458.5876
1901.282 458.5861
1901.274 458.5874
1901.267 458.5918
1901.256 458.5983
1901.248 458.6024
1901.235 458.6113
1901.245 458.6136
1901.253 458.6136
1901.267 458.6182
1901.281 458.623
1901.288 458.6302
1901.273 458.6353
1901.27 458.6354
1901.282 458.6338
1901.301 458.6291
1901.306 458.6323
1901.322 458.6289
1901.323 458.6287
1901.314 458.6302
1901.298 458.6356
1901.288 458.6351
1901.278 458.6333
1901.268 458.6325
1901.256 458.6234
1901.239 458.6268
1901.219 458.6268
1901.204 458.6187
1901.186 458.6156
1901.191 458.6123
1901.18 458.6063
1901.175 458.5994
1901.138 458.5991
1901.121 458.5981
1901.12 458.5988
1901.117 458.6029
1901.097 458.6151
1901.082 458.6144
1901.099 458.6125
1901.111 458.6126
1901.124 458.6149
1901.115 458.6149
1901.143 458.6105
1901.163 458.6069
1901.177 458.6045
1901.165 458.6092
1901.141 458.6115
1901.161 458.6078
1901.166 458.6159
1901.167 458.6239
1901.177 458.6245
1901.199 458.6282
1901.214 458.6286
1901.216 458.6227
1901.232 458.6178
1901.238 458.6226
1901.245 458.625
1901.257 458.624
1901.252 458.6206
1901.23 458.6226
1901.246 458.6095
1901.242 458.6087
1901.257 458.6007
1901.249 458.6035
1901.242 458.6022
1901.236 458.5938
1901.217 458.589
1901.213 458.5895
1901.192 458.5939
1901.197 458.5978
1901.22 458.596
1901.225 458.6068
1901.22 458.6066
1901.247 458.5944
1901.25 458.6007
1901.235 458.6012
1901.247 458.5999
1901.261 458.5989
1901.285 458.6001
1901.279 458.5998
1901.255 458.6058
1901.232 458.6154
1901.231 458.6102
1901.245 458.6082
1901.261 458.606
1901.287 458.597
1901.303 458.5936
1901.298 458.5968
1901.276 458.6022
1901.278 458.596
1901.285 458.5921
1901.285 458.5946
1901.283 458.5906
1901.267 458.5894
1901.261 458.5918
1901.252 458.5895
1901.257 458.5827
1901.243 458.5833
1901.229 458.5828
1901.223 458.5802
1901.209 458.5797
1901.215 458.5723
1901.225 458.571
1901.227 458.5684
1901.193 458.5764
1901.167 458.5851
1901.135 458.5871
1901.109 458.588
1901.085 458.5915
1901.077 458.5956
1901.071 458.5931
1901.065 458.5894
1901.062 458.5892
1901.059 458.5901
1901.063 458.5806
1901.062 458.5783
1901.063 458.5819
1901.065 458.5825
1901.067 458.5856
1901.062 458.5843
1901.059 458.5845
1901.076 458.5773
1901.085 458.5786
1901.094 458.5773
1901.115 458.5775
1901.134 458.5833
1901.149 458.5835
1901.131 458.5856
1901.13 458.5843
1901.128 458.5882
1901.132 458.5869
1901.148 458.5901
1901.148 458.5906
1901.162 458.5791
1901.163 458.5822
1901.156 458.5837
1901.141 458.5843
1901.147 458.5885
1901.167 458.5879
1901.185 458.5832
1901.204 458.5778
1901.222 458.5789
1901.205 458.5794
1901.199 458.5731
1901.213 458.5747
1901.225 458.5728
1901.229 458.571
1901.227 458.5684
1901.232 458.5679
1901.248 458.5659
1901.245 458.5625
1901.24 458.5625
1901.236 458.5661
1901.234 458.5641
1901.227 458.5654
1901.23 458.5687
1901.218 458.5714
1901.219 458.5687
1901.227 458.5667
1901.239 458.5613
1901.24 458.5605
1901.234 458.5597
1901.223 458.5591
1901.214 458.5583
1901.206 458.5555
1901.182 458.561
1901.176 458.5677
1901.156 458.5721
1901.165 458.5658
1901.167 458.5633
1901.165 458.5672
1901.162 458.5661
1901.167 458.5583
1901.155 458.558
1901.165 458.5501
1901.186 458.5453
1901.215 458.5431
1901.218 458.5461
1901.225 458.5414
1901.254 458.5314
1901.281 458.5325
1901.281 458.5403
1901.28 458.5436
1901.265 458.5529
1901.255 458.5601
1901.24 458.5661
1901.241 458.5734
1901.227 458.5794
1901.223 458.5799
1901.211 458.5778
1901.219 458.5741
1901.249 458.564
1901.259 458.569
1901.274 458.5664
1901.295 458.5612
1901.304 458.5641
1901.288 458.5693
1901.274 458.5708
1901.26 458.5666
1901.253 458.5648
1901.246 458.568
1901.251 458.571
1901.252 458.5687
1901.229 458.5729
1901.225 458.5734
1901.225 458.5791
1901.219 458.585
1901.228 458.5866
1901.222 458.5835
1901.195 458.5946
1901.195 458.5905
1901.201 458.5851
1901.189 458.5913
1901.19 458.5903
1901.197 458.5864
1901.197 458.5894
1901.204 458.588
1901.207 458.5898
1901.203 458.5946
1901.177 458.6022
1901.17 458.6045
1901.147 458.6025
1901.13 458.6058
1901.129 458.6055
1901.138 458.6107
1901.124 458.6094
1901.124 458.6042
1901.112 458.5978
1901.119 458.592
1901.115 458.5973
1901.106 458.5999
1901.123 458.5963
1901.147 458.5928
1901.172 458.5793
1901.182 458.5701
1901.192 458.567
1901.202 458.5666
1901.208 458.5667
1901.217 458.562
1901.241 458.5641
1901.252 458.5628
1901.246 458.5645
1901.249 458.563
1901.255 458.5636
1901.252 458.5705
1901.255 458.5757
1901.251 458.5799
1901.229 458.5851
1901.211 458.5864
1901.199 458.5797
1901.193 458.5809
1901.173 458.5804
1901.154 458.5825
1901.147 458.5825
1901.141 458.5853
1920 480
1901.234 458.5897
1901.224 458.5887
1901.232 458.5968
1901.213 458.6196
1901.219 458.6094
1901.218 458.6185
1901.192 458.6193
1901.26 458.6115
1901.224 458.6073
1901.291 458.61
1901.309 458.6037
1901.31 458.6209
1901.296 458.6206
1901.312 458.6364
1901.146 458.6486
1901.153 458.6457
1901.052 458.6716
1901.238 458.6328
1901.186 458.6432
1901.211 458.6405
1901.133 458.627
1901.089 458.6414
1901.122 458.6317
1901.142 458.625
1901.124 458.6385
1901.141 458.6291
1901.104 458.6592
1901.133 458.6421
1901.082 458.6525
1901.12 458.6345
1901.098 458.63
1901.139 458.6037
1901.132 458.6035
1901.144 458.6081
1901.158 458.6136
1901.185 458.6095
1901.2 458.609
1901.219 458.6076
1901.231 458.6007
1901.229 458.5999
1901.238 458.5942
1901.234 458.5926
1901.248 458.5926
1901.26 458.589
1901.272 458.5876
1901.282 458.5861
1901.274 458.5874
1901.267 458.5918
1901.256 458.5983
1901.248 458.6024
1901.235 458.6113
1901.245 458.6136
1901.253 458.6136
1901.267 458.6182
1901.281 458.623
1901.288 458.6302
1901.273 458.6353
1901.27 458.6354
1901.282 458.6338
1901.301 458.6291
1901.306 458.6323
1901.322 458.6289
1901.323 458.6287
1901.314 458.6302
1901.298 458.6356
1901.288 458.6351
1901.278 458.6333
1901.268 458.6325
1901.256 458.6234
1901.239 458.6268
1901.219 458.6268
1901.204 458.6187
1901.186 458.6156
1901.191 458.6123
1901.18 458.6063
1901.175 458.5994
1901.138 458.5991
1901.121 458.5981
1901.12 458.5988
1901.117 458.6029
1901.097 458.6151
1901.082 458.6144
1901.099 458.6125
1901.111 458.6126
1901.124 458.6149
1901.115 458.6149
1901.143 458.6105
1901.163 458.6069
1901.177 458.6045
1901.165 458.6092
1901.141 458.6115
1901.161 458.6078
1901.166 458.6159
1901.167 458.6239
1901.177 458.6245
1901.199 458.6282
1901.214 458.6286
1901.216 458.6227
1901.232 458.6178
1901.238 458.6226
1901.245 458.625
1901.257 458.624
1901.252 458.6206
1901.23 458.6226
1901.246 458.6095
1901.242 458.6087
1901.257 458.6007
1901.249 458.6035
1901.242 458.6022
1901.236 458.5938
1901.217 458.589
1901.213 458.5895
1901.192 458.5939
1901.197 458.5978
1901.22 458.596
1901.225 458.6068
1901.22 458.6066
1901.247 458.5944
1901.25 458.6007
1901.235 458.6012
1901.247 458.5999
1901.261 458.5989
1901.285 458.6001
1901.279 458.5998
1901.255 458.6058
1901.232 458.6154
1901.231 458.6102
1901.245 458.6082
1901.261 458.606
1901.287 458.597
1901.303 458.5936
1901.298 458.5968
1901.276 458.6022
1901.278 458.596
1901.285 458.5921
1901.285 458.5946
1901.283 458.5906
1901.267 458.5894
1901.261 458.5918
1901.252 458.5895
1901.257 458.5827
1901.243 458.5833
1901.229 458.5828
1901.223 458.5802
1901.209 458.5797
1901.215 458.5723
1901.225 458.571
1901.227 458.5684
1901.193 458.5764
1901.167 458.5851
1901.135 458.5871
1901.109 458.588
1901.085 458.5915
1901.077 458.5956
1901.071 458.5931
1901.065 458.5894
1901.062 458.5892
1901.059 458.5901
1901.063 458.5806
1901.062 458.5783
1901.063 458.5819
1901.065 458.5825
1901.067 458.5856
1901.062 458.5843
1901.059 458.5845
1901.076 458.5773
1901.085 458.5786
1901.094 458.5773
1901.115 458.5775
1901.134 458.5833
1901.149 458.5835
1901.131 458.5856
1901.13 458.5843
1901.128 458.5882
1901.132 458.5869
1901.148 458.5901
1901.148 458.5906
1901.162 458.5791
1901.163 458.5822
1901.156 458.5837
1901.141 458.5843
1901.147 458.5885
1901.167 458.5879
1901.185 458.5832
1901.204 458.5778
1901.222 458.5789
1901.205 458.5794
1901.199 458.5731
1901.213 458.5747
1901.225 458.5728
1901.229 458.571
1901.227 458.5684
1901.232 458.5679
1901.248 458.5659
1901.245 458.5625
1901.24 458.5625
1901.236 458.5661
1901.234 458.5641
1901.227 458.5654
1901.23 458.5687
1901.218 458.5714
1901.219 458.5687
1901.227 458.5667
1901.239 458.5613
1901.24 458.5605
1901.234 458.5597
1901.223 458.5591
1901.214 458.5583
1901.206 458.5555
1901.182 458.561
1901.176 458.5677
1901.156 458.5721
1901.165 458.5658
1901.167 458.5633
1901.165 458.5672
1901.162 458.5661
1901.167 458.5583
1901.155 458.558
1901.165 458.5501
1901.186 458.5453
1901.215 458.5431
1901.218 458.5461
1901.225 458.5414
1901.254 458.5314
1901.281 458.5325
1901.281 458.5403
1901.28 458.5436
1901.265 458.5529
1901.255 458.5601
1901.24 458.5661
1901.241 458.5734
1901.227 458.5794
1901.223 458.5799
1901.211 458.5778
1901.219 458.5741
1901.249 458.564
1901.259 458.569
1901.274 458.5664
1901.295 458.5612
1901.304 458.5641
1901.288 458.5693
1901.274 458.5708
1901.26 458.5666
1901.253 458.5648
1901.246 458.568
1901.251 458.571
1901.252 458.5687
1901.229 458.5729
1901.225 458.5734
1901.225 458.5791
1901.219 458.585
1901.228 458.5866
1901.222 458.5835
1901.195 458.5946
1901.195 458.5905
1901.201 458.5851
1901.189 458.5913
1901.19 458.5903
1901.197 458.5864
1901.197 458.5894
1901.204 458.588
1901.207 458.5898
1901.203 458.5946
1901.177 458.6022
1901.17 458.6045
1901.147 458.6025
1901.13 458.6058
1901.129 458.6055
1901.138 458.6107
1901.124 458.6094
1901.124 458.6042
1901.112 458.5978
1901.119 458.592
1901.115 458.5973
1901.106 458.5999
1901.123 458.5963
1901.147 458.5928
1901.172 458.5793
1901.182 458.5701
1901.192 458.567
1901.202 458.5666
1901.208 458.5667
1901.217 458.562
1901.241 458.5641
1901.252 458.5628
1901.246 458.5645
1901.249 458.563
1901.255 458.5636
1901.252 458.5705
1901.255 458.5757
1901.251 458.5799
1901.229 458.5851
1901.211 458.5864
1901.199 458.5797
1901.193 458.5809
1901.173 458.5804
1901.154 458.5825
1901.147 458.5825
1901.141 458.5853
1901.14 458.5843
1901.137 458.5837
1901.137 458.5868
1901.142 458.5764
1901.138 458.5669
1901.143 458.5632
1901.135 458.5602
1901.129 458.5547
1901.116 458.557
1901.095 458.5566
1901.081 458.563
1901.085 458.5716
1901.087 458.5746
1901.069 458.5825
1901.077 458.5842
1901.098 458.5843
1901.099 458.5869
1901.089 458.589
1901.08 458.5921
1901.073 458.5915
1901.074 458.589
1901.087 458.5921
1901.092 458.5994
1901.097 458.6001
1901.1 458.5963
1901.097 458.5991
1901.098 458.6019
1901.088 458.611
1901.083 458.6224
1901.101 458.6157
1901.127 458.6151
1901.129 458.6164
1901.169 458.6135
1901.189 458.6131
1901.179 458.6199
1901.184 458.6198
1901.181 458.6185
1901.183 458.6218
1901.173 458.626
1901.164 458.6328
1901.177 458.632
1901.159 458.6406
1901.172 458.6405
1901.17 458.638
1901.167 458.6339
1901.16 458.6341
1901.177 458.6277
1901.16 458.6338
1901.151 458.6385
1901.155 458.64
1901.158 458.6395
1901.181 458.6367
1901.184 458.6302
1901.192 458.6182
1901.192 458.6159
1901.193 458.61
1901.208 458.6121
1901.202 458.6154
1901.208 458.6104
1901.212 458.6016
1901.206 458.6045
1901.174 458.6099
1901.17 458.6117
1901.165 458.6107
1901.162 458.6094
1901.16 458.614
1901.149 458.6178
1901.129 458.6089
1901.132 458.6004
1901.126 458.5911
1901.122 458.5822
1901.13 458.577
1901.12 458.5762
1901.112 458.5701
1901.095 458.5734
1901.084 458.5723
1901.09 458.5716
1901.098 458.5627
1901.084 458.5628
1901.086 458.5594
1901.086 458.5604
1901.095 458.5643
1901.103 458.5643
1901.137 458.5633
1901.146 458.5643
1901.171 458.5684
1901.158 458.5663
1901.162 458.5705
1901.169 458.5749
1901.183 458.57
1901.178 458.568
1901.185 458.5641
1901.182 458.5651
1901.182 458.5701
1901.178 458.5726
1901.16 458.5724
1901.157 458.577
1901.147 458.5854
1901.127 458.5871
1901.127 458.5931
1901.141 458.5941
1901.14 458.5949
1901.153 458.596
1901.168 458.6029
1901.183 458.6011
1901.167 458.6094
1901.179 458.6074
1901.167 458.613
1901.148 458.6092
1901.152 458.6032
1901.135 458.6071
1901.131 458.611
1901.137 458.6071
1901.119 458.6034
1901.104 458.5989
1901.103 458.5921
1901.1 458.592
1901.08 458.5965
1901.077 458.5897
1901.083 458.5921
1901.096 458.5916
1901.121 458.5817
1901.136 458.5793
1901.144 458.5775
1901.154 458.5746
1901.162 458.576
1901.184 458.5736
1901.206 458.5654
1901.205 458.5636
1901.204 458.5656
1901.168 458.577
1901.159 458.5799
1901.16 458.5817
1901.155 458.5842
1901.152 458.591
1901.161 458.5967
1901.153 458.6006
1901.159 458.6032
1901.148 458.6081
1901.174 458.598
1901.184 458.5988
1901.174 458.6073
1901.183 458.6094
1901.191 458.6012
1901.181 458.5998
1901.193 458.5973
1901.203 458.6086
1901.205 458.613
1901.198 458.6144
1901.186 458.6154
1901.181 458.6173
1901.18 458.6149
1901.181 458.6136
1901.176 458.61
1901.17 458.6084
1901.143 458.6144
1901.138 458.6138
1901.132 458.6042
1901.139 458.6118
1901.167 458.6086
1901.187 458.5994
1901.194 458.5967
1901.196 458.5946
1901.203 458.591
1901.179 458.6001
1901.158 458.6022
1901.173 458.5978
1901.164 458.5931
1901.16 458.5898
1901.146 458.5903
1901.138 458.592
1901.149 458.5887
1901.161 458.5871
1901.165 458.5863
1901.151 458.589
1901.154 458.5915
1901.177 458.5814
1901.182 458.5814
1901.162 458.5906
1901.162 458.5863
1901.164 458.5789
1901.166 458.5728
1901.165 458.5721
1901.157 458.5685
1901.147 458.5663
1901.129 458.5692
1901.113 458.5778
1901.096 458.5819
1901.09 458.5828
1901.087 458.582
1901.094 458.5793
1901.088 458.5778
1901.079 458.5664
1901.077 458.561
1901.071 458.557
1901.058 458.5568
1901.063 458.5607
1901.062 458.5601
1901.063 458.5589
1901.072 458.5591
1901.062 458.5602
1901.068 458.5602
1901.065 458.5633
1901.058 458.5645
1901.046 458.569
1901.057 458.5653
1901.063 458.5698
1901.058 458.5737
1901.083 458.562
1901.108 458.5544
1901.118 458.5554
1901.116 458.554
1901.124 458.5552
1901.113 458.5589
1901.115 458.5549
1901.111 458.5587
1901.117 458.5628
1901.108 458.5718
1901.095 458.578
1901.103 458.5822
1901.081 458.5859
1901.089 458.5744
1901.086 458.5684
1901.099 458.5706
1901.097 458.5688
1901.105 458.5718
1901.108 458.5753
1901.099 458.575
1901.098 458.5755
1901.112 458.5741
1901.135 458.5708
1901.128 458.5687
1901.122 458.5649
1901.128 458.5604
1901.116 458.5601
1901.109 458.5612
1901.106 458.5698
1901.089 458.577
1901.091 458.5746
1901.081 458.5785
1901.084 458.5771
1901.09 458.5728
1901.097 458.5789
1901.083 458.5885
1901.083 458.5806
1901.078 458.5815
1901.088 458.5887
1901.1 458.5956
1901.091 458.5973
1901.082 458.5965
1901.06 458.5906
1901.05 458.5926
1901.063 458.5977
1901.083 458.5954
1901.104 458.5921
1901.107 458.5897
1901.106 458.582
1901.078 458.5828
1901.071 458.5801
1901.073 458.5812
1901.087 458.5796
1901.089 458.5771
1901.106 458.5716
1901.112 458.5645
1901.123 458.5615
1901.136 458.5627
1901.141 458.5679
1901.155 458.5692
1901.159 458.5734
1901.144 458.5851
1901.158 458.5854
1901.157 458.5884
1901.158 458.5833
1901.17 458.5773
1901.168 458.5815
1901.144 458.5851
1901.129 458.5854
1901.115 458.5956
1901.103 458.5972
1901.101 458.5946
1901.116 458.5942
1901.105 458.5986
1901.127 458.5973
1901.143 458.5946
1901.138 458.5965
1901.131 458.6014
1901.134 458.6035
1901.13 458.6097
1901.123 458.611
1901.119 458.6066
1901.112 458.6058
1901.108 458.6076
1901.106 458.5952
1901.116 458.5941
1901.112 458.59
1901.121 458.584
1901.131 458.5797
1901.129 458.5838
1901.14 458.5824
1901.158 458.5757
1901.14 458.5843
1901.137 458.5837
1901.137 458.5868
1901.142 458.5764
1901.138 458.5669
1901.143 458.5632
1901.135 458.5602
1901.129 458.5547
1901.116 458.557
1901.095 458.5566
1901.081 458.563
1901.085 458.5716
1901.087 458.5746
1901.069 458.5825
1901.077 458.5842
1901.098 458.5843
1901.099 458.5869
1901.089 458.589
1901.08 458.5921
1901.073 458.5915
1901.074 458.589
1901.087 458.5921
1901.092 458.5994
1901.097 458.6001
1901.1 458.5963
1901.097 458.5991
1901.098 458.6019
1901.088 458.611
1901.083 458.6224
1901.101 458.6157
1901.127 458.6151
1901.129 458.6164
1901.169 458.6135
1901.189 458.6131
1901.179 458.6199
1901.184 458.6198
1901.181 458.6185
1901.183 458.6218
1901.173 458.626
1901.164 458.6328
1901.177 458.632
1901.159 458.6406
1901.172 458.6405
1901.17 458.638
1901.167 458.6339
1901.16 458.6341
1901.177 458.6277
1901.16 458.6338
1901.151 458.6385
1901.155 458.64
1901.158 458.6395
1901.181 458.6367
1901.184 458.6302
1901.192 458.6182
1901.192 458.6159
1901.193 458.61
1901.208 458.6121
1901.202 458.6154
1901.208 458.6104
1901.212 458.6016
1901.206 458.6045
1901.174 458.6099
1901.17 458.6117
1901.165 458.6107
1901.162 458.6094
1901.16 458.614
1901.149 458.6178
1901.129 458.6089
1901.132 458.6004
1901.126 458.5911
1901.122 458.5822
1901.13 458.577
1901.12 458.5762
1901.112 458.5701
1901.095 458.5734
1901.084 458.5723
1901.09 458.5716
1901.098 458.5627
1901.084 458.5628
1901.086 458.5594
1901.086 458.5604
1901.095 458.5643
1901.103 458.5643
1901.137 458.5633
1901.146 458.5643
1901.171 458.5684
1901.158 458.5663
1901.162 458.5705
1901.169 458.5749
1901.183 458.57
1901.178 458.568
1901.185 458.5641
1901.182 458.5651
1901.182 458.5701
1901.178 458.5726
1901.16 458.5724
1901.157 458.577
1901.147 458.5854
1901.127 458.5871
1901.127 458.5931
1901.141 458.5941
1901.14 458.5949
1901.153 458.596
1901.168 458.6029
1901.183 458.6011
1901.167 458.6094
1901.179 458.6074
1901.167 458.613
1901.148 458.6092
1901.152 458.6032
1901.135 458.6071
1901.131 458.611
1901.137 458.6071
1901.119 458.6034
1901.104 458.5989
1901.103 458.5921
1901.1 458.592
1901.08 458.5965
1901.077 458.5897
1901.083 458.5921
1901.096 458.5916
1901.121 458.5817
1901.136 458.5793
1901.144 458.5775
1901.154 458.5746
1901.162 458.576
1901.184 458.5736
1901.206 458.5654
1901.205 458.5636
1901.204 458.5656
1901.168 458.577
1901.159 458.5799
1901.16 458.5817
1901.155 458.5842
1901.152 458.591
1901.161 458.5967
1901.153 458.6006
1901.159 458.6032
1901.148 458.6081
1901.174 458.598
1901.184 458.5988
1901.174 458.6073
1901.183 458.6094
1901.191 458.6012
1901.181 458.5998
1901.193 458.5973
1901.203 458.6086
1901.205 458.613
1901.198 458.6144
1901.186 458.6154
1901.181 458.6173
1901.18 458.6149
1901.181 458.6136
1901.176 458.61
1901.17 458.6084
1901.143 458.6144
1901.138 458.6138
1901.132 458.6042
1901.139 458.6118
1901.167 458.6086
1901.187 458.5994
1901.194 458.5967
1901.196 458.5946
1901.203 458.591
1901.179 458.6001
1901.158 458.6022
1901.173 458.5978
1901.164 458.5931
1901.16 458.5898
1901.146 458.5903
1901.138 458.592
1901.149 458.5887
1901.161 458.5871
1901.165 458.5863
1901.151 458.589
1901.154 458.5915
1901.177 458.5814
1901.182 458.5814
1901.162 458.5906
1901.162 458.5863
1901.164 458.5789
1901.166 458.5728
1901.165 458.5721
1901.157 458.5685
1901.147 458.5663
1901.129 458.5692
1901.113 458.5778
1901.096 458.5819
1901.09 458.5828
1901.087 458.582
1901.094 458.5793
1901.088 458.5778
1901.079 458.5664
1901.077 458.561
1901.071 458.557
1901.058 458.5568
1901.063 458.5607
1901.062 458.5601
1901.063 458.5589
1901.072 458.5591
1901.062 458.5602
1901.068 458.5602
1901.065 458.5633
1901.058 458.5645
1901.046 458.569
1901.057 458.5653
1901.063 458.5698
1901.058 458.5737
1901.083 458.562
1901.108 458.5544
1901.118 458.5554
1901.116 458.554
1901.124 458.5552
1901.113 458.5589
1901.115 458.5549
1901.111 458.5587
1901.117 458.5628
1901.108 458.5718
1901.095 458.578
1901.103 458.5822
1901.081 458.5859
1901.089 458.5744
1901.086 458.5684
1901.099 458.5706
1901.097 458.5688
1901.105 458.5718
1901.108 458.5753
1901.099 458.575
1901.098 458.5755
1901.112 458.5741
1901.135 458.5708
1901.128 458.5687
1901.122 458.5649
1901.128 458.5604
1901.116 458.5601
1901.109 458.5612
1901.106 458.5698
1901.089 458.577
1901.091 458.5746
1901.081 458.5785
1901.084 458.5771
1901.09 458.5728
1901.097 458.5789
1901.083 458.5885
1901.083 458.5806
1901.078 458.5815
1901.088 458.5887
1901.1 458.5956
1901.091 458.5973
1901.082 458.5965
1901.06 458.5906
1901.05 458.5926
1901.063 458.5977
1901.083 458.5954
1901.104 458.5921
1901.107 458.5897
1901.106 458.582
1901.078 458.5828
1901.071 458.5801
1901.073 458.5812
1901.087 458.5796
1901.089 458.5771
1901.106 458.5716
1901.112 458.5645
1901.123 458.5615
1901.136 458.5627
1901.141 458.5679
1901.155 458.5692
1901.159 458.5734
1901.144 458.5851
1901.158 458.5854
1901.157 458.5884
1901.158 458.5833
1901.17 458.5773
1901.168 458.5815
1901.144 458.5851
1901.129 458.5854
1901.115 458.5956
1901.103 458.5972
1901.101 458.5946
1901.116 458.5942
1901.105 458.5986
1901.127 458.5973
1901.143 458.5946
1901.138 458.5965
1901.131 458.6014
1901.134 458.6035
1901.13 458.6097
1901.123 458.611
1901.119 458.6066
1901.112 458.6058
1901.108 458.6076
1901.106 458.5952
1901.116 458.5941
1901.112 458.59
1901.121 458.584
1901.131 458.5797
1901.129 458.5838
1901.14 458.5824
1901.158 458.5757
1901.14 458.5817
1901.113 458.5811
1901.103 458.5822
1901.109 458.5788
1901.102 458.5809
1901.082 458.5903
1901.076 458.5916
1901.079 458.589
1901.078 458.5811
1901.097 458.5814
1901.098 458.5812
1901.093 458.5783
1901.087 458.5658
1901.072 458.562
1901.09 458.558
1901.101 458.5562
1901.1 458.5576
1901.091 458.5615
1901.105 458.5587
1901.118 458.554
1901.132 458.5464
1901.134 458.5425
1901.14 458.5417
1901.159 458.5358
1901.194 458.5342
1901.197 458.5345
1901.21 458.5373
1901.206 458.5387
1901.202 458.534
1901.217 458.5275
1901.221 458.5226
1901.217 458.5208
1901.225 458.5176
1901.23 458.5094
1901.24 458.5021
1901.248 458.5
1901.252 458.5008
1901.259 458.4951
1901.261 458.4894
1901.249 458.4911
1901.26 458.4923
1901.266 458.4964
1901.239 458.5032
1901.228 458.5015
1901.23 458.507
1901.22 458.5072
1901.198 458.511
1901.19 458.5075
1901.197 458.5057
1901.196 458.505
1901.173 458.5042
1901.149 458.511
1901.142 458.5112
1901.148 458.5062
1901.149 458.5107
1901.16 458.508
1901.137 458.5142
1901.131 458.5171
1901.123 458.5208
1901.112 458.5283
1901.114 458.5378
1901.13 458.5402
1901.124 458.5459
1901.143 458.5459
1901.179 458.5467
1901.199 458.5415
1901.222 458.5322
1901.219 458.5403
1901.21 458.5443
1901.201 458.5433
1901.21 458.5433
1901.205 458.5514
1901.198 458.5504
1901.212 458.55
1901.209 458.5529
1901.212 458.5498
1901.203 458.5466
1901.185 458.5483
1901.195 458.5439
1901.189 458.5443
1901.168 458.5479
1901.167 458.5545
1901.17 458.5594
1901.17 458.5622
1901.157 458.5667
1901.156 458.5679
1901.161 458.5746
1901.163 458.5793
1901.16 458.5807
1901.151 458.5848
1901.159 458.5845
1901.173 458.5801
1901.175 458.5788
1901.175 458.5879
1901.182 458.5918
1901.184 458.5933
1901.187 458.5938
1901.176 458.5938
1901.138 458.5913
1901.138 458.5936
1901.13 458.5959
1901.138 458.5968
1901.151 458.5988
1901.145 458.5984
1901.166 458.5923
1901.18 458.5942
1901.169 458.5938
1901.166 458.5972
1901.168 458.6007
1901.176 458.5977
1901.146 458.6069
1901.153 458.6203
1901.164 458.6248
1901.173 458.6284
1901.165 458.6226
1901.179 458.6198
1901.183 458.6175
1901.171 458.6252
1901.187 458.6173
1901.199 458.6191
1901.193 458.61
1901.201 458.5993
1901.184 458.5965
1901.176 458.5895
1901.181 458.5776
1901.179 458.577
1901.174 458.5765
1901.172 458.5739
1901.188 458.569
1901.191 458.5679
1901.201 458.57
1901.204 458.5649
1901.173 458.5744
1901.165 458.575
1901.182 458.5701
1901.178 458.5658
1901.161 458.5645
1901.157 458.5628
1901.161 458.5535
1901.178 458.5471
1901.184 458.5352
1901.191 458.5371
1901.176 458.5299
1901.166 458.5262
1901.167 458.5304
1901.172 458.5283
1901.184 458.5179
1901.198 458.5099
1901.201 458.5041
1901.183 458.5104
1901.152 458.5218
1901.13 458.5347
1901.125 458.5397
1901.125 458.5339
1901.135 458.5316
1901.136 458.5241
1901.133 458.5319
1901.105 458.5414
1901.099 458.5438
1901.1 458.5457
1901.084 458.5479
1901.085 458.5488
1901.071 458.5469
1901.042 458.5462
1901.031 458.5596
1901.026 458.5592
1901.037 458.558
1901.028 458.5635
1901.042 458.5638
1901.058 458.5646
1901.075 458.557
1901.073 458.5466
1901.091 458.5371
1901.117 458.5306
1901.104 458.5283
1901.106 458.5211
1901.114 458.5213
1901.12 458.5272
1901.132 458.5283
1901.148 458.5299
1901.163 458.5282
1901.147 458.5348
1901.143 458.5264
1901.137 458.5226
1901.117 458.5181
1901.116 458.5117
1901.118 458.5093
1901.085 458.5205
1901.052 458.5285
1901.074 458.5285
1901.082 458.5337
1901.079 458.5353
1901.087 458.5269
1901.098 458.5216
1901.118 458.5124
1901.127 458.5194
1901.131 458.5158
1901.145 458.5145
1901.142 458.5202
1901.147 458.5156
1901.135 458.5195
1901.13 458.5215
1901.114 458.5282
1901.109 458.5218
1901.111 458.5204
1901.133 458.5117
1901.14 458.5142
1901.16 458.5117
1901.174 458.5168
1901.181 458.521
1901.192 458.5178
1901.196 458.5163
1901.196 458.5115
1901.196 458.5114
1901.182 458.5187
1901.182 458.5254
1901.176 458.532
1901.179 458.5394
1901.202 458.5345
1901.232 458.5374
1901.241 458.5348
1901.241 458.5405
1901.243 458.5324
1901.219 458.5233
1901.218 458.5256
1901.226 458.5252
1901.222 458.5259
1901.212 458.5204
1901.217 458.5169
1901.211 458.5228
1901.217 458.5199
1901.224 458.5233
1901.254 458.5164
1901.248 458.519
1901.239 458.5228
1901.217 458.5266
1901.211 458.5257
1901.206 458.5269
1901.19 458.5308
1901.184 458.5345
1901.188 458.536
1901.19 458.5368
1901.188 458.528
1901.188 458.5257
1901.206 458.5174
1901.213 458.5098
1901.18 458.5112
1901.162 458.5143
1901.19 458.5059
1901.18 458.5204
1901.181 458.5244
1901.185 458.5163
1901.192 458.5148
1901.151 458.5259
1901.15 458.5327
1901.13 458.5358
1901.126 458.5378
1901.133 458.5322
1901.138 458.5283
1901.144 458.5275
1901.125 458.5389
1901.137 458.5394
1901.135 458.5439
1901.105 458.5527
1901.095 458.556
1901.09 458.5617
1901.059 458.568
1901.052 458.567
1901.043 458.5721
1901.043 458.5653
1901.037 458.5594
1901.038 458.5566
1901.047 458.5506
1901.052 458.5443
1901.073 458.5415
1901.078 458.5399
1901.084 458.5446
1901.096 458.5408
1901.103 458.5378
1901.104 458.5273
1901.074 458.5236
1901.045 458.5246
1901.033 458.5229
1901.04 458.519
1901.034 458.5192
1901.016 458.5178
1901.019 458.5236
1901.008 458.5316
1901.031 458.5317
1901.04 458.5251
1901.053 458.5213
1901.069 458.5187
1901.097 458.5132
1901.123 458.5125
1901.151 458.5202
1901.146 458.5161
1901.146 458.5127
1901.145 458.5089
1901.162 458.5044
1901.172 458.4923
1901.14 458.5817
1901.113 458.5811
1901.103 458.5822
1901.109 458.5788
1901.102 458.5809
1901.082 458.5903
1901.076 458.5916
1901.079 458.589
1901.078 458.5811
1901.097 458.5814
1901.098 458.5812
1901.093 458.5783
1901.087 458.5658
1901.072 458.562
1901.09 458.558
1901.101 458.5562
1901.1 458.5576
1901.091 458.5615
1901.105 458.5587
1901.118 458.554
1901.132 458.5464
1901.134 458.5425
1901.14 458.5417
1901.159 458.5358
1901.194 458.5342
1901.197 458.5345
1901.21 458.5373
1901.206 458.5387
1901.202 458.534
1901.217 458.5275
1901.221 458.5226
1901.217 458.5208
1901.225 458.5176
1901.23 458.5094
1901.24 458.5021
1901.248 458.5
1901.252 458.5008
1901.259 458.4951
1901.261 458.4894
1901.249 458.4911
1901.26 458.4923
1901.266 458.4964
1901.239 458.5032
1901.228 458.5015
1901.23 458.507
1901.22 458.5072
1901.198 458.511
1901.19 458.5075
1901.197 458.5057
1901.196 458.505
1901.173 458.5042
1901.149 458.511
1901.142 458.5112
1901.148 458.5062
1901.149 458.5107
1901.16 458.508
1901.137 458.5142
1901.131 458.5171
1901.123 458.5208
1901.112 458.5283
1901.114 458.5378
1901.13 458.5402
1901.124 458.5459
1901.143 458.5459
1901.179 458.5467
1901.199 458.5415
1901.222 458.5322
1901.219 458.5403
1901.21 458.5443
1901.201 458.5433
1901.21 458.5433
1901.205 458.5514
1901.198 458.5504
1901.212 458.55
1901.209 458.5529
1901.212 458.5498
1901.203 458.5466
1901.185 458.5483
1901.195 458.5439
1901.189 458.5443
1901.168 458.5479
1901.167 458.5545
1901.17 458.5594
1901.17 458.5622
1901.157 458.5667
1901.156 458.5679
1901.161 458.5746
1901.163 458.5793
1901.16 458.5807
1901.151 458.5848
1901.159 458.5845
1901.173 458.5801
1901.175 458.5788
1901.175 458.5879
1901.182 458.5918
1901.184 458.5933
1901.187 458.5938
1901.176 458.5938
1901.138 458.5913
1901.138 458.5936
1901.13 458.5959
1901.138 458.5968
1901.151 458.5988
1901.145 458.5984
1901.166 458.5923
1901.18 458.5942
1901.169 458.5938
1901.166 458.5972
1901.168 458.6007
1901.176 458.5977
1901.146 458.6069
1901.153 458.6203
1901.164 458.6248
1901.173 458.6284
1901.165 458.6226
1901.179 458.6198
1901.183 458.6175
1901.171 458.6252
1901.187 458.6173
1901.199 458.6191
1901.193 458.61
1901.201 458.5993
1901.184 458.5965
1901.176 458.5895
1901.181 458.5776
1901.179 458.577
1901.174 458.5765
1901.172 458.5739
1901.188 458.569
1901.191 458.5679
1901.201 458.57
1901.204 458.5649
1901.173 458.5744
1901.165 458.575
1901.182 458.5701
1901.178 458.5658
1901.161 458.5645
1901.157 458.5628
1901.161 458.5535
1901.178 458.5471
1901.184 458.5352
1901.191 458.5371
1901.176 458.5299
1901.166 458.5262
1901.167 458.5304
1901.172 458.5283
1901.184 458.5179
1901.198 458.5099
1901.201 458.5041
1901.183 458.5104
1901.152 458.5218
1901.13 458.5347
1901.125 458.5397
1901.125 458.5339
1901.135 458.5316
1901.136 458.5241
1901.133 458.5319
1901.105 458.5414
1901.099 458.5438
1901.1 458.5457
1901.084 458.5479
1901.085 458.5488
1901.071 458.5469
1901.042 458.5462
1901.031 458.5596
1901.026 458.5592
1901.037 458.558
1901.028 458.5635
1901.042 458.5638
1901.058 458.5646
1901.075 458.557
1901.073 458.5466
1901.091 458.5371
1901.117 458.5306
1901.104 458.5283
1901.106 458.5211
1901.114 458.5213
1901.12 458.5272
1901.132 458.5283
1901.148 458.5299
1901.163 458.5282
1901.147 458.5348
1901.143 458.5264
1901.137 458.5226
1901.117 458.5181
1901.116 458.5117
1901.118 458.5093
1901.085 458.5205
1901.052 458.5285
1901.074 458.5285
1901.082 458.5337
1901.079 458.5353
1901.087 458.5269
1901.098 458.5216
1901.118 458.5124
1901.127 458.5194
1901.131 458.5158
1901.145 458.5145
1901.142 458.5202
1901.147 458.5156
1901.135 458.5195
1901.13 458.5215
1901.114 458.5282
1901.109 458.5218
1901.111 458.5204
1901.133 458.5117
1901.14 458.5142
1901.16 458.5117
1901.174 458.5168
1901.181 458.521
1901.192 458.5178
1901.196 458.5163
1901.196 458.5115
1901.196 458.5114
1901.182 458.5187
1901.182 458.5254
1901.176 458.532
1901.179 458.5394
1901.202 458.5345
1901.232 458.5374
1901.241 458.5348
1901.241 458.5405
1901.243 458.5324
1901.219 458.5233
1901.218 458.5256
1901.226 458.5252
1901.222 458.5259
1901.212 458.5204
1901.217 458.5169
1901.211 458.5228
1901.217 458.5199
1901.224 458.5233
1901.254 458.5164
1901.248 458.519
1901.239 458.5228
1901.217 458.5266
1901.211 458.5257
1901.206 458.5269
1901.19 458.5308
1901.184 458.5345
1901.188 458.536
1901.19 458.5368
1901.188 458.528
1901.188 458.5257
1901.206 458.5174
1901.213 458.5098
1901.18 458.5112
1901.162 458.5143
1901.19 458.5059
1901.18 458.5204
1901.181 458.5244
1901.185 458.5163
1901.192 458.5148
1901.151 458.5259
1901.15 458.5327
1901.13 458.5358
1901.126 458.5378
1901.133 458.5322
1901.138 458.5283
1901.144 458.5275
1901.125 458.5389
1901.137 458.5394
1901.135 458.5439
1901.105 458.5527
1901.095 458.556
1901.09 458.5617
1901.059 458.568
1901.052 458.567
1901.043 458.5721
1901.043 458.5653
1901.037 458.5594
1901.038 458.5566
1901.047 458.5506
1901.052 458.5443
1901.073 458.5415
1901.078 458.5399
1901.084 458.5446
1901.096 458.5408
1901.103 458.5378
1901.104 458.5273
1901.074 458.5236
1901.045 458.5246
1901.033 458.5229
1901.04 458.519
1901.034 458.5192
1901.016 458.5178
1901.019 458.5236
1901.008 458.5316
1901.031 458.5317
1901.04 458.5251
1901.053 458.5213
1901.069 458.5187
1901.097 458.5132
1901.123 458.5125
1901.151 458.5202
1901.146 458.5161
1901.146 458.5127
1901.145 458.5089
1901.162 458.5044
1901.172 458.4923
1901.168 458.4901
1901.147 458.4956
1901.147 458.4919
1901.153 458.4852
1901.166 458.4771
1901.163 458.4688
1901.176 458.4697
1901.193 458.4699
1901.198 458.4712
1901.218 458.4595
1901.24 458.4587
1901.235 458.4592
1901.236 458.4639
1901.241 458.4611
1901.22 458.4683
1901.206 458.4748
1901.208 458.4715
1901.184 458.4749
1901.181 458.4764
1901.195 458.4676
1901.182 458.4707
1901.182 458.4736
1901.191 458.4785
1901.184 458.4814
1901.172 458.488
1901.146 458.4963
1901.162 458.4968
1901.166 458.4966
1901.166 458.4961
1901.185 458.5002
1901.187 458.5088
1901.187 458.5098
1901.185 458.5178
1901.191 458.5221
1901.185 458.5309
1901.199 458.5345
1901.198 458.5342
1901.201 458.5378
1901.212 458.5386
1901.205 458.5446
1901.213 458.5407
1901.219 458.5382
1901.217 458.5431
1901.209 458.5492
1901.212 458.5448
1901.209 458.536
1901.189 458.5314
1901.167 458.5236
1901.148 458.5218
1901.139 458.5216
1901.143 458.5171
1901.158 458.5153
1901.165 458.5161
1901.162 458.5178
1901.147 458.5277
1901.137 458.5361
1901.128 458.5371
1901.149 458.529
1901.157 458.5278
1901.157 458.5293
1901.17 458.5221
1901.185 458.5178
1901.175 458.5137
1901.187 458.5052
1901.185 458.5065
1901.191 458.5046
1901.186 458.4974
1901.183 458.4969
1901.183 458.4995
1901.182 458.4963
1901.204 458.4297
1901.315 458.2855
1901.376 458.0399
1901.267 457.8732
1901.235 457.7909
1901.423 457.8506
1901.328 458.0493
1901.136 458.3608
1901.22 458.6239
1901.339 458.8278
1901.298 458.9816
1901.252 459.0415
1901.386 459.0796
1901.59 459.0607
1901.79 459.0146
1902.05 459.1706
1902.429 459.4056
1903.339 459.5492
1904.701 459.45
1905.715 459.4118
1905.861 459.486
1905.809 459.785
1905.937 460.1976
1906.202 460.979
1906.386 461.7453
1906.689 462.3797
1907.331 462.8123
1908.631 463.7794
1910.199 465.2594
1911.883 466.374
1912.766 467.5238
1912.499 468.6982
1911.529 470.0718
1911.198 471.6929
1912.437 473.4569
1915.594 475.5037
1919.846 477.3978
1924.975 479.0451
1929.972 480.4341
1935.08 481.8968
1940.391 483.6651
1946.531 486.0218
1953.448 488.8474
1962.391 492.0485
1971.364 494.7366
1980.773 497.0791
1990.436 499.3719
1999.891 501.7623
2009.271 504.4459
2019.247 507.6494
2029.266 510.9406
2038.479 513.9922
2048.578 517.0729
2059.889 519.7791
2070.799 521.5938
2082.419 522.9088
2093.618 523.8448
2104.129 524.7421
2114.723 525.7309
2126.045 526.8676
2137.715 528.0027
2150.184 529.0565
2161.828 529.7851
2173.116 530.1826
2183.394 530.2384
2193.335 530.1693
2203.332 529.7887
2214.753 528.7975
2225.943 527.3311
2237.178 525.6856
2247.885 524.0547
2258.078 522.4011
2267.276 520.7057
2275.336 518.9235
2284.571 516.4489
2293.488 513.7273
2303.417 510.582
2312.843 507.7099
2321.412 505.1677
2330.469 502.379
2339.159 499.4242
2347.461 496.1559
2355.716 492.4544
2362.891 488.9939
2369.147 486.0536
2375.328 483.1273
2381.355 480.2204
2387.298 477.2051
2393.245 473.8888
2397.933 470.9277
2401.776 468.2863
2404.658 466.0115
2406.875 463.9574
2408.448 462.1123
2409.615 460.2484
2410.198 458.7218
2410.386 457.4212
2410.197 456.3087
2409.655 455.5005
2408.69 454.9749
2407.307 454.7615
2405.386 454.7793
2403.918 454.8794
2401.657 455.0706
2399.239 455.314
2396.813 455.6885
2394.398 456.2803
2392.119 457.0433
2390.222 457.8136
2388.319 458.6177
2386.466 459.5003
2384.69 460.4678
2382.837 461.6046
2381.4 462.4966
2380.101 463.2585
2378.76 464.0046
2377.466 464.7816
2376.045 465.6195
2374.342 466.6209
2372.798 467.3833
2371.271 467.9597
2369.59 468.3197
2367.612 468.4969
2364.969 468.5732
2361.606 468.5785
2357.903 468.5418
2353.63 468.3462
2348.62 467.8779
2343.045 467.1488
2336.672 466.2635
2328.462 465.1834
2320.767 464.2713
2311.677 463.2533
2301.02 462.0321
2289.56 460.6159
2277.137 458.9426
2265.132 457.1631
2253.292 455.3438
2241.071 453.5519
2228.086 451.9321
2214.52 450.4009
2200.528 448.7953
2184.851 446.9201
2169.678 445.0422
2155.875 443.4656
2140.802 441.8745
2125.593 440.4528
2110.231 439.1468
2094.579 437.952
2079.65 436.8517
2065.073 435.8522
2049.38 434.845
2033.085 433.9547
2018.228 433.2144
2001.676 432.4694
1986.038 431.7648
1971.723 431.2113
1955.963 430.6937
1940.242 430.3311
1924.625 430.0972
1908.51 430.0988
1893.177 430.1823
1879.316 430.3368
1864.97 430.4661
1853.676 430.5783
1838.961 430.6913
1823.605 431.0254
1809.646 431.3407
1796.39 431.6714
1783.165 431.9453
1769.78 432.2485
1756.5 432.5293
1742.395 432.9556
1729.097 433.4131
1717.953 433.9137
1706.645 434.403
1695.154 434.8949
1683.681 435.2917
1671.727 435.7796
1660.195 436.2625
1649.493 436.751
1638.881 437.2088
1628.618 437.6527
1618.566 438.092
1607.959 438.6584
1598.042 439.2577
1589.121 439.9416
1580.638 440.6823
1572.42 441.5363
1564.902 442.3271
1557.789 443.1273
1551.604 443.771
1546.115 444.3631
1540.905 444.9387
1535.913 445.583
1531.854 446.0786
1528.257 446.5586
1525.387 447.0918
1523.436 447.6932
1521.774 448.3921
1520.449 449.1569
1519.615 449.918
1519.185 450.7669
1519.106 451.6406
1519.074 452.4712
1519.255 453.3542
1519.602 454.3018
1520.358 455.2366
1521.331 456.1826
1522.574 456.9785
1523.714 457.6688
1524.838 458.2126
1525.956 458.6849
1527.328 459.0796
1528.905 459.4753
1530.538 459.756
1532.201 459.968
1534.313 460.0913
1536.864 460.1306
1539.721 460.0872
1543.237 460.0225
1546.909 459.9624
1550.945 459.9033
1555.636 459.7495
1560.683 459.5057
1566.102 459.0905
1572.215 458.5776
1578.632 458.0436
1585.276 457.5583
1592.839 457.064
1901.168 458.4901
1901.147 458.4956
1901.147 458.4919
1901.153 458.4852
1901.166 458.4771
1901.163 458.4688
1901.176 458.4697
1901.193 458.4699
1901.198 458.4712
1901.218 458.4595
1901.24 458.4587
1901.235 458.4592
1901.236 458.4639
1901.241 458.4611
1901.22 458.4683
1901.206 458.4748
1901.208 458.4715
1901.184 458.4749
1901.181 458.4764
1901.195 458.4676
1901.182 458.4707
1901.182 458.4736
1901.191 458.4785
1901.184 458.4814
1901.172 458.488
1901.146 458.4963
1901.162 458.4968
1901.166 458.4966
1901.166 458.4961
1901.185 458.5002
1901.187 458.5088
1901.187 458.5098
1901.185 458.5178
1901.191 458.5221
1901.185 458.5309
1901.199 458.5345
1901.198 458.5342
1901.201 458.5378
1901.212 458.5386
1901.205 458.5446
1901.213 458.5407
1901.219 458.5382
1901.217 458.5431
1901.209 458.5492
1901.212 458.5448
1901.209 458.536
1901.189 458.5314
1901.167 458.5236
1901.148 458.5218
1901.139 458.5216
1901.143 458.5171
1901.158 458.5153
1901.165 458.5161
1901.162 458.5178
1901.147 458.5277
1901.137 458.5361
1901.128 458.5371
1901.149 458.529
1901.157 458.5278
1901.157 458.5293
1901.17 458.5221
1901.185 458.5178
1901.175 458.5137
1901.187 458.5052
1901.185 458.5065
1901.191 458.5046
1901.186 458.4974
1901.183 458.4969
1901.183 458.4995
1901.182 458.4963
1901.204 458.4297
1901.315 458.2855
1901.376 458.0399
1901.267 457.8732
1901.235 457.7909
1901.423 457.8506
1901.328 458.0493
1901.136 458.3608
1901.22 458.6239
1901.339 458.8278
1901.298 458.9816
1901.252 459.0415
1901.386 459.0796
1901.59 459.0607
1901.79 459.0146
1902.05 459.1706
1902.429 459.4056
1903.339 459.5492
1904.701 459.45
1905.715 459.4118
1905.861 459.486
1905.809 459.785
1905.937 460.1976
1906.202 460.979
1906.386 461.7453
1906.689 462.3797
1907.331 462.8123
1908.631 463.7794
1910.199 465.2594
1911.883 466.374
1912.766 467.5238
1912.499 468.6982
1911.529 470.0718
1911.198 471.6929
1912.437 473.4569
1915.594 475.5037
1919.846 477.3978
1924.975 479.0451
1929.972 480.4341
1935.08 481.8968
1940.391 483.6651
1946.531 486.0218
1953.448 488.8474
1962.391 492.0485
1971.364 494.7366
1980.773 497.0791
1990.436 499.3719
1999.891 501.7623
2009.271 504.4459
2019.247 507.6494
2029.266 510.9406
2038.479 513.9922
2048.578 517.0729
2059.889 519.7791
2070.799 521.5938
2082.419 522.9088
2093.618 523.8448
2104.129 524.7421
2114.723 525.7309
2126.045 526.8676
2137.715 528.0027
2150.184 529.0565
2161.828 529.7851
2173.116 530.1826
2183.394 530.2384
2193.335 530.1693
2203.332 529.7887
2214.753 528.7975
2225.943 527.3311
2237.178 525.6856
2247.885 524.0547
2258.078 522.4011
2267.276 520.7057
2275.336 518.9235
2284.571 516.4489
2293.488 513.7273
2303.417 510.582
2312.843 507.7099
2321.412 505.1677
2330.469 502.379
2339.159 499.4242
2347.461 496.1559
2355.716 492.4544
2362.891 488.9939
2369.147 486.0536
2375.328 483.1273
2381.355 480.2204
2387.298 477.2051
2393.245 473.8888
2397.933 470.9277
2401.776 468.2863
2404.658 466.0115
2406.875 463.9574
2408.448 462.1123
2409.615 460.2484
2410.198 458.7218
2410.386 457.4212
2410.197 456.3087
2409.655 455.5005
2408.69 454.9749
2407.307 454.7615
2405.386 454.7793
2403.918 454.8794
2401.657 455.0706
2399.239 455.314
2396.813 455.6885
2394.398 456.2803
2392.119 457.0433
2390.222 457.8136
2388.319 458.6177
2386.466 459.5003
2384.69 460.4678
2382.837 461.6046
2381.4 462.4966
2380.101 463.2585
2378.76 464.0046
2377.466 464.7816
2376.045 465.6195
2374.342 466.6209
2372.798 467.3833
2371.271 467.9597
2369.59 468.3197
2367.612 468.4969
2364.969 468.5732
2361.606 468.5785
2357.903 468.5418
2353.63 468.3462
2348.62 467.8779
2343.045 467.1488
2336.672 466.2635
2328.462 465.1834
2320.767 464.2713
2311.677 463.2533
2301.02 462.0321
2289.56 460.6159
2277.137 458.9426
2265.132 457.1631
2253.292 455.3438
2241.071 453.5519
2228.086 451.9321
2214.52 450.4009
2200.528 448.7953
2184.851 446.9201
2169.678 445.0422
2155.875 443.4656
2140.802 441.8745
2125.593 440.4528
2110.231 439.1468
2094.579 437.952
2079.65 436.8517
2065.073 435.8522
2049.38 434.845
2033.085 433.9547
2018.228 433.2144
2001.676 432.4694
1986.038 431.7648
1971.723 431.2113
1955.963 430.6937
1940.242 430.3311
1924.625 430.0972
1908.51 430.0988
1893.177 430.1823
1879.316 430.3368
1864.97 430.4661
1853.676 430.5783
1838.961 430.6913
1823.605 431.0254
1809.646 431.3407
1796.39 431.6714
1783.165 431.9453
1769.78 432.2485
1756.5 432.5293
1742.395 432.9556
1729.097 433.4131
1717.953 433.9137
1706.645 434.403
1695.154 434.8949
1683.681 435.2917
1671.727 435.7796
1660.195 436.2625
1649.493 436.751
1638.881 437.2088
1628.618 437.6527
1618.566 438.092
1607.959 438.6584
1598.042 439.2577
1589.121 439.9416
1580.638 440.6823
1572.42 441.5363
1564.902 442.3271
1557.789 443.1273
1551.604 443.771
1546.115 444.3631
1540.905 444.9387
1535.913 445.583
1531.854 446.0786
1528.257 446.5586
1525.387 447.0918
1523.436 447.6932
1521.774 448.3921
1520.449 449.1569
1519.615 449.918
1519.185 450.7669
1519.106 451.6406
1519.074 452.4712
1519.255 453.3542
1519.602 454.3018
1520.358 455.2366
1521.331 456.1826
1522.574 456.9785
1523.714 457.6688
1524.838 458.2126
1525.956 458.6849
1527.328 459.0796
1528.905 459.4753
1530.538 459.756
1532.201 459.968
1534.313 460.0913
1536.864 460.1306
1539.721 460.0872
1543.237 460.0225
1546.909 459.9624
1550.945 459.9033
1555.636 459.7495
1560.683 459.5057
1566.102 459.0905
1572.215 458.5776
1578.632 458.0436
1585.276 457.5583
1592.839 457.064
1601.086 456.6253
1609.495 456.2568
1619.05 455.9303
1628.461 455.6514
1637.517 455.4037
1646.963 455.109
1655.997 454.8
1665.303 454.4588
1674.705 454.2075
1683.878 454.1149
1692.485 454.1462
1701.534 454.196
1709.395 454.2061
1717.003 454.2091
1724.726 454.2611
1732.476 454.4707
1740.023 454.8057
1748.063 455.2555
1756.478 455.7448
1764.716 456.1922
1773.243 456.751
1781.978 457.4001
1790.424 457.9798
1799.609 458.5027
1809.063 459.0477
1818.608 459.8613
1829.033 460.9341
1838.25 461.9739
1847.266 462.9437
1856.951 463.9377
1867.208 465.0773
1877.49 466.4816
1887.998 468.1641
1897.37 469.8947
1905.217 471.3545
1912.89 472.7765
1920.319 474.0405
1927.603 475.3299
1935.179 476.7907
1941.824 478.2985
1947.793 479.7219
1952.665 481.0227
1957.393 482.21
1961.951 483.3131
1966.745 484.297
1970.581 484.9683
1973.888 485.51
1976.829 486.2077
1979.396 487.0743
1981.115 487.9744
1982.432 488.8161
1983.117 489.5654
1983.492 490.2379
1983.559 491.121
1983.369 492.2394
1982.686 493.6119
1981.627 494.9151
1980.096 496.0331
1978.639 496.7687
1977.184 497.3779
1976.057 497.8824
1974.907 498.5275
1973.646 499.3652
1971.92 500.3331
1969.915 501.1582
1967.498 501.8278
1964.917 502.2043
1962.495 502.3548
1959.878 502.3224
1957.233 502.2054
1954.456 501.9012
1951.406 501.3897
1947.994 500.5817
1944.258 499.5287
1940.233 498.1117
1936.434 496.6052
1933.606 495.2756
1929.427 493.2666
1924.648 490.9771
1919.507 488.6837
1914.342 486.4544
1909.094 484.2361
1904.063 482.0562
1898.871 479.8228
1893.484 477.5
1888 475.2023
1881.493 472.7012
1876.074 470.8361
1871.091 469.4292
1865.402 468.0601
1859.828 466.9081
1854.622 465.8633
1849.755 465.2293
1845.689 465.1361
1842.317 465.5918
1839.34 466.4845
1836.309 467.9393
1833.381 469.8984
1830.332 472.0596
1827.055 473.0135
1823.404 472.078
1820.617 469.8981
1819.487 467.9427
1819.844 466.4202
1821.104 465.5013
1822.308 465.5415
1822.811 465.9577
1823.081 466.2345
1823.254 466.1987
1823.508 465.7033
1823.793 464.8669
1824.085 463.8911
1824.737 462.9797
1825.327 461.7873
1825.64 460.61
1825.93 459.5155
1826.111 458.4512
1825.875 457.7467
1825.172 457.5107
1824.378 457.687
1823.965 458.126
1824.027 458.6208
1824.208 459.1994
1824.218 459.6755
1823.954 459.9663
1823.591 460.0361
1823.258 459.9806
1823.112 459.8765
1823.195 459.9054
1823.509 460.0902
1823.89 460.6735
1824.073 461.5767
1823.915 462.7217
1823.762 463.7542
1823.687 464.6001
1823.737 465.2101
1823.833 465.6123
1823.943 465.8817
1824.062 466.0939
1824.256 466.1797
1824.488 466.0753
1824.742 465.7034
1825.04 464.9613
1825.344 463.9137
1825.671 462.8382
1826.086 462.0294
1826.287 461.4562
1826.069 461.3521
1825.961 461.4626
1826.147 461.5435
1826.244 461.5432
1826.202 461.4548
1826.001 461.3722
1825.647 461.6188
1825.344 462.3607
1825.066 463.7931
1824.928 465.7086
1824.678 468.1421
1823.918 470.7819
1822.351 473.8104
1819.897 477.091
1817.509 480.3563
1816.129 483.1374
1816.077 485.1972
1817.215 486.9451
1819.452 488.387
1822.333 489.9225
1826.015 491.5052
1829.914 492.834
1833.75 494.2803
1837.99 496.4025
1843.747 497.5445
1849.696 499.6066
1855.203 501.6057
1859.061 502.9371
1862.476 503.9424
1866.879 504.841
1872.616 505.8971
1879.158 507.0143
1885.433 507.9344
1890.609 508.3741
1894.405 508.4197
1897.555 508.2397
1900.591 508.0058
1903.611 507.7812
1906.948 507.6647
1909.803 507.4797
1911.601 506.877
1912.482 505.3697
1912.647 502.8917
1912.508 500.0194
1912.477 496.2399
1912.659 492.006
1912.433 487.5537
1911.489 482.7315
1909.459 477.6719
1906.353 472.5957
1903.039 467.9124
1900.135 463.9619
1898.201 461.1885
1897.401 459.3817
1897.951 458.4807
1898.421 458.3307
1898.539 458.7305
1898.13 459.5359
1897.429 460.6517
1897.068 461.4579
1897.153 461.8602
1897.262 461.791
1897.334 461.3882
1897.559 460.7307
1897.765 460.167
1897.763 459.8234
1897.767 459.7982
1897.803 459.8599
1897.786 459.9937
1897.733 460.0889
1897.712 460.1066
1897.78 459.9727
1897.865 459.7031
1897.932 459.3433
1897.997 459.0288
1898.035 458.912
1898.037 459.0417
1898.002 459.2904
1897.964 459.5089
1897.967 459.6104
1897.987 459.5995
1898.008 459.4738
1898.006 459.3407
1898.052 459.2169
1898.107 459.1657
1898.135 459.152
1898.123 459.1689
1898.105 459.1541
1898.073 459.1567
1898.066 459.1616
1898.038 459.1862
1898.023 459.1875
1898.03 459.1997
1898.034 459.1963
1898.027 459.165
1898.055 459.0866
1898.108 458.9911
1898.117 458.9017
1898.15 458.834
1898.193 458.7549
1898.218 458.6766
1898.233 458.6458
1898.233 458.6613
1898.209 458.6883
1898.202 458.7414
1898.193 458.7909
1898.194 458.8312
1898.193 458.8426
1898.213 458.8631
1898.22 458.8817
1898.193 458.8939
1898.174 458.8752
1898.173 458.8312
1898.177 458.7572
1898.197 458.6908
1898.201 458.6268
1898.194 458.6126
1898.148 458.682
1898.165 458.7845
1898.159 458.8545
1898.101 458.8694
1898.066 458.8484
1898.111 458.8102
1898.123 458.7661
1898.138 458.7261
1898.14 458.6836
1898.122 458.6698
1898.123 458.679
1898.157 458.6777
1898.167 458.6187
1898.175 458.5182
1898.196 458.4725
1898.185 458.5096
1898.176 458.5876
1898.184 458.6807
1898.182 458.7385
1898.153 458.7428
1898.132 458.7161
1898.149 458.7036
1898.173 458.6971
1898.19 458.6916
1898.21 458.6763
1898.237 458.6501
1898.245 458.6268
1898.246 458.6214
1898.27 458.6305
1898.266 458.64
1898.207 458.6458
1898.237 458.6603
1898.24 458.6911
1898.208 458.6976
1898.206 458.6758
1898.195 458.6621
1601.086 456.6253
1609.495 456.2568
1619.05 455.9303
1628.461 455.6514
1637.517 455.4037
1646.963 455.109
1655.997 454.8
1665.303 454.4588
1674.705 454.2075
1683.878 454.1149
1692.485 454.1462
1701.534 454.196
1709.395 454.2061
1717.003 454.2091
1724.726 454.2611
1732.476 454.4707
1740.023 454.8057
1748.063 455.2555
1756.478 455.7448
1764.716 456.1922
1773.243 456.751
1781.978 457.4001
1790.424 457.9798
1799.609 458.5027
1809.063 459.0477
1818.608 459.8613
1829.033 460.9341
1838.25 461.9739
1847.266 462.9437
1856.951 463.9377
1867.208 465.0773
1877.49 466.4816
1887.998 468.1641
1897.37 469.8947
1905.217 471.3545
1912.89 472.7765
1920.319 474.0405
1927.603 475.3299
1935.179 476.7907
1941.824 478.2985
1947.793 479.7219
1952.665 481.0227
1957.393 482.21
1961.951 483.3131
1966.745 484.297
1970.581 484.9683
1973.888 485.51
1976.829 486.2077
1979.396 487.0743
1981.115 487.9744
1982.432 488.8161
1983.117 489.5654
1983.492 490.2379
1983.559 491.121
1983.369 492.2394
1982.686 493.6119
1981.627 494.9151
1980.096 496.0331
1978.639 496.7687
1977.184 497.3779
1976.057 497.8824
1974.907 498.5275
1973.646 499.3652
1971.92 500.3331
1969.915 501.1582
1967.498 501.8278
1964.917 502.2043
1962.495 502.3548
1959.878 502.3224
1957.233 502.2054
1954.456 501.9012
1951.406 501.3897
1947.994 500.5817
1944.258 499.5287
1940.233 498.1117
1936.434 496.6052
1933.606 495.2756
1929.427 493.2666
1924.648 490.9771
1919.507 488.6837
1914.342 486.4544
1909.094 484.2361
1904.063 482.0562
1898.871 479.8228
1893.484 477.5
1888 475.2023
1881.493 472.7012
1876.074 470.8361
1871.091 469.4292
1865.402 468.0601
1859.828 466.9081
1854.622 465.8633
1849.755 465.2293
1845.689 465.1361
1842.317 465.5918
1839.34 466.4845
1836.309 467.9393
1833.381 469.8984
1830.332 472.0596
1827.055 473.0135
1823.404 472.078
1820.617 469.8981
1819.487 467.9427
1819.844 466.4202
1821.104 465.5013
1822.308 465.5415
1822.811 465.9577
1823.081 466.2345
1823.254 466.1987
1823.508 465.7033
1823.793 464.8669
1824.085 463.8911
1824.737 462.9797
1825.327 461.7873
1825.64 460.61
1825.93 459.5155
1826.111 458.4512
1825.875 457.7467
1825.172 457.5107
1824.378 457.687
1823.965 458.126
1824.027 458.6208
1824.208 459.1994
1824.218 459.6755
1823.954 459.9663
1823.591 460.0361
1823.258 459.9806
1823.112 459.8765
1823.195 459.9054
1823.509 460.0902
1823.89 460.6735
1824.073 461.5767
1823.915 462.7217
1823.762 463.7542
1823.687 464.6001
1823.737 465.2101
1823.833 465.6123
1823.943 465.8817
1824.062 466.0939
1824.256 466.1797
1824.488 466.0753
1824.742 465.7034
1825.04 464.9613
1825.344 463.9137
1825.671 462.8382
1826.086 462.0294
1826.287 461.4562
1826.069 461.3521
1825.961 461.4626
1826.147 461.5435
1826.244 461.5432
1826.202 461.4548
1826.001 461.3722
1825.647 461.6188
1825.344 462.3607
1825.066 463.7931
1824.928 465.7086
1824.678 468.1421
1823.918 470.7819
1822.351 473.8104
1819.897 477.091
1817.509 480.3563
1816.129 483.1374
1816.077 485.1972
1817.215 486.9451
1819.452 488.387
1822.333 489.9225
1826.015 491.5052
1829.914 492.834
1833.75 494.2803
1837.99 496.4025
1843.747 497.5445
1849.696 499.6066
1855.203 501.6057
1859.061 502.9371
1862.476 503.9424
1866.879 504.841
1872.616 505.8971
1879.158 507.0143
1885.433 507.9344
1890.609 508.3741
1894.405 508.4197
1897.555 508.2397
1900.591 508.0058
1903.611 507.7812
1906.948 507.6647
1909.803 507.4797
1911.601 506.877
1912.482 505.3697
1912.647 502.8917
1912.508 500.0194
1912.477 496.2399
1912.659 492.006
1912.433 487.5537
1911.489 482.7315
1909.459 477.6719
1906.353 472.5957
1903.039 467.9124
1900.135 463.9619
1898.201 461.1885
1897.401 459.3817
1897.951 458.4807
1898.421 458.3307
1898.539 458.7305
1898.13 459.5359
1897.429 460.6517
1897.068 461.4579
1897.153 461.8602
1897.262 461.791
1897.334 461.3882
1897.559 460.7307
1897.765 460.167
1897.763 459.8234
1897.767 459.7982
1897.803 459.8599
1897.786 459.9937
1897.733 460.0889
1897.712 460.1066
1897.78 459.9727
1897.865 459.7031
1897.932 459.3433
1897.997 459.0288
1898.035 458.912
1898.037 459.0417
1898.002 459.2904
1897.964 459.5089
1897.967 459.6104
1897.987 459.5995
1898.008 459.4738
1898.006 459.3407
1898.052 459.2169
1898.107 459.1657
1898.135 459.152
1898.123 459.1689
1898.105 459.1541
1898.073 459.1567
1898.066 459.1616
1898.038 459.1862
1898.023 459.1875
1898.03 459.1997
1898.034 459.1963
1898.027 459.165
1898.055 459.0866
1898.108 458.9911
1898.117 458.9017
1898.15 458.834
1898.193 458.7549
1898.218 458.6766
1898.233 458.6458
1898.233 458.6613
1898.209 458.6883
1898.202 458.7414
1898.193 458.7909
1898.194 458.8312
1898.193 458.8426
1898.213 458.8631
1898.22 458.8817
1898.193 458.8939
1898.174 458.8752
1898.173 458.8312
1898.177 458.7572
1898.197 458.6908
1898.201 458.6268
1898.194 458.6126
1898.148 458.682
1898.165 458.7845
1898.159 458.8545
1898.101 458.8694
1898.066 458.8484
1898.111 458.8102
1898.123 458.7661
1898.138 458.7261
1898.14 458.6836
1898.122 458.6698
1898.123 458.679
1898.157 458.6777
1898.167 458.6187
1898.175 458.5182
1898.196 458.4725
1898.185 458.5096
1898.176 458.5876
1898.184 458.6807
1898.182 458.7385
1898.153 458.7428
1898.132 458.7161
1898.149 458.7036
1898.173 458.6971
1898.19 458.6916
1898.21 458.6763
1898.237 458.6501
1898.245 458.6268
1898.246 458.6214
1898.27 458.6305
1898.266 458.64
1898.207 458.6458
1898.237 458.6603
1898.24 458.6911
1898.208 458.6976
1898.206 458.6758
1898.195 458.6621
1898.203 458.6642
1898.211 458.6795
1898.226 458.6525
1898.223 458.6392
1898.23 458.6325
1898.246 458.647
1898.233 458.6511
1898.236 458.6564
1898.246 458.6673
1898.248 458.6738
1898.259 458.6698
1898.257 458.6689
1898.26 458.6548
1898.26 458.6567
1898.252 458.6517
1898.238 458.6489
1898.236 458.6375
1898.237 458.6356
1898.24 458.6289
1898.227 458.6374
1898.232 458.6483
1898.227 458.6608
1898.235 458.6646
1898.246 458.6537
1898.265 458.6385
1898.278 458.6377
1898.306 458.641
1898.317 458.646
1898.329 458.6359
1898.348 458.626
1898.344 458.6263
1898.318 458.6343
1898.326 458.6356
1898.319 458.646
1898.319 458.645
1898.329 458.6378
1898.327 458.6327
1898.321 458.6339
1898.325 458.6299
1898.343 458.632
1898.359 458.632
1898.362 458.6328
1898.37 458.6265
1898.376 458.6244
1898.373 458.612
1898.366 458.6162
1898.376 458.6167
1898.37 458.6235
1898.383 458.6194
1898.386 458.6226
1898.36 458.6266
1898.353 458.6304
1898.362 458.6276
1898.362 458.631
1898.337 458.6383
1898.315 458.6455
1898.29 458.6504
1898.271 458.6501
1898.28 458.6481
1898.265 458.6507
1898.257 458.6487
1898.257 458.6457
1898.265 458.6383
1898.287 458.6291
1898.301 458.614
1898.304 458.614
1898.268 458.6232
1898.287 458.618
1898.273 458.6261
1898.266 458.6331
1898.258 458.625
1898.266 458.6221
1898.269 458.6146
1898.261 458.6126
1898.248 458.606
1898.247 458.6104
1898.259 458.6057
1898.244 458.613
1898.242 458.6087
1898.232 458.6125
1898.235 458.6097
1898.24 458.6149
1898.26 458.6113
1898.258 458.6141
1898.256 458.6173
1898.252 458.6209
1898.228 458.6185
1898.228 458.6211
1898.232 458.619
1898.23 458.613
1898.246 458.6071
1898.259 458.6097
1898.26 458.6061
1898.256 458.6108
1898.265 458.6092
1898.284 458.6115
1898.264 458.6157
1898.253 458.6287
1898.233 458.6252
1898.232 458.6208
1898.225 458.6244
1898.209 458.6351
1898.216 458.6378
1898.244 458.6382
1898.271 458.6325
1898.282 458.6284
1898.29 458.6349
1898.311 458.6322
1898.303 458.6346
1898.312 458.6277
1898.304 458.6277
1898.28 458.6282
1898.256 458.6322
1898.266 458.6313
1898.28 458.6229
1898.299 458.6175
1898.294 458.6133
1898.284 458.6157
1898.292 458.6182
1898.305 458.6131
1898.289 458.6203
1898.248 458.631
1898.255 458.6323
1898.256 458.6343
1898.25 458.6317
1898.272 458.6291
1898.28 458.6274
1898.282 458.6359
1898.291 458.6351
1898.283 458.6313
1898.276 458.6289
1898.29 458.627
1898.307 458.6284
1898.319 458.6356
1898.325 458.6348
1898.306 458.6382
1898.305 458.6395
1898.326 458.6356
1898.328 458.6338
1898.325 458.638
1898.325 458.64
1898.328 458.6406
1898.358 458.6357
1898.361 458.6356
1898.354 458.6328
1898.348 458.6354
1898.359 458.6274
1898.347 458.6253
1898.36 458.6198
1898.356 458.6245
1898.359 458.6255
1898.358 458.6297
1898.357 458.6322
1898.362 458.6318
1898.382 458.6209
1898.378 458.623
1898.39 458.624
1898.406 458.6206
1898.39 458.6247
1898.39 458.6297
1898.379 458.6345
1898.385 458.6346
1898.367 458.6322
1898.39 458.6294
1898.359 458.6354
1898.334 458.6466
1898.326 458.6468
1898.324 458.6444
1898.301 458.6475
1898.281 458.6519
1898.269 458.6429
1898.262 458.64
1898.257 458.6411
1898.233 458.6429
1898.226 458.64
1898.219 458.6414
1898.215 458.6335
1898.218 458.6341
1898.222 458.6403
1898.241 458.6432
1898.283 458.6374
1898.315 458.6313
1898.3 458.6377
1898.314 458.6377
1898.323 458.6338
1898.314 458.64
1898.318 458.641
1898.328 458.6392
1898.334 458.6416
1898.343 458.6421
1898.369 458.6419
1898.384 458.6421
1898.394 458.6408
1898.424 458.6431
1898.438 458.6318
1898.442 458.6276
1898.455 458.6165
1898.444 458.6263
1898.419 458.6302
1898.41 458.6396
1898.437 458.6339
1898.449 458.6292
1898.44 458.6287
1898.46 458.6338
1898.465 458.6282
1898.472 458.6208
1898.473 458.6172
1898.489 458.6043
1898.5 458.5973
1898.493 458.5879
1898.498 458.5786
1898.493 458.5767
1898.491 458.5713
1898.502 458.5695
1898.493 458.5723
1898.506 458.5669
1898.508 458.5628
1898.519 458.5581
1898.533 458.5527
1898.538 458.5503
1898.521 458.5552
1898.52 458.5547
1898.534 458.5407
1898.5 458.5446
1898.485 458.5488
1898.461 458.5456
1898.462 458.5457
1898.455 458.5501
1898.471 458.543
1898.455 458.5493
1898.422 458.5648
1898.424 458.5726
1898.419 458.5746
1898.424 458.5793
1898.426 458.5768
1898.447 458.5723
1898.456 458.5708
1898.443 458.5685
1898.451 458.5675
1898.446 458.5724
1898.429 458.5771
1898.442 458.5776
1898.427 458.5858
1898.417 458.5825
1898.41 458.5786
1898.403 458.5788
1898.397 458.5734
1898.403 458.5654
1898.408 458.5522
1898.386 458.5544
1898.361 458.5609
1898.361 458.5688
1898.351 458.5734
1898.334 458.5764
1898.348 458.5711
1898.357 458.5734
1898.366 458.5778
1898.365 458.585
1898.37 458.5848
1898.383 458.5871
1898.389 458.5876
1898.387 458.5898
1898.372 458.5967
1898.381 458.5963
1898.384 458.597
1898.382 458.6032
1898.399 458.5986
1898.392 458.5996
1898.372 458.6092
1898.375 458.6066
1898.385 458.5965
1898.368 458.5951
1898.356 458.5973
1898.356 458.5978
1898.357 458.5975
1898.335 458.6052
1898.333 458.5986
1898.325 458.6004
1898.346 458.6011
1898.35 458.5999
1898.348 458.6007
1898.351 458.5984
1898.357 458.5938
1898.356 458.5999
1898.348 458.6042
1898.346 458.6003
1898.339 458.6107
1898.335 458.6157
1898.351 458.6146
1898.362 458.6087
1898.371 458.5999
1898.369 458.6021
1898.36 458.5999
1898.37 458.5975
1898.379 458.596
1898.389 458.588
1898.406 458.5812
1898.383 458.5864
1898.397 458.5884
1898.419 458.591
1898.203 458.6642
1898.211 458.6795
1898.226 458.6525
1898.223 458.6392
1898.23 458.6325
1898.246 458.647
1898.233 458.6511
1898.236 458.6564
1898.246 458.6673
1898.248 458.6738
1898.259 458.6698
1898.257 458.6689
1898.26 458.6548
1898.26 458.6567
1898.252 458.6517
1898.238 458.6489
1898.236 458.6375
1898.237 458.6356
1898.24 458.6289
1898.227 458.6374
1898.232 458.6483
1898.227 458.6608
1898.235 458.6646
1898.246 458.6537
1898.265 458.6385
1898.278 458.6377
1898.306 458.641
1898.317 458.646
1898.329 458.6359
1898.348 458.626
1898.344 458.6263
1898.318 458.6343
1898.326 458.6356
1898.319 458.646
1898.319 458.645
1898.329 458.6378
1898.327 458.6327
1898.321 458.6339
1898.325 458.6299
1898.343 458.632
1898.359 458.632
1898.362 458.6328
1898.37 458.6265
1898.376 458.6244
1898.373 458.612
1898.366 458.6162
1898.376 458.6167
1898.37 458.6235
1898.383 458.6194
1898.386 458.6226
1898.36 458.6266
1898.353 458.6304
1898.362 458.6276
1898.362 458.631
1898.337 458.6383
1898.315 458.6455
1898.29 458.6504
1898.271 458.6501
1898.28 458.6481
1898.265 458.6507
1898.257 458.6487
1898.257 458.6457
1898.265 458.6383
1898.287 458.6291
1898.301 458.614
1898.304 458.614
1898.268 458.6232
1898.287 458.618
1898.273 458.6261
1898.266 458.6331
1898.258 458.625
1898.266 458.6221
1898.269 458.6146
1898.261 458.6126
1898.248 458.606
1898.247 458.6104
1898.259 458.6057
1898.244 458.613
1898.242 458.6087
1898.232 458.6125
1898.235 458.6097
1898.24 458.6149
1898.26 458.6113
1898.258 458.6141
1898.256 458.6173
1898.252 458.6209
1898.228 458.6185
1898.228 458.6211
1898.232 458.619
1898.23 458.613
1898.246 458.6071
1898.259 458.6097
1898.26 458.6061
1898.256 458.6108
1898.265 458.6092
1898.284 458.6115
1898.264 458.6157
1898.253 458.6287
1898.233 458.6252
1898.232 458.6208
1898.225 458.6244
1898.209 458.6351
1898.216 458.6378
1898.244 458.6382
1898.271 458.6325
1898.282 458.6284
1898.29 458.6349
1898.311 458.6322
1898.303 458.6346
1898.312 458.6277
1898.304 458.6277
1898.28 458.6282
1898.256 458.6322
1898.266 458.6313
1898.28 458.6229
1898.299 458.6175
1898.294 458.6133
1898.284 458.6157
1898.292 458.6182
1898.305 458.6131
1898.289 458.6203
1898.248 458.631
1898.255 458.6323
1898.256 458.6343
1898.25 458.6317
1898.272 458.6291
1898.28 458.6274
1898.282 458.6359
1898.291 458.6351
1898.283 458.6313
1898.276 458.6289
1898.29 458.627
1898.307 458.6284
1898.319 458.6356
1898.325 458.6348
1898.306 458.6382
1898.305 458.6395
1898.326 458.6356
1898.328 458.6338
1898.325 458.638
1898.325 458.64
1898.328 458.6406
1898.358 458.6357
1898.361 458.6356
1898.354 458.6328
1898.348 458.6354
1898.359 458.6274
1898.347 458.6253
1898.36 458.6198
1898.356 458.6245
1898.359 458.6255
1898.358 458.6297
1898.357 458.6322
1898.362 458.6318
1898.382 458.6209
1898.378 458.623
1898.39 458.624
1898.406 458.6206
1898.39 458.6247
1898.39 458.6297
1898.379 458.6345
1898.385 458.6346
1898.367 458.6322
1898.39 458.6294
1898.359 458.6354
1898.334 458.6466
1898.326 458.6468
1898.324 458.6444
1898.301 458.6475
1898.281 458.6519
1898.269 458.6429
1898.262 458.64
1898.257 458.6411
1898.233 458.6429
1898.226 458.64
1898.219 458.6414
1898.215 458.6335
1898.218 458.6341
1898.222 458.6403
1898.241 458.6432
1898.283 458.6374
1898.315 458.6313
1898.3 458.6377
1898.314 458.6377
1898.323 458.6338
1898.314 458.64
1898.318 458.641
1898.328 458.6392
1898.334 458.6416
1898.343 458.6421
1898.369 458.6419
1898.384 458.6421
1898.394 458.6408
1898.424 458.6431
1898.438 458.6318
1898.442 458.6276
1898.455 458.6165
1898.444 458.6263
1898.419 458.6302
1898.41 458.6396
1898.437 458.6339
1898.449 458.6292
1898.44 458.6287
1898.46 458.6338
1898.465 458.6282
1898.472 458.6208
1898.473 458.6172
1898.489 458.6043
1898.5 458.5973
1898.493 458.5879
1898.498 458.5786
1898.493 458.5767
1898.491 458.5713
1898.502 458.5695
1898.493 458.5723
1898.506 458.5669
1898.508 458.5628
1898.519 458.5581
1898.533 458.5527
1898.538 458.5503
1898.521 458.5552
1898.52 458.5547
1898.534 458.5407
1898.5 458.5446
1898.485 458.5488
1898.461 458.5456
1898.462 458.5457
1898.455 458.5501
1898.471 458.543
1898.455 458.5493
1898.422 458.5648
1898.424 458.5726
1898.419 458.5746
1898.424 458.5793
1898.426 458.5768
1898.447 458.5723
1898.456 458.5708
1898.443 458.5685
1898.451 458.5675
1898.446 458.5724
1898.429 458.5771
1898.442 458.5776
1898.427 458.5858
1898.417 458.5825
1898.41 458.5786
1898.403 458.5788
1898.397 458.5734
1898.403 458.5654
1898.408 458.5522
1898.386 458.5544
1898.361 458.5609
1898.361 458.5688
1898.351 458.5734
1898.334 458.5764
1898.348 458.5711
1898.357 458.5734
1898.366 458.5778
1898.365 458.585
1898.37 458.5848
1898.383 458.5871
1898.389 458.5876
1898.387 458.5898
1898.372 458.5967
1898.381 458.5963
1898.384 458.597
1898.382 458.6032
1898.399 458.5986
1898.392 458.5996
1898.372 458.6092
1898.375 458.6066
1898.385 458.5965
1898.368 458.5951
1898.356 458.5973
1898.356 458.5978
1898.357 458.5975
1898.335 458.6052
1898.333 458.5986
1898.325 458.6004
1898.346 458.6011
1898.35 458.5999
1898.348 458.6007
1898.351 458.5984
1898.357 458.5938
1898.356 458.5999
1898.348 458.6042
1898.346 458.6003
1898.339 458.6107
1898.335 458.6157
1898.351 458.6146
1898.362 458.6087
1898.371 458.5999
1898.369 458.6021
1898.36 458.5999
1898.37 458.5975
1898.379 458.596
1898.389 458.588
1898.406 458.5812
1898.383 458.5864
1898.397 458.5884
1898.419 458.591
1898.431 458.5954
1898.453 458.5981
1898.465 458.5996
1898.464 458.5946
1898.442 458.5906
1898.446 458.5863
1898.47 458.5833
1898.47 458.5814
1898.475 458.5789
1898.465 458.5723
1898.469 458.5729
1898.456 458.567
1898.453 458.5592
1898.471 458.5601
1898.465 458.5596
1898.483 458.5562
1898.49 458.5591
1898.472 458.5607
1898.469 458.5522
1898.489 458.5501
1898.485 458.5521
1898.502 458.5482
1898.52 458.5461
1898.497 458.5514
1898.488 458.5477
1898.46 458.554
1898.461 458.5537
1898.455 458.5568
1898.451 458.5601
1898.423 458.5602
1898.408 458.5622
1898.393 458.5667
1898.388 458.571
1898.377 458.5732
1898.376 458.5837
1898.371 458.5832
1898.382 458.5871
1898.394 458.5866
1898.392 458.5926
1898.385 458.6019
1898.379 458.5999
1898.394 458.5973
1898.403 458.5946
1898.42 458.584
1898.415 458.5838
1898.391 458.5884
1898.373 458.5959
1898.358 458.5986
1898.34 458.6024
1898.331 458.6025
1898.346 458.5996
1898.367 458.5996
1898.361 458.6039
1898.368 458.6035
1898.354 458.6068
1898.365 458.6138
1898.387 458.6063
1898.409 458.5962
1898.407 458.5933
1898.428 458.5972
1898.421 458.6014
1898.412 458.6021
1898.404 458.6014
1898.402 458.5946
1898.41 458.5986
1898.42 458.5983
1898.425 458.597
1898.439 458.6001
1898.43 458.6063
1898.442 458.5942
1898.444 458.5887
1898.443 458.5894
1898.455 458.585
1898.448 458.5851
1898.46 458.5864
1898.466 458.5794
1898.48 458.5714
1898.477 458.5666
1898.474 458.5618
1898.464 458.5594
1898.471 458.5672
1898.441 458.5663
1898.427 458.5656
1898.408 458.5677
1898.403 458.5666
1898.416 458.5552
1898.413 458.5534
1898.412 458.5581
1898.394 458.5587
1898.376 458.5656
1898.391 458.5575
1898.412 458.5426
1898.437 458.5332
1898.415 458.5306
1898.404 458.5394
1898.416 458.5288
1898.437 458.5334
1898.421 458.5353
1898.43 458.5327
1898.459 458.5287
1898.468 458.5273
1898.47 458.5239
1898.462 458.5225
1898.45 458.5278
1898.447 458.5277
1898.436 458.533
1898.452 458.5275
1898.459 458.529
1898.461 458.5231
1898.449 458.5166
1898.438 458.5109
1898.42 458.5091
1898.415 458.5072
1898.394 458.5161
1898.404 458.5107
1898.395 458.5213
1898.388 458.5348
1898.389 458.5379
1898.384 458.54
1898.361 458.5563
1898.36 458.5583
1898.36 458.5618
1898.354 458.5674
1898.326 458.5716
1898.307 458.5723
1898.284 458.583
1898.264 458.5894
1898.275 458.5874
1898.268 458.59
1898.249 458.5923
1898.244 458.5954
1898.238 458.6022
1898.22 458.6052
1898.214 458.605
1898.203 458.5993
1898.201 458.592
1898.197 458.5884
1898.2 458.5859
1898.219 458.5858
1898.233 458.576
1898.247 458.5703
1898.233 458.5737
1898.225 458.5744
1898.214 458.5664
1898.215 458.5583
1898.215 458.5521
1898.211 458.5518
1898.208 458.5573
1898.204 458.561
1898.201 458.5591
1898.211 458.5537
1898.212 458.5566
1898.2 458.5599
1898.214 458.5592
1898.214 458.569
1898.207 458.5828
1898.216 458.5833
1898.239 458.5895
1898.252 458.5876
1898.284 458.585
1898.282 458.5871
1898.31 458.5807
1898.312 458.5742
1898.346 458.5672
1898.347 458.5651
1898.32 458.5753
1898.315 458.5753
1898.315 458.5737
1898.331 458.5617
1898.337 458.5555
1898.346 458.5558
1898.349 458.5527
1898.351 458.5485
1898.359 458.5492
1898.35 458.5532
1898.355 458.5596
1898.361 458.5622
1898.353 458.5721
1898.352 458.5685
1898.354 458.5716
1898.347 458.5732
1898.335 458.5674
1898.345 458.561
1898.364 458.5664
1898.358 458.5636
1898.371 458.5613
1898.358 458.5658
1898.384 458.5653
1898.388 458.5656
1898.412 458.5692
1898.419 458.5705
1898.416 458.5711
1898.435 458.5693
1898.44 458.5721
1898.421 458.5806
1898.417 458.5869
1898.413 458.5879
1898.406 458.5962
1898.397 458.6032
1898.391 458.6066
1898.375 458.6064
1898.38 458.6112
1898.382 458.6143
1898.388 458.6048
1898.392 458.6022
1898.414 458.5908
1898.412 458.5858
1898.402 458.5835
1898.4 458.5767
1898.393 458.5833
1898.403 458.5822
1898.385 458.5882
1898.378 458.5864
1898.362 458.5991
1898.359 458.6016
1898.34 458.6009
1898.339 458.6004
1898.345 458.5991
1898.344 458.6046
1898.352 458.5999
1898.351 458.5952
1898.373 458.5911
1898.384 458.5856
1898.384 458.5877
1898.362 458.5933
1898.345 458.6006
1898.35 458.5901
1898.342 458.5845
1898.328 458.5856
1898.331 458.5771
1898.362 458.5602
1898.374 458.5518
1898.349 458.5573
1898.345 458.5584
1898.356 458.5565
1898.363 458.5544
1898.369 458.5479
1898.376 458.549
1898.363 458.5576
1898.347 458.5695
1898.332 458.5718
1898.334 458.57
1898.344 458.5667
1898.339 458.5701
1898.312 458.5775
1898.324 458.5786
1898.33 458.5667
1898.322 458.5719
1898.335 458.568
1898.327 458.5649
1898.334 458.5594
1898.317 458.5609
1898.308 458.5602
1898.312 458.5684
1898.314 458.5716
1898.308 458.5731
1898.306 458.5692
1898.277 458.567
1898.277 458.5602
1898.282 458.5587
1898.292 458.5539
1898.319 458.5492
1898.302 458.5583
1898.289 458.5726
1898.306 458.5739
1898.328 458.5724
1898.342 458.5718
1898.338 458.5778
1898.328 458.5747
1898.338 458.5734
1898.33 458.5739
1898.318 458.5807
1898.316 458.5764
1898.33 458.5688
1898.338 458.5653
1898.327 458.5675
1898.307 458.5653
1898.307 458.5596
1898.329 458.5544
1898.339 458.5537
1898.368 458.5493
1898.403 458.5451
1898.437 458.535
1898.44 458.536
1898.438 458.5382
1898.443 458.5373
1898.446 458.5435
1898.433 458.5436
1898.436 458.542
1898.41 458.5581
1898.378 458.5695
1898.39 458.5705
1898.386 458.5661
1898.372 458.5687
1898.374 458.5628
1898.363 458.5632
1898.36 458.5558
1898.355 458.5527
1898.352 458.5519
1898.36 458.556
1898.431 458.5954
1898.453 458.5981
1898.465 458.5996
1898.464 458.5946
1898.442 458.5906
1898.446 458.5863
1898.47 458.5833
1898.47 458.5814
1898.475 458.5789
1898.465 458.5723
1898.469 458.5729
1898.456 458.567
1898.453 458.5592
1898.471 458.5601
1898.465 458.5596
1898.483 458.5562
1898.49 458.5591
1898.472 458.5607
1898.469 458.5522
1898.489 458.5501
1898.485 458.5521
1898.502 458.5482
1898.52 458.5461
1898.497 458.5514
1898.488 458.5477
1898.46 458.554
1898.461 458.5537
1898.455 458.5568
1898.451 458.5601
1898.423 458.5602
1898.408 458.5622
1898.393 458.5667
1898.388 458.571
1898.377 458.5732
1898.376 458.5837
1898.371 458.5832
1898.382 458.5871
1898.394 458.5866
1898.392 458.5926
1898.385 458.6019
1898.379 458.5999
1898.394 458.5973
1898.403 458.5946
1898.42 458.584
1898.415 458.5838
1898.391 458.5884
1898.373 458.5959
1898.358 458.5986
1898.34 458.6024
1898.331 458.6025
1898.346 458.5996
1898.367 458.5996
1898.361 458.6039
1898.368 458.6035
1898.354 458.6068
1898.365 458.6138
1898.387 458.6063
1898.409 458.5962
1898.407 458.5933
1898.428 458.5972
1898.421 458.6014
1898.412 458.6021
1898.404 458.6014
1898.402 458.5946
1898.41 458.5986
1898.42 458.5983
1898.425 458.597
1898.439 458.6001
1898.43 458.6063
1898.442 458.5942
1898.444 458.5887
1898.443 458.5894
1898.455 458.585
1898.448 458.5851
1898.46 458.5864
1898.466 458.5794
1898.48 458.5714
1898.477 458.5666
1898.474 458.5618
1898.464 458.5594
1898.471 458.5672
1898.441 458.5663
1898.427 458.5656
1898.408 458.5677
1898.403 458.5666
1898.416 458.5552
1898.413 458.5534
1898.412 458.5581
1898.394 458.5587
1898.376 458.5656
1898.391 458.5575
1898.412 458.5426
1898.437 458.5332
1898.415 458.5306
1898.404 458.5394
1898.416 458.5288
1898.437 458.5334
1898.421 458.5353
1898.43 458.5327
1898.459 458.5287
1898.468 458.5273
1898.47 458.5239
1898.462 458.5225
1898.45 458.5278
1898.447 458.5277
1898.436 458.533
1898.452 458.5275
1898.459 458.529
1898.461 458.5231
1898.449 458.5166
1898.438 458.5109
1898.42 458.5091
1898.415 458.5072
1898.394 458.5161
1898.404 458.5107
1898.395 458.5213
1898.388 458.5348
1898.389 458.5379
1898.384 458.54
1898.361 458.5563
1898.36 458.5583
1898.36 458.5618
1898.354 458.5674
1898.326 458.5716
1898.307 458.5723
1898.284 458.583
1898.264 458.5894
1898.275 458.5874
1898.268 458.59
1898.249 458.5923
1898.244 458.5954
1898.238 458.6022
1898.22 458.6052
1898.214 458.605
1898.203 458.5993
1898.201 458.592
1898.197 458.5884
1898.2 458.5859
1898.219 458.5858
1898.233 458.576
1898.247 458.5703
1898.233 458.5737
1898.225 458.5744
1898.214 458.5664
1898.215 458.5583
1898.215 458.5521
1898.211 458.5518
1898.208 458.5573
1898.204 458.561
1898.201 458.5591
1898.211 458.5537
1898.212 458.5566
1898.2 458.5599
1898.214 458.5592
1898.214 458.569
1898.207 458.5828
1898.216 458.5833
1898.239 458.5895
1898.252 458.5876
1898.284 458.585
1898.282 458.5871
1898.31 458.5807
1898.312 458.5742
1898.346 458.5672
1898.347 458.5651
1898.32 458.5753
1898.315 458.5753
1898.315 458.5737
1898.331 458.5617
1898.337 458.5555
1898.346 458.5558
1898.349 458.5527
1898.351 458.5485
1898.359 458.5492
1898.35 458.5532
1898.355 458.5596
1898.361 458.5622
1898.353 458.5721
1898.352 458.5685
1898.354 458.5716
1898.347 458.5732
1898.335 458.5674
1898.345 458.561
1898.364 458.5664
1898.358 458.5636
1898.371 458.5613
1898.358 458.5658
1898.384 458.5653
1898.388 458.5656
1898.412 458.5692
1898.419 458.5705
1898.416 458.5711
1898.435 458.5693
1898.44 458.5721
1898.421 458.5806
1898.417 458.5869
1898.413 458.5879
1898.406 458.5962
1898.397 458.6032
1898.391 458.6066
1898.375 458.6064
1898.38 458.6112
1898.382 458.6143
1898.388 458.6048
1898.392 458.6022
1898.414 458.5908
1898.412 458.5858
1898.402 458.5835
1898.4 458.5767
1898.393 458.5833
1898.403 458.5822
1898.385 458.5882
1898.378 458.5864
1898.362 458.5991
1898.359 458.6016
1898.34 458.6009
1898.339 458.6004
1898.345 458.5991
1898.344 458.6046
1898.352 458.5999
1898.351 458.5952
1898.373 458.5911
1898.384 458.5856
1898.384 458.5877
1898.362 458.5933
1898.345 458.6006
1898.35 458.5901
1898.342 458.5845
1898.328 458.5856
1898.331 458.5771
1898.362 458.5602
1898.374 458.5518
1898.349 458.5573
1898.345 458.5584
1898.356 458.5565
1898.363 458.5544
1898.369 458.5479
1898.376 458.549
1898.363 458.5576
1898.347 458.5695
1898.332 458.5718
1898.334 458.57
1898.344 458.5667
1898.339 458.5701
1898.312 458.5775
1898.324 458.5786
1898.33 458.5667
1898.322 458.5719
1898.335 458.568
1898.327 458.5649
1898.334 458.5594
1898.317 458.5609
1898.308 458.5602
1898.312 458.5684
1898.314 458.5716
1898.308 458.5731
1898.306 458.5692
1898.277 458.567
1898.277 458.5602
1898.282 458.5587
1898.292 458.5539
1898.319 458.5492
1898.302 458.5583
1898.289 458.5726
1898.306 458.5739
1898.328 458.5724
1898.342 458.5718
1898.338 458.5778
1898.328 458.5747
1898.338 458.5734
1898.33 458.5739
1898.318 458.5807
1898.316 458.5764
1898.33 458.5688
1898.338 458.5653
1898.327 458.5675
1898.307 458.5653
1898.307 458.5596
1898.329 458.5544
1898.339 458.5537
1898.368 458.5493
1898.403 458.5451
1898.437 458.535
1898.44 458.536
1898.438 458.5382
1898.443 458.5373
1898.446 458.5435
1898.433 458.5436
1898.436 458.542
1898.41 458.5581
1898.378 458.5695
1898.39 458.5705
1898.386 458.5661
1898.372 458.5687
1898.374 458.5628
1898.363 458.5632
1898.36 458.5558
1898.355 458.5527
1898.352 458.5519
1898.36 458.556
1898.336 458.5573
1898.337 458.5566
1898.312 458.5617
1898.292 458.5625
1898.291 458.554
1898.298 458.5514
1898.311 458.5479
1898.349 458.5394
1898.386 458.5378
1898.381 458.5433
1898.369 458.5378
1898.377 458.5384
1898.396 458.535
1898.372 458.5371
1898.363 458.5403
1898.354 458.5392
1898.345 458.5403
1898.358 458.5407
1898.356 458.5483
1898.362 458.5444
1898.374 458.5397
1898.38 458.5403
1898.386 458.533
1898.387 458.5306
1898.419 458.5334
1898.429 458.5381
1898.427 458.5397
1898.427 458.5379
1898.425 458.5405
1898.431 458.5387
1898.421 458.5381
1898.411 458.5392
1898.387 458.5501
1898.368 458.5604
1898.357 458.5664
1898.344 458.5667
1898.328 458.5666
1898.318 458.5659
1898.329 458.563
1898.332 458.5555
1898.348 458.5436
1898.323 458.5459
1898.32 458.5524
1898.324 458.5522
1898.316 458.5613
1898.313 458.5641
1898.317 458.5645
1898.329 458.562
1898.325 458.5648
1898.33 458.5672
1898.326 458.5718
1898.3 458.5757
1898.289 458.5835
1898.279 458.5895
1898.262 458.5954
1898.267 458.5851
1898.245 458.5806
1898.218 458.582
1898.214 458.5746
1898.237 458.5632
1898.244 458.5628
1898.238 458.5666
1898.259 458.57
1898.261 458.5775
1898.268 458.5783
1898.298 458.575
1898.335 458.5723
1898.334 458.5698
1898.335 458.5749
1898.331 458.5764
1898.337 458.5768
1898.351 458.575
1898.362 458.5736
1898.385 458.5706
1898.399 458.5737
1898.402 458.5739
1898.417 458.5633
1898.403 458.5638
1898.403 458.5628
1898.428 458.5645
1898.41 458.5679
1898.425 458.5682
1898.426 458.5695
1898.428 458.5651
1898.432 458.557
1898.413 458.558
1898.428 458.5591
1898.422 458.5651
1898.431 458.5604
1898.407 458.5687
1898.394 458.5675
1898.403 458.5664
1898.407 458.568
1898.406 458.5653
1898.391 458.5643
1898.336 458.5739
1898.325 458.5773
1898.302 458.5853
1898.297 458.5872
1898.308 458.5757
1898.3 458.5713
1898.31 458.568
1898.325 458.557
1898.332 458.5529
1898.326 458.5526
1898.323 458.5526
1898.333 458.5503
1898.331 458.5526
1898.325 458.558
1898.319 458.5566
1898.327 458.564
1898.328 458.564
1898.341 458.5534
1898.352 458.5449
1898.349 458.5459
1898.354 458.5453
1898.37 458.5403
1898.378 458.5382
1898.381 458.5394
1898.376 458.5396
1898.366 458.5459
1898.352 458.5537
1898.364 458.5527
1898.366 458.561
1898.366 458.5636
1898.368 458.5584
1898.365 458.5592
1898.352 458.569
1898.342 458.57
1898.332 458.5696
1898.338 458.5706
1898.357 458.5638
1898.36 458.5549
1898.357 458.5504
1898.363 458.5462
1898.36 458.548
1898.373 458.5444
1898.381 458.5415
1898.377 458.5464
1898.378 458.5457
1898.37 458.5514
1898.337 458.5615
1898.326 458.5667
1898.322 458.5771
1898.337 458.5783
1898.354 458.5854
1898.351 458.5889
1898.348 458.5903
1898.338 458.5915
1898.321 458.5952
1898.295 458.589
1898.282 458.5856
1898.276 458.5854
1898.261 458.5956
1898.263 458.5989
1898.262 458.6022
1898.285 458.5994
1898.292 458.5876
1898.284 458.589
1898.302 458.5851
1898.347 458.5793
1898.351 458.5737
1898.36 458.5674
1898.36 458.5658
1898.37 458.5632
1898.37 458.5544
1898.339 458.5519
1898.339 458.5514
1898.355 458.5378
1898.363 458.5277
1898.375 458.5238
1898.392 458.522
1898.411 458.5161
1898.42 458.4992
1898.438 458.4915
1898.424 458.4992
1898.417 458.5088
1898.416 458.5083
1898.434 458.501
1898.434 458.5005
1898.444 458.5075
1898.447 458.5135
1898.445 458.5125
1898.435 458.5178
1898.446 458.5161
1898.446 458.5121
1898.416 458.5229
1898.399 458.5313
1898.395 458.5365
1898.404 458.5352
1898.4 458.5368
1898.401 458.5421
1898.395 458.5381
1898.384 458.5365
1898.382 458.5353
1898.413 458.533
1898.446 458.52
1898.461 458.5127
1898.432 458.5093
1898.439 458.5112
1898.426 458.5151
1898.411 458.5148
1898.401 458.5057
1898.384 458.5106
1898.401 458.5075
1898.386 458.5124
1898.364 458.5215
1898.36 458.5345
1898.347 458.5403
1898.348 458.5376
1898.352 458.5371
1898.343 458.5451
1898.341 458.5482
1898.33 458.5498
1898.317 458.5466
1898.323 458.5448
1898.302 458.5407
1898.313 458.5324
1898.338 458.5252
1898.359 458.515
1898.361 458.5166
1898.344 458.5142
1898.324 458.5138
1898.336 458.5158
1898.328 458.5148
1898.326 458.5151
1898.335 458.5164
1898.32 458.5184
1898.302 458.5181
1898.293 458.5229
1898.269 458.5308
1898.279 458.5308
1898.289 458.528
1898.297 458.5296
1898.326 458.5283
1898.351 458.527
1898.362 458.5316
1898.366 458.5358
1898.393 458.5293
1898.386 458.5342
1898.393 458.5379
1898.398 458.5381
1898.397 458.5374
1898.39 458.5387
1898.385 458.536
1898.404 458.5371
1898.423 458.5382
1898.432 458.5394
1898.457 458.5438
1898.468 458.555
1898.477 458.5612
1898.464 458.5636
1898.451 458.5685
1898.443 458.5617
1898.454 458.5518
1898.418 458.5545
1898.401 458.557
1898.396 458.5646
1898.391 458.5736
1898.382 458.5724
1898.367 458.5667
1898.365 458.5731
1898.382 458.569
1898.363 458.569
1898.362 458.5653
1898.353 458.5685
1898.347 458.5674
1898.338 458.5692
1898.334 458.5667
1898.326 458.5658
1898.346 458.5552
1898.342 458.5692
1898.314 458.5767
1898.328 458.5732
1898.327 458.5802
1898.326 458.578
1898.322 458.5804
1898.327 458.5789
1898.33 458.5776
1898.299 458.5833
1898.28 458.5825
1898.278 458.5871
1898.273 458.5832
1898.267 458.5895
1898.266 458.5934
1898.281 458.5939
1898.291 458.5965
1898.282 458.6068
1898.287 458.6068
1898.296 458.6045
1898.275 458.6112
1898.25 458.6209
1898.251 458.6162
1898.257 458.6105
1898.246 458.6089
1898.248 458.6104
1898.24 458.6094
1898.235 458.6157
1898.246 458.6076
1898.249 458.6079
1898.336 458.5573
1898.337 458.5566
1898.312 458.5617
1898.292 458.5625
1898.291 458.554
1898.298 458.5514
1898.311 458.5479
1898.349 458.5394
1898.386 458.5378
1898.381 458.5433
1898.369 458.5378
1898.377 458.5384
1898.396 458.535
1898.372 458.5371
1898.363 458.5403
1898.354 458.5392
1898.345 458.5403
1898.358 458.5407
1898.356 458.5483
1898.362 458.5444
1898.374 458.5397
1898.38 458.5403
1898.386 458.533
1898.387 458.5306
1898.419 458.5334
1898.429 458.5381
1898.427 458.5397
1898.427 458.5379
1898.425 458.5405
1898.431 458.5387
1898.421 458.5381
1898.411 458.5392
1898.387 458.5501
1898.368 458.5604
1898.357 458.5664
1898.344 458.5667
1898.328 458.5666
1898.318 458.5659
1898.329 458.563
1898.332 458.5555
1898.348 458.5436
1898.323 458.5459
1898.32 458.5524
1898.324 458.5522
1898.316 458.5613
1898.313 458.5641
1898.317 458.5645
1898.329 458.562
1898.325 458.5648
1898.33 458.5672
1898.326 458.5718
1898.3 458.5757
1898.289 458.5835
1898.279 458.5895
1898.262 458.5954
1898.267 458.5851
1898.245 458.5806
1898.218 458.582
1898.214 458.5746
1898.237 458.5632
1898.244 458.5628
1898.238 458.5666
1898.259 458.57
1898.261 458.5775
1898.268 458.5783
1898.298 458.575
1898.335 458.5723
1898.334 458.5698
1898.335 458.5749
1898.331 458.5764
1898.337 458.5768
1898.351 458.575
1898.362 458.5736
1898.385 458.5706
1898.399 458.5737
1898.402 458.5739
1898.417 458.5633
1898.403 458.5638
1898.403 458.5628
1898.428 458.5645
1898.41 458.5679
1898.425 458.5682
1898.426 458.5695
1898.428 458.5651
1898.432 458.557
1898.413 458.558
1898.428 458.5591
1898.422 458.5651
1898.431 458.5604
1898.407 458.5687
1898.394 458.5675
1898.403 458.5664
1898.407 458.568
1898.406 458.5653
1898.391 458.5643
1898.336 458.5739
1898.325 458.5773
1898.302 458.5853
1898.297 458.5872
1898.308 458.5757
1898.3 458.5713
1898.31 458.568
1898.325 458.557
1898.332 458.5529
1898.326 458.5526
1898.323 458.5526
1898.333 458.5503
1898.331 458.5526
1898.325 458.558
1898.319 458.5566
1898.327 458.564
1898.328 458.564
1898.341 458.5534
1898.352 458.5449
1898.349 458.5459
1898.354 458.5453
1898.37 458.5403
1898.378 458.5382
1898.381 458.5394
1898.376 458.5396
1898.366 458.5459
1898.352 458.5537
1898.364 458.5527
1898.366 458.561
1898.366 458.5636
1898.368 458.5584
1898.365 458.5592
1898.352 458.569
1898.342 458.57
1898.332 458.5696
1898.338 458.5706
1898.357 458.5638
1898.36 458.5549
1898.357 458.5504
1898.363 458.5462
1898.36 458.548
1898.373 458.5444
1898.381 458.5415
1898.377 458.5464
1898.378 458.5457
1898.37 458.5514
1898.337 458.5615
1898.326 458.5667
1898.322 458.5771
1898.337 458.5783
1898.354 458.5854
1898.351 458.5889
1898.348 458.5903
1898.338 458.5915
1898.321 458.5952
1898.295 458.589
1898.282 458.5856
1898.276 458.5854
1898.261 458.5956
1898.263 458.5989
1898.262 458.6022
1898.285 458.5994
1898.292 458.5876
1898.284 458.589
1898.302 458.5851
1898.347 458.5793
1898.351 458.5737
1898.36 458.5674
1898.36 458.5658
1898.37 458.5632
1898.37 458.5544
1898.339 458.5519
1898.339 458.5514
1898.355 458.5378
1898.363 458.5277
1898.375 458.5238
1898.392 458.522
1898.411 458.5161
1898.42 458.4992
1898.438 458.4915
1898.424 458.4992
1898.417 458.5088
1898.416 458.5083
1898.434 458.501
1898.434 458.5005
1898.444 458.5075
1898.447 458.5135
1898.445 458.5125
1898.435 458.5178
1898.446 458.5161
1898.446 458.5121
1898.416 458.5229
1898.399 458.5313
1898.395 458.5365
1898.404 458.5352
1898.4 458.5368
1898.401 458.5421
1898.395 458.5381
1898.384 458.5365
1898.382 458.5353
1898.413 458.533
1898.446 458.52
1898.461 458.5127
1898.432 458.5093
1898.439 458.5112
1898.426 458.5151
1898.411 458.5148
1898.401 458.5057
1898.384 458.5106
1898.401 458.5075
1898.386 458.5124
1898.364 458.5215
1898.36 458.5345
1898.347 458.5403
1898.348 458.5376
1898.352 458.5371
1898.343 458.5451
1898.341 458.5482
1898.33 458.5498
1898.317 458.5466
1898.323 458.5448
1898.302 458.5407
1898.313 458.5324
1898.338 458.5252
1898.359 458.515
1898.361 458.5166
1898.344 458.5142
1898.324 458.5138
1898.336 458.5158
1898.328 458.5148
1898.326 458.5151
1898.335 458.5164
1898.32 458.5184
1898.302 458.5181
1898.293 458.5229
1898.269 458.5308
1898.279 458.5308
1898.289 458.528
1898.297 458.5296
1898.326 458.5283
1898.351 458.527
1898.362 458.5316
1898.366 458.5358
1898.393 458.5293
1898.386 458.5342
1898.393 458.5379
1898.398 458.5381
1898.397 458.5374
1898.39 458.5387
1898.385 458.536
1898.404 458.5371
1898.423 458.5382
1898.432 458.5394
1898.457 458.5438
1898.468 458.555
1898.477 458.5612
1898.464 458.5636
1898.451 458.5685
1898.443 458.5617
1898.454 458.5518
1898.418 458.5545
1898.401 458.557
1898.396 458.5646
1898.391 458.5736
1898.382 458.5724
1898.367 458.5667
1898.365 458.5731
1898.382 458.569
1898.363 458.569
1898.362 458.5653
1898.353 458.5685
1898.347 458.5674
1898.338 458.5692
1898.334 458.5667
1898.326 458.5658
1898.346 458.5552
1898.342 458.5692
1898.314 458.5767
1898.328 458.5732
1898.327 458.5802
1898.326 458.578
1898.322 458.5804
1898.327 458.5789
1898.33 458.5776
1898.299 458.5833
1898.28 458.5825
1898.278 458.5871
1898.273 458.5832
1898.267 458.5895
1898.266 458.5934
1898.281 458.5939
1898.291 458.5965
1898.282 458.6068
1898.287 458.6068
1898.296 458.6045
1898.275 458.6112
1898.25 458.6209
1898.251 458.6162
1898.257 458.6105
1898.246 458.6089
1898.248 458.6104
1898.24 458.6094
1898.235 458.6157
1898.246 458.6076
1898.249 458.6079
1898.259 458.6073
1898.274 458.598
1898.285 458.5872
1898.265 458.5918
1898.255 458.5931
1898.249 458.5929
1898.238 458.591
1898.237 458.5942
1898.242 458.6006
1898.235 458.6063
1898.229 458.6082
1898.227 458.6107
1898.207 458.618
1898.216 458.6154
1898.218 458.6173
1898.253 458.6095
1898.251 458.6133
1898.242 458.605
1898.241 458.6009
1898.247 458.5993
1898.243 458.5949
1898.233 458.5984
1898.243 458.5977
1898.267 458.5921
1898.268 458.5871
1898.276 458.6032
1898.275 458.6035
1898.282 458.5957
1898.278 458.5984
1898.302 458.5999
1898.302 458.6057
1898.304 458.6007
1898.33 458.6012
1898.364 458.5933
1898.349 458.6001
1898.335 458.617
1898.32 458.6209
1898.324 458.6248
1898.343 458.6198
1898.33 458.6297
1898.325 458.6349
1898.32 458.6406
1898.326 458.6411
1898.328 458.6437
1898.316 458.645
1898.319 458.6481
1898.32 458.6479
1898.309 458.6519
1898.292 458.6603
1898.286 458.6541
1898.273 458.6543
1898.28 458.654
1898.291 458.6577
1898.293 458.6548
1898.27 458.6593
1898.27 458.6551
1898.273 458.6528
1898.26 458.6606
1898.251 458.6652
1898.274 458.6634
1898.281 458.6712
1898.291 458.6655
1898.308 458.6569
1898.313 458.6484
1898.307 458.6494
1898.292 458.6519
1898.292 458.6454
1898.274 458.6483
1898.264 458.6457
1898.242 458.6486
1898.24 458.6491
1898.256 458.6465
1898.239 458.6551
1898.226 458.6602
1898.215 458.6554
1898.216 458.6537
1898.214 458.6497
1898.211 458.6476
1898.203 458.6421
1898.225 458.6312
1898.233 458.6281
1898.245 458.6204
1898.231 458.6177
1898.215 458.6235
1898.227 458.6242
1898.235 458.6279
1898.245 458.6268
1898.259 458.6222
1898.278 458.6183
1898.28 458.6164
1898.265 458.6284
1898.273 458.6297
1898.289 458.6277
1898.316 458.6276
1898.328 458.632
1898.322 458.6292
1898.312 458.6302
1898.318 458.6194
1898.303 458.6193
1898.303 458.6194
1898.288 458.6216
1898.295 458.6208
1898.305 458.619
1898.315 458.6198
1898.335 458.6141
1898.34 458.6092
1898.327 458.6152
1898.313 458.6218
1898.334 458.6147
1898.356 458.6089
1898.385 458.6021
1898.396 458.5894
1898.381 458.5911
1898.372 458.5898
1898.388 458.5828
1898.407 458.5848
1898.417 458.5928
1898.412 458.6025
1898.412 458.6107
1898.399 458.6193
1898.406 458.6196
1898.404 458.6173
1898.386 458.6178
1898.383 458.6151
1898.387 458.6022
1898.393 458.5956
1898.381 458.5933
1898.356 458.5996
1898.35 458.5973
1898.365 458.5923
1898.37 458.5906
1898.377 458.5812
1898.406 458.5741
1898.432 458.5688
1898.443 458.5661
1898.444 458.5802
1898.452 458.5898
1898.442 458.5962
1898.437 458.5983
1898.43 458.6021
1898.43 458.6045
1898.447 458.6052
1898.452 458.5962
1898.436 458.5967
1898.445 458.5934
1898.445 458.5942
1898.446 458.5879
1898.445 458.5864
1898.447 458.5905
1898.443 458.583
1898.464 458.5864
1898.466 458.5911
1898.463 458.5913
1898.464 458.5835
1898.486 458.5778
1898.496 458.578
1898.524 458.5721
1898.532 458.5645
1898.54 458.5537
1898.548 458.5509
1898.534 458.5527
1898.514 458.5695
1898.5 458.5613
1898.508 458.5475
1898.481 458.55
1898.474 458.5461
1898.463 458.5417
1898.451 458.5461
1898.46 458.5358
1898.497 458.5239
1898.498 458.5299
1898.49 458.535
1898.467 458.5329
1898.442 458.537
1898.436 458.5382
1898.439 458.5355
1898.443 458.5493
1898.473 458.55
1898.496 458.5397
1898.505 458.5415
1898.501 458.5488
1898.494 458.5573
1898.486 458.5664
1898.471 458.571
1898.452 458.5759
1898.439 458.5783
1898.434 458.5854
1898.429 458.589
1898.413 458.5903
1898.396 458.5965
1898.378 458.6027
1898.365 458.6095
1898.365 458.6081
1898.348 458.6105
1898.339 458.6035
1898.343 458.6011
1898.316 458.6094
1898.305 458.6117
1898.32 458.6069
1898.335 458.6043
1898.324 458.61
1898.332 458.6086
1898.341 458.6092
1898.353 458.6074
1898.338 458.6045
1898.32 458.6081
1898.296 458.6136
1898.286 458.6115
1898.285 458.6061
1898.265 458.6151
1898.265 458.6081
1898.274 458.6021
1898.301 458.596
1898.319 458.5913
1898.334 458.5863
1898.334 458.5915
1898.336 458.5913
1898.371 458.5866
1898.383 458.5874
1898.369 458.5946
1898.366 458.598
1898.377 458.5921
1898.356 458.5998
1898.336 458.6099
1898.324 458.6113
1898.348 458.6035
1898.362 458.5998
1898.378 458.588
1898.38 458.5892
1898.365 458.5989
1898.372 458.5968
1898.394 458.5938
1898.398 458.6063
1898.401 458.6099
1898.399 458.6263
1898.395 458.6291
1898.364 458.6315
1898.341 458.6349
1898.31 458.6458
1898.296 458.6517
1898.26 458.6623
1898.256 458.6659
1898.242 458.668
1898.22 458.6693
1898.235 458.6724
1898.238 458.6748
1898.259 458.6722
1898.266 458.6719
1898.283 458.6655
1898.296 458.6567
1898.309 458.6496
1898.318 458.647
1898.333 458.6452
1898.328 458.6436
1898.305 458.6403
1898.295 458.646
1898.312 458.6392
1898.302 458.6449
1898.311 458.6414
1898.326 458.6375
1898.315 458.6429
1898.318 458.6479
1898.328 458.6454
1898.347 458.6492
1898.326 458.6497
1898.335 458.6463
1898.359 458.6424
1898.353 458.6501
1898.344 458.6584
1898.341 458.6611
1898.355 458.6588
1898.354 458.6634
1898.384 458.6592
1898.357 458.6566
1898.382 458.6492
1898.389 458.6465
1898.372 458.6489
1898.365 458.6514
1898.381 458.6465
1898.373 458.6501
1898.367 458.6606
1898.386 458.6603
1898.404 458.6509
1898.387 458.653
1898.383 458.6385
1898.398 458.6266
1898.435 458.6084
1898.436 458.6081
1898.46 458.5994
1898.469 458.589
1898.483 458.5851
1898.498 458.5871
1898.458 458.6025
1898.45 458.6095
1898.448 458.6019
1898.441 458.6027
1898.408 458.6042
1898.401 458.5998
1898.385 458.6052
1898.384 458.6105
1898.259 458.6073
1898.274 458.598
1898.285 458.5872
1898.265 458.5918
1898.255 458.5931
1898.249 458.5929
1898.238 458.591
1898.237 458.5942
1898.242 458.6006
1898.235 458.6063
1898.229 458.6082
1898.227 458.6107
1898.207 458.618
1898.216 458.6154
1898.218 458.6173
1898.253 458.6095
1898.251 458.6133
1898.242 458.605
1898.241 458.6009
1898.247 458.5993
1898.243 458.5949
1898.233 458.5984
1898.243 458.5977
1898.267 458.5921
1898.268 458.5871
1898.276 458.6032
1898.275 458.6035
1898.282 458.5957
1898.278 458.5984
1898.302 458.5999
1898.302 458.6057
1898.304 458.6007
1898.33 458.6012
1898.364 458.5933
1898.349 458.6001
1898.335 458.617
1898.32 458.6209
1898.324 458.6248
1898.343 458.6198
1898.33 458.6297
1898.325 458.6349
1898.32 458.6406
1898.326 458.6411
1898.328 458.6437
1898.316 458.645
1898.319 458.6481
1898.32 458.6479
1898.309 458.6519
1898.292 458.6603
1898.286 458.6541
1898.273 458.6543
1898.28 458.654
1898.291 458.6577
1898.293 458.6548
1898.27 458.6593
1898.27 458.6551
1898.273 458.6528
1898.26 458.6606
1898.251 458.6652
1898.274 458.6634
1898.281 458.6712
1898.291 458.6655
1898.308 458.6569
1898.313 458.6484
1898.307 458.6494
1898.292 458.6519
1898.292 458.6454
1898.274 458.6483
1898.264 458.6457
1898.242 458.6486
1898.24 458.6491
1898.256 458.6465
1898.239 458.6551
1898.226 458.6602
1898.215 458.6554
1898.216 458.6537
1898.214 458.6497
1898.211 458.6476
1898.203 458.6421
1898.225 458.6312
1898.233 458.6281
1898.245 458.6204
1898.231 458.6177
1898.215 458.6235
1898.227 458.6242
1898.235 458.6279
1898.245 458.6268
1898.259 458.6222
1898.278 458.6183
1898.28 458.6164
1898.265 458.6284
1898.273 458.6297
1898.289 458.6277
1898.316 458.6276
1898.328 458.632
1898.322 458.6292
1898.312 458.6302
1898.318 458.6194
1898.303 458.6193
1898.303 458.6194
1898.288 458.6216
1898.295 458.6208
1898.305 458.619
1898.315 458.6198
1898.335 458.6141
1898.34 458.6092
1898.327 458.6152
1898.313 458.6218
1898.334 458.6147
1898.356 458.6089
1898.385 458.6021
1898.396 458.5894
1898.381 458.5911
1898.372 458.5898
1898.388 458.5828
1898.407 458.5848
1898.417 458.5928
1898.412 458.6025
1898.412 458.6107
1898.399 458.6193
1898.406 458.6196
1898.404 458.6173
1898.386 458.6178
1898.383 458.6151
1898.387 458.6022
1898.393 458.5956
1898.381 458.5933
1898.356 458.5996
1898.35 458.5973
1898.365 458.5923
1898.37 458.5906
1898.377 458.5812
1898.406 458.5741
1898.432 458.5688
1898.443 458.5661
1898.444 458.5802
1898.452 458.5898
1898.442 458.5962
1898.437 458.5983
1898.43 458.6021
1898.43 458.6045
1898.447 458.6052
1898.452 458.5962
1898.436 458.5967
1898.445 458.5934
1898.445 458.5942
1898.446 458.5879
1898.445 458.5864
1898.447 458.5905
1898.443 458.583
1898.464 458.5864
1898.466 458.5911
1898.463 458.5913
1898.464 458.5835
1898.486 458.5778
1898.496 458.578
1898.524 458.5721
1898.532 458.5645
1898.54 458.5537
1898.548 458.5509
1898.534 458.5527
1898.514 458.5695
1898.5 458.5613
1898.508 458.5475
1898.481 458.55
1898.474 458.5461
1898.463 458.5417
1898.451 458.5461
1898.46 458.5358
1898.497 458.5239
1898.498 458.5299
1898.49 458.535
1898.467 458.5329
1898.442 458.537
1898.436 458.5382
1898.439 458.5355
1898.443 458.5493
1898.473 458.55
1898.496 458.5397
1898.505 458.5415
1898.501 458.5488
1898.494 458.5573
1898.486 458.5664
1898.471 458.571
1898.452 458.5759
1898.439 458.5783
1898.434 458.5854
1898.429 458.589
1898.413 458.5903
1898.396 458.5965
1898.378 458.6027
1898.365 458.6095
1898.365 458.6081
1898.348 458.6105
1898.339 458.6035
1898.343 458.6011
1898.316 458.6094
1898.305 458.6117
1898.32 458.6069
1898.335 458.6043
1898.324 458.61
1898.332 458.6086
1898.341 458.6092
1898.353 458.6074
1898.338 458.6045
1898.32 458.6081
1898.296 458.6136
1898.286 458.6115
1898.285 458.6061
1898.265 458.6151
1898.265 458.6081
1898.274 458.6021
1898.301 458.596
1898.319 458.5913
1898.334 458.5863
1898.334 458.5915
1898.336 458.5913
1898.371 458.5866
1898.383 458.5874
1898.369 458.5946
1898.366 458.598
1898.377 458.5921
1898.356 458.5998
1898.336 458.6099
1898.324 458.6113
1898.348 458.6035
1898.362 458.5998
1898.378 458.588
1898.38 458.5892
1898.365 458.5989
1898.372 458.5968
1898.394 458.5938
1898.398 458.6063
1898.401 458.6099
1898.399 458.6263
1898.395 458.6291
1898.364 458.6315
1898.341 458.6349
1898.31 458.6458
1898.296 458.6517
1898.26 458.6623
1898.256 458.6659
1898.242 458.668
1898.22 458.6693
1898.235 458.6724
1898.238 458.6748
1898.259 458.6722
1898.266 458.6719
1898.283 458.6655
1898.296 458.6567
1898.309 458.6496
1898.318 458.647
1898.333 458.6452
1898.328 458.6436
1898.305 458.6403
1898.295 458.646
1898.312 458.6392
1898.302 458.6449
1898.311 458.6414
1898.326 458.6375
1898.315 458.6429
1898.318 458.6479
1898.328 458.6454
1898.347 458.6492
1898.326 458.6497
1898.335 458.6463
1898.359 458.6424
1898.353 458.6501
1898.344 458.6584
1898.341 458.6611
1898.355 458.6588
1898.354 458.6634
1898.384 458.6592
1898.357 458.6566
1898.382 458.6492
1898.389 458.6465
1898.372 458.6489
1898.365 458.6514
1898.381 458.6465
1898.373 458.6501
1898.367 458.6606
1898.386 458.6603
1898.404 458.6509
1898.387 458.653
1898.383 458.6385
1898.398 458.6266
1898.435 458.6084
1898.436 458.6081
1898.46 458.5994
1898.469 458.589
1898.483 458.5851
1898.498 458.5871
1898.458 458.6025
1898.45 458.6095
1898.448 458.6019
1898.441 458.6027
1898.408 458.6042
1898.401 458.5998
1898.385 458.6052
1898.384 458.6105
