1920 480
1984.811 304.6483
685.8353 483.1492
710.0804 477.9858
2040.056 392.7921
2271.064 405.9836
2282.677 398.0571
2306.781 396.5428
2292.619 398.9844
2274.194 398.3472
2264.241 397.2542
2238.499 395.1499
2218.51 392.863
2196.359 389.7334
2169.428 389.2109
2155.849 385.9284
2133.295 381.5732
2120.808 379.0825
2109.104 377.4373
2094.261 377.2033
2088.246 378.133
1762.162 395.001
1756.18 395.8152
1758.393 395.5174
1755.648 395.7668
1746.398 396.6698
1739.738 397.499
1740.708 397.2778
1737.288 397.6644
1731.728 398.3577
1735.531 397.6247
1731.245 398.0033
1731.862 397.5098
1725.534 398.0179
1728.918 396.9044
1725.473 397.203
1725.246 396.5999
1723.477 396.5565
1727.191 395.049
1724.324 395.4186
1736.284 390.908
1804.742 340.2108
1824.156 329.6776
1856.558 313.7368
1864.28 309.556
1867.523 308.3687
1871.212 304.9434
1871.574 303.8073
1875.127 300.4159
1873.988 299.9206
1878.257 296.6206
1876.856 298.2153
1880.227 296.1843
1878.884 299.3813
1885.165 302.2399
1907.944 278.0675
1956.952 248.1396
1994.847 239.3081
2001.331 239.6898
2000.777 240.9535
2001.21 240.9075
1999.534 241.1341
1999.461 240.6956
1998.86 240.9048
1998.32 239.6987
1996.165 240.8273
1991.585 243.6966
1987.532 244.924
1981.719 245.7777
1978.597 245.7529
1975.963 245.9582
1974.271 245.7293
1971.504 246.5586
1969.497 247.2243
1966.523 248.5026
1964.886 249.2113
1963.633 250.188
1963.51 250.499
1963.459 250.9442
1963.476 251.387
1964.039 251.7781
1965.204 251.3402
1966.998 253.0384
1967.068 253.1779
1966.179 253.1315
1969.106 253.4679
1965.077 253.9652
1927.203 252.5817
1792.59 253.4596
1698.781 259.3262
1626.963 267.5889
1612.131 270.0296
1613.103 271.0303
1611.883 272.5557
1611.067 273.356
1610.393 274.1155
1610.814 274.8187
1610.593 275.0155
1610.123 275.0622
1608.963 275.3119
1607.895 275.7336
1607.621 276.0034
1607.653 276.1898
1607.536 276.4196
1607.691 276.5172
1607.647 276.6671
1607.691 276.9355
1607.837 277.2381
1608.501 277.5894
1609.082 277.7459
1608.714 278.0433
1608.329 278.3491
1607.714 278.6764
1607.419 278.9546
1607.318 279.2438
1607.627 279.4159
1607.318 279.6076
1607.028 279.7488
1606.88 279.8451
1606.803 279.9315
1607.081 279.8014
1607.194 279.4281
1607.091 279.2313
1606.576 278.7729
1606.273 278.7454
1606.841 277.7669
1623.569 274.4053
1665.416 268.0247
1756.828 257.0254
1776.591 254.6048
1784.896 253.6012
1793.851 253.0955
1796.682 253.127
1799.652 253.1582
1801.083 253.1777
1802.132 253.2129
1803.082 253.2163
1803.922 253.1631
1804.88 253.1074
1805.544 253.3343
1806.182 253.6159
1808.01 254.673
1809.045 255.1717
1809.908 255.7913
1811.011 256.0845
1812.348 257.4204
1813.364 258.2751
1814.638 259.5067
1816.541 261.4227
1817.979 262.8895
1819.502 263.8574
1821.405 265.1227
1823.642 266.349
1826.691 268.4468
1829.168 270.2153
1831.134 270.896
1832.925 271.2218
1834.781 271.9113
1835.329 270.9188
1837.673 271.6069
1834.972 268.0841
1834.666 266.7533
1834.153 265.6515
1834.199 264.6512
1835.047 264.084
1837.053 264.1416
1838.359 263.7736
1839.706 263.4491
1840.493 263.1663
1840.218 262.1517
1837.57 259.9129
1836.056 258.9777
1835.826 259.0913
1836.596 260.1605
1835.446 261.4254
1832.727 261.0915
1831.436 262.4883
1830.919 264.0036
1842.107 268.5516
1892.828 276.834
1922.801 286.6803
1923.115 289.2272
1923.597 293.4828
1997.303 328.0125
2019.496 345.9455
2024.789 351.1576
2026.667 353.3693
2027.17 355.3022
2026.577 355.563
2026.531 357.1292
2027.465 357.928
2028.498 358.7497
2030.045 358.9854
2031.89 354.7251
2032.702 353.4492
2033.359 349.8363
2033.867 343.0636
2033.9 341.1533
2034.022 339.7577
2034.007 336.9757
2033.005 341.7393
2031.889 349.7772
2027.036 396.984
2022.462 438.1751
2016.27 483.7423
2012.668 505.5843
2005.933 536.4397
2003.716 548.7869
2003.424 556.013
2003.527 563.0484
2003.041 568.0508
2003.186 572.8428
2002.869 575.5493
2002.786 579.2808
2002.601 582.7291
2001.514 584.8446
2001.145 589.0074
2001.202 594.5353
2000.673 597.9818
2000.123 596.1922
1998.698 587.6442
1997.482 575.7889
1996.976 573.8953
1996.74 576.2086
1992.345 588.3044
1977.011 603.8903
1956.847 622.7347
1944.919 639.32
1944.46 644.0152
1932.853 658.3007
1905.651 670.0813
1874.592 686.3778
1862.758 690.7916
1860.135 691.6348
1859.616 693.1877
1860.26 692.9695
1859.747 695.6285
1859.142 697.8921
1858.895 698.7039
1858.08 698.24
1860.871 693.7294
1859.239 692.2108
1857.759 691.6293
1857.089 686.4626
1856.642 682.8584
1856.232 680.1693
1854.893 678.8224
1853.451 679.4371
1851.612 680.4314
1850.358 678.2802
1849.259 676.8156
1847.827 676.8407
1846.811 676.5213
1847.069 673.8481
1847.283 673.0945
1849.237 672.113
1849.359 672.2311
1848.844 672.7564
1849.679 671.9213
1849.405 672.5408
1849.183 673.5257
1850.371 676.6301
1848.477 689.4568
1847.176 741.9368
1846.828 760.5903
1846.495 771.4464
1849.498 782.289
1850.782 787.5731
1853.009 788.5729
1855.04 787.967
1854.68 789.6641
1853.914 789.7825
1852.54 789.5222
1850.776 789.803
1849.27 789.256
1848.443 788.5081
1847.651 789.272
1847.164 789.6692
1846.641 789.3697
1846.371 788.0967
1846.165 787.6544
1845.865 787.3616
1845.699 785.8058
1845.604 784.7927
1845.626 783.7001
1846.103 781.2948
1846.03 780.9374
1846.09 780.5277
1846.325 779.9276
1846.343 779.9015
1845.951 780.2813
1845.614 780.674
1845.041 781.1006
1844.773 781.0973
1844.476 781.1664
1844.152 781.3908
1844.408 781.3839
1844.588 781.8136
1844.551 782.4097
1844.5 782.8423
1996.906 445.4688
1387.437 342.3602
713.7269 477.2586
1178.522 420.0029
2034.638 392.4813
2234.733 402.5952
2340.358 401.1367
2299.53 398.1279
2284.659 398.4512
2270.918 398.1414
2247.797 396.3856
2230.566 394.7532
2207.8 392.4058
2186.735 389.4097
2162.971 388.9494
2144.835 385.5352
2125.664 381.4199
2115.706 378.9414
2102.215 377.3654
2090.1 377.2026
2080.306 378.2004
1756.512 395.6188
1750.755 396.5213
1754.842 396.0056
1753.659 396.0195
1738.007 397.7588
1736.864 397.771
1732.587 398.3651
1730.165 398.674
1729.643 398.6165
1727.589 398.6636
1727.178 398.4281
1721.981 398.7406
1721.971 398.4945
1722.087 398.0664
1719.789 398.1414
1720.372 397.554
1721.715 397.0148
1721.934 396.3864
1730.592 393.4386
1801.829 341.6406
1818.541 332.8857
1853.316 315.5051
1858.701 313.3703
1864.883 310.3763
1866.337 308.75
1867.798 306.7814
1869.62 304.8776
1871.022 302.32
1872.317 301.3049
1873.624 300.7162
1874.356 300.7695
1875.75 301.8149
1854.603 325.5952
1898.219 283.6844
1948.817 251.6764
1988.728 241.764
1995.891 241.9469
1998.557 241.861
1997.351 242.5202
1997.972 241.8464
1998.027 241.4479
1997.332 242.0199
1996.362 242.2821
1995.809 241.638
1991.511 244.7847
1987.832 245.5807
1982.209 246.3516
1979.216 246.432
1976.725 246.3717
1975.13 246.279
1972.109 246.9414
1970.044 247.5907
1967.097 248.9006
1965.168 249.5151
1963.79 250.5369
1963.474 250.9116
1963.376 251.2427
1963.369 251.6966
1963.572 252.5091
1964.493 252.4863
1967.98 252.8979
1967.553 253.244
1967.068 253.1777
1969.677 253.5054
1965.596 253.96
1927.901 252.5249
1793.12 253.3877
1699.384 259.2445
1627.436 267.5109
1612.561 269.9738
1613.683 270.9375
1612.337 272.4647
1611.523 273.244
1611.012 273.9416
1611.281 274.6826
1611.102 274.848
1610.503 274.9209
1609.321 275.1528
1608.339 275.5239
1607.921 275.8283
1607.977 275.9852
1607.97 276.1411
1608.12 276.2868
1608.108 276.4067
1608.235 276.5641
1608.259 276.8952
1609.037 277.103
1609.436 277.4193
1609.082 277.7459
1608.851 277.9727
1608.135 278.4085
1607.793 278.7155
1607.697 278.9663
1607.884 279.2052
1607.711 279.3469
1607.377 279.5179
1607.199 279.5995
1607.162 279.5972
1607.254 279.5156
1607.268 279.194
1607.099 278.8846
1606.508 278.5273
1606.116 278.5426
1606.469 277.4775
1623.189 274.1929
1664.85 267.7682
1756.339 256.8374
1776.027 254.4398
1784.151 253.4253
1793.323 252.9924
1796.114 253.0257
1798.843 253.0329
1800.474 253.0571
1801.42 253.0327
1802.351 253.0055
1803.273 252.9642
1804.153 252.8633
1804.88 253.1074
1805.544 253.3343
1806.182 253.6157
1808.172 254.3771
1809.107 254.9393
1810.147 255.0679
1811.03 255.852
1812.107 256.8636
1813.2 257.9925
1814.275 259.1061
1816.054 261.0293
1816.902 261.4958
1819.128 263.1523
1821.234 264.3617
1823.569 265.9989
1826.581 268.2388
1828.576 269.0513
1829.907 269.1432
1832.151 270.2455
1832.786 269.416
1834.08 269.734
1832.396 266.8675
1831.471 265.3892
1831.557 264.623
1831.68 263.7075
1832.203 263.0877
1834.299 263.2446
1836.165 263.071
1837.309 262.668
1838.574 262.5033
1838.362 261.463
1835.535 259.0319
1834.682 258.25
1833.747 257.3564
1835.827 259.0913
1833.968 258.659
1832.077 259.6141
1830.676 260.4005
1830.295 262.2051
1841.482 266.5862
1892.408 274.6281
1922.517 284.4741
1922.801 286.6803
1923.115 289.2272
1997.303 325.1781
2019.449 341.687
2024.654 348.2731
2026.421 350.3486
2026.712 351.7308
2026.125 352.8856
2025.873 354.1177
2026.893 355.7653
2027.875 356.8961
2029.178 356.9451
2031.311 353.5215
2032.161 352.3955
2032.831 348.5601
2033.538 342.0962
2033.741 340.1027
2033.957 338.1665
2034.167 335.5373
2033.455 339.7277
2032.434 347.8195
2027.457 394.6859
2022.857 434.6797
2016.402 480.6052
2012.691 502.0638
2005.18 531.0165
2003.074 544.5469
2002.286 551.6313
2001.727 556.6218
2001.712 562.9143
2002.019 566.8913
2001.979 570.1204
2002.052 573.9824
2002.08 576.034
2001.241 579.3297
2000.81 583.9891
2000.824 589.0145
2000.495 592.5421
1999.952 591.1122
1998.638 580.8538
1997.472 570.9262
1996.881 567.1962
1996.606 570.321
1992.364 583.2798
1977.366 596.8477
1957.407 617.8334
1945.447 634.5718
1945.154 639.3162
1933.262 654.5392
1906.224 666.0414
1875.284 682.0196
1863.591 687.0645
1861.111 687.6053
1860.401 689.9429
1860.804 690.2617
1860.265 692.9695
1859.752 695.6287
1859.669 696.6193
1859.473 695.3904
1862.075 691.5781
1862.374 687.2951
1859.471 689.407
1859.065 684.364
1858.361 681.3382
1857.984 678.8372
1857.038 677.3312
1854.994 678.3708
1853.525 679.0866
1851.961 677.1298
1850.702 675.7963
1849.52 675.6164
1848.224 675.5047
1848.287 672.9339
1848.845 671.869
1850.474 671.1042
1850.623 671.1619
1850.798 671.0503
1851.023 670.7078
1850.966 671.049
1850.29 672.3419
1851.48 675.3494
1849.759 687.8591
1848.331 740.5381
1847.854 759.2537
1847.827 769.7079
1850.279 780.9924
1851.688 785.7172
1853.584 787.2609
1855.585 786.784
1855.713 788.2366
1854.825 788.7577
1853.66 788.5652
1852.167 788.6681
1850.211 788.5095
1849.195 787.8242
1848.443 788.5081
1847.651 789.272
1847.197 788.8206
1846.792 787.6982
1846.481 787.303
1846.248 786.9324
1846.051 785.4016
1845.963 784.4298
1845.929 783.1853
1846.378 780.9205
1846.375 780.5034
1846.372 780.1746
1846.7 779.5553
1846.711 779.4843
1846.332 779.8792
1845.844 780.2604
1845.336 780.5826
1844.991 780.6212
1844.784 780.6993
1844.592 780.7736
1844.816 780.9255
1844.925 781.3961
1844.965 781.8987
1844.79 782.3932
1844.763 782.5231
1844.414 783.1399
1844.57 782.9269
1844.917 782.5941
1844.612 782.9846
1845.035 783.2555
1844.748 783.5043
1844.639 783.5657
1845.675 782.7278
1845.748 782.3509
1845.652 782.2584
1846.332 782.0649
1843.394 780.6891
1739.801 774.2437
1668.169 770.2629
1613.051 764.9072
1570.087 759.061
1561.641 757.5555
1556.581 756.5733
1552.728 755.6894
1551.283 754.8574
1551.336 753.7381
1550.466 752.9351
1549.781 751.8817
1550.882 750.7874
1550.609 750.2569
1550.367 749.6425
1550.186 749.1407
1550.286 748.5596
1550.261 748.1892
1549.946 747.6433
1549.445 747.3278
1549.571 746.9861
1609.611 741.6089
1693.006 728.8015
1750.349 718.8327
1801.632 697.3109
1817.185 687.9453
1822.873 683.4719
1824.248 680.5381
1825 679.2513
1825.873 679.4834
1825.433 678.1035
1824.823 678.4116
1824.395 678.0781
1824.568 677.6943
1825.257 677.2371
1826.057 676.5654
1826.917 675.9589
1826.965 675.3
1826.718 674.6437
1827.077 673.8015
1826.714 672.7938
1827.139 672.4125
1827.263 671.6451
1826.675 669.5358
1826.436 668.7482
1825.911 667.7881
1825.118 666.4194
1825.299 666.0273
1825.233 666.5469
1824.53 667.223
1823.886 668.241
1823.156 668.8431
1822.4 668.4548
1821.707 668.2966
1818.01 666.3254
1806.607 662.2131
1774.086 653.4418
1750.319 642.6907
1694.248 613.4811
1681.976 605.8277
1671.309 600.7706
1661.627 596.9863
1654.864 595.5934
1647.887 594.7162
1642.951 594.1427
1636.539 593.0135
1632.231 592.3569
1630.129 592.1033
1630.17 592.9135
1640.115 597.036
1643.618 598.6522
1645.52 600.1779
1651.843 602.5848
1654.491 603.522
1654.394 603.9583
1660.538 605.9885
1662.248 606.222
1663.366 606.0704
1667.815 607.0381
1666.89 606.41
1672.71 606.6967
1675.478 606.4352
1667.941 604.7375
1657.005 601.8059
1617.613 592.2262
1552.141 577.104
1494.683 561.6304
1487.113 555.7172
1482.011 552.5982
1477.924 551.0227
1474.952 550.6873
1473.251 550.4856
1472.089 550.6774
1471.412 550.5803
1471.069 550.4409
1470.759 550.2593
1469.917 549.9948
1468.795 550.1383
1467.337 549.9172
1465.858 550.9406
1464.838 552.0122
1463.429 551.6956
1463.778 551.7311
1462.76 550.8105
1463.544 550.7579
1461.866 550.1128
1457.98 548.9082
1458.799 549.1018
1461.291 549.6099
1461.824 549.7492
1462.377 550.0548
1462.344 550.4465
1459.12 550.0502
1458.172 550.5681
1456.074 550.5428
1459.211 551.6282
1458.641 551.603
1446.554 550.8953
1418.517 547.431
1371.652 543.3066
1324.472 535.7623
1274.715 524.6356
1259.671 519.3359
1250.306 516.6638
1245.376 515.7756
1242.943 515.4157
1234.983 514.9271
1226.943 514.5153
1223.772 514.2045
1233.941 514.5474
1240.145 515.1833
1234.295 514.6832
1235.526 515.7327
1238.407 516.752
1226.908 515.3312
1228.081 515.6021
1227.463 515.8571
1209.495 515.7638
1214.977 517.2457
1202.618 517.2853
1170.802 515.6382
1151.772 514.4675
1006.996 503.8128
909.3259 494.7881
874.0508 490.5662
819.751 483.4107
789.678 478.8874
768.8425 478.6689
740.0397 476.3084
728.4193 474.9227
721.6888 474.2549
715.9365 473.7612
721.0632 474.0745
719.8245 473.5765
716.5137 473.4373
712.9248 473.561
726.3001 473.7729
723.5599 473.3009
729.8011 473.2052
733.6934 472.2139
737.4841 472.2739
732.7663 472.1473
735.6237 472.1206
747.1921 472.2238
752.8766 471.0978
753.7399 469.468
756.4105 468.3975
760.8232 467.2637
754.7786 467.7847
752.3831 467.3145
750.431 466.9199
737.9206 466.2534
733.2272 466.4282
700.9528 467.6688
670.2682 470.1831
663.3675 471.5601
660.8945 472.505
660.4343 473.6771
661.2256 474.6812
662.1016 475.5887
662.8835 476.1618
663.5137 476.2811
663.6289 475.8765
663.8441 475.096
664.377 474.9826
664.96 475.4927
665.2796 475.6999
665.8069 475.7297
666.3659 475.6971
666.9919 475.5125
667.5794 475.3026
668.7175 475.2814
669.386 475.3324
668.2855 474.5735
667.7018 472.791
667.2565 471.3659
666.6169 470.1454
666.262 469.6496
666.0247 469.2225
665.8298 468.8625
665.4811 468.23
665.3604 467.6017
665.3926 467.3843
665.5397 467.3418
665.8623 467.4241
666.2263 467.5234
666.5609 467.5829
666.9222 467.6393
667.4099 467.7521
667.8086 467.7546
668.1755 467.7972
668.5687 467.8436
669.4531 467.9585
670.7552 468.0443
673.0664 468.1922
675.0222 468.4141
678.8694 468.6737
686.0095 469.2206
692.6647 469.764
707.127 469.4048
778.6497 455.9103
842.4798 438.7747
934.6432 413.7253
949.7663 412.9263
967.3795 411.8066
1212.929 364.8145
1230.296 362.2754
1249.094 359.3504
1274.792 355.0361
1294.34 351.4984
1462.755 284.3438
1507.664 295.4692
1572.014 285.5798
1588.817 280.7009
1554.568 273.5576
1537.339 272.3587
1553.233 269.9604
1576.677 266.8092
1599.173 265.1216
1629.237 261.9509
1673.232 267.2386
1700.573 272.7029
1729.701 276.1414
1737.35 284.6367
1738.833 288.9255
1749.394 290.9118
1731.025 295.2503
1726.964 296.5071
1695.547 300.7856
1692.368 301.5581
1692.941 301.0698
1682.657 302.2358
1683.059 301.8838
1682.117 301.2446
1678.681 301.0497
1693.514 297.8755
1723.6 292.5753
1748.689 288.4191
1806.352 279.4738
1899.808 265.7653
1929.397 262.5176
1946.323 259.5244
1947.935 257.9164
1954.064 256.3454
1959.111 254.9692
1960.732 253.932
1965.245 252.6719
1964.358 254.0116
1961.153 255.654
1958.833 257.2524
1946.835 261.1401
1941.631 262.5521
1940.017 263.0536
1934.056 264.3934
1930.344 265.1724
1927.014 266.1206
1926.79 267.1211
1930.857 266.8916
1930.686 267.6776
1930.953 268.1422
1929.444 267.8343
1928.459 267.4111
1923.679 267.4717
1923.322 267.1701
1920.269 267.8154
1921.123 267.5399
1921.992 267.1152
1934.797 263.9458
1971.866 255.6296
1844.816 782.4753
1845.205 782.2311
1845.121 782.5355
1845.412 782.9933
1845.208 783.2078
1845.227 783.2076
1846.153 782.4423
1846.425 782.0396
1846.198 782.0975
1846.998 781.9507
1844.376 780.6144
1740.649 774.2294
1669.009 770.2759
1614.153 764.9568
1571.028 759.1592
1562.601 757.7367
1557.77 756.9375
1553.669 756.1024
1552.146 755.3314
1552.313 754.379
1551.246 753.5421
1550.526 752.5948
1551.419 751.4461
1551.138 750.9293
1550.847 750.3851
1550.592 749.8249
1550.62 749.1617
1550.662 748.8418
1550.261 748.1892
1549.798 747.848
1550.024 747.6736
1610.095 742.0783
1693.535 729.2339
1751.021 719.3266
1802.191 697.6906
1817.647 688.2922
1823.299 683.8391
1824.635 680.9427
1825.536 679.84
1826.248 679.9468
1826.327 679.7155
1825.048 678.8396
1824.715 678.7322
1824.79 678.2145
1825.487 677.7988
1826.284 677.3107
1827.101 676.5936
1827.218 675.9935
1826.965 675.3
1827.531 675.0282
1827.077 673.8015
1827.436 673.2162
1827.559 672.6151
1827.639 671.8143
1826.907 669.6693
1826.436 668.7481
1825.91 667.7881
1826.001 667.1332
1826.108 667.7345
1825.949 668.8534
1825.25 669.568
1824.73 670.1835
1824.688 670.0989
1824.244 669.8721
1821.707 668.2966
1810.49 664.076
1778.543 655.4463
1757.717 645.7188
1700.204 615.7891
1688.001 608.0145
1679.279 603.4824
1668.706 599.2795
1662.097 597.8243
1657.205 597.4523
1650.592 596.2746
1645.553 595.4528
1639.527 594.2472
1637.391 593.9332
1638.902 595.0588
1648.258 598.9251
1650.629 600.1971
1653.513 601.8501
1658.537 603.9533
1659.6 604.5765
1661.561 605.4908
1665.967 607.1874
1667.186 607.3412
1668.979 607.3929
1672.382 608.1884
1670.96 607.5251
1675.994 607.7119
1678.524 607.4745
1671.425 606.0431
1659.417 602.7703
1619.487 593.037
1554.537 578.1942
1496.36 562.3869
1488.706 556.4531
1483.92 553.5378
1479.269 551.7049
1476.672 551.5108
1474.619 551.0894
1473.519 551.2385
1473.297 551.2191
1472.518 550.9224
1472.186 550.7615
1471.807 550.7058
1470.341 550.7627
1468.905 550.553
1467.495 551.6231
1466.262 552.5896
1465.217 552.423
1465.429 552.402
1464.327 551.4427
1465.11 551.3687
1463.544 550.7579
1461.867 550.1128
1460.661 549.6087
1463.234 550.1165
1464.501 550.3995
1464.905 550.6399
1464.885 551.0351
1463.456 550.9745
1462.055 551.318
1460.28 551.2766
1464.14 552.398
1463.902 552.4077
1453.396 551.9375
1425.244 548.4417
1378.63 544.3209
1334.393 537.1252
1283.148 525.7289
1268.396 520.421
1262.209 518.1024
1254.968 516.9094
1252.686 516.5162
1246.978 516.215
1237.112 515.5863
1234.583 515.3564
1244.623 515.7435
1251.675 516.5414
1246.29 516.1066
1250.828 517.4622
1251.189 518.0191
1243.923 517.2715
1239.907 516.3287
1240.509 516.5315
1239.86 517.0342
1228.061 517.7899
1219.165 518.0226
1183.66 516.2846
1164.578 515.1757
1031.825 505.2604
921.5156 495.4756
885.779 491.2733
831.1439 484.0532
801.0124 479.5451
783.1068 479.4509
749.9756 476.8333
739.3691 475.39
730.7982 474.6034
724.7239 474.0283
731.3255 474.3066
727.9235 473.7638
723.4688 473.627
722.2809 473.8859
732.8467 474.0532
731.2402 473.6216
735.7324 473.4349
738.8431 472.3706
742.9632 472.4383
737.4844 472.2739
739.6976 472.3032
751.7227 472.5506
756.2288 471.3926
756.803 469.744
759.8987 468.8219
763.2253 467.6183
757.1282 468.1196
754.7786 467.7847
752.3831 467.3145
741.2471 467.0474
734.5638 466.7493
702.4229 468.0003
671.279 470.433
664.1999 471.7464
661.8379 472.8481
661.1296 473.9111
661.6155 474.8971
662.6068 475.8561
663.1091 476.3405
663.6273 476.395
663.7952 476.0622
664.0254 475.2766
664.5593 475.1587
665.07 475.6476
665.4099 475.7729
665.877 475.8275
666.4407 475.7021
667.0156 475.5438
667.6494 475.3187
668.7852 475.311
669.4388 475.3786
668.2813 474.6504
667.6771 472.8592
667.1523 471.4323
666.5251 470.2132
666.1833 469.6802
665.8389 469.2334
665.6413 468.856
665.3242 468.2352
665.153 467.5811
665.2278 467.349
665.3942 467.3125
665.7256 467.3895
666.0374 467.52
666.36 467.5871
666.6755 467.658
667.1572 467.7622
667.4268 467.7432
667.8125 467.7427
668.1794 467.7847
668.5745 467.8382
669.4352 467.9331
670.707 468.0443
672.2871 468.2381
675.0222 468.4141
678.3558 468.7091
685.6624 469.3343
698.7588 468.9704
766.2295 455.6525
829.3063 438.8664
923.6338 414.2189
1023.428 381.0851
1037.929 379.846
1054.882 378.255
1070.007 376.6917
1087.202 374.7401
1105.767 372.4159
1131.065 368.8851
1201.742 292.3192
1274.829 289.3148
1393.933 286.5324
1431.767 281.662
1462.453 278.1055
1486.333 277.2555
1510.933 273.9741
1533.27 271.5573
1564.334 268.5446
1584.086 266.4119
1631.591 271.2274
1659.042 275.951
1684.475 279.9611
1703.887 287.1885
1710.224 291.2402
1716.179 293.5072
1723.488 297.1414
1719.594 298.8382
1689.657 302.3416
1685.932 302.9564
1683.01 302.9622
1674.418 303.7827
1674.764 303.5381
1671.272 303.4438
1669.166 302.9678
1681.933 300.0929
1713.86 294.3768
1739.972 290.1066
1796.232 281.522
1889.693 267.5876
1911.936 264.0928
1927.76 262.2142
1936.381 260.0615
1943.679 258.2572
1949.502 256.6966
1951.579 255.5588
1953.717 254.6032
1956.275 255.3778
1954.292 256.9121
1950.444 258.8003
1940.271 262.3477
1936.013 263.5513
1932.841 264.2145
1928.335 265.2773
1923.135 266.324
1921.486 267.0353
1921.508 268.0446
1924.12 268.0548
1925.529 268.571
1925.924 269.0054
1923.444 268.9289
1923.486 268.3825
1919.045 268.4484
1917.821 268.422
1915.719 268.9425
1915.4 269.0863
1917.829 268.3079
1930.747 265.1237
1966.886 257.0052
2013.443 249.2148
2017.441 248.1732
2047.464 243.0397
2070.463 239.8123
2075.803 239.8203
2077.036 239.8687
2078.097 240.0036
2078.908 240.0217
2078.983 239.9928
2081.067 239.5107
2077.584 241.341
2078.087 242.8459
2074.685 244.9058
2071.772 245.9121
2068.884 246.897
2064.191 248.1232
2062.371 248.5168
2061.535 248.7051
2059.627 249.1432
2060.316 249.2998
2061.294 249.6421
2062.275 249.6457
2062.598 249.3027
2062.956 249.1667
2063.244 249.1664
2063.914 249.2057
2064.126 249.3693
2064.283 249.4574
2065.348 249.3537
2065.35 249.2467
2065.408 249.1349
2064.603 249.4904
2064.37 249.8815
2064.377 250.196
2063.79 250.3224
2063.935 250.2135
2064.577 249.9821
2064.489 249.9012
2064.179 249.887
2063.354 249.95
2061.869 250.1006
2059.225 250.3273
2057.327 250.3934
2052.948 250.6151
2053.35 250.4142
2049.684 250.3727
2048.851 250.2034
2050.144 249.9411
2050.016 249.6865
2050.376 249.5843
2051.867 249.48
2052.984 249.361
2055.98 249.061
2057.579 249.0514
2059.767 249.1751
2060.093 250.4699
2061.227 250.7406
2062.553 250.9214
2063.373 251.0218
2062.851 251.5664
2061.879 252.3019
2062.679 252.1481
2063.656 252.023
2063.823 252.3094
2062.328 252.9543
2058.798 253.2904
2054.935 253.5838
2054.176 253.8927
2053.542 254.1574
2053.032 254.4406
2054.151 255.3595
2054.391 256.5153
2060.448 258.0906
2063.004 259.0448
2070.923 261.0711
2116.206 265.373
2150.686 269.279
2208.913 276.6863
2254.953 282.8517
2263.735 284.5492
2267.897 285.3346
2265.576 284.9007
2266.171 284.6904
2265.623 283.0537
2272.293 283.3738
2269.854 282.2253
2262.406 280.9017
2261.34 280.5104
2254.915 278.8198
2252.578 277.8065
2243.012 275.701
2236.688 274.9066
2232.925 274.8654
2225.754 274.1501
2222.528 273.8864
2217.913 273.0431
2213.708 272.6427
2208.727 272.6564
2206.039 273.013
2203.615 273.3464
2198.464 273.3254
2197.012 273.4551
2196.449 273.7786
2196.777 273.8224
2197.469 273.9284
2198.555 274.3128
2199.499 274.6621
2200.779 275.0693
2201.866 275.1979
2202.622 275.4798
2204.61 275.1525
2205.621 275.1727
2206.536 275.2612
2208.198 275.0558
2209.146 274.839
2210.624 274.172
2210.931 274.0156
2209.938 273.8558
2203.718 269.881
2188.9 263.0845
2174.79 255.8411
2164.313 250.6188
2157.399 247.3669
2148.299 244.6878
2144.806 243.8415
2144.389 243.6468
2144.337 243.8434
2143.912 243.6475
2143.463 243.9613
2143.923 244.0928
2143.838 244.27
2144.012 244.2528
2144.485 244.182
2144.862 244.3005
2144.995 244.3706
2144.768 244.547
2144.488 244.4922
2144.193 244.2822
2144.071 244.0071
2144.219 243.5311
2144.498 242.821
2144.496 242.5495
2144.718 242.4453
2144.948 242.506
2145.603 242.7039
2146.979 243.113
2148.574 243.4521
2150.757 243.9763
2152.614 244.4793
2154.592 245.0835
2158.401 246.1336
2162.242 246.9277
2165.769 247.8465
2171.181 249.2796
2192.912 254.6514
2197.74 254.7863
2209.634 257.5382
2214.184 258.2609
2221.9 260.085
2221.918 260.5326
2227.632 262.4715
2235.654 265.9513
2248.74 270.1813
2265.671 296.4328
2305.119 327.9855
2361.392 363.4705
2394.406 381.7658
2429.093 397.3407
2469.941 416.0617
2486.135 423.9085
2513.009 436.3841
2530.604 446.6808
2541.453 452.4367
2542.651 455.7507
2539.948 457.4302
2539.336 459.3578
2540.247 460.362
2539.821 460.9701
2539.269 462.2817
2538.223 462.7959
2540.26 464.7747
2541.22 466.6751
2540.876 467.5506
2534.511 465.4876
2529.603 462.4121
2528.08 459.75
2528.37 456.4049
2531.702 456.7775
2533.442 454.2601
2534.118 453.3254
2536.208 454.3739
2534.249 453.2858
2532.917 453.0752
2530.126 452.4849
2528.288 452.6584
2524.81 452.562
2522.768 452.766
2520.541 452.9834
2521.279 453.7274
2520.335 454.6509
2518.103 454.6431
2515.966 454.8955
2512.981 453.7124
2511.715 452.6883
2495.354 451.1523
2461.731 447.7
2400.226 449.3845
2378.559 453.7295
2364.894 457.8224
2359.058 459.3032
2352.738 460.8029
2349.957 460.9261
2348.497 460.5571
2347.366 460.0871
2346.499 459.6212
2344.528 458.9894
2342.987 458.4837
2341.328 458.0342
2338.907 457.2044
2337.185 455.9977
2334.565 454.8758
2335.037 453.4435
2334.366 452.3655
2330.35 450.8309
2322.086 445.6479
2310.021 439.6851
2305.407 438.1787
2297.297 435.8854
2241.656 414.2214
2196.955 396.9406
2106.962 360.0545
2080.294 349.2743
2048.727 338.0371
2040.284 334.5682
2037.854 332.4852
2033.594 330.9305
2034.458 330.8405
2033.899 330.9639
2033.271 331.1299
2031.898 331.2521
2029.768 331.2616
2026.427 330.8747
2016.81 328.7967
2023.221 327.6317
2028.078 327.0511
2038.429 328.3175
2040.657 328.375
2038.896 327.6973
2042.527 328.1909
2045.569 328.6779
2047.551 329.1725
2050.864 329.7791
2051.492 329.8563
2051.855 329.8856
2052.063 329.9897
2054.643 331.1487
2053.982 331.3592
2054.014 331.6761
2056.452 332.479
2057.365 332.3335
2055.093 332.5374
2041.424 330.4569
2014.653 327.0365
1958.143 322.1331
1898.455 316.0169
1831.324 307.8398
1819.297 306.2231
1812.876 305.5073
1809.075 305.1825
1805.895 304.8397
1799.151 303.9964
1794.142 303.3416
1790.588 301.8455
1791.204 301.0601
1786.181 299.3921
1788.389 298.7956
1785.328 298.1798
1789.497 298.2419
1789.136 298.0501
1790.339 298.0919
1792.892 297.8975
1796.593 297.8299
1799.702 297.9134
1802.041 298.2409
1803.402 298.933
1804.093 299.526
1804.197 299.9355
1804.697 300.3366
1805.095 300.4541
1803.519 300.4909
1804.531 301.1738
1809.638 302.7357
1809.587 303.1058
1810.778 303.9531
1809.553 303.9432
1809.853 304.4263
1812.012 304.8512
1811.9 304.8076
1810.299 304.6133
1807.911 304.3776
1805.701 304.0942
2043.549 243.9927
2065.682 240.943
2072.378 240.6183
2073.796 240.6287
2075.335 240.6457
2076.2 240.6312
2076.637 240.5016
2077.849 240.1486
2075.521 241.7217
2075.71 243.2419
2072.841 245.2142
2070.064 246.1703
2066.73 247.2082
2062.452 248.3546
2060.7 248.7721
2059.469 249.0845
2058.06 249.464
2058.579 249.6488
2059.771 249.9115
2060.753 249.9023
2060.641 249.6325
2061.381 249.4253
2061.712 249.3892
2061.87 249.4393
2062.594 249.4852
2062.753 249.5703
2063.588 249.4972
2063.899 249.3976
2063.618 249.3208
2063.166 249.5973
2063.12 249.9577
2062.949 250.2918
2062.183 250.492
2063.181 250.319
2063.582 250.1797
2064.27 250.0239
2064.095 250.043
2063.33 250.1029
2061.758 250.3351
2058.983 250.5299
2057.003 250.6364
2052.597 250.818
2052.948 250.6151
2049.052 250.6143
2048.234 250.3486
2048.377 250.1782
2049.062 249.7717
2049.354 249.6514
2050.376 249.5843
2051.613 249.4797
2053.007 249.4076
2055.97 249.2349
2057.459 249.3817
2058.466 250.5759
2059.733 250.8431
2060.827 251.0553
2062.165 251.1605
2061.829 251.7422
2060.904 252.4909
2061.879 252.3021
2062.679 252.1481
2063.011 252.3851
2061.418 253.0021
2057.09 253.2516
2053.776 253.4722
2052.246 253.6388
2051.672 253.856
2050.656 254.0267
2048.941 254.2839
2050.448 255.6693
2052.521 256.4495
2057.009 257.8044
2061.974 259.1636
2110.296 263.9922
2144.994 267.8739
2200.073 274.549
2247.922 281.2552
2256.452 282.9469
2262.235 284.0794
2258.422 283.2832
2260.461 283.4844
2259.735 281.8813
2264.345 282.0215
2264.833 281.5281
2258.213 280.3364
2255.236 279.7503
2251.59 278.464
2248.624 277.4141
2240.976 275.5257
2235.298 274.6764
2231.874 274.4217
2225.617 273.7902
2223.161 273.2899
2218.639 272.6509
2214.681 272.1973
2209.839 272.1548
2207.162 272.5
2204.552 272.8633
2199.485 272.646
2197.58 272.9603
2196.881 273.1061
2196.824 273.4438
2197.241 273.5877
2198.071 273.8128
2198.895 274.2627
2199.854 274.5882
2201.042 274.9144
2201.866 275.1979
2203.45 274.7298
2205.039 274.895
2205.987 275.0389
2207.678 274.8307
2208.917 274.6997
2210.559 274.0441
2211.068 273.9632
2210.285 273.7864
2204.098 269.8078
2189.342 262.9668
2175.122 255.73
2164.637 250.4657
2157.612 247.2313
2148.543 244.4326
2144.92 243.6766
2144.456 243.5222
2144.389 243.6468
2143.956 243.4653
2143.577 243.7132
2144.076 243.814
2144.031 244.0368
2144.315 244.0694
2144.751 244.1191
2145.148 244.2936
2145.402 244.5212
2145.018 244.6948
2144.731 244.6413
2144.54 244.4785
2144.293 244.1008
2144.31 243.6243
2144.339 242.8553
2144.159 242.541
2144.143 242.3916
2144.291 242.4066
2144.742 242.5169
2145.722 242.7881
2147.221 243.0947
2148.711 243.397
2150.799 243.9082
2152.671 244.4661
2154.861 244.9904
2159.058 245.8896
2162.187 246.7217
2165.42 247.5817
2170.075 248.4536
2187.679 252.1522
2195.69 253.7145
2206.921 256.1772
2210.946 256.8856
2212.209 257.6662
2218.086 259.6359
2224.565 262.5465
2239.154 267.0654
2257.06 293.3613
2297.29 324.9224
2353.173 359.9824
2388.494 379.2289
2421.516 394.0407
2463.427 413.1813
2478.502 420.2813
2507.903 433.7806
2526.062 444.1676
2536.698 449.5409
2539.069 453.2959
2536.924 455.0407
2536.109 456.4684
2537.99 458.0728
2537.912 458.9355
2536.577 459.4494
2536.442 461.0402
2538.223 462.7959
2538.052 464.1891
2537.482 465.6704
2531.85 464.1776
2527.077 461.1449
2525.199 458.2961
2525.555 454.8877
2528.356 455.0249
2530.869 452.8799
2532.121 452.2249
2533.318 452.5573
2532.343 451.8262
2531.371 451.7879
2528.635 450.8456
2527.268 451.1836
2524.24 451.2635
2522.395 451.6733
2520.417 451.7549
2521.244 452.5856
2520.638 453.2056
2518.505 453.7054
2516.655 453.7523
2513.711 452.9155
2512.437 451.9562
2496.448 450.2953
2462.675 447.0544
2401.424 448.7845
2379.569 453.2977
2366.198 457.4023
2360.661 458.9337
2354.14 460.6242
2351.434 460.8625
2350.044 460.5625
2349.18 460.183
2348.162 459.7734
2347.102 459.4456
2345.123 459.05
2343.537 458.7054
2342.605 458.4038
2340.409 456.993
2338.083 455.9124
2338.639 454.4928
2338.386 453.6131
2334.561 452.2046
2326.429 447.1102
2314.611 441.1947
2310.021 439.6851
2305.407 438.1787
2251.15 416.8901
2204.812 399.2086
2112.738 361.5619
2086.189 350.7427
2054.816 339.3973
2046.411 335.8371
2044.051 333.6852
2039.824 332.0999
2040.628 332.0421
2039.999 332.2321
2039.226 332.443
2037.866 332.6253
2035.403 332.5771
2031.99 332.1901
2028.644 331.5838
2035.591 330.6525
2036.655 329.2656
2043.635 329.7361
2045.77 329.8062
2044.046 329.1313
2047.503 329.571
2050.554 330.0588
2052.179 330.4401
2055.44 331.0394
2055.874 331.0853
2056.217 331.1447
2056.208 331.1913
2058.792 332.3338
2058.115 332.4904
2058.056 332.7171
2060.433 333.41
2061.348 333.1664
2059.03 333.2386
2045.375 331.0843
2018.616 327.6385
1962.159 322.6305
1902.499 316.4766
1835.302 308.1569
1823.175 306.549
1816.761 305.8143
1812.876 305.5075
1809.074 305.1825
1803.315 304.4678
1799.151 303.9964
1793.381 302.2619
1793.946 301.5049
1794.904 301.0392
1790.919 299.3271
1788.389 298.7957
1792.216 298.7769
1791.894 298.5905
1793.127 298.6595
1795.843 298.494
1799.598 298.473
1802.757 298.5316
1805.167 298.8662
1806.385 299.4954
1807.256 300.0858
1807.026 300.3926
1807.055 300.6948
1807.371 300.7728
1808.515 301.1475
1809.255 301.846
1811.204 302.9461
1812.571 303.5583
1812.98 304.2827
1811.817 304.2542
1813.085 304.8094
1814.364 305.0954
1814.301 305.0461
1812.881 304.8646
1810.298 304.6133
1807.911 304.3776
1805.719 304.0623
1803.541 303.7567
1802.883 303.7085
1804.027 304.1104
1803.424 303.8947
1805.514 303.6681
1804.103 303.2809
1803.75 302.425
1809.633 302.3867
1813.026 302.2946
1816.488 302.2772
1819.991 302.4082
1824.22 302.4331
1827.615 302.5933
1831.622 302.7428
1835.747 302.9883
1840.678 303.3457
1845.347 304.0166
1848.248 304.7827
1849.24 304.9792
1849.102 305.1544
1850.448 304.2754
1864.689 298.2848
1882.102 286.5015
1920.209 263.6719
1920.18 263.1126
1928.637 258.9434
1938.776 255.5835
1941.333 254.2728
1941.44 253.9987
1943.216 252.9731
1944.951 251.7298
1946.108 251.0438
1946.345 250.8639
1946.762 250.1429
1947.644 250.5129
1948.01 250.0728
1948.755 251.3828
1948.932 250.9474
1949.798 251.0885
1951.315 251.1439
1951.543 250.8299
1951.537 250.4718
1951.8 250.0895
1951.405 249.6647
1950.078 249.0145
1949.382 248.6266
1947.537 248.1577
1945.589 247.6481
1943.424 247.1986
1941.608 247.026
1938.524 246.7179
1935.91 247.2422
1933.237 247.0446
1930.559 247.2959
1928.986 247.397
1926.867 247.318
1927.155 247.7725
1926.45 247.935
1925.168 247.5574
1922.898 246.9935
1918.694 246.0379
1913.915 244.9308
1909.147 243.8861
1889.833 237.4282
1860.57 217.9647
1791.654 191.0218
1761.579 183.8823
1739.215 179.349
1726.74 176.8311
1724.876 176.036
1732.123 180.6623
1734.766 182.2402
1734.015 181.8512
1734.49 182.2144
1732.418 181.8589
1728.646 180.7668
1731.398 178.6831
1733.427 177.3001
1739.732 176.2552
1744.507 175.5669
1746.534 175.0915
1749.037 174.6458
1751.201 174.0846
1756.673 173.6943
1762.337 173.6108
1763.115 173.3456
1762.619 172.9111
1762.329 171.8338
1762.968 171.668
1762.882 171.4713
1762.716 171.7575
1762.192 171.2601
1762.065 171.3597
1761.628 171.5923
1761.122 171.0911
1760.527 171.082
1760.014 172.1429
1759.779 172.0947
1759.424 171.6727
1759.396 171.6824
1759.214 171.5872
1758.738 171.2809
1758.338 170.964
1758.441 171.2625
1758.798 171.7827
1759.238 172.4216
1759.736 173.099
1760.15 173.5973
1760.638 173.3031
1764.023 172.113
1766.74 171.7415
1768.384 171.6156
1769.286 171.5319
1770.199 171.4391
1770.589 171.3848
1772.226 171.3044
1773.491 171.236
1774.713 171.1748
1775.794 171.1287
1776.579 171.1167
1777.113 171.1152
1777.652 171.1182
1778.096 171.1266
1778.487 171.1276
1778.709 171.1315
1779.04 171.1481
1779.289 171.1833
1779.395 171.2513
1779.323 171.3019
1779.277 171.3519
1779.135 171.3947
1778.9 171.4408
1778.488 171.4961
1777.911 171.5464
1777.516 171.5973
1777.112 171.6512
1776.476 171.666
1776.054 171.7047
1775.119 171.6047
1774.298 171.4933
1773.887 171.3534
1774.798 174.3773
1775.778 188.4064
1776.596 199.5853
1778.422 221.9497
1779.532 232.6699
1781.791 249.4435
1784.418 258.4541
1787.913 263.7904
1790.188 265.4543
1793.108 266.6268
1794.473 267.1825
1795.763 267.779
1796.177 267.9087
1796.671 268.2645
1796.908 268.57
1796.837 268.8117
1797.396 268.8384
1797.172 269.4484
1797.154 269.7545
1797.102 270.0068
1796.989 270.3237
1796.852 270.748
1796.601 270.9613
1796.318 271.3337
1796.043 271.6854
1795.877 271.8944
1788.937 271.707
1752.418 270.9756
1690.38 271.058
1623.37 272.8877
1566.323 275.9481
1556.913 276.3939
1553.497 276.5145
1549.595 276.5741
1547.918 276.575
1546.741 276.7074
1546.461 276.8361
1546.013 276.9347
1545.349 277.0535
1544.868 277.1519
1544.389 277.2648
1543.757 277.4842
1543.692 277.5879
1542.906 277.8143
1541.395 278.0371
1539.54 278.2817
1536.061 278.6893
1532.042 279.0121
1523.309 279.7677
1515.54 280.7088
1500.885 282.8356
1483.339 286.8794
1471.618 290.9026
1463.586 294.5039
1452.616 302.0143
1445.308 320.0514
1434.53 331.7282
1411.793 359.7671
1398.231 369.6605
1388.636 373.423
1377.885 393.1528
1367.933 402.3087
1357.397 410.1356
1348.455 414.5111
1339.763 418.984
1320.917 429.0535
1320.512 448.4792
1304.362 455.6602
1317.228 454.9067
1334.614 453.8716
1342.676 453.8701
1343.967 454.5695
1354.743 452.854
1345.952 453.7406
1342.247 449.8307
1338.249 445.5989
1330.588 445.2866
1341.998 437.2349
1340.206 434.3892
1330.24 436.2845
1290.926 442.7515
1256.462 449.7595
1183.417 459.1012
1122.987 466.1395
1104.595 469.3441
1094.635 471.8958
1081.748 474.4118
1080.152 475.6678
1071.402 477.9463
1078.541 477.2388
1075.454 478.1488
1067.108 480.2758
1059.181 482.0994
1055.829 482.636
1051.243 481.3445
1030.47 480.0216
977.9578 481.4344
969.8042 482.4109
934.6478 483.2962
850.6663 487.7904
760.0775 491.058
748.5794 490.8156
741.3528 490.0893
738.2048 489.2186
738.2751 488.7122
738.3997 488.4175
732.8083 486.8399
730.822 485.9807
729.1494 485.3
726.8405 485.6464
726.377 486.4272
735.572 486.2184
741.152 486.0655
744.2861 486.0432
750.0518 485.6017
750.7715 485.8174
739.5706 485.3628
730.1419 481.299
721.7816 479.4674
716.1689 479.0267
709.5566 478.5469
707.0869 478.5093
703.1351 478.2313
704.0895 477.6785
703.0681 477.5656
703.1836 477.505
704.1999 477.3105
705.9525 477.2036
708.4319 477.1151
710.053 477.0186
710.5713 477.0903
710.639 476.9484
710.9202 476.7134
711.2474 476.5975
711.5156 476.3569
712.9573 476.019
713.8643 475.7923
715.0596 475.6371
716.9668 475.2977
717.8568 474.9867
719.0632 474.8314
720.0843 474.6356
721.3597 474.4985
722.7532 474.6343
725.5244 474.3717
726.8926 474.3131
728.4268 474.1613
730.4261 474.0305
728.4561 474.2476
717.2438 475.8063
708.3093 476.9307
694.2341 478.6105
682.7409 479.5412
679.1732 479.6017
675.7864 479.6385
674.7444 479.786
673.7591 479.9551
673.5189 480.0829
673.6878 480.1912
1804.974 304.0573
1805.984 304.4977
1805.271 304.2827
1807.183 304.0854
1805.514 303.6681
1805.458 303.3234
1809.642 302.777
1812.571 302.5646
1815.56 302.4434
1818.742 302.3903
1822.751 302.3895
1826.07 302.4881
1829.744 302.6837
1834.198 302.943
1839.2 303.3923
1844.003 304.1043
1847.002 304.9715
1848.145 305.2171
1848.221 305.4481
1849.772 304.5641
1864.146 298.6606
1881.528 287.7215
1920.202 264.2448
1920.209 263.6719
1928.665 259.4059
1938.748 256.0189
1941.328 254.5703
1941.333 254.2728
1943.065 253.1541
1944.771 251.8922
1945.941 251.1722
1946.108 251.0438
1946.573 250.286
1947.457 250.6475
1947.644 250.5129
1948.52 251.9609
1948.902 251.6548
1949.961 251.8153
1951.638 251.5776
1952.02 251.2959
1952.243 250.9543
1952.697 250.6063
1952.558 250.1689
1952.183 249.7526
1951.174 249.1357
1949.409 248.6227
1947.739 248.1569
1946.203 247.812
1943.664 247.4686
1941.613 247.3696
1938.58 247.7933
1936.02 247.5924
1934.36 248.0441
1931.919 247.9579
1930.968 248.1123
1930.492 248.4297
1929.732 248.6094
1929.32 248.4536
1926.641 247.8089
1922.898 246.9937
1920.083 246.2904
1913.915 244.9308
1905.324 240.5977
1866.719 219.1121
1798.741 192.0809
1768.166 184.8237
1745.552 180.1891
1733.952 177.7985
1729.943 176.7362
1736.785 181.3783
1738.91 182.9333
1737.458 182.4938
1737.802 182.8477
1735.729 182.5682
1732.937 181.8866
1734.571 179.8184
1735.29 178.269
1740.577 176.7425
1745.324 176.1336
1747.24 175.5537
1749.62 175.1283
1751.881 174.7015
1757.278 174.2049
1762.848 174.0851
1763.641 173.8252
1763.115 173.3456
1763.769 173.1582
1763.479 172.1475
1763.371 171.9352
1763.236 172.2515
1762.716 171.7575
1762.367 171.7769
1762.084 172.11
1761.628 171.5921
1761.162 171.7832
1760.385 172.6164
1760.154 172.5454
1759.779 172.0947
1759.67 171.9969
1759.66 171.9834
1759.214 171.5872
1758.738 171.2809
1758.935 171.6094
1759.039 172.0283
1759.47 172.6156
1759.861 173.2759
1760.173 173.681
1760.562 173.5635
1763.63 172.3271
1765.996 171.9113
1767.932 171.6951
1768.846 171.5988
1769.797 171.507
1770.199 171.4391
1771.81 171.3724
1773.138 171.3055
1774.282 171.2357
1775.292 171.182
1776.111 171.1356
1776.694 171.1224
1777.288 171.1172
1777.804 171.1071
1778.184 171.1206
1778.487 171.1276
1778.724 171.1255
1779.135 171.154
1779.301 171.2059
1779.237 171.2515
1779.222 171.2966
1779.079 171.3346
1778.94 171.3822
1778.533 171.4386
1777.95 171.5038
1777.497 171.5454
1777.102 171.5999
1776.45 171.6291
1776.089 171.6418
1775.193 171.6712
1774.328 171.6258
1773.85 171.4264
1774.771 174.4146
1775.709 188.4331
1776.52 199.5977
1778.375 221.9756
1779.349 232.666
1781.611 249.4492
1784.184 258.4603
1787.625 263.7969
1789.958 265.4346
1792.922 266.6006
1794.243 267.1816
1795.526 267.7746
1795.897 267.9202
1796.483 268.2705
1796.63 268.589
1796.583 268.812
1796.781 268.8105
1797.054 269.4254
1797.034 269.7302
1797.018 269.9858
1796.965 270.2995
1796.918 270.7349
1796.717 270.9611
1796.434 271.3512
1796.229 271.7023
1796.103 271.9162
1789.194 271.721
1752.697 270.9722
1690.662 271.0324
1623.628 272.8566
1566.577 275.9023
1557.176 276.3622
1553.802 276.4666
1549.892 276.54
1548.232 276.5164
1547.083 276.6216
1546.736 276.7595
1546.307 276.846
1545.756 276.9378
1545.186 277.0504
1544.816 277.1305
1544.563 277.2136
1544.724 277.2915
1544.42 277.4769
1543.711 277.6781
1542.372 277.992
1540.374 278.3372
1536.061 278.6893
1532.042 279.0121
1523.973 279.8239
1515.592 280.7819
1502.907 283.2218
1487.888 287.1948
1474.921 291.6429
1463.452 299.0612
1456.125 316.8857
1445.087 328.4263
1421.871 356.3143
1408.02 366.0843
1398.231 369.6605
1387.285 389.2082
1377.232 398.189
1366.218 406.064
1357.397 410.1356
1348.455 414.5111
1339.763 418.984
1340.534 438.1551
1323.735 446.7585
1329.066 449.9541
1346.992 449.0637
1355.324 449.3807
1357.156 450.2373
1368.086 448.7082
1360.002 449.5148
1355.362 446.0877
1351.619 442.0122
1343.918 441.9479
1355.328 434.0352
1353.22 431.2914
1343.021 433.172
1303.163 439.7098
1268.287 446.7975
1195.082 456.2013
1133.53 463.5231
1114.968 466.751
1104.595 469.3441
1091.246 471.9626
1089.586 473.195
1080.152 475.6678
1087.099 475.015
1083.722 476.0241
1075.454 478.1488
1067.108 480.2758
1064.106 480.843
1059.395 479.8027
1038.823 478.6753
987.4551 480.2176
977.9577 481.4344
941.626 482.9356
869.4922 487.3221
766.7474 491.1807
755.1341 491.0159
747.6338 490.2646
744.3252 489.3355
744.1282 488.7188
743.4951 488.3246
739.03 486.5738
735.8015 485.6757
733.8708 484.9141
731.2595 485.2205
731.5176 485.8441
739.3428 485.7494
744.6501 485.6225
747.7064 485.6082
753.1432 485.2281
754.6465 485.3704
742.4206 485.0578
732.8063 481.0411
724.1937 479.2808
718.4414 478.881
711.2503 478.474
709.014 478.4452
707.2077 478.2148
705.5192 477.6952
704.4743 477.5645
704.6481 477.5057
705.7708 477.2746
707.7363 477.1273
710.1341 477.0247
711.5801 476.9582
712.2832 477.0747
711.9798 476.9769
712.2044 476.7672
712.4541 476.6572
712.6514 476.38
713.9694 476.0034
714.7366 475.7371
715.7357 475.5535
717.4968 475.1916
718.2634 474.8594
719.292 474.7197
720.1699 474.5418
721.3073 474.3954
722.2012 474.4113
725.2109 474.299
726.4515 474.236
727.9756 474.111
730.0645 473.9753
728.1445 474.1848
716.9564 475.7385
708.0388 476.8364
693.999 478.507
682.4636 479.4583
678.8942 479.5317
675.5205 479.5788
674.4564 479.7201
673.5938 479.9193
673.3616 480.051
673.5593 480.1737
673.737 480.2002
