1920 480
1920 480
1598.325 318.7344
1596.094 307.8429
1584.81 283.4085
1578.413 273.4007
1578.511 272.4206
1578.553 272.0602
1578.865 271.7194
1579.049 271.4369
1579.15 271.141
1579.274 270.6841
1579.564 270.2674
1579.954 269.8949
1580.637 269.5272
1581.327 269.2227
1582.356 269.0747
1583.206 269.1287
1596.317 276.0836
1600.047 278.1343
1603.998 280.933
1608.336 283.6348
1613.002 286.7923
1616.628 289.6982
1621.684 296.2988
1623.077 298.8148
1624.983 302.2953
1626.695 305.7713
1627.847 309.3636
1628.848 312.9193
1629.425 316.458
1629.676 319.967
1629.714 323.4857
1629.251 326.9316
1628.591 330.2879
1628.667 326.4596
1628.368 327.7236
1625.606 334.0127
1620.027 339.0133
1609.392 342.8573
1593.804 345.3154
1576.161 346.7624
1555.642 347.9422
1544.409 348.5907
1533.234 349.237
1521.783 350.0204
1510.912 350.9313
1500.546 352.0151
1491.382 353.1338
1483.838 354.2769
1477.375 355.5015
1471.797 356.8333
1467.576 358.0944
1463.874 359.4583
1460.764 360.8716
1457.658 362.5013
1454.517 364.2316
1450.959 366.0205
1446.953 367.8239
1436.323 371.7259
1432.436 372.9404
1427.071 374.5956
1421.535 376.411
1415.624 378.5132
1409.521 380.765
1402.49 383.3617
1394.831 386.2995
1387.292 389.3906
1379.051 392.9297
1370.651 396.7393
1363.828 400.0135
1354.938 404.5936
1347.645 408.6198
1339.671 413.3169
1331.842 418.2168
1324.451 423.3262
1311.521 433.7313
1307.402 437.5963
1303.498 441.5379
1300.004 445.557
1297.007 449.9074
1294.816 454.2943
1293.325 458.6657
1292.577 462.8141
1292.318 466.9114
1292.426 470.6984
1292.756 474.2429
1293.79 480.4102
1294.441 483.4128
1295.242 486.5198
1296.482 489.8317
1297.496 492.4522
1298.861 495.4563
1300.286 498.6316
1301.997 501.8323
1304.082 505.1185
1306.708 508.4117
1311.032 512.7808
1315.449 516.1426
1319.8 519.0047
1324.527 521.6721
1331.409 525.0363
1337.515 527.6201
1344.065 530.0551
1351.337 532.5176
1359.11 534.9789
1367.318 537.4868
1375.98 539.9422
1385.173 542.2393
1394.677 544.4272
1405.482 546.6652
1416.326 548.7419
1424.499 550.2198
1436.158 552.1971
1448.705 554.0293
1462.549 555.689
1475.986 557.1611
1489.772 558.5714
1503.901 559.9661
1516.595 561.0298
1531.431 562.0435
1545.181 562.6132
1562.518 562.6909
1576.165 562.3276
1590.147 561.5816
1603.832 560.4265
1614.409 559.2991
1627.771 557.6597
1641.108 555.8258
1654.676 553.8419
1667.25 551.9059
1679.837 549.8795
1692.565 547.8058
1716.023 543.8397
1723.292 542.5466
1734.58 540.634
1746.164 538.9296
1755.927 537.735
1765.388 536.8666
1774.26 536.3766
1781.615 536.2389
1789.075 536.4072
1796.295 536.9813
1803.744 538.1459
1812.486 540.3591
1818.515 542.2916
1825.485 544.7169
1829.784 546.4438
1835.009 548.704
1840.457 551.4324
1846.475 554.807
1851.455 557.7108
1858.481 561.4514
1866.54 565.2363
1873.87 568.2237
1882.353 571.3107
1891.624 574.3893
1903.548 578.0718
1913.561 580.6747
1924.38 582.8482
1935.977 584.3856
1947.719 585.0989
1976.638 584.2066
1985.478 583.3232
1997.803 581.6349
2006.893 580.1201
2019.197 577.6415
2031.969 574.5751
2042.513 571.5594
2053.427 567.8243
2063.083 563.7356
2072.063 558.9979
2075.822 556.6564
2084.908 549.6826
2090.403 544.4462
2094.48 540.2128
2099.488 534.7944
2104.169 529.526
2109.024 524.0742
2112.838 519.6031
2116.177 515.5189
2119.146 511.7282
2121.693 508.4809
2124.288 505.3566
2127.071 502.3429
2130.112 499.3524
2132.975 496.6627
2135.68 494.1356
2138.261 491.7391
2140.932 489.1792
2143.565 486.4568
2146.273 483.4613
2149.137 480.2825
2152.315 476.8253
2155.555 473.0806
2158.632 468.9312
2161.373 464.4344
2163.865 459.5978
2166.225 454.3379
2168.533 448.8063
2170.878 442.8405
2173.003 436.5866
2174.927 429.5038
2176.491 422.043
2177.813 414.1964
2179.031 405.9339
2180.175 397.4977
2181.364 388.623
2182.514 379.0482
2183.689 369.2295
2184.88 359.8841
2186.418 349.1087
2189.652 329.4097
2190.804 323.9121
2192.76 314.9948
2194.746 306.7804
2196.902 298.0716
2199.01 289.888
2201.154 281.6782
2203.191 274.6875
2205.46 267.4953
2207.788 261.1193
2209.893 255.3454
2212.052 249.7323
2213.753 245.1211
2215.253 241.044
2216.375 237.8976
2217.334 235.2843
2217.991 233.3719
2218.621 232.0114
2219.009 231.3089
2219.252 231.07
2219.202 231.2191
2218.841 231.8336
2218.318 232.7523
2217.16 234.4443
2215.183 236.7104
2212.618 239.2804
2209.193 242.6081
2205.534 246.3529
2202.202 250.0973
2198.45 254.7262
2194.682 259.5692
2190.693 264.5794
2185.202 270.7759
2179.08 277.5041
2173.282 284.2616
2167.519 291.8682
2162.402 299.4719
2158.068 306.6081
2152.92 315.1188
2147.658 323.3957
2141.746 332.3011
2134.804 342.8094
2128.763 352.7511
2123.711 361.9691
2118.208 372.1491
2112.481 381.6393
2106.542 390.6818
2099.655 401.2505
2093.168 411.7718
2087.033 422.2747
2079.974 433.9725
2073.026 443.8477
2060.334 459.4611
2052.376 469.32
2045.815 478.0799
2039.905 485.7274
2033.011 493.9072
2027.041 500.4372
2021.142 506.6592
2016.442 511.323
2012.43 515.1599
2008.683 518.5614
2005.582 521.3997
2002.758 524.3113
2000.435 526.6886
1997.202 529.1321
1993.217 531.3441
1989.305 533.0361
1984.05 535.0343
1978.619 536.9942
1973.058 538.968
1967.02 541.0332
1960.696 543.0623
1954.264 545.0101
1949.841 546.3273
1941.01 548.8381
1932.89 551.1442
1922.372 554.4565
1912.712 557.7435
1903.906 560.9264
1892.624 565.1577
1881.624 569.4218
1870.79 573.8817
1858.841 579.3258
1847.683 585.0498
1837.732 590.5634
1826.084 597.2137
1816.003 602.2679
1920 480
1920 480
1598.325 318.7344
1596.094 307.8429
1584.81 283.4085
1578.413 273.4007
1578.511 272.4206
1578.553 272.0602
1578.865 271.7194
1579.049 271.4369
1579.15 271.141
1579.274 270.6841
1579.564 270.2674
1579.954 269.8949
1580.637 269.5272
1581.327 269.2227
1582.356 269.0747
1583.206 269.1287
1596.317 276.0836
1600.047 278.1343
1603.998 280.933
1608.336 283.6348
1613.002 286.7923
1616.628 289.6982
1621.684 296.2988
1623.077 298.8148
1624.983 302.2953
1626.695 305.7713
1627.847 309.3636
1628.848 312.9193
1629.425 316.458
1629.676 319.967
1629.714 323.4857
1629.251 326.9316
1628.591 330.2879
1628.667 326.4596
1628.368 327.7236
1625.606 334.0127
1620.027 339.0133
1609.392 342.8573
1593.804 345.3154
1576.161 346.7624
1555.642 347.9422
1544.409 348.5907
1533.234 349.237
1521.783 350.0204
1510.912 350.9313
1500.546 352.0151
1491.382 353.1338
1483.838 354.2769
1477.375 355.5015
1471.797 356.8333
1467.576 358.0944
1463.874 359.4583
1460.764 360.8716
1457.658 362.5013
1454.517 364.2316
1450.959 366.0205
1446.953 367.8239
1436.323 371.7259
1432.436 372.9404
1427.071 374.5956
1421.535 376.411
1415.624 378.5132
1409.521 380.765
1402.49 383.3617
1394.831 386.2995
1387.292 389.3906
1379.051 392.9297
1370.651 396.7393
1363.828 400.0135
1354.938 404.5936
1347.645 408.6198
1339.671 413.3169
1331.842 418.2168
1324.451 423.3262
1311.521 433.7313
1307.402 437.5963
1303.498 441.5379
1300.004 445.557
1297.007 449.9074
1294.816 454.2943
1293.325 458.6657
1292.577 462.8141
1292.318 466.9114
1292.426 470.6984
1292.756 474.2429
1293.79 480.4102
1294.441 483.4128
1295.242 486.5198
1296.482 489.8317
1297.496 492.4522
1298.861 495.4563
1300.286 498.6316
1301.997 501.8323
1304.082 505.1185
1306.708 508.4117
1311.032 512.7808
1315.449 516.1426
1319.8 519.0047
1324.527 521.6721
1331.409 525.0363
1337.515 527.6201
1344.065 530.0551
1351.337 532.5176
1359.11 534.9789
1367.318 537.4868
1375.98 539.9422
1385.173 542.2393
1394.677 544.4272
1405.482 546.6652
1416.326 548.7419
1424.499 550.2198
1436.158 552.1971
1448.705 554.0293
1462.549 555.689
1475.986 557.1611
1489.772 558.5714
1503.901 559.9661
1516.595 561.0298
1531.431 562.0435
1545.181 562.6132
1562.518 562.6909
1576.165 562.3276
1590.147 561.5816
1603.832 560.4265
1614.409 559.2991
1627.771 557.6597
1641.108 555.8258
1654.676 553.8419
1667.25 551.9059
1679.837 549.8795
1692.565 547.8058
1716.023 543.8397
1723.292 542.5466
1734.58 540.634
1746.164 538.9296
1755.927 537.735
1765.388 536.8666
1774.26 536.3766
1781.615 536.2389
1789.075 536.4072
1796.295 536.9813
1803.744 538.1459
1812.486 540.3591
1818.515 542.2916
1825.485 544.7169
1829.784 546.4438
1835.009 548.704
1840.457 551.4324
1846.475 554.807
1851.455 557.7108
1858.481 561.4514
1866.54 565.2363
1873.87 568.2237
1882.353 571.3107
1891.624 574.3893
1903.548 578.0718
1913.561 580.6747
1924.38 582.8482
1935.977 584.3856
1947.719 585.0989
1976.638 584.2066
1985.478 583.3232
1997.803 581.6349
2006.893 580.1201
2019.197 577.6415
2031.969 574.5751
2042.513 571.5594
2053.427 567.8243
2063.083 563.7356
2072.063 558.9979
2075.822 556.6564
2084.908 549.6826
2090.403 544.4462
2094.48 540.2128
2099.488 534.7944
2104.169 529.526
2109.024 524.0742
2112.838 519.6031
2116.177 515.5189
2119.146 511.7282
2121.693 508.4809
2124.288 505.3566
2127.071 502.3429
2130.112 499.3524
2132.975 496.6627
2135.68 494.1356
2138.261 491.7391
2140.932 489.1792
2143.565 486.4568
2146.273 483.4613
2149.137 480.2825
2152.315 476.8253
2155.555 473.0806
2158.632 468.9312
2161.373 464.4344
2163.865 459.5978
2166.225 454.3379
2168.533 448.8063
2170.878 442.8405
2173.003 436.5866
2174.927 429.5038
2176.491 422.043
2177.813 414.1964
2179.031 405.9339
2180.175 397.4977
2181.364 388.623
2182.514 379.0482
2183.689 369.2295
2184.88 359.8841
2186.418 349.1087
2189.652 329.4097
2190.804 323.9121
2192.76 314.9948
2194.746 306.7804
2196.902 298.0716
2199.01 289.888
2201.154 281.6782
2203.191 274.6875
2205.46 267.4953
2207.788 261.1193
2209.893 255.3454
2212.052 249.7323
2213.753 245.1211
2215.253 241.044
2216.375 237.8976
2217.334 235.2843
2217.991 233.3719
2218.621 232.0114
2219.009 231.3089
2219.252 231.07
2219.202 231.2191
2218.841 231.8336
2218.318 232.7523
2217.16 234.4443
2215.183 236.7104
2212.618 239.2804
2209.193 242.6081
2205.534 246.3529
2202.202 250.0973
2198.45 254.7262
2194.682 259.5692
2190.693 264.5794
2185.202 270.7759
2179.08 277.5041
2173.282 284.2616
2167.519 291.8682
2162.402 299.4719
2158.068 306.6081
2152.92 315.1188
2147.658 323.3957
2141.746 332.3011
2134.804 342.8094
2128.763 352.7511
2123.711 361.9691
2118.208 372.1491
2112.481 381.6393
2106.542 390.6818
2099.655 401.2505
2093.168 411.7718
2087.033 422.2747
2079.974 433.9725
2073.026 443.8477
2060.334 459.4611
2052.376 469.32
2045.815 478.0799
2039.905 485.7274
2033.011 493.9072
2027.041 500.4372
2021.142 506.6592
2016.442 511.323
2012.43 515.1599
2008.683 518.5614
2005.582 521.3997
2002.758 524.3113
2000.435 526.6886
1997.202 529.1321
1993.217 531.3441
1989.305 533.0361
1984.05 535.0343
1978.619 536.9942
1973.058 538.968
1967.02 541.0332
1960.696 543.0623
1954.264 545.0101
1949.841 546.3273
1941.01 548.8381
1932.89 551.1442
1922.372 554.4565
1912.712 557.7435
1903.906 560.9264
1892.624 565.1577
1881.624 569.4218
1870.79 573.8817
1858.841 579.3258
1847.683 585.0498
1837.732 590.5634
1826.084 597.2137
1816.003 602.2679
1806 606.1537
1794.127 609.3627
1781.325 611.859
1770.872 613.6656
1758.15 615.8943
1746.361 617.9142
1735.458 619.6713
1723.798 621.2667
1712.341 622.5547
1702.009 623.4535
1690.526 624.2964
1680.13 625.049
1671.083 625.9119
1661.358 627.248
1652.803 628.8593
1646.159 630.4367
1639.221 632.4793
1633.203 634.6898
1629.128 636.483
1623.662 639.2188
1618.751 641.9196
1613.749 644.7449
1607.687 648.0587
1601.513 651.2336
1595.248 654.3499
1587.833 658.1149
1581.005 661.6578
1574.904 664.8193
1567.714 668.5328
1561.712 671.6366
1556.584 674.3276
1550.811 677.3863
1545.642 680.1265
1541.281 682.4288
1536.647 684.8442
1532.399 686.9256
1528.866 688.6028
1524.956 690.3865
1521.325 692.0222
1518.159 693.444
1514.377 694.9818
1505.862 697.7385
1503.022 698.4591
1497.984 699.5687
1493.359 700.4927
1488.945 701.3549
1484.595 702.1841
1480.156 702.9619
1476.358 703.543
1472.499 704.0856
1468.96 704.5674
1465.567 705.0476
1462.279 705.5667
1459.263 706.1311
1455.577 706.9383
1452.689 707.5983
1449.925 708.2311
1446.496 709.0605
1443.145 709.9281
1440.088 710.7383
1436.265 711.7281
1432.602 712.6889
1429.228 713.5611
1425.49 714.4725
1422.443 715.1437
1419.768 715.6198
1416.998 715.915
1414.399 715.9802
1411.852 715.9094
1408.909 715.6747
1406.224 715.2922
1403.839 714.7318
1401.323 713.8047
1398.747 712.5498
1396.157 711.1703
1392.598 709.2225
1388.793 707.0406
1385.163 704.9816
1380.229 702.316
1374.887 699.6122
1369.329 696.9428
1362.528 693.6747
1348.083 685.9601
1342.936 682.8065
1335.53 677.9216
1328.071 672.7406
1320.528 667.3688
1307.984 658.3713
1300.099 652.6826
1297.114 650.5665
1289.1 645.0054
1280.787 639.4522
1272.838 634.3586
1264.5 629.2444
1255.83 624.2742
1243.884 618.203
1233.707 613.8021
1225.263 610.678
1214.047 607.093
1196.663 602.2599
1186.652 599.5521
1174.687 596.1364
1164.072 593.0009
1154.24 590.1089
1142.675 586.7518
1131.82 583.7065
1122.165 581.1077
1110.74 578.1904
1100.339 575.639
1090.722 573.3218
1080.013 570.7866
1069.833 568.5355
1060.527 566.7274
1049.313 564.9068
1038.315 563.4058
1027.035 562.1072
1013.756 560.7422
1001.408 559.495
989.3558 558.3406
976.3542 557.2652
964.528 556.4947
953.3356 555.9932
940.5186 555.6038
927.9844 555.3377
916.6634 555.1448
904.3828 555.0209
892.4144 555.0349
882.0374 555.1448
870.4476 555.3708
859.3174 555.7031
849.8584 556.0947
839.8125 556.6807
830.7012 557.3994
822.8581 558.1819
814.4271 559.1766
806.3848 560.2467
799.4902 561.1946
792.3171 562.1578
786.2145 562.9171
780.8655 563.4901
775.68 563.9424
771.0137 564.217
766.3831 564.3466
761.4987 564.3687
756.8821 564.2838
752.8991 564.1169
748.333 563.8352
744.2168 563.5579
740.4485 563.3702
736.3958 563.2821
732.4343 563.3336
728.6859 563.477
724.1761 563.7523
719.5156 564.1327
714.9456 564.6069
709.947 565.2679
705.2617 566.0031
701.0957 566.6829
696.5901 567.3404
692.6068 567.8631
689.0925 568.3113
685.5778 568.8121
682.4678 569.3598
679.6445 569.9875
676.6028 570.8206
673.6253 571.7807
670.9681 572.7314
667.6826 573.9394
664.5475 575.0206
661.7852 575.8782
658.9105 576.5833
656.4424 577.2509
654.4385 577.8675
652.6494 578.5519
651.0889 579.1727
649.8421 579.673
648.7949 580.0171
648.3138 580.057
648.4333 579.887
649.2643 579.4857
650.7962 578.9299
652.9238 578.2488
656.1462 577.2941
659.9766 576.221
664.0267 575.1169
669.5137 573.6736
675.1709 572.2303
680.9128 570.7952
688.6579 568.9257
697.2959 566.9387
706.2722 564.9477
717.4111 562.5694
729.5254 560.0557
740.5693 557.8344
755.5466 554.8915
769.819 552.1247
784.697 549.2051
802.6081 545.6328
820.3271 542.0456
837.1875 538.6088
856.2464 534.741
876.1048 530.7183
895.5791 526.7415
916.6201 522.4094
937.6973 518.0109
957.7246 513.788
979.5283 509.1662
1000.245 504.7249
1019.461 500.4976
1041.175 495.5727
1061.994 490.6875
1081.257 486.0514
1101.897 480.9426
1121.678 475.8631
1139.27 471.1187
1158.727 465.5021
1177.002 459.7692
1193.398 454.2412
1211.542 447.7124
1228.537 441.229
1243.762 435.0876
1260.852 427.7917
1276.337 420.7787
1290.46 414.0013
1306.332 405.8503
1320.572 397.9798
1333.106 390.6025
1346.878 382.0189
1359.437 373.7223
1370.767 365.8164
1383.188 356.6268
1394.65 347.6574
1405.595 338.6117
1417.452 328.1673
1428.264 317.665
1436.675 308.7298
1446.011 298.0355
1453.799 288.1987
1460.603 278.6538
1466.209 269.3942
1470.234 260.7007
1472.024 254.2189
1472.218 247.2191
1470.434 241.5532
1467.432 237.2736
1462.456 233.4053
1455.749 230.5265
1448.864 229.1008
1439.367 228.6991
1428.389 229.6911
1422.458 225.2969
1407.94 229.0674
1393.361 233.7365
1379.384 238.875
1361.894 246.0156
1346.268 252.8114
1330.735 260.3634
1313.558 268.8921
1296.847 277.584
1280.545 286.3892
1262.683 296.1683
1244.812 305.9081
1228.599 314.7179
1209.389 325.0056
1192.256 333.8747
1174.842 342.238
1157.374 350.1208
1140.14 357.5667
1123.351 364.7083
1105.849 372.2598
1089.061 379.5023
1073.794 386.0161
1057.456 392.8193
1042.607 398.917
1030.376 403.7959
1017.288 408.9624
1004.869 413.7827
993.7863 418.0366
981.1276 422.7201
968.4773 427.2028
959.6084 430.1499
948.7793 433.6074
939.1907 436.5086
931.11 438.9658
922.3047 441.6676
904.9082 447.4427
896.9968 450.3792
888.1611 453.7642
880.4482 456.8241
872.2864 459.9707
864.6634 462.8176
856.749 465.6597
848.7302 468.5735
839.5823 471.9878
831.3773 475.1808
823.0931 478.3999
813.3694 482.1315
805.1797 485.0764
796.1084 488.245
787.0869 491.2928
1806 606.1537
1794.127 609.3627
1781.325 611.859
1770.872 613.6656
1758.15 615.8943
1746.361 617.9142
1735.458 619.6713
1723.798 621.2667
1712.341 622.5547
1702.009 623.4535
1690.526 624.2964
1680.13 625.049
1671.083 625.9119
1661.358 627.248
1652.803 628.8593
1646.159 630.4367
1639.221 632.4793
1633.203 634.6898
1629.128 636.483
1623.662 639.2188
1618.751 641.9196
1613.749 644.7449
1607.687 648.0587
1601.513 651.2336
1595.248 654.3499
1587.833 658.1149
1581.005 661.6578
1574.904 664.8193
1567.714 668.5328
1561.712 671.6366
1556.584 674.3276
1550.811 677.3863
1545.642 680.1265
1541.281 682.4288
1536.647 684.8442
1532.399 686.9256
1528.866 688.6028
1524.956 690.3865
1521.325 692.0222
1518.159 693.444
1514.377 694.9818
1505.862 697.7385
1503.022 698.4591
1497.984 699.5687
1493.359 700.4927
1488.945 701.3549
1484.595 702.1841
1480.156 702.9619
1476.358 703.543
1472.499 704.0856
1468.96 704.5674
1465.567 705.0476
1462.279 705.5667
1459.263 706.1311
1455.577 706.9383
1452.689 707.5983
1449.925 708.2311
1446.496 709.0605
1443.145 709.9281
1440.088 710.7383
1436.265 711.7281
1432.602 712.6889
1429.228 713.5611
1425.49 714.4725
1422.443 715.1437
1419.768 715.6198
1416.998 715.915
1414.399 715.9802
1411.852 715.9094
1408.909 715.6747
1406.224 715.2922
1403.839 714.7318
1401.323 713.8047
1398.747 712.5498
1396.157 711.1703
1392.598 709.2225
1388.793 707.0406
1385.163 704.9816
1380.229 702.316
1374.887 699.6122
1369.329 696.9428
1362.528 693.6747
1348.083 685.9601
1342.936 682.8065
1335.53 677.9216
1328.071 672.7406
1320.528 667.3688
1307.984 658.3713
1300.099 652.6826
1297.114 650.5665
1289.1 645.0054
1280.787 639.4522
1272.838 634.3586
1264.5 629.2444
1255.83 624.2742
1243.884 618.203
1233.707 613.8021
1225.263 610.678
1214.047 607.093
1196.663 602.2599
1186.652 599.5521
1174.687 596.1364
1164.072 593.0009
1154.24 590.1089
1142.675 586.7518
1131.82 583.7065
1122.165 581.1077
1110.74 578.1904
1100.339 575.639
1090.722 573.3218
1080.013 570.7866
1069.833 568.5355
1060.527 566.7274
1049.313 564.9068
1038.315 563.4058
1027.035 562.1072
1013.756 560.7422
1001.408 559.495
989.3558 558.3406
976.3542 557.2652
964.528 556.4947
953.3356 555.9932
940.5186 555.6038
927.9844 555.3377
916.6634 555.1448
904.3828 555.0209
892.4144 555.0349
882.0374 555.1448
870.4476 555.3708
859.3174 555.7031
849.8584 556.0947
839.8125 556.6807
830.7012 557.3994
822.8581 558.1819
814.4271 559.1766
806.3848 560.2467
799.4902 561.1946
792.3171 562.1578
786.2145 562.9171
780.8655 563.4901
775.68 563.9424
771.0137 564.217
766.3831 564.3466
761.4987 564.3687
756.8821 564.2838
752.8991 564.1169
748.333 563.8352
744.2168 563.5579
740.4485 563.3702
736.3958 563.2821
732.4343 563.3336
728.6859 563.477
724.1761 563.7523
719.5156 564.1327
714.9456 564.6069
709.947 565.2679
705.2617 566.0031
701.0957 566.6829
696.5901 567.3404
692.6068 567.8631
689.0925 568.3113
685.5778 568.8121
682.4678 569.3598
679.6445 569.9875
676.6028 570.8206
673.6253 571.7807
670.9681 572.7314
667.6826 573.9394
664.5475 575.0206
661.7852 575.8782
658.9105 576.5833
656.4424 577.2509
654.4385 577.8675
652.6494 578.5519
651.0889 579.1727
649.8421 579.673
648.7949 580.0171
648.3138 580.057
648.4333 579.887
649.2643 579.4857
650.7962 578.9299
652.9238 578.2488
656.1462 577.2941
659.9766 576.221
664.0267 575.1169
669.5137 573.6736
675.1709 572.2303
680.9128 570.7952
688.6579 568.9257
697.2959 566.9387
706.2722 564.9477
717.4111 562.5694
729.5254 560.0557
740.5693 557.8344
755.5466 554.8915
769.819 552.1247
784.697 549.2051
802.6081 545.6328
820.3271 542.0456
837.1875 538.6088
856.2464 534.741
876.1048 530.7183
895.5791 526.7415
916.6201 522.4094
937.6973 518.0109
957.7246 513.788
979.5283 509.1662
1000.245 504.7249
1019.461 500.4976
1041.175 495.5727
1061.994 490.6875
1081.257 486.0514
1101.897 480.9426
1121.678 475.8631
1139.27 471.1187
1158.727 465.5021
1177.002 459.7692
1193.398 454.2412
1211.542 447.7124
1228.537 441.229
1243.762 435.0876
1260.852 427.7917
1276.337 420.7787
1290.46 414.0013
1306.332 405.8503
1320.572 397.9798
1333.106 390.6025
1346.878 382.0189
1359.437 373.7223
1370.767 365.8164
1383.188 356.6268
1394.65 347.6574
1405.595 338.6117
1417.452 328.1673
1428.264 317.665
1436.675 308.7298
1446.011 298.0355
1453.799 288.1987
1460.603 278.6538
1466.209 269.3942
1470.234 260.7007
1472.024 254.2189
1472.218 247.2191
1470.434 241.5532
1467.432 237.2736
1462.456 233.4053
1455.749 230.5265
1448.864 229.1008
1439.367 228.6991
1428.389 229.6911
1422.458 225.2969
1407.94 229.0674
1393.361 233.7365
1379.384 238.875
1361.894 246.0156
1346.268 252.8114
1330.735 260.3634
1313.558 268.8921
1296.847 277.584
1280.545 286.3892
1262.683 296.1683
1244.812 305.9081
1228.599 314.7179
1209.389 325.0056
1192.256 333.8747
1174.842 342.238
1157.374 350.1208
1140.14 357.5667
1123.351 364.7083
1105.849 372.2598
1089.061 379.5023
1073.794 386.0161
1057.456 392.8193
1042.607 398.917
1030.376 403.7959
1017.288 408.9624
1004.869 413.7827
993.7863 418.0366
981.1276 422.7201
968.4773 427.2028
959.6084 430.1499
948.7793 433.6074
939.1907 436.5086
931.11 438.9658
922.3047 441.6676
904.9082 447.4427
896.9968 450.3792
888.1611 453.7642
880.4482 456.8241
872.2864 459.9707
864.6634 462.8176
856.749 465.6597
848.7302 468.5735
839.5823 471.9878
831.3773 475.1808
823.0931 478.3999
813.3694 482.1315
805.1797 485.0764
796.1084 488.245
787.0869 491.2928
778.3239 494.1693
769.1875 497.0159
760.8392 499.4933
752.4456 501.7069
745.6448 503.3036
739.2682 504.5786
734.0576 505.6299
728.2982 506.8645
723.4531 508.0474
718.902 509.1577
714.0833 510.3725
710.2458 511.2586
707.6751 511.8165
705.3685 512.303
703.902 512.7781
702.8317 513.3021
702.0046 514.024
701.3057 514.7991
700.9355 515.5069
700.6511 516.2189
700.6761 516.8204
700.7903 517.2648
701.388 517.7515
702.2855 518.1455
703.5713 518.4261
705.3776 518.7054
707.4095 518.9415
709.4346 519.1619
712.1087 519.4527
714.8438 519.7676
717.8298 520.0258
722.0833 520.3049
726.0648 520.4532
730.5095 520.5244
736.2643 520.4805
741.7376 520.3777
747.7474 520.2252
755.2207 520.0593
762.9225 519.8928
770.5739 519.7289
779.9304 519.4548
789.2109 519.1043
798.085 518.7429
808.6172 518.3055
819.2393 517.8884
829.7849 517.5392
841.5771 517.1672
853.1895 516.7856
864.8474 516.3442
878.4551 515.7828
891.8978 515.1797
904.5166 514.6606
920.2757 514.1162
935.4069 513.6841
949.5931 513.3346
966.4917 512.8509
983.8152 512.184
1000.413 511.3752
1019.4 510.2278
1038.404 508.9532
1056.677 507.7274
1077.658 506.3748
1097.602 505.0929
1116.872 503.7403
1138.753 501.9489
1158.952 500.0066
1177.833 497.9948
1199.261 495.5134
1238.771 490.4146
1248.907 488.9737
1267.671 486.0815
1285.016 483.1481
1302.774 479.8669
1318.668 476.6784
1334.261 473.2239
1349.262 469.5259
1362.499 465.8796
1374.141 462.3696
1385.359 458.64
1398.778 453.6134
1406.701 450.2134
1414.662 446.3066
1420.969 442.6143
1425.561 439.2933
1429.356 435.7173
1431.544 432.6541
1432.476 430.3727
1432.419 427.9157
1431.311 425.9269
1429.351 424.4105
1426.084 423.0133
1422.225 422.168
1417.931 421.6798
1412.651 421.5033
1406.528 421.5833
1400.306 421.8382
1392.798 422.1927
1377.907 422.5413
1372.941 422.4606
1365.269 422.1288
1357.639 421.6268
1349.741 421.0068
1342.406 420.3687
1334.733 419.6357
1327.193 418.8253
1319.91 417.9188
1312.975 416.9001
1306.444 415.7733
1300.087 414.4517
1294.295 413.0446
1287.561 411.1834
1282.617 409.7036
1278.206 408.347
1273.24 406.8473
1268.945 405.6091
1265.463 404.7236
1261.616 403.924
1258.273 403.4035
1255.224 403.1286
1250.332 403.1585
1247.564 403.4137
1244.977 403.7339
1242.38 404.0403
1240.24 404.21
1238.292 404.2868
1236.253 404.3066
1234.324 404.3109
1232.393 404.3026
1230.613 404.2912
1228.867 404.2494
1227.181 404.1804
1225.889 404.1004
1222.105 403.687
1221.172 403.3241
1220.738 402.986
1220.661 402.911
1220.695 402.9059
1220.923 402.9251
1221.289 402.9547
1221.887 402.9603
1222.886 402.9305
1224.263 402.9235
1225.71 402.9567
1227.516 403.0557
1229.327 403.1964
1231.347 403.4286
1236.858 404.3271
1240.378 405.0929
1242.244 405.6064
1243.667 406.0545
1245.115 406.6169
1246.538 407.2635
1247.881 407.9352
1248.89 408.4756
1249.768 408.916
1250.557 409.2505
1251.229 409.4806
1251.774 409.6823
1252.191 409.8405
1252.472 409.9865
1252.645 410.111
1252.771 410.2119
1252.871 410.2653
1252.929 410.3176
1252.941 410.4837
1252.671 410.5158
1252.42 410.4669
1252.081 410.3667
1251.254 410.1113
1250.517 409.8753
1250.113 409.7842
1249.776 409.7378
1249.422 409.7441
1249.023 409.8462
1248.667 410.0119
1248.309 410.2246
1247.956 410.4513
1247.645 410.6632
1247.342 410.862
1247.042 411.0439
1246.727 411.2213
1246.461 411.3714
1246.253 411.4678
1246.202 411.4769
1246.249 411.3952
1246.373 411.2243
1246.516 411.0402
1246.781 410.6364
1246.78 410.4284
1246.682 410.2702
1246.512 410.1424
1246.325 410.0417
1246.129 409.9728
1245.776 409.9025
1245.299 409.9053
1244.665 410.0731
1243.834 410.3843
1243.131 410.7733
1242.888 410.9905
1242.793 411.2212
1242.879 411.4769
1243.116 411.7202
1243.431 411.951
1243.859 412.1655
1244.37 412.3771
1244.91 412.5928
1245.46 412.856
1245.955 413.1644
1246.504 413.5807
1247.069 414.0962
1247.589 414.6309
1248.02 415.1046
1248.58 415.6659
1249.105 416.1592
1249.645 416.5521
1250.25 416.9274
1250.784 417.256
1251.231 417.5204
1251.728 417.7764
1252.162 417.9684
1252.596 418.139
1253.039 418.2954
1253.453 418.4622
1253.833 418.644
1254.222 418.8753
1254.535 419.1147
1254.673 419.2713
1254.768 419.4271
1254.782 419.5329
1254.647 419.6076
1254.381 419.6455
1253.996 419.6693
1253.525 419.6851
1252.872 419.6857
1249.294 419.5737
1247.923 419.5495
1246.257 419.5542
1244.345 419.5625
1242.181 419.5732
1239.761 419.5919
1237.152 419.6165
1234.439 419.6348
1231.476 419.6291
1228.615 419.6134
1225.541 419.5775
1222.434 419.4715
1218.878 419.2661
1212.262 418.7061
1205.091 418.0034
1198.126 417.0562
1191.675 415.905
1188.687 415.3895
1186.073 414.9758
1183.517 414.6203
1181.342 414.3433
1179.834 414.1203
1178.641 413.9337
1177.893 413.7843
1177.646 413.6659
1177.887 413.5571
1178.604 413.4561
1179.759 413.3916
1181.495 413.3537
1183.785 413.3037
1186.643 413.2601
1190.215 413.1825
1193.923 413.1265
1197.884 413.1193
1202.374 413.1842
1207.052 413.333
1211.378 413.5576
1216.766 413.9256
1221.523 414.3652
1226.171 414.8596
1234.097 415.9191
1238.623 416.6302
1242.651 417.3163
1246.991 418.0955
1250.868 418.8581
1254.429 419.6364
1258.113 420.5397
1261.049 421.4138
1263.563 422.1902
1266.259 422.9998
1268.883 423.7816
1270.187 424.0588
1272.062 424.5148
1273.479 424.8635
1274.516 425.139
1275.333 425.4015
1275.808 425.5809
1275.926 425.6813
1275.818 425.7367
1275.222 425.7117
1274.395 425.6315
1273.152 425.4884
1271.637 425.2993
1269.904 425.14
1267.679 424.957
1265.222 424.7791
778.3239 494.1693
769.1875 497.0159
760.8392 499.4933
752.4456 501.7069
745.6448 503.3036
739.2682 504.5786
734.0576 505.6299
728.2982 506.8645
723.4531 508.0474
718.902 509.1577
714.0833 510.3725
710.2458 511.2586
707.6751 511.8165
705.3685 512.303
703.902 512.7781
702.8317 513.3021
702.0046 514.024
701.3057 514.7991
700.9355 515.5069
700.6511 516.2189
700.6761 516.8204
700.7903 517.2648
701.388 517.7515
702.2855 518.1455
703.5713 518.4261
705.3776 518.7054
707.4095 518.9415
709.4346 519.1619
712.1087 519.4527
714.8438 519.7676
717.8298 520.0258
722.0833 520.3049
726.0648 520.4532
730.5095 520.5244
736.2643 520.4805
741.7376 520.3777
747.7474 520.2252
755.2207 520.0593
762.9225 519.8928
770.5739 519.7289
779.9304 519.4548
789.2109 519.1043
798.085 518.7429
808.6172 518.3055
819.2393 517.8884
829.7849 517.5392
841.5771 517.1672
853.1895 516.7856
864.8474 516.3442
878.4551 515.7828
891.8978 515.1797
904.5166 514.6606
920.2757 514.1162
935.4069 513.6841
949.5931 513.3346
966.4917 512.8509
983.8152 512.184
1000.413 511.3752
1019.4 510.2278
1038.404 508.9532
1056.677 507.7274
1077.658 506.3748
1097.602 505.0929
1116.872 503.7403
1138.753 501.9489
1158.952 500.0066
1177.833 497.9948
1199.261 495.5134
1238.771 490.4146
1248.907 488.9737
1267.671 486.0815
1285.016 483.1481
1302.774 479.8669
1318.668 476.6784
1334.261 473.2239
1349.262 469.5259
1362.499 465.8796
1374.141 462.3696
1385.359 458.64
1398.778 453.6134
1406.701 450.2134
1414.662 446.3066
1420.969 442.6143
1425.561 439.2933
1429.356 435.7173
1431.544 432.6541
1432.476 430.3727
1432.419 427.9157
1431.311 425.9269
1429.351 424.4105
1426.084 423.0133
1422.225 422.168
1417.931 421.6798
1412.651 421.5033
1406.528 421.5833
1400.306 421.8382
1392.798 422.1927
1377.907 422.5413
1372.941 422.4606
1365.269 422.1288
1357.639 421.6268
1349.741 421.0068
1342.406 420.3687
1334.733 419.6357
1327.193 418.8253
1319.91 417.9188
1312.975 416.9001
1306.444 415.7733
1300.087 414.4517
1294.295 413.0446
1287.561 411.1834
1282.617 409.7036
1278.206 408.347
1273.24 406.8473
1268.945 405.6091
1265.463 404.7236
1261.616 403.924
1258.273 403.4035
1255.224 403.1286
1250.332 403.1585
1247.564 403.4137
1244.977 403.7339
1242.38 404.0403
1240.24 404.21
1238.292 404.2868
1236.253 404.3066
1234.324 404.3109
1232.393 404.3026
1230.613 404.2912
1228.867 404.2494
1227.181 404.1804
1225.889 404.1004
1222.105 403.687
1221.172 403.3241
1220.738 402.986
1220.661 402.911
1220.695 402.9059
1220.923 402.9251
1221.289 402.9547
1221.887 402.9603
1222.886 402.9305
1224.263 402.9235
1225.71 402.9567
1227.516 403.0557
1229.327 403.1964
1231.347 403.4286
1236.858 404.3271
1240.378 405.0929
1242.244 405.6064
1243.667 406.0545
1245.115 406.6169
1246.538 407.2635
1247.881 407.9352
1248.89 408.4756
1249.768 408.916
1250.557 409.2505
1251.229 409.4806
1251.774 409.6823
1252.191 409.8405
1252.472 409.9865
1252.645 410.111
1252.771 410.2119
1252.871 410.2653
1252.929 410.3176
1252.941 410.4837
1252.671 410.5158
1252.42 410.4669
1252.081 410.3667
1251.254 410.1113
1250.517 409.8753
1250.113 409.7842
1249.776 409.7378
1249.422 409.7441
1249.023 409.8462
1248.667 410.0119
1248.309 410.2246
1247.956 410.4513
1247.645 410.6632
1247.342 410.862
1247.042 411.0439
1246.727 411.2213
1246.461 411.3714
1246.253 411.4678
1246.202 411.4769
1246.249 411.3952
1246.373 411.2243
1246.516 411.0402
1246.781 410.6364
1246.78 410.4284
1246.682 410.2702
1246.512 410.1424
1246.325 410.0417
1246.129 409.9728
1245.776 409.9025
1245.299 409.9053
1244.665 410.0731
1243.834 410.3843
1243.131 410.7733
1242.888 410.9905
1242.793 411.2212
1242.879 411.4769
1243.116 411.7202
1243.431 411.951
1243.859 412.1655
1244.37 412.3771
1244.91 412.5928
1245.46 412.856
1245.955 413.1644
1246.504 413.5807
1247.069 414.0962
1247.589 414.6309
1248.02 415.1046
1248.58 415.6659
1249.105 416.1592
1249.645 416.5521
1250.25 416.9274
1250.784 417.256
1251.231 417.5204
1251.728 417.7764
1252.162 417.9684
1252.596 418.139
1253.039 418.2954
1253.453 418.4622
1253.833 418.644
1254.222 418.8753
1254.535 419.1147
1254.673 419.2713
1254.768 419.4271
1254.782 419.5329
1254.647 419.6076
1254.381 419.6455
1253.996 419.6693
1253.525 419.6851
1252.872 419.6857
1249.294 419.5737
1247.923 419.5495
1246.257 419.5542
1244.345 419.5625
1242.181 419.5732
1239.761 419.5919
1237.152 419.6165
1234.439 419.6348
1231.476 419.6291
1228.615 419.6134
1225.541 419.5775
1222.434 419.4715
1218.878 419.2661
1212.262 418.7061
1205.091 418.0034
1198.126 417.0562
1191.675 415.905
1188.687 415.3895
1186.073 414.9758
1183.517 414.6203
1181.342 414.3433
1179.834 414.1203
1178.641 413.9337
1177.893 413.7843
1177.646 413.6659
1177.887 413.5571
1178.604 413.4561
1179.759 413.3916
1181.495 413.3537
1183.785 413.3037
1186.643 413.2601
1190.215 413.1825
1193.923 413.1265
1197.884 413.1193
1202.374 413.1842
1207.052 413.333
1211.378 413.5576
1216.766 413.9256
1221.523 414.3652
1226.171 414.8596
1234.097 415.9191
1238.623 416.6302
1242.651 417.3163
1246.991 418.0955
1250.868 418.8581
1254.429 419.6364
1258.113 420.5397
1261.049 421.4138
1263.563 422.1902
1266.259 422.9998
1268.883 423.7816
1270.187 424.0588
1272.062 424.5148
1273.479 424.8635
1274.516 425.139
1275.333 425.4015
1275.808 425.5809
1275.926 425.6813
1275.818 425.7367
1275.222 425.7117
1274.395 425.6315
1273.152 425.4884
1271.637 425.2993
1269.904 425.14
1267.679 424.957
1265.222 424.7791
