1920 480
825.4378 414.3934
1040.288 375.6296
1047.61 360.2259
1047.291 359.2998
1046.994 358.5773
1046.779 358.0182
1046.391 358.2583
1046.468 358.0301
1046.449 358.0542
1047.005 361.353
1047.006 361.8709
1047.011 362.9396
1047.477 363.6839
1047.86 364.151
1048.217 364.5426
1048.74 364.8431
1049.242 365.2169
1049.665 365.4442
1049.936 365.7814
1050.365 366.4678
1050.734 367.252
1050.928 367.8218
1051.187 368.4351
1051.554 368.8509
1050.148 374.0221
1031.561 424.9771
1028.412 437.3268
1028.174 441.4331
1025.378 445.6877
1024.497 447.4006
1024.066 448.9539
1026.429 456.7643
1029.823 474.6003
1029.082 530.1318
1046.958 629.2193
1096.52 660.8337
1109.975 652.1334
1116.401 648.6258
1118.556 643.5773
1117.99 638.3199
1119.121 633.7784
1117.177 628.1732
1123.791 627.2465
1131.51 623.99
1193.465 630.319
1230.099 630.9711
1309.043 631.5726
1325.371 637.2026
1335.877 631.9446
1347.541 629.6141
1357.728 627.4037
1362.359 626.8862
1367.954 626.1235
1371.888 625.4622
1373.688 622.2786
1375.82 619.1359
1378.627 616.7505
1351.755 611.585
1354.859 608.9376
1363.768 609.2742
1355.755 607.517
1351.881 607.1542
1349.842 607.0242
1350.732 607.6926
1348.178 608.0209
1353.843 613.1793
1359.439 622.7214
1366.411 631.368
1371.392 632.2032
1378.852 639.1303
1382.954 641.5038
1384.037 643.7511
1384.691 644.6057
1388.07 644.5242
1390.815 644.5978
1385.977 643.9166
1384.62 643.7351
1383.037 643.8755
1381.797 644.0175
1380.802 644.4238
1381.692 644.9232
1377.846 644.2014
1378.551 644.4276
1376.079 643.9645
1373.811 643.7508
1377.375 645.1246
1371.899 644.7299
1369.589 645.2214
1371.068 646.1729
1370.09 645.7679
1372.143 646.4737
1370.436 646.9474
1372.098 647.4703
1373.175 647.9396
1373.516 648.5858
1372.053 649.8883
1373.307 650.6454
1368.424 650.5732
1367.958 650.7644
1367.648 650.8361
1367.393 650.8639
1364.074 650.0997
1364.926 650.8248
1374.17 652.6885
1384.42 654.9854
1431.816 661.6951
1447.979 665.1115
1482.479 670.8483
1492.517 675.532
1496.647 678.981
1496.029 679.7
1496.384 680.4498
1498.471 681.2014
1501.312 681.8806
1500.878 682.5334
1499.893 683.0594
1496.804 683.0259
1495.39 682.4932
1490.916 681.1877
1489.549 680.3768
1481.391 678.4706
1482.369 678.2491
1481.007 677.0068
1481.386 676.4209
1479.372 674.9492
1477.349 673.8331
1473.778 673.0485
1473.223 672.8246
1471.091 672.3922
1468.744 672.1533
1468.128 672.3942
1467.123 672.6191
1465.718 673.1877
1465.076 673.7972
1465.372 674.4696
1466.038 675.3532
1468.543 676.158
1470.943 676.8067
1472.969 676.9921
1473.652 676.6667
1472.797 675.8865
1471.338 674.5776
1469.464 673.3376
1466.001 670.7828
1463.141 668.5358
1433.29 663.8474
1390.1 659.4947
1319.312 652.4479
1297.212 649.3753
1263.655 644.2079
1253.435 642.1388
1250.507 640.9029
1244.64 640.5235
1242.154 639.7801
1238.302 640.0703
1234.633 640.2858
1228.176 640.1452
1224.205 641.2097
1214.745 643.8448
1213.729 644.9386
1216.866 646.5491
1218.773 647.9039
1218.837 648.8113
1218.886 649.042
1220.774 649.3175
1224.015 649.3358
1230.388 649.5562
1234.216 649.849
1239.328 650.3929
1247.594 649.621
1252.034 648.247
1259.715 645.0485
1264.595 643.6357
1271.066 643.045
1275.123 644.2289
1278.256 645.152
1281.791 645.5773
1284.356 645.5292
1286.774 645.3176
1288.458 644.941
1289.951 644.7509
1290.534 644.5377
1291.376 643.9922
1291.55 643.4431
1291.723 642.994
1299.943 644.2506
1345.241 650.2383
1376.525 654.9927
1388.012 657.179
1391.063 658.3661
1391.738 659.7363
1392.494 661.7303
1392.024 662.8082
1390.284 664.0049
1386.534 665.9616
1385.208 666.219
1384.406 666.214
1383.464 666.125
1382.88 665.4355
1381.962 664.3127
1381.226 663.5833
1380.711 663.0786
1380.531 662.4801
1380.109 661.8127
1379.715 661.5495
1378.734 661.3092
1378.254 661.2103
1378.608 661.4292
1378.792 661.3177
1379.72 661.5251
1380.586 661.7299
1382.044 662.1481
1383.531 662.6249
1385.313 663.0389
1387.551 663.3845
1390.023 663.8928
1392.118 664.4178
1394.385 665.0611
1396.787 666.071
1397.894 666.7048
1399.395 667.5495
1400.349 667.2999
1401.093 667.0928
1401.606 666.7847
1404.698 662.6989
1405.366 661.5817
1405.959 660.4786
1406.076 659.3331
1406.415 658.1667
1406.229 657.1371
1405.502 655.608
1404.348 655.1575
1403.767 654.9059
1402.197 654.8583
1400.207 655.5402
1398.071 656.3735
1396.78 656.8608
1394.569 658.1792
1392.855 659.1041
1391.01 660.2091
1389.365 660.9534
1387.094 662.0534
1385.254 663.1074
1381.471 664.9639
1379.169 666.0173
1377.305 666.0205
1375.483 665.752
1373.776 665.4331
1372.3 665.0959
1370.968 664.7645
1369.958 664.3417
1368.805 664.0181
1367.866 663.6262
1366.964 663.2002
1366.776 662.7051
1363.689 661.5637
1366.285 660.9644
1366.544 660.5601
1367.744 660.2227
1368.326 659.7969
1368.917 659.4373
1369.9 659.1609
1371.102 658.9868
1373.484 659.0031
1373.941 658.974
1374.586 658.9758
1377.494 659.4639
1373.25 658.2235
1350.568 648.2518
1312.199 635.0759
1306.702 633.5931
1299.235 630.8198
1298.3 629.6863
1298.746 628.8584
1299.294 628.4229
1299.009 628.3234
1300.756 627.8727
1302.409 627.4738
1307.024 627.0003
1310.841 626.7953
1314.808 626.8071
1327.141 626.5444
1343.731 626.4361
1354.901 626.3712
1365.755 626.3937
1375.982 626.3482
1386.544 626.6773
1395.962 626.3228
1398.623 626.076
1409.177 624.9641
1422.916 623.1673
1429.428 621.6261
1445.047 620.1956
1529.741 618.6021
1587.007 616.4486
1649.794 611.6869
1709.152 607.2932
1865.327 597.8416
1970.44 589.2145
1854.245 416.7568
880.0179 469.7459
1040.161 366.183
1039.049 360.409
1038.471 359.0394
1038.166 358.3172
1037.944 357.7588
1037.624 358.084
1037.841 358.1564
1038.028 361.9525
1038.215 361.7917
1038.308 362.8877
1038.569 363.5143
1039.337 363.9468
1040.193 364.2832
1041.117 364.6847
1042.724 364.9691
1043.621 365.263
1044.718 365.5648
1046.41 366.2336
1048.07 366.9948
1049.034 367.5421
1049.618 368.0202
1050.376 368.3931
1047.857 373.4219
1027.093 423.4409
1021.08 436.3052
1018.662 440.3784
1015.175 444.4798
1014.024 446.0623
1013.807 447.5986
1013.917 449.1214
1017.345 455.9634
1018.939 464.8481
1018.843 523.0962
1073.621 643.8096
1082.995 641.7658
1096.365 646.1434
1102.62 640.591
1105.283 635.5145
1106.949 629.705
1108.939 623.8077
1112.306 628.1654
1123.724 623.6757
1185.976 628.9903
1219.535 631.2236
1295.22 630.8653
1306.834 631.9443
1317.786 637.6323
1331.666 632.4293
1343.426 629.9362
1352.334 627.5346
1358.485 627.0319
1364.024 625.7155
1366.015 622.3959
1369.086 618.8157
1371.883 616.2679
1374.41 614.1005
1347.523 608.1506
1350.734 607.0446
1346.265 605.8049
1346.43 606.0675
1342.646 605.9014
1344.984 606.4307
1342.227 607.2733
1344.862 611.806
1352.796 622.0103
1358.631 630.7776
1363.123 631.4927
1367.629 638.3409
1373.758 640.9216
1374.899 643.372
1375.288 644.1212
1380.156 644.764
1381.282 644.4147
1377.102 643.6665
1375.388 643.3982
1374.655 643.3845
1374.067 643.5588
1373.962 643.7461
1373.29 644.0703
1372.315 643.3837
1369.873 642.6611
1371.877 642.8133
1369.821 642.7421
1371.825 643.4473
1367.831 643.6822
1364.942 644.0023
1366.976 645.0154
1364.77 644.5094
1366.843 645.4563
1365.888 645.8964
1367.946 646.6236
1367.974 646.8224
1368.423 647.5861
1366.139 648.2392
1369.245 649.6116
1364.817 649.5138
1364.393 649.7587
1364.519 649.7945
1364.328 649.8105
1360.506 648.9601
1361.33 649.6093
1370.589 651.5069
1381.341 653.9366
1421.762 660.3601
1435.557 663.746
1458.099 669.5115
1468.728 673.3676
1476.596 676.6238
1481.008 678.3737
1482.614 679.0036
1484.751 679.971
1487.186 680.8101
1489.706 681.3933
1491.196 682.0158
1489.764 681.7831
1490.366 681.8731
1486.883 680.517
1485.36 679.9222
1477.265 678.0876
1479.634 677.9333
1477.812 676.548
1479.365 676.3922
1476.743 674.6305
1474.422 673.4478
1472.497 672.6697
1471.049 672.2979
1469.547 671.9876
1467.377 671.7013
1466.375 671.8364
1465.527 672.0112
1461.877 671.865
1461.878 672.8192
1462.509 673.6423
1462.686 674.4586
1465.516 675.5731
1468.268 676.3174
1470.362 676.8101
1471.977 676.8815
1470.257 676.4177
1470.647 675.8227
1468.851 674.4602
1466.375 672.957
1463.446 669.7537
1430.589 665.7806
1384.519 659.7212
1312.882 652.194
1293.242 649.5413
1261.492 644.2766
1252.132 642.1534
1244.924 640.6452
1240.141 639.2069
1232.919 638.7985
1230.409 638.2535
1225.37 638.3057
1220.789 638.4722
1214.865 638.4718
1211.85 639.6354
1203.141 642.48
1207.254 644.3094
1209.622 646.0228
1209.767 647.0421
1209.023 647.6902
1211.653 648.1756
1216.224 648.7156
1224.043 649.1706
1228.948 649.1929
1233.412 649.5118
1243.228 649.0687
1247.948 648.1101
1256.058 644.9596
1260.595 643.4789
1265.679 642.6351
1270.448 643.8027
1274.224 644.8447
1277.915 645.4578
1280.676 645.528
1283.4 645.3263
1285.474 645.1031
1286.361 644.8529
1286.805 644.7457
1287.915 644.3806
1288.539 643.776
1288.694 643.287
1297.278 644.4618
1342.028 650.0334
1372.693 654.7495
1381.043 656.4949
1383.715 657.7787
1385.44 658.9951
1387.431 660.9938
1387.273 662.2559
1386.522 663.783
1384.216 666.1001
1382.717 666.5721
1382.387 666.6723
1382.532 666.4727
1382.728 665.8858
1381.509 664.674
1380.353 663.8683
1380.122 663.2369
1380.136 662.6251
1380.756 662.0122
1380.197 661.7226
1379.14 661.5225
1378.946 661.4832
1379.211 661.4603
1378.781 661.4684
1379.73 661.6452
1380.258 661.7793
1381.414 662.107
1382.89 662.3582
1384.515 662.7452
1386.453 663.1243
1389.356 663.6202
1391.249 664.2024
1393.325 664.8926
1395.757 666.032
1397.197 666.7263
1397.621 667.8057
1399.225 667.7495
1399.941 667.6659
1400.546 667.544
1401.543 666.2977
1404.678 662.5444
1405.359 661.5944
1405.876 660.5151
1405.747 659.2981
1405.922 658.1543
1404.839 657.086
1403.092 655.6353
1402.564 655.0842
1400.244 655.0721
1397.503 655.2983
1394.751 656.2724
1393.254 656.5341
1391.076 657.7864
1389.278 658.6894
1387.73 659.5826
1386.022 660.5817
1384.423 661.739
1382.067 662.9379
1380.26 664.9687
1377.05 666.0527
1375.368 665.9787
1373.896 665.7877
1372.568 665.5545
1371.411 665.3049
1370.462 665.0123
1370.31 664.7278
1369.405 664.2688
1368.862 663.9281
1368.035 663.5137
1368.314 663.1875
1367.122 662.7321
1369.057 662.0515
1367.422 661.0587
1368.144 660.7235
1367.977 660.3287
1368.4 659.9949
1368.976 659.7028
1369.883 659.4961
1370.927 659.4969
1371.934 659.4692
1372.853 659.4227
1374.675 659.7045
1370.421 658.3499
1342.839 648.4926
1308.46 635.0377
1302.656 633.5679
1293.451 630.6583
1291.685 629.4726
1291.15 628.6623
1290.539 628.2618
1291.607 628.2539
1291.946 628.1237
1294.727 627.5728
1297.545 627.1644
1302.749 626.7786
1307.815 626.7452
1311.735 626.6033
1323.694 626.3627
1339.291 626.26
1350.785 626.1621
1360.738 626.1467
1367.245 626.4098
1376.489 626.3649
1378.042 625.9919
1383.648 625.5322
1397.398 624.3355
1403.269 622.8263
1420.748 621.6411
1506.966 621.9123
1570.18 619.1462
1625.519 616.4461
1687.186 610.9888
1838.095 602.2052
1948.394 592.457
2002.289 586.8447
2023.845 583.9318
2079.503 578.9371
2131.671 576.2888
2163.069 575.4341
2197.076 574.7269
2223.91 575.4944
2253.471 579.2131
2285.145 586.6639
2305.183 591.9732
2327.002 596.4216
2344.723 601.361
2365.884 605.8426
2384.873 610.6531
2417.238 619.4906
2421.111 623.4398
2395.558 628.2628
2371.496 627.8311
2349.77 623.3611
2337.216 621.2027
2322.531 618.9318
2309.084 616.99
2303.447 616.5428
2297.361 616.9805
2289.743 617.8635
2287.825 618.4876
2282.469 619.2031
2280.189 620.3988
2276.5 621.9026
2277.748 623.9617
2279.01 626.3228
2269.668 636.2877
2249.588 673.9167
2210.348 708.6376
2182.081 724.7426
2146.525 740.0073
2114.635 751.2302
2086.385 759.198
2076.518 761.2653
2071.014 762.1817
2066.842 762.6913
2060.038 762.9615
2060.131 763.6812
2060.216 764.2694
2062.035 762.945
2062.528 762.541
2063.949 759.639
2068.359 754.7224
2070.935 753.7769
2073.339 752.9221
2073.603 752.7399
2071.575 751.0776
2068.366 751.2841
2064.835 751.8023
2058.391 756.0095
2043.668 769.5307
2017.719 791.2072
1988.243 809.3032
1955.537 822.7432
1944.68 827.3154
1943.267 830.4738
1945.562 831.3441
1942.945 832.5891
1938.756 832.137
1932.934 831.501
1931.254 830.0914
1934.978 825.7227
1935.916 823.4035
1936.118 819.6451
1936.793 815.7593
1934.771 814.3129
1934.075 813.7228
1930.98 813.5165
1927.914 813.5488
1927.493 813.0618
1926.994 812.6893
1945.221 805.9713
2009.649 780.7084
2083.031 750.6849
2167.149 709.0636
2232.457 673.3098
2297.328 632.5948
2344.236 604.3627
2365.429 592.7326
2382.342 580.3111
2397.427 562.9243
2412.306 551.088
2429.127 544.6209
2448.932 535.1655
2460.773 527.9523
2477.156 522.5743
2496.734 514.2913
2506.167 510.4181
2517.509 507.6539
2528.034 505.6365
2532.695 502.7581
2532.977 497.5658
2532.671 492.9643
2533.201 488.9127
2525.89 485.348
2520.365 480.9075
2518.7 477.5789
2514.625 475.0225
2509.69 461.7275
2501.543 457.0472
2499.176 445.1831
2492.819 438.1297
2485.853 434.9666
2481.442 434.7136
2476.573 433.4365
2473.823 426.9832
2471.137 418.1056
2466.318 412.3242
2450.025 404.847
2432.958 397.3294
2418.28 377.229
2416.109 373.6611
2407.8 362.2627
2402.118 359.0133
2395.801 356.8706
2391.113 358.3148
2388.525 357.451
2386.833 356.9622
2386.105 357.666
2384.79 361.248
2382.096 365.355
2381.232 370.2503
2381.773 373.8765
2386.631 380.4212
2388.695 383.3174
2398.343 387.2923
2408.075 396.3148
2417.666 401.5983
2432.35 408.3854
2443.087 413.9455
2452.455 418.9189
2463.975 424.3979
2474.191 427.6009
2489.629 431.958
2530.728 445.3343
2581.059 463.9928
2642.375 489.5792
2663.778 499.7572
2694.141 513.6893
2717.943 523.0724
2739.326 532.2709
2747.187 539.2271
2755.598 544.0342
2762.764 548.0377
2760.782 551.7759
2760.106 550.6982
2758.282 549.2389
2757.196 548.3611
2732.087 539.0813
2730.192 538.1232
2726.374 536.2582
2722.855 534.8202
2722.918 534.8273
2722.113 534.1564
2723.392 532.8403
2727.278 528.2571
2729.307 525.1867
2729.762 521.881
2730.906 521.1033
2735.88 521.4072
2735.302 519.4964
2728.458 515.1702
2725.959 514.143
2723.623 514.1033
2721.53 513.8856
2714.9 513.2466
2706.616 512.2504
2699.803 511.3589
2694.101 511.5705
2687.483 511.066
2677.251 510.1949
2669.473 509.5173
2640.767 506.7216
2606.442 504.3212
2571.657 501.5198
2543.922 497.9831
2496.901 490.3864
2436.379 473.5104
2418.535 471.3242
2373.441 463.4676
2311.115 442.7272
2284.586 436.2858
2194.657 402.4868
2075.142 353.174
1975.306 317.8529
1943.306 308.0638
1915.723 296.4263
1886.339 281.3612
1852.457 265.8242
1824.845 256.3932
1776.207 243.0931
1740.545 234.4518
1696.701 225.6276
1663.932 220.2165
1629.289 215.0171
1590.094 208.5164
1458.922 191.3979
1436.361 192.8143
1430.006 197.1794
1425.235 208.474
1426.179 217.4912
1455.661 225.6227
1459.37 227.5524
1485.068 233.401
1468.619 231.5008
1461.784 231.7038
1452.505 232.4421
1436.09 231.1243
1446.777 232.8442
1421.954 230.6356
1432.825 232.9001
1396.406 230.6338
1332.397 231.5062
1276.449 236.5736
1207.369 238.3132
1140.432 241.5054
1070.494 246.6178
1030.013 251.2798
999.9963 255.9834
948.8503 266.6947
924.0472 271.9207
913.6247 275.4733
909.3359 277.1061
904.0488 279.1411
908.9847 279.6558
904.8386 281.1523
903.1104 282.7616
914.5355 284.5934
913.8444 286.8444
920.9648 288.0636
931.3255 286.8665
929.2532 290.1664
938.4443 292.1555
937.1592 298.1414
945.027 305
960.1597 318.38
974.4369 342.8213
991.5825 399.4541
1021.068 455.6383
1057.707 496.2815
1082.429 531.4272
1101.892 559.9641
1134.832 580.0579
1162.883 596.42
1181.398 610.1606
1182.82 613.1233
1173.845 620.7953
1152.421 614.1774
1132.789 605.3605
1058.4 590.7676
921.3659 569.0807
795.6494 555.0037
678.6907 550.6033
610.1484 551.2836
535.3984 551.3005
482.2956 548.3785
411.3278 544.1794
370.8102 539.9189
335.8705 535.6795
325.1768 524.1561
306.5566 518.4755
297.2865 508.8382
281.29 505.0308
279.2643 492.6942
290.8011 487.211
289.0706 483.7497
314.4847 478.5693
334.1686 475.7806
333.9443 473.1183
347.5706 470.0858
353.0775 468.9023
364.7174 470.1262
354.5791 469.1938
357.6253 469.626
335.0658 468.4912
289.626 465.2612
236.277 461.9287
154.1139 456.3467
68.4502 452.5446
32.60807 450.051
3822.418 447.9041
3734.649 447.7132
3684.518 448.4515
3639.818 450.2485
3607.618 452.5581
3588.224 453.9157
3579.006 451.4097
3565.664 448.7028
3552.135 446.4092
3549.33 444.7287
3542.529 443.6393
3556.507 442.1779
3559.442 441.5207
3566.785 440.6588
3566.445 440.5192
3561.551 441.0338
2047.642 582.2082
2102.94 579.3031
2134.965 578.0031
2171.61 577.2681
2201.801 577.5085
2236.024 580.2078
2264.105 587.7606
2289.348 591.5992
2308.69 596.0002
2330.622 599.8735
2349.685 604.9317
2368.273 609.3104
2381.657 615.7525
2395.412 619.4769
2377.985 626.5536
2357.802 627.2126
2341.505 623.3861
2333.13 620.9027
2319.516 618.3893
2307.569 616.5414
2302.11 615.9506
2296.611 616.3784
2289.943 616.5745
2286.79 617.3892
2281.653 617.8517
2278.903 619.1728
2274.474 619.5971
2276.031 621.3217
2277.099 622.65
2267.537 633.1794
2243.38 670.2443
2195.251 704.1682
2164.788 720.4327
2126.732 734.9566
2097.558 746.4728
2065.948 754.6139
2057.061 757.3431
2054.56 758.5961
2052.1 759.2318
2048.603 756.9733
2041.989 760.6603
2043.95 761.7256
2047.455 760.5476
2049.273 760.1661
2052.552 757.2372
2056.44 752.0073
2057.468 751.1237
2060.224 750.3606
2062.717 750.4924
2065.67 748.5906
2063.81 748.6743
2060.683 748.8793
2054.373 752.552
2038.236 767.6451
2009.509 788.7076
1975.729 805.6675
1930.887 818.1071
1904.67 821.4464
1897.438 823.6766
1899.809 826.0753
1902.425 827.857
1903.114 828.313
1901.521 828.2685
1899.308 828.1237
1908.145 824.7126
1911.23 822.1638
1916.644 818.0916
1918.727 814.1801
1917.423 813.0071
1915.895 812.436
1914.714 812.3766
1911.532 812.4169
1908.646 812.1463
1907.758 811.8007
1930.912 806.0563
1997.543 782.1363
2071.275 750.8304
2145.988 711.8335
2206.746 679.8107
2281.59 638.3198
2332.709 609.4468
2353.546 597.1856
2366.751 586.6012
2389.229 567.6299
2404.614 556.1151
2421.639 549.4067
2440.393 539.8669
2451.401 532.6477
2468.785 527.1449
2485.721 520.3113
2498.826 514.1347
2510.594 511.2202
2521.819 509.1952
2528.233 506.3712
2528.511 501.3518
2529.631 496.6385
2530.452 492.5239
2524.523 489.4257
2518.698 485.4097
2516.908 481.9233
2513.357 479.7028
2509.48 476.7871
2502.555 464.0275
2497.763 459.8382
2496.177 448.8913
2490.977 440.612
2483.123 439.6089
2478.504 438.3578
2475.997 431.7902
2473.121 424.5838
2468.295 416.1989
2451.446 407.9247
2434.343 399.5264
2420.544 380.8101
2418.28 377.2289
2413.079 368.7716
2405.323 362.695
2399.495 360.1709
2394.447 360.4715
2392.426 359.609
2389.692 359.3109
2388.31 359.2354
2386.15 361.8757
2383.599 365.596
2382.565 369.6771
2382.315 372.0643
2386.795 379.3307
2388.978 382.5015
2388.695 383.3174
2405.465 395.0693
2411.09 399.1833
2425.357 405.4434
2436.158 410.644
2445.296 415.459
2453.947 419.8066
2464.443 423.8788
2476.527 427.1619
2518.463 441.4774
2561.282 456.9445
2630.946 485.534
2653.073 495.5367
2679.973 508.1438
2708.468 519.5405
2730.571 529.1129
2740.087 536.6503
2748.247 541.1321
2754.154 544.9471
2760.519 548.722
2755.549 548.2261
2754.136 547.1829
2755.126 547.0638
2727.114 536.4587
2727.726 537.1516
2723.029 535.0341
2720.233 534.0139
2720 533.9343
2718.333 532.9413
2719.496 532.0922
2722.741 528.6191
2725.733 525.6126
2725.981 522.0502
2727.46 520.9793
2727.629 520.4359
2732.635 519.5818
2727.724 515.2812
2724.424 514.0691
2725.959 514.143
2721.57 513.7679
2718.463 513.5289
2709.34 512.3336
2701.837 511.3607
2699.803 511.3589
2692.295 511.2935
2683.474 510.7079
2675.728 510.0831
2668.032 509.3662
2638.691 506.8032
2608.039 505.0575
2564.432 500.3312
2524.613 493.9498
2450.386 474.9806
2432.967 472.8714
2415.126 470.6797
2333.805 447.5776
2306.414 441.7189
2197.672 404.8353
2041.144 350.2064
1956.361 320.3586
1892.884 304.2681
1862.386 293.3883
1829.639 279.5912
1795.268 264.8084
1766.978 256.0433
1723.597 245.1232
1687.925 235.2516
1656.848 228.5796
1621.576 221.4914
1592.67 216.9801
1563.727 211.9893
1514.862 207.3529
1402.991 191.3996
1399.259 197.3203
1388.872 208.0228
1413.406 217.3426
1447.259 225.4328
1448.967 227.0392
1476.065 232.8354
1459.483 230.9469
1442.823 229.1012
1447.661 231.4147
1425.245 229.7402
1437.106 231.4437
1421.414 230.0986
1429.895 231.9675
1384.39 228.255
1311.165 227.7979
1229.673 231.459
1132.646 231.717
1049.523 235.8465
979.0595 243.4984
937.3047 249.0169
903.2624 254.5666
865.6315 263.5244
835.0784 271.8674
837.6934 275.0851
833.1901 277.0184
830.8887 278.9871
834.1032 279.054
842.7565 279.7086
858.2881 280.5723
878.6472 281.5262
879.179 283.4118
886.3519 283.7098
897.0322 282.3644
894.0449 284.6898
907.9977 283.0116
902.3968 290.4469
911.1924 297.1549
925.8545 309.0575
939.5498 329.6274
947.7874 387.7402
970.8856 437.6338
1010.968 482.4102
1039.564 517.6216
1060.004 542.1931
1099.406 567.1867
1135.648 584.8419
1156.277 592.908
1164.024 603.0934
1163.857 609.7108
1153.108 608.3578
1131.537 599.2946
1108.638 593.7386
925.9362 566.4232
719.861 542.0934
546.989 526.7604
454.5348 523.0162
397.3766 521.9183
347.5615 522.8859
324.9915 523.7406
281.8447 523.3717
256.946 521.285
247.7549 512.5074
226.4694 507.5557
222.7181 500.4991
221.3138 499.1745
266.2939 492.0078
288.2581 488.5389
290.7526 484.9683
319.5365 480.3156
339.8766 477.9061
346.1699 475.1398
369.8604 473.3604
370.167 471.4011
371.082 471.3719
361.2379 470.2842
363.0443 470.7117
331.567 468.6312
284.9818 465.5311
207.3802 461.1995
131.5798 456.3452
32.01563 451.8486
3832.359 449.1398
3782.387 446.9728
3709.579 448.1378
3648.547 448.1263
3598.19 449.5731
3566.206 452.2794
3548.094 454.1157
3539.367 452.4789
3524.046 450.056
3520.013 447.6214
3524.311 445.9175
3518.821 444.5945
3535.462 442.9704
3537.269 442.0114
3546.896 441.2775
3543.635 440.7455
3542.04 440.7757
3546.865 441.6424
3563.316 441.8101
3560.967 443.0365
3533.829 445.127
3456.086 451.3026
3335.104 462.4256
3283.618 469.0498
3265.302 470.3451
3263.882 467.6844
3250.175 468.7285
3249.334 466.2279
3255.295 463.1657
3264.33 460.487
3279.095 456.7476
3283.661 455.2682
3287.405 454.683
3307.5 452.4692
3322.159 451.4585
3350.694 449.6579
3367.554 449.118
3406.509 450.6276
3450.703 452.672
3492.469 453.6257
3511.078 455.5666
3561.268 453.8198
3660.402 452.6369
3695.186 452.03
3734.295 451.4505
3772.112 451.1992
3812.836 451.2806
15.39355 452.0515
465.1908 466.8836
510.1309 464.6994
488.568 479.4655
495.2409 493.8557
535.3187 500.8541
590.3327 502.7429
647.0557 503.7266
746.6387 517.7168
843.8135 531.8962
932.7448 548.6608
967.3646 557.7963
1008.254 565.6531
1063.747 578.5488
1099.196 585.6951
1138.496 595.8661
1170.186 603.3771
1205.442 607.931
1248.918 614.1155
1284.753 625.165
1320.184 631.1583
1357.615 635.9703
1385.956 637.0367
1406.94 637.1308
1423.612 637.6063
1423.845 639.4327
1419.325 643.866
1412.756 644.763
1396.608 644.3503
1399.038 645.3709
1391.398 645.8111
1379.046 646.8126
1373.648 648.9913
1371.216 650.9064
1368.346 652.0824
1364.089 652.4304
1354.503 651.1627
1347.931 649.3511
1344.533 646.8994
1328.338 640.5671
1307.258 637.0582
1289.792 630.6388
1287.87 628.5846
1284.307 625.9389
1279.925 623.8434
1275.593 624.7698
1273.195 625.7648
1270.125 627.2524
1266.647 628.8578
1263.934 629.9043
1262.231 631.2552
1259.851 633.002
1258.463 634.2698
1258.238 635.5106
1258.527 636.3267
1259.836 636.478
1260.04 637.0591
1261.099 637.1743
1261.158 637.6263
1262.022 637.4579
1262.858 636.7361
1264.121 635.1166
1265.394 634.1963
1266.998 632.7534
1270.782 631.3865
1273.892 630.5505
1276.083 630.1735
1278.889 629.9379
1282.858 629.6924
1285.223 629.1299
1286.248 629.1142
1286.968 628.6992
1287.776 629.1806
1287.88 629.739
1288.15 630.394
1289.041 630.749
1290.267 630.6902
1291.411 630.429
1292.872 630.1138
1291.801 628.6201
1293.591 627.3459
1294.58 625.9331
1296.928 625.0372
1298.225 624.5032
1298.874 624.1109
1299.894 623.6578
1300.635 623.112
1300.84 622.8636
1300.766 622.7438
1299.98 623.1084
1299.387 623.4478
1298.898 624.1127
1298.115 624.632
1297.443 625.2656
1296.371 625.9859
1294.865 627.2794
1293.053 628.2029
1289.523 629.9158
1286.333 630.9819
1282.426 631.7329
1279.795 632.0282
1276.34 632.0661
1270.101 632.5876
1268.155 632.8257
1266.393 633.3104
1264.438 633.8099
1263.477 634.0837
1261.789 634.4926
1260.741 634.6462
1259.331 634.8354
1258.331 634.954
1257.843 634.7941
1252.317 636.0726
1260.691 631.3759
1262.06 631.7497
1262.014 632.1309
1262.95 632.2488
1263.076 632.1685
1264.012 632.1547
1264.276 632.6851
1265.976 633.1167
1267.016 633.6915
1268.886 634.5675
1270.153 635.7289
1271.838 636.8532
1272.829 637.8291
1274.835 639.0559
1276.164 639.3945
1277.767 639.5515
1279.198 639.4799
1281.098 639.1166
1283.681 639.9701
1285.771 641.3079
1288.972 643.1792
1291.074 643.846
1292.934 644.4587
1294.071 644.8314
1295.344 645.1541
1296.435 645.5834
1297.44 646.9525
1298.228 647.2314
1298.928 647.8622
1299.262 649.1743
1299.99 649.3541
1300.326 649.307
1300.381 649.0931
1299.877 648.6712
1299.846 648.3932
1298.838 648.4219
1297.031 648.6902
1295.945 649.1339
1294.974 649.7548
1292.157 651.7598
1291.278 652.1008
1290.027 652.4391
1289.007 652.475
1288.779 652.3982
1288.896 652.0996
1289.133 651.8811
1289.346 651.0621
1289.491 650.3404
1289.587 649.1362
1289.662 648.2863
1289.661 647.0863
1289.95 645.0996
1289.869 643.7095
1289.814 642.3494
1289.501 641.5341
1288.852 640.79
1288.595 640.4453
1287.953 640.2605
1287.274 640.52
1286.223 642.0482
1285.718 642.0328
1284.548 643.694
1283.064 645.9183
1281.791 647.2637
1280.392 645.2473
1279.436 644.7086
1279.546 639.6382
1279.605 636.6789
1279.958 632.3866
1280.442 629.1301
1281.44 626.6675
1281.474 625.1973
1281.499 625.5049
1281.156 625.4079
1280.628 625.6542
1280.19 625.6807
1279.803 624.7928
1279.282 628.7872
1279.573 628.1867
1279.549 631.6602
1280.714 632.4796
1281.717 632.8516
1283.321 633.9821
1285.222 636.6125
1286.943 637.8494
1288.275 639.6084
1290.054 641.1459
1291.424 643.3503
1294.008 646.6323
1295.837 649.8122
1295.976 650.894
1296.171 651.3012
1296.333 651.3351
1296.864 650.9239
1297.669 649.8431
1297.776 648.6942
1297.989 648.1463
1298.081 647.5791
1298.149 647.0905
1297.754 646.7112
1296.846 647.004
1296.514 647.9764
1296.91 649.6255
1296.614 650.8572
1296.891 652.4498
1297.221 654.1268
1297.831 656.0331
1297.727 658.7712
1296.548 661.5494
1294.158 665.4207
1293.388 668.9329
1297.122 670.5952
1299.822 670.0017
1306.116 667.1365
1310.373 661.8392
1313.292 658.6885
1315.469 656.8569
1317.577 653.8322
1319.079 651.8748
1320.481 649.8821
1321.185 647.6274
1321.58 646.7307
1321.836 645.807
1321.516 646.1561
1320.845 646.8436
1319.672 647.5183
1318.697 648.64
1318.083 649.5876
1317.222 650.187
1316.317 650.4183
1316.243 651.2031
1315.881 651.8177
1315.462 652.614
1314.851 653.7488
1314.099 654.47
1313.439 655.1006
1312.309 655.928
1311.26 656.5324
1310.506 657.1336
1309.408 658.0966
1308.36 660.2859
1307.538 662.568
1305.811 665.5262
1304.778 667.9153
1303.216 670.6443
1301.878 673.0125
1287.453 710.8275
1301.125 681.0369
1301.048 689.069
1298.385 689.8632
1298.445 685.8899
1298.7 683.384
1300.921 672.6812
1302.529 664.4142
1302.298 662.2879
1303.656 657.6061
1304.442 656.4952
1306.515 656.1777
3544.807 442.3665
3525.538 444.1289
3440.652 450.0746
3316.206 460.9513
3267.982 468.3958
3246.898 470.5042
3237.547 469.0995
3221.357 471.0229
3226.637 468.473
3238.911 464.8911
3250.96 461.9824
3272.918 457.5457
3282.86 455.272
3284.139 454.7069
3305.964 452.3288
3321.503 451.2948
3342.438 450.1408
3359.078 449.2801
3372.481 448.9027
3403.123 450.5329
3443.006 453.3418
3479.197 455.6043
3522.85 454.3566
3604.729 454.1624
3703.695 459.6385
3756.266 459.8195
3823.601 459.5799
61.69857 463.0098
127.9069 466.6862
194.6113 470.4214
270.8805 477.3273
326.891 485.9056
379.3177 494.4541
429.5459 498.9587
484.8678 501.0355
549.7474 501.7618
601.8991 505.7632
702.0771 519.5132
817.1194 537.0866
901.8359 551.6514
947.9671 558.9415
989.2194 568.5461
1049.576 579.5276
1084.63 588.6266
1133.108 599.42
1167.78 604.1446
1203.364 610.0329
1256.826 623.3038
1295.594 628.962
1335.171 634.0663
1366.646 636.1622
1382.488 635.4125
1400.984 635.6243
1401.371 637.127
1379 639.3569
1389.992 642.035
1372.533 641.3055
1370.543 641.602
1361.72 641.931
1348.281 642.6205
1342.245 644.0895
1336.443 646.4939
1332.271 647.8329
1326.211 648.405
1309.32 647.1229
1301.855 646.565
1290.567 644.0511
1270.547 640.2256
1257.649 636.6613
1246.214 628.5362
1246.388 626.5659
1246.847 623.685
1247.999 621.7618
1248.142 622.3964
1246.204 623.5964
1244.834 624.6381
1243.561 626.2446
1243.111 627.5929
1242.622 628.7089
1242.29 629.8599
1241.236 631.97
1241.998 633.0929
1244.298 634.5618
1249.655 635.2481
1253.365 635.7167
1258.142 636.2178
1258.923 636.6983
1260.668 636.6672
1262.264 636.0651
1263.779 634.5627
1264.798 633.639
1266.742 632.1733
1269.974 630.1735
1274.028 630.1406
1276.559 629.6667
1279.089 629.4673
1282.66 629.0709
1284.618 628.2844
1285.094 628.2674
1285.294 627.8689
1285.868 628.4263
1286.211 629.1373
1286.449 630.0682
1286.898 630.627
1287.907 630.7372
1287.191 630.4247
1288.269 630.0023
1288.26 628.4359
1288.659 627.4129
1290.204 626.0325
1291.512 625.1307
1292.771 624.6978
1293.796 624.3049
1294.055 623.8254
1293.376 623.1016
1292.683 622.5849
1291.557 622.3475
1289.395 622.3907
1287.321 622.8053
1286.326 623.0403
1284.894 623.7509
1284.268 624.253
1283.533 624.9963
1282.012 626.3734
1280.634 627.2199
1277.778 629.1279
1274.992 630.2167
1272.25 630.97
1270.242 631.215
1267.406 631.0801
1265.131 631.062
1261.753 631.9823
1260.516 632.402
1258.973 632.8928
1257.76 633.2389
1257.66 633.6371
1258.196 634.0364
1258.641 634.3234
1259.054 634.5323
1259.856 634.4688
1260.243 634.1881
1263.994 630.8069
1265.719 630.9174
1264.166 631.6219
1264.94 631.6592
1264.824 631.4142
1265.601 631.3566
1266.096 631.3535
1267.243 632.0978
1267.919 632.7852
1269.511 633.6467
1270.407 634.7935
1272.213 636.073
1272.822 637.042
1274.645 637.9137
1275.488 639.0301
1277.457 639.1202
1278.483 639.4423
1279.935 639.509
1282.748 640.2487
1284.667 641.6085
1286.551 643.5361
1288.652 643.9885
1290.779 644.5723
1292.232 644.8354
1293.418 645.1661
1294.663 645.537
1295.095 647.0861
1296.808 647.38
1297.374 648.2541
1297.905 649.5698
1298.417 649.9636
1299.104 649.8384
1299.504 649.4552
1299.318 648.9674
1299.038 648.5133
1298.479 648.4623
1296.631 648.7062
1295.575 649.1784
1294.447 649.9855
1290.852 652.4039
1290.65 652.5994
1289.289 652.8253
1288.61 652.9359
1288.247 652.9423
1288.232 653.0101
1288.528 652.8716
1288.943 652.3458
1289.018 651.5767
1289.353 650.6265
1289.239 649.999
1289.547 648.7352
1289.916 646.8055
1289.993 644.8767
1289.833 643.4032
1289.678 642.2341
1289.3 641.5801
1288.671 641.0721
1288.27 641.0551
1287.45 641.2909
1286.584 642.7702
1285.996 642.9112
1285.109 644.7763
1283.798 647.248
1282.445 648.5758
1281.334 649.4016
1279.229 650.1635
1279.031 646.5352
1279.423 640.1809
1279.792 636.7311
1280.552 632.655
1281.841 630.2238
1282.134 628.2789
1281.846 628.6379
1281.541 628.4272
1281.017 628.335
1280.704 628.2313
1280.025 628.9451
1279.203 630.9655
1279.068 630.285
1279.093 634.0704
1279.803 633.8599
1281.319 634.0103
1282.586 634.6698
1284.568 636.6433
1286.332 638.0544
1287.946 639.5055
1289.371 641.2691
1290.961 643.2581
1292.886 646.2921
1294.654 649.5217
1295.285 650.9899
1295.381 651.6642
1295.429 652.0505
1296.154 651.4681
1296.478 650.5891
1297.255 648.9078
1297.189 648.27
1297.296 647.5341
1297.444 646.7534
1296.952 646.0804
1295.878 646.0421
1295.91 646.8177
1296.011 647.9232
1295.921 649.3171
1296.382 650.6292
1296.328 651.925
1296.031 653.8011
1293.636 656.6501
1292.177 659.65
1289.813 663.8261
1289.916 667.3685
1293.908 669.2228
1296.829 668.8493
1303.064 665.8485
1309.401 661.7292
1312.002 658.6154
1314.366 656.46
1316.639 653.6614
1318.27 651.4737
1319.55 649.3525
1320.781 647.0576
1321.23 646.0479
1321.362 645.131
1321.261 645.3807
1320.756 646.016
1319.551 646.8647
1318.555 647.7675
1317.827 648.8425
1317.243 649.3885
1316.331 649.4338
1316.034 650.0031
1316.015 650.9139
1315.429 651.749
1315.267 652.6885
1314.371 653.7532
1313.294 654.3376
1312.54 655.0275
1311.008 655.5562
1310.069 655.7985
1306.468 655.5254
1303.834 658.3069
1302.236 665.2197
1301.417 667.5091
1294.903 688.8716
1289.803 708.665
1284.805 714.8754
1287.501 710.395
1289.968 706.6899
1291.956 705.6898
1290.041 704.9827
1295.36 687.8398
1297.941 678.5584
1302.293 668.1107
1303.16 661.5712
1303.16 659.6914
1304.513 656.0056
1305.415 655.3039
1307.476 655.2232
1308.516 656.3306
