1920 480
435.2324 445.8712
435.6247 445.6052
435.6803 445.6366
435.6686 445.627
435.6986 445.6152
435.693 445.6431
435.735 445.6378
435.7373 445.6361
435.736 445.6217
435.7643 445.6165
435.778 445.6458
435.7422 445.6383
435.7721 445.64
435.7933 445.6366
435.7956 445.6463
435.8105 445.6455
435.7936 445.6445
435.889 445.5993
435.8431 445.6367
435.8493 445.6276
435.8285 445.6147
435.7884 445.6061
435.7979 445.5847
435.8021 445.5667
435.875 445.5487
435.8786 445.5392
435.9235 445.5576
435.918 445.5322
435.9648 445.4782
435.9909 445.4937
435.9994 445.4897
435.9561 445.4715
436.0504 445.4618
436.0697 445.4808
436.0508 445.4862
436.0697 445.5006
436.0797 445.5002
436.0924 445.5005
436.1136 445.5068
436.1156 445.5047
436.0866 445.4842
436.0381 445.4862
436.0511 445.4868
436.0414 445.4749
436.0195 445.4845
436.04 445.4634
436.0391 445.4731
436.0091 445.4915
436.0016 445.4886
435.9974 445.4826
436.0039 445.4971
436.0101 445.4984
435.9811 445.5002
436.0075 445.5065
436.0068 445.5081
435.9746 445.5186
436.016 445.5469
436.0195 445.5658
436.0365 445.5848
436.0394 445.5807
436.0677 445.6099
436.0755 445.6188
436.1025 445.6366
436.0791 445.632
436.1068 445.6428
436.0599 445.6579
436.0592 445.6647
436.0677 445.6595
436.1039 445.6678
436.1208 445.6754
436.1302 445.6852
436.0833 445.6779
436.0726 445.6924
436.0983 445.6777
436.111 445.6952
436.0895 445.6958
436.1253 445.6758
436.1699 445.6826
436.1295 445.665
436.1602 445.6523
436.1527 445.6414
436.1234 445.6232
436.1367 445.6393
436.1201 445.619
436.1315 445.5962
436.1191 445.6204
436.1348 445.624
436.1563 445.6255
436.1478 445.6406
436.1569 445.6605
436.1432 445.6668
436.179 445.675
436.18 445.7
436.2038 445.7018
436.1751 445.7044
436.138 445.7033
436.1361 445.7284
436.1549 445.7106
436.1722 445.7106
436.1862 445.7005
436.2035 445.7118
436.1527 445.6973
436.1725 445.6922
436.1664 445.7068
436.2061 445.7087
436.1774 445.715
436.1956 445.7068
436.1914 445.6995
436.2184 445.694
436.2523 445.6981
436.1953 445.6987
436.1803 445.7178
436.2289 445.7103
436.1979 445.7087
436.2227 445.7104
436.2008 445.7269
436.1615 445.7417
436.124 445.7666
436.1201 445.7544
436.1283 445.7788
436.1556 445.7741
436.1387 445.7725
436.1403 445.7628
436.1211 445.7835
436.1162 445.7938
436.138 445.7871
436.1247 445.7961
436.1543 445.7914
436.125 445.7787
436.1191 445.8068
436.1361 445.7783
436.1781 445.7731
436.1211 445.7883
436.153 445.7894
436.1969 445.791
436.1937 445.7889
436.2324 445.7796
436.2096 445.8098
436.1979 445.7979
436.2103 445.787
436.2295 445.7775
436.2217 445.771
436.2285 445.7832
436.2542 445.7816
436.2728 445.7843
436.2533 445.7853
436.2594 445.7678
436.1963 445.7843
436.1881 445.7975
436.2047 445.8307
436.1774 445.8363
436.2383 445.8568
436.1979 445.8745
436.2074 445.873
436.1895 445.8882
436.1784 445.9129
436.1523 445.9138
436.0954 445.9233
436.1074 445.9237
436.1117 445.9194
436.1263 445.9171
436.1855 445.91
436.1318 445.9105
436.1504 445.928
436.1458 445.9128
436.1107 445.9055
436.1256 445.9188
436.1403 445.9197
436.1481 445.9138
436.21 445.9009
436.1699 445.9084
436.1774 445.8696
436.1976 445.8778
436.2113 445.8893
436.2402 445.8861
436.2555 445.9202
436.2539 445.9189
436.2838 445.8883
436.293 445.8997
436.2578 445.8961
436.2373 445.8954
436.2188 445.8688
436.2279 445.8638
436.2201 445.8529
436.2253 445.867
436.2279 445.8354
436.208 445.8286
436.2194 445.8387
436.1719 445.834
436.1615 445.8304
436.1807 445.8545
436.1588 445.847
436.1637 445.8374
436.152 445.8341
436.153 445.8257
436.1221 445.8034
436.1406 445.8181
436.2064 445.7995
436.1742 445.7987
436.1852 445.8223
436.1754 445.8154
436.1436 445.8058
436.1781 445.8475
436.1901 445.8415
436.1615 445.856
436.1387 445.8586
436.1292 445.8815
436.1022 445.8818
436.1074 445.8745
436.0889 445.8359
436.1283 445.8354
436.1165 445.8174
436.1559 445.7987
436.1331 445.7936
436.1322 445.7817
436.1628 445.7638
436.1484 445.7577
436.1761 445.7533
436.192 445.7212
436.2129 445.7361
436.1986 445.7401
436.1676 445.7474
436.1729 445.7586
436.1777 445.7437
436.1976 445.7635
436.2474 445.7588
436.2627 445.7645
436.2708 445.7658
436.3115 445.7394
436.2962 445.7371
436.2995 445.7357
436.3053 445.7302
436.3441 445.738
436.2972 445.7321
436.3122 445.7469
436.2715 445.7591
436.2344 445.7707
436.1963 445.77
436.1764 445.7787
436.1777 445.7826
436.2132 445.7728
436.2191 445.7723
436.2178 445.7868
436.2477 445.7783
436.2542 445.7769
436.2305 445.7728
436.2285 445.7773
436.2337 445.7993
436.2207 445.7773
436.1979 445.771
436.1973 445.7874
436.1771 445.7772
436.18 445.7762
436.1738 445.7742
436.1605 445.7751
436.1563 445.7936
436.1777 445.7733
436.2259 445.7972
436.234 445.7702
436.264 445.8001
436.2448 445.7723
436.2455 445.7782
436.2083 445.7863
436.208 445.7606
436.2145 445.791
436.1859 445.7918
436.1211 445.7559
436.0938 445.7713
436.0609 445.7881
436.0941 445.791
436.2044 445.7858
436.1576 445.7949
436.1537 445.7892
436.1751 445.8018
436.223 445.7941
436.2256 445.8236
436.1852 445.8047
436.1875 445.8252
436.1693 445.8073
436.1996 445.8065
436.2041 445.8285
436.1781 445.8149
436.1979 445.8247
436.1852 445.8143
436.2028 445.8401
436.2162 445.8293
436.1969 445.8343
436.1846 445.8429
436.168 445.8467
436.2008 445.8401
436.1507 445.8395
436.179 445.8418
436.2047 445.8219
436.2191 445.8107
436.194 445.8086
436.1979 445.8042
436.1764 445.792
436.152 445.8081
436.1374 445.7936
1920 480
435.2324 445.8712
435.6247 445.6052
435.6803 445.6366
435.6686 445.627
435.6986 445.6152
435.693 445.6431
435.735 445.6378
435.7373 445.6361
435.736 445.6217
435.7643 445.6165
435.778 445.6458
435.7422 445.6383
435.7721 445.64
435.7933 445.6366
435.7956 445.6463
435.8105 445.6455
435.7936 445.6445
435.889 445.5993
435.8431 445.6367
435.8493 445.6276
435.8285 445.6147
435.7884 445.6061
435.7979 445.5847
435.8021 445.5667
435.875 445.5487
435.8786 445.5392
435.9235 445.5576
435.918 445.5322
435.9648 445.4782
435.9909 445.4937
435.9994 445.4897
435.9561 445.4715
436.0504 445.4618
436.0697 445.4808
436.0508 445.4862
436.0697 445.5006
436.0797 445.5002
436.0924 445.5005
436.1136 445.5068
436.1156 445.5047
436.0866 445.4842
436.0381 445.4862
436.0511 445.4868
436.0414 445.4749
436.0195 445.4845
436.04 445.4634
436.0391 445.4731
436.0091 445.4915
436.0016 445.4886
435.9974 445.4826
436.0039 445.4971
436.0101 445.4984
435.9811 445.5002
436.0075 445.5065
436.0068 445.5081
435.9746 445.5186
436.016 445.5469
436.0195 445.5658
436.0365 445.5848
436.0394 445.5807
436.0677 445.6099
436.0755 445.6188
436.1025 445.6366
436.0791 445.632
436.1068 445.6428
436.0599 445.6579
436.0592 445.6647
436.0677 445.6595
436.1039 445.6678
436.1208 445.6754
436.1302 445.6852
436.0833 445.6779
436.0726 445.6924
436.0983 445.6777
436.111 445.6952
436.0895 445.6958
436.1253 445.6758
436.1699 445.6826
436.1295 445.665
436.1602 445.6523
436.1527 445.6414
436.1234 445.6232
436.1367 445.6393
436.1201 445.619
436.1315 445.5962
436.1191 445.6204
436.1348 445.624
436.1563 445.6255
436.1478 445.6406
436.1569 445.6605
436.1432 445.6668
436.179 445.675
436.18 445.7
436.2038 445.7018
436.1751 445.7044
436.138 445.7033
436.1361 445.7284
436.1549 445.7106
436.1722 445.7106
436.1862 445.7005
436.2035 445.7118
436.1527 445.6973
436.1725 445.6922
436.1664 445.7068
436.2061 445.7087
436.1774 445.715
436.1956 445.7068
436.1914 445.6995
436.2184 445.694
436.2523 445.6981
436.1953 445.6987
436.1803 445.7178
436.2289 445.7103
436.1979 445.7087
436.2227 445.7104
436.2008 445.7269
436.1615 445.7417
436.124 445.7666
436.1201 445.7544
436.1283 445.7788
436.1556 445.7741
436.1387 445.7725
436.1403 445.7628
436.1211 445.7835
436.1162 445.7938
436.138 445.7871
436.1247 445.7961
436.1543 445.7914
436.125 445.7787
436.1191 445.8068
436.1361 445.7783
436.1781 445.7731
436.1211 445.7883
436.153 445.7894
436.1969 445.791
436.1937 445.7889
436.2324 445.7796
436.2096 445.8098
436.1979 445.7979
436.2103 445.787
436.2295 445.7775
436.2217 445.771
436.2285 445.7832
436.2542 445.7816
436.2728 445.7843
436.2533 445.7853
436.2594 445.7678
436.1963 445.7843
436.1881 445.7975
436.2047 445.8307
436.1774 445.8363
436.2383 445.8568
436.1979 445.8745
436.2074 445.873
436.1895 445.8882
436.1784 445.9129
436.1523 445.9138
436.0954 445.9233
436.1074 445.9237
436.1117 445.9194
436.1263 445.9171
436.1855 445.91
436.1318 445.9105
436.1504 445.928
436.1458 445.9128
436.1107 445.9055
436.1256 445.9188
436.1403 445.9197
436.1481 445.9138
436.21 445.9009
436.1699 445.9084
436.1774 445.8696
436.1976 445.8778
436.2113 445.8893
436.2402 445.8861
436.2555 445.9202
436.2539 445.9189
436.2838 445.8883
436.293 445.8997
436.2578 445.8961
436.2373 445.8954
436.2188 445.8688
436.2279 445.8638
436.2201 445.8529
436.2253 445.867
436.2279 445.8354
436.208 445.8286
436.2194 445.8387
436.1719 445.834
436.1615 445.8304
436.1807 445.8545
436.1588 445.847
436.1637 445.8374
436.152 445.8341
436.153 445.8257
436.1221 445.8034
436.1406 445.8181
436.2064 445.7995
436.1742 445.7987
436.1852 445.8223
436.1754 445.8154
436.1436 445.8058
436.1781 445.8475
436.1901 445.8415
436.1615 445.856
436.1387 445.8586
436.1292 445.8815
436.1022 445.8818
436.1074 445.8745
436.0889 445.8359
436.1283 445.8354
436.1165 445.8174
436.1559 445.7987
436.1331 445.7936
436.1322 445.7817
436.1628 445.7638
436.1484 445.7577
436.1761 445.7533
436.192 445.7212
436.2129 445.7361
436.1986 445.7401
436.1676 445.7474
436.1729 445.7586
436.1777 445.7437
436.1976 445.7635
436.2474 445.7588
436.2627 445.7645
436.2708 445.7658
436.3115 445.7394
436.2962 445.7371
436.2995 445.7357
436.3053 445.7302
436.3441 445.738
436.2972 445.7321
436.3122 445.7469
436.2715 445.7591
436.2344 445.7707
436.1963 445.77
436.1764 445.7787
436.1777 445.7826
436.2132 445.7728
436.2191 445.7723
436.2178 445.7868
436.2477 445.7783
436.2542 445.7769
436.2305 445.7728
436.2285 445.7773
436.2337 445.7993
436.2207 445.7773
436.1979 445.771
436.1973 445.7874
436.1771 445.7772
436.18 445.7762
436.1738 445.7742
436.1605 445.7751
436.1563 445.7936
436.1777 445.7733
436.2259 445.7972
436.234 445.7702
436.264 445.8001
436.2448 445.7723
436.2455 445.7782
436.2083 445.7863
436.208 445.7606
436.2145 445.791
436.1859 445.7918
436.1211 445.7559
436.0938 445.7713
436.0609 445.7881
436.0941 445.791
436.2044 445.7858
436.1576 445.7949
436.1537 445.7892
436.1751 445.8018
436.223 445.7941
436.2256 445.8236
436.1852 445.8047
436.1875 445.8252
436.1693 445.8073
436.1996 445.8065
436.2041 445.8285
436.1781 445.8149
436.1979 445.8247
436.1852 445.8143
436.2028 445.8401
436.2162 445.8293
436.1969 445.8343
436.1846 445.8429
436.168 445.8467
436.2008 445.8401
436.1507 445.8395
436.179 445.8418
436.2047 445.8219
436.2191 445.8107
436.194 445.8086
436.1979 445.8042
436.1764 445.792
436.152 445.8081
436.1374 445.7936
436.1449 445.8
436.1475 445.8094
436.1468 445.8104
436.1865 445.7891
436.1914 445.7824
436.1582 445.7813
436.2096 445.8034
436.1719 445.8008
436.1842 445.7858
436.1621 445.8076
436.209 445.8057
436.2168 445.7992
436.2506 445.7931
436.2012 445.8013
436.2298 445.7831
436.2529 445.7856
436.2038 445.779
436.1885 445.7858
436.2194 445.7773
436.1947 445.7485
436.1807 445.7661
436.1859 445.772
436.2256 445.7601
436.1989 445.7737
436.2852 445.7787
436.2389 445.7668
436.2328 445.7801
436.1924 445.7803
436.1266 445.7985
436.0957 445.8062
436.1813 445.8234
436.1605 445.8512
436.1969 445.8521
436.1364 445.8514
436.1745 445.8947
436.1556 445.8783
436.1436 445.8908
436.182 445.8812
436.1771 445.88
436.2083 445.8661
436.2174 445.8525
436.1986 445.8652
436.1914 445.8493
436.1569 445.8776
436.1637 445.8485
436.168 445.8773
436.1911 445.8675
436.2383 445.8748
436.2344 445.8771
436.2344 445.8807
436.2194 445.8849
436.2357 445.8789
436.224 445.8795
436.25 445.8646
436.2301 445.8958
435.833 446.0308
434.4118 445.8429
435.2852 444.3291
435.4561 445.7388
435.3216 446.7938
435.6504 445.4111
435.6348 445.5623
435.7132 445.8104
435.6087 445.6533
435.373 445.8421
435.6159 445.7695
435.4919 445.3693
435.4873 446.0515
435.4789 445.5526
435.5449 445.6873
435.4919 445.8
435.4818 445.7111
435.7168 445.785
435.5951 445.04
435.627 444.9277
435.4557 446.1652
435.5098 445.4653
435.501 445.6315
435.6667 445.9106
435.513 445.4517
435.5592 446.0619
435.6491 445.5342
436.1185 445.501
435.9658 445.7545
436.9824 445.5885
435.9251 445.5613
434.4704 445.7437
433.8672 445.4699
433.8971 445.6994
434.0521 445.5749
434.1908 445.348
435.3112 445.7739
436.7969 445.6699
436.3561 445.3411
436.0365 445.6842
435.8506 445.2314
434.9502 445.2124
433.4453 445.4692
434.7943 448.1356
434.1419 447.1299
433.3672 442.7526
433.1387 443.0547
432.1683 445.6945
431.901 447.458
431.5251 446.995
432.4811 446.6787
432.8698 445.7427
432.958 444.8664
432.4766 446.2512
432.1309 446.6787
432.306 446.4766
432.6908 445.9944
432.7835 445.9128
432.4814 445.9987
432.3512 446.474
432.4586 446.2645
432.6022 445.9879
432.5414 446.2277
432.3952 446.2039
432.4378 446.3081
432.485 446.1553
432.4665 446.2228
432.3779 446.3246
432.4063 446.3473
432.4268 446.2842
432.3744 446.3322
432.3213 446.3705
432.3385 446.3625
432.3705 446.3524
432.3239 446.3309
432.3594 446.4017
432.335 446.3336
432.3545 446.3421
432.3493 446.3391
432.3477 446.354
432.3503 446.3555
432.3613 446.3638
432.333 446.3712
432.3529 446.368
432.3646 446.3449
432.375 446.3429
432.3477 446.361
432.3659 446.3512
432.3398 446.3674
432.335 446.3504
432.3405 446.3781
432.3271 446.3615
432.3099 446.3682
432.3174 446.3726
432.3366 446.4002
432.3324 446.3965
432.3288 446.3874
432.3633 446.3914
432.3763 446.3916
432.3691 446.3698
432.376 446.3657
432.3438 446.3835
432.4004 446.3566
432.4508 446.3495
432.4115 446.3626
432.4219 446.3501
432.4707 446.3727
432.446 446.3683
432.403 446.3726
432.4023 446.3722
432.4076 446.3654
432.4342 446.3612
432.3669 446.3846
432.3512 446.3789
432.3705 446.3724
432.3499 446.3706
432.3418 446.3716
432.3268 446.3634
432.3776 446.3696
432.3643 446.3617
432.307 446.3768
432.3148 446.3709
432.3229 446.3726
432.349 446.3712
432.3275 446.3701
432.3203 446.3737
432.2965 446.3716
432.333 446.3779
432.3457 446.3711
432.3685 446.3695
432.2861 446.3628
432.3818 446.3753
432.4307 446.3454
432.4551 446.3221
432.4144 446.3545
432.443 446.3221
432.4342 446.3242
432.431 446.3223
432.4632 446.2923
435.5771 446.3006
452.7575 446.2864
474.0172 446.2837
495.3161 446.2813
516.639 446.2739
537.8926 446.2702
559.2419 446.2725
580.5407 446.2775
602.2158 446.2834
623.261 446.311
644.6745 446.3024
666.1263 446.2855
687.2969 446.305
708.555 446.3088
729.8148 446.3179
751.152 446.3519
772.6429 446.3649
794.7197 446.376
815.2236 446.3768
836.4557 446.3846
857.9245 446.3674
879.1016 446.3504
900.3675 446.3586
921.8239 446.3584
943.8441 446.3493
967.7047 446.3691
985.8505 446.3457
1007.242 446.3303
1028.741 446.3367
1050.235 446.3372
1071.317 446.3252
1092.648 446.3369
1113.875 446.3418
1132.346 446.3537
1135.863 446.3395
1135.883 446.3481
1135.866 446.3634
1135.877 446.3625
1135.886 446.3589
1135.844 446.3533
1131.998 446.3693
1122.494 446.3687
1112.615 446.3742
1102.582 446.409
1094.398 446.4002
1086.354 446.3885
1078.578 446.3913
1072.618 446.3949
1069.462 446.4012
1069.293 446.3799
1069.284 446.3706
1069.277 446.3849
1069.304 446.3685
1069.258 446.3856
1069.274 446.3895
1069.236 446.3979
1069.276 446.3612
1069.274 446.3675
1069.292 446.3604
1069.31 446.3556
1069.285 446.3665
1069.299 446.3721
1069.318 446.3712
1069.349 446.3622
1069.322 446.3831
1069.322 446.3862
1069.336 446.4035
1069.301 446.4191
1069.354 446.4118
1069.299 446.4155
1069.316 446.3981
1069.245 446.3854
1069.276 446.4355
1069.224 446.4159
1069.242 446.395
1069.245 446.389
1069.258 446.4001
1069.25 446.3853
1069.244 446.3937
1069.251 446.3859
1069.271 446.3906
1069.276 446.4001
1069.22 446.4102
1069.247 446.4146
1069.277 446.4142
1069.299 446.4136
1069.294 446.4305
1069.293 446.4203
1069.313 446.4399
1069.313 446.4611
1069.327 446.4521
1069.1 446.4448
1068.989 446.4298
1067.254 446.4429
1064.919 446.4248
1062.104 446.4491
1059.293 446.4466
1056.546 446.4461
1053.737 446.4505
1050.923 446.4577
1048.223 446.4616
1045.327 446.466
1042.509 446.4657
1039.76 446.4583
1036.974 446.4443
1034.16 446.4329
436.1449 445.8
436.1475 445.8094
436.1468 445.8104
436.1865 445.7891
436.1914 445.7824
436.1582 445.7813
436.2096 445.8034
436.1719 445.8008
436.1842 445.7858
436.1621 445.8076
436.209 445.8057
436.2168 445.7992
436.2506 445.7931
436.2012 445.8013
436.2298 445.7831
436.2529 445.7856
436.2038 445.779
436.1885 445.7858
436.2194 445.7773
436.1947 445.7485
436.1807 445.7661
436.1859 445.772
436.2256 445.7601
436.1989 445.7737
436.2852 445.7787
436.2389 445.7668
436.2328 445.7801
436.1924 445.7803
436.1266 445.7985
436.0957 445.8062
436.1813 445.8234
436.1605 445.8512
436.1969 445.8521
436.1364 445.8514
436.1745 445.8947
436.1556 445.8783
436.1436 445.8908
436.182 445.8812
436.1771 445.88
436.2083 445.8661
436.2174 445.8525
436.1986 445.8652
436.1914 445.8493
436.1569 445.8776
436.1637 445.8485
436.168 445.8773
436.1911 445.8675
436.2383 445.8748
436.2344 445.8771
436.2344 445.8807
436.2194 445.8849
436.2357 445.8789
436.224 445.8795
436.25 445.8646
436.2301 445.8958
435.833 446.0308
434.4118 445.8429
435.2852 444.3291
435.4561 445.7388
435.3216 446.7938
435.6504 445.4111
435.6348 445.5623
435.7132 445.8104
435.6087 445.6533
435.373 445.8421
435.6159 445.7695
435.4919 445.3693
435.4873 446.0515
435.4789 445.5526
435.5449 445.6873
435.4919 445.8
435.4818 445.7111
435.7168 445.785
435.5951 445.04
435.627 444.9277
435.4557 446.1652
435.5098 445.4653
435.501 445.6315
435.6667 445.9106
435.513 445.4517
435.5592 446.0619
435.6491 445.5342
436.1185 445.501
435.9658 445.7545
436.9824 445.5885
435.9251 445.5613
434.4704 445.7437
433.8672 445.4699
433.8971 445.6994
434.0521 445.5749
434.1908 445.348
435.3112 445.7739
436.7969 445.6699
436.3561 445.3411
436.0365 445.6842
435.8506 445.2314
434.9502 445.2124
433.4453 445.4692
434.7943 448.1356
434.1419 447.1299
433.3672 442.7526
433.1387 443.0547
432.1683 445.6945
431.901 447.458
431.5251 446.995
432.4811 446.6787
432.8698 445.7427
432.958 444.8664
432.4766 446.2512
432.1309 446.6787
432.306 446.4766
432.6908 445.9944
432.7835 445.9128
432.4814 445.9987
432.3512 446.474
432.4586 446.2645
432.6022 445.9879
432.5414 446.2277
432.3952 446.2039
432.4378 446.3081
432.485 446.1553
432.4665 446.2228
432.3779 446.3246
432.4063 446.3473
432.4268 446.2842
432.3744 446.3322
432.3213 446.3705
432.3385 446.3625
432.3705 446.3524
432.3239 446.3309
432.3594 446.4017
432.335 446.3336
432.3545 446.3421
432.3493 446.3391
432.3477 446.354
432.3503 446.3555
432.3613 446.3638
432.333 446.3712
432.3529 446.368
432.3646 446.3449
432.375 446.3429
432.3477 446.361
432.3659 446.3512
432.3398 446.3674
432.335 446.3504
432.3405 446.3781
432.3271 446.3615
432.3099 446.3682
432.3174 446.3726
432.3366 446.4002
432.3324 446.3965
432.3288 446.3874
432.3633 446.3914
432.3763 446.3916
432.3691 446.3698
432.376 446.3657
432.3438 446.3835
432.4004 446.3566
432.4508 446.3495
432.4115 446.3626
432.4219 446.3501
432.4707 446.3727
432.446 446.3683
432.403 446.3726
432.4023 446.3722
432.4076 446.3654
432.4342 446.3612
432.3669 446.3846
432.3512 446.3789
432.3705 446.3724
432.3499 446.3706
432.3418 446.3716
432.3268 446.3634
432.3776 446.3696
432.3643 446.3617
432.307 446.3768
432.3148 446.3709
432.3229 446.3726
432.349 446.3712
432.3275 446.3701
432.3203 446.3737
432.2965 446.3716
432.333 446.3779
432.3457 446.3711
432.3685 446.3695
432.2861 446.3628
432.3818 446.3753
432.4307 446.3454
432.4551 446.3221
432.4144 446.3545
432.443 446.3221
432.4342 446.3242
432.431 446.3223
432.4632 446.2923
435.5771 446.3006
452.7575 446.2864
474.0172 446.2837
495.3161 446.2813
516.639 446.2739
537.8926 446.2702
559.2419 446.2725
580.5407 446.2775
602.2158 446.2834
623.261 446.311
644.6745 446.3024
666.1263 446.2855
687.2969 446.305
708.555 446.3088
729.8148 446.3179
751.152 446.3519
772.6429 446.3649
794.7197 446.376
815.2236 446.3768
836.4557 446.3846
857.9245 446.3674
879.1016 446.3504
900.3675 446.3586
921.8239 446.3584
943.8441 446.3493
967.7047 446.3691
985.8505 446.3457
1007.242 446.3303
1028.741 446.3367
1050.235 446.3372
1071.317 446.3252
1092.648 446.3369
1113.875 446.3418
1132.346 446.3537
1135.863 446.3395
1135.883 446.3481
1135.866 446.3634
1135.877 446.3625
1135.886 446.3589
1135.844 446.3533
1131.998 446.3693
1122.494 446.3687
1112.615 446.3742
1102.582 446.409
1094.398 446.4002
1086.354 446.3885
1078.578 446.3913
1072.618 446.3949
1069.462 446.4012
1069.293 446.3799
1069.284 446.3706
1069.277 446.3849
1069.304 446.3685
1069.258 446.3856
1069.274 446.3895
1069.236 446.3979
1069.276 446.3612
1069.274 446.3675
1069.292 446.3604
1069.31 446.3556
1069.285 446.3665
1069.299 446.3721
1069.318 446.3712
1069.349 446.3622
1069.322 446.3831
1069.322 446.3862
1069.336 446.4035
1069.301 446.4191
1069.354 446.4118
1069.299 446.4155
1069.316 446.3981
1069.245 446.3854
1069.276 446.4355
1069.224 446.4159
1069.242 446.395
1069.245 446.389
1069.258 446.4001
1069.25 446.3853
1069.244 446.3937
1069.251 446.3859
1069.271 446.3906
1069.276 446.4001
1069.22 446.4102
1069.247 446.4146
1069.277 446.4142
1069.299 446.4136
1069.294 446.4305
1069.293 446.4203
1069.313 446.4399
1069.313 446.4611
1069.327 446.4521
1069.1 446.4448
1068.989 446.4298
1067.254 446.4429
1064.919 446.4248
1062.104 446.4491
1059.293 446.4466
1056.546 446.4461
1053.737 446.4505
1050.923 446.4577
1048.223 446.4616
1045.327 446.466
1042.509 446.4657
1039.76 446.4583
1036.974 446.4443
1034.16 446.4329
1031.395 446.4212
1028.566 446.4116
1025.867 446.3911
1023.057 446.3805
1020.267 446.3849
1017.458 446.3783
1014.712 446.3696
1012.031 446.3818
1009.664 446.3857
1008.066 446.3802
1006.609 446.37
1005.124 446.375
1004.604 446.374
1004.594 446.4155
1004.627 446.4147
1004.639 446.4111
1004.637 446.4284
1004.619 446.4162
1004.603 446.4159
1004.632 446.4186
1004.623 446.4159
1004.621 446.3989
1004.631 446.3968
1004.617 446.3826
1004.598 446.375
1004.616 446.3644
1004.58 446.3643
1004.607 446.3745
1004.553 446.3722
1004.612 446.362
1004.583 446.3734
1004.595 446.3844
1004.557 446.3821
1004.576 446.377
1004.924 446.3913
1005.573 446.3729
1007.152 446.3644
1009.222 446.3924
1011.246 446.3957
1013.216 446.3924
1015.173 446.3893
1017.092 446.3841
1019.032 446.3654
1020.926 446.3737
1022.745 446.3644
1024.562 446.3433
1026.411 446.3522
1028.079 446.3452
1029.484 446.3578
1030.233 446.3377
1030.902 446.3564
1031.581 446.3579
1032.051 446.3623
1032.483 446.3564
1032.943 446.3633
1033.198 446.3732
1033.434 446.3771
1033.67 446.3789
1033.885 446.3667
1034.1 446.3558
1034.332 446.37
1034.561 446.3831
1034.781 446.3861
1035.021 446.381
1035.244 446.3864
1035.415 446.3906
1035.673 446.3719
1035.921 446.3475
1036.092 446.3755
1036.291 446.382
1036.517 446.3716
1036.711 446.3691
1036.877 446.3813
1037.129 446.3871
1037.351 446.3945
1037.551 446.39
1037.732 446.3945
1038 446.3821
1038.241 446.3889
1038.383 446.3815
1038.575 446.3844
1038.782 446.3815
1038.944 446.3721
1039.186 446.3877
1039.375 446.3953
1039.554 446.4015
1039.76 446.389
1039.986 446.3708
1040.177 446.3939
1040.411 446.3949
1040.604 446.4088
1040.808 446.3878
1041.083 446.4026
1041.229 446.4005
1041.385 446.4058
1041.638 446.4144
1041.848 446.3991
1042.055 446.3986
1042.304 446.3993
1042.51 446.4126
1042.743 446.4009
1042.915 446.3958
1043.124 446.3889
1043.302 446.4193
1043.541 446.4007
1043.804 446.4245
1043.964 446.4201
1044.177 446.4211
1044.377 446.4082
1044.584 446.3802
1044.882 446.4177
1045.025 446.3734
1045.256 446.4076
1045.513 446.4019
1045.704 446.4294
1045.946 446.3817
1046.195 446.3936
1046.395 446.3817
1046.598 446.394
1046.785 446.4072
1047.001 446.4009
1047.228 446.3874
1047.416 446.395
1047.641 446.3851
1047.798 446.3949
1048.051 446.3869
1048.243 446.41
1048.395 446.3958
1048.631 446.3874
1048.781 446.3851
1049.007 446.3878
1049.208 446.4025
1049.398 446.396
1049.635 446.4043
1049.819 446.3936
1050.024 446.3877
1050.229 446.3639
1050.429 446.3571
1050.623 446.3712
1050.775 446.3866
1051.033 446.3573
1051.226 446.383
1051.444 446.3734
1051.674 446.3841
1051.892 446.3854
1052.064 446.4298
1052.278 446.3791
1052.505 446.403
1052.734 446.403
1052.98 446.3905
1053.205 446.4152
1053.493 446.4215
1053.767 446.4351
1054.043 446.41
1054.367 446.3989
1054.669 446.376
1054.986 446.3672
1055.264 446.3478
1055.532 446.3262
1055.523 446.3022
1055.538 446.3079
1055.544 446.3091
1055.536 446.3166
1055.532 446.3299
1055.506 446.3234
1055.525 446.3271
1055.527 446.3364
1055.515 446.3361
1057.804 446.3701
1072.152 446.374
1093.473 446.3871
1114.917 446.3722
1136.279 446.346
1157.608 446.3698
1179.288 446.3324
1200.175 446.3455
1221.415 446.3441
1243.172 446.324
1264.323 446.3291
1285.476 446.3397
1307.363 446.3175
1328.26 446.3133
1349.505 446.3615
1370.761 446.3604
1392.239 446.3364
1414.366 446.3402
1434.845 446.3384
1456.165 446.3434
1478.365 446.3613
1499.023 446.3514
1520.339 446.3511
1541.489 446.354
1563.39 446.3548
1584.156 446.3596
1605.493 446.3779
1626.933 446.3758
1648.096 446.3843
1669.882 446.3991
1691.069 446.3875
1712.12 446.402
1733.563 446.4007
1754.95 446.3984
1776.266 446.394
1796.595 446.3892
1817.949 446.3942
1839.209 446.3743
1860.455 446.3878
1882.024 446.3569
1903.26 446.3664
1924.705 446.3712
1946.08 446.3703
1967.036 446.3537
1988.617 446.3528
2009.981 446.3532
2031.266 446.3548
2052.338 446.3522
2073.691 446.3442
2095.291 446.3592
2116.652 446.3608
2137.708 446.3826
2158.97 446.3626
2180.434 446.3839
2202.108 446.3773
2223.185 446.3919
2244.709 446.3994
2265.927 446.3918
2286.993 446.3757
2308.426 446.3942
2329.772 446.3726
2351.149 446.377
2372.792 446.3802
2394.118 446.3846
2415.283 446.3752
2436.765 446.3623
2457.538 446.375
2479.154 446.3311
2500.356 446.3967
2522.105 446.3932
2543.441 446.4036
2564.554 446.3856
2585.854 446.3813
2607.331 446.3947
2628.324 446.3922
2650.239 446.3889
2670.9 446.3654
2692.414 446.3743
2714.189 446.3622
2735.025 446.3599
2756.389 446.3488
2777.877 446.355
2799.491 446.3579
2820.45 446.3696
2841.792 446.3578
2863.135 446.3753
2884.699 446.3568
2905.892 446.3717
2927.028 446.3716
2948.603 446.367
2970.028 446.3389
2991.255 446.3788
3012.649 446.3765
3034.064 446.391
3055.132 446.3722
3076.691 446.3685
3098.11 446.3539
3119.327 446.3617
3137.569 446.3472
3151.725 446.3809
3151.615 446.3761
3151.617 446.3836
3151.608 446.3709
3151.659 446.4014
3151.661 446.3862
3151.627 446.3846
3151.604 446.3821
3151.586 446.3821
3151.635 446.3662
3151.618 446.3892
3151.658 446.3924
3151.691 446.3866
3151.705 446.388
3151.745 446.3965
3151.693 446.3994
3151.656 446.3843
3151.683 446.3755
3151.681 446.3654
3151.677 446.3687
3151.715 446.3712
3151.68 446.39
3151.659 446.3524
3151.678 446.3805
3151.636 446.3524
3151.629 446.3578
3151.657 446.3706
3151.67 446.341
3151.643 446.349
3151.684 446.3625
3151.655 446.3462
3151.699 446.3426
3151.674 446.3398
1031.395 446.4212
1028.566 446.4116
1025.867 446.3911
1023.057 446.3805
1020.267 446.3849
1017.458 446.3783
1014.712 446.3696
1012.031 446.3818
1009.664 446.3857
1008.066 446.3802
1006.609 446.37
1005.124 446.375
1004.604 446.374
1004.594 446.4155
1004.627 446.4147
1004.639 446.4111
1004.637 446.4284
1004.619 446.4162
1004.603 446.4159
1004.632 446.4186
1004.623 446.4159
1004.621 446.3989
1004.631 446.3968
1004.617 446.3826
1004.598 446.375
1004.616 446.3644
1004.58 446.3643
1004.607 446.3745
1004.553 446.3722
1004.612 446.362
1004.583 446.3734
1004.595 446.3844
1004.557 446.3821
1004.576 446.377
1004.924 446.3913
1005.573 446.3729
1007.152 446.3644
1009.222 446.3924
1011.246 446.3957
1013.216 446.3924
1015.173 446.3893
1017.092 446.3841
1019.032 446.3654
1020.926 446.3737
1022.745 446.3644
1024.562 446.3433
1026.411 446.3522
1028.079 446.3452
1029.484 446.3578
1030.233 446.3377
1030.902 446.3564
1031.581 446.3579
1032.051 446.3623
1032.483 446.3564
1032.943 446.3633
1033.198 446.3732
1033.434 446.3771
1033.67 446.3789
1033.885 446.3667
1034.1 446.3558
1034.332 446.37
1034.561 446.3831
1034.781 446.3861
1035.021 446.381
1035.244 446.3864
1035.415 446.3906
1035.673 446.3719
1035.921 446.3475
1036.092 446.3755
1036.291 446.382
1036.517 446.3716
1036.711 446.3691
1036.877 446.3813
1037.129 446.3871
1037.351 446.3945
1037.551 446.39
1037.732 446.3945
1038 446.3821
1038.241 446.3889
1038.383 446.3815
1038.575 446.3844
1038.782 446.3815
1038.944 446.3721
1039.186 446.3877
1039.375 446.3953
1039.554 446.4015
1039.76 446.389
1039.986 446.3708
1040.177 446.3939
1040.411 446.3949
1040.604 446.4088
1040.808 446.3878
1041.083 446.4026
1041.229 446.4005
1041.385 446.4058
1041.638 446.4144
1041.848 446.3991
1042.055 446.3986
1042.304 446.3993
1042.51 446.4126
1042.743 446.4009
1042.915 446.3958
1043.124 446.3889
1043.302 446.4193
1043.541 446.4007
1043.804 446.4245
1043.964 446.4201
1044.177 446.4211
1044.377 446.4082
1044.584 446.3802
1044.882 446.4177
1045.025 446.3734
1045.256 446.4076
1045.513 446.4019
1045.704 446.4294
1045.946 446.3817
1046.195 446.3936
1046.395 446.3817
1046.598 446.394
1046.785 446.4072
1047.001 446.4009
1047.228 446.3874
1047.416 446.395
1047.641 446.3851
1047.798 446.3949
1048.051 446.3869
1048.243 446.41
1048.395 446.3958
1048.631 446.3874
1048.781 446.3851
1049.007 446.3878
1049.208 446.4025
1049.398 446.396
1049.635 446.4043
1049.819 446.3936
1050.024 446.3877
1050.229 446.3639
1050.429 446.3571
1050.623 446.3712
1050.775 446.3866
1051.033 446.3573
1051.226 446.383
1051.444 446.3734
1051.674 446.3841
1051.892 446.3854
1052.064 446.4298
1052.278 446.3791
1052.505 446.403
1052.734 446.403
1052.98 446.3905
1053.205 446.4152
1053.493 446.4215
1053.767 446.4351
1054.043 446.41
1054.367 446.3989
1054.669 446.376
1054.986 446.3672
1055.264 446.3478
1055.532 446.3262
1055.523 446.3022
1055.538 446.3079
1055.544 446.3091
1055.536 446.3166
1055.532 446.3299
1055.506 446.3234
1055.525 446.3271
1055.527 446.3364
1055.515 446.3361
1057.804 446.3701
1072.152 446.374
1093.473 446.3871
1114.917 446.3722
1136.279 446.346
1157.608 446.3698
1179.288 446.3324
1200.175 446.3455
1221.415 446.3441
1243.172 446.324
1264.323 446.3291
1285.476 446.3397
1307.363 446.3175
1328.26 446.3133
1349.505 446.3615
1370.761 446.3604
1392.239 446.3364
1414.366 446.3402
1434.845 446.3384
1456.165 446.3434
1478.365 446.3613
1499.023 446.3514
1520.339 446.3511
1541.489 446.354
1563.39 446.3548
1584.156 446.3596
1605.493 446.3779
1626.933 446.3758
1648.096 446.3843
1669.882 446.3991
1691.069 446.3875
1712.12 446.402
1733.563 446.4007
1754.95 446.3984
1776.266 446.394
1796.595 446.3892
1817.949 446.3942
1839.209 446.3743
1860.455 446.3878
1882.024 446.3569
1903.26 446.3664
1924.705 446.3712
1946.08 446.3703
1967.036 446.3537
1988.617 446.3528
2009.981 446.3532
2031.266 446.3548
2052.338 446.3522
2073.691 446.3442
2095.291 446.3592
2116.652 446.3608
2137.708 446.3826
2158.97 446.3626
2180.434 446.3839
2202.108 446.3773
2223.185 446.3919
2244.709 446.3994
2265.927 446.3918
2286.993 446.3757
2308.426 446.3942
2329.772 446.3726
2351.149 446.377
2372.792 446.3802
2394.118 446.3846
2415.283 446.3752
2436.765 446.3623
2457.538 446.375
2479.154 446.3311
2500.356 446.3967
2522.105 446.3932
2543.441 446.4036
2564.554 446.3856
2585.854 446.3813
2607.331 446.3947
2628.324 446.3922
2650.239 446.3889
2670.9 446.3654
2692.414 446.3743
2714.189 446.3622
2735.025 446.3599
2756.389 446.3488
2777.877 446.355
2799.491 446.3579
2820.45 446.3696
2841.792 446.3578
2863.135 446.3753
2884.699 446.3568
2905.892 446.3717
2927.028 446.3716
2948.603 446.367
2970.028 446.3389
2991.255 446.3788
3012.649 446.3765
3034.064 446.391
3055.132 446.3722
3076.691 446.3685
3098.11 446.3539
3119.327 446.3617
3137.569 446.3472
3151.725 446.3809
3151.615 446.3761
3151.617 446.3836
3151.608 446.3709
3151.659 446.4014
3151.661 446.3862
3151.627 446.3846
3151.604 446.3821
3151.586 446.3821
3151.635 446.3662
3151.618 446.3892
3151.658 446.3924
3151.691 446.3866
3151.705 446.388
3151.745 446.3965
3151.693 446.3994
3151.656 446.3843
3151.683 446.3755
3151.681 446.3654
3151.677 446.3687
3151.715 446.3712
3151.68 446.39
3151.659 446.3524
3151.678 446.3805
3151.636 446.3524
3151.629 446.3578
3151.657 446.3706
3151.67 446.341
3151.643 446.349
3151.684 446.3625
3151.655 446.3462
3151.699 446.3426
3151.674 446.3398
3151.643 446.3483
3151.674 446.3412
3151.715 446.3392
3151.666 446.3589
3151.683 446.3608
3151.721 446.3224
3151.753 446.3226
3151.76 446.3166
3151.763 446.3114
3151.763 446.3107
3151.745 446.2864
3151.752 446.2495
3151.732 446.2651
3151.717 446.2713
3151.745 446.2699
3151.707 446.2861
3151.772 446.2717
3151.761 446.3078
3151.725 446.3078
3151.754 446.3
3151.686 446.3216
3151.613 446.3504
3151.652 446.3036
3151.689 446.2639
3151.625 446.3258
3151.728 446.2843
3151.706 446.3226
3151.633 446.3057
3151.633 446.3156
3151.666 446.2959
3151.667 446.3275
3151.666 446.2932
3151.738 446.3174
3151.69 446.2892
1920 446.2985
1920 446.3096
1920 446.34
1920 446.3792
1919.944 446.3579
1919.963 446.4266
1919.895 446.4097
1919.936 446.4281
1919.879 446.4445
1919.902 446.4611
1919.937 446.4543
1919.919 446.4489
1919.877 446.4553
1919.843 446.4763
1919.882 446.4598
1919.847 446.4763
1919.844 446.4855
1919.889 446.479
1919.868 446.4852
1919.887 446.4736
1919.895 446.5067
1919.847 446.5077
1919.843 446.4987
1919.851 446.4862
1919.808 446.519
1919.821 446.5407
1919.878 446.5441
1919.844 446.5231
1919.854 446.5062
1919.812 446.5229
1919.792 446.5117
1919.809 446.4704
1919.81 446.451
1919.873 446.4246
1919.891 446.4292
1919.813 446.3712
1919.886 446.4238
1919.904 446.4031
1919.922 446.4146
1919.961 446.4082
1906.674 446.4276
1885.529 446.4128
1864.283 446.3967
1842.702 446.4074
1821.404 446.3784
1800.206 446.3763
1778.755 446.3387
1757.527 446.36
1736.071 446.3641
1714.708 446.3293
1693.482 446.3372
1672.202 446.3387
1650.63 446.3618
1629.501 446.4046
1607.913 446.3989
1586.704 446.3755
1565.395 446.368
1544.224 446.3859
1522.353 446.38
1501.331 446.3965
1480.163 446.3799
1458.83 446.4232
1437.145 446.3905
1416.218 446.3486
1394.913 446.3693
1373.53 446.3788
1351.88 446.3574
1330.78 446.3546
1309.448 446.3633
1288.177 446.3521
1266.262 446.3403
1245.381 446.3622
1223.963 446.3389
1202.714 446.3638
1181.628 446.3914
1160.348 446.3504
1138.98 446.3381
1117.57 446.3586
1096.043 446.3685
1074.618 446.3343
1053.318 446.2993
1032.017 446.3202
1010.354 446.3127
989.5391 446.2998
968.283 446.2928
946.902 446.3317
925.2263 446.3192
904.1224 446.3146
884.3659 446.3216
865.4085 446.3356
846.7064 446.3317
847.8708 446.3546
847.9421 446.341
847.928 446.3413
847.9089 446.2969
847.959 446.3143
847.9173 446.3101
1920 446.3145
1920 446.3177
1920 446.2974
1919.985 446.3296
1920.037 446.3223
1920.009 446.2988
1920.043 446.3058
1920.064 446.3416
1920.061 446.2941
1920.09 446.3102
1920.052 446.3151
1920.016 446.3467
1920.08 446.3131
1920.145 446.3294
1920.101 446.3431
1920.141 446.3433
1920.036 446.3353
1920.033 446.3521
1920.031 446.3407
1920.02 446.3695
1919.964 446.3612
1919.93 446.353
1919.908 446.3581
1919.908 446.3322
1919.922 446.3563
1919.914 446.3571
1919.93 446.3353
1919.906 446.3335
1919.911 446.318
1919.889 446.3231
1919.936 446.3228
1919.937 446.3237
1919.923 446.3218
1919.89 446.3136
1919.893 446.3102
1919.902 446.3117
1919.866 446.3157
1919.878 446.3249
1919.896 446.321
1919.879 446.3172
1919.874 446.3157
1919.908 446.3195
1919.897 446.3164
1919.936 446.3171
1919.957 446.3306
1919.988 446.318
1919.977 446.3066
1919.992 446.3224
1919.955 446.3127
1919.996 446.3263
1920.084 446.3076
1928.603 446.3039
1950.171 446.3081
1971.553 446.2959
1992.913 446.3148
2013.899 446.3024
2035.452 446.2915
2056.774 446.2917
2078.434 446.2881
2099.566 446.2921
2120.826 446.2987
2142.033 446.2795
2163.679 446.3015
2187.861 446.2959
2206.194 446.3019
2227.556 446.2731
2248.924 446.2668
2270.011 446.2741
2291.267 446.2643
2313.055 446.2686
2334.363 446.2694
2355.447 446.2805
2376.981 446.263
2398.087 446.2801
2419.669 446.2813
2440.744 446.3001
2462.152 446.3151
2483.254 446.3253
2504.963 446.3112
2526.029 446.3229
2547.529 446.3249
2568.766 446.3193
2590.053 446.3333
2611.418 446.3294
2633.971 446.3175
2653.979 446.3267
2675.536 446.3286
2696.718 446.333
2718.06 446.3426
2739.328 446.3539
2760.55 446.3691
2782.229 446.3452
2803.404 446.3613
2824.711 446.3643
2846.046 446.3579
2867.387 446.347
2883.092 446.3478
2885.008 446.32
2884.318 446.3114
2870.468 446.3336
2850.014 446.3223
2829.449 446.3193
2808.035 446.3218
2787.143 446.3304
2764.77 446.3276
2744.293 446.326
2723.128 446.3145
2701.354 446.2829
2680.118 446.2847
2658.951 446.2702
2637.422 446.2826
2616.227 446.2603
2594.433 446.2747
2573.692 446.2648
2552.338 446.2567
2530.638 446.2736
2509.869 446.2739
2488.227 446.2912
2467.089 446.3114
2445.523 446.3037
2424.289 446.326
2402.89 446.3369
2381.452 446.3381
2360.222 446.3511
2338.652 446.3714
2317.351 446.3255
2296.229 446.3363
2274.502 446.3271
2253.505 446.3708
2231.805 446.3735
2210.775 446.3942
2189.398 446.3953
2168.13 446.3913
2146.699 446.3978
2125.307 446.3929
2104.344 446.3906
2082.774 446.3838
2061.584 446.3875
2040.382 446.3683
2018.868 446.3644
1997.67 446.36
1975.996 446.3631
1954.934 446.3563
1933.659 446.36
1912.288 446.3679
1890.593 446.3569
1870.176 446.3542
1856.853 446.3639
1852.737 446.3473
1852.764 446.3379
1852.751 446.3685
1852.793 446.3516
1852.779 446.3561
1852.755 446.373
1852.689 446.354
1852.675 446.3889
1852.644 446.3882
1852.68 446.3773
1852.649 446.3665
1852.682 446.361
1852.688 446.3688
1840.345 446.3687
1819.285 446.3657
1797.741 446.3791
1782.142 446.3753
1782.232 446.3514
1782.174 446.405
1782.24 446.3587
1782.186 446.3758
3151.643 446.3483
3151.674 446.3412
3151.715 446.3392
3151.666 446.3589
3151.683 446.3608
3151.721 446.3224
3151.753 446.3226
3151.76 446.3166
3151.763 446.3114
3151.763 446.3107
3151.745 446.2864
3151.752 446.2495
3151.732 446.2651
3151.717 446.2713
3151.745 446.2699
3151.707 446.2861
3151.772 446.2717
3151.761 446.3078
3151.725 446.3078
3151.754 446.3
3151.686 446.3216
3151.613 446.3504
3151.652 446.3036
3151.689 446.2639
3151.625 446.3258
3151.728 446.2843
3151.706 446.3226
3151.633 446.3057
3151.633 446.3156
3151.666 446.2959
3151.667 446.3275
3151.666 446.2932
3151.738 446.3174
3151.69 446.2892
1920 446.2985
1920 446.3096
1920 446.34
1920 446.3792
1919.944 446.3579
1919.963 446.4266
1919.895 446.4097
1919.936 446.4281
1919.879 446.4445
1919.902 446.4611
1919.937 446.4543
1919.919 446.4489
1919.877 446.4553
1919.843 446.4763
1919.882 446.4598
1919.847 446.4763
1919.844 446.4855
1919.889 446.479
1919.868 446.4852
1919.887 446.4736
1919.895 446.5067
1919.847 446.5077
1919.843 446.4987
1919.851 446.4862
1919.808 446.519
1919.821 446.5407
1919.878 446.5441
1919.844 446.5231
1919.854 446.5062
1919.812 446.5229
1919.792 446.5117
1919.809 446.4704
1919.81 446.451
1919.873 446.4246
1919.891 446.4292
1919.813 446.3712
1919.886 446.4238
1919.904 446.4031
1919.922 446.4146
1919.961 446.4082
1906.674 446.4276
1885.529 446.4128
1864.283 446.3967
1842.702 446.4074
1821.404 446.3784
1800.206 446.3763
1778.755 446.3387
1757.527 446.36
1736.071 446.3641
1714.708 446.3293
1693.482 446.3372
1672.202 446.3387
1650.63 446.3618
1629.501 446.4046
1607.913 446.3989
1586.704 446.3755
1565.395 446.368
1544.224 446.3859
1522.353 446.38
1501.331 446.3965
1480.163 446.3799
1458.83 446.4232
1437.145 446.3905
1416.218 446.3486
1394.913 446.3693
1373.53 446.3788
1351.88 446.3574
1330.78 446.3546
1309.448 446.3633
1288.177 446.3521
1266.262 446.3403
1245.381 446.3622
1223.963 446.3389
1202.714 446.3638
1181.628 446.3914
1160.348 446.3504
1138.98 446.3381
1117.57 446.3586
1096.043 446.3685
1074.618 446.3343
1053.318 446.2993
1032.017 446.3202
1010.354 446.3127
989.5391 446.2998
968.283 446.2928
946.902 446.3317
925.2263 446.3192
904.1224 446.3146
884.3659 446.3216
865.4085 446.3356
846.7064 446.3317
847.8708 446.3546
847.9421 446.341
847.928 446.3413
847.9089 446.2969
847.959 446.3143
847.9173 446.3101
1920 446.3145
1920 446.3177
1920 446.2974
1919.985 446.3296
1920.037 446.3223
1920.009 446.2988
1920.043 446.3058
1920.064 446.3416
1920.061 446.2941
1920.09 446.3102
1920.052 446.3151
1920.016 446.3467
1920.08 446.3131
1920.145 446.3294
1920.101 446.3431
1920.141 446.3433
1920.036 446.3353
1920.033 446.3521
1920.031 446.3407
1920.02 446.3695
1919.964 446.3612
1919.93 446.353
1919.908 446.3581
1919.908 446.3322
1919.922 446.3563
1919.914 446.3571
1919.93 446.3353
1919.906 446.3335
1919.911 446.318
1919.889 446.3231
1919.936 446.3228
1919.937 446.3237
1919.923 446.3218
1919.89 446.3136
1919.893 446.3102
1919.902 446.3117
1919.866 446.3157
1919.878 446.3249
1919.896 446.321
1919.879 446.3172
1919.874 446.3157
1919.908 446.3195
1919.897 446.3164
1919.936 446.3171
1919.957 446.3306
1919.988 446.318
1919.977 446.3066
1919.992 446.3224
1919.955 446.3127
1919.996 446.3263
1920.084 446.3076
1928.603 446.3039
1950.171 446.3081
1971.553 446.2959
1992.913 446.3148
2013.899 446.3024
2035.452 446.2915
2056.774 446.2917
2078.434 446.2881
2099.566 446.2921
2120.826 446.2987
2142.033 446.2795
2163.679 446.3015
2187.861 446.2959
2206.194 446.3019
2227.556 446.2731
2248.924 446.2668
2270.011 446.2741
2291.267 446.2643
2313.055 446.2686
2334.363 446.2694
2355.447 446.2805
2376.981 446.263
2398.087 446.2801
2419.669 446.2813
2440.744 446.3001
2462.152 446.3151
2483.254 446.3253
2504.963 446.3112
2526.029 446.3229
2547.529 446.3249
2568.766 446.3193
2590.053 446.3333
2611.418 446.3294
2633.971 446.3175
2653.979 446.3267
2675.536 446.3286
2696.718 446.333
2718.06 446.3426
2739.328 446.3539
2760.55 446.3691
2782.229 446.3452
2803.404 446.3613
2824.711 446.3643
2846.046 446.3579
2867.387 446.347
2883.092 446.3478
2885.008 446.32
2884.318 446.3114
2870.468 446.3336
2850.014 446.3223
2829.449 446.3193
2808.035 446.3218
2787.143 446.3304
2764.77 446.3276
2744.293 446.326
2723.128 446.3145
2701.354 446.2829
2680.118 446.2847
2658.951 446.2702
2637.422 446.2826
2616.227 446.2603
2594.433 446.2747
2573.692 446.2648
2552.338 446.2567
2530.638 446.2736
2509.869 446.2739
2488.227 446.2912
2467.089 446.3114
2445.523 446.3037
2424.289 446.326
2402.89 446.3369
2381.452 446.3381
2360.222 446.3511
2338.652 446.3714
2317.351 446.3255
2296.229 446.3363
2274.502 446.3271
2253.505 446.3708
2231.805 446.3735
2210.775 446.3942
2189.398 446.3953
2168.13 446.3913
2146.699 446.3978
2125.307 446.3929
2104.344 446.3906
2082.774 446.3838
2061.584 446.3875
2040.382 446.3683
2018.868 446.3644
1997.67 446.36
1975.996 446.3631
1954.934 446.3563
1933.659 446.36
1912.288 446.3679
1890.593 446.3569
1870.176 446.3542
1856.853 446.3639
1852.737 446.3473
1852.764 446.3379
1852.751 446.3685
1852.793 446.3516
1852.779 446.3561
1852.755 446.373
1852.689 446.354
1852.675 446.3889
1852.644 446.3882
1852.68 446.3773
1852.649 446.3665
1852.682 446.361
1852.688 446.3688
1840.345 446.3687
1819.285 446.3657
1797.741 446.3791
1782.142 446.3753
1782.232 446.3514
1782.174 446.405
1782.24 446.3587
1782.186 446.3758
