1920 480
1920 480
1932.756 447.6899
1932.062 445.5819
1932.286 446.5298
1931.708 446.5734
1932 447.0267
1932.136 446.1281
1932.114 446.3301
1931.301 446.2384
1931.155 446.1976
1932.366 446.1295
1931.784 445.5625
1929.228 446.4937
1933.48 443.4611
1933.017 444.0702
1933.186 443.8224
1931.407 444.3525
1929.85 447.7842
1929.985 448.348
1929.601 448.4826
1931.169 448.0605
1931.235 447.442
1931.104 446.6738
1931.22 446.3999
1931.338 446.4399
1931.284 446.6354
1931.188 446.7927
1931.151 446.8376
1931.157 446.8394
1931.135 446.9206
1931.117 446.9706
1931.124 446.9758
1931.141 446.931
1931.177 446.87
1931.2 446.8374
1931.198 446.8543
1931.193 446.8929
1931.159 446.9206
1931.127 446.9318
1931.123 446.9209
1931.099 446.8981
1931.083 446.8781
1931.088 446.8898
1931.068 446.9337
1931.051 446.9614
1931.061 446.915
1931.066 446.8548
1931.086 446.8481
1931.08 446.9102
1931.08 446.9766
1931.068 446.9688
1931.095 446.9009
1931.113 446.8553
1931.14 446.874
1931.127 446.9152
1931.118 446.9281
1931.102 446.9092
1931.096 446.8975
1931.084 446.9131
1931.064 446.9254
1931.074 446.9121
1931.095 446.8818
1931.106 446.8691
1931.105 446.875
1931.102 446.897
1931.108 446.9099
1931.112 446.9084
1931.107 446.8976
1931.113 446.8952
1931.118 446.903
1931.128 446.911
1931.116 446.9099
1931.102 446.9076
1931.107 446.9178
1931.107 446.9302
1931.13 446.9937
1931.39 447.4149
1931.295 447.8335
1931.02 448.0142
1931.12 448.0662
1931.201 448.0973
1931.165 447.9113
1931.207 447.5173
1931.475 447.0363
1931.888 446.6566
1932.069 446.3592
1932.033 446.1587
1931.932 446.0542
1931.884 445.9998
1931.898 445.9915
1931.706 446.0998
1931.401 446.3184
1931.189 446.5275
1931.117 446.6486
1931.055 446.6712
1931.044 446.6159
1931.068 446.5389
1931.2 446.4359
1931.319 446.3708
1931.354 446.3488
1931.307 446.3633
1931.28 446.3999
1931.194 446.4508
1931.116 446.481
1931.06 446.4814
1931.089 446.4621
1931.104 446.4523
1931.117 446.447
1931.105 446.4414
1931.127 446.4302
1931.124 446.4253
1931.095 446.436
1931.039 446.4679
1931.028 446.5
1931.016 446.5127
1931.016 446.4948
1930.999 446.479
1931.017 446.4652
1931.003 446.4689
1931.01 446.4658
1930.986 446.4699
1930.958 446.4731
1930.935 446.4852
1930.92 446.5003
1930.921 446.5057
1930.94 446.4945
1930.957 446.4771
1930.981 446.4593
1930.991 446.4536
1931.008 446.4533
1931.031 446.4593
1931.033 446.4538
1930.986 446.4456
1930.963 446.4411
1930.965 446.4606
1930.956 446.4946
1930.956 446.5127
1930.995 446.4824
1931.039 446.4453
1931.057 446.4276
1931.021 446.4425
1930.979 446.4702
1930.945 446.4914
1930.917 446.5052
1930.805 446.5243
1930.713 446.4525
1930.827 446.2896
1931.034 446.2168
1930.974 446.2251
1930.916 446.2228
1930.922 446.1881
1930.929 446.2003
1930.829 446.3136
1930.748 446.4745
1930.75 446.5457
1930.887 446.5479
1931.105 446.4546
1931.092 446.2166
1930.868 446.1304
1930.604 446.5184
1930.715 447.1974
1930.999 448.0267
1931.179 448.8604
1931.244 449.7028
1931.223 450.1784
1931.157 450.2228
1930.994 449.8198
1930.663 449.0256
1930.631 448.0042
1930.78 446.91
1930.804 446.0688
1930.986 445.4888
1931.241 445.1452
1931.351 445.0763
1931.154 445.2503
1930.88 445.8745
1930.725 446.8509
1930.743 447.8999
1930.57 448.7153
1930.203 448.9953
1929.808 448.6439
1929.566 448.0526
1929.617 447.4919
1929.822 446.9547
1929.595 446.5874
1929.247 446.3216
1929.463 446.2035
1929.601 446.2508
1929.612 446.4995
1929.476 446.741
1929.352 446.874
1929.409 446.9038
1929.439 446.8459
1929.355 446.7233
1929.263 446.626
1929.177 446.5212
1928.963 446.4217
1928.477 446.3078
1927.661 446.1685
1926.813 446.0688
1920 446.0065
1920 445.9834
1920 445.9637
1920 445.869
1920 445.7485
1920 445.667
1920 445.6289
1920 445.6216
1920 445.6025
1920 445.5467
1920 445.4514
1920 445.3519
1920.008 445.3066
1920.046 445.325
1920.064 445.3771
1920.06 445.4772
1920.036 445.6066
1920.025 445.7204
1920.027 445.7606
1920.016 445.7194
1920.001 445.6551
1920.033 445.5594
1920.058 445.4808
1920.069 445.4304
1920.064 445.3999
1920.05 445.4203
1920.028 445.4603
1920.036 445.4593
1920.059 445.4372
1920.073 445.4004
1920.091 445.3499
1920.118 445.2419
1920.134 445.1375
1920 445.166
1920 445.2726
1920 445.4064
1920 445.4826
1920 445.39
1920 445.175
1920 444.9079
1920 444.6597
1920 444.543
1920 444.5192
1920 444.5148
1920 444.4546
1920 444.3532
1919.998 444.2822
1920.011 444.2746
1919.983 444.285
1919.983 444.2852
1919.986 444.2707
1920.011 444.2697
1919.984 444.2957
1919.977 444.3431
1919.276 444.3991
1918.233 444.4647
1917.123 444.5028
1916.131 444.5085
1916.129 444.4935
1916.121 444.4873
1916.12 444.5083
1916.147 444.4997
1916.115 444.4884
1916.069 444.5067
1916.041 444.5223
1915.989 444.5387
1915.972 444.5233
1917.328 444.4663
1923.149 444.4165
1928.925 444.3528
1935.363 444.2542
1942.664 444.1431
1949.666 444.0552
1957.329 444.0012
1964.258 443.973
1971.26 443.979
1978.28 443.9961
1984.969 444.0081
1992.336 444.0542
1999.506 444.0822
2006.929 444.0854
2013.781 444.0793
2020.889 444.0762
2027.766 444.0658
2034.993 444.0797
2042.596 444.1295
2049.697 444.1747
2056.914 444.1942
2063.912 444.1787
2071.174 444.1188
2078.154 444.0506
2086.024 444.0096
2093.884 443.9955
2099.683 444.0075
2106.698 444.0213
2113.82 444.0326
2120.962 444.0435
2128.25 444.0461
2135.466 444.0493
1920 480
1920 480
1932.756 447.6899
1932.062 445.5819
1932.286 446.5298
1931.708 446.5734
1932 447.0267
1932.136 446.1281
1932.114 446.3301
1931.301 446.2384
1931.155 446.1976
1932.366 446.1295
1931.784 445.5625
1929.228 446.4937
1933.48 443.4611
1933.017 444.0702
1933.186 443.8224
1931.407 444.3525
1929.85 447.7842
1929.985 448.348
1929.601 448.4826
1931.169 448.0605
1931.235 447.442
1931.104 446.6738
1931.22 446.3999
1931.338 446.4399
1931.284 446.6354
1931.188 446.7927
1931.151 446.8376
1931.157 446.8394
1931.135 446.9206
1931.117 446.9706
1931.124 446.9758
1931.141 446.931
1931.177 446.87
1931.2 446.8374
1931.198 446.8543
1931.193 446.8929
1931.159 446.9206
1931.127 446.9318
1931.123 446.9209
1931.099 446.8981
1931.083 446.8781
1931.088 446.8898
1931.068 446.9337
1931.051 446.9614
1931.061 446.915
1931.066 446.8548
1931.086 446.8481
1931.08 446.9102
1931.08 446.9766
1931.068 446.9688
1931.095 446.9009
1931.113 446.8553
1931.14 446.874
1931.127 446.9152
1931.118 446.9281
1931.102 446.9092
1931.096 446.8975
1931.084 446.9131
1931.064 446.9254
1931.074 446.9121
1931.095 446.8818
1931.106 446.8691
1931.105 446.875
1931.102 446.897
1931.108 446.9099
1931.112 446.9084
1931.107 446.8976
1931.113 446.8952
1931.118 446.903
1931.128 446.911
1931.116 446.9099
1931.102 446.9076
1931.107 446.9178
1931.107 446.9302
1931.13 446.9937
1931.39 447.4149
1931.295 447.8335
1931.02 448.0142
1931.12 448.0662
1931.201 448.0973
1931.165 447.9113
1931.207 447.5173
1931.475 447.0363
1931.888 446.6566
1932.069 446.3592
1932.033 446.1587
1931.932 446.0542
1931.884 445.9998
1931.898 445.9915
1931.706 446.0998
1931.401 446.3184
1931.189 446.5275
1931.117 446.6486
1931.055 446.6712
1931.044 446.6159
1931.068 446.5389
1931.2 446.4359
1931.319 446.3708
1931.354 446.3488
1931.307 446.3633
1931.28 446.3999
1931.194 446.4508
1931.116 446.481
1931.06 446.4814
1931.089 446.4621
1931.104 446.4523
1931.117 446.447
1931.105 446.4414
1931.127 446.4302
1931.124 446.4253
1931.095 446.436
1931.039 446.4679
1931.028 446.5
1931.016 446.5127
1931.016 446.4948
1930.999 446.479
1931.017 446.4652
1931.003 446.4689
1931.01 446.4658
1930.986 446.4699
1930.958 446.4731
1930.935 446.4852
1930.92 446.5003
1930.921 446.5057
1930.94 446.4945
1930.957 446.4771
1930.981 446.4593
1930.991 446.4536
1931.008 446.4533
1931.031 446.4593
1931.033 446.4538
1930.986 446.4456
1930.963 446.4411
1930.965 446.4606
1930.956 446.4946
1930.956 446.5127
1930.995 446.4824
1931.039 446.4453
1931.057 446.4276
1931.021 446.4425
1930.979 446.4702
1930.945 446.4914
1930.917 446.5052
1930.805 446.5243
1930.713 446.4525
1930.827 446.2896
1931.034 446.2168
1930.974 446.2251
1930.916 446.2228
1930.922 446.1881
1930.929 446.2003
1930.829 446.3136
1930.748 446.4745
1930.75 446.5457
1930.887 446.5479
1931.105 446.4546
1931.092 446.2166
1930.868 446.1304
1930.604 446.5184
1930.715 447.1974
1930.999 448.0267
1931.179 448.8604
1931.244 449.7028
1931.223 450.1784
1931.157 450.2228
1930.994 449.8198
1930.663 449.0256
1930.631 448.0042
1930.78 446.91
1930.804 446.0688
1930.986 445.4888
1931.241 445.1452
1931.351 445.0763
1931.154 445.2503
1930.88 445.8745
1930.725 446.8509
1930.743 447.8999
1930.57 448.7153
1930.203 448.9953
1929.808 448.6439
1929.566 448.0526
1929.617 447.4919
1929.822 446.9547
1929.595 446.5874
1929.247 446.3216
1929.463 446.2035
1929.601 446.2508
1929.612 446.4995
1929.476 446.741
1929.352 446.874
1929.409 446.9038
1929.439 446.8459
1929.355 446.7233
1929.263 446.626
1929.177 446.5212
1928.963 446.4217
1928.477 446.3078
1927.661 446.1685
1926.813 446.0688
1920 446.0065
1920 445.9834
1920 445.9637
1920 445.869
1920 445.7485
1920 445.667
1920 445.6289
1920 445.6216
1920 445.6025
1920 445.5467
1920 445.4514
1920 445.3519
1920.008 445.3066
1920.046 445.325
1920.064 445.3771
1920.06 445.4772
1920.036 445.6066
1920.025 445.7204
1920.027 445.7606
1920.016 445.7194
1920.001 445.6551
1920.033 445.5594
1920.058 445.4808
1920.069 445.4304
1920.064 445.3999
1920.05 445.4203
1920.028 445.4603
1920.036 445.4593
1920.059 445.4372
1920.073 445.4004
1920.091 445.3499
1920.118 445.2419
1920.134 445.1375
1920 445.166
1920 445.2726
1920 445.4064
1920 445.4826
1920 445.39
1920 445.175
1920 444.9079
1920 444.6597
1920 444.543
1920 444.5192
1920 444.5148
1920 444.4546
1920 444.3532
1919.998 444.2822
1920.011 444.2746
1919.983 444.285
1919.983 444.2852
1919.986 444.2707
1920.011 444.2697
1919.984 444.2957
1919.977 444.3431
1919.276 444.3991
1918.233 444.4647
1917.123 444.5028
1916.131 444.5085
1916.129 444.4935
1916.121 444.4873
1916.12 444.5083
1916.147 444.4997
1916.115 444.4884
1916.069 444.5067
1916.041 444.5223
1915.989 444.5387
1915.972 444.5233
1917.328 444.4663
1923.149 444.4165
1928.925 444.3528
1935.363 444.2542
1942.664 444.1431
1949.666 444.0552
1957.329 444.0012
1964.258 443.973
1971.26 443.979
1978.28 443.9961
1984.969 444.0081
1992.336 444.0542
1999.506 444.0822
2006.929 444.0854
2013.781 444.0793
2020.889 444.0762
2027.766 444.0658
2034.993 444.0797
2042.596 444.1295
2049.697 444.1747
2056.914 444.1942
2063.912 444.1787
2071.174 444.1188
2078.154 444.0506
2086.024 444.0096
2093.884 443.9955
2099.683 444.0075
2106.698 444.0213
2113.82 444.0326
2120.962 444.0435
2128.25 444.0461
2135.466 444.0493
2142.074 444.0522
2148.803 444.0514
2155.831 444.0392
2162.72 444.0234
2170.765 444.0122
2177.577 444.0146
2184.253 444.0426
2191.341 444.0838
2198.544 444.0869
2205.932 444.07
2213.467 444.0291
2220.546 444.0145
2227.544 444.0291
2234.522 444.0435
2241.526 444.0356
2248.517 444.0285
2256.553 444.0361
2263.493 444.0355
2270.367 444.0234
2277.303 444.0026
2284.062 443.9893
2291.2 444.0101
2298.027 444.0399
2298.001 444.0317
2298.028 443.9834
2298.026 443.9171
2298.011 443.8644
2298.021 443.8262
2298.049 443.7894
2298.039 443.7858
2297.993 443.7936
2297.997 443.8078
2297.972 443.8582
2297.97 443.9279
2297.952 443.9696
1920 443.9326
1920 443.9245
1920 444.0305
1920 444.2337
1920 444.4263
1920 444.3986
1920 444.18
1920 443.9863
1920 443.918
1920 444.0145
1920 444.1432
1919.948 444.1336
1919.938 444.0168
1919.868 443.972
1919.792 444.0436
1919.79 444.186
1919.857 444.2757
1919.86 444.2576
1919.826 444.1484
1919.829 444.0537
1919.833 444.0941
1919.799 444.199
1919.792 444.2432
1919.789 444.2122
1919.82 444.1515
1919.801 444.1427
1919.791 444.1532
1919.805 444.1659
1919.845 444.1813
1919.842 444.2057
1919.821 444.2214
1919.813 444.1974
1919.83 444.1649
1919.825 444.188
1919.823 444.234
1919.814 444.2612
1919.807 444.2505
1919.818 444.2466
1919.833 444.2607
1919.819 444.2891
1919.818 444.3131
1919.815 444.3638
1919.802 444.459
1919.752 444.6235
1919.742 444.8206
1919.778 444.9437
1919.774 444.9579
1919.835 444.834
1919.852 444.5335
1919.877 444.1312
1919.921 443.7692
1919.977 443.4907
1919.973 443.3013
1919.914 443.2445
1919.857 443.3138
1919.803 443.4263
1919.767 443.5379
1919.748 443.6245
1919.745 443.6938
1919.766 443.7194
1919.778 443.7088
1919.816 443.6769
1919.824 443.652
1919.824 443.6294
1919.813 443.6055
1919.797 443.5973
1919.779 443.6057
1919.757 443.6304
1919.746 443.6549
1919.749 443.6551
1919.753 443.6419
1919.763 443.626
1919.774 443.6178
1919.785 443.6234
1919.786 443.641
1919.792 443.6445
1919.779 443.6395
1919.779 443.6392
1919.788 443.6354
1919.787 443.6408
1919.777 443.6519
1919.786 443.6564
1919.784 443.6528
1919.773 443.6434
1919.761 443.6322
1919.761 443.6349
1919.762 443.6439
1919.775 443.6476
1919.793 443.6457
1919.795 443.64
1919.795 443.6369
1919.785 443.6378
1919.797 443.6408
1919.788 443.6442
1919.773 443.6478
1919.763 443.6449
1919.752 443.6457
1919.76 443.6473
1919.768 443.6478
1919.777 443.6447
1919.787 443.6385
1919.79 443.6424
1919.801 443.6408
1919.802 443.6351
1919.809 443.6357
1919.794 443.6401
1919.794 443.6383
1919.794 443.6406
1919.793 443.6465
1919.785 443.6449
1919.787 443.6366
1919.806 443.6335
1919.824 443.6357
1919.841 443.6517
1919.864 443.6665
1919.879 443.6634
1919.886 443.6504
1919.849 443.6572
1919.793 443.674
1919.729 443.7106
1919.69 443.7328
1919.691 443.7284
1919.734 443.6862
1919.77 443.6204
1919.771 443.5527
1919.727 443.5034
1919.635 443.507
1919.581 443.5521
1919.584 443.6248
1919.634 443.6952
1919.659 443.7227
1919.698 443.6834
1919.731 443.6125
1919.691 443.5649
1919.652 443.5815
1919.661 443.6481
1919.689 443.7124
1919.699 443.709
1919.698 443.6245
1919.696 443.6144
1919.687 443.6279
1919.661 443.6685
1919.655 443.7047
1919.684 443.7007
1919.68 443.6709
1919.669 443.6325
1919.649 443.6229
1919.646 443.6445
1919.639 443.6747
1919.63 443.6984
1919.61 443.6442
1919.612 443.6292
1919.609 443.631
1919.624 443.6535
1919.637 443.6768
1919.651 443.6865
1919.671 443.6698
1919.678 443.6447
1919.696 443.6289
1919.714 443.6416
1919.694 443.6649
1919.692 443.6808
1919.689 443.6787
1919.685 443.6662
1919.697 443.6548
1919.688 443.6515
1919.695 443.6559
1919.701 443.6763
1919.686 443.683
1919.686 443.6725
1919.695 443.6564
1919.683 443.6592
1919.693 443.674
1919.692 443.6886
1919.685 443.694
1919.664 443.6898
1919.659 443.6815
1919.647 443.6816
1919.651 443.6776
1919.647 443.673
1919.646 443.68
1919.658 443.6815
1919.655 443.6754
1919.644 443.678
1919.656 443.6776
1919.674 443.6802
1919.66 443.6875
1919.65 443.6952
1919.66 443.6909
1919.671 443.6872
1919.673 443.6807
1919.667 443.68
1919.657 443.6826
1919.642 443.6881
1919.634 443.6925
1919.621 443.7009
1919.624 443.7018
1919.615 443.707
1919.618 443.7129
1919.613 443.7127
1919.603 443.7139
1919.6 443.717
1919.598 443.7178
1919.591 443.7134
1919.594 443.7161
1919.586 443.7158
1919.587 443.7151
1919.606 443.7092
1919.61 443.7108
1919.622 443.7137
1919.625 443.7134
1919.616 443.7163
1919.628 443.7222
1919.65 443.7209
1919.658 443.7241
1919.653 443.7243
1919.656 443.7218
1919.651 443.7196
1919.652 443.7209
1919.652 443.7222
1919.659 443.7233
1919.645 443.722
1919.65 443.7151
1919.656 443.7129
1919.653 443.7145
1919.651 443.7188
1919.662 443.7284
1919.671 443.7345
1919.611 443.7365
1919.559 443.7586
1919.597 443.8486
1919.664 443.9956
1919.632 444.1427
1919.588 444.2645
1919.595 444.36
1919.605 444.3724
1919.619 444.2666
1919.679 444.0892
1919.738 443.9237
1919.746 443.8092
1919.672 443.7375
1919.712 443.7044
1919.652 443.6867
1919.618 443.6992
1919.661 443.6318
1919.724 443.4699
1919.791 443.3802
1919.618 443.519
1919.249 443.7567
1919.132 444.0275
1919.174 444.3016
1919.115 444.5101
1919.053 444.492
1919.228 444.2533
1919.51 443.9557
1919.655 443.6444
1919.502 443.4009
1919.291 443.1934
1919.146 443.0675
1919.191 443.1208
1919.233 443.2881
1919.341 443.4762
1919.376 443.5451
1919.236 443.5365
1919.028 443.5049
2142.074 444.0522
2148.803 444.0514
2155.831 444.0392
2162.72 444.0234
2170.765 444.0122
2177.577 444.0146
2184.253 444.0426
2191.341 444.0838
2198.544 444.0869
2205.932 444.07
2213.467 444.0291
2220.546 444.0145
2227.544 444.0291
2234.522 444.0435
2241.526 444.0356
2248.517 444.0285
2256.553 444.0361
2263.493 444.0355
2270.367 444.0234
2277.303 444.0026
2284.062 443.9893
2291.2 444.0101
2298.027 444.0399
2298.001 444.0317
2298.028 443.9834
2298.026 443.9171
2298.011 443.8644
2298.021 443.8262
2298.049 443.7894
2298.039 443.7858
2297.993 443.7936
2297.997 443.8078
2297.972 443.8582
2297.97 443.9279
2297.952 443.9696
1920 443.9326
1920 443.9245
1920 444.0305
1920 444.2337
1920 444.4263
1920 444.3986
1920 444.18
1920 443.9863
1920 443.918
1920 444.0145
1920 444.1432
1919.948 444.1336
1919.938 444.0168
1919.868 443.972
1919.792 444.0436
1919.79 444.186
1919.857 444.2757
1919.86 444.2576
1919.826 444.1484
1919.829 444.0537
1919.833 444.0941
1919.799 444.199
1919.792 444.2432
1919.789 444.2122
1919.82 444.1515
1919.801 444.1427
1919.791 444.1532
1919.805 444.1659
1919.845 444.1813
1919.842 444.2057
1919.821 444.2214
1919.813 444.1974
1919.83 444.1649
1919.825 444.188
1919.823 444.234
1919.814 444.2612
1919.807 444.2505
1919.818 444.2466
1919.833 444.2607
1919.819 444.2891
1919.818 444.3131
1919.815 444.3638
1919.802 444.459
1919.752 444.6235
1919.742 444.8206
1919.778 444.9437
1919.774 444.9579
1919.835 444.834
1919.852 444.5335
1919.877 444.1312
1919.921 443.7692
1919.977 443.4907
1919.973 443.3013
1919.914 443.2445
1919.857 443.3138
1919.803 443.4263
1919.767 443.5379
1919.748 443.6245
1919.745 443.6938
1919.766 443.7194
1919.778 443.7088
1919.816 443.6769
1919.824 443.652
1919.824 443.6294
1919.813 443.6055
1919.797 443.5973
1919.779 443.6057
1919.757 443.6304
1919.746 443.6549
1919.749 443.6551
1919.753 443.6419
1919.763 443.626
1919.774 443.6178
1919.785 443.6234
1919.786 443.641
1919.792 443.6445
1919.779 443.6395
1919.779 443.6392
1919.788 443.6354
1919.787 443.6408
1919.777 443.6519
1919.786 443.6564
1919.784 443.6528
1919.773 443.6434
1919.761 443.6322
1919.761 443.6349
1919.762 443.6439
1919.775 443.6476
1919.793 443.6457
1919.795 443.64
1919.795 443.6369
1919.785 443.6378
1919.797 443.6408
1919.788 443.6442
1919.773 443.6478
1919.763 443.6449
1919.752 443.6457
1919.76 443.6473
1919.768 443.6478
1919.777 443.6447
1919.787 443.6385
1919.79 443.6424
1919.801 443.6408
1919.802 443.6351
1919.809 443.6357
1919.794 443.6401
1919.794 443.6383
1919.794 443.6406
1919.793 443.6465
1919.785 443.6449
1919.787 443.6366
1919.806 443.6335
1919.824 443.6357
1919.841 443.6517
1919.864 443.6665
1919.879 443.6634
1919.886 443.6504
1919.849 443.6572
1919.793 443.674
1919.729 443.7106
1919.69 443.7328
1919.691 443.7284
1919.734 443.6862
1919.77 443.6204
1919.771 443.5527
1919.727 443.5034
1919.635 443.507
1919.581 443.5521
1919.584 443.6248
1919.634 443.6952
1919.659 443.7227
1919.698 443.6834
1919.731 443.6125
1919.691 443.5649
1919.652 443.5815
1919.661 443.6481
1919.689 443.7124
1919.699 443.709
1919.698 443.6245
1919.696 443.6144
1919.687 443.6279
1919.661 443.6685
1919.655 443.7047
1919.684 443.7007
1919.68 443.6709
1919.669 443.6325
1919.649 443.6229
1919.646 443.6445
1919.639 443.6747
1919.63 443.6984
1919.61 443.6442
1919.612 443.6292
1919.609 443.631
1919.624 443.6535
1919.637 443.6768
1919.651 443.6865
1919.671 443.6698
1919.678 443.6447
1919.696 443.6289
1919.714 443.6416
1919.694 443.6649
1919.692 443.6808
1919.689 443.6787
1919.685 443.6662
1919.697 443.6548
1919.688 443.6515
1919.695 443.6559
1919.701 443.6763
1919.686 443.683
1919.686 443.6725
1919.695 443.6564
1919.683 443.6592
1919.693 443.674
1919.692 443.6886
1919.685 443.694
1919.664 443.6898
1919.659 443.6815
1919.647 443.6816
1919.651 443.6776
1919.647 443.673
1919.646 443.68
1919.658 443.6815
1919.655 443.6754
1919.644 443.678
1919.656 443.6776
1919.674 443.6802
1919.66 443.6875
1919.65 443.6952
1919.66 443.6909
1919.671 443.6872
1919.673 443.6807
1919.667 443.68
1919.657 443.6826
1919.642 443.6881
1919.634 443.6925
1919.621 443.7009
1919.624 443.7018
1919.615 443.707
1919.618 443.7129
1919.613 443.7127
1919.603 443.7139
1919.6 443.717
1919.598 443.7178
1919.591 443.7134
1919.594 443.7161
1919.586 443.7158
1919.587 443.7151
1919.606 443.7092
1919.61 443.7108
1919.622 443.7137
1919.625 443.7134
1919.616 443.7163
1919.628 443.7222
1919.65 443.7209
1919.658 443.7241
1919.653 443.7243
1919.656 443.7218
1919.651 443.7196
1919.652 443.7209
1919.652 443.7222
1919.659 443.7233
1919.645 443.722
1919.65 443.7151
1919.656 443.7129
1919.653 443.7145
1919.651 443.7188
1919.662 443.7284
1919.671 443.7345
1919.611 443.7365
1919.559 443.7586
1919.597 443.8486
1919.664 443.9956
1919.632 444.1427
1919.588 444.2645
1919.595 444.36
1919.605 444.3724
1919.619 444.2666
1919.679 444.0892
1919.738 443.9237
1919.746 443.8092
1919.672 443.7375
1919.712 443.7044
1919.652 443.6867
1919.618 443.6992
1919.661 443.6318
1919.724 443.4699
1919.791 443.3802
1919.618 443.519
1919.249 443.7567
1919.132 444.0275
1919.174 444.3016
1919.115 444.5101
1919.053 444.492
1919.228 444.2533
1919.51 443.9557
1919.655 443.6444
1919.502 443.4009
1919.291 443.1934
1919.146 443.0675
1919.191 443.1208
1919.233 443.2881
1919.341 443.4762
1919.376 443.5451
1919.236 443.5365
1919.028 443.5049
1918.965 443.487
1919.03 443.4919
1919.078 443.4183
1919.014 443.2056
1918.928 442.9733
1918.96 442.709
1919.041 442.5296
1918.998 442.5872
1918.892 442.9054
1918.847 443.3667
1918.85 443.8016
1918.875 444.1385
1918.892 444.3442
1918.889 444.4424
1918.899 444.3239
1918.888 443.9653
1918.86 443.5597
1918.907 443.2666
1919.002 443.1558
1919.046 443.1331
1918.993 443.0757
1918.93 442.968
1918.907 442.8896
1918.897 442.9248
1918.903 443.0081
1918.937 443.0838
1919.102 443.0919
1917.989 443.0332
1916.283 442.9932
1915.303 443.0016
1913.878 443.0462
1912.343 443.118
1912.351 443.1925
1912.325 443.2761
1912.345 443.3867
1912.342 443.5405
1912.332 443.7917
1912.315 444.0929
1912.304 444.3851
1912.268 444.6881
1912.278 444.8654
1912.326 444.7953
1912.303 444.5711
1912.084 444.25
1910.217 443.9478
1906.973 443.8006
1900.331 443.8014
1893.584 443.9173
1886.103 444.063
1879.266 444.1315
1871.769 444.1356
1864.493 444.0456
1857.124 443.949
1850.353 443.8711
1843.296 443.8416
1837.069 443.8747
1829.84 443.9544
1821.935 444.0433
1815.06 444.0802
1808.016 444.0269
1801.26 443.9272
1793.785 443.8198
1786.829 443.7454
1779.561 443.7085
1773.483 443.7018
1767.807 443.6831
1762.12 443.6484
1756.584 443.5828
1750.879 443.5063
1745.34 443.4562
1740.208 443.4339
1735.073 443.4399
1730.45 443.4696
1726.346 443.5037
1722.173 443.5166
1717.993 443.5179
1714.387 443.4888
1710.532 443.4665
1706.396 443.4547
1702.304 443.459
1697.726 443.458
1692.828 443.4438
1687.331 443.4446
1681.659 443.4445
1675.041 443.4445
1667.693 443.4342
1660.364 443.3878
1652.783 443.3148
1645.989 443.2542
1638.61 443.1979
1631.682 443.1688
1624.054 443.1599
1616.75 443.1847
1609.162 443.2165
1603.426 443.2433
1595.883 443.2437
1588.218 443.2231
1581.437 443.1922
1574.427 443.1699
1567.83 443.1579
1561.036 443.1512
1553.704 443.1493
1547.528 443.1572
1542.867 443.1595
1540.174 443.1636
1538.803 443.1689
1538.952 443.1854
1539.78 443.1859
1541.676 443.1537
1544.054 443.1011
1547.22 443.0443
1550.624 443.0036
1554.383 443.0081
1558.404 443.0741
1562.114 443.1842
1564.812 443.2643
1568.766 443.3805
1572.458 443.4821
1575.551 443.55
1578.597 443.5949
1581.451 443.6447
1584.017 443.7206
1586.375 443.8003
1588.881 443.8975
1591.326 444.0072
1594.456 444.1214
1597.279 444.21
1599.802 444.2723
1602.271 444.3127
1604.381 444.3188
1607.796 444.3091
1609.454 444.2881
1611.352 444.2791
1613.584 444.2617
1615.452 444.2313
1616.472 444.1662
1617.205 444.0814
1616.943 443.998
1615.895 443.9263
1613.974 443.912
1610.351 443.9583
1604.561 444.0135
1596.881 444.0568
1588.667 444.1247
1581.783 444.2278
1572.418 444.297
1567.384 444.3271
1560.976 444.34
1553.384 444.3843
1544.068 444.4588
1539.209 444.5438
1532.546 444.6302
1525.842 444.7166
1518.685 444.751
1511.516 444.7103
1504.505 444.5859
1497.459 444.4097
1494.147 444.2409
1494.38 444.165
1494.401 444.21
1494.389 444.2832
1494.401 444.3757
1494.36 444.4077
1494.351 444.3861
1494.351 444.3145
1494.384 444.2083
1494.424 444.1315
1494.433 444.0801
1494.421 444.0788
1494.383 444.0854
1494.357 444.0949
1494.322 444.1222
1494.307 444.1409
1494.323 444.1541
1494.333 444.1566
1494.343 444.1509
1494.325 444.1333
1494.333 444.124
1494.339 444.1113
1494.487 444.0811
1494.91 444.0472
1494.925 444.0231
1494.899 444.02
1494.874 444.0692
1494.853 444.1681
1494.847 444.2931
1494.819 444.4186
1494.791 444.4858
1494.793 444.5002
1494.821 444.4402
1494.837 444.3596
1494.898 444.2886
1494.927 444.2827
1494.894 444.2811
1494.83 444.3214
1494.802 444.4341
1494.811 444.5981
1494.374 444.7545
1491.063 444.9182
1484.429 444.9946
1477.609 444.9772
1470.24 444.902
1463.509 444.8654
1456.583 444.8649
1448.616 444.861
1441.431 444.8149
1434.437 444.7692
1427.51 444.7021
1420.506 444.6815
1413.299 444.6507
1405.601 444.6393
1397.265 444.6278
1391.341 444.6629
1384.321 444.745
1377.348 444.7819
1370.024 444.7725
1362.623 444.7389
1355.746 444.7169
1348.992 444.7137
1342.058 444.7038
1334.863 444.7054
1327.355 444.7165
1320.371 444.7227
1313.099 444.7274
1306.322 444.7275
1299.471 444.7038
1292.295 444.6724
1285.021 444.6514
1277.838 444.6543
1270.234 444.6864
1263.926 444.7104
1257.017 444.7079
1249.968 444.6888
1242.844 444.6569
1234.809 444.6216
1226.36 444.5978
1221.576 444.5886
1214.699 444.5841
1207.6 444.5794
1200.276 444.5607
1192.982 444.5355
1185.75 444.5096
1178.649 444.5021
1171.713 444.5122
1164.609 444.5308
1157.601 444.5438
1149.931 444.5405
1141.499 444.5364
1136.593 444.5329
1129.819 444.5275
1122.706 444.5104
1115.262 444.4764
1108.046 444.4489
1101.354 444.4339
1094.418 444.4326
1087.259 444.4539
1080.128 444.4718
1073.167 444.4873
1064.378 444.5052
1057.003 444.4917
1050.221 444.452
1043.042 444.4108
1035.914 444.3737
1028.461 444.3617
1020.796 444.3835
1014.119 444.4155
1007.358 444.4349
1000.718 444.4412
993.5815 444.4242
986.2829 444.3831
979.0289 444.3488
972.1113 444.3291
965.377 444.3275
958.2318 444.3315
950.5732 444.3405
943.6868 444.3467
936.6384 444.3407
929.5046 444.3332
922.7689 444.3291
916.1478 444.355
887.319 444.4136
881.655 444.3027
877.8906 444.1733
876.2168 444.0534
875.9427 443.9722
875.9238 443.9593
875.9375 444.0081
875.9241 444.0684
875.9026 444.1064
875.9138 444.0946
875.9072 444.0506
875.9043 444.0117
875.9343 444.0054
875.9427 444.0358
875.9495 443.9046
875.9847 443.8068
875.9866 444.0226
875.9603 444.3115
875.9688 444.2214
875.9326 444.1146
1918.965 443.487
1919.03 443.4919
1919.078 443.4183
1919.014 443.2056
1918.928 442.9733
1918.96 442.709
1919.041 442.5296
1918.998 442.5872
1918.892 442.9054
1918.847 443.3667
1918.85 443.8016
1918.875 444.1385
1918.892 444.3442
1918.889 444.4424
1918.899 444.3239
1918.888 443.9653
1918.86 443.5597
1918.907 443.2666
1919.002 443.1558
1919.046 443.1331
1918.993 443.0757
1918.93 442.968
1918.907 442.8896
1918.897 442.9248
1918.903 443.0081
1918.937 443.0838
1919.102 443.0919
1917.989 443.0332
1916.283 442.9932
1915.303 443.0016
1913.878 443.0462
1912.343 443.118
1912.351 443.1925
1912.325 443.2761
1912.345 443.3867
1912.342 443.5405
1912.332 443.7917
1912.315 444.0929
1912.304 444.3851
1912.268 444.6881
1912.278 444.8654
1912.326 444.7953
1912.303 444.5711
1912.084 444.25
1910.217 443.9478
1906.973 443.8006
1900.331 443.8014
1893.584 443.9173
1886.103 444.063
1879.266 444.1315
1871.769 444.1356
1864.493 444.0456
1857.124 443.949
1850.353 443.8711
1843.296 443.8416
1837.069 443.8747
1829.84 443.9544
1821.935 444.0433
1815.06 444.0802
1808.016 444.0269
1801.26 443.9272
1793.785 443.8198
1786.829 443.7454
1779.561 443.7085
1773.483 443.7018
1767.807 443.6831
1762.12 443.6484
1756.584 443.5828
1750.879 443.5063
1745.34 443.4562
1740.208 443.4339
1735.073 443.4399
1730.45 443.4696
1726.346 443.5037
1722.173 443.5166
1717.993 443.5179
1714.387 443.4888
1710.532 443.4665
1706.396 443.4547
1702.304 443.459
1697.726 443.458
1692.828 443.4438
1687.331 443.4446
1681.659 443.4445
1675.041 443.4445
1667.693 443.4342
1660.364 443.3878
1652.783 443.3148
1645.989 443.2542
1638.61 443.1979
1631.682 443.1688
1624.054 443.1599
1616.75 443.1847
1609.162 443.2165
1603.426 443.2433
1595.883 443.2437
1588.218 443.2231
1581.437 443.1922
1574.427 443.1699
1567.83 443.1579
1561.036 443.1512
1553.704 443.1493
1547.528 443.1572
1542.867 443.1595
1540.174 443.1636
1538.803 443.1689
1538.952 443.1854
1539.78 443.1859
1541.676 443.1537
1544.054 443.1011
1547.22 443.0443
1550.624 443.0036
1554.383 443.0081
1558.404 443.0741
1562.114 443.1842
1564.812 443.2643
1568.766 443.3805
1572.458 443.4821
1575.551 443.55
1578.597 443.5949
1581.451 443.6447
1584.017 443.7206
1586.375 443.8003
1588.881 443.8975
1591.326 444.0072
1594.456 444.1214
1597.279 444.21
1599.802 444.2723
1602.271 444.3127
1604.381 444.3188
1607.796 444.3091
1609.454 444.2881
1611.352 444.2791
1613.584 444.2617
1615.452 444.2313
1616.472 444.1662
1617.205 444.0814
1616.943 443.998
1615.895 443.9263
1613.974 443.912
1610.351 443.9583
1604.561 444.0135
1596.881 444.0568
1588.667 444.1247
1581.783 444.2278
1572.418 444.297
1567.384 444.3271
1560.976 444.34
1553.384 444.3843
1544.068 444.4588
1539.209 444.5438
1532.546 444.6302
1525.842 444.7166
1518.685 444.751
1511.516 444.7103
1504.505 444.5859
1497.459 444.4097
1494.147 444.2409
1494.38 444.165
1494.401 444.21
1494.389 444.2832
1494.401 444.3757
1494.36 444.4077
1494.351 444.3861
1494.351 444.3145
1494.384 444.2083
1494.424 444.1315
1494.433 444.0801
1494.421 444.0788
1494.383 444.0854
1494.357 444.0949
1494.322 444.1222
1494.307 444.1409
1494.323 444.1541
1494.333 444.1566
1494.343 444.1509
1494.325 444.1333
1494.333 444.124
1494.339 444.1113
1494.487 444.0811
1494.91 444.0472
1494.925 444.0231
1494.899 444.02
1494.874 444.0692
1494.853 444.1681
1494.847 444.2931
1494.819 444.4186
1494.791 444.4858
1494.793 444.5002
1494.821 444.4402
1494.837 444.3596
1494.898 444.2886
1494.927 444.2827
1494.894 444.2811
1494.83 444.3214
1494.802 444.4341
1494.811 444.5981
1494.374 444.7545
1491.063 444.9182
1484.429 444.9946
1477.609 444.9772
1470.24 444.902
1463.509 444.8654
1456.583 444.8649
1448.616 444.861
1441.431 444.8149
1434.437 444.7692
1427.51 444.7021
1420.506 444.6815
1413.299 444.6507
1405.601 444.6393
1397.265 444.6278
1391.341 444.6629
1384.321 444.745
1377.348 444.7819
1370.024 444.7725
1362.623 444.7389
1355.746 444.7169
1348.992 444.7137
1342.058 444.7038
1334.863 444.7054
1327.355 444.7165
1320.371 444.7227
1313.099 444.7274
1306.322 444.7275
1299.471 444.7038
1292.295 444.6724
1285.021 444.6514
1277.838 444.6543
1270.234 444.6864
1263.926 444.7104
1257.017 444.7079
1249.968 444.6888
1242.844 444.6569
1234.809 444.6216
1226.36 444.5978
1221.576 444.5886
1214.699 444.5841
1207.6 444.5794
1200.276 444.5607
1192.982 444.5355
1185.75 444.5096
1178.649 444.5021
1171.713 444.5122
1164.609 444.5308
1157.601 444.5438
1149.931 444.5405
1141.499 444.5364
1136.593 444.5329
1129.819 444.5275
1122.706 444.5104
1115.262 444.4764
1108.046 444.4489
1101.354 444.4339
1094.418 444.4326
1087.259 444.4539
1080.128 444.4718
1073.167 444.4873
1064.378 444.5052
1057.003 444.4917
1050.221 444.452
1043.042 444.4108
1035.914 444.3737
1028.461 444.3617
1020.796 444.3835
1014.119 444.4155
1007.358 444.4349
1000.718 444.4412
993.5815 444.4242
986.2829 444.3831
979.0289 444.3488
972.1113 444.3291
965.377 444.3275
958.2318 444.3315
950.5732 444.3405
943.6868 444.3467
936.6384 444.3407
929.5046 444.3332
922.7689 444.3291
916.1478 444.355
887.319 444.4136
881.655 444.3027
877.8906 444.1733
876.2168 444.0534
875.9427 443.9722
875.9238 443.9593
875.9375 444.0081
875.9241 444.0684
875.9026 444.1064
875.9138 444.0946
875.9072 444.0506
875.9043 444.0117
875.9343 444.0054
875.9427 444.0358
875.9495 443.9046
875.9847 443.8068
875.9866 444.0226
875.9603 444.3115
875.9688 444.2214
875.9326 444.1146
875.9307 444.0729
875.9629 444.1252
875.9932 444.248
875.9929 444.4108
875.9671 444.5415
875.9661 444.5902
875.9974 444.5881
876.0159 444.5623
876.0098 444.5194
876.0339 444.4404
876.0589 444.3376
876.0986 444.1952
1920 443.9925
1920 443.8835
1920 444.0735
1920 444.4579
1920 444.59
1920 444.3705
1920 443.8888
1920 443.5959
1920 443.5127
1920 443.707
1919.925 444.0159
1919.914 444.2267
1919.842 444.3162
1919.814 444.3543
1919.866 444.3535
1919.891 444.3101
1919.914 444.2292
1919.969 444.1224
1920.006 444.0337
1919.977 443.9907
1919.909 444.0249
1919.914 444.0854
1919.899 444.1476
1919.831 444.2243
1919.822 444.2796
1919.862 444.251
1919.684 444.139
1913.854 444.0431
1906.946 444.0407
1900.068 444.0924
1891.927 444.1735
1885.789 444.2951
1879.063 444.4328
1871.757 444.5085
1864.838 444.4766
1857.741 444.4318
1849.918 444.4258
1843.264 444.4639
1836.296 444.4868
1829.237 444.4956
1821.882 444.4865
1814.871 444.487
1807.511 444.4919
1800.442 444.4984
1793.546 444.5038
1786.155 444.5013
1779.055 444.4925
1771.96 444.4606
1764.306 444.4284
1757.361 444.4074
1749.924 444.4071
1743.833 444.4165
1736.857 444.4147
1730.022 444.3947
1722.902 444.3561
1712.603 444.3055
1708.668 444.2658
1701.57 444.2453
1695.055 444.2446
1688.104 444.2513
1680.288 444.264
1673.048 444.2612
1665.993 444.2508
1658.64 444.2372
1651.492 444.2241
1644.836 444.2108
1637.98 444.2036
1630.164 444.1948
1622.913 444.2038
1615.347 444.2124
1608.382 444.2171
1601.74 444.2235
1594.586 444.2129
1587.376 444.2098
1574.177 444.2061
1565.519 444.1789
1560.464 444.1683
1553.226 444.1614
1546.189 444.1574
1533.997 444.1595
1524.763 444.1566
1520.108 444.1561
1513.309 444.1546
1506.178 444.145
1492.122 444.1449
1484.643 444.1401
1478.621 444.1353
1471.388 444.132
1463.807 444.1278
1456.888 444.1305
1449.636 444.1252
1441.193 444.1212
1433.9 444.1216
1426.879 444.1437
1420.055 444.1621
1413.249 444.1577
1402.59 444.1593
1396.012 444.159
1388.783 444.1582
1381.813 444.1489
1374.634 444.1387
1367.664 444.1401
1359.929 444.1437
1352.988 444.138
1345.048 444.1393
1339.402 444.1406
1332.054 444.1291
1317.375 444.1242
1310.866 444.1187
1306.251 444.1209
1299.049 444.1258
1291.921 444.1162
1285.115 444.1076
1277.578 444.106
1270.586 444.0991
1263.776 444.0991
1256.709 444.1037
1249.569 444.0901
1242.077 444.0804
1233.011 444.0895
1225.746 444.0923
1219.597 444.0901
1212.451 444.0859
1205.116 444.0996
1197.899 444.1042
1190.434 444.1076
1183.307 444.1053
1176.544 444.1012
1169.535 444.0926
1161.999 444.0872
1154.791 444.0864
1146.345 444.0806
1139.479 444.0786
1132.473 444.0765
1125.164 444.076
1118.402 444.0721
1111.029 444.0622
1103.091 444.064
1095.68 444.0654
1084.182 444.0614
1080.611 444.0552
1076.924 444.0519
1069.986 444.0462
1063.418 444.0388
1056.516 444.0378
1049.152 444.0348
1042.218 444.0392
1035.087 444.0466
1027.942 444.0509
1021.098 444.049
1014.269 444.0428
1005.034 444.0386
997.4985 444.0518
990.416 444.0589
983.0175 444.0666
976.1561 444.061
969.0986 444.0602
961.7691 444.0591
954.1077 444.0664
947.1074 444.0806
939.8105 444.0866
932.9785 444.0835
925.5586 444.0822
918.6722 444.075
911.4284 444.0739
904.208 444.0734
897.3528 444.0836
890.2783 444.0895
883.3509 444.0908
875.9206 444.0919
868.3294 444.1007
861.5726 444.1087
854.4727 444.1121
847.3987 444.11
840.529 444.1087
833.2393 444.106
825.6143 444.0951
817.9411 444.0972
811.5898 444.0998
804.514 444.0998
797.2741 444.0903
790.3027 444.0856
782.722 444.0811
775.7936 444.0951
769.197 444.0941
762.0046 444.0843
754.9492 444.0688
748.1484 444.0604
740.347 444.0645
733.5651 444.0674
726.4841 444.0638
719.6914 444.0599
712.4583 444.0615
704.9196 444.0625
697.5859 444.0749
690.2194 444.0838
684.111 444.0876
676.8187 444.0807
669.5687 444.0755
662.3392 444.0807
652.6436 444.0776
647.5384 444.0739
643.2207 444.0737
636.2666 444.0671
629.3102 444.0713
621.8522 444.0734
614.5811 444.0773
605.8806 444.0811
601.5195 444.0814
593.7689 444.0726
587.4974 444.0659
579.8474 444.069
570.8034 444.0672
563.4997 444.0654
556.7493 444.062
550.0215 444.0684
542.7858 444.0702
535.7256 444.0681
528.2568 444.0695
520.9066 444.069
514.0339 444.0695
506.2711 444.0739
499.4004 444.0745
492.0091 444.0703
484.1725 444.0635
477.2992 444.0594
470.8161 444.0609
464.1602 444.0581
457.0963 444.0571
449.931 444.0593
442.0378 444.0555
435.3717 444.0441
428.209 444.041
420.8913 444.0421
413.6588 444.0374
404.4564 444.0321
397.1712 444.0298
392.1563 444.0267
386.5326 444.0239
380.668 444.0197
373.8119 444.0197
366.765 444.027
360.0231 444.0278
352.7354 444.0361
346.2412 444.0418
339.0169 444.047
332.0179 444.0447
324.7132 444.0396
315.1279 444.0366
307.9069 444.0425
300.3141 444.0412
293.276 444.0405
286.3213 444.0425
278.8174 444.05
271.4017 444.0483
264.1006 444.0378
257.445 444.0249
249.6257 444.0184
243.1816 444.0122
234.6136 444.0063
224.6986 443.9958
214.5527 443.9757
210.0013 443.971
202.819 443.9528
196.9395 443.9442
190.6732 443.9355
184.1426 443.9279
179.3151 443.9253
175.5309 443.9225
170.9095 443.9334
167.6029 443.9108
164.6868 443.8516
161.3372 443.8198
159.6351 443.8164
158.1045 443.806
157.1602 443.7985
157.1647 443.8314
157.1257 443.8846
157.1217 443.9189
157.1302 443.9292
157.1465 443.9326
157.14 443.911
157.1585 443.8833
157.1618 443.8724
157.153 443.8693
157.1582 443.8462
157.1663 443.8128
157.165 443.7962
875.9307 444.0729
875.9629 444.1252
875.9932 444.248
875.9929 444.4108
875.9671 444.5415
875.9661 444.5902
875.9974 444.5881
876.0159 444.5623
876.0098 444.5194
876.0339 444.4404
876.0589 444.3376
876.0986 444.1952
1920 443.9925
1920 443.8835
1920 444.0735
1920 444.4579
1920 444.59
1920 444.3705
1920 443.8888
1920 443.5959
1920 443.5127
1920 443.707
1919.925 444.0159
1919.914 444.2267
1919.842 444.3162
1919.814 444.3543
1919.866 444.3535
1919.891 444.3101
1919.914 444.2292
1919.969 444.1224
1920.006 444.0337
1919.977 443.9907
1919.909 444.0249
1919.914 444.0854
1919.899 444.1476
1919.831 444.2243
1919.822 444.2796
1919.862 444.251
1919.684 444.139
1913.854 444.0431
1906.946 444.0407
1900.068 444.0924
1891.927 444.1735
1885.789 444.2951
1879.063 444.4328
1871.757 444.5085
1864.838 444.4766
1857.741 444.4318
1849.918 444.4258
1843.264 444.4639
1836.296 444.4868
1829.237 444.4956
1821.882 444.4865
1814.871 444.487
1807.511 444.4919
1800.442 444.4984
1793.546 444.5038
1786.155 444.5013
1779.055 444.4925
1771.96 444.4606
1764.306 444.4284
1757.361 444.4074
1749.924 444.4071
1743.833 444.4165
1736.857 444.4147
1730.022 444.3947
1722.902 444.3561
1712.603 444.3055
1708.668 444.2658
1701.57 444.2453
1695.055 444.2446
1688.104 444.2513
1680.288 444.264
1673.048 444.2612
1665.993 444.2508
1658.64 444.2372
1651.492 444.2241
1644.836 444.2108
1637.98 444.2036
1630.164 444.1948
1622.913 444.2038
1615.347 444.2124
1608.382 444.2171
1601.74 444.2235
1594.586 444.2129
1587.376 444.2098
1574.177 444.2061
1565.519 444.1789
1560.464 444.1683
1553.226 444.1614
1546.189 444.1574
1533.997 444.1595
1524.763 444.1566
1520.108 444.1561
1513.309 444.1546
1506.178 444.145
1492.122 444.1449
1484.643 444.1401
1478.621 444.1353
1471.388 444.132
1463.807 444.1278
1456.888 444.1305
1449.636 444.1252
1441.193 444.1212
1433.9 444.1216
1426.879 444.1437
1420.055 444.1621
1413.249 444.1577
1402.59 444.1593
1396.012 444.159
1388.783 444.1582
1381.813 444.1489
1374.634 444.1387
1367.664 444.1401
1359.929 444.1437
1352.988 444.138
1345.048 444.1393
1339.402 444.1406
1332.054 444.1291
1317.375 444.1242
1310.866 444.1187
1306.251 444.1209
1299.049 444.1258
1291.921 444.1162
1285.115 444.1076
1277.578 444.106
1270.586 444.0991
1263.776 444.0991
1256.709 444.1037
1249.569 444.0901
1242.077 444.0804
1233.011 444.0895
1225.746 444.0923
1219.597 444.0901
1212.451 444.0859
1205.116 444.0996
1197.899 444.1042
1190.434 444.1076
1183.307 444.1053
1176.544 444.1012
1169.535 444.0926
1161.999 444.0872
1154.791 444.0864
1146.345 444.0806
1139.479 444.0786
1132.473 444.0765
1125.164 444.076
1118.402 444.0721
1111.029 444.0622
1103.091 444.064
1095.68 444.0654
1084.182 444.0614
1080.611 444.0552
1076.924 444.0519
1069.986 444.0462
1063.418 444.0388
1056.516 444.0378
1049.152 444.0348
1042.218 444.0392
1035.087 444.0466
1027.942 444.0509
1021.098 444.049
1014.269 444.0428
1005.034 444.0386
997.4985 444.0518
990.416 444.0589
983.0175 444.0666
976.1561 444.061
969.0986 444.0602
961.7691 444.0591
954.1077 444.0664
947.1074 444.0806
939.8105 444.0866
932.9785 444.0835
925.5586 444.0822
918.6722 444.075
911.4284 444.0739
904.208 444.0734
897.3528 444.0836
890.2783 444.0895
883.3509 444.0908
875.9206 444.0919
868.3294 444.1007
861.5726 444.1087
854.4727 444.1121
847.3987 444.11
840.529 444.1087
833.2393 444.106
825.6143 444.0951
817.9411 444.0972
811.5898 444.0998
804.514 444.0998
797.2741 444.0903
790.3027 444.0856
782.722 444.0811
775.7936 444.0951
769.197 444.0941
762.0046 444.0843
754.9492 444.0688
748.1484 444.0604
740.347 444.0645
733.5651 444.0674
726.4841 444.0638
719.6914 444.0599
712.4583 444.0615
704.9196 444.0625
697.5859 444.0749
690.2194 444.0838
684.111 444.0876
676.8187 444.0807
669.5687 444.0755
662.3392 444.0807
652.6436 444.0776
647.5384 444.0739
643.2207 444.0737
636.2666 444.0671
629.3102 444.0713
621.8522 444.0734
614.5811 444.0773
605.8806 444.0811
601.5195 444.0814
593.7689 444.0726
587.4974 444.0659
579.8474 444.069
570.8034 444.0672
563.4997 444.0654
556.7493 444.062
550.0215 444.0684
542.7858 444.0702
535.7256 444.0681
528.2568 444.0695
520.9066 444.069
514.0339 444.0695
506.2711 444.0739
499.4004 444.0745
492.0091 444.0703
484.1725 444.0635
477.2992 444.0594
470.8161 444.0609
464.1602 444.0581
457.0963 444.0571
449.931 444.0593
442.0378 444.0555
435.3717 444.0441
428.209 444.041
420.8913 444.0421
413.6588 444.0374
404.4564 444.0321
397.1712 444.0298
392.1563 444.0267
386.5326 444.0239
380.668 444.0197
373.8119 444.0197
366.765 444.027
360.0231 444.0278
352.7354 444.0361
346.2412 444.0418
339.0169 444.047
332.0179 444.0447
324.7132 444.0396
315.1279 444.0366
307.9069 444.0425
300.3141 444.0412
293.276 444.0405
286.3213 444.0425
278.8174 444.05
271.4017 444.0483
264.1006 444.0378
257.445 444.0249
249.6257 444.0184
243.1816 444.0122
234.6136 444.0063
224.6986 443.9958
214.5527 443.9757
210.0013 443.971
202.819 443.9528
196.9395 443.9442
190.6732 443.9355
184.1426 443.9279
179.3151 443.9253
175.5309 443.9225
170.9095 443.9334
167.6029 443.9108
164.6868 443.8516
161.3372 443.8198
159.6351 443.8164
158.1045 443.806
157.1602 443.7985
157.1647 443.8314
157.1257 443.8846
157.1217 443.9189
157.1302 443.9292
157.1465 443.9326
157.14 443.911
157.1585 443.8833
157.1618 443.8724
157.153 443.8693
157.1582 443.8462
157.1663 443.8128
157.165 443.7962
