1920 480
204.8903 619.371
217.2038 628.0299
213.3034 630.1254
210.8926 631.6
208.443 632.943
204.9883 633.9163
201.6133 634.5266
199.446 634.5063
197.2188 634.1194
195.2539 633.7487
194.6868 632.9816
195.0202 632.548
196.4075 632.4202
198.8613 632.3231
202.1185 631.4881
206.375 629.7023
211.1745 627.1851
215.0908 624.7641
219.1533 621.8614
221.4661 619.002
222.0768 617.6807
221.4873 618.0777
218.7656 619.3416
213.0632 619.6459
206.7578 618.6204
199.7096 615.5862
195.0059 611.0536
191.0967 605.9915
189.3027 599.9464
192.2454 594.1855
201.7721 589.3262
214.6419 584.9799
230.9626 581.3887
248.9056 578.7727
267.3311 577.0795
287.3711 575.8336
306.5332 574.4137
323.8473 573.7177
341.8366 573.8326
358.8737 573.5174
375.7093 573.0723
393.1322 572.576
410.333 572.2828
428.3988 572.2518
445.1139 572.0739
460.6371 571.98
475.7373 572.2211
487.9639 572.3271
499.6732 572.3583
509.4586 571.8758
514.8333 570.8375
521.3806 570.2175
526.2031 570.1167
529.4675 570.3969
529.2562 570.3125
525.3376 571.4236
516.9619 573.2202
504.7438 575.2695
490.9056 577.9268
470.3044 579.4514
445.8861 580.1165
419.3164 580.6125
389.5 581.3356
357.6058 581.437
326.3776 581.3215
293.9873 581.0696
260.8496 581.5315
228.5114 582.0281
197.6299 581.9456
168.8454 582.3768
141.0996 583.586
115.3789 584.3873
92.63998 584.4562
72.28483 584.2672
55.03906 583.8882
40.60221 582.935
28.67871 581.9326
18.44466 581.7888
9.006185 582.0214
0.2779948 582.455
3831.969 583.4897
3822.623 584.6261
3813.856 585.2211
3806.845 585.1241
3800.173 584.3603
3792.755 583.1057
3785.512 582.1444
3777.987 581.0519
3770.732 579.7121
3764.007 578.353
3758.605 577.5289
3754.865 577.2015
3752.401 577
3751.816 576.9674
3752.243 576.8633
3755.389 576.4741
3759.085 575.7556
3763.109 575.311
3767.807 574.8639
3772.998 574.0297
3778.819 573.3174
3784.752 573.209
3790.53 572.9132
3795.821 572.8925
3799.306 573.2067
3800.671 573.4073
3800.348 573.3149
3798.281 573.7231
3794.719 573.8337
3789.859 573.3775
3784.572 572.4154
3778.75 570.7649
3772.997 569.0582
3768.452 567.8445
3764.292 567.3715
3759.536 567.0159
3755.262 566.7601
3752.945 566.6057
3752.013 566.2774
3752.155 566.0864
3753.628 566.1846
3756.132 566.0172
3759.006 565.8293
3762.121 565.6394
3764.759 565.4792
3767.037 565.33
3768.736 565.0795
3770.304 565.024
3771.524 565.1793
3772.388 565.4499
3773.079 565.341
3773.155 564.9902
3772.331 565.0305
3770.74 565.2142
3769.184 565.0652
3767.183 564.7106
3764.178 564.6095
3760.298 564.6342
3757 564.2029
3753.137 563.4247
3748.557 562.6946
3743.159 561.9255
3737.291 560.9106
3731.673 560.1635
3725.487 559.8293
3718.357 559.2391
3706.871 558.5347
3689.104 559.475
3668.748 560.0807
3648.079 559.8433
3628.668 559.6595
3610.454 559.3856
3591.175 558.3232
3571.079 558.5912
3550.744 560.1814
3531.154 560.7375
3511.821 560.4185
3492.429 559.5991
3474.307 558.1918
3459.957 556.8521
3452.482 556.8996
3454.668 559.1746
3469.812 563.0499
3497.005 565.8259
3535.359 568.1328
3583.831 571.8983
3639.927 576.4327
3702.218 580.1024
3766.709 583.6318
3828.313 587.4834
48.44987 591.4845
104.9447 595.7123
155.0358 599.5463
200.3255 602.3215
241.8047 602.9818
277.6461 602.676
306.5544 602.2292
328.692 602.4366
344.167 602.8812
353.8737 602.5659
361.1943 601.2601
366.9662 599.2399
368.0785 598.691
361.5426 599.5368
352.6494 598.0677
350.695 578.7794
349.4596 557.4745
341.4434 550.4681
338.5807 539.9781
337.5234 527.0562
337.527 519.2224
337.9857 510.4513
338.8119 502.7205
341.792 497.208
343.9362 492.0523
347.0456 487.4436
349.9837 482.9448
351.9642 478.6172
353.4232 474.29
355.6322 470.3537
357.8301 467.2498
360.2835 464.8449
362.6901 462.7831
364.5195 461.0016
366.4486 459.3255
368.1602 457.9175
368.2207 456.0077
368.6338 453.609
369.069 451.0301
370.1592 449.0868
371.4492 448.3778
372.3392 448.8395
372.7074 449.4504
372.4385 449.5811
372.5531 448.9577
372.9108 448.9453
372.6986 450.7033
372.8851 453.8363
373.1146 457.4816
373.5583 460.0262
373.3047 459.5625
373.6758 456.9046
374.9535 453.4951
376.7233 450.8848
377.7813 451.0869
377.5566 452.9386
377.0501 455.7625
378.6211 456.0928
381.3216 454.7568
384.9688 454.3918
388.5146 455.2484
391.554 455.2803
393.139 452.3799
394.6966 448.4164
383.9238 447.5919
379.709 446.4079
381.9088 443.4136
377.7878 442.5752
380.8519 444.0008
380.7711 446.2409
381.4547 447.7704
381.3297 447.4149
381.3822 446.5713
381.7035 447.0637
381.571 447.3747
381.487 447.0859
381.5651 447.1782
381.6221 447.3664
381.5872 447.1276
381.5993 447.0317
381.609 447.3236
381.6494 447.2702
381.6686 447.0527
381.6914 447.124
381.6911 447.1589
381.6667 447.0876
381.6758 447.1284
381.6546 447.1387
381.6074 447.1218
381.7025 447.1315
381.6449 447.1678
381.7109 447.0923
381.752 447.0977
381.806 447.1377
381.834 447.1256
381.8346 447.137
381.8597 447.0989
381.9124 447.1268
381.8561 447.1336
381.8434 447.2121
381.9789 447.1908
382.0381 447.2261
381.9893 447.2673
381.9879 447.292
382.0674 447.3216
382.1211 447.3289
382.0801 447.3403
382.168 447.3564
382.1885 447.3952
382.2086 447.4188
382.2627 447.4328
382.251 447.4632
382.2601 447.4885
382.2409 447.4774
382.2813 447.5764
382.3057 447.6647
382.3047 447.7554
382.3327 447.7865
382.3483 447.8288
382.3402 447.8569
382.3438 447.8966
382.348 447.8871
382.3854 447.8716
382.4232 447.8771
382.4037 447.8813
382.3981 447.868
382.3656 447.8643
382.3154 447.8607
382.3288 447.868
1920 480
204.8903 619.371
217.2038 628.0299
213.3034 630.1254
210.8926 631.6
208.443 632.943
204.9883 633.9163
201.6133 634.5266
199.446 634.5063
197.2188 634.1194
195.2539 633.7487
194.6868 632.9816
195.0202 632.548
196.4075 632.4202
198.8613 632.3231
202.1185 631.4881
206.375 629.7023
211.1745 627.1851
215.0908 624.7641
219.1533 621.8614
221.4661 619.002
222.0768 617.6807
221.4873 618.0777
218.7656 619.3416
213.0632 619.6459
206.7578 618.6204
199.7096 615.5862
195.0059 611.0536
191.0967 605.9915
189.3027 599.9464
192.2454 594.1855
201.7721 589.3262
214.6419 584.9799
230.9626 581.3887
248.9056 578.7727
267.3311 577.0795
287.3711 575.8336
306.5332 574.4137
323.8473 573.7177
341.8366 573.8326
358.8737 573.5174
375.7093 573.0723
393.1322 572.576
410.333 572.2828
428.3988 572.2518
445.1139 572.0739
460.6371 571.98
475.7373 572.2211
487.9639 572.3271
499.6732 572.3583
509.4586 571.8758
514.8333 570.8375
521.3806 570.2175
526.2031 570.1167
529.4675 570.3969
529.2562 570.3125
525.3376 571.4236
516.9619 573.2202
504.7438 575.2695
490.9056 577.9268
470.3044 579.4514
445.8861 580.1165
419.3164 580.6125
389.5 581.3356
357.6058 581.437
326.3776 581.3215
293.9873 581.0696
260.8496 581.5315
228.5114 582.0281
197.6299 581.9456
168.8454 582.3768
141.0996 583.586
115.3789 584.3873
92.63998 584.4562
72.28483 584.2672
55.03906 583.8882
40.60221 582.935
28.67871 581.9326
18.44466 581.7888
9.006185 582.0214
0.2779948 582.455
3831.969 583.4897
3822.623 584.6261
3813.856 585.2211
3806.845 585.1241
3800.173 584.3603
3792.755 583.1057
3785.512 582.1444
3777.987 581.0519
3770.732 579.7121
3764.007 578.353
3758.605 577.5289
3754.865 577.2015
3752.401 577
3751.816 576.9674
3752.243 576.8633
3755.389 576.4741
3759.085 575.7556
3763.109 575.311
3767.807 574.8639
3772.998 574.0297
3778.819 573.3174
3784.752 573.209
3790.53 572.9132
3795.821 572.8925
3799.306 573.2067
3800.671 573.4073
3800.348 573.3149
3798.281 573.7231
3794.719 573.8337
3789.859 573.3775
3784.572 572.4154
3778.75 570.7649
3772.997 569.0582
3768.452 567.8445
3764.292 567.3715
3759.536 567.0159
3755.262 566.7601
3752.945 566.6057
3752.013 566.2774
3752.155 566.0864
3753.628 566.1846
3756.132 566.0172
3759.006 565.8293
3762.121 565.6394
3764.759 565.4792
3767.037 565.33
3768.736 565.0795
3770.304 565.024
3771.524 565.1793
3772.388 565.4499
3773.079 565.341
3773.155 564.9902
3772.331 565.0305
3770.74 565.2142
3769.184 565.0652
3767.183 564.7106
3764.178 564.6095
3760.298 564.6342
3757 564.2029
3753.137 563.4247
3748.557 562.6946
3743.159 561.9255
3737.291 560.9106
3731.673 560.1635
3725.487 559.8293
3718.357 559.2391
3706.871 558.5347
3689.104 559.475
3668.748 560.0807
3648.079 559.8433
3628.668 559.6595
3610.454 559.3856
3591.175 558.3232
3571.079 558.5912
3550.744 560.1814
3531.154 560.7375
3511.821 560.4185
3492.429 559.5991
3474.307 558.1918
3459.957 556.8521
3452.482 556.8996
3454.668 559.1746
3469.812 563.0499
3497.005 565.8259
3535.359 568.1328
3583.831 571.8983
3639.927 576.4327
3702.218 580.1024
3766.709 583.6318
3828.313 587.4834
48.44987 591.4845
104.9447 595.7123
155.0358 599.5463
200.3255 602.3215
241.8047 602.9818
277.6461 602.676
306.5544 602.2292
328.692 602.4366
344.167 602.8812
353.8737 602.5659
361.1943 601.2601
366.9662 599.2399
368.0785 598.691
361.5426 599.5368
352.6494 598.0677
350.695 578.7794
349.4596 557.4745
341.4434 550.4681
338.5807 539.9781
337.5234 527.0562
337.527 519.2224
337.9857 510.4513
338.8119 502.7205
341.792 497.208
343.9362 492.0523
347.0456 487.4436
349.9837 482.9448
351.9642 478.6172
353.4232 474.29
355.6322 470.3537
357.8301 467.2498
360.2835 464.8449
362.6901 462.7831
364.5195 461.0016
366.4486 459.3255
368.1602 457.9175
368.2207 456.0077
368.6338 453.609
369.069 451.0301
370.1592 449.0868
371.4492 448.3778
372.3392 448.8395
372.7074 449.4504
372.4385 449.5811
372.5531 448.9577
372.9108 448.9453
372.6986 450.7033
372.8851 453.8363
373.1146 457.4816
373.5583 460.0262
373.3047 459.5625
373.6758 456.9046
374.9535 453.4951
376.7233 450.8848
377.7813 451.0869
377.5566 452.9386
377.0501 455.7625
378.6211 456.0928
381.3216 454.7568
384.9688 454.3918
388.5146 455.2484
391.554 455.2803
393.139 452.3799
394.6966 448.4164
383.9238 447.5919
379.709 446.4079
381.9088 443.4136
377.7878 442.5752
380.8519 444.0008
380.7711 446.2409
381.4547 447.7704
381.3297 447.4149
381.3822 446.5713
381.7035 447.0637
381.571 447.3747
381.487 447.0859
381.5651 447.1782
381.6221 447.3664
381.5872 447.1276
381.5993 447.0317
381.609 447.3236
381.6494 447.2702
381.6686 447.0527
381.6914 447.124
381.6911 447.1589
381.6667 447.0876
381.6758 447.1284
381.6546 447.1387
381.6074 447.1218
381.7025 447.1315
381.6449 447.1678
381.7109 447.0923
381.752 447.0977
381.806 447.1377
381.834 447.1256
381.8346 447.137
381.8597 447.0989
381.9124 447.1268
381.8561 447.1336
381.8434 447.2121
381.9789 447.1908
382.0381 447.2261
381.9893 447.2673
381.9879 447.292
382.0674 447.3216
382.1211 447.3289
382.0801 447.3403
382.168 447.3564
382.1885 447.3952
382.2086 447.4188
382.2627 447.4328
382.251 447.4632
382.2601 447.4885
382.2409 447.4774
382.2813 447.5764
382.3057 447.6647
382.3047 447.7554
382.3327 447.7865
382.3483 447.8288
382.3402 447.8569
382.3438 447.8966
382.348 447.8871
382.3854 447.8716
382.4232 447.8771
382.4037 447.8813
382.3981 447.868
382.3656 447.8643
382.3154 447.8607
382.3288 447.868
382.3131 447.8779
382.2477 447.8735
382.2533 447.8611
382.2373 447.8421
382.2272 447.8412
382.1009 447.8428
382.1582 447.8366
382.1514 447.7896
382.1146 447.7915
382.1279 447.7941
382.1344 447.765
382.1621 447.7563
382.1966 447.7345
382.1862 447.7572
382.1816 447.7713
382.1032 447.7746
382.1198 447.7679
382.1032 447.7513
382.0846 447.7414
382.1074 447.7361
382.0368 447.7409
382.0876 447.7324
382.0482 447.7206
382.083 447.7012
382.1071 447.6989
382.1458 447.7122
382.1523 447.6921
382.1686 447.7023
382.1784 447.7085
382.2474 447.7246
382.2506 447.7477
382.2643 447.75
382.2754 447.765
382.2562 447.7858
382.2334 447.7838
382.223 447.8275
382.2402 447.8197
382.2711 447.8366
382.2162 447.8512
382.2275 447.8595
382.2109 447.8639
382.2236 447.8838
382.1979 447.904
382.2676 447.8821
382.3031 447.8838
382.3151 447.881
382.2923 447.8763
382.3288 447.87
382.3395 447.8621
382.2813 447.8533
382.292 447.8665
382.3333 447.8343
382.3496 447.8368
382.3291 447.7915
382.2946 447.7997
382.3047 447.7681
382.3278 447.7687
382.3376 447.7363
382.2878 447.7423
382.277 447.7279
382.2412 447.6979
382.2751 447.7166
382.2728 447.7176
382.2477 447.6863
382.1992 447.7085
382.2246 447.6979
382.2617 447.6606
382.2243 447.6859
382.2832 447.6753
382.2536 447.6742
382.2949 447.6634
382.2513 447.6584
382.2539 447.667
382.3115 447.6556
382.3522 447.6489
382.3288 447.6481
382.3424 447.66
382.3343 447.6683
382.3232 447.662
382.2523 447.6558
382.3122 447.6842
382.334 447.6763
382.3018 447.6785
382.2773 447.6615
382.3047 447.6548
382.2754 447.6288
382.277 447.6274
382.2904 447.6187
382.2575 447.6032
382.2513 447.6095
382.224 447.5863
382.1842 447.562
382.1699 447.5553
382.1169 447.556
382.0846 447.5516
382.0273 447.5601
381.9756 447.549
381.9717 447.5386
381.9671 447.5031
381.9746 447.4946
381.9088 447.5068
381.8871 447.4935
381.9141 447.4769
381.917 447.4775
381.957 447.471
381.8633 447.4805
381.849 447.4816
381.8402 447.4886
381.8382 447.4854
381.8223 447.4645
381.7871 447.4514
381.7715 447.45
381.8314 447.45
381.8434 447.4635
381.8161 447.4191
381.8346 447.464
381.8242 447.4678
381.8818 447.4438
381.874 447.4565
381.8405 447.4754
381.819 447.4632
381.8297 447.4665
381.7946 447.4525
381.8665 447.45
381.8226 447.4486
381.8366 447.4341
381.8395 447.445
381.8314 447.4328
381.8184 447.4395
381.8177 447.4359
381.7633 447.4398
381.8063 447.4185
381.7988 447.4304
381.8099 447.4463
381.8412 447.4339
381.8512 447.4375
381.8512 447.4294
381.9131 447.4328
381.916 447.4572
381.9072 447.45
381.9915 447.4619
381.9671 447.4653
381.9762 447.4588
381.9124 447.4741
381.9023 447.4745
381.8802 447.4814
381.8018 447.4751
381.7965 447.4774
381.792 447.4567
381.8008 447.4478
381.8555 447.4533
381.7975 447.4373
381.8076 447.4572
381.8402 447.4543
381.8366 447.4535
381.8594 447.4386
381.9043 447.4217
381.9043 447.4355
381.8597 447.4453
381.891 447.4528
381.9323 447.4551
381.8997 447.4577
381.8922 447.4393
381.8271 447.437
381.8649 447.4268
381.8457 447.4189
381.8698 447.3934
381.8727 447.4111
381.9323 447.4006
381.8961 447.4229
381.8906 447.4419
381.9049 447.4434
381.8363 447.4442
381.8792 447.4464
381.8981 447.4466
381.8792 447.4131
381.8691 447.4464
381.8955 447.4302
381.8965 447.4549
381.8672 447.4603
381.8685 447.4396
381.8288 447.4455
381.8311 447.4417
381.8415 447.4396
381.9108 447.4219
381.9206 447.4342
381.9482 447.4248
381.974 447.4157
381.9743 447.4072
381.9863 447.4203
381.9066 447.3895
381.9551 447.3973
381.9642 447.4136
381.9785 447.4092
381.9603 447.3739
381.9577 447.3976
381.9424 447.3809
381.8877 447.3812
381.9033 447.3491
381.9313 447.3786
381.9336 447.377
381.959 447.3504
381.9766 447.3651
381.9476 447.3656
381.9814 447.3779
381.9408 447.3537
381.9339 447.3592
381.9316 447.3613
381.8919 447.3628
381.9176 447.3571
381.9066 447.38
381.9434 447.376
381.9473 447.3981
381.9596 447.3971
381.9779 447.3963
381.9492 447.3602
381.9616 447.3613
381.9655 447.3401
381.9922 447.3276
381.9541 447.2915
381.9792 447.2956
381.9342 447.2882
381.9411 447.2756
381.9616 447.277
381.9655 447.2676
381.943 447.269
381.9678 447.2707
381.9476 447.2534
382.0172 447.2591
381.9388 447.27
381.9564 447.2625
381.9401 447.2485
381.8922 447.2345
381.9951 447.2087
381.9222 447.2029
381.9046 447.1774
381.9098 447.1715
381.8952 447.1743
381.9701 447.1637
381.9499 447.1729
381.9372 447.1903
381.9183 447.187
381.8851 447.2036
381.86 447.236
381.8385 447.2137
381.9238 447.2225
381.8617 447.2319
381.8307 447.2106
381.8561 447.2173
381.874 447.2275
381.8766 447.2188
381.9336 447.1841
381.9316 447.1885
381.9792 447.1489
381.9902 447.1699
382.0355 447.1683
382.0589 447.1574
382.0514 447.1636
382.082 447.1733
382.015 447.1483
382.0417 447.1519
382.1445 447.1387
382.1367 447.1367
382.0641 447.1631
382.0876 447.1561
381.9437 447.1704
381.9749 447.1253
381.9792 447.119
382.0003 447.125
381.9958 447.126
382.0465 447.1245
382.055 447.1282
382.082 447.1187
382 447.123
382.071 447.1255
382.0879 447.1369
382.0758 447.144
382.0723 447.158
382.0602 447.1483
382.0485 447.1468
382.0423 447.1496
382.0534 447.114
382.0003 447.1488
381.971 447.1372
381.9616 447.1336
381.973 447.1287
381.9743 447.0884
382.0114 447.0815
381.9909 447.0911
382.0205 447.0825
382.041 447.0592
382.0553 447.0796
382.0443 447.0711
382.0433 447.0716
382.0511 447.0658
382.0677 447.076
382.0495 447.0607
382.0635 447.0508
382.055 447.0534
381.9925 447.0583
382.3131 447.8779
382.2477 447.8735
382.2533 447.8611
382.2373 447.8421
382.2272 447.8412
382.1009 447.8428
382.1582 447.8366
382.1514 447.7896
382.1146 447.7915
382.1279 447.7941
382.1344 447.765
382.1621 447.7563
382.1966 447.7345
382.1862 447.7572
382.1816 447.7713
382.1032 447.7746
382.1198 447.7679
382.1032 447.7513
382.0846 447.7414
382.1074 447.7361
382.0368 447.7409
382.0876 447.7324
382.0482 447.7206
382.083 447.7012
382.1071 447.6989
382.1458 447.7122
382.1523 447.6921
382.1686 447.7023
382.1784 447.7085
382.2474 447.7246
382.2506 447.7477
382.2643 447.75
382.2754 447.765
382.2562 447.7858
382.2334 447.7838
382.223 447.8275
382.2402 447.8197
382.2711 447.8366
382.2162 447.8512
382.2275 447.8595
382.2109 447.8639
382.2236 447.8838
382.1979 447.904
382.2676 447.8821
382.3031 447.8838
382.3151 447.881
382.2923 447.8763
382.3288 447.87
382.3395 447.8621
382.2813 447.8533
382.292 447.8665
382.3333 447.8343
382.3496 447.8368
382.3291 447.7915
382.2946 447.7997
382.3047 447.7681
382.3278 447.7687
382.3376 447.7363
382.2878 447.7423
382.277 447.7279
382.2412 447.6979
382.2751 447.7166
382.2728 447.7176
382.2477 447.6863
382.1992 447.7085
382.2246 447.6979
382.2617 447.6606
382.2243 447.6859
382.2832 447.6753
382.2536 447.6742
382.2949 447.6634
382.2513 447.6584
382.2539 447.667
382.3115 447.6556
382.3522 447.6489
382.3288 447.6481
382.3424 447.66
382.3343 447.6683
382.3232 447.662
382.2523 447.6558
382.3122 447.6842
382.334 447.6763
382.3018 447.6785
382.2773 447.6615
382.3047 447.6548
382.2754 447.6288
382.277 447.6274
382.2904 447.6187
382.2575 447.6032
382.2513 447.6095
382.224 447.5863
382.1842 447.562
382.1699 447.5553
382.1169 447.556
382.0846 447.5516
382.0273 447.5601
381.9756 447.549
381.9717 447.5386
381.9671 447.5031
381.9746 447.4946
381.9088 447.5068
381.8871 447.4935
381.9141 447.4769
381.917 447.4775
381.957 447.471
381.8633 447.4805
381.849 447.4816
381.8402 447.4886
381.8382 447.4854
381.8223 447.4645
381.7871 447.4514
381.7715 447.45
381.8314 447.45
381.8434 447.4635
381.8161 447.4191
381.8346 447.464
381.8242 447.4678
381.8818 447.4438
381.874 447.4565
381.8405 447.4754
381.819 447.4632
381.8297 447.4665
381.7946 447.4525
381.8665 447.45
381.8226 447.4486
381.8366 447.4341
381.8395 447.445
381.8314 447.4328
381.8184 447.4395
381.8177 447.4359
381.7633 447.4398
381.8063 447.4185
381.7988 447.4304
381.8099 447.4463
381.8412 447.4339
381.8512 447.4375
381.8512 447.4294
381.9131 447.4328
381.916 447.4572
381.9072 447.45
381.9915 447.4619
381.9671 447.4653
381.9762 447.4588
381.9124 447.4741
381.9023 447.4745
381.8802 447.4814
381.8018 447.4751
381.7965 447.4774
381.792 447.4567
381.8008 447.4478
381.8555 447.4533
381.7975 447.4373
381.8076 447.4572
381.8402 447.4543
381.8366 447.4535
381.8594 447.4386
381.9043 447.4217
381.9043 447.4355
381.8597 447.4453
381.891 447.4528
381.9323 447.4551
381.8997 447.4577
381.8922 447.4393
381.8271 447.437
381.8649 447.4268
381.8457 447.4189
381.8698 447.3934
381.8727 447.4111
381.9323 447.4006
381.8961 447.4229
381.8906 447.4419
381.9049 447.4434
381.8363 447.4442
381.8792 447.4464
381.8981 447.4466
381.8792 447.4131
381.8691 447.4464
381.8955 447.4302
381.8965 447.4549
381.8672 447.4603
381.8685 447.4396
381.8288 447.4455
381.8311 447.4417
381.8415 447.4396
381.9108 447.4219
381.9206 447.4342
381.9482 447.4248
381.974 447.4157
381.9743 447.4072
381.9863 447.4203
381.9066 447.3895
381.9551 447.3973
381.9642 447.4136
381.9785 447.4092
381.9603 447.3739
381.9577 447.3976
381.9424 447.3809
381.8877 447.3812
381.9033 447.3491
381.9313 447.3786
381.9336 447.377
381.959 447.3504
381.9766 447.3651
381.9476 447.3656
381.9814 447.3779
381.9408 447.3537
381.9339 447.3592
381.9316 447.3613
381.8919 447.3628
381.9176 447.3571
381.9066 447.38
381.9434 447.376
381.9473 447.3981
381.9596 447.3971
381.9779 447.3963
381.9492 447.3602
381.9616 447.3613
381.9655 447.3401
381.9922 447.3276
381.9541 447.2915
381.9792 447.2956
381.9342 447.2882
381.9411 447.2756
381.9616 447.277
381.9655 447.2676
381.943 447.269
381.9678 447.2707
381.9476 447.2534
382.0172 447.2591
381.9388 447.27
381.9564 447.2625
381.9401 447.2485
381.8922 447.2345
381.9951 447.2087
381.9222 447.2029
381.9046 447.1774
381.9098 447.1715
381.8952 447.1743
381.9701 447.1637
381.9499 447.1729
381.9372 447.1903
381.9183 447.187
381.8851 447.2036
381.86 447.236
381.8385 447.2137
381.9238 447.2225
381.8617 447.2319
381.8307 447.2106
381.8561 447.2173
381.874 447.2275
381.8766 447.2188
381.9336 447.1841
381.9316 447.1885
381.9792 447.1489
381.9902 447.1699
382.0355 447.1683
382.0589 447.1574
382.0514 447.1636
382.082 447.1733
382.015 447.1483
382.0417 447.1519
382.1445 447.1387
382.1367 447.1367
382.0641 447.1631
382.0876 447.1561
381.9437 447.1704
381.9749 447.1253
381.9792 447.119
382.0003 447.125
381.9958 447.126
382.0465 447.1245
382.055 447.1282
382.082 447.1187
382 447.123
382.071 447.1255
382.0879 447.1369
382.0758 447.144
382.0723 447.158
382.0602 447.1483
382.0485 447.1468
382.0423 447.1496
382.0534 447.114
382.0003 447.1488
381.971 447.1372
381.9616 447.1336
381.973 447.1287
381.9743 447.0884
382.0114 447.0815
381.9909 447.0911
382.0205 447.0825
382.041 447.0592
382.0553 447.0796
382.0443 447.0711
382.0433 447.0716
382.0511 447.0658
382.0677 447.076
382.0495 447.0607
382.0635 447.0508
382.055 447.0534
381.9925 447.0583
382.1068 447.0645
382.0785 447.0746
382.0612 447.0679
382.0856 447.0806
382.0866 447.0763
382.0853 447.1035
382.0872 447.0768
382.1117 447.0654
382.0889 447.0811
382.0732 447.0838
382.0872 447.0824
382.0866 447.0847
382.0807 447.0724
382.1003 447.0848
382.0368 447.1006
381.9879 447.0959
382.0391 447.0842
382.0879 447.0944
382.0938 447.1017
382.0912 447.1141
382.1126 447.1108
382.0905 447.0996
382.0726 447.0991
382.0882 447.0863
382.0645 447.0815
382.0394 447.089
382.0414 447.0746
382.0247 447.1042
382.0518 447.0918
382.0205 447.1035
381.9955 447.1097
382.0273 447.1322
381.9668 447.1383
381.9854 447.1221
381.9912 447.1193
381.9349 447.1162
381.9476 447.1172
381.9316 447.1147
381.9346 447.1102
381.916 447.1248
381.9004 447.0876
381.9323 447.092
381.8874 447.0874
381.9372 447.0885
381.9199 447.0778
381.9229 447.0853
381.8942 447.0737
381.9277 447.085
381.9199 447.0939
381.9196 447.0877
381.9385 447.0887
381.9798 447.105
381.9824 447.098
381.9694 447.0829
381.9369 447.0809
381.9404 447.0915
381.9453 447.0801
381.9362 447.0749
381.9395 447.0703
381.8968 447.0812
381.9381 447.0711
381.9635 447.0718
381.9424 447.0465
381.9079 447.0706
381.9167 447.0726
381.8737 447.0809
381.9076 447.092
381.8685 447.0963
381.8503 447.0938
381.8249 447.1039
381.8587 447.0926
381.9023 447.0854
381.9346 447.2487
381.8812 447.0822
382.0068 447.0172
381.6299 448.7391
381.5254 447.6541
381.7109 446.9357
381.8669 447.8423
381.9378 447.4517
381.6237 447.7323
381.0869 449.6281
381.7536 451.0563
381.4173 449.5033
381.7383 448.3057
379.4642 450.0166
376.9063 451.6016
377.2747 452.2666
376.6419 449.8957
377.0234 448.0109
377.2998 448.4551
377.3623 448.9994
377.1283 449.0638
377.0166 451.0869
376.5768 450.9923
376.4694 450.0625
376.3232 448.5669
376.665 449.7061
377.1403 450.8693
377.3626 449.7997
378.0156 448.8114
377.3223 448.71
377.6667 452.5403
377.0417 454.0685
377.582 453.5619
377.4762 449.0229
378.6422 447.6828
378.6318 449.1968
378.0238 449.5693
378.4333 449.6022
378.0251 449.5789
377.9453 449.3996
377.8457 449.4272
377.7321 449.9995
377.8255 449.924
377.7653 447.2684
377.4339 445.6255
377.5746 445.9248
377.0576 447.3436
377.0296 448.491
377.1143 448.2599
377.0081 447.6078
377.3219 448.2363
377.1188 447.8652
377.0938 447.5527
377.1364 447.6675
377.111 447.4907
377.058 447.202
377.0407 446.9261
377.1478 447.0641
377.0381 446.9099
377.0534 446.638
377.0439 446.4891
377.0658 446.3695
377.0182 446.2109
376.9688 447.0008
377.2542 447.4004
377.1461 447.7012
377.1322 447.6185
377.168 446.9099
377.1087 447.2547
376.9951 447.8555
377.0033 447.5858
377.0963 447.4443
377.0172 447.4362
376.9437 447.5807
376.9482 447.6628
376.9111 447.569
376.9437 447.562
376.9183 447.5407
376.8896 447.5967
376.8971 447.6048
376.9254 447.6007
376.9222 447.5016
376.9206 447.5962
376.9655 447.6396
376.9417 447.6006
376.9404 447.624
376.957 447.5858
376.9043 447.599
376.9232 447.654
376.9541 447.5426
376.9323 447.578
376.9505 447.6107
376.9183 447.5823
376.9248 447.5967
376.9274 447.5461
376.9326 447.5283
376.9313 447.5965
376.957 447.5306
376.9635 447.5093
376.9678 447.557
376.9167 447.5072
376.873 447.5169
376.8779 447.5565
376.8851 447.5
376.9281 447.5119
376.9385 447.5197
376.9583 447.4909
376.9925 447.4561
376.9834 447.4492
377.0081 447.4613
377.0492 447.3827
377.0137 447.3945
377.0488 447.3872
377.0524 447.3436
377.0687 447.3408
377.0843 447.335
377.0504 447.285
377.058 447.2921
377.0905 447.2811
377.1654 447.2469
377.1836 447.1535
377.1494 447.2966
377.18 447.2414
377.1553 447.1414
377.139 447.3633
377.1331 447.4359
377.1009 447.2513
377.0957 447.4808
377.0638 447.338
376.9863 447.321
376.9701 447.4766
376.9662 447.3976
376.9251 447.408
376.9258 447.4367
376.8906 447.5128
376.8871 447.5178
376.915 447.373
376.8874 447.4368
376.8275 447.542
376.8483 447.4474
376.7721 447.436
376.8359 447.5054
376.8701 447.506
376.8587 447.4541
376.8548 447.5211
376.875 447.4941
376.8398 447.4482
376.8353 447.5462
376.8965 447.4785
376.9313 447.3976
376.9437 447.5237
376.9775 447.4854
377.0176 447.3968
377.0472 447.4717
377.0908 447.4911
377.1032 447.4142
377.0817 447.4308
377.0973 447.5226
377.0605 447.3949
377.071 447.4448
377.0423 447.4775
376.9974 447.4185
377.0211 447.4608
377.0361 447.4422
377.0892 447.4017
377.0651 447.445
377.0352 447.4792
377.085 447.41
377.0846 447.3955
377.0387 447.4706
377.0387 447.4424
376.9818 447.4153
377.0365 447.4976
376.9681 447.3963
377.0045 447.4697
377.0625 447.4873
377.0456 447.3792
377.0469 447.4684
377.0423 447.4619
377.0602 447.4106
377.0654 447.4686
377.0664 447.3857
377.1315 447.4235
377.1029 447.4336
377.1123 447.3496
377.0963 447.4468
377.097 447.4159
377.1436 447.4108
377.1592 447.4479
377.1875 447.3923
377.1891 447.3828
377.1966 447.4355
377.2611 447.3735
377.3249 447.3566
377.3867 447.3688
377.3506 447.3462
377.3249 447.3035
377.3643 447.4476
377.347 447.3068
377.263 447.3369
377.3119 447.4424
377.2337 447.3315
377.1504 447.3356
377.0951 447.4684
377.0449 447.3557
376.9883 447.4216
377.0602 447.4452
377.0013 447.4141
377.0215 447.4935
377.0791 447.439
377.0687 447.3677
377.166 447.488
377.1559 447.4132
377.1484 447.4207
377.168 447.4577
377.1491 447.3688
377.1504 447.4517
377.1107 447.5225
377.1729 447.388
377.1777 447.391
377.1507 447.4271
377.2044 447.4582
377.2083 447.3651
377.1683 447.3377
377.166 447.5127
377.1712 447.3363
377.1751 447.381
377.2201 447.408
382.1068 447.0645
382.0785 447.0746
382.0612 447.0679
382.0856 447.0806
382.0866 447.0763
382.0853 447.1035
382.0872 447.0768
382.1117 447.0654
382.0889 447.0811
382.0732 447.0838
382.0872 447.0824
382.0866 447.0847
382.0807 447.0724
382.1003 447.0848
382.0368 447.1006
381.9879 447.0959
382.0391 447.0842
382.0879 447.0944
382.0938 447.1017
382.0912 447.1141
382.1126 447.1108
382.0905 447.0996
382.0726 447.0991
382.0882 447.0863
382.0645 447.0815
382.0394 447.089
382.0414 447.0746
382.0247 447.1042
382.0518 447.0918
382.0205 447.1035
381.9955 447.1097
382.0273 447.1322
381.9668 447.1383
381.9854 447.1221
381.9912 447.1193
381.9349 447.1162
381.9476 447.1172
381.9316 447.1147
381.9346 447.1102
381.916 447.1248
381.9004 447.0876
381.9323 447.092
381.8874 447.0874
381.9372 447.0885
381.9199 447.0778
381.9229 447.0853
381.8942 447.0737
381.9277 447.085
381.9199 447.0939
381.9196 447.0877
381.9385 447.0887
381.9798 447.105
381.9824 447.098
381.9694 447.0829
381.9369 447.0809
381.9404 447.0915
381.9453 447.0801
381.9362 447.0749
381.9395 447.0703
381.8968 447.0812
381.9381 447.0711
381.9635 447.0718
381.9424 447.0465
381.9079 447.0706
381.9167 447.0726
381.8737 447.0809
381.9076 447.092
381.8685 447.0963
381.8503 447.0938
381.8249 447.1039
381.8587 447.0926
381.9023 447.0854
381.9346 447.2487
381.8812 447.0822
382.0068 447.0172
381.6299 448.7391
381.5254 447.6541
381.7109 446.9357
381.8669 447.8423
381.9378 447.4517
381.6237 447.7323
381.0869 449.6281
381.7536 451.0563
381.4173 449.5033
381.7383 448.3057
379.4642 450.0166
376.9063 451.6016
377.2747 452.2666
376.6419 449.8957
377.0234 448.0109
377.2998 448.4551
377.3623 448.9994
377.1283 449.0638
377.0166 451.0869
376.5768 450.9923
376.4694 450.0625
376.3232 448.5669
376.665 449.7061
377.1403 450.8693
377.3626 449.7997
378.0156 448.8114
377.3223 448.71
377.6667 452.5403
377.0417 454.0685
377.582 453.5619
377.4762 449.0229
378.6422 447.6828
378.6318 449.1968
378.0238 449.5693
378.4333 449.6022
378.0251 449.5789
377.9453 449.3996
377.8457 449.4272
377.7321 449.9995
377.8255 449.924
377.7653 447.2684
377.4339 445.6255
377.5746 445.9248
377.0576 447.3436
377.0296 448.491
377.1143 448.2599
377.0081 447.6078
377.3219 448.2363
377.1188 447.8652
377.0938 447.5527
377.1364 447.6675
377.111 447.4907
377.058 447.202
377.0407 446.9261
377.1478 447.0641
377.0381 446.9099
377.0534 446.638
377.0439 446.4891
377.0658 446.3695
377.0182 446.2109
376.9688 447.0008
377.2542 447.4004
377.1461 447.7012
377.1322 447.6185
377.168 446.9099
377.1087 447.2547
376.9951 447.8555
377.0033 447.5858
377.0963 447.4443
377.0172 447.4362
376.9437 447.5807
376.9482 447.6628
376.9111 447.569
376.9437 447.562
376.9183 447.5407
376.8896 447.5967
376.8971 447.6048
376.9254 447.6007
376.9222 447.5016
376.9206 447.5962
376.9655 447.6396
376.9417 447.6006
376.9404 447.624
376.957 447.5858
376.9043 447.599
376.9232 447.654
376.9541 447.5426
376.9323 447.578
376.9505 447.6107
376.9183 447.5823
376.9248 447.5967
376.9274 447.5461
376.9326 447.5283
376.9313 447.5965
376.957 447.5306
376.9635 447.5093
376.9678 447.557
376.9167 447.5072
376.873 447.5169
376.8779 447.5565
376.8851 447.5
376.9281 447.5119
376.9385 447.5197
376.9583 447.4909
376.9925 447.4561
376.9834 447.4492
377.0081 447.4613
377.0492 447.3827
377.0137 447.3945
377.0488 447.3872
377.0524 447.3436
377.0687 447.3408
377.0843 447.335
377.0504 447.285
377.058 447.2921
377.0905 447.2811
377.1654 447.2469
377.1836 447.1535
377.1494 447.2966
377.18 447.2414
377.1553 447.1414
377.139 447.3633
377.1331 447.4359
377.1009 447.2513
377.0957 447.4808
377.0638 447.338
376.9863 447.321
376.9701 447.4766
376.9662 447.3976
376.9251 447.408
376.9258 447.4367
376.8906 447.5128
376.8871 447.5178
376.915 447.373
376.8874 447.4368
376.8275 447.542
376.8483 447.4474
376.7721 447.436
376.8359 447.5054
376.8701 447.506
376.8587 447.4541
376.8548 447.5211
376.875 447.4941
376.8398 447.4482
376.8353 447.5462
376.8965 447.4785
376.9313 447.3976
376.9437 447.5237
376.9775 447.4854
377.0176 447.3968
377.0472 447.4717
377.0908 447.4911
377.1032 447.4142
377.0817 447.4308
377.0973 447.5226
377.0605 447.3949
377.071 447.4448
377.0423 447.4775
376.9974 447.4185
377.0211 447.4608
377.0361 447.4422
377.0892 447.4017
377.0651 447.445
377.0352 447.4792
377.085 447.41
377.0846 447.3955
377.0387 447.4706
377.0387 447.4424
376.9818 447.4153
377.0365 447.4976
376.9681 447.3963
377.0045 447.4697
377.0625 447.4873
377.0456 447.3792
377.0469 447.4684
377.0423 447.4619
377.0602 447.4106
377.0654 447.4686
377.0664 447.3857
377.1315 447.4235
377.1029 447.4336
377.1123 447.3496
377.0963 447.4468
377.097 447.4159
377.1436 447.4108
377.1592 447.4479
377.1875 447.3923
377.1891 447.3828
377.1966 447.4355
377.2611 447.3735
377.3249 447.3566
377.3867 447.3688
377.3506 447.3462
377.3249 447.3035
377.3643 447.4476
377.347 447.3068
377.263 447.3369
377.3119 447.4424
377.2337 447.3315
377.1504 447.3356
377.0951 447.4684
377.0449 447.3557
376.9883 447.4216
377.0602 447.4452
377.0013 447.4141
377.0215 447.4935
377.0791 447.439
377.0687 447.3677
377.166 447.488
377.1559 447.4132
377.1484 447.4207
377.168 447.4577
377.1491 447.3688
377.1504 447.4517
377.1107 447.5225
377.1729 447.388
377.1777 447.391
377.1507 447.4271
377.2044 447.4582
377.2083 447.3651
377.1683 447.3377
377.166 447.5127
377.1712 447.3363
377.1751 447.381
377.2201 447.408
377.2077 447.313
377.1673 447.4377
377.1719 447.3761
377.168 447.3145
377.183 447.473
377.1481 447.4054
377.1865 447.3646
377.1797 447.4425
377.111 447.3273
377.1221 447.3883
377.082 447.3439
377.041 447.2982
377.0778 447.4053
377.0189 447.3452
377.0648 447.327
377.0641 447.4468
377.0889 447.3297
377.1367 447.3667
377.1471 447.4455
377.1422 447.3268
377.1754 447.3722
377.1771 447.4147
377.224 447.3694
377.2979 447.3441
377.2754 447.362
377.2923 447.3166
377.3053 447.3452
377.2744 447.3332
377.2816 447.3348
377.2262 447.3267
377.2119 447.3835
377.2399 447.3369
377.1794 447.3187
377.1735 447.3428
377.1683 447.3557
377.167 447.3049
377.152 447.3242
377.1543 447.3699
377.1484 447.3236
377.1042 447.3236
377.1139 447.4144
377.096 447.3177
377.0648 447.3687
377.0758 447.4212
377.0912 447.3366
377.0706 447.4289
377.1263 447.4115
377.1051 447.3649
377.1006 447.431
377.1032 447.3882
377.0915 447.4051
377.0951 447.4048
377.0664 447.4261
377.0589 447.4049
377.0768 447.4176
377.0482 447.4211
377.0143 447.4312
377.029 447.4458
376.9899 447.4015
377.0023 447.432
377.002 447.4393
377.0404 447.4429
377.0736 447.4647
377.0619 447.4408
377.0645 447.4823
377.0485 447.4411
377.0479 447.4471
377.0742 447.4554
377.0775 447.4611
377.1657 447.4285
377.1016 447.3991
377.0827 447.453
377.2086 447.3981
377.1396 447.3109
377.1673 447.4461
377.2979 447.4679
377.2132 447.1715
377.1934 447.382
377.2246 447.4368
377.0811 447.1634
377.0345 447.3576
377.0264 447.481
376.9496 447.0898
376.9525 447.4471
376.9193 447.7581
376.4743 447.5578
376.7721 447.3185
376.7445 447.4593
376.7393 447.4049
376.7813 447.3693
376.7656 447.5519
376.7767 447.3734
376.7464 447.4873
376.7455 447.4944
376.763 447.4552
376.8249 447.4363
376.7731 447.5597
376.804 447.4381
376.8366 447.4933
376.8262 447.452
376.833 447.4299
376.8135 447.4829
376.8431 447.4751
376.8174 447.4189
376.8467 447.4709
376.8236 447.4478
376.8327 447.4608
376.8529 447.4502
376.8385 447.4552
376.8786 447.4696
376.8828 447.4844
376.8773 447.4756
376.8678 447.4912
376.8652 447.5186
376.8783 447.5417
376.8783 447.5313
376.9134 447.542
376.8991 447.5396
376.9313 447.5441
376.8792 447.5506
376.8613 447.5435
376.8555 447.5508
376.8333 447.5693
376.8766 447.5653
376.8643 447.5519
376.902 447.562
376.8942 447.5553
376.8978 447.5664
376.8415 447.5605
376.8568 447.5732
376.8604 447.5591
376.9033 447.5412
376.8636 447.5334
376.8669 447.537
376.8291 447.5294
376.8382 447.5423
376.8607 447.5549
376.9017 447.5322
376.8848 447.5495
376.8483 447.5654
376.8724 447.5685
376.8887 447.5771
376.8213 447.5835
376.8246 447.5931
376.7985 447.5923
376.821 447.5804
376.8184 447.591
376.832 447.5635
376.8477 447.5762
376.8506 447.5759
376.8271 447.617
376.805 447.5981
376.7985 447.6284
376.819 447.6538
376.833 447.6089
376.8148 447.606
376.8193 447.6416
376.8229 447.6276
376.8105 447.6226
376.8011 447.6068
376.8219 447.6315
376.8053 447.6139
376.7914 447.6159
376.751 447.6102
376.7799 447.591
376.736 447.6081
376.7412 447.5807
376.7708 447.5771
376.7754 447.5818
376.7506 447.5785
376.7686 447.5901
376.7474 447.6135
376.722 447.5991
376.7324 447.6135
376.7412 447.5929
376.7435 447.5757
376.7168 447.606
376.7311 447.6152
376.6807 447.5908
376.6898 447.6116
376.7279 447.6271
376.6927 447.6022
376.7298 447.5981
376.6908 447.6047
376.7324 447.597
376.7223 447.5861
376.7409 447.5609
376.7741 447.5609
376.7777 447.5615
376.7887 447.5498
376.7559 447.5631
376.7858 447.5615
376.7545 447.5589
376.7565 447.5679
376.7194 447.5535
376.6895 447.5522
376.7038 447.5676
376.7074 447.5897
376.7168 447.5887
376.7158 447.5767
376.7181 447.5697
376.7308 447.5708
376.7171 447.5894
376.7435 447.5669
376.764 447.5557
376.7233 447.5749
376.7787 447.5471
376.7552 447.5721
376.7744 447.5586
376.7298 447.54
376.7194 447.5681
376.7767 447.5617
376.7458 447.5627
376.7526 447.5472
376.7594 447.5471
376.7741 447.5242
376.7539 447.5309
376.7682 447.5327
376.7946 447.5388
376.7672 447.515
376.79 447.4831
376.8883 447.3574
376.8112 447.3827
376.7943 447.5868
376.7506 447.3031
376.8571 447.3654
376.6839 447.5254
376.7542 447.3709
376.7028 447.355
376.8053 447.4588
376.7484 447.3387
376.7949 447.4547
376.8314 447.4554
376.79 447.4002
376.8008 447.3928
376.8174 447.4295
376.8128 447.3911
376.8053 447.4367
376.8382 447.416
376.8018 447.3961
376.8268 447.424
376.8317 447.4157
376.8288 447.4087
376.8451 447.4391
376.8548 447.4237
376.8174 447.4193
376.7819 447.4352
376.8115 447.4233
376.79 447.4484
376.7747 447.4409
376.8092 447.4229
376.8102 447.4285
376.8539 447.436
376.8239 447.4341
376.8431 447.444
376.8444 447.4276
376.8587 447.4105
376.8239 447.463
376.8776 447.4661
376.8629 447.4644
376.8926 447.4464
376.9248 447.4435
376.8945 447.4312
376.9134 447.4181
376.9111 447.4299
376.9372 447.4043
376.8913 447.3994
376.8493 447.3973
376.8568 447.3955
376.8773 447.4108
376.862 447.4185
376.8239 447.4118
376.8239 447.4144
376.8236 447.4134
376.7871 447.397
376.7819 447.403
376.7686 447.4058
376.7767 447.418
376.778 447.428
376.8203 447.4227
376.8402 447.3955
376.819 447.4248
376.8392 447.409
376.8792 447.4159
376.8561 447.4209
376.888 447.4165
376.8424 447.425
376.8844 447.436
376.8369 447.4567
376.846 447.4759
376.8795 447.4546
376.8753 447.4526
376.8867 447.4502
376.877 447.479
376.8561 447.4828
376.8568 447.4718
376.847 447.4531
376.8656 447.4446
376.8535 447.4564
376.8659 447.4564
377.2077 447.313
377.1673 447.4377
377.1719 447.3761
377.168 447.3145
377.183 447.473
377.1481 447.4054
377.1865 447.3646
377.1797 447.4425
377.111 447.3273
377.1221 447.3883
377.082 447.3439
377.041 447.2982
377.0778 447.4053
377.0189 447.3452
377.0648 447.327
377.0641 447.4468
377.0889 447.3297
377.1367 447.3667
377.1471 447.4455
377.1422 447.3268
377.1754 447.3722
377.1771 447.4147
377.224 447.3694
377.2979 447.3441
377.2754 447.362
377.2923 447.3166
377.3053 447.3452
377.2744 447.3332
377.2816 447.3348
377.2262 447.3267
377.2119 447.3835
377.2399 447.3369
377.1794 447.3187
377.1735 447.3428
377.1683 447.3557
377.167 447.3049
377.152 447.3242
377.1543 447.3699
377.1484 447.3236
377.1042 447.3236
377.1139 447.4144
377.096 447.3177
377.0648 447.3687
377.0758 447.4212
377.0912 447.3366
377.0706 447.4289
377.1263 447.4115
377.1051 447.3649
377.1006 447.431
377.1032 447.3882
377.0915 447.4051
377.0951 447.4048
377.0664 447.4261
377.0589 447.4049
377.0768 447.4176
377.0482 447.4211
377.0143 447.4312
377.029 447.4458
376.9899 447.4015
377.0023 447.432
377.002 447.4393
377.0404 447.4429
377.0736 447.4647
377.0619 447.4408
377.0645 447.4823
377.0485 447.4411
377.0479 447.4471
377.0742 447.4554
377.0775 447.4611
377.1657 447.4285
377.1016 447.3991
377.0827 447.453
377.2086 447.3981
377.1396 447.3109
377.1673 447.4461
377.2979 447.4679
377.2132 447.1715
377.1934 447.382
377.2246 447.4368
377.0811 447.1634
377.0345 447.3576
377.0264 447.481
376.9496 447.0898
376.9525 447.4471
376.9193 447.7581
376.4743 447.5578
376.7721 447.3185
376.7445 447.4593
376.7393 447.4049
376.7813 447.3693
376.7656 447.5519
376.7767 447.3734
376.7464 447.4873
376.7455 447.4944
376.763 447.4552
376.8249 447.4363
376.7731 447.5597
376.804 447.4381
376.8366 447.4933
376.8262 447.452
376.833 447.4299
376.8135 447.4829
376.8431 447.4751
376.8174 447.4189
376.8467 447.4709
376.8236 447.4478
376.8327 447.4608
376.8529 447.4502
376.8385 447.4552
376.8786 447.4696
376.8828 447.4844
376.8773 447.4756
376.8678 447.4912
376.8652 447.5186
376.8783 447.5417
376.8783 447.5313
376.9134 447.542
376.8991 447.5396
376.9313 447.5441
376.8792 447.5506
376.8613 447.5435
376.8555 447.5508
376.8333 447.5693
376.8766 447.5653
376.8643 447.5519
376.902 447.562
376.8942 447.5553
376.8978 447.5664
376.8415 447.5605
376.8568 447.5732
376.8604 447.5591
376.9033 447.5412
376.8636 447.5334
376.8669 447.537
376.8291 447.5294
376.8382 447.5423
376.8607 447.5549
376.9017 447.5322
376.8848 447.5495
376.8483 447.5654
376.8724 447.5685
376.8887 447.5771
376.8213 447.5835
376.8246 447.5931
376.7985 447.5923
376.821 447.5804
376.8184 447.591
376.832 447.5635
376.8477 447.5762
376.8506 447.5759
376.8271 447.617
376.805 447.5981
376.7985 447.6284
376.819 447.6538
376.833 447.6089
376.8148 447.606
376.8193 447.6416
376.8229 447.6276
376.8105 447.6226
376.8011 447.6068
376.8219 447.6315
376.8053 447.6139
376.7914 447.6159
376.751 447.6102
376.7799 447.591
376.736 447.6081
376.7412 447.5807
376.7708 447.5771
376.7754 447.5818
376.7506 447.5785
376.7686 447.5901
376.7474 447.6135
376.722 447.5991
376.7324 447.6135
376.7412 447.5929
376.7435 447.5757
376.7168 447.606
376.7311 447.6152
376.6807 447.5908
376.6898 447.6116
376.7279 447.6271
376.6927 447.6022
376.7298 447.5981
376.6908 447.6047
376.7324 447.597
376.7223 447.5861
376.7409 447.5609
376.7741 447.5609
376.7777 447.5615
376.7887 447.5498
376.7559 447.5631
376.7858 447.5615
376.7545 447.5589
376.7565 447.5679
376.7194 447.5535
376.6895 447.5522
376.7038 447.5676
376.7074 447.5897
376.7168 447.5887
376.7158 447.5767
376.7181 447.5697
376.7308 447.5708
376.7171 447.5894
376.7435 447.5669
376.764 447.5557
376.7233 447.5749
376.7787 447.5471
376.7552 447.5721
376.7744 447.5586
376.7298 447.54
376.7194 447.5681
376.7767 447.5617
376.7458 447.5627
376.7526 447.5472
376.7594 447.5471
376.7741 447.5242
376.7539 447.5309
376.7682 447.5327
376.7946 447.5388
376.7672 447.515
376.79 447.4831
376.8883 447.3574
376.8112 447.3827
376.7943 447.5868
376.7506 447.3031
376.8571 447.3654
376.6839 447.5254
376.7542 447.3709
376.7028 447.355
376.8053 447.4588
376.7484 447.3387
376.7949 447.4547
376.8314 447.4554
376.79 447.4002
376.8008 447.3928
376.8174 447.4295
376.8128 447.3911
376.8053 447.4367
376.8382 447.416
376.8018 447.3961
376.8268 447.424
376.8317 447.4157
376.8288 447.4087
376.8451 447.4391
376.8548 447.4237
376.8174 447.4193
376.7819 447.4352
376.8115 447.4233
376.79 447.4484
376.7747 447.4409
376.8092 447.4229
376.8102 447.4285
376.8539 447.436
376.8239 447.4341
376.8431 447.444
376.8444 447.4276
376.8587 447.4105
376.8239 447.463
376.8776 447.4661
376.8629 447.4644
376.8926 447.4464
376.9248 447.4435
376.8945 447.4312
376.9134 447.4181
376.9111 447.4299
376.9372 447.4043
376.8913 447.3994
376.8493 447.3973
376.8568 447.3955
376.8773 447.4108
376.862 447.4185
376.8239 447.4118
376.8239 447.4144
376.8236 447.4134
376.7871 447.397
376.7819 447.403
376.7686 447.4058
376.7767 447.418
376.778 447.428
376.8203 447.4227
376.8402 447.3955
376.819 447.4248
376.8392 447.409
376.8792 447.4159
376.8561 447.4209
376.888 447.4165
376.8424 447.425
376.8844 447.436
376.8369 447.4567
376.846 447.4759
376.8795 447.4546
376.8753 447.4526
376.8867 447.4502
376.877 447.479
376.8561 447.4828
376.8568 447.4718
376.847 447.4531
376.8656 447.4446
376.8535 447.4564
376.8659 447.4564
376.8698 447.4626
376.8896 447.4388
376.9424 447.4604
376.9173 447.4452
376.9134 447.4375
376.8913 447.4396
376.8717 447.431
376.8447 447.4198
376.8314 447.429
376.8597 447.4221
376.8841 447.4316
376.8584 447.4153
376.8587 447.4297
376.873 447.4123
376.9193 447.4084
376.8893 447.3957
376.8629 447.4001
376.8649 447.3848
376.8451 447.4149
376.8744 447.4313
376.8883 447.436
376.8652 447.4409
376.8766 447.4347
376.8516 447.4388
376.8451 447.4219
376.8317 447.4138
376.8499 447.4157
376.8851 447.4028
376.8581 447.3833
376.8226 447.389
376.8242 447.3908
376.847 447.3825
376.8535 447.3758
376.8418 447.3892
376.8304 447.3843
376.8438 447.3673
376.875 447.3763
376.8636 447.3672
376.8633 447.3716
376.8874 447.3854
376.8795 447.3944
376.8737 447.4015
376.9271 447.403
376.9063 447.396
376.9059 447.4124
376.8874 447.4211
376.8639 447.4204
376.8597 447.4043
376.8629 447.4134
376.8539 447.4193
376.8578 447.4224
376.8408 447.4084
376.8356 447.4258
376.8356 447.439
376.8405 447.4292
376.8223 447.4217
376.8158 447.4128
376.8063 447.3978
376.7975 447.4175
376.808 447.4251
376.8135 447.4308
376.7904 447.4193
376.8066 447.4245
376.8119 447.4342
376.8239 447.4134
376.8158 447.4276
376.7838 447.4212
376.8177 447.4085
376.8193 447.4259
376.8145 447.4162
376.7764 447.4238
376.7744 447.4221
376.7676 447.4352
376.779 447.431
376.7826 447.4229
376.8047 447.4256
376.7702 447.4419
376.8014 447.4315
376.8024 447.4419
376.7835 447.4489
376.817 447.4456
376.7962 447.4613
376.8096 447.4554
376.8285 447.46
376.817 447.4694
376.8376 447.4666
376.8096 447.4517
376.7923 447.458
376.8066 447.4567
376.8246 447.4648
376.8193 447.4713
376.8099 447.4593
376.817 447.4619
376.8265 447.4855
376.8301 447.4836
376.8258 447.4761
376.8232 447.494
376.8542 447.492
376.8402 447.5002
376.8382 447.4894
376.8548 447.4706
376.8392 447.4829
376.8044 447.4533
376.8096 447.4521
376.8314 447.45
376.8004 447.4341
376.7822 447.4334
376.7874 447.4427
376.8161 447.4168
376.791 447.4261
376.8063 447.4245
376.8031 447.4381
376.817 447.4064
376.7754 447.4141
376.8187 447.403
376.7897 447.4162
376.8001 447.4087
376.8125 447.4113
376.8141 447.4115
376.7949 447.4253
376.7835 447.4323
376.8031 447.4204
376.7985 447.4233
376.8174 447.4264
376.8131 447.4067
376.8441 447.4336
376.8695 447.424
376.8877 447.4176
376.8646 447.4176
376.8571 447.4235
376.8607 447.4103
376.8756 447.4155
376.8848 447.3958
376.861 447.4128
376.904 447.4206
376.9287 447.4328
376.889 447.4399
376.8851 447.4432
376.9049 447.4478
376.8854 447.431
376.9157 447.4279
376.8984 447.4354
376.8626 447.4277
376.8766 447.4238
376.8773 447.4373
376.8802 447.4494
376.8343 447.4435
376.861 447.4593
376.8431 447.4538
376.8392 447.4595
376.8522 447.4592
376.8398 447.4611
376.8551 447.4478
376.834 447.4341
376.8646 447.4442
376.8701 447.4434
376.8561 447.4468
376.8454 447.4403
376.8542 447.4521
376.832 447.4733
376.791 447.4704
376.8099 447.4565
376.8086 447.4622
376.8193 447.4761
376.7874 447.4802
376.8483 447.4802
376.8324 447.4686
376.8242 447.4564
376.8083 447.4538
376.8662 447.4601
376.8662 447.452
376.8809 447.4549
376.8503 447.4478
376.8763 447.4363
376.8776 447.432
376.8874 447.423
376.9196 447.4347
376.9215 447.4321
376.9189 447.4395
376.8499 447.4427
376.8607 447.4504
376.8545 447.4492
376.8691 447.4639
376.875 447.4642
376.877 447.4701
376.8701 447.4656
376.8385 447.4592
376.8802 447.429
376.8519 447.4399
376.8802 447.4547
376.8939 447.4559
376.8639 447.4476
376.8929 447.4559
376.8795 447.4543
376.8376 447.4429
376.8594 447.4381
376.9001 447.437
376.8991 447.4489
376.8896 447.4482
376.86 447.4489
376.8587 447.4536
376.8398 447.446
376.8389 447.439
376.8587 447.4422
376.859 447.4688
376.8395 447.4648
376.8617 447.4606
376.8424 447.4476
376.8447 447.4448
376.8607 447.4416
376.8412 447.4482
376.8099 447.4381
376.8281 447.4233
376.8336 447.4095
376.8366 447.4432
376.8613 447.4463
376.8229 447.4279
376.8893 447.4276
376.8415 447.4292
376.877 447.4518
376.9049 447.442
376.9056 447.4559
376.9082 447.4613
376.889 447.4499
376.8978 447.4551
376.9264 447.4446
376.8809 447.4604
376.8809 447.4414
376.8685 447.4266
376.889 447.4181
376.8564 447.4256
376.8828 447.4365
376.916 447.417
376.9102 447.4167
376.9359 447.4256
376.8958 447.416
376.8844 447.415
376.8675 447.4066
376.8633 447.4054
376.8561 447.3823
376.8555 447.4115
376.8444 447.4032
376.8669 447.4124
376.8366 447.4155
376.8405 447.4038
376.8405 447.3971
376.8405 447.4263
376.8691 447.4207
376.8685 447.4243
376.8646 447.4191
376.8412 447.4139
376.861 447.4144
376.8665 447.4012
376.8529 447.4175
376.8649 447.409
376.8584 447.3893
376.859 447.4077
376.8737 447.4164
376.8467 447.4131
376.8717 447.4011
376.8255 447.4006
376.8304 447.3981
376.8324 447.3908
376.8561 447.409
376.8659 447.4247
376.8861 447.4282
376.9085 447.4224
376.891 447.4155
376.9043 447.4359
376.917 447.4269
376.9173 447.4219
376.932 447.4261
376.9049 447.4009
376.9398 447.404
376.9121 447.4025
376.8675 447.3984
376.8682 447.4032
376.8519 447.4132
376.8402 447.4258
376.8698 447.3937
376.849 447.3918
376.8327 447.403
376.8665 447.4044
376.848 447.4106
376.8688 447.3987
376.89 447.4058
376.876 447.396
376.8656 447.3939
376.876 447.3936
376.901 447.3928
376.8789 447.38
376.9277 447.3952
376.8835 447.4037
376.8932 447.3984
376.9342 447.3934
376.9105 447.4032
376.9287 447.4058
376.9251 447.3874
376.933 447.373
376.9131 447.3708
376.8698 447.4626
376.8896 447.4388
376.9424 447.4604
376.9173 447.4452
376.9134 447.4375
376.8913 447.4396
376.8717 447.431
376.8447 447.4198
376.8314 447.429
376.8597 447.4221
376.8841 447.4316
376.8584 447.4153
376.8587 447.4297
376.873 447.4123
376.9193 447.4084
376.8893 447.3957
376.8629 447.4001
376.8649 447.3848
376.8451 447.4149
376.8744 447.4313
376.8883 447.436
376.8652 447.4409
376.8766 447.4347
376.8516 447.4388
376.8451 447.4219
376.8317 447.4138
376.8499 447.4157
376.8851 447.4028
376.8581 447.3833
376.8226 447.389
376.8242 447.3908
376.847 447.3825
376.8535 447.3758
376.8418 447.3892
376.8304 447.3843
376.8438 447.3673
376.875 447.3763
376.8636 447.3672
376.8633 447.3716
376.8874 447.3854
376.8795 447.3944
376.8737 447.4015
376.9271 447.403
376.9063 447.396
376.9059 447.4124
376.8874 447.4211
376.8639 447.4204
376.8597 447.4043
376.8629 447.4134
376.8539 447.4193
376.8578 447.4224
376.8408 447.4084
376.8356 447.4258
376.8356 447.439
376.8405 447.4292
376.8223 447.4217
376.8158 447.4128
376.8063 447.3978
376.7975 447.4175
376.808 447.4251
376.8135 447.4308
376.7904 447.4193
376.8066 447.4245
376.8119 447.4342
376.8239 447.4134
376.8158 447.4276
376.7838 447.4212
376.8177 447.4085
376.8193 447.4259
376.8145 447.4162
376.7764 447.4238
376.7744 447.4221
376.7676 447.4352
376.779 447.431
376.7826 447.4229
376.8047 447.4256
376.7702 447.4419
376.8014 447.4315
376.8024 447.4419
376.7835 447.4489
376.817 447.4456
376.7962 447.4613
376.8096 447.4554
376.8285 447.46
376.817 447.4694
376.8376 447.4666
376.8096 447.4517
376.7923 447.458
376.8066 447.4567
376.8246 447.4648
376.8193 447.4713
376.8099 447.4593
376.817 447.4619
376.8265 447.4855
376.8301 447.4836
376.8258 447.4761
376.8232 447.494
376.8542 447.492
376.8402 447.5002
376.8382 447.4894
376.8548 447.4706
376.8392 447.4829
376.8044 447.4533
376.8096 447.4521
376.8314 447.45
376.8004 447.4341
376.7822 447.4334
376.7874 447.4427
376.8161 447.4168
376.791 447.4261
376.8063 447.4245
376.8031 447.4381
376.817 447.4064
376.7754 447.4141
376.8187 447.403
376.7897 447.4162
376.8001 447.4087
376.8125 447.4113
376.8141 447.4115
376.7949 447.4253
376.7835 447.4323
376.8031 447.4204
376.7985 447.4233
376.8174 447.4264
376.8131 447.4067
376.8441 447.4336
376.8695 447.424
376.8877 447.4176
376.8646 447.4176
376.8571 447.4235
376.8607 447.4103
376.8756 447.4155
376.8848 447.3958
376.861 447.4128
376.904 447.4206
376.9287 447.4328
376.889 447.4399
376.8851 447.4432
376.9049 447.4478
376.8854 447.431
376.9157 447.4279
376.8984 447.4354
376.8626 447.4277
376.8766 447.4238
376.8773 447.4373
376.8802 447.4494
376.8343 447.4435
376.861 447.4593
376.8431 447.4538
376.8392 447.4595
376.8522 447.4592
376.8398 447.4611
376.8551 447.4478
376.834 447.4341
376.8646 447.4442
376.8701 447.4434
376.8561 447.4468
376.8454 447.4403
376.8542 447.4521
376.832 447.4733
376.791 447.4704
376.8099 447.4565
376.8086 447.4622
376.8193 447.4761
376.7874 447.4802
376.8483 447.4802
376.8324 447.4686
376.8242 447.4564
376.8083 447.4538
376.8662 447.4601
376.8662 447.452
376.8809 447.4549
376.8503 447.4478
376.8763 447.4363
376.8776 447.432
376.8874 447.423
376.9196 447.4347
376.9215 447.4321
376.9189 447.4395
376.8499 447.4427
376.8607 447.4504
376.8545 447.4492
376.8691 447.4639
376.875 447.4642
376.877 447.4701
376.8701 447.4656
376.8385 447.4592
376.8802 447.429
376.8519 447.4399
376.8802 447.4547
376.8939 447.4559
376.8639 447.4476
376.8929 447.4559
376.8795 447.4543
376.8376 447.4429
376.8594 447.4381
376.9001 447.437
376.8991 447.4489
376.8896 447.4482
376.86 447.4489
376.8587 447.4536
376.8398 447.446
376.8389 447.439
376.8587 447.4422
376.859 447.4688
376.8395 447.4648
376.8617 447.4606
376.8424 447.4476
376.8447 447.4448
376.8607 447.4416
376.8412 447.4482
376.8099 447.4381
376.8281 447.4233
376.8336 447.4095
376.8366 447.4432
376.8613 447.4463
376.8229 447.4279
376.8893 447.4276
376.8415 447.4292
376.877 447.4518
376.9049 447.442
376.9056 447.4559
376.9082 447.4613
376.889 447.4499
376.8978 447.4551
376.9264 447.4446
376.8809 447.4604
376.8809 447.4414
376.8685 447.4266
376.889 447.4181
376.8564 447.4256
376.8828 447.4365
376.916 447.417
376.9102 447.4167
376.9359 447.4256
376.8958 447.416
376.8844 447.415
376.8675 447.4066
376.8633 447.4054
376.8561 447.3823
376.8555 447.4115
376.8444 447.4032
376.8669 447.4124
376.8366 447.4155
376.8405 447.4038
376.8405 447.3971
376.8405 447.4263
376.8691 447.4207
376.8685 447.4243
376.8646 447.4191
376.8412 447.4139
376.861 447.4144
376.8665 447.4012
376.8529 447.4175
376.8649 447.409
376.8584 447.3893
376.859 447.4077
376.8737 447.4164
376.8467 447.4131
376.8717 447.4011
376.8255 447.4006
376.8304 447.3981
376.8324 447.3908
376.8561 447.409
376.8659 447.4247
376.8861 447.4282
376.9085 447.4224
376.891 447.4155
376.9043 447.4359
376.917 447.4269
376.9173 447.4219
376.932 447.4261
376.9049 447.4009
376.9398 447.404
376.9121 447.4025
376.8675 447.3984
376.8682 447.4032
376.8519 447.4132
376.8402 447.4258
376.8698 447.3937
376.849 447.3918
376.8327 447.403
376.8665 447.4044
376.848 447.4106
376.8688 447.3987
376.89 447.4058
376.876 447.396
376.8656 447.3939
376.876 447.3936
376.901 447.3928
376.8789 447.38
376.9277 447.3952
376.8835 447.4037
376.8932 447.3984
376.9342 447.3934
376.9105 447.4032
376.9287 447.4058
376.9251 447.3874
376.933 447.373
376.9131 447.3708
376.9085 447.3678
376.9186 447.3625
376.9108 447.3594
376.9287 447.3612
376.8883 447.3758
376.9128 447.3771
376.9395 447.3685
376.9372 447.4032
376.8955 447.4108
376.9352 447.3947
376.8958 447.403
376.9082 447.403
376.9199 447.3989
376.9251 447.4035
376.9277 447.4007
376.918 447.4027
376.9141 447.3805
376.943 447.4051
376.9466 447.3845
376.9626 447.3892
376.9404 447.3776
376.9193 447.3678
376.8929 447.39
376.8851 447.3928
376.8779 447.3976
376.8861 447.3931
376.8795 447.3991
376.8555 447.4063
376.8594 447.3955
376.8499 447.4072
376.8493 447.3875
376.8398 447.4009
376.8177 447.4014
376.8249 447.3898
376.7979 447.3961
376.8125 447.4033
376.7878 447.382
376.8197 447.3677
376.8154 447.3592
376.8372 447.3708
376.8304 447.3687
376.804 447.3815
376.7959 447.383
376.7949 447.3905
376.7865 447.383
376.7917 447.4043
376.8206 447.3901
376.8119 447.3802
376.821 447.4025
376.8691 447.3779
376.8532 447.3857
376.8795 447.3833
376.8581 447.4138
376.8717 447.3937
376.8639 447.3898
376.8197 447.3856
376.8047 447.3905
376.8063 447.3931
376.8073 447.3961
376.7816 447.3914
376.8086 447.3763
376.8138 447.3795
376.8187 447.3845
376.8014 447.3989
376.8151 447.411
376.804 447.4138
376.7956 447.4199
376.752 447.4159
376.7692 447.41
376.7868 447.3965
376.7891 447.4027
376.8154 447.3971
376.8451 447.3883
376.8431 447.389
376.835 447.3836
376.8574 447.363
376.8141 447.363
376.8125 447.3545
376.8187 447.354
376.8509 447.3441
376.8529 447.3504
376.8304 447.3673
376.8477 447.3569
376.8327 447.3807
376.8522 447.3677
376.832 447.353
376.8004 447.3546
376.8089 447.3589
376.8412 447.3514
376.8281 447.3428
376.8483 447.3297
376.862 447.3454
376.8776 447.3426
376.8672 447.3514
376.8662 447.3699
376.8594 447.3524
376.8493 447.3534
376.8463 447.3478
376.8366 447.3553
376.8281 447.3514
376.8389 447.3631
376.8184 447.3621
376.8206 447.3683
376.8086 447.3908
376.8262 447.3761
376.8431 447.3854
376.8366 447.3755
376.8646 447.3774
376.8604 447.3898
376.8262 447.3918
376.8438 447.4097
376.8307 447.3926
376.8285 447.3776
376.8223 447.382
376.805 447.3768
376.8415 447.3688
376.8151 447.373
376.8389 447.3713
376.7988 447.397
376.8034 447.3747
376.8076 447.3921
376.7917 447.3906
376.7617 447.3719
376.8145 447.3835
376.7728 447.3994
376.7871 447.3966
376.7881 447.4007
376.7715 447.4056
376.7959 447.4011
376.7871 447.4077
376.777 447.3971
376.7692 447.3807
376.7777 447.4012
376.807 447.3862
376.7936 447.396
376.7633 447.3966
376.7617 447.3869
376.7591 447.3721
376.7881 447.3854
376.7878 447.3633
376.8232 447.3867
376.8262 447.3841
376.8119 447.3823
376.8288 447.3765
376.8268 447.3825
376.7982 447.3877
376.805 447.3817
376.8236 447.38
376.7897 447.3744
376.818 447.3872
376.8236 447.3766
376.8167 447.3709
376.8376 447.3722
376.8444 447.3421
376.833 447.3652
376.8119 447.3799
376.821 447.3727
376.82 447.3698
376.8086 447.3512
376.8278 447.3506
376.8268 447.3649
376.7822 447.38
376.8174 447.3649
376.7975 447.3625
376.8096 447.3621
376.8346 447.3665
376.7962 447.3579
376.7933 447.3672
376.776 447.3828
376.7858 447.3753
376.7787 447.3688
376.7559 447.3605
376.7721 447.3587
376.8031 447.3742
376.8119 447.363
376.8092 447.3535
376.8154 447.3661
376.8545 447.3726
376.8232 447.3659
376.8014 447.3656
376.8164 447.3779
376.846 447.3843
376.8604 447.3716
376.8542 447.374
376.8795 447.3862
376.8499 447.3835
376.8522 447.3997
376.8285 447.4183
376.8242 447.4059
376.7858 447.3963
376.7985 447.3905
376.7858 447.3827
376.7552 447.4011
376.7236 447.4012
376.7246 447.4144
376.7295 447.4129
376.7471 447.4146
376.7487 447.4041
376.7409 447.4233
376.7545 447.4121
376.7292 447.4123
376.7594 447.4061
376.7588 447.4033
376.7578 447.38
376.7578 447.3908
376.7464 447.3976
376.7878 447.3919
376.7826 447.3971
376.7686 447.3976
376.7891 447.3955
376.7725 447.4038
376.7744 447.3833
376.7985 447.3846
376.7845 447.3883
376.7982 447.377
376.7865 447.3877
376.7793 447.3784
376.7549 447.3784
376.8154 447.3923
376.8278 447.3799
376.8232 447.3752
376.8154 447.3777
376.8297 447.388
376.8366 447.383
376.7936 447.3797
376.8294 447.3908
376.819 447.3833
376.8193 447.3973
376.8503 447.3825
376.8363 447.3954
376.8246 447.386
376.8307 447.3709
376.82 447.3822
376.849 447.3721
376.8197 447.3781
376.8083 447.369
376.7975 447.3604
376.7975 447.3503
376.8158 447.3694
376.8285 447.3499
376.8024 447.3579
376.8297 447.3522
376.7982 447.3494
376.7845 447.3463
376.8389 447.3573
376.8278 447.3457
376.8366 447.3481
376.8333 447.3376
376.8376 447.3385
376.8509 447.3467
376.8457 447.3574
376.8382 447.3576
376.8789 447.3289
376.8656 447.3465
376.8555 447.3406
376.8389 447.3358
376.8818 447.3447
376.8463 447.3459
376.8584 447.3359
376.8389 447.3428
376.8219 447.3395
376.8112 447.3517
376.8532 447.3449
376.8145 447.3578
376.8356 447.3442
376.8301 447.3595
376.8275 447.3617
376.8174 447.3701
376.8275 447.3618
376.8594 447.3595
376.8382 447.354
376.8564 447.3576
376.8454 447.3376
376.8395 447.3315
376.8262 447.3306
376.808 447.3484
376.8122 447.3504
376.8089 447.3529
376.8307 447.3484
376.8151 447.3348
376.8258 447.333
376.8275 447.341
376.8643 447.335
376.8623 447.3306
376.8418 447.3423
376.8535 447.3276
376.8818 447.3351
376.8636 447.3475
376.8578 447.3311
376.8594 447.3504
376.8682 447.3532
376.8558 447.3517
376.8578 447.3573
376.8187 447.3439
376.8473 447.3516
376.8659 447.3475
376.8311 447.3517
376.8131 447.3522
376.8122 447.3529
376.7884 447.3553
376.9085 447.3678
376.9186 447.3625
376.9108 447.3594
376.9287 447.3612
376.8883 447.3758
376.9128 447.3771
376.9395 447.3685
376.9372 447.4032
376.8955 447.4108
376.9352 447.3947
376.8958 447.403
376.9082 447.403
376.9199 447.3989
376.9251 447.4035
376.9277 447.4007
376.918 447.4027
376.9141 447.3805
376.943 447.4051
376.9466 447.3845
376.9626 447.3892
376.9404 447.3776
376.9193 447.3678
376.8929 447.39
376.8851 447.3928
376.8779 447.3976
376.8861 447.3931
376.8795 447.3991
376.8555 447.4063
376.8594 447.3955
376.8499 447.4072
376.8493 447.3875
376.8398 447.4009
376.8177 447.4014
376.8249 447.3898
376.7979 447.3961
376.8125 447.4033
376.7878 447.382
376.8197 447.3677
376.8154 447.3592
376.8372 447.3708
376.8304 447.3687
376.804 447.3815
376.7959 447.383
376.7949 447.3905
376.7865 447.383
376.7917 447.4043
376.8206 447.3901
376.8119 447.3802
376.821 447.4025
376.8691 447.3779
376.8532 447.3857
376.8795 447.3833
376.8581 447.4138
376.8717 447.3937
376.8639 447.3898
376.8197 447.3856
376.8047 447.3905
376.8063 447.3931
376.8073 447.3961
376.7816 447.3914
376.8086 447.3763
376.8138 447.3795
376.8187 447.3845
376.8014 447.3989
376.8151 447.411
376.804 447.4138
376.7956 447.4199
376.752 447.4159
376.7692 447.41
376.7868 447.3965
376.7891 447.4027
376.8154 447.3971
376.8451 447.3883
376.8431 447.389
376.835 447.3836
376.8574 447.363
376.8141 447.363
376.8125 447.3545
376.8187 447.354
376.8509 447.3441
376.8529 447.3504
376.8304 447.3673
376.8477 447.3569
376.8327 447.3807
376.8522 447.3677
376.832 447.353
376.8004 447.3546
376.8089 447.3589
376.8412 447.3514
376.8281 447.3428
376.8483 447.3297
376.862 447.3454
376.8776 447.3426
376.8672 447.3514
376.8662 447.3699
376.8594 447.3524
376.8493 447.3534
376.8463 447.3478
376.8366 447.3553
376.8281 447.3514
376.8389 447.3631
376.8184 447.3621
376.8206 447.3683
376.8086 447.3908
376.8262 447.3761
376.8431 447.3854
376.8366 447.3755
376.8646 447.3774
376.8604 447.3898
376.8262 447.3918
376.8438 447.4097
376.8307 447.3926
376.8285 447.3776
376.8223 447.382
376.805 447.3768
376.8415 447.3688
376.8151 447.373
376.8389 447.3713
376.7988 447.397
376.8034 447.3747
376.8076 447.3921
376.7917 447.3906
376.7617 447.3719
376.8145 447.3835
376.7728 447.3994
376.7871 447.3966
376.7881 447.4007
376.7715 447.4056
376.7959 447.4011
376.7871 447.4077
376.777 447.3971
376.7692 447.3807
376.7777 447.4012
376.807 447.3862
376.7936 447.396
376.7633 447.3966
376.7617 447.3869
376.7591 447.3721
376.7881 447.3854
376.7878 447.3633
376.8232 447.3867
376.8262 447.3841
376.8119 447.3823
376.8288 447.3765
376.8268 447.3825
376.7982 447.3877
376.805 447.3817
376.8236 447.38
376.7897 447.3744
376.818 447.3872
376.8236 447.3766
376.8167 447.3709
376.8376 447.3722
376.8444 447.3421
376.833 447.3652
376.8119 447.3799
376.821 447.3727
376.82 447.3698
376.8086 447.3512
376.8278 447.3506
376.8268 447.3649
376.7822 447.38
376.8174 447.3649
376.7975 447.3625
376.8096 447.3621
376.8346 447.3665
376.7962 447.3579
376.7933 447.3672
376.776 447.3828
376.7858 447.3753
376.7787 447.3688
376.7559 447.3605
376.7721 447.3587
376.8031 447.3742
376.8119 447.363
376.8092 447.3535
376.8154 447.3661
376.8545 447.3726
376.8232 447.3659
376.8014 447.3656
376.8164 447.3779
376.846 447.3843
376.8604 447.3716
376.8542 447.374
376.8795 447.3862
376.8499 447.3835
376.8522 447.3997
376.8285 447.4183
376.8242 447.4059
376.7858 447.3963
376.7985 447.3905
376.7858 447.3827
376.7552 447.4011
376.7236 447.4012
376.7246 447.4144
376.7295 447.4129
376.7471 447.4146
376.7487 447.4041
376.7409 447.4233
376.7545 447.4121
376.7292 447.4123
376.7594 447.4061
376.7588 447.4033
376.7578 447.38
376.7578 447.3908
376.7464 447.3976
376.7878 447.3919
376.7826 447.3971
376.7686 447.3976
376.7891 447.3955
376.7725 447.4038
376.7744 447.3833
376.7985 447.3846
376.7845 447.3883
376.7982 447.377
376.7865 447.3877
376.7793 447.3784
376.7549 447.3784
376.8154 447.3923
376.8278 447.3799
376.8232 447.3752
376.8154 447.3777
376.8297 447.388
376.8366 447.383
376.7936 447.3797
376.8294 447.3908
376.819 447.3833
376.8193 447.3973
376.8503 447.3825
376.8363 447.3954
376.8246 447.386
376.8307 447.3709
376.82 447.3822
376.849 447.3721
376.8197 447.3781
376.8083 447.369
376.7975 447.3604
376.7975 447.3503
376.8158 447.3694
376.8285 447.3499
376.8024 447.3579
376.8297 447.3522
376.7982 447.3494
376.7845 447.3463
376.8389 447.3573
376.8278 447.3457
376.8366 447.3481
376.8333 447.3376
376.8376 447.3385
376.8509 447.3467
376.8457 447.3574
376.8382 447.3576
376.8789 447.3289
376.8656 447.3465
376.8555 447.3406
376.8389 447.3358
376.8818 447.3447
376.8463 447.3459
376.8584 447.3359
376.8389 447.3428
376.8219 447.3395
376.8112 447.3517
376.8532 447.3449
376.8145 447.3578
376.8356 447.3442
376.8301 447.3595
376.8275 447.3617
376.8174 447.3701
376.8275 447.3618
376.8594 447.3595
376.8382 447.354
376.8564 447.3576
376.8454 447.3376
376.8395 447.3315
376.8262 447.3306
376.808 447.3484
376.8122 447.3504
376.8089 447.3529
376.8307 447.3484
376.8151 447.3348
376.8258 447.333
376.8275 447.341
376.8643 447.335
376.8623 447.3306
376.8418 447.3423
376.8535 447.3276
376.8818 447.3351
376.8636 447.3475
376.8578 447.3311
376.8594 447.3504
376.8682 447.3532
376.8558 447.3517
376.8578 447.3573
376.8187 447.3439
376.8473 447.3516
376.8659 447.3475
376.8311 447.3517
376.8131 447.3522
376.8122 447.3529
376.7884 447.3553
376.8119 447.3418
376.7643 447.3693
376.7728 447.3675
376.7318 447.3656
376.7835 447.3718
376.765 447.367
376.7682 447.3677
376.7686 447.3765
376.75 447.3661
376.7705 447.3687
376.7741 447.3677
376.7939 447.3791
376.7731 447.3667
376.7643 447.3618
376.7744 447.3623
376.7669 447.3646
376.7878 447.3595
376.7721 447.3542
376.7848 447.368
376.792 447.356
376.8151 447.3507
376.8083 447.3387
376.817 447.3267
376.8151 447.3413
376.8021 447.3457
376.8242 447.3405
376.8216 447.3452
376.8057 447.3327
376.8376 447.3312
376.8294 447.3288
376.8363 447.3276
376.8304 447.3153
376.8363 447.3141
376.8089 447.3184
376.8105 447.3109
376.805 447.3159
376.8278 447.3163
376.8086 447.3154
376.8092 447.3153
376.7962 447.3105
376.8307 447.2977
376.8301 447.3001
376.8392 447.3068
376.819 447.3054
376.8076 447.3107
376.8027 447.3167
376.8027 447.3244
376.8343 447.291
376.7891 447.3244
376.807 447.3301
376.7995 447.3359
376.7842 447.3467
376.7936 447.328
376.8174 447.3408
376.8164 447.338
376.8483 447.3406
376.8424 447.3449
376.8265 447.3473
376.821 447.3429
376.8151 447.3398
376.8158 447.3537
376.8141 447.3468
376.8197 447.3345
376.7852 447.3376
376.862 447.3486
376.8402 447.3426
376.8301 447.3535
376.8239 447.3605
376.8226 447.3748
376.8109 447.3667
376.805 447.3771
376.8392 447.3747
376.8304 447.3722
376.8226 447.3701
376.8477 447.3784
376.8587 447.3758
376.8294 447.3745
376.8398 447.3662
376.8376 447.3781
376.8379 447.3665
376.8499 447.3727
376.8174 447.3854
376.8027 447.3745
376.7962 447.3797
376.8154 447.3919
376.8239 447.3924
376.833 447.389
376.817 447.4105
376.8037 447.4002
376.834 447.3961
376.8112 447.402
376.7972 447.3983
376.8021 447.4035
376.7865 447.4009
376.8014 447.4268
376.7676 447.4063
376.8112 447.4111
376.7845 447.4015
376.764 447.4139
376.7858 447.4204
376.7904 447.4222
376.7878 447.4198
376.7741 447.425
376.7754 447.418
376.7917 447.4191
376.7943 447.4186
376.7718 447.4398
376.8083 447.4108
376.8014 447.4221
376.7852 447.4193
376.8014 447.407
376.8008 447.4188
376.8122 447.4035
376.7959 447.4176
376.7767 447.4123
376.7917 447.417
376.8184 447.4203
376.7917 447.4333
376.7669 447.4315
376.7881 447.436
376.8047 447.4245
376.8105 447.4285
376.8177 447.4363
376.8441 447.4313
376.8317 447.4312
376.8447 447.4325
376.8428 447.4336
376.8105 447.4359
376.818 447.4323
376.8193 447.4411
376.82 447.4414
376.8382 447.4287
376.8617 447.4129
376.8499 447.4128
376.8542 447.4188
376.8724 447.4088
376.832 447.4178
376.8685 447.4118
376.8392 447.3885
376.8092 447.3896
376.8027 447.3947
376.8294 447.4037
376.8252 447.3983
376.7858 447.4059
376.8004 447.4066
376.7926 447.4168
376.7809 447.4147
376.792 447.4077
376.8105 447.4041
376.7741 447.3929
376.7793 447.409
376.7829 447.4115
376.7711 447.4002
376.7721 447.4004
376.7796 447.3965
376.7806 447.4002
376.7731 447.3996
376.7757 447.4007
376.7604 447.3887
376.764 447.4132
376.7542 447.4108
376.7565 447.4084
376.7549 447.4093
376.7689 447.409
376.7679 447.3924
376.7728 447.4098
376.763 447.3975
376.7438 447.3955
376.7773 447.4023
376.7621 447.4006
376.7663 447.3976
376.7744 447.4025
376.7565 447.4032
376.7914 447.3903
376.7669 447.3973
376.7773 447.4043
376.7946 447.4103
376.7702 447.396
376.7982 447.4023
376.7953 447.4067
376.7842 447.4049
376.7988 447.3878
376.8324 447.3895
376.8076 447.3895
376.8197 447.3971
376.8174 447.4095
376.7998 447.4044
376.8151 447.3987
376.8262 447.3947
376.8421 447.4001
376.8561 447.402
376.846 447.3994
376.8438 447.4098
376.8447 447.4054
376.8434 447.4111
376.8392 447.4048
376.8158 447.4019
376.8278 447.4054
376.8141 447.4059
376.8027 447.4087
376.8402 447.4097
376.8428 447.4035
376.8197 447.4116
376.8737 447.3971
376.8558 447.3854
376.862 447.3975
376.8529 447.3984
376.8463 447.4077
376.8509 447.388
376.8529 447.3914
376.8574 447.4028
376.8242 447.4144
376.8571 447.4035
376.8297 447.4028
376.8659 447.41
376.8392 447.4056
376.8392 447.4229
376.8496 447.4015
376.8438 447.4147
376.8561 447.4183
376.8232 447.4033
376.7982 447.4087
376.808 447.4193
376.7822 447.4157
376.8122 447.4084
376.793 447.4014
376.7845 447.402
376.8034 447.3978
376.8412 447.3983
376.8398 447.4004
376.8359 447.3848
376.8457 447.395
376.8346 447.3792
376.8639 447.3966
376.8447 447.3931
376.8356 447.3856
376.8119 447.3854
376.847 447.3802
376.8678 447.3875
376.8529 447.3882
376.8724 447.3966
376.8604 447.3939
376.8555 447.3914
376.8613 447.4038
376.8633 447.3976
376.8835 447.3926
376.8678 447.403
376.8799 447.3983
376.862 447.4023
376.8529 447.4067
376.8402 447.3932
376.8463 447.4053
376.8568 447.3997
376.8405 447.4171
376.847 447.4105
376.8512 447.3986
376.8288 447.3991
376.847 447.4115
376.8532 447.3952
376.8499 447.395
376.8246 447.3986
376.8408 447.3965
376.8219 447.4015
376.846 447.4113
376.8623 447.4056
376.8669 447.4054
376.8506 447.4098
376.8343 447.4181
376.8193 447.4061
376.8167 447.4012
376.8255 447.3896
376.8529 447.3866
376.8184 447.3898
376.7995 447.3937
376.8271 447.3916
376.835 447.3871
376.8454 447.3958
376.8412 447.4002
376.8343 447.3978
376.8219 447.3883
376.8711 447.3825
376.8477 447.3986
376.8705 447.4063
376.8789 447.4121
376.9102 447.4067
376.8945 447.408
376.8835 447.4049
376.8737 447.4009
376.9297 447.404
376.9063 447.3954
376.9108 447.4049
376.8949 447.4058
376.8607 447.4017
376.8682 447.411
376.902 447.4064
376.8473 447.4079
376.8662 447.4097
376.8516 447.4207
376.8574 447.4209
376.8512 447.432
376.8119 447.3418
376.7643 447.3693
376.7728 447.3675
376.7318 447.3656
376.7835 447.3718
376.765 447.367
376.7682 447.3677
376.7686 447.3765
376.75 447.3661
376.7705 447.3687
376.7741 447.3677
376.7939 447.3791
376.7731 447.3667
376.7643 447.3618
376.7744 447.3623
376.7669 447.3646
376.7878 447.3595
376.7721 447.3542
376.7848 447.368
376.792 447.356
376.8151 447.3507
376.8083 447.3387
376.817 447.3267
376.8151 447.3413
376.8021 447.3457
376.8242 447.3405
376.8216 447.3452
376.8057 447.3327
376.8376 447.3312
376.8294 447.3288
376.8363 447.3276
376.8304 447.3153
376.8363 447.3141
376.8089 447.3184
376.8105 447.3109
376.805 447.3159
376.8278 447.3163
376.8086 447.3154
376.8092 447.3153
376.7962 447.3105
376.8307 447.2977
376.8301 447.3001
376.8392 447.3068
376.819 447.3054
376.8076 447.3107
376.8027 447.3167
376.8027 447.3244
376.8343 447.291
376.7891 447.3244
376.807 447.3301
376.7995 447.3359
376.7842 447.3467
376.7936 447.328
376.8174 447.3408
376.8164 447.338
376.8483 447.3406
376.8424 447.3449
376.8265 447.3473
376.821 447.3429
376.8151 447.3398
376.8158 447.3537
376.8141 447.3468
376.8197 447.3345
376.7852 447.3376
376.862 447.3486
376.8402 447.3426
376.8301 447.3535
376.8239 447.3605
376.8226 447.3748
376.8109 447.3667
376.805 447.3771
376.8392 447.3747
376.8304 447.3722
376.8226 447.3701
376.8477 447.3784
376.8587 447.3758
376.8294 447.3745
376.8398 447.3662
376.8376 447.3781
376.8379 447.3665
376.8499 447.3727
376.8174 447.3854
376.8027 447.3745
376.7962 447.3797
376.8154 447.3919
376.8239 447.3924
376.833 447.389
376.817 447.4105
376.8037 447.4002
376.834 447.3961
376.8112 447.402
376.7972 447.3983
376.8021 447.4035
376.7865 447.4009
376.8014 447.4268
376.7676 447.4063
376.8112 447.4111
376.7845 447.4015
376.764 447.4139
376.7858 447.4204
376.7904 447.4222
376.7878 447.4198
376.7741 447.425
376.7754 447.418
376.7917 447.4191
376.7943 447.4186
376.7718 447.4398
376.8083 447.4108
376.8014 447.4221
376.7852 447.4193
376.8014 447.407
376.8008 447.4188
376.8122 447.4035
376.7959 447.4176
376.7767 447.4123
376.7917 447.417
376.8184 447.4203
376.7917 447.4333
376.7669 447.4315
376.7881 447.436
376.8047 447.4245
376.8105 447.4285
376.8177 447.4363
376.8441 447.4313
376.8317 447.4312
376.8447 447.4325
376.8428 447.4336
376.8105 447.4359
376.818 447.4323
376.8193 447.4411
376.82 447.4414
376.8382 447.4287
376.8617 447.4129
376.8499 447.4128
376.8542 447.4188
376.8724 447.4088
376.832 447.4178
376.8685 447.4118
376.8392 447.3885
376.8092 447.3896
376.8027 447.3947
376.8294 447.4037
376.8252 447.3983
376.7858 447.4059
376.8004 447.4066
376.7926 447.4168
376.7809 447.4147
376.792 447.4077
376.8105 447.4041
376.7741 447.3929
376.7793 447.409
376.7829 447.4115
376.7711 447.4002
376.7721 447.4004
376.7796 447.3965
376.7806 447.4002
376.7731 447.3996
376.7757 447.4007
376.7604 447.3887
376.764 447.4132
376.7542 447.4108
376.7565 447.4084
376.7549 447.4093
376.7689 447.409
376.7679 447.3924
376.7728 447.4098
376.763 447.3975
376.7438 447.3955
376.7773 447.4023
376.7621 447.4006
376.7663 447.3976
376.7744 447.4025
376.7565 447.4032
376.7914 447.3903
376.7669 447.3973
376.7773 447.4043
376.7946 447.4103
376.7702 447.396
376.7982 447.4023
376.7953 447.4067
376.7842 447.4049
376.7988 447.3878
376.8324 447.3895
376.8076 447.3895
376.8197 447.3971
376.8174 447.4095
376.7998 447.4044
376.8151 447.3987
376.8262 447.3947
376.8421 447.4001
376.8561 447.402
376.846 447.3994
376.8438 447.4098
376.8447 447.4054
376.8434 447.4111
376.8392 447.4048
376.8158 447.4019
376.8278 447.4054
376.8141 447.4059
376.8027 447.4087
376.8402 447.4097
376.8428 447.4035
376.8197 447.4116
376.8737 447.3971
376.8558 447.3854
376.862 447.3975
376.8529 447.3984
376.8463 447.4077
376.8509 447.388
376.8529 447.3914
376.8574 447.4028
376.8242 447.4144
376.8571 447.4035
376.8297 447.4028
376.8659 447.41
376.8392 447.4056
376.8392 447.4229
376.8496 447.4015
376.8438 447.4147
376.8561 447.4183
376.8232 447.4033
376.7982 447.4087
376.808 447.4193
376.7822 447.4157
376.8122 447.4084
376.793 447.4014
376.7845 447.402
376.8034 447.3978
376.8412 447.3983
376.8398 447.4004
376.8359 447.3848
376.8457 447.395
376.8346 447.3792
376.8639 447.3966
376.8447 447.3931
376.8356 447.3856
376.8119 447.3854
376.847 447.3802
376.8678 447.3875
376.8529 447.3882
376.8724 447.3966
376.8604 447.3939
376.8555 447.3914
376.8613 447.4038
376.8633 447.3976
376.8835 447.3926
376.8678 447.403
376.8799 447.3983
376.862 447.4023
376.8529 447.4067
376.8402 447.3932
376.8463 447.4053
376.8568 447.3997
376.8405 447.4171
376.847 447.4105
376.8512 447.3986
376.8288 447.3991
376.847 447.4115
376.8532 447.3952
376.8499 447.395
376.8246 447.3986
376.8408 447.3965
376.8219 447.4015
376.846 447.4113
376.8623 447.4056
376.8669 447.4054
376.8506 447.4098
376.8343 447.4181
376.8193 447.4061
376.8167 447.4012
376.8255 447.3896
376.8529 447.3866
376.8184 447.3898
376.7995 447.3937
376.8271 447.3916
376.835 447.3871
376.8454 447.3958
376.8412 447.4002
376.8343 447.3978
376.8219 447.3883
376.8711 447.3825
376.8477 447.3986
376.8705 447.4063
376.8789 447.4121
376.9102 447.4067
376.8945 447.408
376.8835 447.4049
376.8737 447.4009
376.9297 447.404
376.9063 447.3954
376.9108 447.4049
376.8949 447.4058
376.8607 447.4017
376.8682 447.411
376.902 447.4064
376.8473 447.4079
376.8662 447.4097
376.8516 447.4207
376.8574 447.4209
376.8512 447.432
