1920 480
2040.307 482.9012
2040.448 482.9316
2040.447 482.9135
2040.416 482.9284
2040.469 482.8995
2040.415 482.9145
2040.383 482.8648
2040.353 482.8794
2040.377 482.8605
2040.337 482.8593
2040.335 482.8818
2040.278 482.8685
2040.304 482.8796
2040.291 482.8861
2040.313 482.889
2040.305 482.9127
2040.303 482.8956
2040.312 482.9047
2040.311 482.9002
2040.38 482.9113
2040.345 482.909
2040.338 482.9109
2040.37 482.9016
2040.332 482.9037
2040.342 482.8861
2040.339 482.9019
2040.331 482.899
2040.304 482.9144
2040.214 482.9144
2040.307 482.9198
2040.396 482.9576
2040.361 482.9377
2040.382 482.9747
2040.354 482.9216
2040.338 482.8568
2040.305 482.9059
2040.28 482.9095
2040.308 482.906
2040.294 482.9001
2040.248 482.8804
2040.284 482.9191
2040.318 482.9553
2040.3 482.9331
2040.266 482.9185
2040.332 482.9445
2040.249 482.9478
2040.28 482.9118
2040.186 482.937
2040.283 482.919
2040.236 482.9521
2040.254 482.9729
2040.223 482.9206
2040.252 482.9328
2040.265 482.9711
2040.279 483.021
2040.303 483.0108
2040.345 482.9532
2040.281 482.9558
2040.326 482.9463
2040.209 482.9828
2040.296 482.9871
2040.23 482.9632
2040.155 483.0145
2040.252 482.9687
2040.231 482.988
2040.147 483.0055
2040.227 482.994
2040.288 482.9847
2040.302 482.9858
2040.316 482.987
2040.252 482.9829
2040.244 482.9894
2040.287 482.9755
2040.204 483.0102
2040.2 483.0161
2040.278 482.9843
2040.217 482.9709
2040.234 482.9828
2040.247 482.9694
2040.273 482.9988
2040.323 482.9516
2040.266 482.993
2040.216 482.9568
2040.19 482.9593
2040.251 482.9496
2040.183 482.9583
2040.264 482.9515
2040.272 482.9509
2040.211 482.9578
2040.23 482.9181
2040.265 482.9474
2040.191 482.9355
2040.28 482.9375
2040.288 482.9361
2040.211 482.9383
2040.255 482.9059
2040.281 482.9319
2040.208 482.9525
2040.257 482.9037
2040.225 482.9404
2040.327 482.9081
2040.295 482.9386
2040.258 482.942
2040.203 482.9793
2040.24 482.9449
2040.222 482.9006
2040.23 482.9374
2040.307 482.9568
2040.286 482.9455
2040.262 482.9536
2040.337 482.9447
2040.317 482.9758
2040.357 482.9781
2040.434 483.0072
2040.372 482.9692
2040.354 483.0256
2040.4 483.0255
2040.426 482.9977
2040.474 482.9804
2040.412 482.9949
2040.436 482.9941
2040.45 482.9871
2040.455 482.9995
2040.385 482.994
2040.458 482.9875
2040.468 482.9857
2040.502 482.9555
2040.412 483.0194
2040.402 483.0356
2040.445 483.0243
2040.354 483.0311
2040.471 483.003
2040.464 482.9955
2040.433 483.0199
2040.391 482.9995
2040.377 482.9702
2040.373 482.9863
2040.317 482.9762
2040.437 482.9758
2040.328 482.9809
2040.353 482.9847
2040.316 483.0084
2040.262 483.0246
2040.359 482.9732
2040.34 482.9873
2040.316 482.9535
2040.408 483.0025
2040.352 483.0089
2040.319 483.0018
2040.28 483.0178
2040.351 483.0023
2040.318 483.0221
2040.318 483.0007
2040.249 483.0226
2040.229 483.03
2040.252 482.9721
2040.246 482.9632
2040.206 482.9455
2040.299 482.9589
2040.323 482.9828
2040.284 482.984
2040.268 482.9441
2040.272 482.918
2040.213 482.9218
2040.18 482.9926
2040.2 482.9783
2040.234 482.9795
2040.224 482.9809
2040.241 482.9323
2040.188 482.9558
2040.154 482.968
2040.183 482.9445
2040.193 482.9579
2040.172 482.9321
2040.182 482.9264
2040.121 482.9568
2040.07 482.9568
2040.211 482.9192
2040.133 482.936
2040.172 482.9167
2040.12 482.9166
2040.121 482.9247
2040.148 482.9327
2040.162 482.9174
2040.166 482.9425
2040.17 482.9606
2040.219 482.8981
2040.135 482.8917
2040.214 482.8801
2040.152 482.9107
2040.207 482.8975
2040.161 482.8581
2040.152 482.8616
2040.242 482.8402
2040.196 482.8438
2040.232 482.847
2040.198 482.8202
2040.28 482.837
2040.235 482.8396
2040.281 482.8391
2040.273 482.8373
2040.164 482.8658
2040.196 482.8291
2040.284 482.8158
2040.242 482.8207
2040.213 482.832
2040.262 482.8413
2040.178 482.8103
2040.217 482.8255
2040.223 482.8455
2040.207 482.8448
2040.23 482.7975
2040.129 482.8092
2040.167 482.8401
2040.256 482.8031
2040.22 482.8211
2040.234 482.8148
2040.26 482.8227
2040.228 482.8171
2040.217 482.7804
2040.261 482.7855
2040.28 482.8304
2040.234 482.7903
2040.227 482.7855
2040.256 482.7909
2040.278 482.836
2040.27 482.832
2040.378 482.8225
2040.363 482.7863
2040.291 482.7953
2040.329 482.7871
2040.332 482.8591
2040.319 482.813
2040.297 482.8396
2040.334 482.827
2040.293 482.8384
2040.281 482.8381
2040.371 482.8378
2040.303 482.8527
2040.326 482.8614
2040.35 482.8466
2040.339 482.8962
2040.316 482.915
2040.337 482.9058
2040.328 482.8615
2040.378 482.8969
2040.337 482.8919
2040.335 482.8695
2040.359 482.8864
2040.391 482.8633
2040.393 482.8784
2040.42 482.9062
2040.42 482.9137
2040.363 482.9005
2040.354 482.9101
2040.35 482.8851
2040.396 482.9161
2040.419 482.8797
2040.399 482.9077
2040.43 482.8988
2040.453 482.892
2040.455 482.8997
2040.477 482.9298
2040.515 482.8906
2040.447 482.9347
2040.456 482.922
2040.433 482.9335
2040.44 482.8933
2040.478 482.8793
2040.344 482.9131
2040.476 482.8768
2040.411 482.9063
2040.349 482.9023
2040.395 482.9125
2040.378 482.9016
2040.346 482.9358
2040.353 482.9189
2040.367 482.8657
2040.323 482.898
2040.367 482.9203
2040.341 482.9029
2040.332 482.9156
2040.356 482.9295
2040.395 482.8768
2040.404 482.8796
2040.348 482.8673
2040.317 482.8795
2040.395 482.8912
2040.357 482.8979
2040.351 482.8802
2040.286 482.8958
2040.287 482.9177
2040.258 482.9224
2040.242 482.9281
2040.224 482.9341
2040.268 482.8896
2040.199 482.9184
2040.324 482.9052
2040.232 482.8846
1920 480
2040.307 482.9012
2040.448 482.9316
2040.447 482.9135
2040.416 482.9284
2040.469 482.8995
2040.415 482.9145
2040.383 482.8648
2040.353 482.8794
2040.377 482.8605
2040.337 482.8593
2040.335 482.8818
2040.278 482.8685
2040.304 482.8796
2040.291 482.8861
2040.313 482.889
2040.305 482.9127
2040.303 482.8956
2040.312 482.9047
2040.311 482.9002
2040.38 482.9113
2040.345 482.909
2040.338 482.9109
2040.37 482.9016
2040.332 482.9037
2040.342 482.8861
2040.339 482.9019
2040.331 482.899
2040.304 482.9144
2040.214 482.9144
2040.307 482.9198
2040.396 482.9576
2040.361 482.9377
2040.382 482.9747
2040.354 482.9216
2040.338 482.8568
2040.305 482.9059
2040.28 482.9095
2040.308 482.906
2040.294 482.9001
2040.248 482.8804
2040.284 482.9191
2040.318 482.9553
2040.3 482.9331
2040.266 482.9185
2040.332 482.9445
2040.249 482.9478
2040.28 482.9118
2040.186 482.937
2040.283 482.919
2040.236 482.9521
2040.254 482.9729
2040.223 482.9206
2040.252 482.9328
2040.265 482.9711
2040.279 483.021
2040.303 483.0108
2040.345 482.9532
2040.281 482.9558
2040.326 482.9463
2040.209 482.9828
2040.296 482.9871
2040.23 482.9632
2040.155 483.0145
2040.252 482.9687
2040.231 482.988
2040.147 483.0055
2040.227 482.994
2040.288 482.9847
2040.302 482.9858
2040.316 482.987
2040.252 482.9829
2040.244 482.9894
2040.287 482.9755
2040.204 483.0102
2040.2 483.0161
2040.278 482.9843
2040.217 482.9709
2040.234 482.9828
2040.247 482.9694
2040.273 482.9988
2040.323 482.9516
2040.266 482.993
2040.216 482.9568
2040.19 482.9593
2040.251 482.9496
2040.183 482.9583
2040.264 482.9515
2040.272 482.9509
2040.211 482.9578
2040.23 482.9181
2040.265 482.9474
2040.191 482.9355
2040.28 482.9375
2040.288 482.9361
2040.211 482.9383
2040.255 482.9059
2040.281 482.9319
2040.208 482.9525
2040.257 482.9037
2040.225 482.9404
2040.327 482.9081
2040.295 482.9386
2040.258 482.942
2040.203 482.9793
2040.24 482.9449
2040.222 482.9006
2040.23 482.9374
2040.307 482.9568
2040.286 482.9455
2040.262 482.9536
2040.337 482.9447
2040.317 482.9758
2040.357 482.9781
2040.434 483.0072
2040.372 482.9692
2040.354 483.0256
2040.4 483.0255
2040.426 482.9977
2040.474 482.9804
2040.412 482.9949
2040.436 482.9941
2040.45 482.9871
2040.455 482.9995
2040.385 482.994
2040.458 482.9875
2040.468 482.9857
2040.502 482.9555
2040.412 483.0194
2040.402 483.0356
2040.445 483.0243
2040.354 483.0311
2040.471 483.003
2040.464 482.9955
2040.433 483.0199
2040.391 482.9995
2040.377 482.9702
2040.373 482.9863
2040.317 482.9762
2040.437 482.9758
2040.328 482.9809
2040.353 482.9847
2040.316 483.0084
2040.262 483.0246
2040.359 482.9732
2040.34 482.9873
2040.316 482.9535
2040.408 483.0025
2040.352 483.0089
2040.319 483.0018
2040.28 483.0178
2040.351 483.0023
2040.318 483.0221
2040.318 483.0007
2040.249 483.0226
2040.229 483.03
2040.252 482.9721
2040.246 482.9632
2040.206 482.9455
2040.299 482.9589
2040.323 482.9828
2040.284 482.984
2040.268 482.9441
2040.272 482.918
2040.213 482.9218
2040.18 482.9926
2040.2 482.9783
2040.234 482.9795
2040.224 482.9809
2040.241 482.9323
2040.188 482.9558
2040.154 482.968
2040.183 482.9445
2040.193 482.9579
2040.172 482.9321
2040.182 482.9264
2040.121 482.9568
2040.07 482.9568
2040.211 482.9192
2040.133 482.936
2040.172 482.9167
2040.12 482.9166
2040.121 482.9247
2040.148 482.9327
2040.162 482.9174
2040.166 482.9425
2040.17 482.9606
2040.219 482.8981
2040.135 482.8917
2040.214 482.8801
2040.152 482.9107
2040.207 482.8975
2040.161 482.8581
2040.152 482.8616
2040.242 482.8402
2040.196 482.8438
2040.232 482.847
2040.198 482.8202
2040.28 482.837
2040.235 482.8396
2040.281 482.8391
2040.273 482.8373
2040.164 482.8658
2040.196 482.8291
2040.284 482.8158
2040.242 482.8207
2040.213 482.832
2040.262 482.8413
2040.178 482.8103
2040.217 482.8255
2040.223 482.8455
2040.207 482.8448
2040.23 482.7975
2040.129 482.8092
2040.167 482.8401
2040.256 482.8031
2040.22 482.8211
2040.234 482.8148
2040.26 482.8227
2040.228 482.8171
2040.217 482.7804
2040.261 482.7855
2040.28 482.8304
2040.234 482.7903
2040.227 482.7855
2040.256 482.7909
2040.278 482.836
2040.27 482.832
2040.378 482.8225
2040.363 482.7863
2040.291 482.7953
2040.329 482.7871
2040.332 482.8591
2040.319 482.813
2040.297 482.8396
2040.334 482.827
2040.293 482.8384
2040.281 482.8381
2040.371 482.8378
2040.303 482.8527
2040.326 482.8614
2040.35 482.8466
2040.339 482.8962
2040.316 482.915
2040.337 482.9058
2040.328 482.8615
2040.378 482.8969
2040.337 482.8919
2040.335 482.8695
2040.359 482.8864
2040.391 482.8633
2040.393 482.8784
2040.42 482.9062
2040.42 482.9137
2040.363 482.9005
2040.354 482.9101
2040.35 482.8851
2040.396 482.9161
2040.419 482.8797
2040.399 482.9077
2040.43 482.8988
2040.453 482.892
2040.455 482.8997
2040.477 482.9298
2040.515 482.8906
2040.447 482.9347
2040.456 482.922
2040.433 482.9335
2040.44 482.8933
2040.478 482.8793
2040.344 482.9131
2040.476 482.8768
2040.411 482.9063
2040.349 482.9023
2040.395 482.9125
2040.378 482.9016
2040.346 482.9358
2040.353 482.9189
2040.367 482.8657
2040.323 482.898
2040.367 482.9203
2040.341 482.9029
2040.332 482.9156
2040.356 482.9295
2040.395 482.8768
2040.404 482.8796
2040.348 482.8673
2040.317 482.8795
2040.395 482.8912
2040.357 482.8979
2040.351 482.8802
2040.286 482.8958
2040.287 482.9177
2040.258 482.9224
2040.242 482.9281
2040.224 482.9341
2040.268 482.8896
2040.199 482.9184
2040.324 482.9052
2040.232 482.8846
2040.258 482.8818
2040.245 482.8852
2040.303 482.9283
2040.264 482.9255
2040.299 482.8932
2040.339 482.9298
2040.307 482.927
2040.32 482.9232
2040.321 482.9453
2040.325 482.9514
2040.329 482.9569
2040.299 482.8928
2040.3 482.9199
2040.277 482.8991
2040.278 482.9225
2040.314 482.9019
2040.276 482.8788
2040.25 482.9063
2040.269 482.9288
2040.301 482.9203
2040.312 482.9348
2040.401 482.8877
2040.309 482.9095
2040.337 482.9094
2040.345 482.9054
2040.314 482.9046
2040.307 482.9071
2040.246 482.8931
2040.291 482.8938
2040.248 482.8827
2040.303 482.8791
2040.32 482.9035
2040.371 482.9038
2040.318 482.89
2040.295 482.9073
2040.365 482.8821
2040.3 482.8681
2040.31 482.8829
2040.305 482.8725
2040.302 482.8776
2040.357 482.9051
2040.329 482.8772
2040.35 482.8839
2040.308 482.8747
2040.383 482.8878
2040.318 482.9019
2040.342 482.9006
2040.383 482.9059
2040.305 482.911
2040.217 482.9473
2040.308 482.9464
2040.359 482.9271
2040.332 482.8972
2040.322 482.8922
2040.352 482.9428
2040.327 482.908
2040.343 482.8992
2040.278 482.9228
2040.301 482.915
2040.365 482.9316
2040.397 482.9272
2040.329 482.9237
2040.344 482.9327
2040.349 482.9281
2040.372 482.9381
2040.37 482.9195
2040.379 482.928
2040.341 482.9593
2040.311 482.9693
2040.292 482.9505
2040.323 482.9347
2040.322 482.9305
2040.342 482.9738
2040.316 482.9655
2040.253 482.9764
2040.309 482.9857
2040.308 482.9382
2040.287 482.9229
2040.198 482.9908
2040.248 482.9749
2040.261 483.0087
2040.233 482.9799
2040.245 482.972
2040.267 482.9522
2040.284 482.9474
2040.271 482.9108
2040.338 482.9643
2040.246 482.9581
2040.349 482.9558
2040.261 482.955
2040.318 482.9541
2040.285 482.9417
2040.293 482.9516
2040.27 482.9644
2040.297 482.9462
2040.232 482.9256
2040.279 482.9311
2040.288 482.9186
2040.278 482.9377
2040.317 482.9109
2040.333 482.9256
2040.321 482.8985
2040.243 482.9156
2040.237 482.9194
2040.275 482.8965
2040.261 482.9124
2040.211 482.919
2040.236 482.8895
2040.179 482.8947
2040.216 482.9184
2040.24 482.9258
2040.255 482.8961
2040.22 482.9135
2040.246 482.9087
2040.274 482.9175
2040.229 482.9011
2040.265 482.9388
2040.269 482.9273
2040.225 482.9168
2040.235 482.9066
2040.279 482.9049
2040.215 482.8999
2040.23 482.932
2040.208 482.8943
2040.191 482.8676
2040.233 482.8941
2040.202 482.8942
2040.263 482.867
2040.263 482.9021
2040.238 482.856
2040.236 482.8527
2040.268 482.8836
2040.269 482.8424
2040.251 482.8659
2040.285 482.8924
2040.255 482.8786
2040.261 482.8559
2040.267 482.8492
2040.234 482.8793
2040.232 482.8745
2040.201 482.8993
2040.274 482.9063
2040.243 482.9247
2040.264 482.8969
2040.278 482.8744
2040.251 482.8878
2040.212 482.8842
2040.223 482.8752
2040.254 482.8729
2040.204 482.8777
2040.204 482.8577
2040.239 482.8735
2040.222 482.86
2040.221 482.8547
2040.191 482.9008
2040.165 482.8954
2040.214 482.9073
2040.237 482.8726
2040.196 482.8577
2040.161 482.8865
2040.184 482.9165
2040.186 482.9058
2040.158 482.8723
2040.159 482.8824
2040.131 482.9046
2040.193 482.9042
2040.201 482.9077
2040.227 482.9078
2040.254 482.8954
2040.208 482.91
2040.259 482.8775
2040.172 482.8796
2040.221 482.9047
2040.208 482.9068
2040.208 482.9037
2040.18 482.8976
2040.194 482.9188
2040.206 482.9047
2040.211 482.888
2040.228 482.858
2040.143 482.9042
2040.165 482.8999
2040.197 482.9313
2040.216 482.9052
2040.208 482.9185
2040.197 482.932
2040.163 482.9199
2040.187 482.9084
2040.191 482.9244
2040.229 482.8956
2040.156 482.9307
2040.245 482.9027
2040.233 482.8928
2040.232 482.9194
2040.217 482.9225
2040.23 482.9071
2040.156 482.8963
2040.205 482.8911
2040.196 482.9191
2040.188 482.9146
2040.202 482.9176
2040.151 482.9245
2040.202 482.9034
2040.178 482.8997
2040.191 482.9249
2040.179 482.93
2040.172 482.932
2040.201 482.9257
2040.151 482.9259
2040.171 482.9236
2040.143 482.9088
2040.164 482.9028
2040.174 482.8894
2040.14 482.9209
2040.208 482.9211
2040.108 482.9305
2040.176 482.9079
2040.223 482.9245
2040.192 482.9213
2040.182 482.9013
2040.131 482.9239
2040.179 482.9185
2040.179 482.891
2040.146 482.9132
2040.175 482.9145
2040.202 482.9081
2040.285 482.9214
2040.219 482.8914
2040.263 482.8911
2040.158 482.9379
2040.171 482.9086
2040.194 482.9467
2040.175 482.9445
2040.128 482.9263
2040.197 482.9133
2040.175 482.9316
2040.245 482.9167
2040.244 482.9534
2040.22 482.9331
2040.2 482.942
2040.19 482.9406
2040.167 482.9079
2040.221 482.9395
2040.179 482.9369
2040.158 482.9114
2040.118 482.919
2040.099 482.9203
2040.173 482.9173
2040.172 482.9146
2040.194 482.9215
2040.172 482.8822
2040.198 482.907
2040.192 482.8945
2040.157 482.8708
2040.158 482.8954
2040.194 482.8692
2040.096 482.8833
2040.146 482.9011
2040.195 482.9166
2040.098 482.9181
2040.061 482.939
2040.135 482.9184
2040.171 482.8984
2040.112 482.8718
2040.134 482.8889
2040.089 482.9129
2040.101 482.917
2040.072 482.9185
2040.057 482.9294
2040.116 482.8995
2040.066 482.9089
2040.081 482.8991
2040.108 482.9339
2040.117 482.9377
2040.144 482.9251
2040.104 482.8893
2040.181 482.894
2040.155 482.9011
2040.105 482.936
2040.085 482.9453
2040.157 482.9099
2040.157 482.9477
2040.125 482.9366
2040.134 482.9479
2040.144 482.937
2040.085 482.9226
2040.094 482.9304
2040.068 482.8941
2040.143 482.8827
2040.11 482.8914
2040.155 482.9175
2040.095 482.8491
2040.13 482.907
2040.187 482.9217
2040.18 482.9042
2040.12 482.9142
2040.19 482.8918
2040.085 482.9077
2040.109 482.9165
2040.128 482.8939
2040.258 482.8818
2040.245 482.8852
2040.303 482.9283
2040.264 482.9255
2040.299 482.8932
2040.339 482.9298
2040.307 482.927
2040.32 482.9232
2040.321 482.9453
2040.325 482.9514
2040.329 482.9569
2040.299 482.8928
2040.3 482.9199
2040.277 482.8991
2040.278 482.9225
2040.314 482.9019
2040.276 482.8788
2040.25 482.9063
2040.269 482.9288
2040.301 482.9203
2040.312 482.9348
2040.401 482.8877
2040.309 482.9095
2040.337 482.9094
2040.345 482.9054
2040.314 482.9046
2040.307 482.9071
2040.246 482.8931
2040.291 482.8938
2040.248 482.8827
2040.303 482.8791
2040.32 482.9035
2040.371 482.9038
2040.318 482.89
2040.295 482.9073
2040.365 482.8821
2040.3 482.8681
2040.31 482.8829
2040.305 482.8725
2040.302 482.8776
2040.357 482.9051
2040.329 482.8772
2040.35 482.8839
2040.308 482.8747
2040.383 482.8878
2040.318 482.9019
2040.342 482.9006
2040.383 482.9059
2040.305 482.911
2040.217 482.9473
2040.308 482.9464
2040.359 482.9271
2040.332 482.8972
2040.322 482.8922
2040.352 482.9428
2040.327 482.908
2040.343 482.8992
2040.278 482.9228
2040.301 482.915
2040.365 482.9316
2040.397 482.9272
2040.329 482.9237
2040.344 482.9327
2040.349 482.9281
2040.372 482.9381
2040.37 482.9195
2040.379 482.928
2040.341 482.9593
2040.311 482.9693
2040.292 482.9505
2040.323 482.9347
2040.322 482.9305
2040.342 482.9738
2040.316 482.9655
2040.253 482.9764
2040.309 482.9857
2040.308 482.9382
2040.287 482.9229
2040.198 482.9908
2040.248 482.9749
2040.261 483.0087
2040.233 482.9799
2040.245 482.972
2040.267 482.9522
2040.284 482.9474
2040.271 482.9108
2040.338 482.9643
2040.246 482.9581
2040.349 482.9558
2040.261 482.955
2040.318 482.9541
2040.285 482.9417
2040.293 482.9516
2040.27 482.9644
2040.297 482.9462
2040.232 482.9256
2040.279 482.9311
2040.288 482.9186
2040.278 482.9377
2040.317 482.9109
2040.333 482.9256
2040.321 482.8985
2040.243 482.9156
2040.237 482.9194
2040.275 482.8965
2040.261 482.9124
2040.211 482.919
2040.236 482.8895
2040.179 482.8947
2040.216 482.9184
2040.24 482.9258
2040.255 482.8961
2040.22 482.9135
2040.246 482.9087
2040.274 482.9175
2040.229 482.9011
2040.265 482.9388
2040.269 482.9273
2040.225 482.9168
2040.235 482.9066
2040.279 482.9049
2040.215 482.8999
2040.23 482.932
2040.208 482.8943
2040.191 482.8676
2040.233 482.8941
2040.202 482.8942
2040.263 482.867
2040.263 482.9021
2040.238 482.856
2040.236 482.8527
2040.268 482.8836
2040.269 482.8424
2040.251 482.8659
2040.285 482.8924
2040.255 482.8786
2040.261 482.8559
2040.267 482.8492
2040.234 482.8793
2040.232 482.8745
2040.201 482.8993
2040.274 482.9063
2040.243 482.9247
2040.264 482.8969
2040.278 482.8744
2040.251 482.8878
2040.212 482.8842
2040.223 482.8752
2040.254 482.8729
2040.204 482.8777
2040.204 482.8577
2040.239 482.8735
2040.222 482.86
2040.221 482.8547
2040.191 482.9008
2040.165 482.8954
2040.214 482.9073
2040.237 482.8726
2040.196 482.8577
2040.161 482.8865
2040.184 482.9165
2040.186 482.9058
2040.158 482.8723
2040.159 482.8824
2040.131 482.9046
2040.193 482.9042
2040.201 482.9077
2040.227 482.9078
2040.254 482.8954
2040.208 482.91
2040.259 482.8775
2040.172 482.8796
2040.221 482.9047
2040.208 482.9068
2040.208 482.9037
2040.18 482.8976
2040.194 482.9188
2040.206 482.9047
2040.211 482.888
2040.228 482.858
2040.143 482.9042
2040.165 482.8999
2040.197 482.9313
2040.216 482.9052
2040.208 482.9185
2040.197 482.932
2040.163 482.9199
2040.187 482.9084
2040.191 482.9244
2040.229 482.8956
2040.156 482.9307
2040.245 482.9027
2040.233 482.8928
2040.232 482.9194
2040.217 482.9225
2040.23 482.9071
2040.156 482.8963
2040.205 482.8911
2040.196 482.9191
2040.188 482.9146
2040.202 482.9176
2040.151 482.9245
2040.202 482.9034
2040.178 482.8997
2040.191 482.9249
2040.179 482.93
2040.172 482.932
2040.201 482.9257
2040.151 482.9259
2040.171 482.9236
2040.143 482.9088
2040.164 482.9028
2040.174 482.8894
2040.14 482.9209
2040.208 482.9211
2040.108 482.9305
2040.176 482.9079
2040.223 482.9245
2040.192 482.9213
2040.182 482.9013
2040.131 482.9239
2040.179 482.9185
2040.179 482.891
2040.146 482.9132
2040.175 482.9145
2040.202 482.9081
2040.285 482.9214
2040.219 482.8914
2040.263 482.8911
2040.158 482.9379
2040.171 482.9086
2040.194 482.9467
2040.175 482.9445
2040.128 482.9263
2040.197 482.9133
2040.175 482.9316
2040.245 482.9167
2040.244 482.9534
2040.22 482.9331
2040.2 482.942
2040.19 482.9406
2040.167 482.9079
2040.221 482.9395
2040.179 482.9369
2040.158 482.9114
2040.118 482.919
2040.099 482.9203
2040.173 482.9173
2040.172 482.9146
2040.194 482.9215
2040.172 482.8822
2040.198 482.907
2040.192 482.8945
2040.157 482.8708
2040.158 482.8954
2040.194 482.8692
2040.096 482.8833
2040.146 482.9011
2040.195 482.9166
2040.098 482.9181
2040.061 482.939
2040.135 482.9184
2040.171 482.8984
2040.112 482.8718
2040.134 482.8889
2040.089 482.9129
2040.101 482.917
2040.072 482.9185
2040.057 482.9294
2040.116 482.8995
2040.066 482.9089
2040.081 482.8991
2040.108 482.9339
2040.117 482.9377
2040.144 482.9251
2040.104 482.8893
2040.181 482.894
2040.155 482.9011
2040.105 482.936
2040.085 482.9453
2040.157 482.9099
2040.157 482.9477
2040.125 482.9366
2040.134 482.9479
2040.144 482.937
2040.085 482.9226
2040.094 482.9304
2040.068 482.8941
2040.143 482.8827
2040.11 482.8914
2040.155 482.9175
2040.095 482.8491
2040.13 482.907
2040.187 482.9217
2040.18 482.9042
2040.12 482.9142
2040.19 482.8918
2040.085 482.9077
2040.109 482.9165
2040.128 482.8939
2040.167 482.9081
2040.175 482.8824
2040.268 482.8731
2040.203 482.8585
2040.151 482.8573
2040.125 482.8733
2040.156 482.913
2040.154 482.8658
2040.199 482.8609
2040.158 482.8772
2040.272 482.8338
2040.236 482.8551
2040.223 482.8471
2040.262 482.8759
2040.207 482.8621
2040.251 482.8676
2040.187 482.8667
2040.293 482.8696
2040.229 482.9132
2040.214 482.8852
2040.207 482.8835
2040.282 482.8521
2040.248 482.8766
2040.235 482.8818
2040.237 482.8811
2040.218 482.8776
2040.218 482.8866
2040.192 482.8956
2040.168 482.9424
2040.232 482.8916
2040.199 482.9106
2040.168 482.9129
2040.189 482.9226
2040.151 482.9331
2040.094 482.892
2040.143 482.8936
2040.149 482.8846
2040.152 482.897
2040.179 482.8987
2040.186 482.8829
2040.129 482.9007
2040.146 482.8607
2040.109 482.8928
2040.172 482.8514
2040.125 482.8443
2040.139 482.9021
2040.19 482.8716
2040.2 482.8687
2040.143 482.8838
2040.096 482.9182
2040.13 482.8736
2040.136 482.8769
2040.139 482.8551
2040.162 482.8714
2040.13 482.8647
2040.144 482.8647
2040.214 482.8808
2040.155 482.9107
2040.172 482.9082
2040.135 482.8928
2040.167 482.8965
2040.122 482.8769
2040.113 482.8837
2040.135 482.8707
2040.174 482.8888
2040.181 482.8745
2040.143 482.8611
2040.168 482.9047
2040.224 482.8967
2040.083 482.9266
2040.231 482.8975
2040.235 482.9171
2040.266 482.862
2040.186 482.8961
2040.159 482.9135
2040.218 482.9023
2040.225 482.9045
2040.184 482.9544
2040.153 482.9054
2040.186 482.9369
2040.19 482.8914
2040.195 482.9161
2040.242 482.9211
2040.186 482.9395
2040.22 482.8988
2040.207 482.9496
2040.149 482.9514
2040.255 482.9063
2040.194 482.8955
2040.216 482.9258
2040.277 482.9324
2040.309 482.8687
2040.269 482.9016
2040.198 482.9029
2040.271 482.9041
2040.229 482.9143
2040.251 482.8919
2040.247 482.9103
2040.235 482.9328
2040.237 482.912
2040.244 482.9241
2040.279 482.9404
2040.237 482.8967
2040.258 482.9311
2040.248 482.8995
2040.202 482.8882
2040.272 482.9161
2040.228 482.8872
2040.241 482.8932
2040.188 482.9116
2040.22 482.8758
2040.202 482.8949
2040.197 482.8943
2040.177 482.9111
2040.272 482.9311
2040.242 482.9193
2040.306 482.8862
2040.267 482.924
2040.271 482.9286
2040.274 482.9332
2040.278 482.9433
2040.263 482.8898
2040.26 482.9197
2040.215 482.9344
2040.248 482.9381
2040.202 482.9122
2040.26 482.8935
2040.27 482.905
2040.224 482.8927
2040.214 482.924
2040.277 482.9052
2040.266 482.9306
2040.238 482.933
2040.21 482.9192
2040.275 482.9299
2040.269 482.9346
2040.233 482.9237
2040.214 482.9217
2040.187 482.9323
2040.24 482.9162
2040.186 482.9388
2040.223 482.9422
2040.191 482.9254
2040.193 482.9768
2040.222 482.9852
2040.178 482.9631
2040.169 482.9232
2040.203 482.9636
2040.266 482.9766
2040.219 482.9567
2040.208 482.9602
2040.234 482.94
2040.276 482.9286
2040.252 482.9403
2040.263 482.9138
2040.273 482.9034
2040.301 482.9539
2040.194 482.93
2040.222 482.9192
2040.264 482.9542
2040.233 482.9258
2040.253 482.9408
2040.253 482.8983
2040.298 482.9009
2040.258 482.8959
2040.241 482.9186
2040.27 482.9247
2040.253 482.9232
2040.274 482.9116
2040.284 482.925
2040.222 482.8929
2040.241 482.9054
2040.187 482.9147
2040.148 482.9417
2040.268 482.8947
2040.192 482.8861
2040.262 482.9304
2040.172 482.8856
2040.2 482.9023
2040.163 482.8623
2040.189 482.9036
2040.202 482.8776
2040.24 482.8749
2040.214 482.8802
2040.206 482.901
2040.235 482.8572
2040.221 482.8918
2040.258 482.8893
2040.215 482.8674
2040.204 482.8851
2040.224 482.8965
2040.2 482.8747
2040.175 482.8689
2040.163 482.8756
2040.191 482.8829
2040.184 482.8644
2040.215 482.8471
2040.233 482.8698
2040.15 482.8895
2040.197 482.8929
2040.181 482.8706
2040.238 482.8888
2040.21 482.8763
2040.24 482.8333
2040.209 482.8759
2040.185 482.9037
2040.181 482.8636
2040.186 482.8557
2040.2 482.8738
2040.155 482.8867
2040.226 482.8252
2040.168 482.8445
2040.131 482.8665
2040.143 482.8792
2040.176 482.8749
2040.164 482.8552
2040.186 482.8538
2040.151 482.8454
2040.141 482.8527
2040.164 482.8383
2040.176 482.8726
2040.155 482.8875
2040.138 482.8383
2040.214 482.8735
2040.174 482.8702
2040.185 482.8353
2040.205 482.8896
2040.115 482.9092
2040.189 482.8786
2040.14 482.9276
2040.177 482.9329
2040.2 482.9628
2040.147 482.9252
2040.138 482.9345
2040.23 482.9031
2040.116 482.9376
2040.213 482.939
2040.245 482.9451
2040.15 482.9451
2040.199 482.9065
2040.203 482.8837
2040.219 482.9012
2040.188 482.9461
2040.203 482.9601
2040.162 482.9125
2040.227 482.9288
2040.269 482.8991
2040.205 482.9641
2040.201 482.9292
2040.225 482.9387
2040.205 482.9475
2040.238 482.9181
2040.244 482.9573
2040.141 482.9956
2040.214 482.9462
2040.174 482.937
2040.199 482.9611
2040.273 482.9361
2040.231 482.9753
2040.216 482.9422
2040.25 482.9377
2040.255 482.9429
2040.205 482.9642
2040.3 482.9466
2040.281 482.9476
2040.294 482.947
2040.246 482.9366
2040.302 482.9228
2040.211 482.9333
2040.251 482.9645
2040.212 482.9314
2040.264 482.9281
2040.28 482.9234
2040.252 482.9249
2040.289 482.9351
2040.276 482.9214
2040.16 482.9145
2040.259 482.9512
2040.218 482.967
2040.212 482.9758
2040.212 482.9605
2040.249 482.959
2040.235 482.9658
2040.268 483.0076
2040.259 482.9596
2040.252 482.9657
2040.261 482.9131
2040.299 482.9545
2040.228 482.9232
2040.24 482.9515
2040.292 482.9231
2040.304 482.911
2040.232 482.9466
2040.231 482.9517
2040.255 482.9827
2040.163 482.952
2040.158 482.9457
2040.204 482.9611
2040.187 482.9668
2040.216 482.9675
2040.167 482.9081
2040.175 482.8824
2040.268 482.8731
2040.203 482.8585
2040.151 482.8573
2040.125 482.8733
2040.156 482.913
2040.154 482.8658
2040.199 482.8609
2040.158 482.8772
2040.272 482.8338
2040.236 482.8551
2040.223 482.8471
2040.262 482.8759
2040.207 482.8621
2040.251 482.8676
2040.187 482.8667
2040.293 482.8696
2040.229 482.9132
2040.214 482.8852
2040.207 482.8835
2040.282 482.8521
2040.248 482.8766
2040.235 482.8818
2040.237 482.8811
2040.218 482.8776
2040.218 482.8866
2040.192 482.8956
2040.168 482.9424
2040.232 482.8916
2040.199 482.9106
2040.168 482.9129
2040.189 482.9226
2040.151 482.9331
2040.094 482.892
2040.143 482.8936
2040.149 482.8846
2040.152 482.897
2040.179 482.8987
2040.186 482.8829
2040.129 482.9007
2040.146 482.8607
2040.109 482.8928
2040.172 482.8514
2040.125 482.8443
2040.139 482.9021
2040.19 482.8716
2040.2 482.8687
2040.143 482.8838
2040.096 482.9182
2040.13 482.8736
2040.136 482.8769
2040.139 482.8551
2040.162 482.8714
2040.13 482.8647
2040.144 482.8647
2040.214 482.8808
2040.155 482.9107
2040.172 482.9082
2040.135 482.8928
2040.167 482.8965
2040.122 482.8769
2040.113 482.8837
2040.135 482.8707
2040.174 482.8888
2040.181 482.8745
2040.143 482.8611
2040.168 482.9047
2040.224 482.8967
2040.083 482.9266
2040.231 482.8975
2040.235 482.9171
2040.266 482.862
2040.186 482.8961
2040.159 482.9135
2040.218 482.9023
2040.225 482.9045
2040.184 482.9544
2040.153 482.9054
2040.186 482.9369
2040.19 482.8914
2040.195 482.9161
2040.242 482.9211
2040.186 482.9395
2040.22 482.8988
2040.207 482.9496
2040.149 482.9514
2040.255 482.9063
2040.194 482.8955
2040.216 482.9258
2040.277 482.9324
2040.309 482.8687
2040.269 482.9016
2040.198 482.9029
2040.271 482.9041
2040.229 482.9143
2040.251 482.8919
2040.247 482.9103
2040.235 482.9328
2040.237 482.912
2040.244 482.9241
2040.279 482.9404
2040.237 482.8967
2040.258 482.9311
2040.248 482.8995
2040.202 482.8882
2040.272 482.9161
2040.228 482.8872
2040.241 482.8932
2040.188 482.9116
2040.22 482.8758
2040.202 482.8949
2040.197 482.8943
2040.177 482.9111
2040.272 482.9311
2040.242 482.9193
2040.306 482.8862
2040.267 482.924
2040.271 482.9286
2040.274 482.9332
2040.278 482.9433
2040.263 482.8898
2040.26 482.9197
2040.215 482.9344
2040.248 482.9381
2040.202 482.9122
2040.26 482.8935
2040.27 482.905
2040.224 482.8927
2040.214 482.924
2040.277 482.9052
2040.266 482.9306
2040.238 482.933
2040.21 482.9192
2040.275 482.9299
2040.269 482.9346
2040.233 482.9237
2040.214 482.9217
2040.187 482.9323
2040.24 482.9162
2040.186 482.9388
2040.223 482.9422
2040.191 482.9254
2040.193 482.9768
2040.222 482.9852
2040.178 482.9631
2040.169 482.9232
2040.203 482.9636
2040.266 482.9766
2040.219 482.9567
2040.208 482.9602
2040.234 482.94
2040.276 482.9286
2040.252 482.9403
2040.263 482.9138
2040.273 482.9034
2040.301 482.9539
2040.194 482.93
2040.222 482.9192
2040.264 482.9542
2040.233 482.9258
2040.253 482.9408
2040.253 482.8983
2040.298 482.9009
2040.258 482.8959
2040.241 482.9186
2040.27 482.9247
2040.253 482.9232
2040.274 482.9116
2040.284 482.925
2040.222 482.8929
2040.241 482.9054
2040.187 482.9147
2040.148 482.9417
2040.268 482.8947
2040.192 482.8861
2040.262 482.9304
2040.172 482.8856
2040.2 482.9023
2040.163 482.8623
2040.189 482.9036
2040.202 482.8776
2040.24 482.8749
2040.214 482.8802
2040.206 482.901
2040.235 482.8572
2040.221 482.8918
2040.258 482.8893
2040.215 482.8674
2040.204 482.8851
2040.224 482.8965
2040.2 482.8747
2040.175 482.8689
2040.163 482.8756
2040.191 482.8829
2040.184 482.8644
2040.215 482.8471
2040.233 482.8698
2040.15 482.8895
2040.197 482.8929
2040.181 482.8706
2040.238 482.8888
2040.21 482.8763
2040.24 482.8333
2040.209 482.8759
2040.185 482.9037
2040.181 482.8636
2040.186 482.8557
2040.2 482.8738
2040.155 482.8867
2040.226 482.8252
2040.168 482.8445
2040.131 482.8665
2040.143 482.8792
2040.176 482.8749
2040.164 482.8552
2040.186 482.8538
2040.151 482.8454
2040.141 482.8527
2040.164 482.8383
2040.176 482.8726
2040.155 482.8875
2040.138 482.8383
2040.214 482.8735
2040.174 482.8702
2040.185 482.8353
2040.205 482.8896
2040.115 482.9092
2040.189 482.8786
2040.14 482.9276
2040.177 482.9329
2040.2 482.9628
2040.147 482.9252
2040.138 482.9345
2040.23 482.9031
2040.116 482.9376
2040.213 482.939
2040.245 482.9451
2040.15 482.9451
2040.199 482.9065
2040.203 482.8837
2040.219 482.9012
2040.188 482.9461
2040.203 482.9601
2040.162 482.9125
2040.227 482.9288
2040.269 482.8991
2040.205 482.9641
2040.201 482.9292
2040.225 482.9387
2040.205 482.9475
2040.238 482.9181
2040.244 482.9573
2040.141 482.9956
2040.214 482.9462
2040.174 482.937
2040.199 482.9611
2040.273 482.9361
2040.231 482.9753
2040.216 482.9422
2040.25 482.9377
2040.255 482.9429
2040.205 482.9642
2040.3 482.9466
2040.281 482.9476
2040.294 482.947
2040.246 482.9366
2040.302 482.9228
2040.211 482.9333
2040.251 482.9645
2040.212 482.9314
2040.264 482.9281
2040.28 482.9234
2040.252 482.9249
2040.289 482.9351
2040.276 482.9214
2040.16 482.9145
2040.259 482.9512
2040.218 482.967
2040.212 482.9758
2040.212 482.9605
2040.249 482.959
2040.235 482.9658
2040.268 483.0076
2040.259 482.9596
2040.252 482.9657
2040.261 482.9131
2040.299 482.9545
2040.228 482.9232
2040.24 482.9515
2040.292 482.9231
2040.304 482.911
2040.232 482.9466
2040.231 482.9517
2040.255 482.9827
2040.163 482.952
2040.158 482.9457
2040.204 482.9611
2040.187 482.9668
2040.216 482.9675
2040.289 482.9418
2040.254 482.9483
2040.194 482.9284
2040.251 482.953
2040.244 482.9347
2040.227 482.9318
2040.241 482.9306
2040.234 482.8995
2040.218 482.9131
2040.184 482.9271
2040.247 482.9141
2040.19 482.915
2040.22 482.8887
2040.256 482.9103
2040.228 482.8947
2040.274 482.8789
2040.189 482.9308
2040.24 482.8962
2040.265 482.9022
2040.288 482.8988
2040.246 482.9056
2040.181 482.9161
2040.152 482.9424
2040.165 482.9077
2040.215 482.884
2040.215 482.8753
2040.19 482.8748
2040.259 482.8923
2040.213 482.907
2040.23 482.9146
2040.246 482.8948
2040.242 482.8936
2040.221 482.8831
2040.253 482.8785
2040.175 482.8589
2040.171 482.8525
2040.181 482.8911
2040.189 482.8865
2040.121 482.9077
2040.188 482.9028
2040.183 482.8584
2040.206 482.8684
2040.184 482.8668
2040.201 482.855
2040.194 482.8663
2040.196 482.8959
2040.208 482.8987
2040.18 482.8616
2040.117 482.8972
2040.143 482.8828
2040.204 482.8555
2040.178 482.8646
2040.176 482.8669
2040.176 482.864
2040.212 482.8368
2040.236 482.8387
2040.178 482.8591
2040.195 482.8504
2040.151 482.8623
2040.166 482.907
2040.181 482.8315
2040.144 482.8793
2040.179 482.9021
2040.131 482.8775
2040.173 482.8849
2040.189 482.8523
2040.153 482.891
2040.14 482.8885
2040.219 482.8714
2040.225 482.9291
2040.255 482.9263
2040.219 482.8871
2040.247 482.9208
2040.175 482.9218
2040.209 482.8764
2040.219 482.9246
2040.158 482.9023
2040.168 482.8781
2040.185 482.8777
2040.203 482.8965
2040.219 482.8549
2040.205 482.9226
2040.212 482.888
2040.158 482.8949
2040.168 482.9149
2040.191 482.886
2040.147 482.8836
2040.161 482.8991
2040.165 482.8789
2040.143 482.9338
2040.182 482.9297
2040.145 482.9035
2040.183 482.9213
2040.135 482.9108
2040.199 482.9035
2040.207 482.8983
2040.271 482.9048
2040.199 482.9156
2040.205 482.9319
2040.195 482.9222
2040.128 482.9319
2040.152 482.9396
2040.11 482.9035
2040.183 482.9584
2040.184 482.925
2040.168 482.9472
2040.131 482.9544
2040.173 482.9676
2040.186 482.9539
2040.251 482.9498
2040.345 482.8952
2040.322 482.9564
2040.209 482.9489
2040.256 482.8997
2040.295 482.9518
2040.248 482.9041
2040.179 482.9325
2040.252 482.9384
2040.274 482.9217
2040.293 482.9312
2040.212 482.9468
2040.272 482.9522
2040.309 482.9008
2040.326 482.903
2040.275 482.9093
2040.346 482.9289
2040.225 482.9234
2040.316 482.9228
2040.293 482.9194
2040.352 482.926
2040.301 482.9364
2040.361 482.9323
2040.317 482.9349
2040.235 482.9165
2040.311 482.939
2040.36 482.945
2040.319 482.9337
2040.355 482.9147
2040.286 482.9148
2040.271 482.9373
2040.298 482.9135
2040.281 482.951
2040.289 482.9267
2040.32 482.9265
2040.363 482.9055
2040.25 482.9185
2040.306 482.9237
2040.297 482.9357
2040.257 482.9165
2040.316 482.9225
2040.288 482.9451
2040.232 482.9029
2040.333 482.9038
2040.326 482.8829
2040.316 482.9067
2040.277 482.9072
2040.271 482.912
2040.292 482.9285
2040.273 482.9392
2040.299 482.9171
2040.228 482.9307
2040.284 482.9394
2040.339 482.9441
2040.36 482.9474
2040.38 482.9505
2040.306 482.9052
2040.295 482.9071
2040.327 482.9001
2040.275 482.8862
2040.308 482.9402
2040.267 482.9102
2040.301 482.9039
2040.21 482.9257
2040.285 482.9066
2040.256 482.891
2040.226 482.8951
2040.265 482.8905
2040.285 482.9294
2040.302 482.9067
2040.296 482.9388
2040.318 482.9256
2040.327 482.9081
2040.299 482.9133
2040.259 482.93
2040.194 482.9107
2040.289 482.9347
2040.273 482.9477
2040.279 482.9221
2040.296 482.8816
2040.267 482.928
2040.27 482.9254
2040.333 482.9384
2040.304 482.9124
2040.318 482.8742
2040.247 482.9022
2040.282 482.925
2040.236 482.9185
2040.249 482.9168
2040.259 482.9084
2040.309 482.8991
2040.255 482.8879
2040.266 482.8931
2040.238 482.9203
2040.256 482.9511
2040.277 482.9267
2040.248 482.9415
2040.265 482.8768
2040.284 482.8955
2040.341 482.9187
2040.279 482.8952
2040.263 482.8865
2040.354 482.8603
2040.294 482.9009
2040.31 482.8947
2040.35 482.9166
2040.3 482.8778
2040.343 482.8354
2040.305 482.8628
2040.282 482.8748
2040.29 482.8906
2040.312 482.9049
2040.285 482.927
2040.323 482.8923
2040.306 482.9456
2040.265 482.9122
2040.26 482.8811
2040.271 482.8713
2040.319 482.8866
2040.29 482.9005
2040.266 482.9123
2040.205 482.943
2040.274 482.8983
2040.258 482.9011
2040.258 482.9004
2040.228 482.8947
2040.272 482.9159
2040.24 482.9307
2040.249 482.8916
2040.281 482.8908
2040.206 482.9137
2040.245 482.9281
2040.305 482.9157
2040.281 482.9136
2040.204 482.9315
2040.226 482.9166
2040.241 482.8893
2040.347 482.883
2040.569 482.82
2040.088 482.8877
2040.052 483.0169
2040.489 482.901
2040.028 482.9139
2040.396 482.9585
2040.14 482.8353
2040.159 482.8626
2040.309 482.8959
2040.21 482.8904
2040.26 482.9524
2040.454 482.9517
2040.702 483.0448
2040.529 483.3041
2040.598 483.0354
2040.7 482.84
2040.557 482.7787
2040.656 483.0544
2040.948 483.2239
2040.44 483.1546
2040.561 482.5898
2040.521 482.3436
2040.129 482.8246
2040.161 483.032
2040.171 483.0554
2040.199 482.9984
2040.254 482.7203
2040.339 482.7025
2040.428 482.9243
2040.543 482.9838
2040.519 482.938
2040.371 482.8871
2040.383 482.8127
2040.396 482.8992
2040.333 482.9277
2040.24 482.9382
2040.181 482.9088
2040.28 482.8207
2040.317 482.7394
2040.261 482.8767
2040.434 482.9506
2040.485 482.9426
2040.455 482.9903
2040.465 482.8543
2040.428 482.7375
2040.415 482.7906
2040.344 482.8814
2040.257 482.9001
2040.303 482.9013
2040.444 482.8687
2040.401 482.8073
2040.43 482.8234
2040.494 482.9046
2040.289 482.9418
2040.254 482.9483
2040.194 482.9284
2040.251 482.953
2040.244 482.9347
2040.227 482.9318
2040.241 482.9306
2040.234 482.8995
2040.218 482.9131
2040.184 482.9271
2040.247 482.9141
2040.19 482.915
2040.22 482.8887
2040.256 482.9103
2040.228 482.8947
2040.274 482.8789
2040.189 482.9308
2040.24 482.8962
2040.265 482.9022
2040.288 482.8988
2040.246 482.9056
2040.181 482.9161
2040.152 482.9424
2040.165 482.9077
2040.215 482.884
2040.215 482.8753
2040.19 482.8748
2040.259 482.8923
2040.213 482.907
2040.23 482.9146
2040.246 482.8948
2040.242 482.8936
2040.221 482.8831
2040.253 482.8785
2040.175 482.8589
2040.171 482.8525
2040.181 482.8911
2040.189 482.8865
2040.121 482.9077
2040.188 482.9028
2040.183 482.8584
2040.206 482.8684
2040.184 482.8668
2040.201 482.855
2040.194 482.8663
2040.196 482.8959
2040.208 482.8987
2040.18 482.8616
2040.117 482.8972
2040.143 482.8828
2040.204 482.8555
2040.178 482.8646
2040.176 482.8669
2040.176 482.864
2040.212 482.8368
2040.236 482.8387
2040.178 482.8591
2040.195 482.8504
2040.151 482.8623
2040.166 482.907
2040.181 482.8315
2040.144 482.8793
2040.179 482.9021
2040.131 482.8775
2040.173 482.8849
2040.189 482.8523
2040.153 482.891
2040.14 482.8885
2040.219 482.8714
2040.225 482.9291
2040.255 482.9263
2040.219 482.8871
2040.247 482.9208
2040.175 482.9218
2040.209 482.8764
2040.219 482.9246
2040.158 482.9023
2040.168 482.8781
2040.185 482.8777
2040.203 482.8965
2040.219 482.8549
2040.205 482.9226
2040.212 482.888
2040.158 482.8949
2040.168 482.9149
2040.191 482.886
2040.147 482.8836
2040.161 482.8991
2040.165 482.8789
2040.143 482.9338
2040.182 482.9297
2040.145 482.9035
2040.183 482.9213
2040.135 482.9108
2040.199 482.9035
2040.207 482.8983
2040.271 482.9048
2040.199 482.9156
2040.205 482.9319
2040.195 482.9222
2040.128 482.9319
2040.152 482.9396
2040.11 482.9035
2040.183 482.9584
2040.184 482.925
2040.168 482.9472
2040.131 482.9544
2040.173 482.9676
2040.186 482.9539
2040.251 482.9498
2040.345 482.8952
2040.322 482.9564
2040.209 482.9489
2040.256 482.8997
2040.295 482.9518
2040.248 482.9041
2040.179 482.9325
2040.252 482.9384
2040.274 482.9217
2040.293 482.9312
2040.212 482.9468
2040.272 482.9522
2040.309 482.9008
2040.326 482.903
2040.275 482.9093
2040.346 482.9289
2040.225 482.9234
2040.316 482.9228
2040.293 482.9194
2040.352 482.926
2040.301 482.9364
2040.361 482.9323
2040.317 482.9349
2040.235 482.9165
2040.311 482.939
2040.36 482.945
2040.319 482.9337
2040.355 482.9147
2040.286 482.9148
2040.271 482.9373
2040.298 482.9135
2040.281 482.951
2040.289 482.9267
2040.32 482.9265
2040.363 482.9055
2040.25 482.9185
2040.306 482.9237
2040.297 482.9357
2040.257 482.9165
2040.316 482.9225
2040.288 482.9451
2040.232 482.9029
2040.333 482.9038
2040.326 482.8829
2040.316 482.9067
2040.277 482.9072
2040.271 482.912
2040.292 482.9285
2040.273 482.9392
2040.299 482.9171
2040.228 482.9307
2040.284 482.9394
2040.339 482.9441
2040.36 482.9474
2040.38 482.9505
2040.306 482.9052
2040.295 482.9071
2040.327 482.9001
2040.275 482.8862
2040.308 482.9402
2040.267 482.9102
2040.301 482.9039
2040.21 482.9257
2040.285 482.9066
2040.256 482.891
2040.226 482.8951
2040.265 482.8905
2040.285 482.9294
2040.302 482.9067
2040.296 482.9388
2040.318 482.9256
2040.327 482.9081
2040.299 482.9133
2040.259 482.93
2040.194 482.9107
2040.289 482.9347
2040.273 482.9477
2040.279 482.9221
2040.296 482.8816
2040.267 482.928
2040.27 482.9254
2040.333 482.9384
2040.304 482.9124
2040.318 482.8742
2040.247 482.9022
2040.282 482.925
2040.236 482.9185
2040.249 482.9168
2040.259 482.9084
2040.309 482.8991
2040.255 482.8879
2040.266 482.8931
2040.238 482.9203
2040.256 482.9511
2040.277 482.9267
2040.248 482.9415
2040.265 482.8768
2040.284 482.8955
2040.341 482.9187
2040.279 482.8952
2040.263 482.8865
2040.354 482.8603
2040.294 482.9009
2040.31 482.8947
2040.35 482.9166
2040.3 482.8778
2040.343 482.8354
2040.305 482.8628
2040.282 482.8748
2040.29 482.8906
2040.312 482.9049
2040.285 482.927
2040.323 482.8923
2040.306 482.9456
2040.265 482.9122
2040.26 482.8811
2040.271 482.8713
2040.319 482.8866
2040.29 482.9005
2040.266 482.9123
2040.205 482.943
2040.274 482.8983
2040.258 482.9011
2040.258 482.9004
2040.228 482.8947
2040.272 482.9159
2040.24 482.9307
2040.249 482.8916
2040.281 482.8908
2040.206 482.9137
2040.245 482.9281
2040.305 482.9157
2040.281 482.9136
2040.204 482.9315
2040.226 482.9166
2040.241 482.8893
2040.347 482.883
2040.569 482.82
2040.088 482.8877
2040.052 483.0169
2040.489 482.901
2040.028 482.9139
2040.396 482.9585
2040.14 482.8353
2040.159 482.8626
2040.309 482.8959
2040.21 482.8904
2040.26 482.9524
2040.454 482.9517
2040.702 483.0448
2040.529 483.3041
2040.598 483.0354
2040.7 482.84
2040.557 482.7787
2040.656 483.0544
2040.948 483.2239
2040.44 483.1546
2040.561 482.5898
2040.521 482.3436
2040.129 482.8246
2040.161 483.032
2040.171 483.0554
2040.199 482.9984
2040.254 482.7203
2040.339 482.7025
2040.428 482.9243
2040.543 482.9838
2040.519 482.938
2040.371 482.8871
2040.383 482.8127
2040.396 482.8992
2040.333 482.9277
2040.24 482.9382
2040.181 482.9088
2040.28 482.8207
2040.317 482.7394
2040.261 482.8767
2040.434 482.9506
2040.485 482.9426
2040.455 482.9903
2040.465 482.8543
2040.428 482.7375
2040.415 482.7906
2040.344 482.8814
2040.257 482.9001
2040.303 482.9013
2040.444 482.8687
2040.401 482.8073
2040.43 482.8234
2040.494 482.9046
2040.489 482.9218
2040.467 482.9663
2040.388 482.9413
2040.447 482.8941
2040.421 482.8875
2040.345 482.7986
2040.397 482.8608
2040.436 482.875
2040.484 482.9438
2040.464 482.9057
2040.417 482.9359
2040.501 482.9352
2040.436 482.9077
2040.414 482.9048
2040.397 482.9336
2040.465 482.9214
2040.401 482.8779
2040.513 482.8554
2040.441 482.8589
2040.397 482.8847
2040.422 482.9064
2040.378 482.9377
2040.451 482.9152
2040.452 482.912
2040.42 482.9124
2040.516 482.8734
2040.498 482.8975
2040.426 482.8844
2040.45 482.9116
2040.473 482.8873
2040.453 482.9023
2040.547 482.937
2040.435 482.9523
2040.427 482.9247
2040.509 482.9456
2040.5 482.943
2040.496 482.972
2040.439 482.9529
2040.491 482.9375
2040.432 482.933
2040.544 482.9857
2040.527 482.937
2040.493 482.9654
2040.559 483.0093
2040.536 482.9217
2040.516 482.9502
2040.504 482.9577
2040.544 482.9477
2040.523 482.9664
2040.64 482.9768
2040.651 482.9637
2040.61 482.9546
2040.609 482.9812
2040.59 482.9742
2040.631 482.9531
2040.614 483.0112
2040.603 482.9489
2040.574 482.9931
2040.623 482.9583
2040.611 482.9338
2040.632 482.9676
2040.626 482.9816
2040.666 482.9953
2040.746 482.9825
2040.733 482.95
2040.755 483.0235
2040.833 482.9804
2040.806 482.9726
2040.819 482.9445
2040.679 482.9637
2040.924 482.9513
2040.633 482.9534
2040.813 482.9923
2040.891 482.957
2040.868 482.94
2040.96 482.951
2040.857 482.9135
2040.911 482.9252
2041.001 483.013
2041.054 483.0037
2041.025 482.9411
2041.044 482.8663
2041.011 482.8875
2041.057 482.8984
2040.847 482.9751
2040.863 482.943
2040.911 482.9142
2040.759 482.8417
2040.615 482.7751
2040.601 482.8131
2040.495 482.8852
2040.509 482.9024
2040.569 482.8558
2040.658 482.8543
2040.665 482.8677
2040.662 482.8426
2040.673 482.8391
2040.688 482.8344
2040.687 482.8638
2040.554 482.8607
2040.58 482.7864
2040.575 482.7848
2040.534 482.8156
2040.574 482.7987
2040.595 482.8784
2040.491 482.8701
2040.641 482.9114
2040.639 482.8562
2040.682 482.83
2040.588 482.8321
2040.428 482.7997
2040.565 482.8135
2040.434 482.7723
2040.524 482.8391
2040.518 482.811
2040.519 482.8527
2040.583 482.8427
2040.565 482.8402
2040.629 482.8626
2040.569 482.8279
2040.657 482.8333
2040.584 482.8633
2040.584 482.8062
2040.523 482.7543
2040.497 482.7683
2040.532 482.7932
2040.474 482.8127
2040.587 482.7657
2040.516 482.7544
2040.597 482.7867
2040.623 482.7711
2040.579 482.7296
2040.415 482.787
2040.437 482.7581
2040.464 482.7346
2040.526 482.747
2040.519 482.7417
2040.486 482.7292
2040.556 482.7748
2040.469 482.7946
2040.529 482.8094
2040.455 482.7853
2040.521 482.7441
2040.39 482.7884
2040.501 482.777
2040.47 482.7332
2040.495 482.7454
2040.455 482.7555
2040.443 482.7572
2040.438 482.7798
2040.346 482.7734
2040.454 482.7607
2040.458 482.7999
2040.376 482.739
2040.407 482.7822
2040.357 482.8159
2040.358 482.7303
2040.359 482.7489
2040.332 482.77
2040.353 482.7569
2040.401 482.7922
2040.44 482.7879
2040.315 482.7865
2040.359 482.8092
2040.357 482.7743
2040.393 482.7854
2040.345 482.8095
2040.328 482.7695
2040.355 482.77
2040.394 482.7356
2040.408 482.734
2040.313 482.7767
2040.353 482.7586
2040.376 482.7306
2040.422 482.776
2040.361 482.7368
2040.442 482.7198
2040.392 482.7821
2040.416 482.7675
2040.471 482.7506
2040.354 482.7418
2040.436 482.7331
2040.434 482.7711
2040.383 482.7529
2040.394 482.7448
2040.416 482.7415
2040.422 482.7446
2040.42 482.7587
2040.399 482.7362
2040.313 482.7204
2040.388 482.7592
2040.276 482.7381
2040.322 482.7041
2040.354 482.734
2040.326 482.7266
2040.341 482.7282
2040.399 482.7213
2040.386 482.7299
2040.353 482.7244
2040.331 482.7253
2040.328 482.7434
2040.285 482.7518
2040.315 482.7578
2040.363 482.7144
2040.306 482.7227
2040.284 482.7743
2040.309 482.7213
2040.364 482.7463
2040.409 482.7761
2040.41 482.7784
2040.276 482.7625
2040.334 482.7542
2040.355 482.7308
2040.339 482.6918
2040.334 482.7047
2040.314 482.7135
2040.326 482.7429
2040.392 482.7215
2040.353 482.7581
2040.382 482.7572
2040.32 482.76
2040.346 482.7599
2040.433 482.7517
2040.342 482.7383
2040.346 482.7238
2040.367 482.7487
2040.323 482.7688
2040.326 482.7462
2040.348 482.7438
2040.359 482.7438
2040.316 482.7272
2040.353 482.7445
2040.323 482.7359
2040.365 482.7596
2040.287 482.7806
2040.281 482.739
2040.379 482.7258
2040.453 482.7674
2040.467 482.7229
2040.394 482.742
2040.344 482.7598
2040.352 482.734
2040.309 482.7529
2040.289 482.7346
2040.27 482.7469
2040.321 482.7487
2040.282 482.7578
2040.31 482.7584
2040.38 482.7487
2040.38 482.7636
2040.345 482.7684
2040.361 482.7492
2040.336 482.7537
2040.413 482.7874
2040.313 482.7769
2040.28 482.7697
2040.318 482.7746
2040.348 482.7667
2040.31 482.7739
2040.376 482.8042
2040.356 482.8052
2040.385 482.7799
2040.388 482.7751
2040.363 482.761
2040.39 482.7944
2040.341 482.7865
2040.37 482.7473
2040.343 482.7353
2040.326 482.791
2040.329 482.7775
2040.296 482.7959
2040.301 482.8182
2040.361 482.8018
2040.314 482.8147
2040.336 482.7752
2040.352 482.7917
2040.329 482.7874
2040.291 482.8256
2040.319 482.7901
2040.341 482.7786
2040.375 482.8137
2040.336 482.8392
2040.279 482.7675
2040.3 482.7706
2040.329 482.8042
2040.322 482.7852
2040.359 482.7643
2040.307 482.7374
2040.332 482.7074
2040.297 482.7545
2040.308 482.7453
2040.267 482.7297
2040.298 482.7596
2040.321 482.7731
2040.282 482.7642
2040.331 482.7363
2040.26 482.692
2040.285 482.7408
2040.313 482.7287
2040.301 482.7128
2040.489 482.9218
2040.467 482.9663
2040.388 482.9413
2040.447 482.8941
2040.421 482.8875
2040.345 482.7986
2040.397 482.8608
2040.436 482.875
2040.484 482.9438
2040.464 482.9057
2040.417 482.9359
2040.501 482.9352
2040.436 482.9077
2040.414 482.9048
2040.397 482.9336
2040.465 482.9214
2040.401 482.8779
2040.513 482.8554
2040.441 482.8589
2040.397 482.8847
2040.422 482.9064
2040.378 482.9377
2040.451 482.9152
2040.452 482.912
2040.42 482.9124
2040.516 482.8734
2040.498 482.8975
2040.426 482.8844
2040.45 482.9116
2040.473 482.8873
2040.453 482.9023
2040.547 482.937
2040.435 482.9523
2040.427 482.9247
2040.509 482.9456
2040.5 482.943
2040.496 482.972
2040.439 482.9529
2040.491 482.9375
2040.432 482.933
2040.544 482.9857
2040.527 482.937
2040.493 482.9654
2040.559 483.0093
2040.536 482.9217
2040.516 482.9502
2040.504 482.9577
2040.544 482.9477
2040.523 482.9664
2040.64 482.9768
2040.651 482.9637
2040.61 482.9546
2040.609 482.9812
2040.59 482.9742
2040.631 482.9531
2040.614 483.0112
2040.603 482.9489
2040.574 482.9931
2040.623 482.9583
2040.611 482.9338
2040.632 482.9676
2040.626 482.9816
2040.666 482.9953
2040.746 482.9825
2040.733 482.95
2040.755 483.0235
2040.833 482.9804
2040.806 482.9726
2040.819 482.9445
2040.679 482.9637
2040.924 482.9513
2040.633 482.9534
2040.813 482.9923
2040.891 482.957
2040.868 482.94
2040.96 482.951
2040.857 482.9135
2040.911 482.9252
2041.001 483.013
2041.054 483.0037
2041.025 482.9411
2041.044 482.8663
2041.011 482.8875
2041.057 482.8984
2040.847 482.9751
2040.863 482.943
2040.911 482.9142
2040.759 482.8417
2040.615 482.7751
2040.601 482.8131
2040.495 482.8852
2040.509 482.9024
2040.569 482.8558
2040.658 482.8543
2040.665 482.8677
2040.662 482.8426
2040.673 482.8391
2040.688 482.8344
2040.687 482.8638
2040.554 482.8607
2040.58 482.7864
2040.575 482.7848
2040.534 482.8156
2040.574 482.7987
2040.595 482.8784
2040.491 482.8701
2040.641 482.9114
2040.639 482.8562
2040.682 482.83
2040.588 482.8321
2040.428 482.7997
2040.565 482.8135
2040.434 482.7723
2040.524 482.8391
2040.518 482.811
2040.519 482.8527
2040.583 482.8427
2040.565 482.8402
2040.629 482.8626
2040.569 482.8279
2040.657 482.8333
2040.584 482.8633
2040.584 482.8062
2040.523 482.7543
2040.497 482.7683
2040.532 482.7932
2040.474 482.8127
2040.587 482.7657
2040.516 482.7544
2040.597 482.7867
2040.623 482.7711
2040.579 482.7296
2040.415 482.787
2040.437 482.7581
2040.464 482.7346
2040.526 482.747
2040.519 482.7417
2040.486 482.7292
2040.556 482.7748
2040.469 482.7946
2040.529 482.8094
2040.455 482.7853
2040.521 482.7441
2040.39 482.7884
2040.501 482.777
2040.47 482.7332
2040.495 482.7454
2040.455 482.7555
2040.443 482.7572
2040.438 482.7798
2040.346 482.7734
2040.454 482.7607
2040.458 482.7999
2040.376 482.739
2040.407 482.7822
2040.357 482.8159
2040.358 482.7303
2040.359 482.7489
2040.332 482.77
2040.353 482.7569
2040.401 482.7922
2040.44 482.7879
2040.315 482.7865
2040.359 482.8092
2040.357 482.7743
2040.393 482.7854
2040.345 482.8095
2040.328 482.7695
2040.355 482.77
2040.394 482.7356
2040.408 482.734
2040.313 482.7767
2040.353 482.7586
2040.376 482.7306
2040.422 482.776
2040.361 482.7368
2040.442 482.7198
2040.392 482.7821
2040.416 482.7675
2040.471 482.7506
2040.354 482.7418
2040.436 482.7331
2040.434 482.7711
2040.383 482.7529
2040.394 482.7448
2040.416 482.7415
2040.422 482.7446
2040.42 482.7587
2040.399 482.7362
2040.313 482.7204
2040.388 482.7592
2040.276 482.7381
2040.322 482.7041
2040.354 482.734
2040.326 482.7266
2040.341 482.7282
2040.399 482.7213
2040.386 482.7299
2040.353 482.7244
2040.331 482.7253
2040.328 482.7434
2040.285 482.7518
2040.315 482.7578
2040.363 482.7144
2040.306 482.7227
2040.284 482.7743
2040.309 482.7213
2040.364 482.7463
2040.409 482.7761
2040.41 482.7784
2040.276 482.7625
2040.334 482.7542
2040.355 482.7308
2040.339 482.6918
2040.334 482.7047
2040.314 482.7135
2040.326 482.7429
2040.392 482.7215
2040.353 482.7581
2040.382 482.7572
2040.32 482.76
2040.346 482.7599
2040.433 482.7517
2040.342 482.7383
2040.346 482.7238
2040.367 482.7487
2040.323 482.7688
2040.326 482.7462
2040.348 482.7438
2040.359 482.7438
2040.316 482.7272
2040.353 482.7445
2040.323 482.7359
2040.365 482.7596
2040.287 482.7806
2040.281 482.739
2040.379 482.7258
2040.453 482.7674
2040.467 482.7229
2040.394 482.742
2040.344 482.7598
2040.352 482.734
2040.309 482.7529
2040.289 482.7346
2040.27 482.7469
2040.321 482.7487
2040.282 482.7578
2040.31 482.7584
2040.38 482.7487
2040.38 482.7636
2040.345 482.7684
2040.361 482.7492
2040.336 482.7537
2040.413 482.7874
2040.313 482.7769
2040.28 482.7697
2040.318 482.7746
2040.348 482.7667
2040.31 482.7739
2040.376 482.8042
2040.356 482.8052
2040.385 482.7799
2040.388 482.7751
2040.363 482.761
2040.39 482.7944
2040.341 482.7865
2040.37 482.7473
2040.343 482.7353
2040.326 482.791
2040.329 482.7775
2040.296 482.7959
2040.301 482.8182
2040.361 482.8018
2040.314 482.8147
2040.336 482.7752
2040.352 482.7917
2040.329 482.7874
2040.291 482.8256
2040.319 482.7901
2040.341 482.7786
2040.375 482.8137
2040.336 482.8392
2040.279 482.7675
2040.3 482.7706
2040.329 482.8042
2040.322 482.7852
2040.359 482.7643
2040.307 482.7374
2040.332 482.7074
2040.297 482.7545
2040.308 482.7453
2040.267 482.7297
2040.298 482.7596
2040.321 482.7731
2040.282 482.7642
2040.331 482.7363
2040.26 482.692
2040.285 482.7408
2040.313 482.7287
2040.301 482.7128
2040.288 482.7477
2040.227 482.7284
2040.258 482.7147
2040.259 482.7513
2040.22 482.7461
2040.259 482.7355
2040.214 482.7108
2040.248 482.7171
2040.278 482.6891
2040.301 482.6903
2040.187 482.7
2040.266 482.697
2040.33 482.6741
2040.236 482.7056
2040.358 482.6713
2040.379 482.7097
2040.348 482.664
2040.327 482.6735
2040.293 482.7015
2040.303 482.6888
2040.286 482.7287
2040.314 482.7628
2040.383 482.7444
2040.325 482.6844
2040.406 482.7074
2040.357 482.7179
2040.325 482.7095
2040.335 482.721
2040.286 482.7395
2040.396 482.714
2040.378 482.7006
2040.323 482.7111
2040.357 482.71
2040.307 482.7458
2040.299 482.7368
2040.281 482.6835
2040.282 482.7067
2040.288 482.6943
2040.269 482.7335
2040.247 482.7021
2040.352 482.6508
2040.272 482.7208
2040.313 482.7033
2040.291 482.7159
2040.305 482.6852
2040.294 482.7186
2040.286 482.7194
2040.357 482.75
2040.283 482.7427
2040.263 482.7247
2040.311 482.7191
2040.353 482.7384
2040.32 482.7349
2040.391 482.7192
2040.328 482.7239
2040.333 482.728
2040.381 482.692
2040.365 482.7225
2040.357 482.7632
2040.388 482.7304
2040.34 482.7375
2040.355 482.7192
2040.405 482.7088
2040.377 482.7151
2040.321 482.7405
2040.386 482.7621
2040.378 482.7534
2040.327 482.7818
2040.37 482.7695
2040.409 482.7586
2040.411 482.7453
2040.359 482.7612
2040.334 482.7444
2040.382 482.7375
2040.385 482.7959
2040.355 482.7256
2040.379 482.7482
2040.382 482.7481
2040.442 482.753
2040.459 482.7442
2040.408 482.7931
2040.398 482.7838
2040.417 482.7784
2040.381 482.7853
2040.441 482.7478
2040.317 482.7699
2040.39 482.7769
2040.427 482.7711
2040.379 482.7793
2040.382 482.7763
2040.321 482.8018
2040.335 482.7665
2040.432 482.7235
2040.364 482.7512
2040.395 482.7549
2040.349 482.7605
2040.375 482.7588
2040.372 482.769
2040.356 482.7303
2040.41 482.7109
2040.393 482.7351
2040.429 482.7408
2040.447 482.7473
2040.48 482.6957
2040.432 482.7108
2040.311 482.732
2040.411 482.7622
2040.435 482.7253
2040.464 482.7453
2040.504 482.6967
2040.423 482.7144
2040.388 482.7054
2040.469 482.7086
2040.477 482.7324
2040.409 482.7066
2040.436 482.7056
2040.3 482.7518
2040.421 482.7215
2040.428 482.7296
2040.354 482.6832
2040.421 482.7182
2040.372 482.7247
2040.373 482.7148
2040.385 482.73
2040.468 482.7505
2040.434 482.7181
2040.425 482.7013
2040.424 482.6967
2040.406 482.7076
2040.427 482.7208
2040.37 482.6957
2040.389 482.6768
2040.297 482.7296
2040.335 482.7413
2040.316 482.7081
2040.335 482.7392
2040.358 482.7609
2040.267 482.7355
2040.318 482.6931
2040.349 482.7281
2040.342 482.7477
2040.358 482.7453
2040.37 482.6928
2040.452 482.6996
2040.41 482.7232
2040.351 482.7211
2040.365 482.7315
2040.401 482.7363
2040.428 482.7255
2040.35 482.7382
2040.4 482.7132
2040.406 482.7727
2040.343 482.7928
2040.388 482.7293
2040.354 482.7278
2040.359 482.7346
2040.328 482.7859
2040.36 482.7563
2040.409 482.7
2040.251 482.7569
2040.335 482.7703
2040.349 482.7521
2040.353 482.728
2040.278 482.76
2040.324 482.7133
2040.254 482.7445
2040.268 482.7382
2040.281 482.7145
2040.262 482.7472
2040.326 482.723
2040.28 482.7261
2040.402 482.7332
2040.36 482.6967
2040.337 482.683
2040.346 482.7066
2040.344 482.7174
2040.38 482.7512
2040.347 482.7065
2040.386 482.703
2040.383 482.6811
2040.393 482.7189
2040.348 482.689
2040.415 482.6865
2040.35 482.6814
2040.377 482.728
2040.4 482.7128
2040.364 482.6961
2040.369 482.7173
2040.369 482.7302
2040.432 482.7658
2040.377 482.7295
2040.416 482.7014
2040.405 482.722
2040.443 482.7052
2040.422 482.6985
2040.425 482.6846
2040.477 482.6701
2040.434 482.7243
2040.403 482.7213
2040.516 482.6461
2040.472 482.6975
2040.462 482.7099
2040.453 482.737
2040.467 482.6999
2040.459 482.609
2040.468 482.6854
2040.503 482.7162
2040.496 482.7189
2040.438 482.6967
2040.48 482.6727
2040.455 482.7208
2040.364 482.7006
2040.419 482.7144
2040.475 482.7067
2040.507 482.7517
2040.432 482.7508
2040.499 482.7082
2040.558 482.6614
2040.483 482.7323
2040.407 482.7213
2040.479 482.7022
2040.448 482.7615
2040.484 482.7239
2040.436 482.7434
2040.466 482.7218
2040.431 482.724
2040.431 482.758
2040.427 482.7786
2040.409 482.7278
2040.408 482.7285
2040.43 482.7562
2040.427 482.772
2040.405 482.779
2040.421 482.7516
2040.458 482.7317
2040.381 482.7545
2040.392 482.76
2040.396 482.7478
2040.346 482.759
2040.404 482.716
2040.425 482.7436
2040.357 482.765
2040.356 482.7844
2040.38 482.7292
2040.406 482.6922
2040.363 482.7587
2040.381 482.7754
2040.383 482.7647
2040.457 482.7128
2040.351 482.701
2040.393 482.7866
2040.42 482.8215
2040.407 482.7564
2040.37 482.7
2040.465 482.7353
2040.359 482.7751
2040.418 482.7417
2040.376 482.7402
2040.357 482.7581
2040.378 482.774
2040.422 482.7504
2040.397 482.6906
2040.344 482.707
2040.361 482.7546
2040.343 482.7826
2040.365 482.7086
2040.375 482.7238
2040.362 482.7588
2040.381 482.7651
2040.391 482.6774
2040.369 482.7213
2040.409 482.7448
2040.368 482.7332
2040.379 482.7365
2040.343 482.7556
2040.377 482.7458
2040.373 482.7159
2040.309 482.703
2040.397 482.7619
2040.361 482.7491
2040.415 482.7548
2040.295 482.7127
2040.358 482.7606
2040.336 482.7208
2040.319 482.6909
2040.343 482.7029
2040.357 482.7043
2040.35 482.7236
2040.361 482.766
2040.407 482.6963
2040.316 482.7503
2040.31 482.7307
2040.315 482.7309
2040.326 482.7659
2040.336 482.7678
2040.403 482.7259
2040.325 482.7183
2040.255 482.7264
2040.297 482.7684
2040.207 482.7729
2040.288 482.7477
2040.227 482.7284
2040.258 482.7147
2040.259 482.7513
2040.22 482.7461
2040.259 482.7355
2040.214 482.7108
2040.248 482.7171
2040.278 482.6891
2040.301 482.6903
2040.187 482.7
2040.266 482.697
2040.33 482.6741
2040.236 482.7056
2040.358 482.6713
2040.379 482.7097
2040.348 482.664
2040.327 482.6735
2040.293 482.7015
2040.303 482.6888
2040.286 482.7287
2040.314 482.7628
2040.383 482.7444
2040.325 482.6844
2040.406 482.7074
2040.357 482.7179
2040.325 482.7095
2040.335 482.721
2040.286 482.7395
2040.396 482.714
2040.378 482.7006
2040.323 482.7111
2040.357 482.71
2040.307 482.7458
2040.299 482.7368
2040.281 482.6835
2040.282 482.7067
2040.288 482.6943
2040.269 482.7335
2040.247 482.7021
2040.352 482.6508
2040.272 482.7208
2040.313 482.7033
2040.291 482.7159
2040.305 482.6852
2040.294 482.7186
2040.286 482.7194
2040.357 482.75
2040.283 482.7427
2040.263 482.7247
2040.311 482.7191
2040.353 482.7384
2040.32 482.7349
2040.391 482.7192
2040.328 482.7239
2040.333 482.728
2040.381 482.692
2040.365 482.7225
2040.357 482.7632
2040.388 482.7304
2040.34 482.7375
2040.355 482.7192
2040.405 482.7088
2040.377 482.7151
2040.321 482.7405
2040.386 482.7621
2040.378 482.7534
2040.327 482.7818
2040.37 482.7695
2040.409 482.7586
2040.411 482.7453
2040.359 482.7612
2040.334 482.7444
2040.382 482.7375
2040.385 482.7959
2040.355 482.7256
2040.379 482.7482
2040.382 482.7481
2040.442 482.753
2040.459 482.7442
2040.408 482.7931
2040.398 482.7838
2040.417 482.7784
2040.381 482.7853
2040.441 482.7478
2040.317 482.7699
2040.39 482.7769
2040.427 482.7711
2040.379 482.7793
2040.382 482.7763
2040.321 482.8018
2040.335 482.7665
2040.432 482.7235
2040.364 482.7512
2040.395 482.7549
2040.349 482.7605
2040.375 482.7588
2040.372 482.769
2040.356 482.7303
2040.41 482.7109
2040.393 482.7351
2040.429 482.7408
2040.447 482.7473
2040.48 482.6957
2040.432 482.7108
2040.311 482.732
2040.411 482.7622
2040.435 482.7253
2040.464 482.7453
2040.504 482.6967
2040.423 482.7144
2040.388 482.7054
2040.469 482.7086
2040.477 482.7324
2040.409 482.7066
2040.436 482.7056
2040.3 482.7518
2040.421 482.7215
2040.428 482.7296
2040.354 482.6832
2040.421 482.7182
2040.372 482.7247
2040.373 482.7148
2040.385 482.73
2040.468 482.7505
2040.434 482.7181
2040.425 482.7013
2040.424 482.6967
2040.406 482.7076
2040.427 482.7208
2040.37 482.6957
2040.389 482.6768
2040.297 482.7296
2040.335 482.7413
2040.316 482.7081
2040.335 482.7392
2040.358 482.7609
2040.267 482.7355
2040.318 482.6931
2040.349 482.7281
2040.342 482.7477
2040.358 482.7453
2040.37 482.6928
2040.452 482.6996
2040.41 482.7232
2040.351 482.7211
2040.365 482.7315
2040.401 482.7363
2040.428 482.7255
2040.35 482.7382
2040.4 482.7132
2040.406 482.7727
2040.343 482.7928
2040.388 482.7293
2040.354 482.7278
2040.359 482.7346
2040.328 482.7859
2040.36 482.7563
2040.409 482.7
2040.251 482.7569
2040.335 482.7703
2040.349 482.7521
2040.353 482.728
2040.278 482.76
2040.324 482.7133
2040.254 482.7445
2040.268 482.7382
2040.281 482.7145
2040.262 482.7472
2040.326 482.723
2040.28 482.7261
2040.402 482.7332
2040.36 482.6967
2040.337 482.683
2040.346 482.7066
2040.344 482.7174
2040.38 482.7512
2040.347 482.7065
2040.386 482.703
2040.383 482.6811
2040.393 482.7189
2040.348 482.689
2040.415 482.6865
2040.35 482.6814
2040.377 482.728
2040.4 482.7128
2040.364 482.6961
2040.369 482.7173
2040.369 482.7302
2040.432 482.7658
2040.377 482.7295
2040.416 482.7014
2040.405 482.722
2040.443 482.7052
2040.422 482.6985
2040.425 482.6846
2040.477 482.6701
2040.434 482.7243
2040.403 482.7213
2040.516 482.6461
2040.472 482.6975
2040.462 482.7099
2040.453 482.737
2040.467 482.6999
2040.459 482.609
2040.468 482.6854
2040.503 482.7162
2040.496 482.7189
2040.438 482.6967
2040.48 482.6727
2040.455 482.7208
2040.364 482.7006
2040.419 482.7144
2040.475 482.7067
2040.507 482.7517
2040.432 482.7508
2040.499 482.7082
2040.558 482.6614
2040.483 482.7323
2040.407 482.7213
2040.479 482.7022
2040.448 482.7615
2040.484 482.7239
2040.436 482.7434
2040.466 482.7218
2040.431 482.724
2040.431 482.758
2040.427 482.7786
2040.409 482.7278
2040.408 482.7285
2040.43 482.7562
2040.427 482.772
2040.405 482.779
2040.421 482.7516
2040.458 482.7317
2040.381 482.7545
2040.392 482.76
2040.396 482.7478
2040.346 482.759
2040.404 482.716
2040.425 482.7436
2040.357 482.765
2040.356 482.7844
2040.38 482.7292
2040.406 482.6922
2040.363 482.7587
2040.381 482.7754
2040.383 482.7647
2040.457 482.7128
2040.351 482.701
2040.393 482.7866
2040.42 482.8215
2040.407 482.7564
2040.37 482.7
2040.465 482.7353
2040.359 482.7751
2040.418 482.7417
2040.376 482.7402
2040.357 482.7581
2040.378 482.774
2040.422 482.7504
2040.397 482.6906
2040.344 482.707
2040.361 482.7546
2040.343 482.7826
2040.365 482.7086
2040.375 482.7238
2040.362 482.7588
2040.381 482.7651
2040.391 482.6774
2040.369 482.7213
2040.409 482.7448
2040.368 482.7332
2040.379 482.7365
2040.343 482.7556
2040.377 482.7458
2040.373 482.7159
2040.309 482.703
2040.397 482.7619
2040.361 482.7491
2040.415 482.7548
2040.295 482.7127
2040.358 482.7606
2040.336 482.7208
2040.319 482.6909
2040.343 482.7029
2040.357 482.7043
2040.35 482.7236
2040.361 482.766
2040.407 482.6963
2040.316 482.7503
2040.31 482.7307
2040.315 482.7309
2040.326 482.7659
2040.336 482.7678
2040.403 482.7259
2040.325 482.7183
2040.255 482.7264
2040.297 482.7684
2040.207 482.7729
2040.277 482.7393
2040.366 482.7403
2040.401 482.7546
2040.337 482.7593
2040.306 482.7253
2040.308 482.7328
2040.318 482.7477
2040.314 482.7797
2040.232 482.7508
2040.325 482.75
2040.332 482.7981
2040.326 482.7737
2040.419 482.7516
2040.378 482.7414
2040.337 482.7739
2040.391 482.7524
2040.303 482.7549
2040.357 482.7702
2040.386 482.8018
2040.416 482.7735
2040.408 482.7454
2040.371 482.7939
2040.342 482.7799
2040.359 482.7829
2040.352 482.7784
2040.313 482.7493
2040.397 482.7925
2040.407 482.7972
2040.391 482.7258
2040.384 482.7404
2040.311 482.8151
2040.314 482.7965
2040.373 482.7592
2040.273 482.8018
2040.281 482.8263
2040.288 482.7856
2040.366 482.7748
2040.297 482.7663
2040.373 482.7857
2040.414 482.7684
2040.333 482.7863
2040.33 482.8028
2040.329 482.8115
2040.371 482.7899
2040.35 482.8015
2040.319 482.8479
2040.369 482.8084
2040.361 482.8298
2040.359 482.808
2040.357 482.8074
2040.42 482.8325
2040.365 482.8301
2040.343 482.8152
2040.45 482.8146
2040.397 482.8394
2040.404 482.8663
2040.457 482.7838
2040.387 482.8522
2040.367 482.83
2040.45 482.7977
2040.342 482.8276
2040.429 482.7524
2040.429 482.8164
2040.42 482.8223
2040.396 482.8087
2040.389 482.8211
2040.405 482.7935
2040.385 482.7947
2040.383 482.7963
2040.398 482.7844
2040.317 482.8222
2040.445 482.8285
2040.357 482.7976
2040.397 482.7779
2040.416 482.7845
2040.441 482.7791
2040.397 482.7644
2040.379 482.7716
2040.355 482.7768
2040.402 482.7829
2040.357 482.7164
2040.436 482.7711
2040.382 482.7608
2040.375 482.7731
2040.424 482.7684
2040.388 482.7729
2040.374 482.7196
2040.499 482.6752
2040.462 482.7327
2040.391 482.729
2040.441 482.685
2040.451 482.7244
2040.416 482.7335
2040.391 482.735
2040.416 482.7136
2040.453 482.7249
2040.422 482.7296
2040.404 482.7166
2040.454 482.7087
2040.457 482.7249
2040.409 482.7117
2040.411 482.7166
2040.443 482.7387
2040.386 482.7029
2040.362 482.7048
2040.33 482.7088
2040.359 482.7175
2040.426 482.7183
2040.36 482.6993
2040.366 482.6775
2040.401 482.7345
2040.41 482.6925
2040.387 482.7125
2040.412 482.7656
2040.415 482.7181
2040.391 482.7109
2040.45 482.6935
2040.411 482.7102
2040.398 482.7232
2040.446 482.729
2040.421 482.7164
2040.373 482.7287
2040.415 482.7415
2040.417 482.6733
2040.46 482.7042
2040.436 482.7245
2040.439 482.7276
2040.478 482.7726
2040.379 482.7159
2040.427 482.7256
2040.461 482.7355
2040.469 482.7336
2040.437 482.7273
2040.477 482.7366
2040.46 482.7079
2040.42 482.7586
2040.424 482.7465
2040.411 482.7971
2040.427 482.7814
2040.52 482.7383
2040.539 482.7651
2040.443 482.738
2040.463 482.7457
2040.5 482.7525
2040.486 482.7274
2040.411 482.7351
2040.43 482.7394
2040.437 482.7183
2040.405 482.75
2040.416 482.7152
2040.463 482.6926
2040.528 482.7232
2040.436 482.7482
2040.48 482.7644
2040.373 482.7314
2040.353 482.7577
2040.35 482.7644
2040.398 482.7665
2040.407 482.7667
2040.366 482.7437
2040.377 482.786
2040.327 482.7679
2040.349 482.7529
2040.319 482.7724
2040.348 482.751
2040.385 482.7916
2040.345 482.7615
2040.363 482.7684
2040.339 482.7461
2040.349 482.7916
2040.333 482.7588
2040.276 482.7347
2040.245 482.7549
2040.315 482.7507
2040.314 482.7472
2040.254 482.7278
2040.346 482.7498
2040.198 482.7614
2040.283 482.7253
2040.216 482.7542
2040.257 482.7607
2040.244 482.7583
2040.254 482.7406
2040.289 482.7494
2040.273 482.7619
2040.228 482.7569
2040.28 482.7475
2040.282 482.7652
2040.316 482.7273
2040.291 482.7762
2040.348 482.7413
2040.324 482.7159
2040.275 482.7386
2040.282 482.733
2040.286 482.7446
2040.24 482.7687
2040.235 482.7675
2040.282 482.758
2040.315 482.7806
2040.327 482.7644
2040.346 482.7343
2040.331 482.731
2040.324 482.7819
2040.31 482.7728
2040.33 482.7659
2040.382 482.743
2040.324 482.7331
2040.319 482.756
2040.355 482.7435
2040.447 482.7593
2040.388 482.7501
2040.428 482.7506
2040.355 482.7641
2040.394 482.7449
2040.343 482.8057
2040.36 482.7699
2040.318 482.7104
2040.377 482.7603
2040.41 482.7186
2040.388 482.761
2040.37 482.7867
2040.37 482.7597
2040.33 482.757
2040.439 482.7979
2040.421 482.7874
2040.406 482.8016
2040.427 482.7887
2040.422 482.7938
2040.459 482.774
2040.438 482.8019
2040.393 482.7913
2040.394 482.791
2040.426 482.787
2040.425 482.7703
2040.418 482.8071
2040.401 482.7869
2040.417 482.7704
2040.429 482.782
2040.423 482.762
2040.394 482.7574
2040.372 482.808
2040.487 482.7589
2040.468 482.7731
2040.425 482.7971
2040.503 482.765
2040.523 482.7541
2040.447 482.7929
2040.421 482.7665
2040.416 482.8029
2040.435 482.7859
2040.415 482.7674
2040.465 482.7791
2040.443 482.7639
2040.433 482.7364
2040.488 482.7478
2040.49 482.7548
2040.517 482.7572
2040.41 482.7614
2040.488 482.761
2040.467 482.7927
2040.424 482.8264
2040.441 482.7859
2040.483 482.7762
2040.496 482.7477
2040.556 482.79
2040.475 482.7831
2040.443 482.8051
2040.534 482.7803
2040.487 482.7941
2040.501 482.8145
2040.502 482.7981
2040.454 482.7953
2040.432 482.7984
2040.363 482.8251
2040.394 482.8039
2040.445 482.7973
2040.398 482.7997
2040.37 482.7896
2040.336 482.8039
2040.382 482.7939
2040.421 482.7694
2040.358 482.8199
2040.433 482.7971
2040.461 482.7665
2040.426 482.7999
2040.365 482.7753
2040.35 482.7973
2040.362 482.7959
2040.283 482.8063
2040.364 482.7331
2040.408 482.7362
2040.359 482.761
2040.315 482.771
2040.31 482.8001
2040.425 482.7382
2040.311 482.7455
2040.311 482.7433
2040.285 482.7654
2040.31 482.7675
2040.293 482.6982
2040.277 482.7393
2040.366 482.7403
2040.401 482.7546
2040.337 482.7593
2040.306 482.7253
2040.308 482.7328
2040.318 482.7477
2040.314 482.7797
2040.232 482.7508
2040.325 482.75
2040.332 482.7981
2040.326 482.7737
2040.419 482.7516
2040.378 482.7414
2040.337 482.7739
2040.391 482.7524
2040.303 482.7549
2040.357 482.7702
2040.386 482.8018
2040.416 482.7735
2040.408 482.7454
2040.371 482.7939
2040.342 482.7799
2040.359 482.7829
2040.352 482.7784
2040.313 482.7493
2040.397 482.7925
2040.407 482.7972
2040.391 482.7258
2040.384 482.7404
2040.311 482.8151
2040.314 482.7965
2040.373 482.7592
2040.273 482.8018
2040.281 482.8263
2040.288 482.7856
2040.366 482.7748
2040.297 482.7663
2040.373 482.7857
2040.414 482.7684
2040.333 482.7863
2040.33 482.8028
2040.329 482.8115
2040.371 482.7899
2040.35 482.8015
2040.319 482.8479
2040.369 482.8084
2040.361 482.8298
2040.359 482.808
2040.357 482.8074
2040.42 482.8325
2040.365 482.8301
2040.343 482.8152
2040.45 482.8146
2040.397 482.8394
2040.404 482.8663
2040.457 482.7838
2040.387 482.8522
2040.367 482.83
2040.45 482.7977
2040.342 482.8276
2040.429 482.7524
2040.429 482.8164
2040.42 482.8223
2040.396 482.8087
2040.389 482.8211
2040.405 482.7935
2040.385 482.7947
2040.383 482.7963
2040.398 482.7844
2040.317 482.8222
2040.445 482.8285
2040.357 482.7976
2040.397 482.7779
2040.416 482.7845
2040.441 482.7791
2040.397 482.7644
2040.379 482.7716
2040.355 482.7768
2040.402 482.7829
2040.357 482.7164
2040.436 482.7711
2040.382 482.7608
2040.375 482.7731
2040.424 482.7684
2040.388 482.7729
2040.374 482.7196
2040.499 482.6752
2040.462 482.7327
2040.391 482.729
2040.441 482.685
2040.451 482.7244
2040.416 482.7335
2040.391 482.735
2040.416 482.7136
2040.453 482.7249
2040.422 482.7296
2040.404 482.7166
2040.454 482.7087
2040.457 482.7249
2040.409 482.7117
2040.411 482.7166
2040.443 482.7387
2040.386 482.7029
2040.362 482.7048
2040.33 482.7088
2040.359 482.7175
2040.426 482.7183
2040.36 482.6993
2040.366 482.6775
2040.401 482.7345
2040.41 482.6925
2040.387 482.7125
2040.412 482.7656
2040.415 482.7181
2040.391 482.7109
2040.45 482.6935
2040.411 482.7102
2040.398 482.7232
2040.446 482.729
2040.421 482.7164
2040.373 482.7287
2040.415 482.7415
2040.417 482.6733
2040.46 482.7042
2040.436 482.7245
2040.439 482.7276
2040.478 482.7726
2040.379 482.7159
2040.427 482.7256
2040.461 482.7355
2040.469 482.7336
2040.437 482.7273
2040.477 482.7366
2040.46 482.7079
2040.42 482.7586
2040.424 482.7465
2040.411 482.7971
2040.427 482.7814
2040.52 482.7383
2040.539 482.7651
2040.443 482.738
2040.463 482.7457
2040.5 482.7525
2040.486 482.7274
2040.411 482.7351
2040.43 482.7394
2040.437 482.7183
2040.405 482.75
2040.416 482.7152
2040.463 482.6926
2040.528 482.7232
2040.436 482.7482
2040.48 482.7644
2040.373 482.7314
2040.353 482.7577
2040.35 482.7644
2040.398 482.7665
2040.407 482.7667
2040.366 482.7437
2040.377 482.786
2040.327 482.7679
2040.349 482.7529
2040.319 482.7724
2040.348 482.751
2040.385 482.7916
2040.345 482.7615
2040.363 482.7684
2040.339 482.7461
2040.349 482.7916
2040.333 482.7588
2040.276 482.7347
2040.245 482.7549
2040.315 482.7507
2040.314 482.7472
2040.254 482.7278
2040.346 482.7498
2040.198 482.7614
2040.283 482.7253
2040.216 482.7542
2040.257 482.7607
2040.244 482.7583
2040.254 482.7406
2040.289 482.7494
2040.273 482.7619
2040.228 482.7569
2040.28 482.7475
2040.282 482.7652
2040.316 482.7273
2040.291 482.7762
2040.348 482.7413
2040.324 482.7159
2040.275 482.7386
2040.282 482.733
2040.286 482.7446
2040.24 482.7687
2040.235 482.7675
2040.282 482.758
2040.315 482.7806
2040.327 482.7644
2040.346 482.7343
2040.331 482.731
2040.324 482.7819
2040.31 482.7728
2040.33 482.7659
2040.382 482.743
2040.324 482.7331
2040.319 482.756
2040.355 482.7435
2040.447 482.7593
2040.388 482.7501
2040.428 482.7506
2040.355 482.7641
2040.394 482.7449
2040.343 482.8057
2040.36 482.7699
2040.318 482.7104
2040.377 482.7603
2040.41 482.7186
2040.388 482.761
2040.37 482.7867
2040.37 482.7597
2040.33 482.757
2040.439 482.7979
2040.421 482.7874
2040.406 482.8016
2040.427 482.7887
2040.422 482.7938
2040.459 482.774
2040.438 482.8019
2040.393 482.7913
2040.394 482.791
2040.426 482.787
2040.425 482.7703
2040.418 482.8071
2040.401 482.7869
2040.417 482.7704
2040.429 482.782
2040.423 482.762
2040.394 482.7574
2040.372 482.808
2040.487 482.7589
2040.468 482.7731
2040.425 482.7971
2040.503 482.765
2040.523 482.7541
2040.447 482.7929
2040.421 482.7665
2040.416 482.8029
2040.435 482.7859
2040.415 482.7674
2040.465 482.7791
2040.443 482.7639
2040.433 482.7364
2040.488 482.7478
2040.49 482.7548
2040.517 482.7572
2040.41 482.7614
2040.488 482.761
2040.467 482.7927
2040.424 482.8264
2040.441 482.7859
2040.483 482.7762
2040.496 482.7477
2040.556 482.79
2040.475 482.7831
2040.443 482.8051
2040.534 482.7803
2040.487 482.7941
2040.501 482.8145
2040.502 482.7981
2040.454 482.7953
2040.432 482.7984
2040.363 482.8251
2040.394 482.8039
2040.445 482.7973
2040.398 482.7997
2040.37 482.7896
2040.336 482.8039
2040.382 482.7939
2040.421 482.7694
2040.358 482.8199
2040.433 482.7971
2040.461 482.7665
2040.426 482.7999
2040.365 482.7753
2040.35 482.7973
2040.362 482.7959
2040.283 482.8063
2040.364 482.7331
2040.408 482.7362
2040.359 482.761
2040.315 482.771
2040.31 482.8001
2040.425 482.7382
2040.311 482.7455
2040.311 482.7433
2040.285 482.7654
2040.31 482.7675
2040.293 482.6982
2040.241 482.7263
2040.336 482.737
2040.356 482.7114
2040.366 482.7055
2040.376 482.7837
2040.404 482.7174
2040.356 482.7315
2040.342 482.7041
2040.384 482.7687
2040.37 482.7882
2040.357 482.778
2040.376 482.7423
2040.399 482.7544
2040.39 482.7646
2040.336 482.7512
2040.395 482.7374
2040.346 482.7631
2040.443 482.7548
2040.379 482.748
2040.406 482.7171
2040.403 482.7379
2040.412 482.7547
2040.367 482.7614
2040.344 482.7817
2040.449 482.7533
2040.362 482.7395
2040.41 482.7772
2040.438 482.7124
2040.396 482.7666
2040.389 482.7777
2040.384 482.7741
2040.407 482.7567
2040.4 482.7473
2040.357 482.7714
2040.391 482.7637
2040.404 482.7402
2040.373 482.7398
2040.32 482.7689
2040.429 482.7577
2040.403 482.77
2040.409 482.7728
2040.39 482.765
2040.403 482.7534
2040.411 482.7737
2040.369 482.7888
2040.469 482.7739
2040.463 482.7533
2040.462 482.7518
2040.43 482.7707
2040.49 482.7341
2040.496 482.765
2040.465 482.7606
2040.476 482.7508
2040.49 482.7741
2040.42 482.739
2040.407 482.7652
2040.418 482.7432
2040.364 482.7295
2040.492 482.7513
2040.404 482.7257
2040.441 482.7535
2040.393 482.7579
2040.418 482.7468
2040.364 482.7593
2040.417 482.7625
2040.422 482.7665
2040.382 482.7834
2040.45 482.7958
2040.453 482.7501
2040.431 482.7561
2040.413 482.8024
2040.415 482.768
2040.464 482.8014
2040.39 482.8128
2040.413 482.7715
2040.451 482.7421
2040.452 482.7679
2040.355 482.7793
2040.501 482.7656
2040.359 482.7586
2040.422 482.7758
2040.402 482.79
2040.439 482.7744
2040.444 482.7251
2040.446 482.7789
2040.411 482.8138
2040.443 482.796
2040.475 482.6922
2040.38 482.6898
2040.351 482.8205
2040.374 482.8167
2040.416 482.778
2040.414 482.7947
2040.387 482.8048
2040.38 482.8563
2040.436 482.8306
2040.405 482.8147
2040.38 482.8878
2040.487 482.9707
2040.437 482.8524
2040.524 482.7665
2040.552 482.7415
2040.373 482.7921
2040.485 482.7853
2040.459 482.7425
2040.356 482.7674
2040.42 482.7496
2040.515 482.7734
2040.428 482.8149
2040.484 482.808
2040.495 482.8296
2040.506 482.8375
2040.434 482.7975
2040.451 482.7784
2040.423 482.8071
2040.375 482.8278
2040.337 482.809
2040.397 482.8266
2040.446 482.8639
2040.485 482.8657
2040.528 482.7964
2040.517 482.7969
2040.482 482.8021
2040.421 482.8053
2040.433 482.7917
2040.393 482.7392
2040.415 482.7715
2040.418 482.7996
2040.412 482.8366
2040.454 482.8553
2040.628 482.856
2040.496 482.846
2040.518 482.8686
2040.478 482.8364
2040.507 482.7676
2040.426 482.7897
2040.391 482.82
2040.455 482.8176
2040.462 482.7974
2040.467 482.818
2040.481 482.8457
2040.573 482.9033
2040.605 482.9007
2040.536 482.8018
2040.555 482.8265
2040.432 482.8496
2040.446 482.8224
2040.472 482.7813
2040.512 482.8143
2040.516 482.8706
2040.552 482.8603
2040.568 482.8662
2040.59 482.8823
2040.559 482.8689
2040.5 482.8589
2040.464 482.8515
2040.479 482.841
2040.479 482.8568
2040.513 482.8509
2040.532 482.8557
2040.541 482.8144
2040.619 482.836
2040.521 482.8392
2040.54 482.8334
2040.515 482.7972
2040.531 482.8166
2040.568 482.7887
2040.53 482.8032
2040.573 482.8291
2040.508 482.8519
2040.544 482.8551
2040.528 482.8397
2040.539 482.845
2040.507 482.8302
2040.54 482.8364
2040.503 482.8241
2040.527 482.8256
2040.453 482.8159
2040.501 482.8237
2040.516 482.8192
2040.554 482.8185
2040.516 482.8468
2040.58 482.8543
2040.562 482.7985
2040.546 482.8259
2040.506 482.8454
2040.506 482.8305
2040.513 482.8147
2040.538 482.8351
2040.579 482.8242
2040.574 482.8375
2040.509 482.8138
2040.541 482.8292
2040.541 482.8368
2040.578 482.8404
2040.548 482.8281
2040.609 482.8182
2040.565 482.8421
2040.59 482.8372
2040.605 482.8444
2040.582 482.827
2040.556 482.8199
2040.545 482.8286
2040.503 482.8077
2040.551 482.7939
2040.603 482.8008
2040.539 482.8013
2040.557 482.8574
2040.609 482.7944
2040.557 482.7762
2040.526 482.7711
2040.518 482.806
2040.558 482.7756
2040.595 482.7668
2040.558 482.7625
2040.532 482.7804
2040.492 482.7889
2040.542 482.8045
2040.589 482.7593
2040.579 482.7795
2040.536 482.7916
2040.55 482.8108
2040.539 482.7989
2040.515 482.743
2040.533 482.7875
2040.52 482.7587
2040.547 482.8003
2040.528 482.7838
2040.552 482.7783
2040.574 482.7838
2040.594 482.7909
2040.567 482.7684
2040.55 482.7892
2040.588 482.7794
2040.56 482.7527
2040.581 482.8116
2040.54 482.7975
2040.557 482.8075
2040.455 482.8175
2040.564 482.8036
2040.542 482.819
2040.539 482.8109
2040.499 482.8472
2040.532 482.8096
2040.481 482.8227
2040.456 482.8115
2040.495 482.7987
2040.511 482.8309
2040.486 482.8128
2040.541 482.8006
2040.468 482.7888
2040.479 482.8007
2040.43 482.8016
2040.423 482.8093
2040.433 482.792
2040.462 482.8069
2040.422 482.8334
2040.4 482.7982
2040.449 482.7854
2040.34 482.8088
2040.424 482.8391
2040.389 482.8076
2040.404 482.7854
2040.433 482.7775
2040.391 482.8118
2040.442 482.8351
2040.402 482.8082
2040.437 482.7797
2040.411 482.7944
2040.412 482.7927
2040.447 482.8033
2040.416 482.7983
2040.406 482.8212
2040.344 482.7838
2040.453 482.8086
2040.442 482.7852
2040.415 482.8081
2040.497 482.7792
2040.445 482.8165
2040.46 482.8075
2040.456 482.7899
2040.481 482.7987
2040.432 482.8149
2040.438 482.7757
2040.417 482.7708
2040.416 482.762
2040.442 482.7694
2040.393 482.7759
2040.415 482.7918
2040.443 482.7817
2040.473 482.7703
2040.453 482.7809
2040.466 482.7668
2040.433 482.7601
2040.464 482.7801
2040.477 482.7699
2040.475 482.7879
2040.523 482.7623
2040.509 482.7868
2040.457 482.7921
2040.241 482.7263
2040.336 482.737
2040.356 482.7114
2040.366 482.7055
2040.376 482.7837
2040.404 482.7174
2040.356 482.7315
2040.342 482.7041
2040.384 482.7687
2040.37 482.7882
2040.357 482.778
2040.376 482.7423
2040.399 482.7544
2040.39 482.7646
2040.336 482.7512
2040.395 482.7374
2040.346 482.7631
2040.443 482.7548
2040.379 482.748
2040.406 482.7171
2040.403 482.7379
2040.412 482.7547
2040.367 482.7614
2040.344 482.7817
2040.449 482.7533
2040.362 482.7395
2040.41 482.7772
2040.438 482.7124
2040.396 482.7666
2040.389 482.7777
2040.384 482.7741
2040.407 482.7567
2040.4 482.7473
2040.357 482.7714
2040.391 482.7637
2040.404 482.7402
2040.373 482.7398
2040.32 482.7689
2040.429 482.7577
2040.403 482.77
2040.409 482.7728
2040.39 482.765
2040.403 482.7534
2040.411 482.7737
2040.369 482.7888
2040.469 482.7739
2040.463 482.7533
2040.462 482.7518
2040.43 482.7707
2040.49 482.7341
2040.496 482.765
2040.465 482.7606
2040.476 482.7508
2040.49 482.7741
2040.42 482.739
2040.407 482.7652
2040.418 482.7432
2040.364 482.7295
2040.492 482.7513
2040.404 482.7257
2040.441 482.7535
2040.393 482.7579
2040.418 482.7468
2040.364 482.7593
2040.417 482.7625
2040.422 482.7665
2040.382 482.7834
2040.45 482.7958
2040.453 482.7501
2040.431 482.7561
2040.413 482.8024
2040.415 482.768
2040.464 482.8014
2040.39 482.8128
2040.413 482.7715
2040.451 482.7421
2040.452 482.7679
2040.355 482.7793
2040.501 482.7656
2040.359 482.7586
2040.422 482.7758
2040.402 482.79
2040.439 482.7744
2040.444 482.7251
2040.446 482.7789
2040.411 482.8138
2040.443 482.796
2040.475 482.6922
2040.38 482.6898
2040.351 482.8205
2040.374 482.8167
2040.416 482.778
2040.414 482.7947
2040.387 482.8048
2040.38 482.8563
2040.436 482.8306
2040.405 482.8147
2040.38 482.8878
2040.487 482.9707
2040.437 482.8524
2040.524 482.7665
2040.552 482.7415
2040.373 482.7921
2040.485 482.7853
2040.459 482.7425
2040.356 482.7674
2040.42 482.7496
2040.515 482.7734
2040.428 482.8149
2040.484 482.808
2040.495 482.8296
2040.506 482.8375
2040.434 482.7975
2040.451 482.7784
2040.423 482.8071
2040.375 482.8278
2040.337 482.809
2040.397 482.8266
2040.446 482.8639
2040.485 482.8657
2040.528 482.7964
2040.517 482.7969
2040.482 482.8021
2040.421 482.8053
2040.433 482.7917
2040.393 482.7392
2040.415 482.7715
2040.418 482.7996
2040.412 482.8366
2040.454 482.8553
2040.628 482.856
2040.496 482.846
2040.518 482.8686
2040.478 482.8364
2040.507 482.7676
2040.426 482.7897
2040.391 482.82
2040.455 482.8176
2040.462 482.7974
2040.467 482.818
2040.481 482.8457
2040.573 482.9033
2040.605 482.9007
2040.536 482.8018
2040.555 482.8265
2040.432 482.8496
2040.446 482.8224
2040.472 482.7813
2040.512 482.8143
2040.516 482.8706
2040.552 482.8603
2040.568 482.8662
2040.59 482.8823
2040.559 482.8689
2040.5 482.8589
2040.464 482.8515
2040.479 482.841
2040.479 482.8568
2040.513 482.8509
2040.532 482.8557
2040.541 482.8144
2040.619 482.836
2040.521 482.8392
2040.54 482.8334
2040.515 482.7972
2040.531 482.8166
2040.568 482.7887
2040.53 482.8032
2040.573 482.8291
2040.508 482.8519
2040.544 482.8551
2040.528 482.8397
2040.539 482.845
2040.507 482.8302
2040.54 482.8364
2040.503 482.8241
2040.527 482.8256
2040.453 482.8159
2040.501 482.8237
2040.516 482.8192
2040.554 482.8185
2040.516 482.8468
2040.58 482.8543
2040.562 482.7985
2040.546 482.8259
2040.506 482.8454
2040.506 482.8305
2040.513 482.8147
2040.538 482.8351
2040.579 482.8242
2040.574 482.8375
2040.509 482.8138
2040.541 482.8292
2040.541 482.8368
2040.578 482.8404
2040.548 482.8281
2040.609 482.8182
2040.565 482.8421
2040.59 482.8372
2040.605 482.8444
2040.582 482.827
2040.556 482.8199
2040.545 482.8286
2040.503 482.8077
2040.551 482.7939
2040.603 482.8008
2040.539 482.8013
2040.557 482.8574
2040.609 482.7944
2040.557 482.7762
2040.526 482.7711
2040.518 482.806
2040.558 482.7756
2040.595 482.7668
2040.558 482.7625
2040.532 482.7804
2040.492 482.7889
2040.542 482.8045
2040.589 482.7593
2040.579 482.7795
2040.536 482.7916
2040.55 482.8108
2040.539 482.7989
2040.515 482.743
2040.533 482.7875
2040.52 482.7587
2040.547 482.8003
2040.528 482.7838
2040.552 482.7783
2040.574 482.7838
2040.594 482.7909
2040.567 482.7684
2040.55 482.7892
2040.588 482.7794
2040.56 482.7527
2040.581 482.8116
2040.54 482.7975
2040.557 482.8075
2040.455 482.8175
2040.564 482.8036
2040.542 482.819
2040.539 482.8109
2040.499 482.8472
2040.532 482.8096
2040.481 482.8227
2040.456 482.8115
2040.495 482.7987
2040.511 482.8309
2040.486 482.8128
2040.541 482.8006
2040.468 482.7888
2040.479 482.8007
2040.43 482.8016
2040.423 482.8093
2040.433 482.792
2040.462 482.8069
2040.422 482.8334
2040.4 482.7982
2040.449 482.7854
2040.34 482.8088
2040.424 482.8391
2040.389 482.8076
2040.404 482.7854
2040.433 482.7775
2040.391 482.8118
2040.442 482.8351
2040.402 482.8082
2040.437 482.7797
2040.411 482.7944
2040.412 482.7927
2040.447 482.8033
2040.416 482.7983
2040.406 482.8212
2040.344 482.7838
2040.453 482.8086
2040.442 482.7852
2040.415 482.8081
2040.497 482.7792
2040.445 482.8165
2040.46 482.8075
2040.456 482.7899
2040.481 482.7987
2040.432 482.8149
2040.438 482.7757
2040.417 482.7708
2040.416 482.762
2040.442 482.7694
2040.393 482.7759
2040.415 482.7918
2040.443 482.7817
2040.473 482.7703
2040.453 482.7809
2040.466 482.7668
2040.433 482.7601
2040.464 482.7801
2040.477 482.7699
2040.475 482.7879
2040.523 482.7623
2040.509 482.7868
2040.457 482.7921
