1920 480
1787.21 491.9866
1787.15 492.0254
1787.152 492.0185
1787.171 492.0158
1787.151 492.0153
1787.155 492.0199
1787.163 492.0236
1787.13 492.0043
1787.163 491.9767
1787.072 491.9805
1787.098 491.9623
1787.09 491.9784
1787.104 491.9805
1787.102 491.9653
1787.096 491.9648
1787.108 491.9626
1787.065 491.9576
1787.077 491.9548
1787.05 491.9603
1787.107 491.9518
1787.068 491.9438
1787.077 491.9554
1787.087 491.9594
1787.098 491.9671
1787.098 491.9546
1787.148 491.9574
1787.162 491.9742
1787.146 491.9651
1787.161 491.9722
1787.161 491.9813
1787.152 491.9992
1787.184 491.995
1787.175 492.0007
1787.157 491.9722
1787.201 491.9816
1787.195 492.0065
1787.169 491.9929
1787.158 491.9944
1787.146 491.9959
1787.118 491.9692
1787.137 491.9791
1787.155 491.9627
1787.141 491.9858
1787.17 491.9948
1787.122 491.969
1787.165 491.9813
1787.126 491.9865
1787.131 491.9712
1787.152 491.9688
1787.162 491.9576
1787.168 491.9615
1787.183 491.9589
1787.197 491.9697
1787.205 491.9681
1787.238 491.9647
1787.239 491.947
1787.225 491.9165
1787.209 491.9363
1787.244 491.9613
1787.277 491.9589
1787.279 491.9809
1787.308 491.9635
1787.37 491.999
1787.341 491.9912
1787.339 491.9929
1787.414 491.9977
1787.455 492.0012
1787.422 491.9899
1787.406 492.0032
1787.407 492.0086
1787.423 492.0135
1787.442 491.9975
1787.449 491.9876
1787.457 491.9864
1787.437 491.9792
1787.415 491.9658
1787.484 491.9745
1787.463 491.9671
1787.436 491.9722
1787.436 491.9768
1787.441 491.946
1787.453 491.9683
1787.443 491.9605
1787.404 491.9644
1787.425 491.9734
1787.441 491.9705
1787.408 491.9713
1787.397 491.9702
1787.398 491.9778
1787.387 491.9686
1787.387 491.966
1787.349 492.0054
1787.35 491.9866
1787.362 491.9871
1787.358 491.9814
1787.298 491.9971
1787.317 492.0099
1787.305 492.011
1787.317 492.0091
1787.304 492.0038
1787.304 492.0076
1787.295 492.0029
1787.257 491.9989
1787.345 491.9499
1787.27 491.9952
1787.284 491.996
1787.296 491.9793
1787.299 491.9866
1787.286 492.012
1787.289 492.0028
1787.263 492.0121
1787.236 491.9951
1787.275 491.9894
1787.249 492.0143
1787.26 492.0027
1787.308 491.9825
1787.27 492.0097
1787.261 492.0303
1787.261 492.0111
1787.245 492.0014
1787.26 492.0183
1787.275 492.0188
1787.273 491.9954
1787.218 491.9876
1787.247 491.9864
1787.219 491.9964
1787.217 491.9983
1787.239 491.9936
1787.237 492.0095
1787.21 492.0127
1787.239 492.0051
1787.271 491.9912
1787.239 492.0037
1787.225 492.013
1787.205 491.9959
1787.242 491.9948
1787.221 492.0036
1787.227 492.003
1787.23 491.9922
1787.223 492.0045
1787.226 492.0204
1787.198 492.0114
1787.189 492.0121
1787.222 492.0018
1787.221 492.0106
1787.174 492.0007
1787.17 491.9974
1787.165 491.9986
1787.162 492.0084
1787.143 491.9952
1787.115 492.0058
1787.12 491.9962
1787.076 491.9832
1787.097 491.9734
1787.049 491.992
1787.06 491.9903
1787.015 491.9714
1787.02 491.9767
1787 491.9663
1787.02 491.9708
1787.027 491.9809
1787.01 491.9885
1786.996 491.9759
1786.954 491.9689
1786.969 491.9548
1786.948 491.9684
1786.925 491.9597
1786.906 491.9591
1786.934 491.9572
1786.953 491.9619
1786.95 491.9617
1786.96 491.9539
1786.929 491.9384
1786.943 491.9601
1786.958 491.9422
1786.96 491.9609
1786.943 491.9526
1786.964 491.9548
1786.961 491.9433
1786.967 491.9503
1786.969 491.9421
1786.963 491.9582
1786.956 491.9593
1786.961 491.9663
1786.976 491.9616
1786.977 491.9637
1787 491.9761
1787.039 491.9489
1787.021 491.9503
1787.015 491.9444
1787.059 491.9415
1787.06 491.9521
1787.068 491.9565
1787.071 491.9423
1787.056 491.9254
1787.049 491.9276
1787.054 491.9289
1787.075 491.9223
1787.075 491.9291
1787.071 491.9236
1787.076 491.9218
1787.091 491.9306
1787.093 491.9309
1787.095 491.9186
1787.09 491.9168
1787.157 491.9065
1787.111 491.9044
1787.105 491.9134
1787.091 491.9135
1787.134 491.8977
1787.1 491.8981
1787.124 491.882
1787.121 491.9014
1787.124 491.8913
1787.124 491.9083
1787.137 491.9095
1787.125 491.9092
1787.123 491.9134
1787.12 491.9177
1787.096 491.8927
1787.089 491.8711
1787.093 491.8844
1787.088 491.8905
1787.107 491.8902
1787.114 491.9084
1787.101 491.8945
1787.101 491.8894
1787.094 491.8925
1787.087 491.8974
1787.106 491.9034
1787.109 491.9125
1787.091 491.9067
1787.129 491.8907
1787.086 491.8999
1787.131 491.9003
1787.095 491.9068
1787.079 491.9
1787.064 491.8983
1787.057 491.8907
1787.054 491.8953
1787.076 491.8931
1787.067 491.8918
1787.074 491.9124
1787.082 491.9189
1787.042 491.9204
1787.068 491.9202
1787.062 491.9192
1787.031 491.9164
1787.051 491.9026
1787.035 491.9211
1787.086 491.9099
1787.065 491.9207
1787.112 491.9134
1787.084 491.8911
1787.095 491.895
1787.074 491.8983
1787.073 491.8996
1787.063 491.907
1787.073 491.9001
1787.062 491.8955
1787.089 491.8927
1787.054 491.926
1787.075 491.9272
1787.075 491.9574
1787.054 491.9262
1787.082 491.9134
1787.077 491.9208
1787.072 491.8955
1787.055 491.9761
1787.114 491.9413
1787.121 491.9369
1787.122 491.9369
1787.124 491.9369
1787.125 491.9368
1787.066 491.925
1787.078 491.9744
1787.12 491.9113
1787.093 491.9406
1787.099 491.9616
1787.085 491.9243
1787.063 491.9452
1787.089 491.9577
1787.102 491.9662
1787.067 491.9398
1787.095 491.9413
1787.105 491.9361
1787.151 491.9391
1787.102 491.9466
1787.127 491.9361
1787.154 491.9549
1787.116 491.9561
1787.134 491.9081
1787.139 491.9149
1787.164 491.9473
1787.164 491.9297
1787.148 491.9279
1787.156 491.9391
1787.172 491.9613
1787.18 491.9423
1920 480
1787.21 491.9866
1787.15 492.0254
1787.152 492.0185
1787.171 492.0158
1787.151 492.0153
1787.155 492.0199
1787.163 492.0236
1787.13 492.0043
1787.163 491.9767
1787.072 491.9805
1787.098 491.9623
1787.09 491.9784
1787.104 491.9805
1787.102 491.9653
1787.096 491.9648
1787.108 491.9626
1787.065 491.9576
1787.077 491.9548
1787.05 491.9603
1787.107 491.9518
1787.068 491.9438
1787.077 491.9554
1787.087 491.9594
1787.098 491.9671
1787.098 491.9546
1787.148 491.9574
1787.162 491.9742
1787.146 491.9651
1787.161 491.9722
1787.161 491.9813
1787.152 491.9992
1787.184 491.995
1787.175 492.0007
1787.157 491.9722
1787.201 491.9816
1787.195 492.0065
1787.169 491.9929
1787.158 491.9944
1787.146 491.9959
1787.118 491.9692
1787.137 491.9791
1787.155 491.9627
1787.141 491.9858
1787.17 491.9948
1787.122 491.969
1787.165 491.9813
1787.126 491.9865
1787.131 491.9712
1787.152 491.9688
1787.162 491.9576
1787.168 491.9615
1787.183 491.9589
1787.197 491.9697
1787.205 491.9681
1787.238 491.9647
1787.239 491.947
1787.225 491.9165
1787.209 491.9363
1787.244 491.9613
1787.277 491.9589
1787.279 491.9809
1787.308 491.9635
1787.37 491.999
1787.341 491.9912
1787.339 491.9929
1787.414 491.9977
1787.455 492.0012
1787.422 491.9899
1787.406 492.0032
1787.407 492.0086
1787.423 492.0135
1787.442 491.9975
1787.449 491.9876
1787.457 491.9864
1787.437 491.9792
1787.415 491.9658
1787.484 491.9745
1787.463 491.9671
1787.436 491.9722
1787.436 491.9768
1787.441 491.946
1787.453 491.9683
1787.443 491.9605
1787.404 491.9644
1787.425 491.9734
1787.441 491.9705
1787.408 491.9713
1787.397 491.9702
1787.398 491.9778
1787.387 491.9686
1787.387 491.966
1787.349 492.0054
1787.35 491.9866
1787.362 491.9871
1787.358 491.9814
1787.298 491.9971
1787.317 492.0099
1787.305 492.011
1787.317 492.0091
1787.304 492.0038
1787.304 492.0076
1787.295 492.0029
1787.257 491.9989
1787.345 491.9499
1787.27 491.9952
1787.284 491.996
1787.296 491.9793
1787.299 491.9866
1787.286 492.012
1787.289 492.0028
1787.263 492.0121
1787.236 491.9951
1787.275 491.9894
1787.249 492.0143
1787.26 492.0027
1787.308 491.9825
1787.27 492.0097
1787.261 492.0303
1787.261 492.0111
1787.245 492.0014
1787.26 492.0183
1787.275 492.0188
1787.273 491.9954
1787.218 491.9876
1787.247 491.9864
1787.219 491.9964
1787.217 491.9983
1787.239 491.9936
1787.237 492.0095
1787.21 492.0127
1787.239 492.0051
1787.271 491.9912
1787.239 492.0037
1787.225 492.013
1787.205 491.9959
1787.242 491.9948
1787.221 492.0036
1787.227 492.003
1787.23 491.9922
1787.223 492.0045
1787.226 492.0204
1787.198 492.0114
1787.189 492.0121
1787.222 492.0018
1787.221 492.0106
1787.174 492.0007
1787.17 491.9974
1787.165 491.9986
1787.162 492.0084
1787.143 491.9952
1787.115 492.0058
1787.12 491.9962
1787.076 491.9832
1787.097 491.9734
1787.049 491.992
1787.06 491.9903
1787.015 491.9714
1787.02 491.9767
1787 491.9663
1787.02 491.9708
1787.027 491.9809
1787.01 491.9885
1786.996 491.9759
1786.954 491.9689
1786.969 491.9548
1786.948 491.9684
1786.925 491.9597
1786.906 491.9591
1786.934 491.9572
1786.953 491.9619
1786.95 491.9617
1786.96 491.9539
1786.929 491.9384
1786.943 491.9601
1786.958 491.9422
1786.96 491.9609
1786.943 491.9526
1786.964 491.9548
1786.961 491.9433
1786.967 491.9503
1786.969 491.9421
1786.963 491.9582
1786.956 491.9593
1786.961 491.9663
1786.976 491.9616
1786.977 491.9637
1787 491.9761
1787.039 491.9489
1787.021 491.9503
1787.015 491.9444
1787.059 491.9415
1787.06 491.9521
1787.068 491.9565
1787.071 491.9423
1787.056 491.9254
1787.049 491.9276
1787.054 491.9289
1787.075 491.9223
1787.075 491.9291
1787.071 491.9236
1787.076 491.9218
1787.091 491.9306
1787.093 491.9309
1787.095 491.9186
1787.09 491.9168
1787.157 491.9065
1787.111 491.9044
1787.105 491.9134
1787.091 491.9135
1787.134 491.8977
1787.1 491.8981
1787.124 491.882
1787.121 491.9014
1787.124 491.8913
1787.124 491.9083
1787.137 491.9095
1787.125 491.9092
1787.123 491.9134
1787.12 491.9177
1787.096 491.8927
1787.089 491.8711
1787.093 491.8844
1787.088 491.8905
1787.107 491.8902
1787.114 491.9084
1787.101 491.8945
1787.101 491.8894
1787.094 491.8925
1787.087 491.8974
1787.106 491.9034
1787.109 491.9125
1787.091 491.9067
1787.129 491.8907
1787.086 491.8999
1787.131 491.9003
1787.095 491.9068
1787.079 491.9
1787.064 491.8983
1787.057 491.8907
1787.054 491.8953
1787.076 491.8931
1787.067 491.8918
1787.074 491.9124
1787.082 491.9189
1787.042 491.9204
1787.068 491.9202
1787.062 491.9192
1787.031 491.9164
1787.051 491.9026
1787.035 491.9211
1787.086 491.9099
1787.065 491.9207
1787.112 491.9134
1787.084 491.8911
1787.095 491.895
1787.074 491.8983
1787.073 491.8996
1787.063 491.907
1787.073 491.9001
1787.062 491.8955
1787.089 491.8927
1787.054 491.926
1787.075 491.9272
1787.075 491.9574
1787.054 491.9262
1787.082 491.9134
1787.077 491.9208
1787.072 491.8955
1787.055 491.9761
1787.114 491.9413
1787.121 491.9369
1787.122 491.9369
1787.124 491.9369
1787.125 491.9368
1787.066 491.925
1787.078 491.9744
1787.12 491.9113
1787.093 491.9406
1787.099 491.9616
1787.085 491.9243
1787.063 491.9452
1787.089 491.9577
1787.102 491.9662
1787.067 491.9398
1787.095 491.9413
1787.105 491.9361
1787.151 491.9391
1787.102 491.9466
1787.127 491.9361
1787.154 491.9549
1787.116 491.9561
1787.134 491.9081
1787.139 491.9149
1787.164 491.9473
1787.164 491.9297
1787.148 491.9279
1787.156 491.9391
1787.172 491.9613
1787.18 491.9423
1787.171 491.9487
1787.172 491.9372
1787.207 491.9258
1787.206 491.923
1787.205 491.9539
1787.2 491.9192
1787.209 491.946
1787.231 491.9583
1787.241 491.919
1787.239 491.9722
1787.248 491.9345
1787.275 491.9622
1787.271 491.9662
1787.293 491.9353
1787.295 491.9264
1787.342 491.9484
1787.343 491.9637
1787.353 491.9751
1787.361 492.0024
1787.375 492.0024
1787.419 492.0149
1787.397 492.008
1787.468 492.0608
1787.426 492.0552
1787.446 492.0519
1787.481 492.0438
1787.489 492.0204
1787.516 492.0368
1787.541 492.0383
1787.519 492.0434
1787.547 492.048
1787.559 492.0468
1787.559 492.0566
1787.6 492.0458
1787.567 492.0387
1787.587 492.0344
1787.645 492.0283
1787.621 492.033
1787.647 492.0341
1787.651 492.0334
1787.682 492.0364
1787.677 492.0428
1787.664 492.0332
1787.703 492.0342
1787.714 492.0449
1787.742 492.0721
1787.732 492.0236
1787.704 492.0332
1787.74 492.0578
1787.737 492.0995
1787.795 492.0154
1787.754 492.0454
1787.682 492.0404
1787.755 492.0259
1787.795 492.0349
1787.701 492.0135
1787.728 492.0308
1787.715 492.0267
1787.799 492.0261
1787.828 492.0209
1787.713 491.9779
1787.764 491.9854
1787.673 491.9706
1787.714 492.0098
1787.723 492.0332
1787.667 492.0003
1787.703 491.953
1787.747 491.9926
1787.699 492.0374
1787.713 492.0094
1787.732 491.9969
1787.669 492.041
1787.625 492.0342
1787.563 492.0129
1787.625 492.0058
1787.594 491.9881
1787.577 492.054
1787.568 492.0619
1787.56 492.07
1787.593 492.0389
1787.547 492.0136
1787.522 491.9929
1787.562 492.0367
1787.586 492.0427
1787.559 492.0332
1787.582 492.0547
1787.493 492.0013
1787.463 492.0101
1787.517 491.9419
1787.502 491.9689
1787.507 491.9971
1787.512 492.0016
1787.398 491.9208
1787.479 491.9703
1787.441 491.9547
1787.443 491.9026
1787.451 491.8914
1787.441 491.952
1787.367 491.9626
1787.401 491.8752
1787.412 491.8322
1787.292 491.9163
1787.318 491.9336
1787.298 491.8246
1787.309 491.8812
1787.264 491.8634
1787.352 491.9472
1787.3 491.8825
1787.255 491.8484
1787.25 491.8737
1787.306 491.8752
1787.301 491.8977
1787.315 491.8763
1787.166 491.8589
1787.232 491.9256
1787.251 491.8836
1787.261 491.8679
1787.269 491.9095
1787.3 491.8619
1787.185 491.8568
1787.234 491.8885
1787.215 491.9144
1787.156 491.7967
1787.269 491.8494
1787.225 491.889
1787.101 491.8909
1787.258 491.813
1787.225 491.8087
1787.167 491.9126
1787.236 491.9103
1787.151 491.9041
1787.192 491.9066
1787.232 491.887
1787.236 491.8424
1787.136 491.8811
1787.161 491.9068
1787.22 491.8578
1787.142 491.9056
1920 491.8833
1920 491.8643
1920 491.8909
1920 491.8924
1920 491.8985
1920 491.9413
1920 491.9223
1920 491.9186
1920 491.8684
1920 491.8321
1920 491.9347
1920 491.9412
1920 491.8825
1921.184 491.9104
1922.413 491.9145
1923.475 491.8876
1927.33 491.9132
1927.173 491.9085
1926.719 491.9147
1926.974 491.902
1927.361 491.9003
1927.301 491.9419
1926.85 491.9101
1927.609 491.9539
1926.244 491.9334
1927.655 491.9015
1927.358 491.9196
1926.722 491.9226
1927.563 491.8969
1926.751 491.8781
1926.965 491.9205
1926.889 491.9334
1926.827 491.9004
1923.957 491.8877
1921.667 491.9024
1920.296 491.9072
1920.041 491.9255
1920 491.9126
1920 491.9274
1920 491.9016
1920 491.8905
1920 491.9054
1920 491.9061
1920 491.8623
1919.7 491.8964
1919.133 491.896
1919.013 491.8956
1918.925 491.8928
1919.015 491.9122
1919.394 491.9198
1920 491.9163
1920 491.9287
1920 491.933
1920 491.9134
1920 491.9354
1920 491.9337
1920 491.9194
1920 491.9866
1920 491.9792
1920 491.9719
1920 491.9644
1920 491.9697
1920 491.9364
1920 491.9675
1920 491.9865
1920 491.9506
1920 491.9941
1920 491.9657
1920 491.9883
1920 491.9937
1920 491.9624
1920 491.9758
1920 491.9926
1920 491.9637
1920 492.024
1920 491.989
1920 491.9851
1920 492.0265
1920 491.973
1920 491.9557
1920 491.9922
1920 491.9856
1920 491.9857
1920 491.9892
1920 491.9888
1920 491.9709
1920 491.9805
1920.004 491.9462
1919.903 491.9813
1919.895 491.9841
1919.827 491.9812
1919.954 491.9578
1919.921 491.9639
1919.978 492.0045
1919.975 492.0106
1920.015 491.9765
1919.637 492.0159
1919.181 491.9824
1918.171 491.9684
1917.59 491.9725
1917.591 491.9797
1917.349 491.9432
1913.835 491.9774
1916.627 491.9554
1915.964 491.956
1915.464 491.9625
1915.334 491.9505
1914.089 491.9466
1898.144 491.9645
1911.887 491.9535
1912.823 491.9534
1912.989 491.9686
1913.337 491.9408
1912.718 491.9351
1912.549 491.9537
1913.018 491.9926
1913.517 491.9552
1913.432 491.9509
1913.974 491.9593
1914.38 491.9751
1914.755 491.9632
1916.456 491.9646
1919.725 492.0042
1920.17 491.9771
1922.403 491.9756
1921.93 491.9662
1922.099 491.9732
1921.638 491.8711
1921.92 491.9589
1921.978 492.0613
1921.931 491.8943
1921.631 491.9193
1919.483 492.0092
1917.241 491.9985
1914.747 491.9193
1913.26 491.9801
1912.595 491.9709
1913.112 491.974
1912.42 491.9387
1912.888 491.9412
1912.38 491.9072
1913.077 491.9224
1912.496 491.919
1906.307 491.9376
1910.101 491.9186
1913.882 491.9179
1915.867 491.9185
1918.701 491.8975
1919.856 491.8705
1920 491.9075
1920 491.9026
1920 491.9115
1920 491.9043
1920 491.9317
1920.129 491.9048
1921.705 491.9243
1933.578 491.9543
1931.688 491.9562
1924.842 491.9467
1925.094 491.9395
1921.666 491.9936
1920 492.0015
1787.171 491.9487
1787.172 491.9372
1787.207 491.9258
1787.206 491.923
1787.205 491.9539
1787.2 491.9192
1787.209 491.946
1787.231 491.9583
1787.241 491.919
1787.239 491.9722
1787.248 491.9345
1787.275 491.9622
1787.271 491.9662
1787.293 491.9353
1787.295 491.9264
1787.342 491.9484
1787.343 491.9637
1787.353 491.9751
1787.361 492.0024
1787.375 492.0024
1787.419 492.0149
1787.397 492.008
1787.468 492.0608
1787.426 492.0552
1787.446 492.0519
1787.481 492.0438
1787.489 492.0204
1787.516 492.0368
1787.541 492.0383
1787.519 492.0434
1787.547 492.048
1787.559 492.0468
1787.559 492.0566
1787.6 492.0458
1787.567 492.0387
1787.587 492.0344
1787.645 492.0283
1787.621 492.033
1787.647 492.0341
1787.651 492.0334
1787.682 492.0364
1787.677 492.0428
1787.664 492.0332
1787.703 492.0342
1787.714 492.0449
1787.742 492.0721
1787.732 492.0236
1787.704 492.0332
1787.74 492.0578
1787.737 492.0995
1787.795 492.0154
1787.754 492.0454
1787.682 492.0404
1787.755 492.0259
1787.795 492.0349
1787.701 492.0135
1787.728 492.0308
1787.715 492.0267
1787.799 492.0261
1787.828 492.0209
1787.713 491.9779
1787.764 491.9854
1787.673 491.9706
1787.714 492.0098
1787.723 492.0332
1787.667 492.0003
1787.703 491.953
1787.747 491.9926
1787.699 492.0374
1787.713 492.0094
1787.732 491.9969
1787.669 492.041
1787.625 492.0342
1787.563 492.0129
1787.625 492.0058
1787.594 491.9881
1787.577 492.054
1787.568 492.0619
1787.56 492.07
1787.593 492.0389
1787.547 492.0136
1787.522 491.9929
1787.562 492.0367
1787.586 492.0427
1787.559 492.0332
1787.582 492.0547
1787.493 492.0013
1787.463 492.0101
1787.517 491.9419
1787.502 491.9689
1787.507 491.9971
1787.512 492.0016
1787.398 491.9208
1787.479 491.9703
1787.441 491.9547
1787.443 491.9026
1787.451 491.8914
1787.441 491.952
1787.367 491.9626
1787.401 491.8752
1787.412 491.8322
1787.292 491.9163
1787.318 491.9336
1787.298 491.8246
1787.309 491.8812
1787.264 491.8634
1787.352 491.9472
1787.3 491.8825
1787.255 491.8484
1787.25 491.8737
1787.306 491.8752
1787.301 491.8977
1787.315 491.8763
1787.166 491.8589
1787.232 491.9256
1787.251 491.8836
1787.261 491.8679
1787.269 491.9095
1787.3 491.8619
1787.185 491.8568
1787.234 491.8885
1787.215 491.9144
1787.156 491.7967
1787.269 491.8494
1787.225 491.889
1787.101 491.8909
1787.258 491.813
1787.225 491.8087
1787.167 491.9126
1787.236 491.9103
1787.151 491.9041
1787.192 491.9066
1787.232 491.887
1787.236 491.8424
1787.136 491.8811
1787.161 491.9068
1787.22 491.8578
1787.142 491.9056
1920 491.8833
1920 491.8643
1920 491.8909
1920 491.8924
1920 491.8985
1920 491.9413
1920 491.9223
1920 491.9186
1920 491.8684
1920 491.8321
1920 491.9347
1920 491.9412
1920 491.8825
1921.184 491.9104
1922.413 491.9145
1923.475 491.8876
1927.33 491.9132
1927.173 491.9085
1926.719 491.9147
1926.974 491.902
1927.361 491.9003
1927.301 491.9419
1926.85 491.9101
1927.609 491.9539
1926.244 491.9334
1927.655 491.9015
1927.358 491.9196
1926.722 491.9226
1927.563 491.8969
1926.751 491.8781
1926.965 491.9205
1926.889 491.9334
1926.827 491.9004
1923.957 491.8877
1921.667 491.9024
1920.296 491.9072
1920.041 491.9255
1920 491.9126
1920 491.9274
1920 491.9016
1920 491.8905
1920 491.9054
1920 491.9061
1920 491.8623
1919.7 491.8964
1919.133 491.896
1919.013 491.8956
1918.925 491.8928
1919.015 491.9122
1919.394 491.9198
1920 491.9163
1920 491.9287
1920 491.933
1920 491.9134
1920 491.9354
1920 491.9337
1920 491.9194
1920 491.9866
1920 491.9792
1920 491.9719
1920 491.9644
1920 491.9697
1920 491.9364
1920 491.9675
1920 491.9865
1920 491.9506
1920 491.9941
1920 491.9657
1920 491.9883
1920 491.9937
1920 491.9624
1920 491.9758
1920 491.9926
1920 491.9637
1920 492.024
1920 491.989
1920 491.9851
1920 492.0265
1920 491.973
1920 491.9557
1920 491.9922
1920 491.9856
1920 491.9857
1920 491.9892
1920 491.9888
1920 491.9709
1920 491.9805
1920.004 491.9462
1919.903 491.9813
1919.895 491.9841
1919.827 491.9812
1919.954 491.9578
1919.921 491.9639
1919.978 492.0045
1919.975 492.0106
1920.015 491.9765
1919.637 492.0159
1919.181 491.9824
1918.171 491.9684
1917.59 491.9725
1917.591 491.9797
1917.349 491.9432
1913.835 491.9774
1916.627 491.9554
1915.964 491.956
1915.464 491.9625
1915.334 491.9505
1914.089 491.9466
1898.144 491.9645
1911.887 491.9535
1912.823 491.9534
1912.989 491.9686
1913.337 491.9408
1912.718 491.9351
1912.549 491.9537
1913.018 491.9926
1913.517 491.9552
1913.432 491.9509
1913.974 491.9593
1914.38 491.9751
1914.755 491.9632
1916.456 491.9646
1919.725 492.0042
1920.17 491.9771
1922.403 491.9756
1921.93 491.9662
1922.099 491.9732
1921.638 491.8711
1921.92 491.9589
1921.978 492.0613
1921.931 491.8943
1921.631 491.9193
1919.483 492.0092
1917.241 491.9985
1914.747 491.9193
1913.26 491.9801
1912.595 491.9709
1913.112 491.974
1912.42 491.9387
1912.888 491.9412
1912.38 491.9072
1913.077 491.9224
1912.496 491.919
1906.307 491.9376
1910.101 491.9186
1913.882 491.9179
1915.867 491.9185
1918.701 491.8975
1919.856 491.8705
1920 491.9075
1920 491.9026
1920 491.9115
1920 491.9043
1920 491.9317
1920.129 491.9048
1921.705 491.9243
1933.578 491.9543
1931.688 491.9562
1924.842 491.9467
1925.094 491.9395
1921.666 491.9936
1920 492.0015
1920 491.962
1920 492.0396
1919.075 491.977
1915.364 491.9613
1912.758 491.9677
1913.133 491.9722
1912.579 492.0103
1912.806 491.9903
1912.707 491.9436
1913.331 491.9854
1913.042 491.9626
1912.963 491.9464
1912.949 491.9389
1912.673 491.9377
1912.911 491.9855
1912.26 491.921
1914.376 491.9395
1917.813 491.9818
1920.058 491.9282
1920 491.9478
1920.178 491.927
1922.036 491.912
1926.01 491.951
1926.972 491.9391
1927.747 491.8731
1927.053 491.901
1927.794 491.9587
1926.163 491.9038
1927.174 491.8977
1927.738 491.9346
1926.935 491.9326
1927.02 491.9204
1925.622 491.9068
1922.828 491.9025
1920 491.9041
1920 491.9246
1920 491.9219
1920 491.9318
1920 491.94
1920 491.89
1918.491 491.9326
1916.399 491.9393
1913.243 491.929
1912.815 491.9013
1912.706 491.9356
1913.228 491.9148
1912.886 491.8924
1912.824 491.887
1913.09 491.9033
1912.706 491.9144
1913.471 491.9142
1914.173 491.9158
1917.624 491.9056
1920 491.9162
1920 491.9213
1920 491.9341
1920 491.9085
1920 491.9706
1920 491.9539
1920 491.9125
1920 491.9374
1920 492.0082
1920 491.9823
1920 491.9556
1920 491.9773
1920 492.0246
1920 491.9784
1920 491.9436
1920 492.0252
1920 491.9571
1920 491.9971
1920 492.0077
1920 492.0027
1920 492.0369
1920 491.9952
1920 492.0015
1920 492.0024
1920 491.988
1920 491.971
1920 491.9915
1920 491.9631
1920 491.9614
1920 491.9863
1920 492.0034
1920 491.9822
1920 491.9857
1920 491.979
1920 491.9864
1920 491.984
1920 491.9687
1920 491.9852
1919.314 491.9814
1911.475 491.9754
1911.401 491.9657
1915.2 491.9728
1914.904 491.9805
1915.192 491.9856
1915.071 491.9476
1915.087 491.9881
1915.286 492.0242
1914.823 491.9648
1914.902 491.9703
1914.266 491.9598
1914.147 491.9896
1913.439 491.9794
1912.525 491.9756
1913.465 491.9744
1912.469 491.9771
1911.972 491.9699
1913.239 491.9283
1912.668 491.9647
1912.966 492.0018
1912.739 491.9879
1912.788 491.9675
1913.956 492.0043
1915.152 491.985
1917.252 491.9931
1919.34 491.9947
1920 492.0189
1920 492.0117
1920 491.9942
1920.098 492.0064
1920.841 491.996
1921.389 492.0027
1921.994 491.9733
1921.908 492.0136
1921.616 491.9958
1921.306 491.9791
1921.152 491.9394
1920.084 492.0485
1918.482 492.0471
1917.369 491.9915
1915.92 492.0069
1913.777 492.0206
1914.196 492.0177
1913.039 492.0239
1911.682 492.0526
1913.996 492.0453
1912.849 492.0369
1913.055 492.066
1913.184 492.0434
1913.106 492.0478
1912.443 492.0584
1912.514 492.075
1913.065 492.0446
1912.907 492.0482
1912.762 492.0346
1913.599 492.0516
1912.946 492.0438
1913.138 492.0511
1913.386 492.064
1914.836 492.027
1913.93 492.0413
1915.683 492.0851
1917.238 492.0502
1919.823 492.0015
1920.025 492.039
1920.072 492.0725
1920.893 492.0171
1922.263 492.0334
1923.172 492.0719
1923.121 492.084
1922.036 491.9591
1921.398 492.0348
1921.38 492.0717
1921.077 492.0073
1920.755 492.0046
1919.644 492.0661
1918.56 492.0368
1916.356 491.9777
1914.715 491.96
1914.237 492.017
1912.925 492.0121
1912.483 491.9911
1913.395 491.9718
1912.646 491.9829
1912.757 492.0196
1912.842 491.9685
1912.918 491.9485
1912.697 491.9969
1912.969 492.0119
1912.769 491.9716
1912.697 491.9518
1913.411 492.012
1912.595 491.9952
1912.981 491.9618
1914.393 491.9453
1914.494 491.9638
1917.526 491.9551
1920 491.9567
1920 492.0003
1920.149 491.9495
1920.547 491.9225
1921.31 491.9939
1921.59 491.9659
1921.495 491.9323
1921.386 491.9553
1921.242 491.9357
1921.07 491.9341
1921.106 491.9269
1920.95 491.9619
1919.093 491.9605
1916.957 491.9602
1915.228 491.9085
1913.89 491.9302
1912.927 491.9484
1912.177 491.9213
1913.546 491.8815
1912.551 491.9064
1912.439 491.941
1912.821 491.8868
1913.472 491.8912
1912.748 491.9425
1913.156 491.8914
1913.163 491.8848
1912.806 491.9041
1913.429 491.8784
1914.155 491.874
1913.555 491.8769
1916.817 491.8766
1919.792 491.8732
1920 491.9034
1920 491.8928
1920.324 491.8328
1921.552 491.9002
1923.454 491.9182
1923.965 491.8509
1924.991 491.8582
1925.154 491.9189
1924.539 491.8462
1924.77 491.8437
1924.577 491.8563
1923.838 491.882
1921.787 491.8873
1919.63 491.8435
1919.197 491.8199
1919.47 491.899
1919.934 491.8861
1920 491.8831
1920 491.8387
1920 491.886
1920 491.8561
1920 491.8118
1920 491.8274
1920 491.8696
1920 491.8669
1920 491.814
1920 491.8394
1920 491.8422
1920 491.8365
1920 491.7871
1920 491.8022
1920 491.856
1920 491.8403
1920 491.8116
1920 491.8352
1920 491.817
1920 491.8468
1920 491.8467
1920 491.8319
1920 491.8188
1920 491.8356
1919.971 491.8283
1919.939 491.8571
1920.024 491.8548
1920.58 491.8441
1921.316 491.8466
1922.003 491.8633
1921.908 491.8649
1922.194 491.8371
1921.98 491.8309
1922.113 491.8907
1922.096 491.8891
1922.013 491.8417
1922.11 491.8369
1922.126 491.8584
1921.928 491.8652
1921.371 491.8398
1920.97 491.8509
1920.098 491.8654
1920 491.8588
1920 491.8224
1919.478 491.8796
1918.025 491.8798
1916.129 491.8517
1915.186 491.8266
1914.771 491.8723
1914.821 491.8824
1914.983 491.8539
1915.174 491.8329
1914.187 491.8268
1915.258 491.8339
1914.493 491.817
1913.949 491.8217
1914.186 491.8681
1913.12 491.8642
1913.557 491.8049
1914.174 491.8556
1915.814 491.9156
1920 491.8599
1920 491.962
1920 492.0396
1919.075 491.977
1915.364 491.9613
1912.758 491.9677
1913.133 491.9722
1912.579 492.0103
1912.806 491.9903
1912.707 491.9436
1913.331 491.9854
1913.042 491.9626
1912.963 491.9464
1912.949 491.9389
1912.673 491.9377
1912.911 491.9855
1912.26 491.921
1914.376 491.9395
1917.813 491.9818
1920.058 491.9282
1920 491.9478
1920.178 491.927
1922.036 491.912
1926.01 491.951
1926.972 491.9391
1927.747 491.8731
1927.053 491.901
1927.794 491.9587
1926.163 491.9038
1927.174 491.8977
1927.738 491.9346
1926.935 491.9326
1927.02 491.9204
1925.622 491.9068
1922.828 491.9025
1920 491.9041
1920 491.9246
1920 491.9219
1920 491.9318
1920 491.94
1920 491.89
1918.491 491.9326
1916.399 491.9393
1913.243 491.929
1912.815 491.9013
1912.706 491.9356
1913.228 491.9148
1912.886 491.8924
1912.824 491.887
1913.09 491.9033
1912.706 491.9144
1913.471 491.9142
1914.173 491.9158
1917.624 491.9056
1920 491.9162
1920 491.9213
1920 491.9341
1920 491.9085
1920 491.9706
1920 491.9539
1920 491.9125
1920 491.9374
1920 492.0082
1920 491.9823
1920 491.9556
1920 491.9773
1920 492.0246
1920 491.9784
1920 491.9436
1920 492.0252
1920 491.9571
1920 491.9971
1920 492.0077
1920 492.0027
1920 492.0369
1920 491.9952
1920 492.0015
1920 492.0024
1920 491.988
1920 491.971
1920 491.9915
1920 491.9631
1920 491.9614
1920 491.9863
1920 492.0034
1920 491.9822
1920 491.9857
1920 491.979
1920 491.9864
1920 491.984
1920 491.9687
1920 491.9852
1919.314 491.9814
1911.475 491.9754
1911.401 491.9657
1915.2 491.9728
1914.904 491.9805
1915.192 491.9856
1915.071 491.9476
1915.087 491.9881
1915.286 492.0242
1914.823 491.9648
1914.902 491.9703
1914.266 491.9598
1914.147 491.9896
1913.439 491.9794
1912.525 491.9756
1913.465 491.9744
1912.469 491.9771
1911.972 491.9699
1913.239 491.9283
1912.668 491.9647
1912.966 492.0018
1912.739 491.9879
1912.788 491.9675
1913.956 492.0043
1915.152 491.985
1917.252 491.9931
1919.34 491.9947
1920 492.0189
1920 492.0117
1920 491.9942
1920.098 492.0064
1920.841 491.996
1921.389 492.0027
1921.994 491.9733
1921.908 492.0136
1921.616 491.9958
1921.306 491.9791
1921.152 491.9394
1920.084 492.0485
1918.482 492.0471
1917.369 491.9915
1915.92 492.0069
1913.777 492.0206
1914.196 492.0177
1913.039 492.0239
1911.682 492.0526
1913.996 492.0453
1912.849 492.0369
1913.055 492.066
1913.184 492.0434
1913.106 492.0478
1912.443 492.0584
1912.514 492.075
1913.065 492.0446
1912.907 492.0482
1912.762 492.0346
1913.599 492.0516
1912.946 492.0438
1913.138 492.0511
1913.386 492.064
1914.836 492.027
1913.93 492.0413
1915.683 492.0851
1917.238 492.0502
1919.823 492.0015
1920.025 492.039
1920.072 492.0725
1920.893 492.0171
1922.263 492.0334
1923.172 492.0719
1923.121 492.084
1922.036 491.9591
1921.398 492.0348
1921.38 492.0717
1921.077 492.0073
1920.755 492.0046
1919.644 492.0661
1918.56 492.0368
1916.356 491.9777
1914.715 491.96
1914.237 492.017
1912.925 492.0121
1912.483 491.9911
1913.395 491.9718
1912.646 491.9829
1912.757 492.0196
1912.842 491.9685
1912.918 491.9485
1912.697 491.9969
1912.969 492.0119
1912.769 491.9716
1912.697 491.9518
1913.411 492.012
1912.595 491.9952
1912.981 491.9618
1914.393 491.9453
1914.494 491.9638
1917.526 491.9551
1920 491.9567
1920 492.0003
1920.149 491.9495
1920.547 491.9225
1921.31 491.9939
1921.59 491.9659
1921.495 491.9323
1921.386 491.9553
1921.242 491.9357
1921.07 491.9341
1921.106 491.9269
1920.95 491.9619
1919.093 491.9605
1916.957 491.9602
1915.228 491.9085
1913.89 491.9302
1912.927 491.9484
1912.177 491.9213
1913.546 491.8815
1912.551 491.9064
1912.439 491.941
1912.821 491.8868
1913.472 491.8912
1912.748 491.9425
1913.156 491.8914
1913.163 491.8848
1912.806 491.9041
1913.429 491.8784
1914.155 491.874
1913.555 491.8769
1916.817 491.8766
1919.792 491.8732
1920 491.9034
1920 491.8928
1920.324 491.8328
1921.552 491.9002
1923.454 491.9182
1923.965 491.8509
1924.991 491.8582
1925.154 491.9189
1924.539 491.8462
1924.77 491.8437
1924.577 491.8563
1923.838 491.882
1921.787 491.8873
1919.63 491.8435
1919.197 491.8199
1919.47 491.899
1919.934 491.8861
1920 491.8831
1920 491.8387
1920 491.886
1920 491.8561
1920 491.8118
1920 491.8274
1920 491.8696
1920 491.8669
1920 491.814
1920 491.8394
1920 491.8422
1920 491.8365
1920 491.7871
1920 491.8022
1920 491.856
1920 491.8403
1920 491.8116
1920 491.8352
1920 491.817
1920 491.8468
1920 491.8467
1920 491.8319
1920 491.8188
1920 491.8356
1919.971 491.8283
1919.939 491.8571
1920.024 491.8548
1920.58 491.8441
1921.316 491.8466
1922.003 491.8633
1921.908 491.8649
1922.194 491.8371
1921.98 491.8309
1922.113 491.8907
1922.096 491.8891
1922.013 491.8417
1922.11 491.8369
1922.126 491.8584
1921.928 491.8652
1921.371 491.8398
1920.97 491.8509
1920.098 491.8654
1920 491.8588
1920 491.8224
1919.478 491.8796
1918.025 491.8798
1916.129 491.8517
1915.186 491.8266
1914.771 491.8723
1914.821 491.8824
1914.983 491.8539
1915.174 491.8329
1914.187 491.8268
1915.258 491.8339
1914.493 491.817
1913.949 491.8217
1914.186 491.8681
1913.12 491.8642
1913.557 491.8049
1914.174 491.8556
1915.814 491.9156
1920 491.8599
