1920 480
716.2441 457.2246
775.1468 422.8906
783.93 414.1541
785.098 413.0835
785.595 412.4922
786.25 411.9958
786.2764 411.7318
785.9023 411.6725
785.0589 411.9256
784.28 412.2285
783.6511 412.736
783.2585 413.5052
782.8242 414.4453
782.3232 415.3096
781.8457 416.1094
764.6761 415.0228
764.8919 416.5999
764.9863 418.0957
764.8229 419.5757
764.3688 420.7777
763.6943 421.8293
763.0114 422.9526
762.1563 424.096
760.8532 425.3359
759.9004 426.5032
759.1341 427.5869
759.0547 428.6807
759.2959 429.9863
759.9759 431.4289
760.7988 432.6756
761.8259 433.9087
762.5462 435.1222
762.0485 433.4896
763.6182 434.6691
765.4922 435.8024
767.5 436.9079
769.5388 437.8337
771.6794 438.6909
773.7845 439.4162
775.4798 440.0124
777.237 440.6465
778.8874 441.2603
780.4066 441.7926
781.903 442.3091
783.2568 442.7305
784.4658 443.054
785.5407 443.2529
786.6227 443.4074
787.5735 443.5906
788.3958 443.7541
789.1022 443.863
789.7305 443.8979
790.2246 443.8092
790.511 443.6382
790.5407 443.3597
790.3366 443.0063
789.9431 442.5459
789.4089 441.9909
788.7588 441.3369
788.0003 440.6377
787.1133 439.8654
786.1526 439.0565
785.2249 438.2659
784.3701 437.4977
783.6155 436.6968
783.0371 435.9751
782.5394 435.2199
782.1953 434.4751
782.1068 433.7698
782.1526 433.1619
782.2731 432.716
782.3877 432.5085
782.4551 432.589
782.4069 432.944
782.2021 433.5275
781.7175 434.3107
780.9616 435.2772
779.9476 436.4756
778.6725 437.9769
777.2155 439.8563
775.6052 442.0688
773.7497 444.5912
771.7399 447.4434
769.554 450.6239
767.2246 454.0578
764.8093 457.6371
762.319 461.2443
759.7129 464.9292
756.9854 468.7383
753.8893 472.7755
750.8255 476.3976
747.4632 480.0587
744.127 483.4241
740.9075 486.5297
737.9739 489.2827
735.1413 491.7932
732.7747 493.7423
730.7093 495.419
729.0146 496.8231
727.7773 497.9827
726.9124 498.9771
726.3737 499.8172
726.1325 500.4554
726.2044 500.919
726.6019 501.205
727.2669 501.3356
728.1179 501.3288
729.0283 501.2311
730.0078 500.9872
731.0713 500.5208
732.1426 499.8578
733.363 499.0048
734.748 498.149
736.136 497.3293
737.3799 496.5598
738.5264 495.8121
739.7161 495.0848
741.0374 494.3924
742.2214 493.8345
743.3196 493.3319
744.3015 492.8632
745.0847 492.442
745.5771 492.0049
745.8047 491.5681
745.8913 491.1223
745.8483 490.7101
745.6116 490.378
745.291 490.2216
1920 490.1331
1920 490.145
1920 490.2084
1920 490.3319
1920 490.5782
1920 490.8647
1920 491.216
1920 491.6402
1920 492.1799
1920 492.9924
1920 493.8302
1920 494.7669
1917.707 495.8427
1915.58 496.83
1913.397 497.8763
1911.105 499.1056
1908.634 500.5198
1906.66 501.6011
1903.925 502.9341
1901.091 504.1944
1898.24 505.4289
1895.353 506.6453
1892.343 507.8751
1889.424 508.8911
1886.261 509.8082
1883.269 510.5888
1880.493 511.3363
1876.91 512.2761
1874.337 512.9868
1872.126 513.7438
1870.126 514.5969
1868.305 515.4935
1866.724 516.4572
1865.42 517.5316
1864.247 518.8896
1863.411 520.3962
1862.986 522.0128
1862.824 523.9575
1862.896 526.0906
1863.172 528.3582
1863.608 530.7617
1864.122 533.0585
1864.66 535.5008
1865.271 538.1152
1866.094 540.7736
1866.866 543.4959
1867.827 546.519
1868.596 548.9892
1869.038 551.3059
1869.253 553.3983
1869.428 555.2391
1869.656 557.2825
1869.699 559.3987
1869.576 561.3976
1869.756 565.0479
1870.199 567.2509
1870.559 568.9573
1871.062 570.9449
1871.586 573.1882
1872.321 575.5104
1873.529 577.933
1874.847 580.1207
1876.33 582.5499
1877.813 584.9812
1879.321 587.5592
1881.594 591.8191
1883.05 594.9102
1884.231 597.5826
1885.329 600.3102
1886.115 602.8762
1886.48 605.3424
1886.568 608.1976
1886.375 610.5876
1885.879 612.873
1885.095 615.3181
1884.442 617.5933
1884.164 619.9299
1884.898 622.5974
1885.653 624.5379
1886.302 626.4558
1887.138 628.548
1888.241 630.7897
1891.473 631.5792
1896.613 630.0558
1899.986 628.3365
1903.517 628.1697
1908.85 628.2888
1913.066 628.1654
1911.869 627.1589
1907.077 625.4175
1903.367 623.6729
1900.341 621.8143
1896.463 619.7749
1891.466 617.6064
1886.181 615.3961
1880.673 613.1263
1875.99 611.1388
1871.364 609.3411
1866.325 607.9635
1860.393 606.9756
1853.295 606.3721
1845.616 606.3096
1836.715 606.6792
1825.991 607.3558
1813.744 608.0829
1802.195 608.6033
1790.308 608.976
1780.237 609.1392
1771.033 609.1185
1762.339 608.9595
1754.331 608.7656
1746.766 608.7029
1740.006 608.8353
1732.744 609.1688
1726.779 609.6255
1721.424 610.3005
1717.705 610.9502
1714.971 611.4818
1712.819 611.9756
1711.308 612.6001
1710.19 613.5759
1709.619 614.8128
1709.336 616.3756
1709.594 617.9352
1710.809 619.7515
1713.011 621.4467
1715.662 623.09
1718.647 624.7609
1721.809 626.5254
1725.472 628.4058
1729.375 630.5466
1733.072 632.7955
1735.845 634.6918
1739.296 637.0865
1742.489 639.5211
1745.402 641.8503
1748.357 644.1408
1751.169 646.1078
1753.175 647.6961
1754.374 649.0384
1754.851 650.0823
1754.775 650.7603
1753.859 651.2098
1752.544 651.2363
1750.671 651.0348
1748.512 650.6016
1746.03 650.0302
1743.049 649.4062
1739.768 648.7728
1736.385 648.0564
1733.034 647.3911
1729.311 646.7356
1725.8 646.2391
1722.77 645.8392
1720.135 645.6454
1717.987 645.6188
1715.859 645.6724
1713.912 645.7142
1712.056 645.8128
1710.453 646.0145
1709.217 646.284
1708.428 646.567
1708.037 646.8889
1708.209 647.2269
1708.794 647.6257
1709.584 648.0803
1710.035 648.6401
1709.801 649.2944
1708.862 650.0139
1707.439 650.8282
1705.734 651.6567
1920 480
716.2441 457.2246
775.1468 422.8906
783.93 414.1541
785.098 413.0835
785.595 412.4922
786.25 411.9958
786.2764 411.7318
785.9023 411.6725
785.0589 411.9256
784.28 412.2285
783.6511 412.736
783.2585 413.5052
782.8242 414.4453
782.3232 415.3096
781.8457 416.1094
764.6761 415.0228
764.8919 416.5999
764.9863 418.0957
764.8229 419.5757
764.3688 420.7777
763.6943 421.8293
763.0114 422.9526
762.1563 424.096
760.8532 425.3359
759.9004 426.5032
759.1341 427.5869
759.0547 428.6807
759.2959 429.9863
759.9759 431.4289
760.7988 432.6756
761.8259 433.9087
762.5462 435.1222
762.0485 433.4896
763.6182 434.6691
765.4922 435.8024
767.5 436.9079
769.5388 437.8337
771.6794 438.6909
773.7845 439.4162
775.4798 440.0124
777.237 440.6465
778.8874 441.2603
780.4066 441.7926
781.903 442.3091
783.2568 442.7305
784.4658 443.054
785.5407 443.2529
786.6227 443.4074
787.5735 443.5906
788.3958 443.7541
789.1022 443.863
789.7305 443.8979
790.2246 443.8092
790.511 443.6382
790.5407 443.3597
790.3366 443.0063
789.9431 442.5459
789.4089 441.9909
788.7588 441.3369
788.0003 440.6377
787.1133 439.8654
786.1526 439.0565
785.2249 438.2659
784.3701 437.4977
783.6155 436.6968
783.0371 435.9751
782.5394 435.2199
782.1953 434.4751
782.1068 433.7698
782.1526 433.1619
782.2731 432.716
782.3877 432.5085
782.4551 432.589
782.4069 432.944
782.2021 433.5275
781.7175 434.3107
780.9616 435.2772
779.9476 436.4756
778.6725 437.9769
777.2155 439.8563
775.6052 442.0688
773.7497 444.5912
771.7399 447.4434
769.554 450.6239
767.2246 454.0578
764.8093 457.6371
762.319 461.2443
759.7129 464.9292
756.9854 468.7383
753.8893 472.7755
750.8255 476.3976
747.4632 480.0587
744.127 483.4241
740.9075 486.5297
737.9739 489.2827
735.1413 491.7932
732.7747 493.7423
730.7093 495.419
729.0146 496.8231
727.7773 497.9827
726.9124 498.9771
726.3737 499.8172
726.1325 500.4554
726.2044 500.919
726.6019 501.205
727.2669 501.3356
728.1179 501.3288
729.0283 501.2311
730.0078 500.9872
731.0713 500.5208
732.1426 499.8578
733.363 499.0048
734.748 498.149
736.136 497.3293
737.3799 496.5598
738.5264 495.8121
739.7161 495.0848
741.0374 494.3924
742.2214 493.8345
743.3196 493.3319
744.3015 492.8632
745.0847 492.442
745.5771 492.0049
745.8047 491.5681
745.8913 491.1223
745.8483 490.7101
745.6116 490.378
745.291 490.2216
1920 490.1331
1920 490.145
1920 490.2084
1920 490.3319
1920 490.5782
1920 490.8647
1920 491.216
1920 491.6402
1920 492.1799
1920 492.9924
1920 493.8302
1920 494.7669
1917.707 495.8427
1915.58 496.83
1913.397 497.8763
1911.105 499.1056
1908.634 500.5198
1906.66 501.6011
1903.925 502.9341
1901.091 504.1944
1898.24 505.4289
1895.353 506.6453
1892.343 507.8751
1889.424 508.8911
1886.261 509.8082
1883.269 510.5888
1880.493 511.3363
1876.91 512.2761
1874.337 512.9868
1872.126 513.7438
1870.126 514.5969
1868.305 515.4935
1866.724 516.4572
1865.42 517.5316
1864.247 518.8896
1863.411 520.3962
1862.986 522.0128
1862.824 523.9575
1862.896 526.0906
1863.172 528.3582
1863.608 530.7617
1864.122 533.0585
1864.66 535.5008
1865.271 538.1152
1866.094 540.7736
1866.866 543.4959
1867.827 546.519
1868.596 548.9892
1869.038 551.3059
1869.253 553.3983
1869.428 555.2391
1869.656 557.2825
1869.699 559.3987
1869.576 561.3976
1869.756 565.0479
1870.199 567.2509
1870.559 568.9573
1871.062 570.9449
1871.586 573.1882
1872.321 575.5104
1873.529 577.933
1874.847 580.1207
1876.33 582.5499
1877.813 584.9812
1879.321 587.5592
1881.594 591.8191
1883.05 594.9102
1884.231 597.5826
1885.329 600.3102
1886.115 602.8762
1886.48 605.3424
1886.568 608.1976
1886.375 610.5876
1885.879 612.873
1885.095 615.3181
1884.442 617.5933
1884.164 619.9299
1884.898 622.5974
1885.653 624.5379
1886.302 626.4558
1887.138 628.548
1888.241 630.7897
1891.473 631.5792
1896.613 630.0558
1899.986 628.3365
1903.517 628.1697
1908.85 628.2888
1913.066 628.1654
1911.869 627.1589
1907.077 625.4175
1903.367 623.6729
1900.341 621.8143
1896.463 619.7749
1891.466 617.6064
1886.181 615.3961
1880.673 613.1263
1875.99 611.1388
1871.364 609.3411
1866.325 607.9635
1860.393 606.9756
1853.295 606.3721
1845.616 606.3096
1836.715 606.6792
1825.991 607.3558
1813.744 608.0829
1802.195 608.6033
1790.308 608.976
1780.237 609.1392
1771.033 609.1185
1762.339 608.9595
1754.331 608.7656
1746.766 608.7029
1740.006 608.8353
1732.744 609.1688
1726.779 609.6255
1721.424 610.3005
1717.705 610.9502
1714.971 611.4818
1712.819 611.9756
1711.308 612.6001
1710.19 613.5759
1709.619 614.8128
1709.336 616.3756
1709.594 617.9352
1710.809 619.7515
1713.011 621.4467
1715.662 623.09
1718.647 624.7609
1721.809 626.5254
1725.472 628.4058
1729.375 630.5466
1733.072 632.7955
1735.845 634.6918
1739.296 637.0865
1742.489 639.5211
1745.402 641.8503
1748.357 644.1408
1751.169 646.1078
1753.175 647.6961
1754.374 649.0384
1754.851 650.0823
1754.775 650.7603
1753.859 651.2098
1752.544 651.2363
1750.671 651.0348
1748.512 650.6016
1746.03 650.0302
1743.049 649.4062
1739.768 648.7728
1736.385 648.0564
1733.034 647.3911
1729.311 646.7356
1725.8 646.2391
1722.77 645.8392
1720.135 645.6454
1717.987 645.6188
1715.859 645.6724
1713.912 645.7142
1712.056 645.8128
1710.453 646.0145
1709.217 646.284
1708.428 646.567
1708.037 646.8889
1708.209 647.2269
1708.794 647.6257
1709.584 648.0803
1710.035 648.6401
1709.801 649.2944
1708.862 650.0139
1707.439 650.8282
1705.734 651.6567
1704.239 652.349
1702.838 652.9713
1701.673 653.4773
1700.446 653.8492
1699.162 654.1347
1697.873 654.371
1696.469 654.5552
1694.777 654.6964
1693.445 654.683
1692.456 654.5129
1691.816 654.152
1691.427 653.6874
1691.166 653.1735
1690.876 652.6066
1690.599 652.1271
1690.156 651.6771
1689.705 651.2552
1689.203 650.8624
1688.841 650.4699
1688.627 650.0851
1688.503 649.7445
1688.359 649.4589
1688.169 649.226
1687.781 649.0728
1687.277 649.0142
1686.768 649.0341
1686.305 649.0728
1685.851 649.1371
1685.492 649.2203
1685.38 649.3237
1685.453 649.4185
1685.485 649.5611
1685.349 649.7904
1685.041 650.0559
1684.665 650.2983
1684.309 650.4782
1683.975 650.5896
1683.586 650.6492
1683.221 650.6403
1682.932 650.5919
1682.735 650.5224
1682.66 650.4786
1682.585 650.4245
1682.523 650.3646
1682.451 650.3036
1682.393 650.2395
1682.364 650.1587
1682.448 650.0878
1682.625 650.0317
1682.817 649.9993
1683.018 649.9447
1683.124 649.8937
1683.126 649.8106
1683.076 649.7017
1683.083 649.5836
1683.147 649.4907
1683.315 649.387
1683.567 649.248
1683.807 649.1122
1683.96 648.9865
1683.926 648.8633
1683.857 648.7393
1683.789 648.6415
1683.793 648.5433
1683.948 648.4194
1684.143 648.2722
1684.347 648.136
1684.498 648.0474
1684.643 647.9814
1684.828 647.9144
1685.089 647.8636
1685.431 647.8566
1685.81 647.8752
1686.225 647.9484
1686.609 648.0669
1686.979 648.1782
1687.168 648.2799
1687.295 648.3033
1687.307 648.276
1687.242 648.1804
1687.047 648.0403
1686.932 647.8874
1686.826 647.7255
1686.828 647.5696
1686.962 647.4179
1687.142 647.2811
1687.247 647.2096
1687.368 647.1789
1687.508 647.1735
1687.687 647.1701
1687.908 647.1716
1688.177 647.1938
1688.404 647.2683
1688.506 647.339
1688.511 647.3578
1688.567 647.2962
1688.666 647.1852
1688.859 647.0073
1689.097 646.7997
1689.382 646.5945
1689.739 646.3857
1690.267 646.1713
1690.922 645.9467
1691.731 645.6719
1692.679 645.3068
1693.831 644.8281
1695.273 644.2178
1697.208 643.4017
1699.397 642.4376
1701.669 641.4071
1704.194 640.2457
1706.877 638.954
1709.794 637.551
1713.136 636.0077
1716.538 634.5386
1720.094 633.1185
1723.917 631.6743
1728.119 630.0975
1732.248 628.5641
1736.618 626.9777
1740.632 625.5671
1744.344 624.2942
1747.845 623.1593
1751.433 622.0402
1755.005 620.9321
1758.203 619.9226
1761.083 619.0106
1763.688 618.1447
1766.239 617.2054
1768.549 616.1774
1770.33 615.1712
1771.733 614.1376
1772.834 613.0799
1773.553 612.1089
1774.121 611.0887
1774.69 609.9757
1775.113 608.8702
1775.342 607.7815
1775.368 606.8249
1775.39 605.9188
1775.385 605.1826
1775.369 604.4575
1775.313 603.8425
1775.33 603.229
1775.416 602.6455
1775.515 602.1113
1775.595 601.6974
1775.684 601.3727
1775.76 601.1292
1775.924 600.9161
1776.15 600.7621
1776.472 600.644
1776.783 600.5851
1777.055 600.5712
1777.367 600.5492
1777.719 600.485
1778.188 600.3403
1778.659 600.1951
1779.066 600.0356
1779.391 599.8659
1779.725 599.6608
1780.129 599.3957
1780.537 599.1166
1780.879 598.8059
1781.025 598.5261
1781.083 598.2666
1781.102 598.0688
1781.149 597.7669
1781.299 597.4725
1781.574 597.135
1781.892 596.8168
1782.119 596.5726
1782.24 596.4313
1782.326 596.3478
1782.388 596.3197
1782.349 596.3304
1782.334 596.3239
1782.276 596.2999
1782.138 596.2321
1781.899 596.1888
1781.624 596.1824
1781.282 596.2137
1780.827 596.2325
1780.285 596.2633
1779.742 596.2992
1779.172 596.3389
1778.62 596.3874
1778.013 596.453
1777.366 596.5358
1776.723 596.6094
1776.129 596.6591
1775.545 596.6928
1774.993 596.7052
1774.571 596.668
1774.218 596.5824
1773.984 596.4833
1773.816 596.3794
1773.644 596.2816
1773.488 596.2425
1773.323 596.2375
1773.141 596.2174
1772.991 596.1815
1772.88 596.1599
1772.855 596.1553
1772.912 596.1851
1773.037 596.2442
1773.255 596.3408
1773.454 596.4417
1773.738 596.5442
1774.094 596.6365
1774.471 596.713
1774.83 596.7686
1775.131 596.8185
1775.356 596.8544
1775.484 596.8577
1775.577 596.8076
1775.608 596.7122
1775.594 596.5989
1775.448 596.4794
1775.162 596.3624
1774.814 596.2557
1774.389 596.1732
1773.847 596.1113
1773.185 596.0632
1772.432 596.0555
1771.676 596.0872
1771.095 596.1315
1770.401 596.2499
1769.625 596.4476
1768.7 596.7462
1767.662 597.1375
1766.646 597.6385
1765.596 598.24
1764.457 598.9973
1763.557 599.6403
1762.387 600.5031
1761.012 601.5643
1759.823 602.5989
1758.758 603.7421
1757.815 604.9535
1756.828 606.2932
1755.839 607.6288
1754.883 608.9991
1753.846 610.4139
1752.452 612.0859
1751.047 613.4978
1749.495 614.9247
1748.071 616.228
1746.896 617.308
1745.537 618.6534
1744.283 620.0068
1743.038 621.3436
1741.767 622.6754
1740.678 623.7952
1739.478 624.988
1738.366 625.9744
1737.071 626.9506
1735.512 627.9984
1733.601 629.2758
1732.144 630.3002
1730.568 631.3951
1728.993 632.5193
1727.415 633.7291
1725.675 635.0726
1724.003 636.2668
1722.14 637.5394
1720.259 638.8665
1718.479 640.1686
1716.647 641.4059
1714.442 642.5963
1712.169 643.5873
1710.038 644.3367
1707.683 644.9684
1705.362 645.4664
1703.083 645.9017
1700.821 646.3069
1698.735 646.6641
1696.74 646.9762
1694.691 647.3104
1692.583 647.696
1690.731 648.1229
1689.234 648.5562
1688.195 648.9904
1687.685 649.4258
1687.608 649.8597
1687.796 650.3112
1688.057 650.7822
1688.336 651.2446
1688.597 651.5775
1688.894 651.7509
1689.26 651.7432
1689.597 651.5643
1689.796 651.2343
1689.834 650.8054
1689.62 650.3973
1689.178 649.9911
1688.576 649.5983
1687.828 649.2445
1686.969 648.915
1686.098 648.6061
1704.239 652.349
1702.838 652.9713
1701.673 653.4773
1700.446 653.8492
1699.162 654.1347
1697.873 654.371
1696.469 654.5552
1694.777 654.6964
1693.445 654.683
1692.456 654.5129
1691.816 654.152
1691.427 653.6874
1691.166 653.1735
1690.876 652.6066
1690.599 652.1271
1690.156 651.6771
1689.705 651.2552
1689.203 650.8624
1688.841 650.4699
1688.627 650.0851
1688.503 649.7445
1688.359 649.4589
1688.169 649.226
1687.781 649.0728
1687.277 649.0142
1686.768 649.0341
1686.305 649.0728
1685.851 649.1371
1685.492 649.2203
1685.38 649.3237
1685.453 649.4185
1685.485 649.5611
1685.349 649.7904
1685.041 650.0559
1684.665 650.2983
1684.309 650.4782
1683.975 650.5896
1683.586 650.6492
1683.221 650.6403
1682.932 650.5919
1682.735 650.5224
1682.66 650.4786
1682.585 650.4245
1682.523 650.3646
1682.451 650.3036
1682.393 650.2395
1682.364 650.1587
1682.448 650.0878
1682.625 650.0317
1682.817 649.9993
1683.018 649.9447
1683.124 649.8937
1683.126 649.8106
1683.076 649.7017
1683.083 649.5836
1683.147 649.4907
1683.315 649.387
1683.567 649.248
1683.807 649.1122
1683.96 648.9865
1683.926 648.8633
1683.857 648.7393
1683.789 648.6415
1683.793 648.5433
1683.948 648.4194
1684.143 648.2722
1684.347 648.136
1684.498 648.0474
1684.643 647.9814
1684.828 647.9144
1685.089 647.8636
1685.431 647.8566
1685.81 647.8752
1686.225 647.9484
1686.609 648.0669
1686.979 648.1782
1687.168 648.2799
1687.295 648.3033
1687.307 648.276
1687.242 648.1804
1687.047 648.0403
1686.932 647.8874
1686.826 647.7255
1686.828 647.5696
1686.962 647.4179
1687.142 647.2811
1687.247 647.2096
1687.368 647.1789
1687.508 647.1735
1687.687 647.1701
1687.908 647.1716
1688.177 647.1938
1688.404 647.2683
1688.506 647.339
1688.511 647.3578
1688.567 647.2962
1688.666 647.1852
1688.859 647.0073
1689.097 646.7997
1689.382 646.5945
1689.739 646.3857
1690.267 646.1713
1690.922 645.9467
1691.731 645.6719
1692.679 645.3068
1693.831 644.8281
1695.273 644.2178
1697.208 643.4017
1699.397 642.4376
1701.669 641.4071
1704.194 640.2457
1706.877 638.954
1709.794 637.551
1713.136 636.0077
1716.538 634.5386
1720.094 633.1185
1723.917 631.6743
1728.119 630.0975
1732.248 628.5641
1736.618 626.9777
1740.632 625.5671
1744.344 624.2942
1747.845 623.1593
1751.433 622.0402
1755.005 620.9321
1758.203 619.9226
1761.083 619.0106
1763.688 618.1447
1766.239 617.2054
1768.549 616.1774
1770.33 615.1712
1771.733 614.1376
1772.834 613.0799
1773.553 612.1089
1774.121 611.0887
1774.69 609.9757
1775.113 608.8702
1775.342 607.7815
1775.368 606.8249
1775.39 605.9188
1775.385 605.1826
1775.369 604.4575
1775.313 603.8425
1775.33 603.229
1775.416 602.6455
1775.515 602.1113
1775.595 601.6974
1775.684 601.3727
1775.76 601.1292
1775.924 600.9161
1776.15 600.7621
1776.472 600.644
1776.783 600.5851
1777.055 600.5712
1777.367 600.5492
1777.719 600.485
1778.188 600.3403
1778.659 600.1951
1779.066 600.0356
1779.391 599.8659
1779.725 599.6608
1780.129 599.3957
1780.537 599.1166
1780.879 598.8059
1781.025 598.5261
1781.083 598.2666
1781.102 598.0688
1781.149 597.7669
1781.299 597.4725
1781.574 597.135
1781.892 596.8168
1782.119 596.5726
1782.24 596.4313
1782.326 596.3478
1782.388 596.3197
1782.349 596.3304
1782.334 596.3239
1782.276 596.2999
1782.138 596.2321
1781.899 596.1888
1781.624 596.1824
1781.282 596.2137
1780.827 596.2325
1780.285 596.2633
1779.742 596.2992
1779.172 596.3389
1778.62 596.3874
1778.013 596.453
1777.366 596.5358
1776.723 596.6094
1776.129 596.6591
1775.545 596.6928
1774.993 596.7052
1774.571 596.668
1774.218 596.5824
1773.984 596.4833
1773.816 596.3794
1773.644 596.2816
1773.488 596.2425
1773.323 596.2375
1773.141 596.2174
1772.991 596.1815
1772.88 596.1599
1772.855 596.1553
1772.912 596.1851
1773.037 596.2442
1773.255 596.3408
1773.454 596.4417
1773.738 596.5442
1774.094 596.6365
1774.471 596.713
1774.83 596.7686
1775.131 596.8185
1775.356 596.8544
1775.484 596.8577
1775.577 596.8076
1775.608 596.7122
1775.594 596.5989
1775.448 596.4794
1775.162 596.3624
1774.814 596.2557
1774.389 596.1732
1773.847 596.1113
1773.185 596.0632
1772.432 596.0555
1771.676 596.0872
1771.095 596.1315
1770.401 596.2499
1769.625 596.4476
1768.7 596.7462
1767.662 597.1375
1766.646 597.6385
1765.596 598.24
1764.457 598.9973
1763.557 599.6403
1762.387 600.5031
1761.012 601.5643
1759.823 602.5989
1758.758 603.7421
1757.815 604.9535
1756.828 606.2932
1755.839 607.6288
1754.883 608.9991
1753.846 610.4139
1752.452 612.0859
1751.047 613.4978
1749.495 614.9247
1748.071 616.228
1746.896 617.308
1745.537 618.6534
1744.283 620.0068
1743.038 621.3436
1741.767 622.6754
1740.678 623.7952
1739.478 624.988
1738.366 625.9744
1737.071 626.9506
1735.512 627.9984
1733.601 629.2758
1732.144 630.3002
1730.568 631.3951
1728.993 632.5193
1727.415 633.7291
1725.675 635.0726
1724.003 636.2668
1722.14 637.5394
1720.259 638.8665
1718.479 640.1686
1716.647 641.4059
1714.442 642.5963
1712.169 643.5873
1710.038 644.3367
1707.683 644.9684
1705.362 645.4664
1703.083 645.9017
1700.821 646.3069
1698.735 646.6641
1696.74 646.9762
1694.691 647.3104
1692.583 647.696
1690.731 648.1229
1689.234 648.5562
1688.195 648.9904
1687.685 649.4258
1687.608 649.8597
1687.796 650.3112
1688.057 650.7822
1688.336 651.2446
1688.597 651.5775
1688.894 651.7509
1689.26 651.7432
1689.597 651.5643
1689.796 651.2343
1689.834 650.8054
1689.62 650.3973
1689.178 649.9911
1688.576 649.5983
1687.828 649.2445
1686.969 648.915
1686.098 648.6061
1685.435 648.3679
1685.042 648.1978
1684.855 648.11
1684.871 648.124
1685.035 648.2368
1685.319 648.443
1685.656 648.7004
1686.002 648.9452
1686.347 649.171
1686.661 649.3353
1686.86 649.4429
1686.998 649.4951
1687.078 649.4904
1687.056 649.4506
1686.925 649.3713
1686.664 649.2598
1686.348 649.116
1686.041 648.945
1685.768 648.7634
1685.594 648.6096
1685.406 648.4603
1685.261 648.3281
1685.176 648.2126
1685.158 648.1013
1685.164 647.9929
1685.186 647.897
1685.19 647.8193
1685.216 647.7574
1685.188 647.6893
1685.151 647.6155
1685.094 647.5333
1685.067 647.4142
1685.083 647.2529
1685.141 647.0704
1685.283 646.9025
1685.477 646.7314
1685.741 646.5892
1686.018 646.5007
1686.252 646.457
1686.504 646.4613
1686.711 646.5015
1686.817 646.5719
1686.806 646.6451
1686.79 646.6809
1686.799 646.686
1686.829 646.6554
1686.86 646.6282
1686.906 646.5917
1686.864 646.5826
1686.831 646.5791
1686.757 646.5857
1686.646 646.577
1686.533 646.5449
1686.4 646.4906
1686.282 646.4107
1686.24 646.3201
1686.264 646.2249
1686.255 646.1627
1686.19 646.101
1686.12 646.033
1686.068 645.9532
1686.058 645.8735
1686.086 645.801
1686.118 645.7584
1686.158 645.7332
1686.198 645.721
1686.247 645.7209
1686.273 645.7413
1686.277 645.738
1686.268 645.706
1686.247 645.6489
1686.303 645.5646
1686.361 645.4791
1686.413 645.4103
1686.408 645.3311
1686.373 645.2584
1686.331 645.1618
1686.257 645.0634
1686.186 644.9434
1686.164 644.7894
1686.223 644.5959
1686.354 644.4098
1686.517 644.2469
1686.713 644.1061
1686.912 643.9598
1687.2 643.7907
1687.671 643.5302
1688.29 643.2045
1688.856 642.9125
1689.737 642.4792
1690.719 641.9454
1691.842 641.2539
1693.111 640.4118
1694.581 639.4468
1696.333 638.3207
1698.551 636.9288
1701.007 635.4131
1703.976 633.5337
1708.013 630.8615
1711.507 628.4006
1715.143 625.7408
1719.225 622.749
1723.2 619.8279
1727.254 616.7272
1731.721 613.2184
1735.548 610.0535
1739.344 606.86
1743.277 603.6549
1747.611 600.3179
1755.781 593.447
1758.482 590.7531
1761.612 587.275
1764.613 583.813
1767.696 580.2178
1770.604 576.691
1773.256 573.1701
1775.535 569.6591
1777.446 566.1207
1779.124 562.5298
1781.019 558.5682
1783.327 554.1333
1785.569 550.2415
1787.894 546.3246
1790.109 542.6149
1792.357 538.9556
1794.793 535.1969
1797.119 531.6951
1799.441 528.1316
1801.839 524.5179
1804.533 520.8368
1807.697 516.9888
1810.765 513.4904
1813.592 510.3695
1816.547 507.2567
1819.428 504.3795
1822.178 501.4652
1824.877 498.3769
1827.445 495.4198
1829.943 492.9284
1832.766 490.437
1835.461 488.2892
1838.064 486.2151
1840.458 484.2049
1842.518 482.3065
1844.289 480.6768
1846.011 479.1349
1847.623 477.8081
1849.051 476.652
1850.276 475.6979
1851.321 474.9858
1852.228 474.5103
1853.116 474.1001
1853.827 473.8415
1854.264 473.7633
1854.481 473.9217
1854.57 474.2843
1854.509 474.8667
1854.37 475.5692
1854.133 476.3988
1853.797 477.3488
1853.325 478.5135
1852.759 479.6926
1852.102 480.8624
1851.331 482.0947
1850.326 483.476
1849.107 484.8631
1847.777 486.1571
1846.518 487.237
1845.271 488.1406
1844.067 488.8934
1842.797 489.5253
1841.463 490.0178
1839.927 490.3979
1838.222 490.5909
1836.666 490.6172
1834.973 490.5255
1833.343 490.3762
1831.583 490.139
1829.748 489.7964
1827.983 489.3492
1826.241 488.8494
1824.393 488.3028
1822.473 487.8154
1820.704 487.4494
1818.792 487.0807
1816.989 486.7078
1815.515 486.3732
1814.089 486.0022
1812.798 485.5861
1811.67 485.1219
1810.707 484.6865
1810.018 484.3525
1809.542 484.1541
1809.167 484.0793
1808.964 484.0794
1808.837 484.1082
1808.846 484.1602
1809.086 484.2405
1809.444 484.3473
1809.996 484.4757
1810.749 484.6097
1811.62 484.7208
1812.601 484.8653
1813.542 484.9984
1814.5 485.1249
1815.471 485.2675
1816.469 485.4422
1817.417 485.6533
1818.331 485.9915
1819.04 486.3701
1819.524 486.7481
1819.82 487.1187
1819.961 487.5461
1819.963 488.059
1819.787 488.756
1819.311 489.6689
1818.616 490.7159
1817.713 492.0884
1816.736 493.587
1815.635 495.0538
1814.288 496.5155
1812.628 498.0948
1810.634 499.8854
1808.169 502.0831
1805.596 504.382
1803.03 506.7386
1800.534 509.1149
1797.972 511.6691
1795.508 514.2133
1792.856 516.9559
1790.332 519.7375
1788.002 522.5616
1785.711 525.5088
1783.466 528.4576
1781.247 531.5235
1779.023 534.9352
1777.135 538.4856
1775.403 542.2274
1773.707 546.1354
1771.574 550.158
1768.795 554.1287
1764.984 558.3436
1760.778 562.515
1756.288 566.7777
1751.335 571.5128
1746.756 576.0287
1742.547 580.3387
1738.845 584.1671
1735.325 587.8652
1732.054 591.5432
1728.88 595.6773
1726.349 599.7809
1724.592 603.9935
1723.346 608.4388
1722.154 612.9646
1720.958 617.309
1719.852 621.8533
1718.817 626.1235
1717.649 630.4199
1715.997 634.898
1714.28 638.9628
1712.636 642.6311
1710.629 646.0757
1708.068 649.0947
1705.397 651.1581
1702.283 652.7066
1699.57 653.4471
1697.244 653.6133
1695.183 653.2057
1693.283 652.3652
1691.661 651.1811
1690.243 649.7035
1689.259 648.1051
1687.653 641.8509
1687.552 640.5466
1687.66 639.2375
1687.968 638.0834
1688.539 637.0338
1689.141 636.111
1689.739 635.298
1690.249 634.5909
1690.796 634.0499
1691.365 633.6308
1691.868 633.3112
1692.277 633.1142
1692.611 633.0391
1692.963 633.3366
1692.42 634.0934
1691.868 634.5582
1691.189 635.0765
1690.551 635.5645
1689.934 636.0521
1689.429 636.5289
1689 636.943
1688.591 637.3383
1688.221 637.6653
1687.852 638.0117
1687.539 638.2982
1687.246 638.5369
1686.92 638.7302
1685.435 648.3679
1685.042 648.1978
1684.855 648.11
1684.871 648.124
1685.035 648.2368
1685.319 648.443
1685.656 648.7004
1686.002 648.9452
1686.347 649.171
1686.661 649.3353
1686.86 649.4429
1686.998 649.4951
1687.078 649.4904
1687.056 649.4506
1686.925 649.3713
1686.664 649.2598
1686.348 649.116
1686.041 648.945
1685.768 648.7634
1685.594 648.6096
1685.406 648.4603
1685.261 648.3281
1685.176 648.2126
1685.158 648.1013
1685.164 647.9929
1685.186 647.897
1685.19 647.8193
1685.216 647.7574
1685.188 647.6893
1685.151 647.6155
1685.094 647.5333
1685.067 647.4142
1685.083 647.2529
1685.141 647.0704
1685.283 646.9025
1685.477 646.7314
1685.741 646.5892
1686.018 646.5007
1686.252 646.457
1686.504 646.4613
1686.711 646.5015
1686.817 646.5719
1686.806 646.6451
1686.79 646.6809
1686.799 646.686
1686.829 646.6554
1686.86 646.6282
1686.906 646.5917
1686.864 646.5826
1686.831 646.5791
1686.757 646.5857
1686.646 646.577
1686.533 646.5449
1686.4 646.4906
1686.282 646.4107
1686.24 646.3201
1686.264 646.2249
1686.255 646.1627
1686.19 646.101
1686.12 646.033
1686.068 645.9532
1686.058 645.8735
1686.086 645.801
1686.118 645.7584
1686.158 645.7332
1686.198 645.721
1686.247 645.7209
1686.273 645.7413
1686.277 645.738
1686.268 645.706
1686.247 645.6489
1686.303 645.5646
1686.361 645.4791
1686.413 645.4103
1686.408 645.3311
1686.373 645.2584
1686.331 645.1618
1686.257 645.0634
1686.186 644.9434
1686.164 644.7894
1686.223 644.5959
1686.354 644.4098
1686.517 644.2469
1686.713 644.1061
1686.912 643.9598
1687.2 643.7907
1687.671 643.5302
1688.29 643.2045
1688.856 642.9125
1689.737 642.4792
1690.719 641.9454
1691.842 641.2539
1693.111 640.4118
1694.581 639.4468
1696.333 638.3207
1698.551 636.9288
1701.007 635.4131
1703.976 633.5337
1708.013 630.8615
1711.507 628.4006
1715.143 625.7408
1719.225 622.749
1723.2 619.8279
1727.254 616.7272
1731.721 613.2184
1735.548 610.0535
1739.344 606.86
1743.277 603.6549
1747.611 600.3179
1755.781 593.447
1758.482 590.7531
1761.612 587.275
1764.613 583.813
1767.696 580.2178
1770.604 576.691
1773.256 573.1701
1775.535 569.6591
1777.446 566.1207
1779.124 562.5298
1781.019 558.5682
1783.327 554.1333
1785.569 550.2415
1787.894 546.3246
1790.109 542.6149
1792.357 538.9556
1794.793 535.1969
1797.119 531.6951
1799.441 528.1316
1801.839 524.5179
1804.533 520.8368
1807.697 516.9888
1810.765 513.4904
1813.592 510.3695
1816.547 507.2567
1819.428 504.3795
1822.178 501.4652
1824.877 498.3769
1827.445 495.4198
1829.943 492.9284
1832.766 490.437
1835.461 488.2892
1838.064 486.2151
1840.458 484.2049
1842.518 482.3065
1844.289 480.6768
1846.011 479.1349
1847.623 477.8081
1849.051 476.652
1850.276 475.6979
1851.321 474.9858
1852.228 474.5103
1853.116 474.1001
1853.827 473.8415
1854.264 473.7633
1854.481 473.9217
1854.57 474.2843
1854.509 474.8667
1854.37 475.5692
1854.133 476.3988
1853.797 477.3488
1853.325 478.5135
1852.759 479.6926
1852.102 480.8624
1851.331 482.0947
1850.326 483.476
1849.107 484.8631
1847.777 486.1571
1846.518 487.237
1845.271 488.1406
1844.067 488.8934
1842.797 489.5253
1841.463 490.0178
1839.927 490.3979
1838.222 490.5909
1836.666 490.6172
1834.973 490.5255
1833.343 490.3762
1831.583 490.139
1829.748 489.7964
1827.983 489.3492
1826.241 488.8494
1824.393 488.3028
1822.473 487.8154
1820.704 487.4494
1818.792 487.0807
1816.989 486.7078
1815.515 486.3732
1814.089 486.0022
1812.798 485.5861
1811.67 485.1219
1810.707 484.6865
1810.018 484.3525
1809.542 484.1541
1809.167 484.0793
1808.964 484.0794
1808.837 484.1082
1808.846 484.1602
1809.086 484.2405
1809.444 484.3473
1809.996 484.4757
1810.749 484.6097
1811.62 484.7208
1812.601 484.8653
1813.542 484.9984
1814.5 485.1249
1815.471 485.2675
1816.469 485.4422
1817.417 485.6533
1818.331 485.9915
1819.04 486.3701
1819.524 486.7481
1819.82 487.1187
1819.961 487.5461
1819.963 488.059
1819.787 488.756
1819.311 489.6689
1818.616 490.7159
1817.713 492.0884
1816.736 493.587
1815.635 495.0538
1814.288 496.5155
1812.628 498.0948
1810.634 499.8854
1808.169 502.0831
1805.596 504.382
1803.03 506.7386
1800.534 509.1149
1797.972 511.6691
1795.508 514.2133
1792.856 516.9559
1790.332 519.7375
1788.002 522.5616
1785.711 525.5088
1783.466 528.4576
1781.247 531.5235
1779.023 534.9352
1777.135 538.4856
1775.403 542.2274
1773.707 546.1354
1771.574 550.158
1768.795 554.1287
1764.984 558.3436
1760.778 562.515
1756.288 566.7777
1751.335 571.5128
1746.756 576.0287
1742.547 580.3387
1738.845 584.1671
1735.325 587.8652
1732.054 591.5432
1728.88 595.6773
1726.349 599.7809
1724.592 603.9935
1723.346 608.4388
1722.154 612.9646
1720.958 617.309
1719.852 621.8533
1718.817 626.1235
1717.649 630.4199
1715.997 634.898
1714.28 638.9628
1712.636 642.6311
1710.629 646.0757
1708.068 649.0947
1705.397 651.1581
1702.283 652.7066
1699.57 653.4471
1697.244 653.6133
1695.183 653.2057
1693.283 652.3652
1691.661 651.1811
1690.243 649.7035
1689.259 648.1051
1687.653 641.8509
1687.552 640.5466
1687.66 639.2375
1687.968 638.0834
1688.539 637.0338
1689.141 636.111
1689.739 635.298
1690.249 634.5909
1690.796 634.0499
1691.365 633.6308
1691.868 633.3112
1692.277 633.1142
1692.611 633.0391
1692.963 633.3366
1692.42 634.0934
1691.868 634.5582
1691.189 635.0765
1690.551 635.5645
1689.934 636.0521
1689.429 636.5289
1689 636.943
1688.591 637.3383
1688.221 637.6653
1687.852 638.0117
1687.539 638.2982
1687.246 638.5369
1686.92 638.7302
1686.552 638.8373
1686.289 638.8313
1686.079 638.7505
1685.966 638.5826
1685.945 638.3122
1686.099 637.9876
1686.47 637.6002
1686.896 637.2043
1687.429 636.7884
1687.974 636.3759
1688.503 635.9473
1688.968 635.5593
1689.579 635.0986
1690.197 634.6288
1690.962 634.0703
1691.777 633.4865
1692.735 632.9072
1693.793 632.3373
1694.851 631.8311
1695.884 631.3893
1696.893 630.9956
1697.703 630.6441
1698.433 630.3214
1699.142 629.9993
1699.755 629.7086
1700.365 629.447
1700.976 629.2139
1701.458 629.0494
1701.785 628.9573
1701.989 628.9222
1702.011 628.9455
1702.051 628.9922
1702.222 629.0341
1702.635 629.0308
1703.248 628.9431
1704.717 628.4897
1705.142 628.3159
1706.476 627.8206
1708.532 627.1945
1711.349 626.3924
1714.784 625.3966
1718.654 624.2253
1722.984 622.7803
1727.581 621.0522
1732.695 619.1628
1738.634 617.1289
1745.551 614.8344
1754.966 611.5929
1763.567 608.4268
1772.639 604.9119
1781.831 601.2765
1791.607 597.5145
1801.138 593.977
1812.113 589.9581
1820.796 586.6365
1830.594 582.6453
1840.751 578.2565
1851.074 573.6516
1861.218 569.0319
1870.334 564.7578
1878.355 560.7483
1886.261 556.4517
1893.615 552.0955
1900.532 547.6818
1908.013 542.5131
1914.232 537.8359
1919.753 533.2437
1924.69 528.7541
1929.052 524.4627
1932.889 520.3763
1936.455 516.2047
1939.382 512.4674
1941.651 509.2626
1943.615 506.2127
1944.838 503.4503
1945.409 500.9382
1945.613 498.7542
1945.752 497.1088
1945.975 495.851
1946.164 494.9218
1946.104 494.4063
1945.794 494.1898
1945.023 494.3621
1943.923 494.8901
1942.759 495.718
1941.431 497.0148
1940.014 498.5976
1938.51 500.1804
1936.951 501.501
1935.55 502.5213
1934.378 503.4655
1933.032 504.7091
1931.311 506.1963
1929.111 507.8582
1926.599 509.5407
1924.108 511.0284
1921.771 512.3367
1919.413 513.7639
1917.443 515.0101
1915.343 516.2165
1912.93 517.2893
1909.987 518.2418
1907.12 518.9874
1904.138 519.6965
1901.191 520.3177
1898.262 520.9106
1895.275 521.512
1892.464 522.0959
1889.757 522.6044
1887.148 523.0163
1884.481 523.3461
1881.937 523.616
1879.592 523.8555
1877.578 524.0831
1875.818 524.3109
1874.269 524.5068
1872.754 524.6217
1871.385 524.6567
1870.182 524.6188
1869.227 524.5288
1868.584 524.3214
1868.054 523.9312
1867.696 523.4584
1867.456 522.9702
1867.392 522.5198
1867.591 522.137
1868.007 521.7026
1868.453 521.0512
1868.862 520.137
1869.262 519.1978
1869.874 518.1597
1870.619 517.1798
1871.468 516.1125
1872.312 514.8752
1873.099 513.5125
1873.886 512.1087
1874.813 510.5854
1875.78 509.0751
1876.819 507.6007
1878.096 506.13
1879.525 504.7688
1881.005 503.4646
1882.429 502.1985
1883.867 500.9709
1885.431 499.7475
1887.245 498.4819
1889.155 497.2584
1891.016 496.1794
1892.874 495.2529
1894.668 494.5239
1896.438 493.8969
1898.322 493.394
1900.345 492.9586
1902.466 492.56
1904.36 492.1923
1906.173 491.8625
1907.967 491.6196
1909.992 491.5345
1911.897 491.6288
1913.884 491.9301
1915.73 492.2796
1917.339 492.7163
1918.871 493.0499
1920.174 493.2878
1921.117 493.4983
1921.733 493.8499
1922.143 494.2903
1922.462 494.7023
1922.74 495.0448
1922.93 495.3491
1922.906 495.5833
1922.783 495.7078
1922.552 495.7289
1922.296 495.6005
1921.889 495.317
1921.36 494.9685
1920.724 494.5754
1920.065 494.1095
1919.374 493.5832
1918.606 492.9391
1917.676 492.0949
1916.31 490.7701
1915.141 489.5383
1914.081 488.3885
1912.946 487.2435
1911.698 486.1379
1910.435 484.9784
1909.04 483.6103
1907.78 482.2147
1907.142 480.6418
1906.472 478.6227
1905.298 476.7383
1904.445 475.1823
1904.211 473.4989
1903.662 471.7217
1903.019 470.0519
1902.454 468.1362
1902.079 466.7068
1901.699 465.633
1901.127 465.2
1900.876 464.5843
1901.189 464.255
1902.015 464.1738
1902.942 464.2035
1903.622 464.192
1904.193 463.8961
1904.737 463.3037
1905.356 462.7358
1906.271 462.1014
1907.469 461.6039
1908.805 461.3934
1910.165 461.0404
1911.3 460.618
1911.974 460.4027
1912.988 460.1126
1914.032 460.0446
1914.96 460.0127
1916.1 459.9811
1917.494 460.0309
1918.788 460.1232
1919.729 460.125
1920.318 460.02
1920.324 459.7829
1920.117 459.5407
1920.04 459.431
1919.924 459.4248
1919.868 459.3397
1919.817 459.2422
1919.766 459.1571
1919.69 459.1116
1919.589 459.07
1919.489 459.0573
1919.449 459.0388
1919.449 459.0305
1919.476 459.0208
1919.454 459.0158
1919.44 458.9919
1919.449 458.9989
1919.469 459.0309
1919.56 459.1372
1919.676 459.2687
1919.747 459.3219
1919.711 459.2513
1919.663 459.1974
1919.63 459.207
1919.627 459.231
1919.647 459.2194
1919.727 459.2202
1919.755 459.2381
1919.704 459.2438
1919.676 459.2197
1919.655 459.1914
1919.622 459.1888
1919.66 459.203
1919.684 459.1956
1919.691 459.1968
1919.673 459.1877
1919.642 459.1771
1919.596 459.1691
1919.602 459.1812
1919.615 459.1921
1919.615 459.2101
1919.587 459.2169
1919.591 459.2153
1919.572 459.2275
1919.548 459.2278
1919.537 459.223
1919.558 459.2199
1919.58 459.2197
1919.583 459.2141
1919.579 459.2153
1919.568 459.2075
1919.583 459.2049
1919.592 459.1999
1919.597 459.1981
1919.593 459.2021
1919.594 459.1982
1919.613 459.2052
1919.613 459.2141
1919.613 459.2169
1919.643 459.2178
1919.629 459.2152
1919.659 459.2139
1919.659 459.2047
1919.653 459.2013
1919.651 459.2005
1919.673 459.2044
1919.687 459.2
1919.684 459.1937
1919.65 459.1883
1919.632 459.1935
1919.638 459.1979
1919.654 459.2036
1919.676 459.2148
1919.641 459.2228
1919.642 459.2152
1919.634 459.2103
1919.652 459.2108
1919.632 459.2004
1919.628 459.1924
1686.552 638.8373
1686.289 638.8313
1686.079 638.7505
1685.966 638.5826
1685.945 638.3122
1686.099 637.9876
1686.47 637.6002
1686.896 637.2043
1687.429 636.7884
1687.974 636.3759
1688.503 635.9473
1688.968 635.5593
1689.579 635.0986
1690.197 634.6288
1690.962 634.0703
1691.777 633.4865
1692.735 632.9072
1693.793 632.3373
1694.851 631.8311
1695.884 631.3893
1696.893 630.9956
1697.703 630.6441
1698.433 630.3214
1699.142 629.9993
1699.755 629.7086
1700.365 629.447
1700.976 629.2139
1701.458 629.0494
1701.785 628.9573
1701.989 628.9222
1702.011 628.9455
1702.051 628.9922
1702.222 629.0341
1702.635 629.0308
1703.248 628.9431
1704.717 628.4897
1705.142 628.3159
1706.476 627.8206
1708.532 627.1945
1711.349 626.3924
1714.784 625.3966
1718.654 624.2253
1722.984 622.7803
1727.581 621.0522
1732.695 619.1628
1738.634 617.1289
1745.551 614.8344
1754.966 611.5929
1763.567 608.4268
1772.639 604.9119
1781.831 601.2765
1791.607 597.5145
1801.138 593.977
1812.113 589.9581
1820.796 586.6365
1830.594 582.6453
1840.751 578.2565
1851.074 573.6516
1861.218 569.0319
1870.334 564.7578
1878.355 560.7483
1886.261 556.4517
1893.615 552.0955
1900.532 547.6818
1908.013 542.5131
1914.232 537.8359
1919.753 533.2437
1924.69 528.7541
1929.052 524.4627
1932.889 520.3763
1936.455 516.2047
1939.382 512.4674
1941.651 509.2626
1943.615 506.2127
1944.838 503.4503
1945.409 500.9382
1945.613 498.7542
1945.752 497.1088
1945.975 495.851
1946.164 494.9218
1946.104 494.4063
1945.794 494.1898
1945.023 494.3621
1943.923 494.8901
1942.759 495.718
1941.431 497.0148
1940.014 498.5976
1938.51 500.1804
1936.951 501.501
1935.55 502.5213
1934.378 503.4655
1933.032 504.7091
1931.311 506.1963
1929.111 507.8582
1926.599 509.5407
1924.108 511.0284
1921.771 512.3367
1919.413 513.7639
1917.443 515.0101
1915.343 516.2165
1912.93 517.2893
1909.987 518.2418
1907.12 518.9874
1904.138 519.6965
1901.191 520.3177
1898.262 520.9106
1895.275 521.512
1892.464 522.0959
1889.757 522.6044
1887.148 523.0163
1884.481 523.3461
1881.937 523.616
1879.592 523.8555
1877.578 524.0831
1875.818 524.3109
1874.269 524.5068
1872.754 524.6217
1871.385 524.6567
1870.182 524.6188
1869.227 524.5288
1868.584 524.3214
1868.054 523.9312
1867.696 523.4584
1867.456 522.9702
1867.392 522.5198
1867.591 522.137
1868.007 521.7026
1868.453 521.0512
1868.862 520.137
1869.262 519.1978
1869.874 518.1597
1870.619 517.1798
1871.468 516.1125
1872.312 514.8752
1873.099 513.5125
1873.886 512.1087
1874.813 510.5854
1875.78 509.0751
1876.819 507.6007
1878.096 506.13
1879.525 504.7688
1881.005 503.4646
1882.429 502.1985
1883.867 500.9709
1885.431 499.7475
1887.245 498.4819
1889.155 497.2584
1891.016 496.1794
1892.874 495.2529
1894.668 494.5239
1896.438 493.8969
1898.322 493.394
1900.345 492.9586
1902.466 492.56
1904.36 492.1923
1906.173 491.8625
1907.967 491.6196
1909.992 491.5345
1911.897 491.6288
1913.884 491.9301
1915.73 492.2796
1917.339 492.7163
1918.871 493.0499
1920.174 493.2878
1921.117 493.4983
1921.733 493.8499
1922.143 494.2903
1922.462 494.7023
1922.74 495.0448
1922.93 495.3491
1922.906 495.5833
1922.783 495.7078
1922.552 495.7289
1922.296 495.6005
1921.889 495.317
1921.36 494.9685
1920.724 494.5754
1920.065 494.1095
1919.374 493.5832
1918.606 492.9391
1917.676 492.0949
1916.31 490.7701
1915.141 489.5383
1914.081 488.3885
1912.946 487.2435
1911.698 486.1379
1910.435 484.9784
1909.04 483.6103
1907.78 482.2147
1907.142 480.6418
1906.472 478.6227
1905.298 476.7383
1904.445 475.1823
1904.211 473.4989
1903.662 471.7217
1903.019 470.0519
1902.454 468.1362
1902.079 466.7068
1901.699 465.633
1901.127 465.2
1900.876 464.5843
1901.189 464.255
1902.015 464.1738
1902.942 464.2035
1903.622 464.192
1904.193 463.8961
1904.737 463.3037
1905.356 462.7358
1906.271 462.1014
1907.469 461.6039
1908.805 461.3934
1910.165 461.0404
1911.3 460.618
1911.974 460.4027
1912.988 460.1126
1914.032 460.0446
1914.96 460.0127
1916.1 459.9811
1917.494 460.0309
1918.788 460.1232
1919.729 460.125
1920.318 460.02
1920.324 459.7829
1920.117 459.5407
1920.04 459.431
1919.924 459.4248
1919.868 459.3397
1919.817 459.2422
1919.766 459.1571
1919.69 459.1116
1919.589 459.07
1919.489 459.0573
1919.449 459.0388
1919.449 459.0305
1919.476 459.0208
1919.454 459.0158
1919.44 458.9919
1919.449 458.9989
1919.469 459.0309
1919.56 459.1372
1919.676 459.2687
1919.747 459.3219
1919.711 459.2513
1919.663 459.1974
1919.63 459.207
1919.627 459.231
1919.647 459.2194
1919.727 459.2202
1919.755 459.2381
1919.704 459.2438
1919.676 459.2197
1919.655 459.1914
1919.622 459.1888
1919.66 459.203
1919.684 459.1956
1919.691 459.1968
1919.673 459.1877
1919.642 459.1771
1919.596 459.1691
1919.602 459.1812
1919.615 459.1921
1919.615 459.2101
1919.587 459.2169
1919.591 459.2153
1919.572 459.2275
1919.548 459.2278
1919.537 459.223
1919.558 459.2199
1919.58 459.2197
1919.583 459.2141
1919.579 459.2153
1919.568 459.2075
1919.583 459.2049
1919.592 459.1999
1919.597 459.1981
1919.593 459.2021
1919.594 459.1982
1919.613 459.2052
1919.613 459.2141
1919.613 459.2169
1919.643 459.2178
1919.629 459.2152
1919.659 459.2139
1919.659 459.2047
1919.653 459.2013
1919.651 459.2005
1919.673 459.2044
1919.687 459.2
1919.684 459.1937
1919.65 459.1883
1919.632 459.1935
1919.638 459.1979
1919.654 459.2036
1919.676 459.2148
1919.641 459.2228
1919.642 459.2152
1919.634 459.2103
1919.652 459.2108
1919.632 459.2004
1919.628 459.1924
