1920 480
712.3782 459.0628
711.1321 459.3159
712.2139 459.5952
711.7324 460.3947
711.8604 461.3084
712.6904 462.5612
713.2813 463.8869
712.7536 464.9289
712.3265 465.8257
712.5403 467.0926
713.3235 468.7147
713.3226 470.2654
712.6823 471.9855
712.0176 473.0819
738.1536 487.5715
739.4922 486.2676
740.8323 485.3076
742.2031 484.7439
743.8093 484.5124
745.8864 484.4261
748.2093 484.8937
750.3128 485.5692
751.7376 486.6769
752.988 487.7575
754.2565 488.7491
755.6325 490.0229
757.1452 491.6597
758.3659 493.3252
759.3913 495.2784
760.3809 497.1338
758.3054 493.805
759.2998 495.539
760.166 497.3656
761.069 499.3101
762.1084 501.4742
763.1849 503.6945
764.0892 505.6007
765.0062 507.009
766.3919 507.9739
768.3034 508.4675
770.542 508.5327
773.1511 508.2809
776.4404 507.9524
780.2239 508.0157
784.0472 508.7624
788.2995 510.1011
792.8591 511.4568
797.3574 512.3682
801.9958 512.6634
807.0397 512.6302
812.7256 512.3759
819.1683 511.9366
826.2334 511.1782
833.5622 510.0398
841.2549 508.575
849.4688 507.0339
858.3522 505.5845
866.7106 504.4855
875.6019 503.3512
884.4915 501.9667
893.1982 500.192
902.4573 497.9834
912.3499 495.4383
921.9053 492.9154
932.2139 490.1551
942.5039 487.3159
952.7493 484.4251
963.2968 481.5732
974.174 478.946
985.4166 476.6416
997.3166 474.7339
1009.83 473.2583
1021.957 472.041
1034.202 470.6738
1046.624 468.998
1060.074 467.0614
1072.721 465.284
1085.601 463.5223
1097.849 461.853
1109.383 460.2409
1120.054 458.7684
1129.571 457.4772
1137.823 456.3322
1144.788 455.2663
1150.784 454.1745
1155.95 453.1323
1160.337 452.1172
1163.908 451.1356
1166.707 450.2871
1168.872 449.6895
1170.238 449.4404
1170.646 449.4604
1170.073 449.6074
1168.592 449.8045
1166.547 450.0829
1163.798 450.481
1160.457 450.9175
1156.667 451.2407
1152.43 451.4949
1148.048 451.7394
1143.382 452.0338
1138.716 452.3519
1133.757 452.7476
1128.616 453.1517
1123.278 453.5811
1117.852 454.0145
1112.32 454.5107
1106.591 454.9977
1100.422 455.416
1094.125 455.7086
1087.645 455.9046
1080.87 456.0614
1073.866 456.2181
1066.556 456.3586
1058.979 456.45
1053.07 456.4739
1044.864 456.5115
1036.241 456.511
1027.568 456.499
1018.013 456.4728
1008.266 456.4316
998.5504 456.3836
987.9626 456.3003
977.1915 456.201
966.0724 456.0999
952.6257 456.0591
940.8649 456.132
929.7386 456.2806
918.8278 456.4225
906.751 456.6768
894.5257 456.9878
881.8245 457.4531
869.696 457.9437
858.6299 458.5133
847.1839 459.1979
836.1888 460.0696
825.4824 461.0762
814.4365 462.2441
804.7165 463.2712
796.0159 464.2497
786.6829 465.3436
778.4691 466.3831
770.028 467.3519
762.3011 468.1351
755.3255 468.7339
749.2744 469.3112
743.2314 469.9254
737.2526 470.4287
731.5615 470.7539
725.8962 470.9686
720.8489 471.0641
716.6647 471.0737
712.2767 470.8835
708.2995 470.5412
704.4896 470.015
701.1367 469.4491
698.1165 468.8231
695.3718 468.1973
692.7272 467.4468
690.1165 466.6738
687.7956 465.9189
685.3265 465.2057
683.2425 464.6398
680.944 464.1135
678.82 463.5625
676.5534 463.042
674.403 462.6286
671.9456 462.3159
669.6367 462.0112
667.2601 461.772
664.9082 461.5666
662.598 461.4948
660.405 461.4917
657.9346 461.633
655.5501 461.8439
653.0153 462.1644
650.4157 462.5516
647.8851 463.0391
645.4329 463.5614
643.0446 464.1712
640.7718 464.8569
638.487 465.6696
636.0225 466.6141
633.9954 467.4529
632.3252 468.1867
630.7178 468.9458
629.3069 469.6296
628.0192 470.2959
626.9304 470.9274
625.9831 471.5275
625.2526 472.0303
624.7184 472.4645
624.3216 472.9115
624.0036 473.3779
623.7151 473.8249
623.5042 474.1095
623.4661 474.2881
623.4883 474.4336
623.5368 474.5526
623.6517 474.659
623.8379 474.71
624.0091 474.6907
624.2539 474.5944
624.486 474.4834
624.7461 474.3979
624.9743 474.3161
625.1758 474.2199
625.2832 474.1012
625.3874 473.9754
625.4121 473.8569
625.4593 473.7933
625.5257 473.7874
625.7021 473.8032
625.9108 473.7865
626.1116 473.7547
626.3821 473.7251
626.7523 473.7513
627.1094 473.8216
627.5325 473.9082
627.9434 473.9753
628.3519 474.0469
628.7441 474.12
629.165 474.1743
629.5869 474.1693
1920 474.1183
1920 474.0806
1920 474.1126
1920 474.16
1920 474.1779
1920 474.1929
1920 474.1958
1920 474.1681
1920 474.0916
1920 473.9712
1920 473.8416
1920 473.7118
1920.143 473.5811
1920.289 473.5117
1920.366 473.4565
1920.353 473.4183
1920.326 473.3398
1920.302 473.2585
1920.21 473.1955
1920.097 473.1681
1919.974 473.1484
1919.875 473.1244
1919.786 473.0915
1919.662 473.1424
1919.667 473.1554
1919.703 473.1517
1919.729 473.071
1919.804 472.9619
1919.946 472.8587
1920.118 472.7785
1920.272 472.7091
1920.408 472.6603
1920.497 472.6309
1920.554 472.6315
1920.558 472.6408
1920.411 472.6698
1920.198 472.709
1919.928 472.769
1919.625 472.9235
1919.307 473.1582
1918.898 473.4775
1918.429 473.8478
1917.995 474.195
1917.654 474.492
1917.748 474.9071
1918.533 475.3782
1919.918 475.9318
1921.676 476.6245
1923.627 477.5368
1925.635 478.8582
1927.292 480.4279
1928.572 482.2129
1929.76 484.3511
1930.518 486.8195
1930.746 489.4814
1930.505 492.7298
1929.777 496.0263
1928.644 499.2435
1926.963 502.7122
1924.713 506.5061
1921.933 510.6676
1918.293 515.2374
1914.2 519.4503
1909.753 523.4534
1904.841 527.667
1899.656 531.9863
1894.132 536.3997
1887.96 541.0319
1882.004 545.2703
1876.469 549.0759
1871.141 552.7772
1866.099 556.2549
1861.227 559.5941
1856.811 562.454
1852.863 564.8976
1920 480
712.3782 459.0628
711.1321 459.3159
712.2139 459.5952
711.7324 460.3947
711.8604 461.3084
712.6904 462.5612
713.2813 463.8869
712.7536 464.9289
712.3265 465.8257
712.5403 467.0926
713.3235 468.7147
713.3226 470.2654
712.6823 471.9855
712.0176 473.0819
738.1536 487.5715
739.4922 486.2676
740.8323 485.3076
742.2031 484.7439
743.8093 484.5124
745.8864 484.4261
748.2093 484.8937
750.3128 485.5692
751.7376 486.6769
752.988 487.7575
754.2565 488.7491
755.6325 490.0229
757.1452 491.6597
758.3659 493.3252
759.3913 495.2784
760.3809 497.1338
758.3054 493.805
759.2998 495.539
760.166 497.3656
761.069 499.3101
762.1084 501.4742
763.1849 503.6945
764.0892 505.6007
765.0062 507.009
766.3919 507.9739
768.3034 508.4675
770.542 508.5327
773.1511 508.2809
776.4404 507.9524
780.2239 508.0157
784.0472 508.7624
788.2995 510.1011
792.8591 511.4568
797.3574 512.3682
801.9958 512.6634
807.0397 512.6302
812.7256 512.3759
819.1683 511.9366
826.2334 511.1782
833.5622 510.0398
841.2549 508.575
849.4688 507.0339
858.3522 505.5845
866.7106 504.4855
875.6019 503.3512
884.4915 501.9667
893.1982 500.192
902.4573 497.9834
912.3499 495.4383
921.9053 492.9154
932.2139 490.1551
942.5039 487.3159
952.7493 484.4251
963.2968 481.5732
974.174 478.946
985.4166 476.6416
997.3166 474.7339
1009.83 473.2583
1021.957 472.041
1034.202 470.6738
1046.624 468.998
1060.074 467.0614
1072.721 465.284
1085.601 463.5223
1097.849 461.853
1109.383 460.2409
1120.054 458.7684
1129.571 457.4772
1137.823 456.3322
1144.788 455.2663
1150.784 454.1745
1155.95 453.1323
1160.337 452.1172
1163.908 451.1356
1166.707 450.2871
1168.872 449.6895
1170.238 449.4404
1170.646 449.4604
1170.073 449.6074
1168.592 449.8045
1166.547 450.0829
1163.798 450.481
1160.457 450.9175
1156.667 451.2407
1152.43 451.4949
1148.048 451.7394
1143.382 452.0338
1138.716 452.3519
1133.757 452.7476
1128.616 453.1517
1123.278 453.5811
1117.852 454.0145
1112.32 454.5107
1106.591 454.9977
1100.422 455.416
1094.125 455.7086
1087.645 455.9046
1080.87 456.0614
1073.866 456.2181
1066.556 456.3586
1058.979 456.45
1053.07 456.4739
1044.864 456.5115
1036.241 456.511
1027.568 456.499
1018.013 456.4728
1008.266 456.4316
998.5504 456.3836
987.9626 456.3003
977.1915 456.201
966.0724 456.0999
952.6257 456.0591
940.8649 456.132
929.7386 456.2806
918.8278 456.4225
906.751 456.6768
894.5257 456.9878
881.8245 457.4531
869.696 457.9437
858.6299 458.5133
847.1839 459.1979
836.1888 460.0696
825.4824 461.0762
814.4365 462.2441
804.7165 463.2712
796.0159 464.2497
786.6829 465.3436
778.4691 466.3831
770.028 467.3519
762.3011 468.1351
755.3255 468.7339
749.2744 469.3112
743.2314 469.9254
737.2526 470.4287
731.5615 470.7539
725.8962 470.9686
720.8489 471.0641
716.6647 471.0737
712.2767 470.8835
708.2995 470.5412
704.4896 470.015
701.1367 469.4491
698.1165 468.8231
695.3718 468.1973
692.7272 467.4468
690.1165 466.6738
687.7956 465.9189
685.3265 465.2057
683.2425 464.6398
680.944 464.1135
678.82 463.5625
676.5534 463.042
674.403 462.6286
671.9456 462.3159
669.6367 462.0112
667.2601 461.772
664.9082 461.5666
662.598 461.4948
660.405 461.4917
657.9346 461.633
655.5501 461.8439
653.0153 462.1644
650.4157 462.5516
647.8851 463.0391
645.4329 463.5614
643.0446 464.1712
640.7718 464.8569
638.487 465.6696
636.0225 466.6141
633.9954 467.4529
632.3252 468.1867
630.7178 468.9458
629.3069 469.6296
628.0192 470.2959
626.9304 470.9274
625.9831 471.5275
625.2526 472.0303
624.7184 472.4645
624.3216 472.9115
624.0036 473.3779
623.7151 473.8249
623.5042 474.1095
623.4661 474.2881
623.4883 474.4336
623.5368 474.5526
623.6517 474.659
623.8379 474.71
624.0091 474.6907
624.2539 474.5944
624.486 474.4834
624.7461 474.3979
624.9743 474.3161
625.1758 474.2199
625.2832 474.1012
625.3874 473.9754
625.4121 473.8569
625.4593 473.7933
625.5257 473.7874
625.7021 473.8032
625.9108 473.7865
626.1116 473.7547
626.3821 473.7251
626.7523 473.7513
627.1094 473.8216
627.5325 473.9082
627.9434 473.9753
628.3519 474.0469
628.7441 474.12
629.165 474.1743
629.5869 474.1693
1920 474.1183
1920 474.0806
1920 474.1126
1920 474.16
1920 474.1779
1920 474.1929
1920 474.1958
1920 474.1681
1920 474.0916
1920 473.9712
1920 473.8416
1920 473.7118
1920.143 473.5811
1920.289 473.5117
1920.366 473.4565
1920.353 473.4183
1920.326 473.3398
1920.302 473.2585
1920.21 473.1955
1920.097 473.1681
1919.974 473.1484
1919.875 473.1244
1919.786 473.0915
1919.662 473.1424
1919.667 473.1554
1919.703 473.1517
1919.729 473.071
1919.804 472.9619
1919.946 472.8587
1920.118 472.7785
1920.272 472.7091
1920.408 472.6603
1920.497 472.6309
1920.554 472.6315
1920.558 472.6408
1920.411 472.6698
1920.198 472.709
1919.928 472.769
1919.625 472.9235
1919.307 473.1582
1918.898 473.4775
1918.429 473.8478
1917.995 474.195
1917.654 474.492
1917.748 474.9071
1918.533 475.3782
1919.918 475.9318
1921.676 476.6245
1923.627 477.5368
1925.635 478.8582
1927.292 480.4279
1928.572 482.2129
1929.76 484.3511
1930.518 486.8195
1930.746 489.4814
1930.505 492.7298
1929.777 496.0263
1928.644 499.2435
1926.963 502.7122
1924.713 506.5061
1921.933 510.6676
1918.293 515.2374
1914.2 519.4503
1909.753 523.4534
1904.841 527.667
1899.656 531.9863
1894.132 536.3997
1887.96 541.0319
1882.004 545.2703
1876.469 549.0759
1871.141 552.7772
1866.099 556.2549
1861.227 559.5941
1856.811 562.454
1852.863 564.8976
1849.38 566.9512
1846.084 568.9593
1842.673 570.9612
1839.335 572.689
1835.799 574.271
1832.515 575.5062
1829.607 576.4171
1826.617 577.158
1823.606 577.5577
1820.383 577.6874
1817.118 577.5583
1813.853 577.2568
1810.694 576.8597
1807.119 576.3233
1803.4 575.5616
1799.491 574.6256
1794.902 573.4559
1790.855 572.4862
1786.799 571.5569
1782.387 570.6025
1777.845 569.6323
1773.496 568.7192
1769.117 567.8331
1765.137 567.1194
1762.284 566.6704
1758.285 566.0489
1754.535 565.462
1750.83 564.9018
1747.365 564.4912
1743.869 564.1329
1740.419 563.7736
1737.157 563.4391
1734.212 563.2478
1731.833 563.2653
1730.013 563.4552
1729.563 563.6303
1729.454 563.8519
1729.466 564.1704
1729.621 564.5483
1729.798 565.0106
1729.73 565.6168
1729.233 566.4286
1727.973 568.1072
1727.594 568.8088
1727.258 569.8182
1727.096 570.9308
1727.083 572.2832
1727.21 573.6257
1727.445 575.1291
1727.736 576.7656
1727.996 578.6329
1728.135 580.5363
1728.135 582.7281
1727.9 585.6992
1727.541 588.0181
1727.025 590.5449
1726.445 593.215
1725.978 595.7882
1725.574 598.5905
1725.22 601.2303
1724.909 603.9498
1724.499 606.5589
1723.977 609.0989
1723.427 611.4406
1722.792 613.8739
1722.101 616.0713
1721.152 618.5289
1719.947 620.7814
1718.3 623.012
1716.221 625.1211
1714.07 626.8291
1711.978 628.2145
1709.83 629.4958
1707.654 630.7534
1705.514 631.8753
1703.108 632.8373
1700.78 633.6204
1698.535 634.3241
1696.41 634.948
1694.293 635.5707
1692.289 636.2247
1690.262 637.0205
1688.576 637.7485
1687.473 638.2521
1686.278 638.8967
1685.216 639.6813
1684.301 640.5797
1683.401 641.5652
1682.521 642.5704
1681.688 643.5708
1681.095 644.4957
1680.701 645.3895
1680.592 646.1543
1680.871 646.9619
1681.322 647.6227
1681.708 648.2635
1682.042 648.757
1682.289 649.167
1682.536 649.459
1682.827 649.6647
1682.981 649.7875
1682.955 649.8192
1682.828 649.7515
1682.672 649.6046
1682.525 649.4018
1682.399 649.1702
1682.29 648.8643
1682.296 648.444
1682.479 647.8628
1682.887 647.1633
1683.616 646.3238
1684.671 645.3593
1686.073 644.2501
1687.543 643.1761
1689.384 641.8539
1691.524 640.2251
1693.859 638.3856
1696.477 636.3002
1699.379 634.0175
1702.465 631.4972
1705.62 628.8186
1709.113 625.7238
1712.677 622.4121
1716.376 618.772
1719.994 615.0543
1723.336 611.3035
1726.651 607.2587
1730.032 602.9279
1733.209 598.6674
1736.564 593.9022
1739.803 589.1732
1743.165 584.379
1746.631 579.4244
1750.01 574.2418
1753.137 569.1299
1756.336 563.7674
1759.332 558.5635
1762.05 553.4445
1764.783 547.9193
1767.249 542.5931
1768.85 538.8849
1770.884 533.8046
1772.858 528.7667
1774.724 523.845
1776.436 519.1911
1777.989 514.7733
1779.34 510.6571
1780.458 506.8942
1781.383 503.3479
1782.131 500.0852
1782.718 496.6505
1782.933 494.2019
1782.972 492.1085
1782.953 490.3112
1782.879 488.906
1782.782 487.8372
1782.704 487.0141
1782.73 486.2898
1782.766 485.85
1782.869 485.4832
1783.094 485.2651
1783.441 485.0035
1783.827 484.8125
1784.288 484.6451
1784.79 484.5957
1785.339 484.522
1785.878 484.5204
1786.449 484.5308
1787.17 484.8343
1787.227 484.9524
1787.189 485.0473
1786.881 485.0694
1786.395 485.0291
1785.845 485.0253
1785.284 484.9831
1784.697 484.9648
1784.226 484.9717
1783.862 485.0618
1783.536 485.2142
1783.099 485.4166
1782.86 485.4814
1782.667 485.5551
1782.532 485.6257
1782.49 485.7129
1782.527 485.7406
1782.639 485.7307
1782.817 485.7069
1782.986 485.7196
1783.216 485.7505
1783.504 485.7453
1783.871 485.64
1784.22 485.4817
1784.598 485.2954
1784.825 485.1779
1785.108 485.0372
1785.31 484.9323
1785.442 484.8795
1785.55 484.8964
1785.664 484.9549
1785.8 485.1009
1785.842 485.1245
1785.856 485.1185
1785.846 485.0384
1785.825 484.8936
1785.827 484.7385
1785.857 484.6007
1785.848 484.4308
1785.864 484.2331
1785.849 484.0653
1785.882 483.9615
1785.797 483.8658
1785.756 483.7779
1785.679 483.6973
1785.63 483.6342
1785.576 483.6289
1785.601 483.7022
1785.63 483.8506
1785.661 484.0295
1785.656 484.2526
1785.717 484.5026
1785.778 484.8082
1785.871 485.1627
1785.98 485.4472
1786.159 485.7384
1786.379 486.0533
1786.641 486.3864
1786.92 486.7263
1787.248 487.0969
1787.566 487.4181
1787.89 487.7452
1788.18 488.0485
1788.446 488.3297
1788.729 488.5915
1789.011 488.8574
1789.317 489.1085
1789.564 489.3235
1789.757 489.4595
1789.859 489.5893
1789.955 489.7247
1790.008 489.8481
1790.063 489.8935
1790.096 489.9229
1790.174 489.9246
1790.248 489.9396
1790.328 489.9219
1790.385 489.8899
1790.419 489.8288
1790.44 489.7956
1790.503 489.7975
1790.558 489.8132
1790.554 489.8315
1790.556 489.8572
1790.569 489.9018
1790.59 490.022
1790.61 490.1994
1790.624 490.4509
1790.646 490.7454
1790.639 491.0838
1790.602 491.4048
1790.568 491.7256
1790.559 492.091
1790.626 492.4832
1790.773 492.9437
1790.975 493.3023
1791.303 493.6148
1791.729 493.9042
1792.317 494.1965
1793.021 494.5276
1793.76 494.8661
1794.553 495.2261
1795.116 495.5088
1795.533 495.8004
1795.824 496.0702
1796.016 496.3063
1796.095 496.4374
1796.084 496.5242
1796.034 496.5495
1795.993 496.5403
1795.901 496.5056
1795.769 496.4478
1795.588 496.3426
1795.387 496.194
1795.153 496.0485
1794.964 495.9476
1794.762 495.8983
1794.624 495.9293
1794.5 496.0109
1794.435 496.1317
1794.385 496.2543
1794.371 496.4093
1794.342 496.6367
1794.29 496.9445
1794.187 497.3409
1794.009 497.9277
1793.708 498.593
1793.274 499.3323
1792.767 500.1973
1792.204 501.1775
1791.545 502.3062
1790.836 503.593
1849.38 566.9512
1846.084 568.9593
1842.673 570.9612
1839.335 572.689
1835.799 574.271
1832.515 575.5062
1829.607 576.4171
1826.617 577.158
1823.606 577.5577
1820.383 577.6874
1817.118 577.5583
1813.853 577.2568
1810.694 576.8597
1807.119 576.3233
1803.4 575.5616
1799.491 574.6256
1794.902 573.4559
1790.855 572.4862
1786.799 571.5569
1782.387 570.6025
1777.845 569.6323
1773.496 568.7192
1769.117 567.8331
1765.137 567.1194
1762.284 566.6704
1758.285 566.0489
1754.535 565.462
1750.83 564.9018
1747.365 564.4912
1743.869 564.1329
1740.419 563.7736
1737.157 563.4391
1734.212 563.2478
1731.833 563.2653
1730.013 563.4552
1729.563 563.6303
1729.454 563.8519
1729.466 564.1704
1729.621 564.5483
1729.798 565.0106
1729.73 565.6168
1729.233 566.4286
1727.973 568.1072
1727.594 568.8088
1727.258 569.8182
1727.096 570.9308
1727.083 572.2832
1727.21 573.6257
1727.445 575.1291
1727.736 576.7656
1727.996 578.6329
1728.135 580.5363
1728.135 582.7281
1727.9 585.6992
1727.541 588.0181
1727.025 590.5449
1726.445 593.215
1725.978 595.7882
1725.574 598.5905
1725.22 601.2303
1724.909 603.9498
1724.499 606.5589
1723.977 609.0989
1723.427 611.4406
1722.792 613.8739
1722.101 616.0713
1721.152 618.5289
1719.947 620.7814
1718.3 623.012
1716.221 625.1211
1714.07 626.8291
1711.978 628.2145
1709.83 629.4958
1707.654 630.7534
1705.514 631.8753
1703.108 632.8373
1700.78 633.6204
1698.535 634.3241
1696.41 634.948
1694.293 635.5707
1692.289 636.2247
1690.262 637.0205
1688.576 637.7485
1687.473 638.2521
1686.278 638.8967
1685.216 639.6813
1684.301 640.5797
1683.401 641.5652
1682.521 642.5704
1681.688 643.5708
1681.095 644.4957
1680.701 645.3895
1680.592 646.1543
1680.871 646.9619
1681.322 647.6227
1681.708 648.2635
1682.042 648.757
1682.289 649.167
1682.536 649.459
1682.827 649.6647
1682.981 649.7875
1682.955 649.8192
1682.828 649.7515
1682.672 649.6046
1682.525 649.4018
1682.399 649.1702
1682.29 648.8643
1682.296 648.444
1682.479 647.8628
1682.887 647.1633
1683.616 646.3238
1684.671 645.3593
1686.073 644.2501
1687.543 643.1761
1689.384 641.8539
1691.524 640.2251
1693.859 638.3856
1696.477 636.3002
1699.379 634.0175
1702.465 631.4972
1705.62 628.8186
1709.113 625.7238
1712.677 622.4121
1716.376 618.772
1719.994 615.0543
1723.336 611.3035
1726.651 607.2587
1730.032 602.9279
1733.209 598.6674
1736.564 593.9022
1739.803 589.1732
1743.165 584.379
1746.631 579.4244
1750.01 574.2418
1753.137 569.1299
1756.336 563.7674
1759.332 558.5635
1762.05 553.4445
1764.783 547.9193
1767.249 542.5931
1768.85 538.8849
1770.884 533.8046
1772.858 528.7667
1774.724 523.845
1776.436 519.1911
1777.989 514.7733
1779.34 510.6571
1780.458 506.8942
1781.383 503.3479
1782.131 500.0852
1782.718 496.6505
1782.933 494.2019
1782.972 492.1085
1782.953 490.3112
1782.879 488.906
1782.782 487.8372
1782.704 487.0141
1782.73 486.2898
1782.766 485.85
1782.869 485.4832
1783.094 485.2651
1783.441 485.0035
1783.827 484.8125
1784.288 484.6451
1784.79 484.5957
1785.339 484.522
1785.878 484.5204
1786.449 484.5308
1787.17 484.8343
1787.227 484.9524
1787.189 485.0473
1786.881 485.0694
1786.395 485.0291
1785.845 485.0253
1785.284 484.9831
1784.697 484.9648
1784.226 484.9717
1783.862 485.0618
1783.536 485.2142
1783.099 485.4166
1782.86 485.4814
1782.667 485.5551
1782.532 485.6257
1782.49 485.7129
1782.527 485.7406
1782.639 485.7307
1782.817 485.7069
1782.986 485.7196
1783.216 485.7505
1783.504 485.7453
1783.871 485.64
1784.22 485.4817
1784.598 485.2954
1784.825 485.1779
1785.108 485.0372
1785.31 484.9323
1785.442 484.8795
1785.55 484.8964
1785.664 484.9549
1785.8 485.1009
1785.842 485.1245
1785.856 485.1185
1785.846 485.0384
1785.825 484.8936
1785.827 484.7385
1785.857 484.6007
1785.848 484.4308
1785.864 484.2331
1785.849 484.0653
1785.882 483.9615
1785.797 483.8658
1785.756 483.7779
1785.679 483.6973
1785.63 483.6342
1785.576 483.6289
1785.601 483.7022
1785.63 483.8506
1785.661 484.0295
1785.656 484.2526
1785.717 484.5026
1785.778 484.8082
1785.871 485.1627
1785.98 485.4472
1786.159 485.7384
1786.379 486.0533
1786.641 486.3864
1786.92 486.7263
1787.248 487.0969
1787.566 487.4181
1787.89 487.7452
1788.18 488.0485
1788.446 488.3297
1788.729 488.5915
1789.011 488.8574
1789.317 489.1085
1789.564 489.3235
1789.757 489.4595
1789.859 489.5893
1789.955 489.7247
1790.008 489.8481
1790.063 489.8935
1790.096 489.9229
1790.174 489.9246
1790.248 489.9396
1790.328 489.9219
1790.385 489.8899
1790.419 489.8288
1790.44 489.7956
1790.503 489.7975
1790.558 489.8132
1790.554 489.8315
1790.556 489.8572
1790.569 489.9018
1790.59 490.022
1790.61 490.1994
1790.624 490.4509
1790.646 490.7454
1790.639 491.0838
1790.602 491.4048
1790.568 491.7256
1790.559 492.091
1790.626 492.4832
1790.773 492.9437
1790.975 493.3023
1791.303 493.6148
1791.729 493.9042
1792.317 494.1965
1793.021 494.5276
1793.76 494.8661
1794.553 495.2261
1795.116 495.5088
1795.533 495.8004
1795.824 496.0702
1796.016 496.3063
1796.095 496.4374
1796.084 496.5242
1796.034 496.5495
1795.993 496.5403
1795.901 496.5056
1795.769 496.4478
1795.588 496.3426
1795.387 496.194
1795.153 496.0485
1794.964 495.9476
1794.762 495.8983
1794.624 495.9293
1794.5 496.0109
1794.435 496.1317
1794.385 496.2543
1794.371 496.4093
1794.342 496.6367
1794.29 496.9445
1794.187 497.3409
1794.009 497.9277
1793.708 498.593
1793.274 499.3323
1792.767 500.1973
1792.204 501.1775
1791.545 502.3062
1790.836 503.593
1790.133 504.9204
1789.362 506.3712
1788.543 507.9938
1787.745 509.7967
1787.008 511.8341
1786.304 514.3235
1785.635 516.818
1784.926 519.4199
1784.07 522.3011
1783.203 525.3733
1782.409 528.7527
1781.698 532.4011
1780.991 536.2691
1780.226 540.287
1779.41 544.2313
1778.575 548.1538
1777.8 551.9587
1777.046 556.0672
1776.33 559.8953
1775.495 563.6625
1774.642 567.2361
1773.802 570.6401
1772.91 573.4998
1771.831 576.316
1770.641 578.7855
1769.311 581.133
1767.899 583.3979
1766.346 585.5629
1764.589 587.498
1762.54 589.3862
1760.308 591.1483
1757.766 592.8685
1754.657 594.5045
1751.478 595.9348
1748.286 597.1883
1744.979 598.4404
1741.543 599.5328
1738.146 600.5553
1734.75 601.5068
1731.465 602.4931
1728.248 603.4504
1725.051 604.445
1721.888 605.3423
1718.889 606.2419
1716.271 607.0834
1714.02 607.9071
1712.144 608.7457
1710.488 609.6025
1709.1 610.4864
1707.94 611.4121
1707.108 612.2393
1706.506 613.066
1706.179 613.8126
1705.974 614.6427
1705.901 615.4077
1705.92 616.116
1706.037 616.7518
1706.175 617.3223
1706.271 617.7972
1706.412 618.2825
1706.581 618.7126
1706.675 619.1429
1706.668 619.553
1706.528 619.9027
1706.383 620.1093
1706.212 620.2666
1706.023 620.3919
1705.835 620.5613
1705.595 620.8153
1705.351 621.1871
1705.044 621.6107
1704.568 622.0865
1704.078 622.6
1703.494 623.2054
1702.824 623.9573
1701.129 625.6403
1700.59 626.1904
1699.575 627.2851
1698.484 628.5507
1697.556 629.8652
1696.788 631.1837
1696.049 632.4922
1695.118 633.9026
1693.953 635.3986
1692.616 636.9272
1691.165 638.3652
1689.263 640.1409
1688.006 641.2194
1686.677 642.257
1685.418 643.1853
1684.2 644.1069
1683.27 644.8604
1682.57 645.4623
1681.987 645.9079
1681.431 646.2291
1680.816 646.4411
1680.136 646.5203
1679.46 646.4749
1678.798 646.3859
1678.146 646.2643
1677.393 646.0805
1676.542 645.8602
1675.751 645.6779
1674.951 645.5385
1674.227 645.4416
1673.546 645.3704
1672.911 645.3553
1672.287 645.3943
1671.78 645.4641
1671.319 645.5884
1670.971 645.8363
1670.693 646.1998
1670.437 646.7037
1670.242 647.2549
1670.239 647.7682
1670.371 648.2593
1670.622 648.7283
1670.895 649.0882
1671.177 649.3648
1671.431 649.5816
1671.615 649.736
1671.66 649.8268
1671.602 649.8298
1671.523 649.7546
1671.429 649.6768
1671.382 649.5894
1671.383 649.5295
1671.359 649.483
1671.281 649.4415
1671.211 649.3918
1671.227 649.3032
1671.27 649.2036
1671.338 649.1116
1671.404 649.0333
1671.458 649.0142
1671.548 649.0549
1671.604 649.1227
1671.63 649.2083
1671.691 649.306
1671.746 649.4468
1671.745 649.5667
1671.731 649.6323
1671.688 649.7004
1671.566 649.7822
1671.442 649.8774
1671.371 649.9897
1671.33 650.0881
1671.297 650.1782
1671.312 650.241
1671.412 650.2941
1671.557 650.3375
1671.827 650.4028
1672.049 650.4233
1672.285 650.376
1672.474 650.2885
1672.698 650.1749
1672.914 650.028
1673.108 649.8445
1673.237 649.6587
1673.342 649.4897
1673.44 649.294
1673.485 649.0592
1673.563 648.8624
1673.635 648.6743
1673.712 648.5182
1673.789 648.3793
1673.885 648.2559
1673.945 648.1525
1673.949 648.0687
1673.913 648.0264
1673.869 647.986
1673.843 647.9315
1673.819 647.8877
1673.791 647.894
1673.812 647.9012
1673.884 647.8895
1674.006 647.8918
1674.14 647.9274
1674.278 647.9404
1674.489 647.9136
1674.983 647.8292
1675.096 647.7898
1675.355 647.6565
1675.755 647.5132
1675.991 647.4789
1676.205 647.4588
1676.372 647.3799
1676.504 647.2601
1676.634 647.1387
1676.713 646.9975
1676.747 646.8253
1676.766 646.6642
1676.775 646.6179
1676.714 646.5933
1676.564 646.8187
1676.378 646.9996
1676.23 647.1751
1676.002 647.2676
1675.899 647.2669
1675.773 647.2684
1675.628 647.2328
1675.528 647.2064
1675.46 647.1806
1675.506 647.1491
1675.735 647.0709
1676.034 646.9911
1676.377 646.889
1676.767 646.7759
1677.319 646.5959
1677.847 646.4536
1678.4 646.3154
1678.983 646.1449
1679.564 645.9491
1680.047 645.7644
1680.479 645.61
1680.877 645.4681
1681.162 645.338
1681.368 645.2056
1681.481 645.0605
1681.446 644.9363
1681.321 644.8189
1681.128 644.7322
1680.833 644.6239
1680.558 644.4968
1680.268 644.3577
1680.075 644.261
1679.868 644.1609
1679.801 644.062
1679.812 643.8958
1679.938 643.6184
1680.189 643.1997
1680.661 642.6537
1681.434 641.9417
1682.517 641.0374
1683.699 640.014
1685.176 638.6953
1686.98 636.9771
1688.826 635.1243
1691.018 632.8224
1693.359 630.2751
1695.728 627.6293
1698.372 624.4993
1700.939 621.3283
1703.664 617.7938
1706.597 613.7556
1709.504 609.5084
1712.412 605.0835
1715.214 600.4424
1717.839 595.6453
1720.151 590.8301
1722.33 585.6171
1724.028 580.6132
1725.386 575.7502
1726.47 571.0192
1727.442 566.1229
1728.378 561.3427
1729.24 556.8116
1730.051 552.2731
1730.668 548.0219
1731.225 543.8517
1731.712 539.6637
1732.249 535.7639
1732.932 531.9584
1733.808 528.1224
1736.398 517.656
1737.048 515.3903
1737.794 512.577
1738.439 509.9381
1738.964 507.4811
1739.47 505.2274
1739.989 503.0882
1740.446 501.1648
1740.829 499.4722
1741.206 497.8092
1741.486 496.3636
1741.685 495.0295
1741.739 494.2614
1741.537 492.2142
1740.795 490.9842
1739.953 490.2731
1739.435 490.1472
1739.401 490.2924
1739.483 490.6343
1739.681 491.0826
1739.809 491.4452
1739.982 491.9414
1740.165 492.42
1740.331 492.9393
1740.572 493.5787
1740.897 494.2858
1741.271 494.9604
1741.633 495.5518
1741.997 496.064
1742.35 496.4869
1742.75 496.9756
1743.031 497.2932
1743.253 497.5094
1743.466 497.5941
1743.632 497.5753
1743.794 497.5484
1790.133 504.9204
1789.362 506.3712
1788.543 507.9938
1787.745 509.7967
1787.008 511.8341
1786.304 514.3235
1785.635 516.818
1784.926 519.4199
1784.07 522.3011
1783.203 525.3733
1782.409 528.7527
1781.698 532.4011
1780.991 536.2691
1780.226 540.287
1779.41 544.2313
1778.575 548.1538
1777.8 551.9587
1777.046 556.0672
1776.33 559.8953
1775.495 563.6625
1774.642 567.2361
1773.802 570.6401
1772.91 573.4998
1771.831 576.316
1770.641 578.7855
1769.311 581.133
1767.899 583.3979
1766.346 585.5629
1764.589 587.498
1762.54 589.3862
1760.308 591.1483
1757.766 592.8685
1754.657 594.5045
1751.478 595.9348
1748.286 597.1883
1744.979 598.4404
1741.543 599.5328
1738.146 600.5553
1734.75 601.5068
1731.465 602.4931
1728.248 603.4504
1725.051 604.445
1721.888 605.3423
1718.889 606.2419
1716.271 607.0834
1714.02 607.9071
1712.144 608.7457
1710.488 609.6025
1709.1 610.4864
1707.94 611.4121
1707.108 612.2393
1706.506 613.066
1706.179 613.8126
1705.974 614.6427
1705.901 615.4077
1705.92 616.116
1706.037 616.7518
1706.175 617.3223
1706.271 617.7972
1706.412 618.2825
1706.581 618.7126
1706.675 619.1429
1706.668 619.553
1706.528 619.9027
1706.383 620.1093
1706.212 620.2666
1706.023 620.3919
1705.835 620.5613
1705.595 620.8153
1705.351 621.1871
1705.044 621.6107
1704.568 622.0865
1704.078 622.6
1703.494 623.2054
1702.824 623.9573
1701.129 625.6403
1700.59 626.1904
1699.575 627.2851
1698.484 628.5507
1697.556 629.8652
1696.788 631.1837
1696.049 632.4922
1695.118 633.9026
1693.953 635.3986
1692.616 636.9272
1691.165 638.3652
1689.263 640.1409
1688.006 641.2194
1686.677 642.257
1685.418 643.1853
1684.2 644.1069
1683.27 644.8604
1682.57 645.4623
1681.987 645.9079
1681.431 646.2291
1680.816 646.4411
1680.136 646.5203
1679.46 646.4749
1678.798 646.3859
1678.146 646.2643
1677.393 646.0805
1676.542 645.8602
1675.751 645.6779
1674.951 645.5385
1674.227 645.4416
1673.546 645.3704
1672.911 645.3553
1672.287 645.3943
1671.78 645.4641
1671.319 645.5884
1670.971 645.8363
1670.693 646.1998
1670.437 646.7037
1670.242 647.2549
1670.239 647.7682
1670.371 648.2593
1670.622 648.7283
1670.895 649.0882
1671.177 649.3648
1671.431 649.5816
1671.615 649.736
1671.66 649.8268
1671.602 649.8298
1671.523 649.7546
1671.429 649.6768
1671.382 649.5894
1671.383 649.5295
1671.359 649.483
1671.281 649.4415
1671.211 649.3918
1671.227 649.3032
1671.27 649.2036
1671.338 649.1116
1671.404 649.0333
1671.458 649.0142
1671.548 649.0549
1671.604 649.1227
1671.63 649.2083
1671.691 649.306
1671.746 649.4468
1671.745 649.5667
1671.731 649.6323
1671.688 649.7004
1671.566 649.7822
1671.442 649.8774
1671.371 649.9897
1671.33 650.0881
1671.297 650.1782
1671.312 650.241
1671.412 650.2941
1671.557 650.3375
1671.827 650.4028
1672.049 650.4233
1672.285 650.376
1672.474 650.2885
1672.698 650.1749
1672.914 650.028
1673.108 649.8445
1673.237 649.6587
1673.342 649.4897
1673.44 649.294
1673.485 649.0592
1673.563 648.8624
1673.635 648.6743
1673.712 648.5182
1673.789 648.3793
1673.885 648.2559
1673.945 648.1525
1673.949 648.0687
1673.913 648.0264
1673.869 647.986
1673.843 647.9315
1673.819 647.8877
1673.791 647.894
1673.812 647.9012
1673.884 647.8895
1674.006 647.8918
1674.14 647.9274
1674.278 647.9404
1674.489 647.9136
1674.983 647.8292
1675.096 647.7898
1675.355 647.6565
1675.755 647.5132
1675.991 647.4789
1676.205 647.4588
1676.372 647.3799
1676.504 647.2601
1676.634 647.1387
1676.713 646.9975
1676.747 646.8253
1676.766 646.6642
1676.775 646.6179
1676.714 646.5933
1676.564 646.8187
1676.378 646.9996
1676.23 647.1751
1676.002 647.2676
1675.899 647.2669
1675.773 647.2684
1675.628 647.2328
1675.528 647.2064
1675.46 647.1806
1675.506 647.1491
1675.735 647.0709
1676.034 646.9911
1676.377 646.889
1676.767 646.7759
1677.319 646.5959
1677.847 646.4536
1678.4 646.3154
1678.983 646.1449
1679.564 645.9491
1680.047 645.7644
1680.479 645.61
1680.877 645.4681
1681.162 645.338
1681.368 645.2056
1681.481 645.0605
1681.446 644.9363
1681.321 644.8189
1681.128 644.7322
1680.833 644.6239
1680.558 644.4968
1680.268 644.3577
1680.075 644.261
1679.868 644.1609
1679.801 644.062
1679.812 643.8958
1679.938 643.6184
1680.189 643.1997
1680.661 642.6537
1681.434 641.9417
1682.517 641.0374
1683.699 640.014
1685.176 638.6953
1686.98 636.9771
1688.826 635.1243
1691.018 632.8224
1693.359 630.2751
1695.728 627.6293
1698.372 624.4993
1700.939 621.3283
1703.664 617.7938
1706.597 613.7556
1709.504 609.5084
1712.412 605.0835
1715.214 600.4424
1717.839 595.6453
1720.151 590.8301
1722.33 585.6171
1724.028 580.6132
1725.386 575.7502
1726.47 571.0192
1727.442 566.1229
1728.378 561.3427
1729.24 556.8116
1730.051 552.2731
1730.668 548.0219
1731.225 543.8517
1731.712 539.6637
1732.249 535.7639
1732.932 531.9584
1733.808 528.1224
1736.398 517.656
1737.048 515.3903
1737.794 512.577
1738.439 509.9381
1738.964 507.4811
1739.47 505.2274
1739.989 503.0882
1740.446 501.1648
1740.829 499.4722
1741.206 497.8092
1741.486 496.3636
1741.685 495.0295
1741.739 494.2614
1741.537 492.2142
1740.795 490.9842
1739.953 490.2731
1739.435 490.1472
1739.401 490.2924
1739.483 490.6343
1739.681 491.0826
1739.809 491.4452
1739.982 491.9414
1740.165 492.42
1740.331 492.9393
1740.572 493.5787
1740.897 494.2858
1741.271 494.9604
1741.633 495.5518
1741.997 496.064
1742.35 496.4869
1742.75 496.9756
1743.031 497.2932
1743.253 497.5094
1743.466 497.5941
1743.632 497.5753
1743.794 497.5484
1743.949 497.5498
1744.053 497.4305
1744.025 497.1202
1743.955 496.5445
1743.779 495.6681
1743.524 494.6197
1743.121 493.4893
1742.695 492.3755
1742.208 491.3705
1741.688 490.4627
1741.086 489.6384
1740.47 488.8688
1739.895 488.1933
1739.416 487.6592
1738.931 487.2445
1738.507 486.9155
1738.096 486.632
1737.756 486.4147
1737.487 486.3689
1737.259 486.5101
1737.052 486.8304
1736.849 487.1915
1736.673 487.5663
1736.557 487.9795
1736.489 488.3941
1736.488 488.7873
1736.563 489.1802
1736.698 489.517
1736.895 489.8255
1737.171 490.0522
1737.413 490.1907
1737.684 490.2506
1738.002 490.3054
1738.36 490.3846
1738.712 490.496
1739.092 490.5558
1739.417 490.6301
1739.749 490.6939
1740.042 490.6979
1740.257 490.5925
1740.456 490.4036
1740.592 490.1998
1740.696 490.076
1740.786 490.0307
1740.837 490.0597
1740.938 490.1276
1741.046 490.3071
1741.081 490.5441
1741.098 490.8057
1741.142 491.0522
1741.141 491.3115
1741.139 491.5537
1741.103 491.7981
1741.052 492.1035
1741.023 492.5083
1741.013 493.0474
1741.01 493.6625
1740.997 494.2146
1740.943 494.7185
1740.901 495.1861
1740.826 495.6979
1740.651 496.3072
1740.377 497.0493
1739.994 497.8796
1739.36 498.8644
1738.519 499.9017
1737.41 501.0602
1736.123 502.324
1734.807 503.7606
1733.718 505.1657
1732.625 506.7836
1731.589 508.632
1730.684 510.5981
1729.782 512.8458
1728.904 515.1453
1728.045 517.4156
1727.143 519.814
1726.2 522.3108
1725.273 524.829
1724.331 527.5643
1723.538 530.1617
1722.834 532.7227
1722.148 535.37
1721.42 538.1382
1720.597 540.8684
1719.548 543.8445
1718.597 546.4063
1717.611 548.9321
1716.581 551.6221
1715.517 554.3341
1714.447 557.1063
1713.301 560.0312
1712.223 562.7672
1711.214 565.2446
1710.136 567.7811
1708.885 570.3907
1707.511 573.0715
1705.895 576.0327
1704.398 578.7576
1703.052 581.3314
1701.797 583.8969
1700.545 586.5145
1699.539 588.6968
1698.539 591.0503
1697.796 593.3028
1697.19 595.4969
1696.61 598.0285
1696.157 600.5911
1695.734 603.03
1695.311 605.4308
1695.037 607.6796
1694.774 609.7336
1694.524 611.6411
1694.197 613.701
1693.884 615.9579
1693.454 618.4095
1693.049 620.4139
1692.714 622.1909
1692.527 623.8107
1692.349 625.4045
1692.207 626.8683
1691.937 628.3881
1691.58 629.7
1691.183 630.8312
1690.671 631.9731
1690.054 633.0251
1689.468 633.8868
1689.067 634.5836
1688.632 635.1744
1688.184 635.6983
1687.671 636.1384
1687.096 636.5648
1686.375 636.8895
1685.517 637.2112
1684.662 637.4227
1683.741 637.5883
1682.667 637.6561
1681.54 637.676
1680.301 637.6293
1678.905 637.5806
1677.642 637.502
1676.488 637.4673
1675.291 637.481
1674.353 637.4915
1673.268 637.4813
1672.293 637.4696
1671.516 637.4878
1670.879 637.5703
1670.368 637.7128
1669.918 637.8714
1669.493 638.0211
1669.1 638.2084
1668.828 638.397
1668.741 638.6077
1668.804 638.8548
1668.973 639.1097
1669.198 639.3101
1669.516 639.4852
1669.851 639.6544
1670.25 639.7778
1670.708 639.8279
1671.184 639.8216
1671.629 639.8315
1672.028 639.8301
1672.302 639.7902
1672.513 639.7615
1672.753 639.7896
1673.057 639.8952
1673.406 639.9915
1673.805 640.0341
1674.223 640.0276
1674.651 640.0284
1675.147 640.0338
1675.57 640.0362
1676.032 640.0411
1676.442 640.0601
1676.748 640.0588
1676.937 640.0135
1676.972 639.9036
1676.935 639.7509
1676.896 639.5953
1676.81 639.4485
1676.777 639.3064
1676.796 639.1651
1676.798 639.0552
1676.81 638.9844
1676.872 638.946
1676.967 638.89
1677.105 638.8015
1677.223 638.7017
1677.336 638.5987
1677.315 638.4852
1677.181 638.3898
1676.951 638.2536
1676.597 638.1051
1676.158 637.9231
1675.739 637.707
1675.309 637.465
1674.888 637.208
1674.538 636.9592
1674.247 636.7231
1673.938 636.458
1673.541 636.1221
1673.237 635.7935
1672.974 635.5675
1672.671 635.3542
1672.485 635.1594
1672.396 635.0397
1672.442 634.9939
1672.556 635.0131
1672.75 635.0637
1673.021 635.1292
1673.427 635.2411
1673.858 635.3796
1674.283 635.5203
1674.568 635.6566
1674.807 635.8018
1674.982 635.9853
1675.19 636.2349
1675.436 636.54
1675.609 636.8875
1675.686 637.1781
1675.675 637.4174
1675.658 637.6682
1675.584 637.9325
1675.547 638.1823
1675.654 638.4586
1675.883 638.7598
1676.116 638.9982
1676.415 639.2017
1676.759 639.3766
1677.13 639.5127
1677.547 639.5999
1677.991 639.6633
1678.461 639.7015
1678.897 639.6818
1679.768 639.4739
1680.062 639.3721
1680.494 639.216
1680.924 639.0634
1681.279 638.9143
1681.589 638.7556
1681.793 638.6102
1681.943 638.4684
1682.009 638.3438
1682.054 638.2324
1682.035 638.1309
1681.881 638.0415
1681.766 638.0107
1681.656 638.0264
1681.541 638.0742
1681.432 638.14
1681.307 638.2326
1681.17 638.3888
1680.988 638.5773
1680.815 638.7379
1680.674 638.9005
1680.637 639.0607
1680.737 639.2583
1680.941 639.458
1681.17 639.6397
1681.51 639.772
1681.842 639.8699
1682.064 639.9827
1682.133 640.1033
1682.153 640.1889
1682.141 640.2533
1682.117 640.3001
1682.069 640.3487
1682.085 640.412
1682.187 640.5012
1682.381 640.601
1682.625 640.6869
1682.953 640.7269
1683.211 640.7371
1683.461 640.7369
1683.665 640.7454
1683.832 640.699
1683.961 640.6517
1684.108 640.6072
1684.182 640.593
1684.21 640.567
1684.233 640.5157
1684.283 640.458
1684.331 640.3876
1684.349 640.316
1684.34 640.2543
1684.374 640.2139
1684.426 640.1931
1684.538 640.1676
1684.616 640.1583
1684.763 640.1095
1684.889 640.061
1685.054 640.0045
1685.236 639.9563
1685.392 639.8846
1685.52 639.8243
1685.619 639.7623
1685.627 639.6954
1685.637 639.5798
1743.949 497.5498
1744.053 497.4305
1744.025 497.1202
1743.955 496.5445
1743.779 495.6681
1743.524 494.6197
1743.121 493.4893
1742.695 492.3755
1742.208 491.3705
1741.688 490.4627
1741.086 489.6384
1740.47 488.8688
1739.895 488.1933
1739.416 487.6592
1738.931 487.2445
1738.507 486.9155
1738.096 486.632
1737.756 486.4147
1737.487 486.3689
1737.259 486.5101
1737.052 486.8304
1736.849 487.1915
1736.673 487.5663
1736.557 487.9795
1736.489 488.3941
1736.488 488.7873
1736.563 489.1802
1736.698 489.517
1736.895 489.8255
1737.171 490.0522
1737.413 490.1907
1737.684 490.2506
1738.002 490.3054
1738.36 490.3846
1738.712 490.496
1739.092 490.5558
1739.417 490.6301
1739.749 490.6939
1740.042 490.6979
1740.257 490.5925
1740.456 490.4036
1740.592 490.1998
1740.696 490.076
1740.786 490.0307
1740.837 490.0597
1740.938 490.1276
1741.046 490.3071
1741.081 490.5441
1741.098 490.8057
1741.142 491.0522
1741.141 491.3115
1741.139 491.5537
1741.103 491.7981
1741.052 492.1035
1741.023 492.5083
1741.013 493.0474
1741.01 493.6625
1740.997 494.2146
1740.943 494.7185
1740.901 495.1861
1740.826 495.6979
1740.651 496.3072
1740.377 497.0493
1739.994 497.8796
1739.36 498.8644
1738.519 499.9017
1737.41 501.0602
1736.123 502.324
1734.807 503.7606
1733.718 505.1657
1732.625 506.7836
1731.589 508.632
1730.684 510.5981
1729.782 512.8458
1728.904 515.1453
1728.045 517.4156
1727.143 519.814
1726.2 522.3108
1725.273 524.829
1724.331 527.5643
1723.538 530.1617
1722.834 532.7227
1722.148 535.37
1721.42 538.1382
1720.597 540.8684
1719.548 543.8445
1718.597 546.4063
1717.611 548.9321
1716.581 551.6221
1715.517 554.3341
1714.447 557.1063
1713.301 560.0312
1712.223 562.7672
1711.214 565.2446
1710.136 567.7811
1708.885 570.3907
1707.511 573.0715
1705.895 576.0327
1704.398 578.7576
1703.052 581.3314
1701.797 583.8969
1700.545 586.5145
1699.539 588.6968
1698.539 591.0503
1697.796 593.3028
1697.19 595.4969
1696.61 598.0285
1696.157 600.5911
1695.734 603.03
1695.311 605.4308
1695.037 607.6796
1694.774 609.7336
1694.524 611.6411
1694.197 613.701
1693.884 615.9579
1693.454 618.4095
1693.049 620.4139
1692.714 622.1909
1692.527 623.8107
1692.349 625.4045
1692.207 626.8683
1691.937 628.3881
1691.58 629.7
1691.183 630.8312
1690.671 631.9731
1690.054 633.0251
1689.468 633.8868
1689.067 634.5836
1688.632 635.1744
1688.184 635.6983
1687.671 636.1384
1687.096 636.5648
1686.375 636.8895
1685.517 637.2112
1684.662 637.4227
1683.741 637.5883
1682.667 637.6561
1681.54 637.676
1680.301 637.6293
1678.905 637.5806
1677.642 637.502
1676.488 637.4673
1675.291 637.481
1674.353 637.4915
1673.268 637.4813
1672.293 637.4696
1671.516 637.4878
1670.879 637.5703
1670.368 637.7128
1669.918 637.8714
1669.493 638.0211
1669.1 638.2084
1668.828 638.397
1668.741 638.6077
1668.804 638.8548
1668.973 639.1097
1669.198 639.3101
1669.516 639.4852
1669.851 639.6544
1670.25 639.7778
1670.708 639.8279
1671.184 639.8216
1671.629 639.8315
1672.028 639.8301
1672.302 639.7902
1672.513 639.7615
1672.753 639.7896
1673.057 639.8952
1673.406 639.9915
1673.805 640.0341
1674.223 640.0276
1674.651 640.0284
1675.147 640.0338
1675.57 640.0362
1676.032 640.0411
1676.442 640.0601
1676.748 640.0588
1676.937 640.0135
1676.972 639.9036
1676.935 639.7509
1676.896 639.5953
1676.81 639.4485
1676.777 639.3064
1676.796 639.1651
1676.798 639.0552
1676.81 638.9844
1676.872 638.946
1676.967 638.89
1677.105 638.8015
1677.223 638.7017
1677.336 638.5987
1677.315 638.4852
1677.181 638.3898
1676.951 638.2536
1676.597 638.1051
1676.158 637.9231
1675.739 637.707
1675.309 637.465
1674.888 637.208
1674.538 636.9592
1674.247 636.7231
1673.938 636.458
1673.541 636.1221
1673.237 635.7935
1672.974 635.5675
1672.671 635.3542
1672.485 635.1594
1672.396 635.0397
1672.442 634.9939
1672.556 635.0131
1672.75 635.0637
1673.021 635.1292
1673.427 635.2411
1673.858 635.3796
1674.283 635.5203
1674.568 635.6566
1674.807 635.8018
1674.982 635.9853
1675.19 636.2349
1675.436 636.54
1675.609 636.8875
1675.686 637.1781
1675.675 637.4174
1675.658 637.6682
1675.584 637.9325
1675.547 638.1823
1675.654 638.4586
1675.883 638.7598
1676.116 638.9982
1676.415 639.2017
1676.759 639.3766
1677.13 639.5127
1677.547 639.5999
1677.991 639.6633
1678.461 639.7015
1678.897 639.6818
1679.768 639.4739
1680.062 639.3721
1680.494 639.216
1680.924 639.0634
1681.279 638.9143
1681.589 638.7556
1681.793 638.6102
1681.943 638.4684
1682.009 638.3438
1682.054 638.2324
1682.035 638.1309
1681.881 638.0415
1681.766 638.0107
1681.656 638.0264
1681.541 638.0742
1681.432 638.14
1681.307 638.2326
1681.17 638.3888
1680.988 638.5773
1680.815 638.7379
1680.674 638.9005
1680.637 639.0607
1680.737 639.2583
1680.941 639.458
1681.17 639.6397
1681.51 639.772
1681.842 639.8699
1682.064 639.9827
1682.133 640.1033
1682.153 640.1889
1682.141 640.2533
1682.117 640.3001
1682.069 640.3487
1682.085 640.412
1682.187 640.5012
1682.381 640.601
1682.625 640.6869
1682.953 640.7269
1683.211 640.7371
1683.461 640.7369
1683.665 640.7454
1683.832 640.699
1683.961 640.6517
1684.108 640.6072
1684.182 640.593
1684.21 640.567
1684.233 640.5157
1684.283 640.458
1684.331 640.3876
1684.349 640.316
1684.34 640.2543
1684.374 640.2139
1684.426 640.1931
1684.538 640.1676
1684.616 640.1583
1684.763 640.1095
1684.889 640.061
1685.054 640.0045
1685.236 639.9563
1685.392 639.8846
1685.52 639.8243
1685.619 639.7623
1685.627 639.6954
1685.637 639.5798
1685.579 639.4506
1685.506 639.315
1685.435 639.1511
1685.386 638.9493
1685.337 638.7604
1685.278 638.6027
1685.178 638.4637
1685.104 638.3244
1684.995 638.2445
1684.902 638.1395
1684.774 638.048
1684.71 637.9196
1684.649 637.8414
1684.637 637.791
1684.599 637.7327
1684.549 637.6806
1684.509 637.6458
1684.415 637.6158
1684.341 637.5878
1684.29 637.5629
1684.275 637.6027
1684.24 637.6656
1684.205 637.7626
1684.212 637.8553
1684.21 637.95
1684.253 638.0004
1684.275 638.0495
1684.27 638.0628
1684.246 638.066
1684.146 638.0643
1684.018 638.0872
1683.897 638.1212
1683.797 638.1321
1683.71 638.0579
1683.634 637.9716
1683.561 637.8824
1683.495 637.8026
1683.439 637.7473
1683.398 637.7073
1683.326 637.6381
1683.275 637.5432
1683.211 637.4392
1683.146 637.3663
1683.089 637.3112
1683.02 637.2704
1682.964 637.2346
1682.931 637.2196
1682.905 637.2271
1682.876 637.249
1682.842 637.2333
1682.819 637.2181
1682.829 637.2019
1682.889 637.2089
1683.018 637.1769
1683.195 637.1501
1683.351 637.1309
1683.463 637.1177
1683.534 637.05
1683.555 636.9792
1683.552 636.8979
1683.499 636.8491
1683.461 636.7927
1683.435 636.7297
1683.48 636.6529
1683.52 636.6127
1683.553 636.5705
1683.572 636.563
1683.606 636.5482
1683.63 636.5326
1683.698 636.5121
1683.737 636.5118
1683.782 636.5157
1683.86 636.5363
1683.975 636.5682
1684.086 636.6016
1684.255 636.6267
1684.432 636.6334
1684.635 636.6137
1684.811 636.572
1684.991 636.5256
1685.158 636.4761
1685.291 636.3905
1685.371 636.2729
1685.522 636.1232
1685.875 635.903
1686.312 635.6456
1686.839 635.2677
1687.478 634.6783
1688.183 633.8896
1689.056 632.8676
1690.132 631.6056
1691.504 630.1197
1693.084 628.4994
1695.088 626.4298
1697.363 624.1101
1700.058 621.408
1703.357 618.1414
1710.364 611.3464
1713.13 608.7385
1717.106 604.96
1721.325 600.8418
1725.304 596.6997
1729.566 591.8376
1733.283 587.3
1736.889 582.6287
1740.28 577.9684
1743.426 573.2646
1746.247 568.6106
1749.593 562.3144
1751.762 557.9139
1753.768 553.5502
1755.678 549.1888
1757.438 544.8624
1759.036 540.6536
1760.445 536.4044
1761.423 532.5732
1762.204 528.6993
1762.716 525.0211
1763.016 521.4089
1763.092 518.0144
1763.061 514.6107
1763.081 511.6706
1762.956 506.0246
1762.885 504.2271
1762.855 501.9024
1762.953 499.7022
1763.209 497.873
1763.631 496.2692
1764.137 494.9128
1764.778 493.6531
1765.499 492.6057
1766.379 491.625
1767.381 490.9158
1768.797 490.2258
1770.095 489.8086
1771.489 489.5038
1772.893 489.2758
1774.182 489.135
1775.334 489.1379
1776.387 489.2164
1777.348 489.4503
1778.142 489.7108
1778.911 490.1265
1779.415 490.5163
1779.719 490.9369
1779.871 491.3958
1779.854 491.9527
1779.705 492.5448
1779.473 493.1193
1779.196 493.572
1778.799 494.0562
1778.377 494.4216
1777.923 494.8455
1777.529 495.2621
1777.179 495.6377
1776.833 495.8944
1776.505 496.0674
1776.275 496.1483
1776.163 496.1749
1776.281 496.1407
1776.58 496.0523
1777.114 495.9096
1777.708 495.8073
1778.352 495.6733
1779.001 495.5353
1779.631 495.3766
1780.182 495.2327
1780.614 495.1129
1780.908 495.0614
1781.102 495.0489
1781.184 495.0489
1781.123 495.0735
1780.988 495.1829
1780.823 495.4039
1780.601 495.6434
1780.289 495.8833
1779.94 496.0961
1779.614 496.3021
1778.985 496.8562
1778.802 497.0495
1778.577 497.3224
1778.43 497.5796
1778.333 497.8621
1778.299 498.1263
1778.283 498.3586
1778.26 498.5732
1778.223 498.7828
1778.171 498.986
1778.115 499.204
1778.085 499.4995
1778.043 499.7695
1778.025 500.054
1777.989 500.4242
1777.966 500.8902
1777.914 501.4087
1777.722 501.9903
1777.351 502.706
1776.782 503.5819
1775.853 504.7502
1774.821 505.9742
1773.461 507.567
1771.776 509.513
1769.787 511.6886
1767.537 514.1253
1765.035 516.8025
1762.196 519.67
1758.891 522.8521
1755.627 525.9808
1752.133 529.509
1749.481 532.3495
1745.906 536.3583
1742.112 540.7563
1738.033 545.4739
1733.839 550.2236
1729.406 555.1902
1725.039 560.1859
1720.664 565.3249
1716.299 570.5462
1711.899 575.9285
1706.699 582.2026
1702.297 587.2186
1698.285 591.4202
1694.385 595.3725
1690.865 598.9849
1687.84 602.3668
1685.821 604.9794
1683.742 608.3694
1682.255 611.7154
1681.296 614.7358
1680.683 617.4147
1680.28 619.9518
1680.241 622.2568
1680.525 624.3536
1681.102 626.2111
1681.87 627.9005
1682.991 629.7052
1683.864 630.8821
1684.72 631.7423
1685.595 632.4868
1686.116 632.7993
1686.829 633.0537
1687.358 633.1611
1687.738 633.0936
1687.792 632.9053
1687.574 632.6526
1687.201 632.3668
1686.707 632.0678
1686.161 631.7309
1685.647 631.3665
1684.903 630.9838
1684.306 630.7542
1683.701 630.5864
1683.069 630.5127
1682.404 630.4993
1681.735 630.597
1681.079 630.7717
1680.451 631.0479
1680.031 631.3499
1679.747 631.6932
1679.702 632.0643
1679.809 632.5164
1680.007 633.049
1680.181 633.6207
1680.423 634.1346
1680.621 634.6164
1680.834 635.2145
1681.042 635.8434
1681.25 636.4741
1681.439 637.2087
1681.586 637.9261
1681.689 638.7565
1681.659 639.1627
1681.431 639.7792
1680.896 640.3112
1680.132 640.8297
1679.318 641.2582
1678.396 641.6539
1677.474 642.0189
1676.677 642.3297
1675.924 642.5628
1675.242 642.743
1674.513 642.9689
1674.118 643.157
1673.854 643.2879
1673.667 643.364
1673.546 643.3653
1673.514 643.3253
1673.572 643.2661
1673.723 643.2283
1673.915 643.2173
1674.129 643.2218
1674.417 643.2504
1674.743 643.2711
1675.116 643.2894
1675.528 643.33
1675.95 643.4288
1676.429 643.631
1676.887 643.9375
1677.247 644.2893
1677.529 644.6321
1685.579 639.4506
1685.506 639.315
1685.435 639.1511
1685.386 638.9493
1685.337 638.7604
1685.278 638.6027
1685.178 638.4637
1685.104 638.3244
1684.995 638.2445
1684.902 638.1395
1684.774 638.048
1684.71 637.9196
1684.649 637.8414
1684.637 637.791
1684.599 637.7327
1684.549 637.6806
1684.509 637.6458
1684.415 637.6158
1684.341 637.5878
1684.29 637.5629
1684.275 637.6027
1684.24 637.6656
1684.205 637.7626
1684.212 637.8553
1684.21 637.95
1684.253 638.0004
1684.275 638.0495
1684.27 638.0628
1684.246 638.066
1684.146 638.0643
1684.018 638.0872
1683.897 638.1212
1683.797 638.1321
1683.71 638.0579
1683.634 637.9716
1683.561 637.8824
1683.495 637.8026
1683.439 637.7473
1683.398 637.7073
1683.326 637.6381
1683.275 637.5432
1683.211 637.4392
1683.146 637.3663
1683.089 637.3112
1683.02 637.2704
1682.964 637.2346
1682.931 637.2196
1682.905 637.2271
1682.876 637.249
1682.842 637.2333
1682.819 637.2181
1682.829 637.2019
1682.889 637.2089
1683.018 637.1769
1683.195 637.1501
1683.351 637.1309
1683.463 637.1177
1683.534 637.05
1683.555 636.9792
1683.552 636.8979
1683.499 636.8491
1683.461 636.7927
1683.435 636.7297
1683.48 636.6529
1683.52 636.6127
1683.553 636.5705
1683.572 636.563
1683.606 636.5482
1683.63 636.5326
1683.698 636.5121
1683.737 636.5118
1683.782 636.5157
1683.86 636.5363
1683.975 636.5682
1684.086 636.6016
1684.255 636.6267
1684.432 636.6334
1684.635 636.6137
1684.811 636.572
1684.991 636.5256
1685.158 636.4761
1685.291 636.3905
1685.371 636.2729
1685.522 636.1232
1685.875 635.903
1686.312 635.6456
1686.839 635.2677
1687.478 634.6783
1688.183 633.8896
1689.056 632.8676
1690.132 631.6056
1691.504 630.1197
1693.084 628.4994
1695.088 626.4298
1697.363 624.1101
1700.058 621.408
1703.357 618.1414
1710.364 611.3464
1713.13 608.7385
1717.106 604.96
1721.325 600.8418
1725.304 596.6997
1729.566 591.8376
1733.283 587.3
1736.889 582.6287
1740.28 577.9684
1743.426 573.2646
1746.247 568.6106
1749.593 562.3144
1751.762 557.9139
1753.768 553.5502
1755.678 549.1888
1757.438 544.8624
1759.036 540.6536
1760.445 536.4044
1761.423 532.5732
1762.204 528.6993
1762.716 525.0211
1763.016 521.4089
1763.092 518.0144
1763.061 514.6107
1763.081 511.6706
1762.956 506.0246
1762.885 504.2271
1762.855 501.9024
1762.953 499.7022
1763.209 497.873
1763.631 496.2692
1764.137 494.9128
1764.778 493.6531
1765.499 492.6057
1766.379 491.625
1767.381 490.9158
1768.797 490.2258
1770.095 489.8086
1771.489 489.5038
1772.893 489.2758
1774.182 489.135
1775.334 489.1379
1776.387 489.2164
1777.348 489.4503
1778.142 489.7108
1778.911 490.1265
1779.415 490.5163
1779.719 490.9369
1779.871 491.3958
1779.854 491.9527
1779.705 492.5448
1779.473 493.1193
1779.196 493.572
1778.799 494.0562
1778.377 494.4216
1777.923 494.8455
1777.529 495.2621
1777.179 495.6377
1776.833 495.8944
1776.505 496.0674
1776.275 496.1483
1776.163 496.1749
1776.281 496.1407
1776.58 496.0523
1777.114 495.9096
1777.708 495.8073
1778.352 495.6733
1779.001 495.5353
1779.631 495.3766
1780.182 495.2327
1780.614 495.1129
1780.908 495.0614
1781.102 495.0489
1781.184 495.0489
1781.123 495.0735
1780.988 495.1829
1780.823 495.4039
1780.601 495.6434
1780.289 495.8833
1779.94 496.0961
1779.614 496.3021
1778.985 496.8562
1778.802 497.0495
1778.577 497.3224
1778.43 497.5796
1778.333 497.8621
1778.299 498.1263
1778.283 498.3586
1778.26 498.5732
1778.223 498.7828
1778.171 498.986
1778.115 499.204
1778.085 499.4995
1778.043 499.7695
1778.025 500.054
1777.989 500.4242
1777.966 500.8902
1777.914 501.4087
1777.722 501.9903
1777.351 502.706
1776.782 503.5819
1775.853 504.7502
1774.821 505.9742
1773.461 507.567
1771.776 509.513
1769.787 511.6886
1767.537 514.1253
1765.035 516.8025
1762.196 519.67
1758.891 522.8521
1755.627 525.9808
1752.133 529.509
1749.481 532.3495
1745.906 536.3583
1742.112 540.7563
1738.033 545.4739
1733.839 550.2236
1729.406 555.1902
1725.039 560.1859
1720.664 565.3249
1716.299 570.5462
1711.899 575.9285
1706.699 582.2026
1702.297 587.2186
1698.285 591.4202
1694.385 595.3725
1690.865 598.9849
1687.84 602.3668
1685.821 604.9794
1683.742 608.3694
1682.255 611.7154
1681.296 614.7358
1680.683 617.4147
1680.28 619.9518
1680.241 622.2568
1680.525 624.3536
1681.102 626.2111
1681.87 627.9005
1682.991 629.7052
1683.864 630.8821
1684.72 631.7423
1685.595 632.4868
1686.116 632.7993
1686.829 633.0537
1687.358 633.1611
1687.738 633.0936
1687.792 632.9053
1687.574 632.6526
1687.201 632.3668
1686.707 632.0678
1686.161 631.7309
1685.647 631.3665
1684.903 630.9838
1684.306 630.7542
1683.701 630.5864
1683.069 630.5127
1682.404 630.4993
1681.735 630.597
1681.079 630.7717
1680.451 631.0479
1680.031 631.3499
1679.747 631.6932
1679.702 632.0643
1679.809 632.5164
1680.007 633.049
1680.181 633.6207
1680.423 634.1346
1680.621 634.6164
1680.834 635.2145
1681.042 635.8434
1681.25 636.4741
1681.439 637.2087
1681.586 637.9261
1681.689 638.7565
1681.659 639.1627
1681.431 639.7792
1680.896 640.3112
1680.132 640.8297
1679.318 641.2582
1678.396 641.6539
1677.474 642.0189
1676.677 642.3297
1675.924 642.5628
1675.242 642.743
1674.513 642.9689
1674.118 643.157
1673.854 643.2879
1673.667 643.364
1673.546 643.3653
1673.514 643.3253
1673.572 643.2661
1673.723 643.2283
1673.915 643.2173
1674.129 643.2218
1674.417 643.2504
1674.743 643.2711
1675.116 643.2894
1675.528 643.33
1675.95 643.4288
1676.429 643.631
1676.887 643.9375
1677.247 644.2893
1677.529 644.6321
1677.702 644.9335
1677.819 645.2631
1677.896 645.5995
1677.944 645.9088
1677.978 646.2287
1678.039 646.5399
1678.092 646.9099
1678.171 647.3809
1678.26 647.871
1678.326 648.2808
1678.378 648.6346
1678.426 648.9291
1678.506 649.171
1678.602 649.4055
1678.69 649.5801
1678.697 649.6732
1678.607 649.6826
1678.431 649.6133
1678.137 649.5069
1677.764 649.3867
1677.357 649.2587
1676.969 649.0845
1676.599 648.8665
1676.324 648.6281
1676.18 648.3822
1676.137 648.1779
1676.204 647.9492
1676.327 647.7101
1676.409 647.4956
1676.466 647.2728
1676.47 647.0613
1676.373 646.8515
1676.241 646.6869
1676.217 646.5699
1676.297 646.4659
1676.477 646.3835
1676.72 646.3372
1677.02 646.3367
1677.343 646.3885
1677.695 646.4808
1678.051 646.6013
1678.449 646.7234
1678.851 646.8554
1679.299 647.0436
1679.723 647.2653
1680.111 647.5721
1680.47 647.9417
1680.73 648.3435
1680.849 648.7377
1680.825 649.1429
1680.635 649.5704
1680.278 650.0102
1679.749 650.4275
1679.165 650.7637
1678.602 651.0593
1678.007 651.3524
1677.387 651.6307
1676.789 651.8366
1676.159 651.9263
1675.676 651.9525
1675.297 651.9456
1674.979 651.9047
1674.734 651.8464
1674.612 651.7556
1674.625 651.6078
1674.679 651.4597
1674.718 651.3038
1674.747 651.1574
1674.735 651.0312
1674.651 650.9554
1674.539 650.9155
1674.431 650.8888
1674.303 650.8605
1674.158 650.8238
1674.05 650.7948
1673.968 650.7822
1673.797 650.7835
1673.607 650.8068
1673.351 650.8425
1673.024 650.8625
1672.75 650.8525
1672.534 650.8386
1672.303 650.8189
1672.147 650.7935
1672.058 650.7623
1671.997 650.7342
1672.052 650.7032
1672.141 650.6673
1672.284 650.6269
1672.497 650.6007
1672.737 650.5815
1672.994 650.5524
1673.291 650.5164
1673.599 650.4819
1673.83 650.4602
1674.103 650.4392
1674.314 650.42
1674.487 650.3887
1674.602 650.3558
1674.72 650.3293
1674.855 650.3125
1675.03 650.289
1675.157 650.2537
1675.244 650.2164
1675.25 650.1877
1675.269 650.1391
1675.285 650.0656
1675.293 650.01
1675.274 649.951
1675.286 649.9182
1675.338 649.9097
1675.476 649.9073
1675.592 649.8897
1675.716 649.8699
1675.784 649.8888
1675.878 649.895
1675.92 649.8744
1676.048 649.8156
1676.146 649.7997
1676.239 649.8213
1676.256 649.8516
1676.279 649.8525
1676.259 649.8297
1676.178 649.7894
1676.051 649.7675
1675.962 649.7662
1675.856 649.7653
1675.81 649.7323
1675.81 649.6834
1675.833 649.6216
1675.862 649.557
1675.909 649.5154
1675.946 649.5023
1675.984 649.5123
1676 649.5038
1675.924 649.4689
1675.788 649.4241
1675.554 649.4067
1675.186 649.4334
1674.743 649.5285
1674.306 649.6377
1674.011 649.696
1673.662 649.7606
1673.335 649.822
1673.088 649.8656
1672.941 649.8903
1672.88 649.905
1672.899 649.8949
1673.022 649.8495
1673.159 649.7947
1673.374 649.7346
1673.674 649.6609
1673.93 649.581
1674.131 649.4985
1674.346 649.3857
1674.577 649.2521
1674.796 649.1143
1674.966 648.9557
1675.137 648.7813
1675.247 648.6112
1675.28 648.4652
1675.245 648.3498
1675.154 648.2542
1674.962 648.1871
1674.792 648.1241
1674.623 648.0648
1674.448 648.0074
1674.304 647.9821
1674.228 647.9564
1674.206 647.9205
1674.266 647.8737
1674.344 647.8326
1674.415 647.8084
1674.482 647.7988
1674.496 647.7924
1674.491 647.7809
1674.574 647.7626
1674.676 647.7631
1674.866 647.7499
1675.106 647.7335
1675.363 647.6807
1675.583 647.6023
1675.756 647.5237
1675.896 647.435
1675.977 647.357
1676.073 647.2827
1676.131 647.2029
1676.102 647.1146
1676.072 647.0044
1676.068 646.8799
1676.042 646.7565
1676.008 646.6462
1675.993 646.5515
1675.998 646.4666
1676.003 646.3881
1676.029 646.3268
1676.053 646.2635
1676.078 646.1998
1676.128 646.1311
1676.221 646.054
1676.312 645.9647
1676.382 645.8807
1676.465 645.7895
1676.794 645.6544
1676.839 645.6438
1676.928 645.6167
1676.993 645.6002
1677.034 645.603
1677.07 645.6023
1677.091 645.6115
1677.084 645.6301
1677.052 645.6658
1676.991 645.701
1676.94 645.7183
1676.813 645.7249
1676.723 645.7269
1676.569 645.7453
1676.422 645.7635
1676.281 645.7852
1676.176 645.8084
1676.071 645.8208
1675.973 645.8215
1675.843 645.8325
1675.741 645.8542
1675.636 645.8929
1675.574 645.9312
1675.529 645.9291
1675.519 645.8906
1675.504 645.8511
1675.483 645.8326
1675.454 645.8372
1675.45 645.8444
1675.382 645.817
1675.281 645.7715
1675.141 645.7123
1675.019 645.656
1674.901 645.6109
1674.814 645.558
1674.767 645.4959
1674.755 645.424
1674.719 645.3448
1674.678 645.2632
1674.607 645.1959
1674.54 645.142
1674.492 645.0952
1674.51 645.0445
1674.601 644.9788
1674.781 644.9189
1674.926 644.8754
1675.078 644.8595
1675.161 644.8719
1675.243 644.8701
1675.281 644.8397
1675.335 644.7866
1675.364 644.7488
1675.374 644.7287
1675.36 644.7371
1675.323 644.7589
1675.316 644.7551
1675.302 644.7402
1675.297 644.7128
1675.313 644.6837
1675.285 644.6803
1675.257 644.6557
1675.226 644.6365
1675.218 644.6218
1675.214 644.6205
1675.226 644.6004
1675.209 644.5829
1675.187 644.5694
1675.179 644.5646
1675.174 644.5466
1675.189 644.5064
1675.234 644.464
1675.288 644.4286
1675.339 644.3952
1675.371 644.3723
1675.409 644.3259
1675.404 644.2679
1675.386 644.2028
1675.362 644.1566
1675.347 644.1072
1675.323 644.0549
1675.334 644.0001
1675.353 643.9424
1675.414 643.8548
1675.464 643.7595
1675.478 643.6808
1675.492 643.613
1675.485 643.5545
1675.481 643.4872
1675.46 643.4108
1675.448 643.3356
1675.42 643.2831
1675.425 643.2563
1675.452 643.2403
1675.455 643.2163
1675.422 643.1746
1675.426 643.1275
1675.442 643.1099
1677.702 644.9335
1677.819 645.2631
1677.896 645.5995
1677.944 645.9088
1677.978 646.2287
1678.039 646.5399
1678.092 646.9099
1678.171 647.3809
1678.26 647.871
1678.326 648.2808
1678.378 648.6346
1678.426 648.9291
1678.506 649.171
1678.602 649.4055
1678.69 649.5801
1678.697 649.6732
1678.607 649.6826
1678.431 649.6133
1678.137 649.5069
1677.764 649.3867
1677.357 649.2587
1676.969 649.0845
1676.599 648.8665
1676.324 648.6281
1676.18 648.3822
1676.137 648.1779
1676.204 647.9492
1676.327 647.7101
1676.409 647.4956
1676.466 647.2728
1676.47 647.0613
1676.373 646.8515
1676.241 646.6869
1676.217 646.5699
1676.297 646.4659
1676.477 646.3835
1676.72 646.3372
1677.02 646.3367
1677.343 646.3885
1677.695 646.4808
1678.051 646.6013
1678.449 646.7234
1678.851 646.8554
1679.299 647.0436
1679.723 647.2653
1680.111 647.5721
1680.47 647.9417
1680.73 648.3435
1680.849 648.7377
1680.825 649.1429
1680.635 649.5704
1680.278 650.0102
1679.749 650.4275
1679.165 650.7637
1678.602 651.0593
1678.007 651.3524
1677.387 651.6307
1676.789 651.8366
1676.159 651.9263
1675.676 651.9525
1675.297 651.9456
1674.979 651.9047
1674.734 651.8464
1674.612 651.7556
1674.625 651.6078
1674.679 651.4597
1674.718 651.3038
1674.747 651.1574
1674.735 651.0312
1674.651 650.9554
1674.539 650.9155
1674.431 650.8888
1674.303 650.8605
1674.158 650.8238
1674.05 650.7948
1673.968 650.7822
1673.797 650.7835
1673.607 650.8068
1673.351 650.8425
1673.024 650.8625
1672.75 650.8525
1672.534 650.8386
1672.303 650.8189
1672.147 650.7935
1672.058 650.7623
1671.997 650.7342
1672.052 650.7032
1672.141 650.6673
1672.284 650.6269
1672.497 650.6007
1672.737 650.5815
1672.994 650.5524
1673.291 650.5164
1673.599 650.4819
1673.83 650.4602
1674.103 650.4392
1674.314 650.42
1674.487 650.3887
1674.602 650.3558
1674.72 650.3293
1674.855 650.3125
1675.03 650.289
1675.157 650.2537
1675.244 650.2164
1675.25 650.1877
1675.269 650.1391
1675.285 650.0656
1675.293 650.01
1675.274 649.951
1675.286 649.9182
1675.338 649.9097
1675.476 649.9073
1675.592 649.8897
1675.716 649.8699
1675.784 649.8888
1675.878 649.895
1675.92 649.8744
1676.048 649.8156
1676.146 649.7997
1676.239 649.8213
1676.256 649.8516
1676.279 649.8525
1676.259 649.8297
1676.178 649.7894
1676.051 649.7675
1675.962 649.7662
1675.856 649.7653
1675.81 649.7323
1675.81 649.6834
1675.833 649.6216
1675.862 649.557
1675.909 649.5154
1675.946 649.5023
1675.984 649.5123
1676 649.5038
1675.924 649.4689
1675.788 649.4241
1675.554 649.4067
1675.186 649.4334
1674.743 649.5285
1674.306 649.6377
1674.011 649.696
1673.662 649.7606
1673.335 649.822
1673.088 649.8656
1672.941 649.8903
1672.88 649.905
1672.899 649.8949
1673.022 649.8495
1673.159 649.7947
1673.374 649.7346
1673.674 649.6609
1673.93 649.581
1674.131 649.4985
1674.346 649.3857
1674.577 649.2521
1674.796 649.1143
1674.966 648.9557
1675.137 648.7813
1675.247 648.6112
1675.28 648.4652
1675.245 648.3498
1675.154 648.2542
1674.962 648.1871
1674.792 648.1241
1674.623 648.0648
1674.448 648.0074
1674.304 647.9821
1674.228 647.9564
1674.206 647.9205
1674.266 647.8737
1674.344 647.8326
1674.415 647.8084
1674.482 647.7988
1674.496 647.7924
1674.491 647.7809
1674.574 647.7626
1674.676 647.7631
1674.866 647.7499
1675.106 647.7335
1675.363 647.6807
1675.583 647.6023
1675.756 647.5237
1675.896 647.435
1675.977 647.357
1676.073 647.2827
1676.131 647.2029
1676.102 647.1146
1676.072 647.0044
1676.068 646.8799
1676.042 646.7565
1676.008 646.6462
1675.993 646.5515
1675.998 646.4666
1676.003 646.3881
1676.029 646.3268
1676.053 646.2635
1676.078 646.1998
1676.128 646.1311
1676.221 646.054
1676.312 645.9647
1676.382 645.8807
1676.465 645.7895
1676.794 645.6544
1676.839 645.6438
1676.928 645.6167
1676.993 645.6002
1677.034 645.603
1677.07 645.6023
1677.091 645.6115
1677.084 645.6301
1677.052 645.6658
1676.991 645.701
1676.94 645.7183
1676.813 645.7249
1676.723 645.7269
1676.569 645.7453
1676.422 645.7635
1676.281 645.7852
1676.176 645.8084
1676.071 645.8208
1675.973 645.8215
1675.843 645.8325
1675.741 645.8542
1675.636 645.8929
1675.574 645.9312
1675.529 645.9291
1675.519 645.8906
1675.504 645.8511
1675.483 645.8326
1675.454 645.8372
1675.45 645.8444
1675.382 645.817
1675.281 645.7715
1675.141 645.7123
1675.019 645.656
1674.901 645.6109
1674.814 645.558
1674.767 645.4959
1674.755 645.424
1674.719 645.3448
1674.678 645.2632
1674.607 645.1959
1674.54 645.142
1674.492 645.0952
1674.51 645.0445
1674.601 644.9788
1674.781 644.9189
1674.926 644.8754
1675.078 644.8595
1675.161 644.8719
1675.243 644.8701
1675.281 644.8397
1675.335 644.7866
1675.364 644.7488
1675.374 644.7287
1675.36 644.7371
1675.323 644.7589
1675.316 644.7551
1675.302 644.7402
1675.297 644.7128
1675.313 644.6837
1675.285 644.6803
1675.257 644.6557
1675.226 644.6365
1675.218 644.6218
1675.214 644.6205
1675.226 644.6004
1675.209 644.5829
1675.187 644.5694
1675.179 644.5646
1675.174 644.5466
1675.189 644.5064
1675.234 644.464
1675.288 644.4286
1675.339 644.3952
1675.371 644.3723
1675.409 644.3259
1675.404 644.2679
1675.386 644.2028
1675.362 644.1566
1675.347 644.1072
1675.323 644.0549
1675.334 644.0001
1675.353 643.9424
1675.414 643.8548
1675.464 643.7595
1675.478 643.6808
1675.492 643.613
1675.485 643.5545
1675.481 643.4872
1675.46 643.4108
1675.448 643.3356
1675.42 643.2831
1675.425 643.2563
1675.452 643.2403
1675.455 643.2163
1675.422 643.1746
1675.426 643.1275
1675.442 643.1099
1675.442 643.0964
1675.491 643.0783
1675.545 643.0602
1675.617 643.0417
1675.635 643.0189
1675.598 642.9782
1675.546 642.9349
1675.506 642.9071
1675.483 642.8807
1675.461 642.8474
1675.473 642.8215
1675.47 642.7866
1675.462 642.752
1675.402 642.7161
1675.311 642.6696
1675.237 642.59
1675.166 642.4873
1675.109 642.3974
1675.082 642.3213
1675.033 642.2791
1675.032 642.2387
1675.054 642.2021
1675.046 642.177
1675.063 642.1571
1675.057 642.1547
1675.03 642.1432
1675.034 642.1154
1675.079 642.0766
1675.092 642.0596
1675.096 642.0978
1675.062 642.1929
1674.955 642.2864
1674.766 642.4113
1674.716 642.4505
1674.678 642.5458
1674.677 642.6754
1674.706 642.8229
1674.682 642.9572
1674.671 643.0555
1674.615 643.1376
1674.562 643.2023
1674.494 643.2289
1674.494 643.2111
1674.508 643.1631
1674.511 643.1172
1674.483 643.0889
1674.425 643.0423
1674.316 642.9785
1674.233 642.9111
1674.156 642.8686
1674.103 642.8544
1674.04 642.843
1673.974 642.8455
1673.923 642.8448
1673.906 642.8243
1673.883 642.8043
1673.897 642.7833
1673.925 642.7767
1673.975 642.7794
1674.053 642.7886
1674.135 642.7886
1674.245 642.7814
1674.354 642.769
1674.448 642.7648
1674.541 642.7761
1674.62 642.7968
1674.665 642.7944
1674.711 642.7556
1674.766 642.6891
1674.829 642.644
1674.899 642.6136
1675.017 642.61
1675.11 642.6179
1675.182 642.6118
1675.278 642.4976
1675.265 642.4748
1675.24 642.4749
1675.242 642.4744
1675.292 642.458
1675.341 642.4349
1675.458 642.3912
1675.576 642.3455
1675.666 642.2995
1675.75 642.2576
1675.797 642.2136
1675.811 642.1472
1675.792 642.1
1675.774 642.0698
1675.748 642.0393
1675.705 642.0104
1675.637 641.9904
1675.533 641.9921
1675.387 642.0273
1675.255 642.0809
1675.082 642.1512
1674.944 642.2205
1674.855 642.2786
1674.753 642.33
1674.713 642.3866
1674.722 642.4363
1674.805 642.4911
1674.921 642.5449
1675.075 642.5854
1675.212 642.6338
1675.326 642.6631
1675.408 642.679
1675.432 642.6595
1675.39 642.5977
1675.324 642.5165
1675.215 642.4191
1675.11 642.3312
1675.036 642.2713
1674.988 642.2177
1675.002 642.1603
1674.992 642.1089
1674.946 642.049
1674.893 641.9926
1674.912 641.9466
1674.932 641.9208
1674.962 641.9105
1674.981 641.8925
1675.021 641.8464
1675.061 641.8089
1675.124 641.7744
1675.19 641.7501
1675.229 641.7482
1675.255 641.7479
1675.248 641.7369
1675.209 641.7155
1675.141 641.6909
1675.136 641.6619
1675.123 641.6302
1675.173 641.6058
1675.263 641.5872
1675.352 641.5493
1675.468 641.4978
1675.557 641.4195
1675.667 641.3274
1675.786 641.2488
1675.851 641.1848
1675.943 641.1191
1676.044 641.0458
1676.112 640.9871
1676.242 640.9352
1676.5 640.8822
1676.603 640.8605
1676.749 640.8291
1676.801 640.809
1676.813 640.8052
1676.795 640.8196
1676.74 640.849
1676.673 640.8887
1676.61 640.9408
1676.568 640.9973
1676.55 641.0414
1676.531 641.0753
1676.525 641.0971
1676.536 641.1266
1676.52 641.157
1676.533 641.1884
1676.565 641.2124
1676.574 641.2375
1676.637 641.2547
1676.642 641.2572
1676.599 641.2388
1676.528 641.1835
1676.453 641.1403
1676.376 641.1033
1676.312 641.066
1676.256 641.0138
1676.226 640.9396
1676.193 640.8511
1676.145 640.7744
1676.151 640.7101
1676.182 640.6572
1676.174 640.6204
1676.192 640.5794
1676.214 640.5459
1676.224 640.5049
1676.225 640.4841
1676.214 640.4727
1676.241 640.4666
1676.258 640.4749
1676.322 640.5055
1676.333 640.549
1676.346 640.5781
1676.353 640.5668
1676.37 640.5178
1676.418 640.4638
1676.488 640.404
1676.622 640.3311
1676.896 640.1541
1676.989 640.0673
1677.135 639.92
1677.288 639.7766
1677.429 639.6384
1677.589 639.4811
1677.841 639.2582
1678.148 638.9832
1678.5 638.6206
1678.847 638.1834
1679.219 637.6621
1679.697 636.9633
1680.149 636.2738
1680.649 635.4883
1681.178 634.5394
1681.868 633.3131
1682.654 631.926
1683.521 630.4613
1684.568 628.7953
1685.717 626.9402
1687.056 624.886
1688.751 622.4234
1690.653 619.7366
1692.664 617.0375
1695.095 613.9863
1697.852 610.6834
1700.871 607.1154
1704.167 603.0853
1707.44 599.03
1710.661 595.122
1714.439 590.4468
1717.723 586.0887
1720.891 581.4984
1724.127 576.7946
1727.686 571.6201
1730.288 567.6376
1733.011 563.0409
1735.314 558.6179
1737.365 554.2123
1739.104 549.7665
1740.442 545.6296
1741.361 542.0768
1742.094 538.4669
1742.646 535.0559
1742.957 532.5584
1743.23 529.2813
1743.536 525.8261
1743.898 522.8515
1744.419 519.7776
1745.012 516.9629
1745.725 514.3288
1746.548 511.7684
1747.359 509.4268
1748.2 507.2581
1749.185 504.8499
1749.739 503.1507
1750.089 501.6669
1750.287 500.3715
1750.345 499.3081
1750.168 498.6021
1749.811 498.1016
1749.348 497.8059
1748.8 497.6272
1748.258 497.6158
1747.705 497.6474
1747.124 497.8354
1746.607 498.174
1746.256 498.7607
1745.957 499.5363
1745.694 500.3529
1745.462 501.1939
1745.213 502.1484
1744.866 503.2672
1744.458 504.5657
1744.16 505.5337
1743.695 507.0532
1743.259 508.5402
1742.772 510.2466
1742.365 512.0797
1742.052 513.8887
1741.753 515.6845
1741.484 517.2761
1741.362 518.5641
1741.383 519.663
1741.639 520.8448
1742.064 521.5604
1742.556 521.9193
1743.058 521.9114
1743.659 521.6254
1744.135 521.2365
1744.456 520.7402
1744.606 520.2015
1744.573 519.6931
1744.253 519.2594
1743.672 519.002
1742.765 518.9797
1741.49 519.2505
1739.995 519.8417
1738.422 520.7441
1736.6 522.0713
1734.603 523.73
1732.502 525.7438
1730.254 528.1976
1727.905 530.8566
1725.319 533.7068
1722.356 536.8296
1719.1 540.2281
1715.755 543.9537
1712.179 548.437
1675.442 643.0964
1675.491 643.0783
1675.545 643.0602
1675.617 643.0417
1675.635 643.0189
1675.598 642.9782
1675.546 642.9349
1675.506 642.9071
1675.483 642.8807
1675.461 642.8474
1675.473 642.8215
1675.47 642.7866
1675.462 642.752
1675.402 642.7161
1675.311 642.6696
1675.237 642.59
1675.166 642.4873
1675.109 642.3974
1675.082 642.3213
1675.033 642.2791
1675.032 642.2387
1675.054 642.2021
1675.046 642.177
1675.063 642.1571
1675.057 642.1547
1675.03 642.1432
1675.034 642.1154
1675.079 642.0766
1675.092 642.0596
1675.096 642.0978
1675.062 642.1929
1674.955 642.2864
1674.766 642.4113
1674.716 642.4505
1674.678 642.5458
1674.677 642.6754
1674.706 642.8229
1674.682 642.9572
1674.671 643.0555
1674.615 643.1376
1674.562 643.2023
1674.494 643.2289
1674.494 643.2111
1674.508 643.1631
1674.511 643.1172
1674.483 643.0889
1674.425 643.0423
1674.316 642.9785
1674.233 642.9111
1674.156 642.8686
1674.103 642.8544
1674.04 642.843
1673.974 642.8455
1673.923 642.8448
1673.906 642.8243
1673.883 642.8043
1673.897 642.7833
1673.925 642.7767
1673.975 642.7794
1674.053 642.7886
1674.135 642.7886
1674.245 642.7814
1674.354 642.769
1674.448 642.7648
1674.541 642.7761
1674.62 642.7968
1674.665 642.7944
1674.711 642.7556
1674.766 642.6891
1674.829 642.644
1674.899 642.6136
1675.017 642.61
1675.11 642.6179
1675.182 642.6118
1675.278 642.4976
1675.265 642.4748
1675.24 642.4749
1675.242 642.4744
1675.292 642.458
1675.341 642.4349
1675.458 642.3912
1675.576 642.3455
1675.666 642.2995
1675.75 642.2576
1675.797 642.2136
1675.811 642.1472
1675.792 642.1
1675.774 642.0698
1675.748 642.0393
1675.705 642.0104
1675.637 641.9904
1675.533 641.9921
1675.387 642.0273
1675.255 642.0809
1675.082 642.1512
1674.944 642.2205
1674.855 642.2786
1674.753 642.33
1674.713 642.3866
1674.722 642.4363
1674.805 642.4911
1674.921 642.5449
1675.075 642.5854
1675.212 642.6338
1675.326 642.6631
1675.408 642.679
1675.432 642.6595
1675.39 642.5977
1675.324 642.5165
1675.215 642.4191
1675.11 642.3312
1675.036 642.2713
1674.988 642.2177
1675.002 642.1603
1674.992 642.1089
1674.946 642.049
1674.893 641.9926
1674.912 641.9466
1674.932 641.9208
1674.962 641.9105
1674.981 641.8925
1675.021 641.8464
1675.061 641.8089
1675.124 641.7744
1675.19 641.7501
1675.229 641.7482
1675.255 641.7479
1675.248 641.7369
1675.209 641.7155
1675.141 641.6909
1675.136 641.6619
1675.123 641.6302
1675.173 641.6058
1675.263 641.5872
1675.352 641.5493
1675.468 641.4978
1675.557 641.4195
1675.667 641.3274
1675.786 641.2488
1675.851 641.1848
1675.943 641.1191
1676.044 641.0458
1676.112 640.9871
1676.242 640.9352
1676.5 640.8822
1676.603 640.8605
1676.749 640.8291
1676.801 640.809
1676.813 640.8052
1676.795 640.8196
1676.74 640.849
1676.673 640.8887
1676.61 640.9408
1676.568 640.9973
1676.55 641.0414
1676.531 641.0753
1676.525 641.0971
1676.536 641.1266
1676.52 641.157
1676.533 641.1884
1676.565 641.2124
1676.574 641.2375
1676.637 641.2547
1676.642 641.2572
1676.599 641.2388
1676.528 641.1835
1676.453 641.1403
1676.376 641.1033
1676.312 641.066
1676.256 641.0138
1676.226 640.9396
1676.193 640.8511
1676.145 640.7744
1676.151 640.7101
1676.182 640.6572
1676.174 640.6204
1676.192 640.5794
1676.214 640.5459
1676.224 640.5049
1676.225 640.4841
1676.214 640.4727
1676.241 640.4666
1676.258 640.4749
1676.322 640.5055
1676.333 640.549
1676.346 640.5781
1676.353 640.5668
1676.37 640.5178
1676.418 640.4638
1676.488 640.404
1676.622 640.3311
1676.896 640.1541
1676.989 640.0673
1677.135 639.92
1677.288 639.7766
1677.429 639.6384
1677.589 639.4811
1677.841 639.2582
1678.148 638.9832
1678.5 638.6206
1678.847 638.1834
1679.219 637.6621
1679.697 636.9633
1680.149 636.2738
1680.649 635.4883
1681.178 634.5394
1681.868 633.3131
1682.654 631.926
1683.521 630.4613
1684.568 628.7953
1685.717 626.9402
1687.056 624.886
1688.751 622.4234
1690.653 619.7366
1692.664 617.0375
1695.095 613.9863
1697.852 610.6834
1700.871 607.1154
1704.167 603.0853
1707.44 599.03
1710.661 595.122
1714.439 590.4468
1717.723 586.0887
1720.891 581.4984
1724.127 576.7946
1727.686 571.6201
1730.288 567.6376
1733.011 563.0409
1735.314 558.6179
1737.365 554.2123
1739.104 549.7665
1740.442 545.6296
1741.361 542.0768
1742.094 538.4669
1742.646 535.0559
1742.957 532.5584
1743.23 529.2813
1743.536 525.8261
1743.898 522.8515
1744.419 519.7776
1745.012 516.9629
1745.725 514.3288
1746.548 511.7684
1747.359 509.4268
1748.2 507.2581
1749.185 504.8499
1749.739 503.1507
1750.089 501.6669
1750.287 500.3715
1750.345 499.3081
1750.168 498.6021
1749.811 498.1016
1749.348 497.8059
1748.8 497.6272
1748.258 497.6158
1747.705 497.6474
1747.124 497.8354
1746.607 498.174
1746.256 498.7607
1745.957 499.5363
1745.694 500.3529
1745.462 501.1939
1745.213 502.1484
1744.866 503.2672
1744.458 504.5657
1744.16 505.5337
1743.695 507.0532
1743.259 508.5402
1742.772 510.2466
1742.365 512.0797
1742.052 513.8887
1741.753 515.6845
1741.484 517.2761
1741.362 518.5641
1741.383 519.663
1741.639 520.8448
1742.064 521.5604
1742.556 521.9193
1743.058 521.9114
1743.659 521.6254
1744.135 521.2365
1744.456 520.7402
1744.606 520.2015
1744.573 519.6931
1744.253 519.2594
1743.672 519.002
1742.765 518.9797
1741.49 519.2505
1739.995 519.8417
1738.422 520.7441
1736.6 522.0713
1734.603 523.73
1732.502 525.7438
1730.254 528.1976
1727.905 530.8566
1725.319 533.7068
1722.356 536.8296
1719.1 540.2281
1715.755 543.9537
1712.179 548.437
1709.09 552.8781
1706.936 556.4927
1704.709 561.0873
1702.761 565.884
1701.192 570.6877
1699.872 575.8091
1698.683 580.8344
1697.479 585.9441
1696.392 590.6724
1695.383 595.5043
1694.578 600.2891
1694.045 605.3771
1694.101 609.2505
1694.461 612.9991
1694.992 615.926
1695.644 619.0338
1696.32 621.727
1696.928 624.209
1697.463 626.3793
1697.8 628.223
1698.082 629.76
1698.233 631.0399
1698.358 631.7495
1698.457 632.387
1698.503 632.6423
1698.52 632.6592
1698.594 632.4683
1698.651 632.2756
1698.656 632.0111
1698.522 631.7844
1698.231 631.5047
1697.727 631.2569
1696.873 630.8563
1696.07 630.6075
1695.347 630.4459
1694.571 630.4041
1693.892 630.4352
1693.257 630.6111
1692.556 630.9261
1691.824 631.3503
1691.034 631.8493
1690.2 632.4724
1689.498 633.0356
1688.553 633.8365
1687.378 634.8378
1686.096 635.8589
1684.748 636.9025
1683.359 638.041
1681.885 639.2104
1680.37 640.3888
1675.924 643.9459
1675.336 644.4127
1673.906 645.4891
1672.421 646.4794
1670.873 647.4037
1669.31 648.2639
1667.697 649.0753
1666.255 649.8271
1665.05 650.5253
1663.964 651.2131
1662.927 651.9269
1662.028 652.5667
1661.467 653.0331
1661.256 653.7054
1662.264 654.1593
1663.945 654.3547
1664.842 654.293
1665.62 654.1565
1666.328 653.9148
1667.037 653.5933
1667.742 653.2159
1668.435 652.8345
1669.05 652.4402
1669.718 651.8793
1670.312 651.3495
1670.879 650.8227
1671.36 650.345
1671.78 649.8986
1672.024 649.5757
1672.208 649.277
1672.398 648.9336
1672.449 648.6286
1672.406 648.326
1672.347 648.026
1672.26 647.7566
1672.202 647.566
1672.242 647.4105
1672.422 647.2421
1672.83 647.0005
1673.243 646.8499
1673.591 646.7825
1673.919 646.7648
1674.21 646.7831
1674.51 646.7894
1674.757 646.7657
1675.115 646.6747
1675.565 646.5631
1676.13 646.4565
1676.764 646.3814
1677.303 646.327
1677.798 646.2287
1678.118 646.1108
1678.402 645.9583
1678.621 645.7914
1678.734 645.6276
1678.829 645.4046
1678.907 645.0842
1678.917 644.7277
1678.828 644.3217
1678.742 643.8713
1678.713 643.329
1678.766 642.6969
1678.939 641.8722
1679.238 640.9319
1679.601 639.7687
1680.029 638.3727
1680.619 636.7197
1681.198 635.316
1682.124 633.2853
1683.145 631.0911
1684.347 628.7549
1685.796 626.1294
1687.324 623.2722
1688.918 620.138
1690.379 616.8615
1691.664 613.3516
1692.831 609.6105
1694.227 604.5089
1695.23 600.4132
1696.052 596.5225
1696.963 592.1456
1697.951 587.7419
1699.023 583.3102
1700.224 579.0291
1701.689 574.6996
1703.508 570.4629
1705.771 566.1982
1708.386 562.0831
1711.377 558.0281
1714.963 553.8008
1718.408 550.1657
1721.822 546.701
1725.364 543.0924
1728.958 539.3453
1732.598 535.7946
1736.73 532.2859
1740.978 529.1721
1745.111 526.3961
1749.779 523.6096
1754.619 521.0507
1759.724 518.6829
1765.368 516.4467
1771.147 514.4786
1777.149 512.6336
1783.065 511.067
1789.345 509.6575
1796.093 508.4695
1803.567 507.3045
1810.683 506.3763
1815.689 505.7795
1822.689 505.1568
1829.899 504.7262
1837.235 504.5437
1844.57 504.3848
1851.551 504.1967
1858.049 504.0827
1864.388 504.1076
1870.695 504.2441
1876.795 504.4388
1884.205 504.7071
1889.498 505.0151
1894.734 505.4678
1904.394 506.5844
1907.294 506.9384
1911.805 507.5091
1920.347 508.6595
1927.287 510.0246
1931.4 510.8714
1935.9 511.6738
1940.041 512.3602
1944.431 512.9585
1949.095 513.3992
1953.638 513.7516
1958.36 514.1494
1963.302 514.6296
1967.771 515.1196
1973.313 515.6638
1978.136 516.0206
1982.308 516.2828
1986.138 516.4795
1989.952 516.6845
1993.87 516.9453
1996.808 517.2038
2000.203 517.5733
2003.069 517.9489
2005.974 518.3338
2008.344 518.6163
2011.213 518.8911
2013.75 519.1232
2016.171 519.2968
2018.195 519.4138
2020.093 519.5286
2022.243 519.6207
2023.869 519.6101
2025.399 519.4752
2026.751 519.1804
2028.007 518.725
2028.944 518.2064
2029.428 517.6265
2029.459 516.9464
2029.063 516.1802
2028.38 515.2322
2027.417 514.2381
2026.305 513.2181
2025.074 512.3028
2023.282 511.1796
2018.556 508.5361
2013.042 506.052
2011.5 505.4959
2008.975 504.5849
2006.426 503.7348
2003.895 503.0081
2001.671 502.418
1999.832 501.9264
1998.225 501.487
1996.863 501.0694
1995.854 500.5934
1995.518 500.0634
1995.896 499.4786
1997.9 496.718
2000.507 494.6296
2004.261 492.9338
2008.346 491.2998
2013.381 490.4921
2017.407 490.1775
2018.923 490.1324
2020.418 490.1783
2021.935 490.1609
2023.329 489.9758
2024.603 489.4284
2025.508 488.7072
2026.246 487.7711
2026.731 486.7672
2026.624 485.7343
2025.839 484.9016
2024.602 484.1174
2023.162 483.1566
2022.121 482.2083
2021.064 481.1385
2019.807 479.904
2016.751 476.7397
2015.847 475.6605
2014.344 473.6187
2012.937 471.4686
2011.596 469.2832
2010.358 467.151
2009.295 465.147
2008.494 464.4095
2007.492 463.519
2007.63 462.8521
2008.167 462.4318
2009.035 461.8812
2009.471 461.4503
2009.887 461.1082
2010.417 460.7622
2010.846 460.5063
2011.059 460.2212
2011.015 459.715
2010.839 459.4077
2010.535 459.0786
2010.445 458.8446
2010.32 458.7179
2009.825 458.6577
2009.112 458.653
2008.867 458.665
2009.014 458.596
2009.099 458.6156
2009.056 458.7018
2009.058 458.7366
2009.051 458.6704
2009.01 458.644
2008.965 458.6584
2008.876 458.668
2008.854 458.6465
2008.913 458.6465
2008.946 458.6584
2008.941 458.6535
2008.941 458.6295
2008.934 458.611
2008.901 458.6131
2008.906 458.626
2008.965 458.6211
2008.995 458.6141
2009.018 458.6152
2008.984 458.6193
2009.025 458.6099
2009.043 458.6084
2009.048 458.6152
2009.078 458.6141
2009.117 458.5951
1709.09 552.8781
1706.936 556.4927
1704.709 561.0873
1702.761 565.884
1701.192 570.6877
1699.872 575.8091
1698.683 580.8344
1697.479 585.9441
1696.392 590.6724
1695.383 595.5043
1694.578 600.2891
1694.045 605.3771
1694.101 609.2505
1694.461 612.9991
1694.992 615.926
1695.644 619.0338
1696.32 621.727
1696.928 624.209
1697.463 626.3793
1697.8 628.223
1698.082 629.76
1698.233 631.0399
1698.358 631.7495
1698.457 632.387
1698.503 632.6423
1698.52 632.6592
1698.594 632.4683
1698.651 632.2756
1698.656 632.0111
1698.522 631.7844
1698.231 631.5047
1697.727 631.2569
1696.873 630.8563
1696.07 630.6075
1695.347 630.4459
1694.571 630.4041
1693.892 630.4352
1693.257 630.6111
1692.556 630.9261
1691.824 631.3503
1691.034 631.8493
1690.2 632.4724
1689.498 633.0356
1688.553 633.8365
1687.378 634.8378
1686.096 635.8589
1684.748 636.9025
1683.359 638.041
1681.885 639.2104
1680.37 640.3888
1675.924 643.9459
1675.336 644.4127
1673.906 645.4891
1672.421 646.4794
1670.873 647.4037
1669.31 648.2639
1667.697 649.0753
1666.255 649.8271
1665.05 650.5253
1663.964 651.2131
1662.927 651.9269
1662.028 652.5667
1661.467 653.0331
1661.256 653.7054
1662.264 654.1593
1663.945 654.3547
1664.842 654.293
1665.62 654.1565
1666.328 653.9148
1667.037 653.5933
1667.742 653.2159
1668.435 652.8345
1669.05 652.4402
1669.718 651.8793
1670.312 651.3495
1670.879 650.8227
1671.36 650.345
1671.78 649.8986
1672.024 649.5757
1672.208 649.277
1672.398 648.9336
1672.449 648.6286
1672.406 648.326
1672.347 648.026
1672.26 647.7566
1672.202 647.566
1672.242 647.4105
1672.422 647.2421
1672.83 647.0005
1673.243 646.8499
1673.591 646.7825
1673.919 646.7648
1674.21 646.7831
1674.51 646.7894
1674.757 646.7657
1675.115 646.6747
1675.565 646.5631
1676.13 646.4565
1676.764 646.3814
1677.303 646.327
1677.798 646.2287
1678.118 646.1108
1678.402 645.9583
1678.621 645.7914
1678.734 645.6276
1678.829 645.4046
1678.907 645.0842
1678.917 644.7277
1678.828 644.3217
1678.742 643.8713
1678.713 643.329
1678.766 642.6969
1678.939 641.8722
1679.238 640.9319
1679.601 639.7687
1680.029 638.3727
1680.619 636.7197
1681.198 635.316
1682.124 633.2853
1683.145 631.0911
1684.347 628.7549
1685.796 626.1294
1687.324 623.2722
1688.918 620.138
1690.379 616.8615
1691.664 613.3516
1692.831 609.6105
1694.227 604.5089
1695.23 600.4132
1696.052 596.5225
1696.963 592.1456
1697.951 587.7419
1699.023 583.3102
1700.224 579.0291
1701.689 574.6996
1703.508 570.4629
1705.771 566.1982
1708.386 562.0831
1711.377 558.0281
1714.963 553.8008
1718.408 550.1657
1721.822 546.701
1725.364 543.0924
1728.958 539.3453
1732.598 535.7946
1736.73 532.2859
1740.978 529.1721
1745.111 526.3961
1749.779 523.6096
1754.619 521.0507
1759.724 518.6829
1765.368 516.4467
1771.147 514.4786
1777.149 512.6336
1783.065 511.067
1789.345 509.6575
1796.093 508.4695
1803.567 507.3045
1810.683 506.3763
1815.689 505.7795
1822.689 505.1568
1829.899 504.7262
1837.235 504.5437
1844.57 504.3848
1851.551 504.1967
1858.049 504.0827
1864.388 504.1076
1870.695 504.2441
1876.795 504.4388
1884.205 504.7071
1889.498 505.0151
1894.734 505.4678
1904.394 506.5844
1907.294 506.9384
1911.805 507.5091
1920.347 508.6595
1927.287 510.0246
1931.4 510.8714
1935.9 511.6738
1940.041 512.3602
1944.431 512.9585
1949.095 513.3992
1953.638 513.7516
1958.36 514.1494
1963.302 514.6296
1967.771 515.1196
1973.313 515.6638
1978.136 516.0206
1982.308 516.2828
1986.138 516.4795
1989.952 516.6845
1993.87 516.9453
1996.808 517.2038
2000.203 517.5733
2003.069 517.9489
2005.974 518.3338
2008.344 518.6163
2011.213 518.8911
2013.75 519.1232
2016.171 519.2968
2018.195 519.4138
2020.093 519.5286
2022.243 519.6207
2023.869 519.6101
2025.399 519.4752
2026.751 519.1804
2028.007 518.725
2028.944 518.2064
2029.428 517.6265
2029.459 516.9464
2029.063 516.1802
2028.38 515.2322
2027.417 514.2381
2026.305 513.2181
2025.074 512.3028
2023.282 511.1796
2018.556 508.5361
2013.042 506.052
2011.5 505.4959
2008.975 504.5849
2006.426 503.7348
2003.895 503.0081
2001.671 502.418
1999.832 501.9264
1998.225 501.487
1996.863 501.0694
1995.854 500.5934
1995.518 500.0634
1995.896 499.4786
1997.9 496.718
2000.507 494.6296
2004.261 492.9338
2008.346 491.2998
2013.381 490.4921
2017.407 490.1775
2018.923 490.1324
2020.418 490.1783
2021.935 490.1609
2023.329 489.9758
2024.603 489.4284
2025.508 488.7072
2026.246 487.7711
2026.731 486.7672
2026.624 485.7343
2025.839 484.9016
2024.602 484.1174
2023.162 483.1566
2022.121 482.2083
2021.064 481.1385
2019.807 479.904
2016.751 476.7397
2015.847 475.6605
2014.344 473.6187
2012.937 471.4686
2011.596 469.2832
2010.358 467.151
2009.295 465.147
2008.494 464.4095
2007.492 463.519
2007.63 462.8521
2008.167 462.4318
2009.035 461.8812
2009.471 461.4503
2009.887 461.1082
2010.417 460.7622
2010.846 460.5063
2011.059 460.2212
2011.015 459.715
2010.839 459.4077
2010.535 459.0786
2010.445 458.8446
2010.32 458.7179
2009.825 458.6577
2009.112 458.653
2008.867 458.665
2009.014 458.596
2009.099 458.6156
2009.056 458.7018
2009.058 458.7366
2009.051 458.6704
2009.01 458.644
2008.965 458.6584
2008.876 458.668
2008.854 458.6465
2008.913 458.6465
2008.946 458.6584
2008.941 458.6535
2008.941 458.6295
2008.934 458.611
2008.901 458.6131
2008.906 458.626
2008.965 458.6211
2008.995 458.6141
2009.018 458.6152
2008.984 458.6193
2009.025 458.6099
2009.043 458.6084
2009.048 458.6152
2009.078 458.6141
2009.117 458.5951
