1920 480
856.9004 801.4574
785.9489 483.4902
784.7523 481.7113
783.2832 478.8385
783.3161 478.6632
783.5804 476.5867
783.5117 475.9085
782.8972 476.9482
782.8235 476.7029
782.6683 476.4917
782.9694 475.862
783.1133 475.5848
783.1634 475.5216
783.1852 475.7329
783.2057 475.5282
783.1155 475.7645
782.6055 476.6219
782.0439 476.9196
781.0241 477.7414
780.1227 478.39
779.3141 479.242
778.4046 480.7776
777.987 480.2872
777.3613 481.3716
776.6693 482.0623
776.304 482.2657
775.9199 482.4256
775.6722 482.5918
775.3594 482.7671
775.0186 482.7606
774.7272 482.6473
774.6387 482.6062
774.6683 482.4561
774.6572 482.3614
775.3906 482.5038
776.0355 482.5015
776.5202 482.5447
782.7044 480.1962
796.9059 465.153
803.2327 458.479
806.9202 456.7202
810.0114 456.2513
811.6266 456.021
813.0029 455.4217
815.261 454.9051
816.4251 454.8937
818.1927 454.8087
819.8027 454.8467
821.5332 454.9123
823.1575 454.778
826.3076 454.2513
829.7217 453.846
835.0576 453.1812
837.43 452.6878
840.9515 451.8649
845.7493 450.9365
849.2376 450.2152
863.3099 448.4229
867.3994 447.532
873.6208 446.4694
880.4518 445.3415
879.8828 444.9751
884.1282 444.367
887.7175 443.9596
886.2471 444.2816
886.1292 444.1374
885.779 443.8118
886.22 443.6343
884.8636 444.0527
888.9336 443.4712
893.2109 442.7837
895.9756 442.3792
896.6732 442.1891
901.3776 441.0479
902.8525 440.2831
906.155 439.2114
908.3008 438.5216
913.3942 437.3377
914.8838 436.8835
917.72 436.2918
921 435.2912
924.752 434.3701
927.7106 433.8617
930.2302 433.4774
932.8662 432.8717
935.5124 432.0324
938.4089 429.6139
947.7803 415.1646
960.8712 387.9403
990.353 344.3294
1019.042 294.7158
1025.399 288.0498
1035.317 278.9994
1042.912 273.2663
1050.931 268.7502
1054.695 266.4398
1058.618 264.0649
1052.224 261.8049
1054.433 259.2384
1051.086 258.6522
1050.598 257.6774
1048.195 253.7733
1046.169 251.6541
1041.53 253.7736
1039.584 252.9191
1038.081 251.6758
1036.256 251.5153
1034.671 251.9048
1033.378 249.1694
1029.879 243.4974
1026.015 232.499
1021.499 221.9469
1015.488 211.8459
1011.598 207.8828
1006.254 204.6932
1003.296 203.1849
1000.052 202.5236
997.6865 202.1243
998.3395 201.6812
998.4788 201.0944
998.5223 201.0936
998.1175 200.876
998.0204 200.6901
998.1441 200.5041
998.6084 200.5521
998.6778 200.5493
998.7731 200.7603
998.4182 200.9404
997.7433 200.7271
998.1545 200.2272
997.4697 198.069
996.0996 195.0708
994.4914 189.9146
990.9327 187.2451
984.7416 184.638
981.608 182.2249
974.0801 179.4883
969.4343 178.1527
966.8677 177.9902
965.3784 178.4149
962.8284 179.8454
960.1053 181.9609
958.5654 182.9992
956.8401 184.0728
955.0156 185.2438
953.762 186.145
952.0023 186.6761
951.0862 186.5587
950.3561 186.3167
950.1702 186.048
950.555 185.7292
941.9925 189.2157
921.2698 202.1699
905.9727 211.6357
865.7874 241.5254
835.6722 269.687
820.0127 289.1128
810.4668 306.6256
802.2692 322.6707
801.0622 326.2049
800.0827 328.1151
798.4092 330.5648
797.0208 331.5461
795.251 332.0809
793.0778 332.2718
790.9938 332.2743
788.513 332.2162
786.1589 332.2764
783.6439 332.2581
779.3538 331.9917
775.8623 331.6393
772.9004 331.6234
770.3271 331.751
768.3001 331.6885
765.0345 331.8866
762.8372 331.9009
760.3418 331.9035
758.2927 331.9819
756.2214 331.9468
754.3467 331.9206
749.9401 331.9362
713.6621 333.3682
668.862 335.5335
649.8503 336.4268
625.9385 337.7259
614.5723 337.882
604.5332 337.6092
602.5222 337.3677
593.9138 337.6361
588.596 337.7847
585.4974 337.8532
584.0056 337.9132
581.417 337.9474
578.7005 337.9432
575.2487 337.9079
571.5143 337.8148
566.6338 337.5402
562.0879 337.3949
558.0143 337.1854
553.5114 336.695
548.8997 336.1758
540.3991 335.0441
531.4431 334.2106
521.7227 304.076
516.112 273.3516
516.4056 254.1305
514.096 244.1411
516.5462 233.3456
515.0755 229.2638
518.3288 223.7972
525.9118 218.4733
524.4798 217.3662
527.2617 215.9897
525.7308 215.6248
521.0664 215.2949
520.0413 215.1326
517.181 214.8761
514.1765 214.3967
511.0859 214.0776
507.7767 213.922
501.8906 213.8096
499.085 213.7497
495.4297 213.757
490.207 213.7215
488.5872 212.6538
486.486 211.6484
490.3727 209.5721
493.3359 208.1522
494.9717 207.0627
497.2236 206.1803
494.0221 205.998
489.5771 205.9858
487.5332 206.0187
476.2982 205.5981
469.7666 205.1536
469.3509 204.7803
465.1592 204.7269
465.0895 204.5999
462.791 204.6768
462.5107 204.7336
462.8213 204.8573
463.4834 205.3477
462.7627 205.8237
464.0645 206.396
463.7953 206.9684
461.8949 207.5578
460.7484 207.8955
457.6758 208.311
453.7064 208.6911
450.2412 209.0132
447.7259 209.2625
444.3965 209.4642
442.4759 209.8428
439.6465 210.0762
437.833 210.4554
434.9955 210.6722
433.3929 210.9866
432.486 211.1919
431.1322 211.4688
430.9844 211.6813
430.9128 212.3198
431.5999 212.0693
431.8685 212.3903
435.2826 215.8433
445.3913 232.2493
456.3939 260.0277
471.8105 305.0863
473.4977 311.7495
477.8539 320.679
478.8737 322.0947
479.5036 324.3205
480.2624 326.6514
480.3353 327.6043
480.2002 328.1475
480.2897 328.7672
479.3024 328.9194
478.3896 329.1961
477.265 329.6388
476.5426 330.0182
475.8158 330.2998
475.0732 330.4281
474.5072 330.4733
473.5475 330.5817
472.9378 330.6945
472.4346 330.9349
472.1413 331.0194
471.5794 331.0654
470.807 331.2396
469.8001 331.4985
467.7643 331.901
465.1276 332.4162
463.9948 332.6187
462.4769 332.9233
460.499 333.276
458.6178 333.6479
450.9469 333.8825
420.1328 334.4684
379.3115 335.5283
361.6003 336.3961
1827.985 544.1491
645.6338 688.6691
764.2676 489.4419
761.4854 487.9535
762.9431 483.426
764.1296 479.7962
764.4026 478.4551
764.8135 479.4497
764.8594 479.0287
764.888 478.6297
764.9153 478.1955
764.9642 478.0163
765.0153 477.5316
765.1693 477.519
765.2803 477.2941
765.498 477.6146
765.6221 478.3732
765.5208 478.5573
765.2034 479.4354
764.9043 479.9002
764.9431 480.6574
765.4935 482.1351
765.1745 481.5748
765.2666 482.5672
765.3747 483.1425
765.1494 483.2975
765.0814 483.369
764.7891 483.5354
764.6751 483.6389
764.2331 483.7049
763.638 483.5271
763.1673 483.5042
762.4811 483.4161
761.8874 483.2982
761.4163 483.4626
760.9909 483.5057
760.9407 483.5135
761.9922 481.8265
771.6765 466.8239
780.0417 459.8831
786.5322 457.7788
790.7532 457.2668
793.9099 456.9547
794.5156 456.3724
795.1706 455.9105
797.1302 455.8582
798.4177 455.8683
800.7679 455.9023
802.2415 455.8709
803.7835 455.9064
805.6094 455.7599
808.6113 455.2137
812.0134 454.8145
815.3216 454.1556
815.7783 453.7866
821.3675 452.7524
827.0498 451.7399
831.9372 451.0941
844.4902 449.2957
849.89 448.2912
854.9977 447.3439
856.3213 446.8159
861.5237 446.168
866.654 445.6805
866.5515 445.7799
861.6745 446.0262
859.8196 445.8135
861.3724 445.8926
863.6354 445.9588
868.155 445.3257
872.1514 444.7801
873.2656 444.6525
874.001 444.4525
878.4597 443.3529
876.5954 442.839
880.4011 441.7899
881.8909 441.0464
885.9661 440.0566
890.3776 439.172
894.4814 438.6843
899.4111 437.6603
904.3516 436.5447
907.1309 436.1019
910.4026 435.8087
914.0482 435.0236
916.3796 434.5456
920.8655 432.5417
928.9404 418.2856
938.8874 391.3815
959.0547 352.4404
990.0231 298.6523
997.7144 291.8584
1006.212 282.6544
1015.768 276.4826
1022.226 272.0744
1024.829 269.5936
1028.42 267.2518
1032.163 264.8439
1027.604 262.4289
1029.341 261.6953
1029.592 260.7488
1030.427 259.4598
1027.668 256.5996
1024.726 256.311
1022.919 255.1519
1021.136 253.971
1019.841 253.5646
1018.042 254.0911
1016.791 251.2301
1014.364 245.7804
1008.487 234.7
1001.822 224.1657
992.5226 214.062
987.3273 210.1227
979.4937 207.0975
977.4407 205.4681
976.3834 204.6501
976.3497 204.1294
976.4191 203.4025
976.6298 202.8242
977.2448 202.3714
977.2427 201.8892
977.6237 201.7487
978.2197 201.6048
979.4396 201.6003
980.5059 201.5353
980.9212 201.6999
981.4918 201.9897
981.2531 201.7835
981.4605 201.3685
979.4041 199.3799
977.629 196.5163
973.194 191.723
968.2268 188.9644
958.3864 186.2191
956.207 185.2469
950.9075 182.215
948.0169 180.291
946.4271 179.2796
944.666 179.0107
943.6234 179.8564
942.4802 181.9637
942.1956 182.9688
941.7048 183.9886
940.7409 185.3086
939.6019 186.3905
938.9857 186.9106
937.8171 186.8958
937.4362 186.667
936.8887 186.4487
937.0234 186.1851
925.6989 189.6375
896.7936 203.0462
879.7601 212.6507
834.7438 243.3109
806.8015 271.5158
793.9382 290.8271
790.7288 307.7788
785.8672 323.5944
782.5026 327.1888
780.2054 329.3911
779.0264 331.7288
778.2676 332.8542
777.7451 333.1901
777.3271 333.3901
776.6312 333.2731
775.9567 333.0876
774.6696 333.0487
773.3105 332.9313
771.8044 332.7194
768.4238 332.1857
766.9733 332.174
764.748 332.2458
762.6758 332.2298
761.0166 332.3262
758.3489 332.4074
756.5921 332.3867
754.7272 332.3602
753.2575 332.3008
751.8532 332.1343
749.4678 332.1766
708.7464 333.8052
659.1302 336.4966
638.5798 337.4702
620.876 338.2902
612.8923 338.1733
605.9778 337.7813
599.7373 337.9035
594.8848 338.0127
588.4492 338.055
584.7246 338.1234
582.0427 338.346
579.1218 338.4372
576.0635 338.6154
572.7546 338.6378
569.0361 338.578
565.3457 338.4627
561.2624 338.1859
557.2337 338.0062
553.0316 337.5589
548.806 337.0215
544.4339 336.5207
536.4902 335.5877
521.4629 305.7998
510.0524 275.1548
510.5335 255.8774
509.0244 246.0879
513.4929 234.7049
513.4678 230.6927
515.678 225.0784
522.4694 219.7002
520.3105 218.6131
522.6826 217.1102
522.4121 216.5597
519.9368 216.3789
518.3493 215.994
515.3591 215.6917
514.3187 215.2152
510.5313 214.7883
507.6683 214.5028
504.2588 214.3535
500.0801 214.1994
497.0462 214.1239
492.6452 214.0863
490.9961 213.0474
487.3229 212.0778
490.6286 209.9863
493.1025 208.5282
493.8763 207.5052
494.1898 206.7399
490.9948 206.6073
488.9443 206.596
485.7415 206.4508
482.5348 206.3561
474.7549 205.7342
467.3057 205.2222
464.099 205.0653
461.9098 204.8695
459.6289 204.9066
458.6149 204.9412
459.6403 204.9844
459.6035 205.1919
459.8578 205.6926
461.2721 206.1673
461.6136 206.7847
461.0465 207.3179
458.4756 207.9395
456.6097 208.2368
452.8463 208.6398
449.2614 208.8809
446.1986 209.165
443.1139 209.2718
440.6335 209.6022
438.6019 209.764
436.4648 210.1224
434.5039 210.2975
432.763 210.6134
431.5605 210.9131
431.1325 211.0819
430.1139 211.341
430.2298 211.5453
430.7253 211.8701
431.1042 212.11
432.6064 215.6854
437.5345 232.2912
444.3027 260.1125
454.8047 305.0879
455.8359 311.7455
456.1507 320.654
456.2051 322.1624
456.2679 324.291
456.9355 326.7674
457.6266 327.6297
457.9251 328.1027
458.3385 328.7634
458.5599 328.9099
458.6387 329.1727
458.9316 329.7067
458.8193 330.0288
458.8275 330.3581
459.1003 330.5933
459.0941 330.5768
459.5762 330.6538
459.9365 330.7907
460.6383 330.909
460.6325 331.0006
460.8268 331.0635
461.3867 331.1282
462.276 331.3135
463.8646 331.561
464.127 331.8667
462.2676 332.409
461.0557 332.6642
459.6839 333.001
457.4492 333.3037
448.5189 333.6232
417.2259 334.2056
376.6357 335.41
359.2578 336.2243
349.819 337.0055
350.8516 337.2136
339.2109 338.1053
330.3584 338.8219
326.9899 339.2874
324.348 339.7327
322.3864 340.1097
320.9417 340.3446
319.9648 340.5713
319.3063 340.785
318.8398 341.1987
318.9482 341.5135
319.2682 341.6877
319.6754 341.7485
319.8682 341.895
320.1556 342.019
320.3558 342.0382
320.0863 342.0516
320.2191 342.0586
320.1442 342.0137
319.3607 341.9387
318.8001 341.9562
318.4518 341.9266
318.3756 341.8016
317.9131 341.7693
317.5661 341.6392
317.0963 341.5789
316.7445 341.5605
316.0391 341.5503
315.5121 341.5799
314.9336 341.5775
314.1742 341.6318
313.9466 341.6974
313.6436 341.854
313.3828 341.9905
312.707 342.2549
312.3672 342.478
311.9567 342.7542
311.8027 342.9686
311.4704 343.223
311.2669 343.4761
311.0801 343.6857
310.7207 343.9074
310.4948 344.0536
310.2539 344.1701
309.999 344.1997
309.7425 344.1903
309.4154 344.1187
309.1875 344.0475
309.2494 343.8439
308.9095 343.6297
308.8428 343.1815
308.5638 342.7494
308.3545 342.4771
309.3545 337.2209
312.6595 320.2741
324.4502 298.3202
351.9453 267.6821
360.082 259.3215
375.4879 244.785
382.11 233.2953
386.7956 224.7756
391.4635 218.473
398.4033 212.8345
398.6725 210.9909
396.0469 209.9258
397.569 208.915
397.9014 208.6377
396.8838 208.1997
395.5527 208.543
394.1188 208.388
389.0726 209.0967
387.3486 209.1263
385.2923 209.4292
385.151 208.9004
385.0072 208.2873
384.9414 207.6151
384.8779 206.9709
384.7604 206.626
385.4538 206.6685
386.0225 206.291
386.7086 205.1058
387.8818 203.7031
394.3369 197.6426
406.4792 185.612
411.7412 181.9943
425.1846 174.7759
437.5501 171.0488
441.8014 169.4349
443.1048 169.3099
443.0912 169.0317
442.7301 168.5156
442.8532 168.6079
442.4837 168.3265
442.0166 168.1012
441.513 167.839
440.9369 167.667
440.416 167.4748
440.2878 167.3019
439.9313 166.9681
439.7852 166.7305
439.3675 166.4593
439.5381 166.5876
439.4206 166.693
439.9564 167.0221
440.5977 167.1668
440.9105 166.4648
439.6051 164.9196
438.4805 163.3359
437.2008 161.8962
436.2738 160.7982
435.264 160.0443
434.6732 159.4637
433.7874 159.0586
431.6693 158.5783
430.0072 158.4811
427.8151 158.3901
426.8795 158.3361
426.265 158.2324
425.9915 158.1196
425.4955 157.9766
424.4818 157.6727
423.4281 157.2555
422.8831 156.9888
422.3594 156.8167
421.9593 156.5845
421.4209 156.5135
420.4775 156.4176
419.6937 156.3491
418.917 156.2157
418.4281 156.1305
418.0107 156.0495
417.7471 155.8973
417.8275 155.7511
418.1048 155.6966
418.1426 155.6037
418.1364 155.6563
418.1191 155.515
417.5931 155.5277
417.8376 155.3792
418.293 155.2712
419.2246 155.3127
419.5736 155.6541
420.3219 155.8262
420.7676 156.0784
421.4642 156.0474
421.6461 159.112
423.0521 171.416
420.5765 192.827
416.2337 219.541
402.6501 252.8346
394.8714 267.7708
392.7314 271.5882
391.4635 273.3171
391.1488 274.1013
390.8223 274.7171
390.4352 275.5176
390.4108 276.3057
389.8581 277.2985
389.957 277.4373
390.7445 278.2091
390.9938 278.916
391.2321 280.3451
390.8477 281.4102
390.5394 282.2856
390.3463 283.4315
389.6211 284.487
388.5006 285.7414
387.6797 286.7155
385.9818 287.8984
384.9362 288.7191
384.3014 289.5153
384.3092 290.5729
384.4547 291.5965
384.5479 292.647
382.4909 294.8062
380.4844 298.3405
372.2734 302.7239
344.3578 315.5742
335.3161 322.5246
328.0309 329.3644
326.0218 332.2668
316.3698 342.8281
313.9828 346.4683
312.058 349.1707
311.9225 352.6929
310.6742 356.3371
308.0121 358.2053
308.4642 361.4492
308.3825 364.673
310.3711 371.2987
310.7835 378.16
313.0703 384.0446
314.5944 386.4971
313.9274 390.4863
312.6289 394.5208
311.0114 397.0995
308.8984 399.8462
306.7174 402.2043
301.8691 404.2345
298.5172 407.4185
286.3551 404.7695
277.0404 401.6235
269.8086 401.7731
262.3307 403.4066
250.2135 404.7098
240.3613 405.8066
214.7839 403.8009
199.1852 408.6335
185.735 415.319
163.7891 426.3576
135.1455 454.6229
115.5661 465.5669
104.8418 469.9587
92.61686 475.8613
83.76725 479.8861
79.06445 481.1718
73.97852 483.063
69.26107 484.3509
58.10677 487.615
53.98763 487.8778
54.27539 487.7367
52.85938 487.9933
47.98698 488.9409
42.67448 488.1758
38.55013 487.8058
37.98145 486.0317
36.73665 483.4256
34.56315 480.566
32.13639 478.1582
23.87826 477.4456
7.666016 475.6673
20.75553 473.0428
12.78516 472.779
5.770182 472.9598
8.777019 473.0643
14.0345 473.0619
13.02995 473.1481
14.95736 473.2218
11.83724 473.359
7.612956 473.6226
5.390299 473.9894
4.797201 475.2407
11.47526 476.8943
14.88607 477.953
3823.056 475.5599
3742.393 471.5179
3731.995 471.5288
3728.753 472.0498
3721.071 472.5184
3714.653 473.0016
3707.939 473.6258
3699.477 475.6331
3697.97 476.3659
3697.977 476.9331
3696.15 477.4334
3696.297 477.9043
3696.466 478.3849
3696.048 478.689
3694.467 478.9582
3692.557 479.2737
3692.49 479.6455
3692.975 480.0367
3694.989 480.2789
3692.617 480.8707
3691.835 480.455
3689.432 480.6033
3687.769 480.4677
3686.091 480.2694
3684.5 480.2588
3682.896 480.2194
3682.234 480.1002
3681.382 480.2542
3680.361 480.4319
3679.252 480.5972
3678.386 480.6402
3677.962 480.3504
3677.677 480.3278
3678.125 480.1408
3678.272 480.1371
3678.429 480.1556
3678.989 479.9715
3679.251 479.9729
3679.714 480.0407
3680.017 480.1316
3680.656 480.3099
3681.552 480.4673
3681.933 480.6433
3682.373 480.7912
3683.201 480.8834
3683.949 480.9256
3684.983 480.9655
3686.169 481.0649
3686.882 481.1041
3687.337 480.957
3687.81 480.862
3688.313 480.7806
3689.501 480.7063
3690.376 480.6476
3691.17 480.6441
3691.814 480.592
336.1875 338.0057
322.5208 338.9683
317.4505 339.5353
314.4303 340.0122
312.3044 340.411
311.0895 340.7165
310.263 340.8669
311.2383 341.0407
313.557 341.2674
314.0817 341.5596
313.9512 341.7533
313.318 341.8491
313.4512 342.0094
313.1654 342.1722
312.7318 342.2648
311.9437 342.3237
311.4027 342.4261
310.8623 342.4333
309.7367 342.4258
308.7445 342.3742
307.9873 342.403
306.7956 342.391
306.0993 342.325
305.0833 342.3255
304.1328 342.2449
303.0521 342.2411
302.2122 342.2307
301.1956 342.2516
300.3949 342.2827
299.3138 342.3252
298.8665 342.4037
298.6335 342.4793
298.0879 342.6725
297.654 342.8491
297.1364 343.1064
296.6318 343.3647
296.3499 343.6096
296.1016 343.8655
295.9111 344.0956
295.5996 344.3569
295.3711 344.5368
295.0573 344.7479
294.8893 344.8844
294.7253 344.9757
294.6175 344.999
294.5205 344.9782
294.3997 344.8919
294.207 344.7415
294.2285 344.5518
293.7679 344.3737
293.6227 343.9391
293.7858 343.6823
297.2738 338.5291
302.0716 321.6141
313.4665 300.0101
337.7467 270.1709
346.4232 261.693
359.5557 247.457
364.8376 236.2594
369.5482 227.5783
372.4727 221.2668
376.8643 215.779
376.1549 213.7843
373.3219 212.562
375.4154 211.3114
376.3711 211.0661
375.5924 210.5708
375.3174 210.6836
374.4941 210.373
374.9603 211.3149
373.5273 210.5485
374.9932 210.8805
375.1576 210.2378
377.543 209.6146
379.11 208.9299
380.1566 208.3389
380.9906 207.8366
382.0186 207.8092
382.1676 207.4194
382.9896 206.214
383.6712 204.7902
388.5534 198.8281
400.8587 186.675
405.4307 182.8392
417.2917 176.1543
426.916 172.6953
432.8617 170.9644
435.6673 170.1545
436.3252 169.9574
436.0231 169.3446
437.4766 169.347
437.8151 168.9727
438.1823 168.7243
438.3125 168.4438
438.0739 168.0978
438.179 167.9663
438.179 167.7513
438.0078 167.4559
437.5732 167.0716
437.6048 166.8786
438.3744 167.001
438.9499 166.9984
439.4844 167.1414
440.0592 167.3739
439.4281 166.6956
438.0713 165.2145
435.6953 163.5882
432.7227 162.1333
429.6527 161.2591
427.6188 160.57
426.1979 160.054
425.4398 159.5309
423.7494 159.0661
422.6735 158.9635
422.192 158.8763
421.1058 158.7323
420.8867 158.6188
420.7562 158.5267
420.4837 158.3677
419.8994 158.1919
418.2396 157.78
417.4258 157.4723
416.6413 157.1945
416.4248 157.1048
416.306 156.9253
416.1953 156.8508
416.0023 156.6785
415.6494 156.5697
415.1396 156.4217
414.9662 156.3153
414.8857 156.2301
414.8682 156.0584
415.0781 155.9058
415.4538 155.8556
415.7676 155.799
415.7285 155.8035
415.7643 155.6615
415.2852 155.6655
415.8971 155.5557
416.9437 155.5462
418.3018 155.8421
418.8311 155.9769
419.9603 156.0503
420.5892 156.1162
420.7572 159.166
418.5234 171.6587
407.7858 193.57
398.3353 220.6244
382.8581 253.9692
373.6178 268.9727
367.6556 272.9408
366.7995 274.7044
366.8099 275.3068
367.0631 276.0057
367.2646 276.7156
367.5449 277.1561
368.4622 278.3844
368.5462 278.4919
368.6514 278.6268
369.7005 279.6743
370.862 280.9033
372.0257 281.8568
372.7376 282.5843
373.6195 283.4875
374.5234 284.5195
375.2959 285.3851
375.75 286.3646
376.4398 287.0836
376.7415 287.9792
377.1855 288.6895
377.1211 289.785
377.1383 290.8662
377.2575 291.9828
377.4121 292.9248
375.7897 295.0726
371.1497 299.222
345.6419 312.7785
334.319 320.9245
325.6374 327.2782
324.6117 329.5747
310.1947 340.8705
306.6159 344.7086
304.3177 347.5936
303.3294 349.7038
301.0612 353.4225
298.2158 355.9375
297.5137 358.7085
297.2064 361.6205
298.0963 365.0539
300.5677 371.0358
304.1546 377.8188
306.3555 382.6024
306.834 386.2091
305.9261 390.8231
306.2435 393.3309
303.4307 396.2378
300.5146 398.8799
297.5299 401.8356
292.4688 404.5348
288.6335 406.0998
274.1273 401.0099
264.307 400.5666
257.442 402.1541
249.9785 403.7671
236.1595 404.0596
223.7474 398.742
194.2536 406.5898
176.959 413.4434
160.9095 421.9709
126.0215 450.0176
102.7533 460.5602
87.99023 467.1857
78.2793 473.1725
70.93131 477.2469
65.58854 478.624
60.4196 480.2861
56.26302 481.6793
58.60807 483.2248
43.63607 486.2724
44.9987 486.1945
45.07194 486.3607
40.20996 486.968
35.51888 487.78
32.98503 486.8483
34.23145 485.3583
33.42188 482.883
31.4056 480.2398
30.11686 477.7585
21.51237 477.4313
16.41504 475.9647
14.20996 472.3223
6.254232 472.053
3838.287 471.7764
1.585612 472.0122
5.657227 472.0259
3.953125 472.0633
7.39681 472.2651
5.035156 472.4461
3838.029 472.4126
3836.534 472.8953
1.670247 473.9629
9.549479 475.7415
11.5931 476.8486
3817.064 474.1938
3727.573 470.2524
3718.059 470.1821
3714.157 470.4743
3708.873 471.0674
3703.001 471.6079
3698.864 472.3574
3697.016 473.4437
3690.784 475.3709
3691.349 476.0121
3689.22 476.4808
3689.608 476.9899
3689.653 477.3986
3688.705 477.7051
3687.163 477.9372
3686.523 478.3076
3688.877 478.8198
3690.712 479.4334
3691.219 479.5698
3689.314 479.6857
3684.493 479.4084
3681.365 479.6807
3678.885 479.575
3677.172 479.3898
3675.228 479.3901
3673.537 479.3589
3672.291 479.3075
3671.033 479.5301
3669.865 479.7855
3668.695 479.8914
3666.946 479.9883
3665.379 479.7236
3664.139 479.6161
3663.378 479.424
3662.666 479.4378
3662.121 479.4611
3662.343 479.3573
3662.423 479.4046
3662.712 479.4932
3662.79 479.7064
3663.66 479.8506
3664.884 480.0114
3665.674 480.2169
3666.384 480.3788
3667.583 480.5204
3668.653 480.6593
3669.883 480.7526
3671.477 480.8365
3672.125 480.9304
3672.823 480.9958
3673.221 480.8804
3674.106 480.8257
3675.55 480.7789
3676.782 480.6639
3677.59 480.5698
3678.234 480.5266
3679.207 480.4266
3692.149 480.5918
3692.689 480.5033
3692.977 480.1362
3694.227 480.2593
3695.835 480.3571
3696.617 480.4389
3696.967 480.2471
3697.236 480.1689
3697.684 480.218
3698.415 480.8665
3698.807 481.1764
3698.965 481.321
3699.235 481.2017
3698.961 481.3058
3698.927 481.3652
3698.788 481.1125
3698.692 480.881
3698.826 480.7431
3699.604 480.5574
3699.208 480.2638
3699.27 480.1275
3699.794 480.0836
3699.991 480.0231
3700.55 480.0326
3701.107 479.8555
3702.533 479.8589
3703.432 480.1227
3704.231 480.425
3716.498 482.8199
3759.052 486.424
3834.206 491.933
29.25326 494.8335
48.71843 496.8221
64.94596 500.1521
66.18034 502.1171
66.09115 502.7227
66.7028 502.7184
66.48502 503.0328
67.08594 503.0175
67.52995 502.9712
68.69205 502.8554
69.50455 502.8461
69.85319 502.4458
70.19987 502.2121
70.52995 501.9658
70.96842 501.9696
71.48177 501.9358
70.76791 501.9531
70.45638 501.9694
69.33268 501.9286
69.4401 501.8039
68.89584 501.7392
69.1875 501.7335
69.23177 501.742
70.16862 501.6418
70.5332 501.5174
70.8418 501.4645
71.16373 501.4734
70.87045 501.4305
70.87858 501.4207
69.68685 501.351
69.72266 501.3055
69.70117 501.2143
69.31283 501.1575
68.95703 501.1658
68.96354 501.045
68.87923 500.9567
68.42416 500.951
68.51107 500.9017
67.37207 500.8087
64.89713 500.5829
63.43815 500.3992
62.27083 500.4311
60.76921 500.5608
59.27214 500.5951
57.98177 500.6311
55.61003 500.8149
53.50977 500.9208
50.18425 500.9003
46.36914 500.7816
42.20573 500.8029
37.55371 500.7157
31.99154 500.672
27.23633 500.7191
7.51237 499.9395
3756.083 494.334
3723.159 488.4234
3711.607 484.9695
3705.737 485.3375
3701.882 486.0597
3697.958 486.5483
3694.094 486.8123
3690.001 486.947
3683.995 486.7776
3677.813 485.8647
3675.806 485.0799
3673.982 484.5115
3670.961 483.8686
3670.636 483.0891
3666.813 482.4332
3664.802 482.0969
3661.76 482.0795
3662.029 482.5573
3658.165 483.4464
3659.112 485.3685
3648.849 489.8929
3653.216 494.6106
3633.326 498.5728
3591.461 502.488
3551.908 505.2623
3505.331 508.9182
3481.4 511.2904
3459.364 513.5149
3430.168 517.2397
3405.543 521.506
3388.713 526.619
3380.539 529.6825
3373.318 532.1325
3365.421 534.0777
3358.553 535.1478
3350.11 535.8946
3343.882 535.8375
3339.161 535.6674
3331.502 536.586
3325.553 537.1257
3312.477 539.1407
3317.889 540.413
3322.553 539.9861
3326.464 537.8585
3332.068 536.7416
3335.078 536.0475
3332.105 536.128
3331.746 536.1578
3330.794 536.3405
3324.053 536.7778
3311.894 535.93
3308.568 535.2542
3301.215 534.3249
3308.7 532.7367
3311.79 531.4823
3314.406 530.0671
3318.061 528.7185
3320.317 528.0964
3321.537 527.7126
3323.23 527.3521
3326.603 527.7379
3328.956 527.8549
3329.082 528.2562
3329.555 528.9427
3334.05 529.53
3321.277 532.4046
3245.976 537.7565
3163.316 546.2748
3147.158 554.7191
3144.387 556.0796
3143.813 556.5923
3145.817 557.2006
3148.947 557.5057
3150.877 557.5958
3152.199 557.4659
3152.802 556.913
3153.254 556.4059
3153.005 556.4397
3153.229 556.6127
3153.236 557.3018
3152.994 557.5184
3152.914 555.5806
3151.709 553.8658
3150.004 553.807
3148.377 554.0428
3146.461 555.0317
3141.788 558.479
3143.139 558.7547
3143.62 558.2679
3144.958 556.9953
3146.296 555.6942
3147.793 554.6126
3149.21 553.6528
3150.731 553.0289
3153.717 552.1376
3156.149 551.7549
3158.904 551.5251
3162.444 551.0234
3163.557 550.8448
3164.883 550.5737
3166.972 550.3395
3169.884 549.8724
3171.376 549.4996
3171.114 549.3217
3170.95 549.1152
3170.86 548.9523
3171.037 548.6305
3171.203 548.4607
3172.063 548.1915
3172 547.8415
3171.188 547.4224
3170.501 547.0728
3169.847 546.7579
3170.039 546.3771
3170.418 546.1835
3171.313 545.9504
3174.386 545.6956
3176.696 545.2537
3181.793 544.8473
3185.292 544.8489
3189.77 545.0239
3195.127 545.1558
3199.23 545.9238
3203.522 546.1191
3208.776 546.0686
3216.611 545.7944
3225.22 545.5394
3232.867 545.6748
3241.667 545.7493
3249.23 546.0396
3255.599 546.0128
3264.135 546.1868
3268.501 546.3516
3279.628 546.5957
3301.005 546.4868
3349.978 546.4564
3361.757 546.3202
3381.522 546.4607
3429.649 546.7339
3493.201 545.7032
3638.897 534.6787
3685.525 527.0202
3716.442 522.8636
3741.661 519.3943
3756.648 518.7213
3789.112 515.7139
3.593425 511.2802
62.5498 505.6634
142.901 500.4089
189.4212 499.2832
224.6693 497.8168
252.1637 496.6065
265.7633 496.3543
269.2575 496.5026
280.4596 495.7486
284.1247 494.4554
287.9352 493.8141
290.7217 493.2715
277.8193 493.619
283.9447 492.8808
287.7617 491.8822
268.4287 492.5967
263.6416 490.5095
230.6022 490.5787
216.957 491.5674
213.6794 490.8033
211.9652 490.2646
209.3695 489.3981
210.2051 487.807
212.7975 486.1615
215.4805 484.3002
214.6237 482.8296
196.6901 480.9841
186.1895 477.1903
136.861 453.0337
108.4375 435.7427
85.46973 422.8729
59.85156 413.3109
50.31836 407.03
17.04362 396.314
8.398763 391.0845
6.12793 387.9033
6.53125 385.91
5.904623 383.4186
4.426107 381.8259
4.690104 380.2669
4.536458 379.0838
4.98763 377.6006
6.875651 375.6585
7.953776 374.3424
9.608073 373.922
11.53581 373.2534
13.87695 370.6039
15.93555 372.682
17.77181 373.326
19.36165 370.4235
22.01302 364.5796
24.61361 346.4826
26.82129 323.9598
35.14974 298.5314
48.75065 282.8268
56.41243 276.6797
71.04655 268.6677
83.98242 262.8228
98.16634 257.5186
105.7643 255.1505
111.8822 253.5054
114.9404 252.3566
117.9453 251.9059
119.2314 251.3994
120.3372 251.1029
120.4701 251.2848
122.9733 249.0827
125.7923 247.616
126.7412 247.2886
3679.573 480.4341
3679.849 480.0602
3680.277 479.9485
3681.871 479.8984
3683.309 480.139
3684.027 480.2456
3684.502 480.2432
3684.927 480.2673
3686.806 480.9848
3687.411 481.2205
3687.831 481.3817
3688.276 481.3653
3688.888 481.4924
3689.539 481.4894
3689.648 481.253
3689.311 480.9901
3689.168 480.8012
3688.937 480.6529
3687.601 480.36
3686.958 480.0681
3687.164 480.0178
3686.99 479.9378
3688.249 480.0318
3688.011 479.9053
3688.295 479.7827
3689.954 479.8685
3690.758 480.1628
3708.823 482.3596
3758.48 486.044
3830.534 491.594
26.3291 494.7002
41.19824 496.5758
52.43587 500.0227
59.02507 502.2664
62.44954 502.8679
63.94075 502.8941
64.59505 503.0886
65.30859 503.1715
66.22656 502.9372
67.05209 502.909
68.28971 502.8559
68.52474 502.5891
68.69141 502.3072
68.97201 502.1569
69.33627 501.9842
69.23047 502.0273
68.9017 501.9532
68.43815 502.0225
67.22168 501.9966
67.78418 501.9341
68.11002 501.8253
68.16927 501.7661
68.4541 501.7558
68.90267 501.7521
69.48177 501.6323
69.83659 501.5005
70.08301 501.451
69.88998 501.4578
69.89323 501.4274
68.96452 501.4023
68.94108 501.326
69.06543 501.3028
68.77148 501.2684
68.37174 501.2585
68.30013 501.2625
68.23502 501.1623
68.04037 501.1071
67.96582 501.0287
67.07748 501.0894
64.97005 500.9074
63.90755 500.6071
62.41992 500.548
61.21419 500.5403
60.06055 500.6183
58.71712 500.6291
57.44922 500.671
55.43229 500.874
53.69759 500.9326
50.77083 501.0399
46.67839 501.0064
42.50261 501.0944
37.91764 501.0109
32.46061 500.9973
18.7002 500.3737
3767.461 494.5048
3729.487 488.3345
3712.073 484.8718
3709.255 485.0548
3706.133 485.9893
3702.539 486.6407
3698.875 486.9357
3694.72 487.1539
3689.759 487.079
3684.902 486.8712
3683.344 486.1344
3682.585 485.6276
3680.35 484.9777
3680.291 483.7557
3677.72 482.593
3674.363 481.979
3672.229 481.7666
3670.229 481.78
3663.725 482.6771
3664.126 484.2797
3662.699 486.39
3664.64 491.9818
3640.72 496.8398
3589.823 501.8155
3546.814 504.8376
3503.326 508.4103
3482.018 510.7828
3460.421 512.8126
3433.504 516.0398
3405.45 520.5483
3384.282 525.8687
3376.784 529.1121
3370.413 531.593
3364.262 533.3967
3357.179 534.383
3349.962 535.1848
3344.079 534.9288
3339.683 534.7373
3332.65 535.2902
3326.575 535.9559
3322.541 536.6004
3328.046 538.459
3326.933 538.9589
3327.222 537.0074
3329.135 536.3336
3336.524 535.6923
3334.311 535.8644
3335.326 535.7942
3335.247 535.8796
3328.498 536.3274
3324.897 536.6451
3309.989 535.6031
3305.613 534.9196
3306.717 533.3216
3309.163 532.0397
3311.895 530.7366
3314.523 529.0803
3314.891 528.1993
3316.91 527.5732
3320.83 527.2411
3321.027 527.2574
3323.817 527.4962
3322.692 527.7581
3322.699 528.1488
3330.326 528.7386
3318.648 530.0354
3232.563 535.4084
3148.198 542.309
3127.869 551.589
3120.488 553.6371
3117.344 554.5807
3119 555.4625
3121.491 556.1776
3124.873 556.1208
3126.547 556.0807
3127.679 555.7664
3128.605 555.086
3128.754 554.8374
3128.679 554.7156
3129.092 554.6122
3129.677 554.0359
3128.667 553.0092
3127.303 551.1456
3125.293 551.2607
3123.302 551.7708
3121.424 552.6937
3119.236 554.2324
3114.92 556.8293
3114.947 556.5782
3115.254 555.6615
3116.383 554.3167
3117.629 553.1091
3119.21 552.2593
3120.851 551.6338
3124.406 550.9091
3127.291 550.5612
3130.167 550.3389
3133.467 549.8819
3135.293 549.711
3136.27 549.365
3137.939 549.1495
3141.749 549.0889
3144.949 548.7303
3145.274 548.5926
3145.051 548.4345
3144.999 548.2215
3145.14 547.9994
3145.384 547.7092
3145.7 547.6101
3146.231 547.2283
3145.777 546.8789
3145.19 546.5225
3144.321 546.2464
3144.66 545.9554
3145.178 545.5732
3146.126 545.3856
3146.692 545.1384
3148.12 544.6984
3152.629 544.5327
3158.403 544.5159
3162.562 544.7009
3166.767 544.9389
3170.37 545.499
3174.65 545.6956
3179.142 545.7166
3185.135 545.5021
3194.225 545.2032
3201.896 545.3093
3208.96 545.4728
3212.512 545.4615
3217.699 545.3575
3226.808 545.4622
3231.193 545.6554
3245.663 546.0875
3267.708 546.184
3326.207 546.4307
3338.427 546.3126
3350.207 546.1874
3403.139 546.2883
3464.569 545.3248
3605.525 534.9341
3654.149 527.5474
3683.636 523.7463
3713.651 520.1744
3727.423 519.9288
3761.501 516.6609
3822.22 512.3769
47.57161 506.6221
104.1725 502.7478
179.8265 499.9059
215.0264 498.6366
242.0163 497.4559
255.5417 497.2236
258.2012 497.2497
269.192 496.506
280.3945 495.752
278.9746 494.9083
273.7852 494.6886
265.9476 494.8884
270.0866 494.3528
278.6549 493.5486
255.7939 494.594
257.4466 493.4296
223.3903 493.3846
212.6673 493.1213
209.8079 492.2477
207.8695 491.7087
204.8978 491.084
205.7985 489.7338
208.5703 488.0466
211.4196 486.4323
210.6452 484.8816
192.6351 483.1922
182.3906 479.3319
132.1501 455.4937
101.7467 438.1854
78.08724 425.2638
49.10807 416.0096
38.4873 409.8706
5.138672 399.1371
3837.108 393.9884
3837.749 390.7423
3839.75 388.6855
3839.699 386.5607
3839.471 384.7083
0.2236328 382.9723
0.5602214 382.0905
1.61849 380.1935
3.567057 378.2456
5.089193 376.9577
6.798177 376.5732
9.038737 375.7723
11.52344 373.2542
13.61719 375.2122
15.61003 375.9547
17.50586 373.0859
20.09668 367.3413
22.4528 349.1655
24.7679 326.6087
32.5765 301.132
45.58138 285.3472
53.25521 279.0511
68.63314 270.7967
81.93099 264.8723
94.35709 260.1958
100.5739 257.1325
106.748 255.5065
111.43 254.2401
115.9466 253.6707
117.4785 252.8249
118.3945 251.804
118.4079 251.7807
118.8451 251.1323
122.7474 249.2614
125.4548 247.9349
126.5098 247.6077
127.5553 247.1353
128.3952 248.1019
129.0322 248.8013
129.8971 249.1792
130.8425 249.3923
132.0671 249.1569
133.3145 249.0146
134.7825 249.2798
136.3675 249.3574
138.0407 249.4549
139.0332 249.2576
139.738 249.0854
140.5293 248.8574
141.7012 248.6154
143.9297 248.2225
146.1628 247.5916
148.3662 245.4041
150.5221 243.1797
153.0052 242.5802
153.1755 242.9393
153.4121 242.877
153.8848 242.9331
154.625 243.2967
155.3607 243.6326
156.151 244.1978
156.6094 244.9984
156.9017 245.4997
156.6702 246.7158
157.0967 246.734
156.9567 247.1914
156.7419 247.5959
140.6143 246.4128
103.6312 246.5439
38.88411 246.8784
15.91992 247.1797
6.247721 246.576
3839.898 246.2842
3836.177 246.4541
3836.148 246.4425
3837.528 246.4803
3838.318 246.3669
3838.329 246.0441
3836.803 245.5303
3833.546 245.0925
3831.655 245.1603
3828.692 245.6016
3825.762 245.9779
3822.191 246.4857
3814.74 247.7497
3809.617 248.8342
3804.837 249.9134
3800.939 250.7213
3797.82 251.5194
3795.724 252.6237
3794.987 253.624
3794.594 254.3008
3794.786 257.6549
3793.801 269.0809
3789.782 290.8773
3781.84 328.2139
3776.663 349.8496
3773.063 364.6917
3769.561 372.9872
3768.221 384.2969
3767.959 387.8794
3767.387 389.428
3766.884 389.4713
3767.723 388.1279
3768.212 387.8216
3767.292 389.3557
3764.276 391.2015
3763.77 391.4798
3763.207 391.8611
3763.102 392.0817
3763.104 392.7604
3764.512 392.8968
3765.255 392.3532
3765.59 392.0588
3765.741 391.5125
3765.761 391.2456
3766.597 390.9307
3767.475 390.8361
3768.291 390.7642
3769.007 391.4665
3769.488 391.6551
3769.911 392.2135
3769.909 392.9494
3768.409 393.8315
3768.036 394.105
3767.909 394.6021
3768.449 394.7152
3772.358 392.1096
3789.729 377.4544
3824.993 348.5492
29.19596 313.8839
59.19857 295.5674
92.66927 277.2495
167.1628 251.1504
237.8809 241.5724
283.3883 236.536
322.5342 234.2205
339.2282 233.5947
348.5303 233.4883
351.9746 234.1429
355.416 233.8706
357.0791 235.8934
360.375 237.9276
362.1943 242.8555
364.6169 244.3411
364.7074 245.2482
360.109 247.022
357.3379 248.0448
351.234 249.1864
349.2959 249.0912
348.5973 248.6242
343.4076 247.4355
345.4098 246.2506
345.7601 245.0895
344.9453 243.923
344.5391 243.028
344.877 242.569
344.8896 242.0791
343.5856 241.687
344.1657 241.2673
346.4955 240.138
350.9951 236.1107
353.6807 233.4526
357.5625 231.6706
362.8584 230.6525
367.515 230.5365
370.9837 230.77
372.5322 230.9618
374.5866 231.1359
376.9941 230.9121
378.5651 230.7135
379.9818 230.0116
380.377 229.0378
380.6768 228.7586
381.3568 229.1916
382.1602 227.4889
383.5768 226.9686
384.4066 227.2199
385.7415 227.5898
387.7162 228.0898
389.9007 228.2865
391.8187 228.6408
393.2572 227.8905
393.8018 227.103
393.2344 225.9712
392.6152 224.7065
391.9935 224.4152
391.5342 224.5632
391.2738 225.0894
390.6641 225.805
390.7545 226.8156
390.7389 228.6605
391.0645 231.1299
394.8288 241.6278
425.1537 297.6766
464.8893 356.5238
478.6165 380.8226
492.2393 396.6214
503.7884 410.6597
526.3675 432.3802
546.502 443.4637
572.0622 455.8465
590.404 462.8939
612.9873 469.9385
636.7288 475.3387
657.7933 479.5605
679.9525 484.9317
695.0879 489.7216
697.7396 492.6175
701.6419 494.4578
704.6061 495.5443
709.405 496.4063
713.1575 496.4611
720.2666 497.7644
720.5957 497.3417
720.9193 496.6965
716.7305 494.5832
715.777 493.272
714.9333 492.1493
711.3454 490.3443
714.6058 490.0532
711.5657 488.6918
708.388 486.507
698.875 460.9398
699.2835 432.1466
697.0286 410.9342
701.1416 410.3325
699.5996 397.4292
692.3984 377.5264
689.2975 367.7112
684.2373 358.8978
684.2829 356.0254
684.0843 354.3464
682.2907 353.7952
683.5475 353.2477
683.7751 353.5386
686.0042 353.8193
686.1667 354.2782
688.3851 354.2331
691.3893 353.9797
694.5794 353.2482
698.7386 352.0447
698.613 350.8117
706.1143 349.0775
717.0524 340.3584
729.1618 324.866
741.2516 303.7106
754.3069 290.5488
763.6384 276.4565
772.0482 269.279
772.9583 255.2901
771.0889 245.5553
768.9355 236.9535
762.7471 228.5887
762.4304 225.2743
762.4717 220.6519
754.4463 219.4818
756.1413 218.5277
761.0319 217.4368
759.4359 217.0972
757.2962 217.0671
749.1013 217.2321
745.5814 217.5376
744.9131 217.6545
738.0407 218.4647
735.1016 218.7412
730.4821 219.8377
726.3792 221.3579
726.2767 221.6725
723.0892 222.6499
720.6533 223.1738
717.6286 223.3302
715.2659 223.1257
712.0446 222.25
711.3965 220.3781
731.8362 212.7391
753.4577 205.2563
777.9307 197.1476
782.07 195.1553
788.9398 192.6331
790.1354 191.311
790.5036 190.5358
790.0075 190.0518
789.5127 189.7482
788.8431 189.723
788.6823 189.7448
788.4944 189.7121
788.2923 189.5404
789.014 189.6387
789.0687 189.5622
788.9069 189.7764
789.4954 190.298
789.8216 190.6841
789.4639 191.6227
789.4219 192.1064
789.8903 192.6738
789.7718 193.1618
790.2191 193.7689
790.835 194.2625
788.8884 194.0023
775.2263 192.735
703.3125 188.3333
643.8125 187.034
618.5469 186.3939
616.0823 185.7528
611.8083 186.3148
611.2454 187.0475
612.998 187.1924
615.5654 187.6372
617.4124 187.8647
618.8079 187.8708
618.7432 188.2891
618.166 188.5308
618.0527 188.605
618.5417 188.6543
619.1888 188.5491
619.8545 187.826
619.9173 187.0698
619.6819 186.5687
619.4011 186.1747
618.4183 186.096
617.3659 186.3252
616.2263 186.6955
619.7568 189.1016
647.1292 218.6636
666.5791 260.1834
675.8024 285.6514
680.6621 306.5223
682.2943 319.6802
685.1875 327.3444
686.6094 330.7272
688.0124 334.4217
689.0911 337.1234
689.9261 340.3773
691.2933 342.7876
692.7722 346.9489
127.0794 248.5563
128.0306 248.9248
128.6458 249.3667
129.5863 249.568
130.6253 249.374
131.8532 249.1162
133.0361 248.9774
134.5475 249.2507
136.0238 249.3691
137.7396 249.3843
138.5599 249.0587
139.264 248.9173
140.3369 248.7961
141.4642 248.5384
143.8457 247.9985
146.3779 246.7251
148.8828 244.1455
150.6784 243.1147
152.2747 243.1051
152.583 242.9863
152.8838 242.9103
153.2331 243.1763
153.9075 243.7228
154.429 244.3851
155.1729 245.2323
155.3008 245.7954
155.3841 247.1094
155.7513 247.2228
155.9675 247.8968
155.9095 248.1872
138.9007 246.3981
100.7897 246.6544
33.81282 247.1409
13.21159 247.1524
4.764648 246.6461
3838.857 246.2695
3835.65 246.2905
3835.752 246.3478
3837.572 246.4346
3839.134 246.4609
3839.429 246.3835
3838.729 246.0804
3837.107 245.5633
3834.609 245.181
3831.92 245.3119
3828.668 245.805
3825.476 246.1449
3821.402 246.6405
3812.807 248
3807.308 249.4364
3803.38 250.395
3800.315 251.1029
3797.73 252.0726
3796.219 252.9333
3795.523 253.7761
3794.656 257.2681
3791.108 268.8753
3781.633 291.0956
3766.844 328.9367
3756.01 350.8242
3749.085 365.7743
3743.905 374.7056
3742.594 385.6519
3741.584 388.9139
3741.336 389.6326
3742.628 389.6232
3744.274 388.6432
3745.554 388.5193
3746.182 390.0758
3745.984 391.8802
3746.423 392.2106
3746.771 392.3657
3746.813 392.478
3747.076 393.0381
3748.034 393.1847
3749.778 392.7423
3750.672 392.439
3751.047 392.1554
3751.529 391.7507
3752.085 391.5042
3752.929 391.2332
3753.657 391.0708
3754.225 391.3315
3754.784 391.6869
3754.725 392.3246
3754.815 393.0128
3752.832 394.1426
3752.046 394.8838
3751.805 395.3997
3752.668 395.5526
3757.499 392.9487
3776.208 378.2656
3805.595 349.8913
3.660156 315.7948
29.53776 298.1462
54.75554 282.022
132.1165 257.4538
206.9945 246.7941
249.4144 240.9176
288.1729 237.5033
311.0055 235.0765
323.9176 234.9118
333.5254 235.2855
339.3333 234.7782
341.4531 236.8709
345.9277 238.7928
346.5098 243.3613
351.623 244.5809
354.8561 245.757
353.1413 247.7341
352.6559 248.8465
347.3795 250.0882
346.0407 249.9095
344.9658 249.5003
340.3467 248.3918
341.9147 247.3119
341.9876 245.9801
340.5273 244.6118
338.6693 243.6895
339.5322 242.9972
339.9717 242.6343
339.0977 242.4761
341.4961 241.5381
343.7272 240.3416
347.5514 236.2033
350.151 233.166
353.2858 231.4108
357.4268 230.5986
362.0518 230.4582
365.9821 230.7217
367.9469 230.876
370.3545 230.9373
372.5456 230.8929
374.2406 230.6953
376.0557 230.6382
377.8828 230.1221
378.2393 229.0682
378.8311 228.5383
379.8297 227.2041
380.3708 226.5089
381.3877 226.7673
382.208 226.8947
383.9603 227.2231
386.0765 228.0451
388.3457 228.6981
390.3822 228.9059
391.5762 227.9551
391.2858 226.7261
389.5052 225.2513
388.3952 224.4901
387.5225 224.4198
387.0013 224.7926
386.8089 225.3364
386.5313 226.715
386.7047 228.7782
386.8903 230.8439
390.055 241.4292
417.417 297.6701
452.1266 355.9157
467.2682 380.0596
477.6152 395.4562
487.3102 409.3981
508.9398 430.8087
529.9349 441.9173
559.8962 454.512
584.3496 461.8034
606.6689 468.8405
628.261 474.0396
647.9141 478.1292
663.8636 481.2105
673.1758 485.1871
681.0798 490.7446
685.4193 492.4367
690.4216 493.6119
694.4258 494.4979
698.7363 494.8235
703.78 495.7587
709.0804 495.9972
711.2845 495.4143
708.708 493.4136
707.9775 492.3783
706.6657 491.3943
701.7295 489.9366
703.928 489.6661
699.7077 488.4905
695.9277 486.6794
685.6227 461.0106
689.0329 432.5309
688.2871 411.1445
692.1745 410.6697
692.5146 397.7843
686.7002 377.8327
682.2747 368.0939
676.291 359.041
672.874 355.9521
671.9001 354.178
670.8278 353.6419
674.1289 353.2852
677.0056 353.661
679.5886 354.0653
680.3538 354.6046
682.5352 354.6755
685.0547 354.5817
687.973 354.2047
690.9329 353.3696
690.0231 352.0436
694.6614 350.3792
704.6025 341.6068
716.4323 326.2516
725.598 305.2009
734.1423 292.5089
743.5345 277.9935
751.5179 270.4725
746.4557 256.3405
744.8018 246.3879
742.4085 238.0365
737.4232 230.0005
739.7454 226.7243
739.2031 222.1554
735.7793 220.8973
739.681 219.8242
742.652 218.8083
743.8307 218.2559
742.3545 218.1091
736.095 218.0231
732.2412 218.2803
732.8069 218.1737
727.4707 218.7749
725.0566 219.1268
721.1804 220.3291
717.846 221.8571
717.9265 222.2083
716.4225 223.2248
713.9131 223.9245
712.498 224.2301
709.8493 224.6533
707.9766 224.0646
708.0342 221.9038
726.7044 213.6837
744.7923 206.2803
764.2943 198.1693
767.8682 196.0856
775.5579 193.5208
778.362 192.1955
780.498 191.3117
781.2816 190.6781
782.5632 190.4316
782.9463 190.1657
784.7458 190.2578
785.3395 190.0749
784.9036 189.8888
787.5276 189.7852
788.0234 189.7653
787.9499 189.8356
788.0407 190.3446
787.5859 190.688
787.931 191.4426
788.0723 192.0314
788.9177 192.5866
788.9316 192.9852
789.5218 193.5592
790.2897 194.0799
786.5599 193.9307
771.722 192.8195
699.8919 188.6058
645.3516 187.3019
617.7158 185.9172
614.3327 185.5663
610.4092 186.8584
609.4346 187.3135
611.2917 187.1842
613.6751 187.1527
616.4434 187.4748
618.6927 187.5929
618.9818 187.9899
618.2673 188.3756
617.3389 188.5949
617.2025 188.659
617.1536 188.591
617.6179 188.3185
617.7526 187.7816
617.8203 187.0522
617.0046 186.4453
616.3984 186.0091
615.4368 186.1934
614.5449 186.6406
614.5361 187.2868
630.875 218.8877
643.4642 260.2347
652.1201 285.3364
655.8821 305.8625
658.3704 318.1338
660.5684 325.6772
663.1442 328.8937
666.6745 331.696
668.7184 334.7332
672.5286 337.7629
674.5879 340.1807
676.7627 343.1349
678.154 348.2983
