1920 480
560.5716 459.2424
560.5046 459.1649
560.4782 459.2007
560.4922 459.1947
560.4655 459.1779
560.528 459.1742
560.5098 459.1828
560.5296 459.1504
560.5146 459.1481
560.4778 459.1454
560.4854 459.1484
560.4284 459.1478
560.4707 459.1548
560.4632 459.1466
560.4499 459.1812
560.4733 459.1535
560.4153 459.1943
560.4661 459.1885
560.4229 459.2072
560.4577 459.1896
560.4648 459.1753
560.4844 459.1947
560.4346 459.2079
560.4235 459.2057
560.4336 459.2059
560.4431 459.1978
560.4421 459.2013
560.4697 459.1909
560.4922 459.1869
560.5 459.1846
560.5169 459.179
560.529 459.1759
560.5566 459.1619
560.5814 459.1582
560.5921 459.1567
560.5905 459.1353
560.5749 459.1341
560.5664 459.131
560.5775 459.1208
560.5749 459.1219
560.583 459.1229
560.5661 459.1299
560.5521 459.1345
560.5657 459.1393
560.5605 459.1455
560.5524 459.1486
560.5534 459.152
560.569 459.1512
560.5638 459.1538
560.5671 459.1522
560.5677 459.1475
560.5771 459.1496
560.5762 459.1454
560.5749 459.1418
560.5482 459.139
560.5501 459.1348
560.5485 459.1398
560.53 459.1525
560.5036 459.1624
560.5176 459.1683
560.5189 459.1657
560.5306 459.1548
560.5417 459.1481
560.5335 459.1486
560.5114 459.147
560.5159 459.1392
560.5137 459.1309
560.5273 459.1265
560.5439 459.125
560.5505 459.1187
560.5645 459.1173
560.5645 459.1167
560.5586 459.1126
560.5739 459.1185
560.5775 459.124
560.5778 459.1323
560.5837 459.1284
560.6058 459.1221
560.6331 459.1247
560.6436 459.1177
560.6833 459.117
560.6829 459.1212
560.6794 459.1232
560.6771 459.1194
560.6862 459.123
560.6738 459.1331
560.6569 459.1372
560.655 459.1416
560.6517 459.1523
560.6325 459.1558
560.6338 459.1619
560.6364 459.1585
560.6338 459.1585
560.6296 459.1502
560.6367 459.1519
560.6406 459.1486
560.6357 459.1555
560.6325 459.1577
560.6536 459.1465
560.6419 459.1491
560.6354 459.1551
560.6198 459.1605
560.6198 459.1574
560.6191 459.1592
560.5974 459.1558
560.5569 459.1644
560.5586 459.1759
560.5361 459.1906
560.5397 459.1872
560.5452 459.1828
560.5413 459.1956
560.5612 459.2038
560.5739 459.2013
560.5781 459.2028
560.5801 459.2083
560.5872 459.2054
560.5889 459.1992
560.5869 459.1912
560.5859 459.1911
560.5784 459.1935
560.6009 459.187
560.6035 459.1898
560.6042 459.1985
560.6188 459.1963
560.6266 459.1834
560.6243 459.1938
560.5931 459.1995
560.5654 459.1963
560.569 459.2025
560.5768 459.2155
560.5827 459.2093
560.5791 459.2044
560.5651 459.2157
560.5491 459.224
560.542 459.2235
560.5622 459.2305
560.571 459.2313
560.5801 459.2332
560.5827 459.2275
560.5593 459.2272
560.5345 459.2271
560.5056 459.2207
560.4932 459.2174
560.4896 459.2047
560.5173 459.2002
560.5228 459.1922
560.5218 459.1898
560.5068 459.1852
560.5228 459.1745
560.5101 459.1883
560.5316 459.1927
560.5352 459.1893
560.5283 459.1895
560.5254 459.1932
560.5228 459.1938
560.5146 459.1911
560.5208 459.194
560.5156 459.1989
560.5342 459.1982
560.5169 459.1984
560.5159 459.2041
560.4961 459.208
560.489 459.215
560.4802 459.2098
560.5117 459.2086
560.5228 459.1992
560.5349 459.1932
560.5515 459.1828
560.5439 459.1877
560.5433 459.196
560.5475 459.196
560.553 459.1912
560.5511 459.1844
560.5251 459.1836
560.498 459.1807
560.501 459.1761
560.5062 459.1805
560.5153 459.1688
560.5222 459.1678
560.502 459.1697
560.4964 459.1686
560.5039 459.1673
560.5166 459.1693
560.5098 459.1772
560.5124 459.1751
560.5062 459.1685
560.4912 459.1737
560.5036 459.1774
560.5159 459.175
560.5303 459.1706
560.5403 459.1688
560.5586 459.1642
560.5635 459.1577
560.5677 459.1517
560.5547 459.1597
560.5508 459.1555
560.5134 459.1592
560.5176 459.1753
560.5547 459.1738
560.5918 459.1668
560.61 459.1729
560.6126 459.1836
560.5986 459.1869
560.6113 459.1815
560.626 459.1862
560.6426 459.1922
560.6689 459.1904
560.6921 459.1769
560.697 459.1786
560.709 459.1867
560.7168 459.1901
560.7171 459.189
560.7383 459.1917
560.7695 459.1848
560.7881 459.1714
560.8076 459.1691
560.7923 459.1724
560.7952 459.1683
560.8008 459.161
560.7949 459.1665
560.7666 459.1644
560.7754 459.1532
560.763 459.1569
560.793 459.1546
560.7988 459.1505
560.822 459.1483
560.8444 459.146
560.8083 459.1982
560.8112 459.2145
560.8242 459.2186
560.8037 459.1211
560.8252 459.1061
560.804 459.1336
560.7923 459.1419
560.8069 459.1289
560.834 459.1271
560.832 459.1325
560.8415 459.1338
560.8356 459.131
560.8154 459.1266
560.8122 459.1235
560.8294 459.1317
560.8444 459.1432
560.8447 459.1395
560.8421 459.1283
560.8477 459.1262
560.8552 459.1253
560.8757 459.124
560.8766 459.1278
560.8522 459.1393
560.8415 459.1507
560.8411 459.1466
560.8284 459.1502
560.8418 459.1519
560.8177 459.1563
560.7949 459.152
560.8024 459.1588
560.8141 459.1641
560.8128 459.1683
560.822 459.1649
560.8203 459.1664
560.8255 459.161
560.8281 459.1572
560.8594 459.1564
560.863 459.1505
560.8577 459.1479
560.8486 459.1361
560.8421 459.1262
560.8164 459.1436
560.803 459.1537
560.7845 459.1422
560.7943 459.1331
560.7679 459.1419
560.7624 459.1411
560.75 459.1216
560.761 459.1325
560.749 459.1403
560.7571 459.1463
560.7278 459.1431
560.7191 459.1421
560.6973 459.1541
560.7018 459.1468
560.6953 459.1346
560.7278 459.1351
560.7393 459.1475
560.7425 459.1385
560.7077 459.1371
560.7044 459.1571
560.6719 459.1732
560.6647 459.1699
560.6227 459.1707
560.595 459.183
560.5814 459.1885
560.5586 459.1834
560.5436 459.1854
560.54 459.1864
560.5273 459.1865
560.5212 459.1906
560.5378 459.1929
1920 480
560.5716 459.2424
560.5046 459.1649
560.4782 459.2007
560.4922 459.1947
560.4655 459.1779
560.528 459.1742
560.5098 459.1828
560.5296 459.1504
560.5146 459.1481
560.4778 459.1454
560.4854 459.1484
560.4284 459.1478
560.4707 459.1548
560.4632 459.1466
560.4499 459.1812
560.4733 459.1535
560.4153 459.1943
560.4661 459.1885
560.4229 459.2072
560.4577 459.1896
560.4648 459.1753
560.4844 459.1947
560.4346 459.2079
560.4235 459.2057
560.4336 459.2059
560.4431 459.1978
560.4421 459.2013
560.4697 459.1909
560.4922 459.1869
560.5 459.1846
560.5169 459.179
560.529 459.1759
560.5566 459.1619
560.5814 459.1582
560.5921 459.1567
560.5905 459.1353
560.5749 459.1341
560.5664 459.131
560.5775 459.1208
560.5749 459.1219
560.583 459.1229
560.5661 459.1299
560.5521 459.1345
560.5657 459.1393
560.5605 459.1455
560.5524 459.1486
560.5534 459.152
560.569 459.1512
560.5638 459.1538
560.5671 459.1522
560.5677 459.1475
560.5771 459.1496
560.5762 459.1454
560.5749 459.1418
560.5482 459.139
560.5501 459.1348
560.5485 459.1398
560.53 459.1525
560.5036 459.1624
560.5176 459.1683
560.5189 459.1657
560.5306 459.1548
560.5417 459.1481
560.5335 459.1486
560.5114 459.147
560.5159 459.1392
560.5137 459.1309
560.5273 459.1265
560.5439 459.125
560.5505 459.1187
560.5645 459.1173
560.5645 459.1167
560.5586 459.1126
560.5739 459.1185
560.5775 459.124
560.5778 459.1323
560.5837 459.1284
560.6058 459.1221
560.6331 459.1247
560.6436 459.1177
560.6833 459.117
560.6829 459.1212
560.6794 459.1232
560.6771 459.1194
560.6862 459.123
560.6738 459.1331
560.6569 459.1372
560.655 459.1416
560.6517 459.1523
560.6325 459.1558
560.6338 459.1619
560.6364 459.1585
560.6338 459.1585
560.6296 459.1502
560.6367 459.1519
560.6406 459.1486
560.6357 459.1555
560.6325 459.1577
560.6536 459.1465
560.6419 459.1491
560.6354 459.1551
560.6198 459.1605
560.6198 459.1574
560.6191 459.1592
560.5974 459.1558
560.5569 459.1644
560.5586 459.1759
560.5361 459.1906
560.5397 459.1872
560.5452 459.1828
560.5413 459.1956
560.5612 459.2038
560.5739 459.2013
560.5781 459.2028
560.5801 459.2083
560.5872 459.2054
560.5889 459.1992
560.5869 459.1912
560.5859 459.1911
560.5784 459.1935
560.6009 459.187
560.6035 459.1898
560.6042 459.1985
560.6188 459.1963
560.6266 459.1834
560.6243 459.1938
560.5931 459.1995
560.5654 459.1963
560.569 459.2025
560.5768 459.2155
560.5827 459.2093
560.5791 459.2044
560.5651 459.2157
560.5491 459.224
560.542 459.2235
560.5622 459.2305
560.571 459.2313
560.5801 459.2332
560.5827 459.2275
560.5593 459.2272
560.5345 459.2271
560.5056 459.2207
560.4932 459.2174
560.4896 459.2047
560.5173 459.2002
560.5228 459.1922
560.5218 459.1898
560.5068 459.1852
560.5228 459.1745
560.5101 459.1883
560.5316 459.1927
560.5352 459.1893
560.5283 459.1895
560.5254 459.1932
560.5228 459.1938
560.5146 459.1911
560.5208 459.194
560.5156 459.1989
560.5342 459.1982
560.5169 459.1984
560.5159 459.2041
560.4961 459.208
560.489 459.215
560.4802 459.2098
560.5117 459.2086
560.5228 459.1992
560.5349 459.1932
560.5515 459.1828
560.5439 459.1877
560.5433 459.196
560.5475 459.196
560.553 459.1912
560.5511 459.1844
560.5251 459.1836
560.498 459.1807
560.501 459.1761
560.5062 459.1805
560.5153 459.1688
560.5222 459.1678
560.502 459.1697
560.4964 459.1686
560.5039 459.1673
560.5166 459.1693
560.5098 459.1772
560.5124 459.1751
560.5062 459.1685
560.4912 459.1737
560.5036 459.1774
560.5159 459.175
560.5303 459.1706
560.5403 459.1688
560.5586 459.1642
560.5635 459.1577
560.5677 459.1517
560.5547 459.1597
560.5508 459.1555
560.5134 459.1592
560.5176 459.1753
560.5547 459.1738
560.5918 459.1668
560.61 459.1729
560.6126 459.1836
560.5986 459.1869
560.6113 459.1815
560.626 459.1862
560.6426 459.1922
560.6689 459.1904
560.6921 459.1769
560.697 459.1786
560.709 459.1867
560.7168 459.1901
560.7171 459.189
560.7383 459.1917
560.7695 459.1848
560.7881 459.1714
560.8076 459.1691
560.7923 459.1724
560.7952 459.1683
560.8008 459.161
560.7949 459.1665
560.7666 459.1644
560.7754 459.1532
560.763 459.1569
560.793 459.1546
560.7988 459.1505
560.822 459.1483
560.8444 459.146
560.8083 459.1982
560.8112 459.2145
560.8242 459.2186
560.8037 459.1211
560.8252 459.1061
560.804 459.1336
560.7923 459.1419
560.8069 459.1289
560.834 459.1271
560.832 459.1325
560.8415 459.1338
560.8356 459.131
560.8154 459.1266
560.8122 459.1235
560.8294 459.1317
560.8444 459.1432
560.8447 459.1395
560.8421 459.1283
560.8477 459.1262
560.8552 459.1253
560.8757 459.124
560.8766 459.1278
560.8522 459.1393
560.8415 459.1507
560.8411 459.1466
560.8284 459.1502
560.8418 459.1519
560.8177 459.1563
560.7949 459.152
560.8024 459.1588
560.8141 459.1641
560.8128 459.1683
560.822 459.1649
560.8203 459.1664
560.8255 459.161
560.8281 459.1572
560.8594 459.1564
560.863 459.1505
560.8577 459.1479
560.8486 459.1361
560.8421 459.1262
560.8164 459.1436
560.803 459.1537
560.7845 459.1422
560.7943 459.1331
560.7679 459.1419
560.7624 459.1411
560.75 459.1216
560.761 459.1325
560.749 459.1403
560.7571 459.1463
560.7278 459.1431
560.7191 459.1421
560.6973 459.1541
560.7018 459.1468
560.6953 459.1346
560.7278 459.1351
560.7393 459.1475
560.7425 459.1385
560.7077 459.1371
560.7044 459.1571
560.6719 459.1732
560.6647 459.1699
560.6227 459.1707
560.595 459.183
560.5814 459.1885
560.5586 459.1834
560.5436 459.1854
560.54 459.1864
560.5273 459.1865
560.5212 459.1906
560.5378 459.1929
560.5645 459.2
560.5755 459.2017
560.5671 459.199
560.5625 459.1974
560.5726 459.1995
560.5609 459.1999
560.5602 459.2046
560.5684 459.2109
560.5944 459.207
560.5892 459.2114
560.583 459.2155
560.5762 459.2174
560.5586 459.2215
560.5283 459.2262
560.5452 459.221
560.5677 459.2104
560.5791 459.1961
560.5977 459.1958
560.5853 459.1888
560.5632 459.1844
560.5651 459.1864
560.5732 459.1922
560.5687 459.1891
560.5732 459.1859
560.554 459.1943
560.5325 459.1898
560.5303 459.1797
560.527 459.1742
560.4948 459.1782
560.4951 459.1724
560.4932 459.1738
560.472 459.1738
560.4473 459.1812
560.4557 459.1786
560.4661 459.1833
560.47 459.183
560.4362 459.1911
560.4011 459.2005
560.3987 459.2061
560.387 459.2065
560.3571 459.1942
560.3568 459.1903
560.3362 459.1952
560.321 459.1898
560.3401 459.201
560.3288 459.1961
560.3174 459.1857
560.4929 459.2303
560.8102 459.3021
560.7888 459.2627
560.7344 459.2278
560.8991 459.2764
561.1878 459.293
561.7546 459.2718
562.7903 459.2672
563.9339 459.1989
564.8916 458.8892
565.0003 458.6359
564.4763 458.443
563.9099 458.3657
564.0739 458.2489
564.1052 458.258
564.1804 458.3288
564.2422 458.3691
564.3164 458.3677
564.1387 458.3527
563.864 458.4002
563.4814 458.4911
562.8851 458.5824
562.1335 458.7092
561.4268 458.8278
560.9456 458.8356
560.5195 458.7521
560.4407 458.6252
560.4443 458.6455
560.1846 458.6917
560.1797 458.5933
560.1595 458.4547
560.1556 458.3703
560.377 458.2322
561.0462 457.9289
562.0371 457.6406
563.1689 457.3864
564.4066 457.1927
565.6582 456.999
566.625 456.7715
567.3766 456.5034
567.8926 456.1594
568.238 455.7852
568.7285 455.4333
569.4229 455.1447
570.4854 454.8857
572.0335 454.6035
573.82 454.2296
575.6452 453.7965
577.7761 453.2638
580.2601 452.7069
583.0537 452.2331
586.1165 451.8089
588.6511 451.4671
590.6042 451.0965
592.2139 450.5483
593.4534 449.9828
594.5576 449.4795
595.64 449.0532
596.6748 448.7028
597.3701 448.4194
597.5403 448.2492
597.5231 448.1167
597.6091 447.8528
597.846 447.4069
597.9795 446.8456
597.8132 446.195
597.4756 445.54
597.1572 444.7357
596.9971 443.8529
596.6751 442.882
596.0488 442.0713
595.2067 441.2497
594.3607 440.2378
593.6686 438.9281
593.0303 437.1472
592.3864 435.2352
591.4876 433.2811
590.6478 431.4121
589.8181 429.2181
588.9564 427.0832
587.7903 424.8159
586.3571 422.5555
584.8724 420.5856
583.8796 419.2775
582.9007 417.6364
582.238 415.8711
581.4557 413.9251
580.569 411.9419
579.9564 410.2769
579.572 408.693
579.636 407.0132
580.1855 404.8652
580.5876 402.5325
580.5641 399.1161
580.5325 396.3623
580.6644 394.0236
580.8577 391.9774
581.5993 390.5047
582.8994 389.2166
584.2178 387.8851
585.1641 386.2054
585.749 384.03
585.7057 381.4281
584.9802 378.9551
583.9446 376.9248
583.1543 375.5394
582.3997 374.3654
581.4105 373.0589
579.9141 371.4365
577.7722 369.394
575.2061 367.1286
572.6523 365.008
569.986 363.0928
567.7891 361.6505
565.8965 360.5278
564.6094 359.5765
563.7282 358.6818
563.0456 357.9193
562.3975 357.3267
561.9307 356.875
561.7077 356.4789
561.9544 356.2212
562.4479 356.2028
563.1917 356.3838
564.2207 356.7026
565.0254 356.9771
566.2259 357.5008
567.3633 358.2407
568.4329 359.1341
569.8044 360.1755
571.3655 361.2881
572.9756 362.5231
574.4489 363.8997
575.7191 365.3338
576.7386 366.8547
577.722 368.8568
578.2897 370.3716
578.6387 371.7295
578.764 373.0288
578.7448 374.1696
578.6419 375.2764
578.5124 376.3856
578.3786 377.3403
578.2722 378.2979
578.1276 379.1216
577.8434 379.9431
577.3187 380.7788
576.6553 381.8062
576.0811 382.8218
575.6992 383.7406
575.3089 384.8164
574.9141 385.8628
574.428 386.9482
573.8679 388.1126
573.3187 389.2549
572.8154 390.3242
572.2136 391.2912
571.4681 392.1798
570.5771 392.9552
569.5254 393.7702
568.6504 394.3639
567.7578 394.9604
566.8024 395.5452
565.7692 396.1819
564.8519 396.8436
563.9847 397.5568
563.0039 398.3223
561.928 398.9896
560.7302 399.5316
559.5635 399.9827
558.5251 400.3765
557.6927 400.7834
557.111 401.168
556.6133 401.5223
556.0296 401.8062
555.511 402.0172
555.0107 402.1069
554.4743 402.1722
553.9245 402.243
553.4274 402.424
553.0095 402.6668
552.5098 403.1567
552.197 403.4505
551.79 403.7178
551.3623 403.9551
550.9577 404.1979
550.4847 404.537
550.0859 404.869
549.6104 405.2983
549.139 405.7554
548.5989 406.2264
548.0524 406.7129
547.4984 407.1572
546.9961 407.5046
546.4437 407.7817
545.9216 408.0213
545.4196 408.2326
545.069 408.5379
544.9105 408.854
544.9053 409.1606
544.986 409.4554
545.0986 409.7485
545.1813 410.0208
545.3284 410.3211
545.5918 410.73
545.9609 411.1786
546.2702 411.5262
546.6878 412.0047
547.0554 412.5059
547.3604 413.0684
547.6188 413.6271
547.9138 414.1789
548.2224 414.7863
548.5186 415.4035
548.7448 415.8516
549.0003 416.186
549.2897 416.3214
549.5895 416.2935
549.8268 416.1671
550.0117 416.077
550.1491 416.0841
550.2751 416.2271
550.3704 416.3656
550.3542 416.5107
550.2679 416.6677
550.1712 416.8683
550.0635 417.0887
549.9909 417.377
549.8806 417.6931
549.7422 418.0631
549.5905 418.391
549.4082 418.6628
549.2263 418.8473
549.0049 418.9359
548.7591 419.0205
548.5853 419.1348
548.3164 419.3416
548.096 419.6295
547.8281 419.9818
547.5202 420.422
547.1777 420.8099
546.8643 421.1019
546.529 421.2656
546.2399 421.4481
546.1028 421.6709
546.1315 421.9357
546.1953 422.1149
546.181 422.3073
546.1204 422.4992
546.0436 422.6289
546.0176 422.666
545.9944 422.6951
545.886 422.798
560.5645 459.2
560.5755 459.2017
560.5671 459.199
560.5625 459.1974
560.5726 459.1995
560.5609 459.1999
560.5602 459.2046
560.5684 459.2109
560.5944 459.207
560.5892 459.2114
560.583 459.2155
560.5762 459.2174
560.5586 459.2215
560.5283 459.2262
560.5452 459.221
560.5677 459.2104
560.5791 459.1961
560.5977 459.1958
560.5853 459.1888
560.5632 459.1844
560.5651 459.1864
560.5732 459.1922
560.5687 459.1891
560.5732 459.1859
560.554 459.1943
560.5325 459.1898
560.5303 459.1797
560.527 459.1742
560.4948 459.1782
560.4951 459.1724
560.4932 459.1738
560.472 459.1738
560.4473 459.1812
560.4557 459.1786
560.4661 459.1833
560.47 459.183
560.4362 459.1911
560.4011 459.2005
560.3987 459.2061
560.387 459.2065
560.3571 459.1942
560.3568 459.1903
560.3362 459.1952
560.321 459.1898
560.3401 459.201
560.3288 459.1961
560.3174 459.1857
560.4929 459.2303
560.8102 459.3021
560.7888 459.2627
560.7344 459.2278
560.8991 459.2764
561.1878 459.293
561.7546 459.2718
562.7903 459.2672
563.9339 459.1989
564.8916 458.8892
565.0003 458.6359
564.4763 458.443
563.9099 458.3657
564.0739 458.2489
564.1052 458.258
564.1804 458.3288
564.2422 458.3691
564.3164 458.3677
564.1387 458.3527
563.864 458.4002
563.4814 458.4911
562.8851 458.5824
562.1335 458.7092
561.4268 458.8278
560.9456 458.8356
560.5195 458.7521
560.4407 458.6252
560.4443 458.6455
560.1846 458.6917
560.1797 458.5933
560.1595 458.4547
560.1556 458.3703
560.377 458.2322
561.0462 457.9289
562.0371 457.6406
563.1689 457.3864
564.4066 457.1927
565.6582 456.999
566.625 456.7715
567.3766 456.5034
567.8926 456.1594
568.238 455.7852
568.7285 455.4333
569.4229 455.1447
570.4854 454.8857
572.0335 454.6035
573.82 454.2296
575.6452 453.7965
577.7761 453.2638
580.2601 452.7069
583.0537 452.2331
586.1165 451.8089
588.6511 451.4671
590.6042 451.0965
592.2139 450.5483
593.4534 449.9828
594.5576 449.4795
595.64 449.0532
596.6748 448.7028
597.3701 448.4194
597.5403 448.2492
597.5231 448.1167
597.6091 447.8528
597.846 447.4069
597.9795 446.8456
597.8132 446.195
597.4756 445.54
597.1572 444.7357
596.9971 443.8529
596.6751 442.882
596.0488 442.0713
595.2067 441.2497
594.3607 440.2378
593.6686 438.9281
593.0303 437.1472
592.3864 435.2352
591.4876 433.2811
590.6478 431.4121
589.8181 429.2181
588.9564 427.0832
587.7903 424.8159
586.3571 422.5555
584.8724 420.5856
583.8796 419.2775
582.9007 417.6364
582.238 415.8711
581.4557 413.9251
580.569 411.9419
579.9564 410.2769
579.572 408.693
579.636 407.0132
580.1855 404.8652
580.5876 402.5325
580.5641 399.1161
580.5325 396.3623
580.6644 394.0236
580.8577 391.9774
581.5993 390.5047
582.8994 389.2166
584.2178 387.8851
585.1641 386.2054
585.749 384.03
585.7057 381.4281
584.9802 378.9551
583.9446 376.9248
583.1543 375.5394
582.3997 374.3654
581.4105 373.0589
579.9141 371.4365
577.7722 369.394
575.2061 367.1286
572.6523 365.008
569.986 363.0928
567.7891 361.6505
565.8965 360.5278
564.6094 359.5765
563.7282 358.6818
563.0456 357.9193
562.3975 357.3267
561.9307 356.875
561.7077 356.4789
561.9544 356.2212
562.4479 356.2028
563.1917 356.3838
564.2207 356.7026
565.0254 356.9771
566.2259 357.5008
567.3633 358.2407
568.4329 359.1341
569.8044 360.1755
571.3655 361.2881
572.9756 362.5231
574.4489 363.8997
575.7191 365.3338
576.7386 366.8547
577.722 368.8568
578.2897 370.3716
578.6387 371.7295
578.764 373.0288
578.7448 374.1696
578.6419 375.2764
578.5124 376.3856
578.3786 377.3403
578.2722 378.2979
578.1276 379.1216
577.8434 379.9431
577.3187 380.7788
576.6553 381.8062
576.0811 382.8218
575.6992 383.7406
575.3089 384.8164
574.9141 385.8628
574.428 386.9482
573.8679 388.1126
573.3187 389.2549
572.8154 390.3242
572.2136 391.2912
571.4681 392.1798
570.5771 392.9552
569.5254 393.7702
568.6504 394.3639
567.7578 394.9604
566.8024 395.5452
565.7692 396.1819
564.8519 396.8436
563.9847 397.5568
563.0039 398.3223
561.928 398.9896
560.7302 399.5316
559.5635 399.9827
558.5251 400.3765
557.6927 400.7834
557.111 401.168
556.6133 401.5223
556.0296 401.8062
555.511 402.0172
555.0107 402.1069
554.4743 402.1722
553.9245 402.243
553.4274 402.424
553.0095 402.6668
552.5098 403.1567
552.197 403.4505
551.79 403.7178
551.3623 403.9551
550.9577 404.1979
550.4847 404.537
550.0859 404.869
549.6104 405.2983
549.139 405.7554
548.5989 406.2264
548.0524 406.7129
547.4984 407.1572
546.9961 407.5046
546.4437 407.7817
545.9216 408.0213
545.4196 408.2326
545.069 408.5379
544.9105 408.854
544.9053 409.1606
544.986 409.4554
545.0986 409.7485
545.1813 410.0208
545.3284 410.3211
545.5918 410.73
545.9609 411.1786
546.2702 411.5262
546.6878 412.0047
547.0554 412.5059
547.3604 413.0684
547.6188 413.6271
547.9138 414.1789
548.2224 414.7863
548.5186 415.4035
548.7448 415.8516
549.0003 416.186
549.2897 416.3214
549.5895 416.2935
549.8268 416.1671
550.0117 416.077
550.1491 416.0841
550.2751 416.2271
550.3704 416.3656
550.3542 416.5107
550.2679 416.6677
550.1712 416.8683
550.0635 417.0887
549.9909 417.377
549.8806 417.6931
549.7422 418.0631
549.5905 418.391
549.4082 418.6628
549.2263 418.8473
549.0049 418.9359
548.7591 419.0205
548.5853 419.1348
548.3164 419.3416
548.096 419.6295
547.8281 419.9818
547.5202 420.422
547.1777 420.8099
546.8643 421.1019
546.529 421.2656
546.2399 421.4481
546.1028 421.6709
546.1315 421.9357
546.1953 422.1149
546.181 422.3073
546.1204 422.4992
546.0436 422.6289
546.0176 422.666
545.9944 422.6951
545.886 422.798
545.779 423.0373
545.7552 423.3401
545.8613 423.5991
545.9446 423.7695
545.8812 423.8656
545.7126 423.9098
545.5286 423.9009
545.3724 423.8976
545.1966 423.9789
544.9968 424.1846
544.8216 424.4777
544.6755 424.7759
544.5664 425.0095
544.4069 425.1748
544.1813 425.2896
543.873 425.4074
543.5931 425.5449
543.3806 425.7378
543.1566 425.9237
542.8958 426.0763
542.5905 426.2144
542.3047 426.423
542.0739 426.6506
541.8457 426.9097
541.6247 427.1772
541.4111 427.4269
541.2474 427.5864
541.0462 427.6185
540.7907 427.508
540.5332 427.2988
540.2829 427.0298
540.072 426.7612
539.9212 426.4476
539.7054 426.1891
539.4141 426.0011
538.9841 425.9005
538.5544 425.8419
538.1175 425.8021
537.7943 425.8206
537.6162 425.8452
537.3532 425.8669
537.1543 425.8849
536.9658 425.9499
536.7331 426.1081
536.5231 426.3284
536.4388 426.5451
536.3903 426.7355
536.2722 426.8675
536.1224 426.9764
536.0378 427.0633
536.0879 427.127
536.1266 427.2031
536.1025 427.2485
536.0023 427.2259
535.875 427.1025
535.6719 426.923
535.4798 426.8047
535.2728 426.752
535.027 426.77
534.864 426.8519
534.679 426.9984
534.429 427.1276
534.1296 427.2318
533.8301 427.3289
533.5319 427.4258
533.2448 427.3958
533.1188 427.4955
533.0703 427.6099
533.0635 427.6934
533.0671 427.6919
533.1081 427.632
533.195 427.5557
533.2106 427.5222
533.1985 427.597
533.1868 427.7533
533.1475 427.9173
533.0589 428.0798
532.9063 428.2506
532.6819 428.3656
532.4724 428.423
532.3428 428.4442
532.2341 428.4997
532.0729 428.6423
531.888 428.8257
531.791 429.0135
531.7562 429.1795
531.6709 429.3016
531.5605 429.3914
531.5049 429.4369
531.5039 429.4556
531.6123 429.4606
531.751 429.4771
531.915 429.4644
532.0547 429.4041
532.2477 429.3037
532.415 429.2191
532.5703 429.1849
532.7015 429.1982
532.8821 429.2214
533.0612 429.2026
533.1865 429.1313
533.2874 428.963
533.3815 428.6867
533.2832 428.3177
533.0391 427.9315
532.9196 427.8465
532.6924 427.757
532.4671 427.6668
532.2031 427.5076
531.9141 427.3252
531.6797 427.1253
531.5003 426.9881
531.2884 426.9782
531.1218 427.0799
531.0739 427.2554
531.0443 427.4577
531.0654 427.5125
531.1481 427.4907
531.2116 427.4045
531.2253 427.3661
531.1647 427.5628
531.0345 427.6864
530.78 427.8724
530.3932 427.9973
529.9189 428.0013
529.5286 427.9219
529.1657 427.7139
528.79 427.4982
528.4323 427.3055
528.0989 427.1816
527.7637 427.0866
527.2959 426.9802
526.9216 426.9006
526.4922 426.8654
526.03 426.8371
525.6497 426.8661
525.4108 427.0169
525.14 427.2788
524.9365 427.5578
524.7253 427.8428
524.4446 428.1763
524.1204 428.522
523.9056 428.8474
523.8513 429.0999
523.7975 429.3125
523.7451 429.5527
523.7468 429.9225
523.7321 430.4041
523.6868 430.9785
523.0095 432.328
522.2585 433.0433
521.6055 433.4596
521.0039 433.6916
520.1634 433.8761
519.2578 433.9562
518.3552 433.9844
517.3753 434.0106
516.3379 434.0431
515.1484 434.0757
513.9046 434.0667
512.6204 434.012
511.6328 433.9652
510.7539 433.9199
509.8053 433.8257
508.832 433.5928
507.8496 433.1994
506.8955 432.7249
506.002 432.2391
505.2835 431.7646
504.7376 431.3164
504.3262 430.9964
503.9701 430.9312
503.6751 431.0415
503.5443 431.1493
503.4785 431.1667
503.2669 431.1475
502.942 431.1694
502.6673 431.2932
502.543 431.4432
502.4167 431.5746
502.2217 431.6794
501.9476 431.6693
501.6592 431.4967
501.4102 431.1848
501.2122 430.8169
500.9717 430.5441
500.7305 430.3914
500.5664 430.3622
500.459 430.3841
500.2627 430.3244
499.9713 430.1942
499.7467 430.0916
499.6322 430.0223
499.652 430.0052
499.8678 430.0841
500.1641 430.2186
500.5137 430.3766
500.9004 430.5026
501.3477 430.5576
501.7907 430.5555
502.1579 430.5874
502.4593 430.7585
502.8184 431.207
503.0547 431.591
503.1777 431.848
503.0563 432.042
502.7494 432.1732
502.3343 432.2336
501.8314 432.3174
501.2799 432.5205
500.7077 432.8125
500.1019 433.0832
499.3975 433.2142
498.5889 433.133
497.6019 432.8391
496.5319 432.4121
495.5085 432.0433
494.5677 431.7664
493.7686 431.5986
492.9879 431.4485
492.2354 431.2368
491.4049 430.933
490.6152 430.6169
489.8831 430.2471
489.2972 429.8459
488.7083 429.5085
488.1488 429.298
487.7939 429.1305
487.4124 428.9463
486.929 428.734
486.3428 428.4979
485.68 428.1831
484.9362 427.7637
484.3509 427.3862
483.8809 427.1201
483.2363 426.8174
482.7122 426.5506
482.3086 426.2119
481.9349 425.7508
481.4756 425.133
481.0098 424.5216
480.599 423.8445
480.2243 423.2096
479.9655 422.675
479.71 422.1444
479.3822 421.7025
478.9264 421.2532
478.3958 420.7194
477.8412 420.1209
477.3965 419.4455
477.0156 418.7405
476.7126 418.147
476.4359 417.6908
476.2275 417.2825
476.0635 416.9005
475.8662 416.5817
475.5619 416.3346
475.2298 416.1245
474.9489 416.02
474.7953 416.0122
473.8701 416.1048
473.599 416.0348
473.3193 415.9017
473.0195 415.7961
472.7783 415.7728
472.5498 415.8621
472.3988 415.9764
472.2829 416.0811
472.1165 416.1424
471.9307 416.1611
471.7428 416.1401
471.5726 416.2228
471.4902 416.4295
471.3961 417.0607
471.2083 417.5143
470.9303 417.535
470.8174 417.8131
470.8255 418.1167
470.8825 418.5041
471.0072 418.8615
471.0042 419.2124
470.942 419.4774
470.9567 419.672
471.1078 419.808
471.3105 419.9899
471.5195 420.2298
471.7246 420.4868
471.9307 420.7248
472.0531 420.9165
472.0254 421.0602
471.9251 421.1893
471.8564 421.2829
471.9049 421.3346
471.959 421.3488
471.9613 421.4014
471.8285 421.507
471.6673 421.6875
471.4596 421.8949
471.2233 422.1351
470.9264 422.3419
545.779 423.0373
545.7552 423.3401
545.8613 423.5991
545.9446 423.7695
545.8812 423.8656
545.7126 423.9098
545.5286 423.9009
545.3724 423.8976
545.1966 423.9789
544.9968 424.1846
544.8216 424.4777
544.6755 424.7759
544.5664 425.0095
544.4069 425.1748
544.1813 425.2896
543.873 425.4074
543.5931 425.5449
543.3806 425.7378
543.1566 425.9237
542.8958 426.0763
542.5905 426.2144
542.3047 426.423
542.0739 426.6506
541.8457 426.9097
541.6247 427.1772
541.4111 427.4269
541.2474 427.5864
541.0462 427.6185
540.7907 427.508
540.5332 427.2988
540.2829 427.0298
540.072 426.7612
539.9212 426.4476
539.7054 426.1891
539.4141 426.0011
538.9841 425.9005
538.5544 425.8419
538.1175 425.8021
537.7943 425.8206
537.6162 425.8452
537.3532 425.8669
537.1543 425.8849
536.9658 425.9499
536.7331 426.1081
536.5231 426.3284
536.4388 426.5451
536.3903 426.7355
536.2722 426.8675
536.1224 426.9764
536.0378 427.0633
536.0879 427.127
536.1266 427.2031
536.1025 427.2485
536.0023 427.2259
535.875 427.1025
535.6719 426.923
535.4798 426.8047
535.2728 426.752
535.027 426.77
534.864 426.8519
534.679 426.9984
534.429 427.1276
534.1296 427.2318
533.8301 427.3289
533.5319 427.4258
533.2448 427.3958
533.1188 427.4955
533.0703 427.6099
533.0635 427.6934
533.0671 427.6919
533.1081 427.632
533.195 427.5557
533.2106 427.5222
533.1985 427.597
533.1868 427.7533
533.1475 427.9173
533.0589 428.0798
532.9063 428.2506
532.6819 428.3656
532.4724 428.423
532.3428 428.4442
532.2341 428.4997
532.0729 428.6423
531.888 428.8257
531.791 429.0135
531.7562 429.1795
531.6709 429.3016
531.5605 429.3914
531.5049 429.4369
531.5039 429.4556
531.6123 429.4606
531.751 429.4771
531.915 429.4644
532.0547 429.4041
532.2477 429.3037
532.415 429.2191
532.5703 429.1849
532.7015 429.1982
532.8821 429.2214
533.0612 429.2026
533.1865 429.1313
533.2874 428.963
533.3815 428.6867
533.2832 428.3177
533.0391 427.9315
532.9196 427.8465
532.6924 427.757
532.4671 427.6668
532.2031 427.5076
531.9141 427.3252
531.6797 427.1253
531.5003 426.9881
531.2884 426.9782
531.1218 427.0799
531.0739 427.2554
531.0443 427.4577
531.0654 427.5125
531.1481 427.4907
531.2116 427.4045
531.2253 427.3661
531.1647 427.5628
531.0345 427.6864
530.78 427.8724
530.3932 427.9973
529.9189 428.0013
529.5286 427.9219
529.1657 427.7139
528.79 427.4982
528.4323 427.3055
528.0989 427.1816
527.7637 427.0866
527.2959 426.9802
526.9216 426.9006
526.4922 426.8654
526.03 426.8371
525.6497 426.8661
525.4108 427.0169
525.14 427.2788
524.9365 427.5578
524.7253 427.8428
524.4446 428.1763
524.1204 428.522
523.9056 428.8474
523.8513 429.0999
523.7975 429.3125
523.7451 429.5527
523.7468 429.9225
523.7321 430.4041
523.6868 430.9785
523.0095 432.328
522.2585 433.0433
521.6055 433.4596
521.0039 433.6916
520.1634 433.8761
519.2578 433.9562
518.3552 433.9844
517.3753 434.0106
516.3379 434.0431
515.1484 434.0757
513.9046 434.0667
512.6204 434.012
511.6328 433.9652
510.7539 433.9199
509.8053 433.8257
508.832 433.5928
507.8496 433.1994
506.8955 432.7249
506.002 432.2391
505.2835 431.7646
504.7376 431.3164
504.3262 430.9964
503.9701 430.9312
503.6751 431.0415
503.5443 431.1493
503.4785 431.1667
503.2669 431.1475
502.942 431.1694
502.6673 431.2932
502.543 431.4432
502.4167 431.5746
502.2217 431.6794
501.9476 431.6693
501.6592 431.4967
501.4102 431.1848
501.2122 430.8169
500.9717 430.5441
500.7305 430.3914
500.5664 430.3622
500.459 430.3841
500.2627 430.3244
499.9713 430.1942
499.7467 430.0916
499.6322 430.0223
499.652 430.0052
499.8678 430.0841
500.1641 430.2186
500.5137 430.3766
500.9004 430.5026
501.3477 430.5576
501.7907 430.5555
502.1579 430.5874
502.4593 430.7585
502.8184 431.207
503.0547 431.591
503.1777 431.848
503.0563 432.042
502.7494 432.1732
502.3343 432.2336
501.8314 432.3174
501.2799 432.5205
500.7077 432.8125
500.1019 433.0832
499.3975 433.2142
498.5889 433.133
497.6019 432.8391
496.5319 432.4121
495.5085 432.0433
494.5677 431.7664
493.7686 431.5986
492.9879 431.4485
492.2354 431.2368
491.4049 430.933
490.6152 430.6169
489.8831 430.2471
489.2972 429.8459
488.7083 429.5085
488.1488 429.298
487.7939 429.1305
487.4124 428.9463
486.929 428.734
486.3428 428.4979
485.68 428.1831
484.9362 427.7637
484.3509 427.3862
483.8809 427.1201
483.2363 426.8174
482.7122 426.5506
482.3086 426.2119
481.9349 425.7508
481.4756 425.133
481.0098 424.5216
480.599 423.8445
480.2243 423.2096
479.9655 422.675
479.71 422.1444
479.3822 421.7025
478.9264 421.2532
478.3958 420.7194
477.8412 420.1209
477.3965 419.4455
477.0156 418.7405
476.7126 418.147
476.4359 417.6908
476.2275 417.2825
476.0635 416.9005
475.8662 416.5817
475.5619 416.3346
475.2298 416.1245
474.9489 416.02
474.7953 416.0122
473.8701 416.1048
473.599 416.0348
473.3193 415.9017
473.0195 415.7961
472.7783 415.7728
472.5498 415.8621
472.3988 415.9764
472.2829 416.0811
472.1165 416.1424
471.9307 416.1611
471.7428 416.1401
471.5726 416.2228
471.4902 416.4295
471.3961 417.0607
471.2083 417.5143
470.9303 417.535
470.8174 417.8131
470.8255 418.1167
470.8825 418.5041
471.0072 418.8615
471.0042 419.2124
470.942 419.4774
470.9567 419.672
471.1078 419.808
471.3105 419.9899
471.5195 420.2298
471.7246 420.4868
471.9307 420.7248
472.0531 420.9165
472.0254 421.0602
471.9251 421.1893
471.8564 421.2829
471.9049 421.3346
471.959 421.3488
471.9613 421.4014
471.8285 421.507
471.6673 421.6875
471.4596 421.8949
471.2233 422.1351
470.9264 422.3419
470.5817 422.5267
470.3031 422.646
470.0983 422.6509
469.9561 422.5236
469.8737 422.3167
469.8359 422.0918
469.8131 421.888
469.8336 421.8044
469.8561 421.8228
469.9072 421.8511
469.8965 421.8167
469.9102 421.7435
469.8871 421.5908
469.8405 421.4434
469.8271 421.2868
469.8652 421.1712
469.8874 421.091
469.9261 421.0371
469.9268 420.9344
469.8229 420.7946
469.5755 420.6455
469.224 420.6235
468.9801 420.7372
468.8789 420.8247
468.7865 420.8963
468.6553 420.9517
468.4879 420.8976
468.3809 420.7604
468.4056 420.5563
468.4437 420.3981
468.5049 420.382
468.6641 420.5091
468.8887 420.6667
469.1559 420.8312
469.3392 420.8306
469.4232 420.6974
469.5114 420.4222
469.6761 420.1167
469.943 419.8537
470.2455 419.7759
470.526 419.8219
470.7865 419.9328
470.9381 419.9974
470.8971 420.0073
470.8219 419.972
470.7025 419.9005
470.6712 419.8866
470.7858 419.9189
470.8955 419.9155
470.9525 419.8773
470.9889 419.708
470.9557 419.4129
470.942 419.0511
470.9701 418.6429
471.0778 418.3184
471.2692 418.2142
471.4915 418.2603
471.7272 418.4447
471.8802 418.6457
471.8835 418.822
471.7998 418.923
471.7806 418.8654
471.7842 418.6357
471.8773 418.4399
472.0661 418.3752
472.2513 418.3569
472.3831 418.2985
472.3906 418.1761
472.1699 418.057
471.8366 417.9777
471.5788 417.8748
471.486 417.8563
471.4541 417.9766
471.43 418.1997
471.4209 418.3936
471.4043 418.4982
471.3271 418.4456
471.2028 418.3203
471.0801 418.1408
470.9215 418
470.8724 418.0029
470.9352 418.1312
471.0042 418.3195
471.026 418.5013
470.9362 418.6413
470.8424 418.708
470.7715 418.71
470.7051 418.7354
470.7331 418.8253
470.7233 418.9702
470.7012 419.1203
470.6504 419.2026
470.5231 419.1935
470.3519 419.0342
470.2819 418.8284
470.3242 418.6139
470.3724 418.473
470.4395 418.4303
470.46 418.4787
470.3942 418.6084
470.3685 418.7686
470.4092 418.8766
470.5094 418.9035
470.6283 418.9124
470.8359 418.9534
471.0547 419.1322
471.2715 419.4813
471.487 419.9401
471.6445 420.3716
471.6244 420.7378
471.4577 421.0096
471.3053 421.189
471.3184 421.2516
471.3857 421.2704
471.5251 421.3771
471.6247 421.5106
471.6123 421.6309
471.4863 421.6564
471.1807 421.6003
470.7725 421.5423
470.3297 421.5275
470.0661 421.5469
469.8815 421.6416
469.6374 421.8514
469.3509 422.0746
469.0697 422.2018
468.7545 422.1873
468.4277 422.091
468.0319 421.9629
467.5746 421.8312
467.1842 421.7699
466.8714 421.7734
466.4994 421.7277
466.0677 421.5542
465.6999 421.2987
465.3675 421.0453
465.0804 420.7894
464.9245 420.5633
464.8486 420.4297
464.7601 420.4028
464.639 420.4351
464.5479 420.4967
464.4443 420.5423
464.3424 420.4595
464.2624 420.2065
464.1895 419.8747
464.0436 419.5166
463.8535 419.2599
463.6081 419.0501
463.2962 418.9238
462.89 418.8892
462.3841 418.8519
461.8151 418.7296
461.1761 418.4321
460.6549 418.0345
460.3024 417.6209
460.0889 417.1463
459.9131 416.667
459.7985 416.2336
459.6393 415.8327
459.3903 415.5229
459.1615 415.2572
458.9499 415.0648
458.766 414.9758
458.6823 414.9634
458.667 414.9585
458.654 414.9313
458.5716 414.8336
458.4541 414.7157
458.3604 414.5633
458.2721 414.3797
458.1849 414.2214
458.1862 414.1325
458.1501 414.1472
458.1426 414.2588
458.196 414.3003
458.2425 414.2681
458.2946 414.1564
458.3092 413.9547
458.2943 413.7396
458.401 413.6486
458.6859 413.6629
458.943 413.7106
459.1576 413.7282
459.2969 413.7225
459.3356 413.7025
459.4242 413.6825
459.6165 413.7386
459.9831 413.9019
460.3835 414.1038
460.7464 414.2902
461.1029 414.4868
461.5045 414.623
461.8838 414.6507
462.2337 414.5677
462.6195 414.4494
463.0602 414.4167
463.5963 414.5192
464.21 414.7021
465.3415 415.0472
465.7285 415.1418
466.1325 415.1548
466.6107 415.105
467.1244 415.0874
467.6881 415.1914
468.1465 415.2944
468.5902 415.3486
468.9496 415.3439
469.1989 415.2775
469.374 415.1346
469.4798 414.9503
469.7057 414.8452
470.071 414.8452
470.4088 414.9095
470.7002 414.9395
470.8763 414.8709
470.8669 414.752
470.8258 414.5848
470.8916 414.466
471.0264 414.5192
471.1699 414.7676
471.3802 415.0703
471.5498 415.3086
471.5417 415.4297
471.3512 415.4575
471.1205 415.3952
471.0394 415.2856
471.1039 415.1761
471.2516 415.0841
471.4046 415.0169
471.4847 414.9209
471.4736 414.7969
471.4437 414.6593
471.4141 414.5488
471.3841 414.4987
471.404 414.5485
471.5153 414.6851
471.6657 414.8568
471.6881 414.9274
471.667 414.9106
471.585 414.8634
471.5446 414.8125
471.5762 414.8156
471.7129 414.8862
471.8122 415.0609
471.9023 415.2591
472.0091 415.5078
472.0951 415.7288
472.1113 415.9004
472.097 416.0345
472.099 416.1111
472.1582 416.2231
472.306 416.3317
472.4369 416.4005
472.4867 416.4121
472.4955 416.3695
472.4727 416.2544
472.4049 416.0913
472.3324 415.9131
472.2428 415.7961
472.1664 415.8066
472.0472 415.894
471.9164 416.0283
471.7562 416.2513
471.584 416.4652
471.3997 416.6139
471.221 416.7287
471.0889 416.8714
470.9977 416.9557
470.8613 416.9888
470.7181 416.9591
470.5267 416.8771
470.3496 416.7378
470.2572 416.5573
470.1722 416.4098
470.168 416.3208
470.1631 416.203
470.1224 416.0811
470.055 415.9722
469.9648 415.8861
469.8691 415.8552
469.8542 415.88
469.8691 415.9696
469.8848 416.1224
469.8848 416.265
469.833 416.4203
469.7389 416.5438
469.666 416.5799
469.5924 416.4982
469.5361 416.2863
469.4567 416.013
469.373 415.8447
469.3317 415.8841
469.3656 415.9935
469.36 416.1232
469.3018 416.2699
469.1263 416.4302
468.9928 416.5765
468.9398 416.6795
468.9167 416.6919
470.5817 422.5267
470.3031 422.646
470.0983 422.6509
469.9561 422.5236
469.8737 422.3167
469.8359 422.0918
469.8131 421.888
469.8336 421.8044
469.8561 421.8228
469.9072 421.8511
469.8965 421.8167
469.9102 421.7435
469.8871 421.5908
469.8405 421.4434
469.8271 421.2868
469.8652 421.1712
469.8874 421.091
469.9261 421.0371
469.9268 420.9344
469.8229 420.7946
469.5755 420.6455
469.224 420.6235
468.9801 420.7372
468.8789 420.8247
468.7865 420.8963
468.6553 420.9517
468.4879 420.8976
468.3809 420.7604
468.4056 420.5563
468.4437 420.3981
468.5049 420.382
468.6641 420.5091
468.8887 420.6667
469.1559 420.8312
469.3392 420.8306
469.4232 420.6974
469.5114 420.4222
469.6761 420.1167
469.943 419.8537
470.2455 419.7759
470.526 419.8219
470.7865 419.9328
470.9381 419.9974
470.8971 420.0073
470.8219 419.972
470.7025 419.9005
470.6712 419.8866
470.7858 419.9189
470.8955 419.9155
470.9525 419.8773
470.9889 419.708
470.9557 419.4129
470.942 419.0511
470.9701 418.6429
471.0778 418.3184
471.2692 418.2142
471.4915 418.2603
471.7272 418.4447
471.8802 418.6457
471.8835 418.822
471.7998 418.923
471.7806 418.8654
471.7842 418.6357
471.8773 418.4399
472.0661 418.3752
472.2513 418.3569
472.3831 418.2985
472.3906 418.1761
472.1699 418.057
471.8366 417.9777
471.5788 417.8748
471.486 417.8563
471.4541 417.9766
471.43 418.1997
471.4209 418.3936
471.4043 418.4982
471.3271 418.4456
471.2028 418.3203
471.0801 418.1408
470.9215 418
470.8724 418.0029
470.9352 418.1312
471.0042 418.3195
471.026 418.5013
470.9362 418.6413
470.8424 418.708
470.7715 418.71
470.7051 418.7354
470.7331 418.8253
470.7233 418.9702
470.7012 419.1203
470.6504 419.2026
470.5231 419.1935
470.3519 419.0342
470.2819 418.8284
470.3242 418.6139
470.3724 418.473
470.4395 418.4303
470.46 418.4787
470.3942 418.6084
470.3685 418.7686
470.4092 418.8766
470.5094 418.9035
470.6283 418.9124
470.8359 418.9534
471.0547 419.1322
471.2715 419.4813
471.487 419.9401
471.6445 420.3716
471.6244 420.7378
471.4577 421.0096
471.3053 421.189
471.3184 421.2516
471.3857 421.2704
471.5251 421.3771
471.6247 421.5106
471.6123 421.6309
471.4863 421.6564
471.1807 421.6003
470.7725 421.5423
470.3297 421.5275
470.0661 421.5469
469.8815 421.6416
469.6374 421.8514
469.3509 422.0746
469.0697 422.2018
468.7545 422.1873
468.4277 422.091
468.0319 421.9629
467.5746 421.8312
467.1842 421.7699
466.8714 421.7734
466.4994 421.7277
466.0677 421.5542
465.6999 421.2987
465.3675 421.0453
465.0804 420.7894
464.9245 420.5633
464.8486 420.4297
464.7601 420.4028
464.639 420.4351
464.5479 420.4967
464.4443 420.5423
464.3424 420.4595
464.2624 420.2065
464.1895 419.8747
464.0436 419.5166
463.8535 419.2599
463.6081 419.0501
463.2962 418.9238
462.89 418.8892
462.3841 418.8519
461.8151 418.7296
461.1761 418.4321
460.6549 418.0345
460.3024 417.6209
460.0889 417.1463
459.9131 416.667
459.7985 416.2336
459.6393 415.8327
459.3903 415.5229
459.1615 415.2572
458.9499 415.0648
458.766 414.9758
458.6823 414.9634
458.667 414.9585
458.654 414.9313
458.5716 414.8336
458.4541 414.7157
458.3604 414.5633
458.2721 414.3797
458.1849 414.2214
458.1862 414.1325
458.1501 414.1472
458.1426 414.2588
458.196 414.3003
458.2425 414.2681
458.2946 414.1564
458.3092 413.9547
458.2943 413.7396
458.401 413.6486
458.6859 413.6629
458.943 413.7106
459.1576 413.7282
459.2969 413.7225
459.3356 413.7025
459.4242 413.6825
459.6165 413.7386
459.9831 413.9019
460.3835 414.1038
460.7464 414.2902
461.1029 414.4868
461.5045 414.623
461.8838 414.6507
462.2337 414.5677
462.6195 414.4494
463.0602 414.4167
463.5963 414.5192
464.21 414.7021
465.3415 415.0472
465.7285 415.1418
466.1325 415.1548
466.6107 415.105
467.1244 415.0874
467.6881 415.1914
468.1465 415.2944
468.5902 415.3486
468.9496 415.3439
469.1989 415.2775
469.374 415.1346
469.4798 414.9503
469.7057 414.8452
470.071 414.8452
470.4088 414.9095
470.7002 414.9395
470.8763 414.8709
470.8669 414.752
470.8258 414.5848
470.8916 414.466
471.0264 414.5192
471.1699 414.7676
471.3802 415.0703
471.5498 415.3086
471.5417 415.4297
471.3512 415.4575
471.1205 415.3952
471.0394 415.2856
471.1039 415.1761
471.2516 415.0841
471.4046 415.0169
471.4847 414.9209
471.4736 414.7969
471.4437 414.6593
471.4141 414.5488
471.3841 414.4987
471.404 414.5485
471.5153 414.6851
471.6657 414.8568
471.6881 414.9274
471.667 414.9106
471.585 414.8634
471.5446 414.8125
471.5762 414.8156
471.7129 414.8862
471.8122 415.0609
471.9023 415.2591
472.0091 415.5078
472.0951 415.7288
472.1113 415.9004
472.097 416.0345
472.099 416.1111
472.1582 416.2231
472.306 416.3317
472.4369 416.4005
472.4867 416.4121
472.4955 416.3695
472.4727 416.2544
472.4049 416.0913
472.3324 415.9131
472.2428 415.7961
472.1664 415.8066
472.0472 415.894
471.9164 416.0283
471.7562 416.2513
471.584 416.4652
471.3997 416.6139
471.221 416.7287
471.0889 416.8714
470.9977 416.9557
470.8613 416.9888
470.7181 416.9591
470.5267 416.8771
470.3496 416.7378
470.2572 416.5573
470.1722 416.4098
470.168 416.3208
470.1631 416.203
470.1224 416.0811
470.055 415.9722
469.9648 415.8861
469.8691 415.8552
469.8542 415.88
469.8691 415.9696
469.8848 416.1224
469.8848 416.265
469.833 416.4203
469.7389 416.5438
469.666 416.5799
469.5924 416.4982
469.5361 416.2863
469.4567 416.013
469.373 415.8447
469.3317 415.8841
469.3656 415.9935
469.36 416.1232
469.3018 416.2699
469.1263 416.4302
468.9928 416.5765
468.9398 416.6795
468.9167 416.6919
468.7764 416.7467
468.6133 416.9004
468.5169 417.0666
468.4749 417.1543
468.3838 417.1852
468.2054 417.2282
467.9456 417.285
467.7764 417.3154
467.7301 417.3304
467.6533 417.3996
467.5169 417.4294
467.3128 417.3693
467.0898 417.2261
466.8402 417.0539
466.5999 416.9017
466.4323 416.7793
466.332 416.6663
466.2855 416.6182
466.207 416.5962
466.0619 416.5675
465.875 416.4846
465.7705 416.3629
465.7129 416.2462
465.6644 416.1341
465.6989 416.0436
465.8376 416.035
465.9521 416.1022
466.0293 416.1577
466.1299 416.0969
466.2926 415.9531
466.4889 415.8438
466.7402 415.8418
467.0918 415.8987
467.4678 416.0384
467.8805 416.1979
468.1836 416.3444
468.3988 416.4023
468.5746 416.3512
468.7744 416.2544
468.9912 416.1177
469.193 416.0329
469.4245 416.0571
469.6794 416.1563
469.8971 416.2687
469.998 416.3169
470.0596 416.2944
469.9837 416.2283
469.8854 416.1284
469.8864 415.9948
470.0182 415.9489
470.1302 416.0576
470.2047 416.2562
470.2855 416.4261
470.2956 416.52
470.2393 416.5338
470.2249 416.4935
470.2363 416.3709
470.3428 416.2246
470.4512 416.0939
470.555 415.9456
470.6195 415.7512
470.6068 415.4264
470.5016 415.0124
470.3747 414.4761
470.306 413.8973
470.3379 413.442
470.4886 413.1489
470.7285 412.993
470.9437 412.8742
471.0677 412.7539
471.0338 412.6585
470.8795 412.5768
470.7448 412.4533
470.7441 412.3584
470.8336 412.304
470.8232 412.2358
470.8258 412.1121
470.7767 411.9564
470.6172 411.8188
470.4043 411.7739
470.2555 411.7855
470.0335 411.8389
469.7887 411.9818
469.5449 412.1735
469.2627 412.3105
468.8994 412.3239
468.4616 412.2388
468.0062 412.1313
467.5511 412.0257
467.1797 411.9377
466.8779 411.9121
466.6175 412.0343
466.3649 412.23
466.0892 412.4479
465.806 412.5918
465.6009 412.6857
465.4424 412.7287
465.2819 412.6976
465.222 412.6952
465.2171 412.8021
465.2298 412.9645
465.2285 413.0693
465.1621 413.1707
465.0153 413.1963
464.8424 413.1667
464.7783 413.1185
464.833 413.117
464.8981 413.2394
465.042 413.505
465.1742 413.847
465.2555 414.1652
465.2074 414.4595
465.1488 414.6152
465.1387 414.7327
465.3177 414.8815
465.6104 414.9572
465.9017 414.9621
466.1051 414.8867
466.2162 414.7627
466.333 414.5311
466.4759 414.2056
466.6305 413.8815
466.7874 413.6769
466.9775 413.5701
467.1924 413.5125
467.3656 413.4565
467.3903 413.3494
467.3034 413.1683
467.2679 412.9862
467.3366 412.9163
467.5797 412.9707
467.8568 413.0879
468.0697 413.2435
468.1237 413.3613
468.0495 413.3936
467.93 413.2856
467.8109 413.0744
467.6367 412.9199
467.5065 412.9536
467.4635 413.1252
467.4203 413.3081
467.2354 413.452
466.9111 413.4951
466.6006 413.4373
466.3314 413.2951
466.1234 413.2108
466.0661 413.2773
466.0573 413.4932
466.0599 413.749
466.0462 414.0322
465.9176 414.3008
465.6631 414.3936
465.3177 414.3574
465.0016 414.3089
464.859 414.3543
464.8539 414.4211
464.8896 414.48
464.817 414.5301
464.5492 414.5371
464.1833 414.5181
463.8372 414.4987
463.6061 414.5352
463.4434 414.6286
463.2988 414.748
463.1159 414.8896
462.8216 415.0334
462.5078 415.1522
462.2171 415.1882
461.9131 415.1599
461.6022 415.092
461.4476 414.9971
461.3828 414.9136
461.3747 414.9438
461.4697 415.0661
461.6048 415.2772
461.7168 415.5581
461.7816 415.8727
461.7972 416.2
461.792 416.4536
461.8112 416.6279
461.7598 416.7648
461.5352 416.8732
461.1719 416.874
460.6742 416.7296
460.0514 416.4958
459.4023 416.265
458.6628 415.9495
457.8128 415.639
456.9066 415.3475
455.7982 415.0278
454.5592 414.6569
453.1943 414.2842
451.7975 413.9613
450.3275 413.6743
448.9271 413.4377
447.3105 413.2455
445.8691 413.1048
444.446 413.0181
443.0518 412.9539
442.1019 412.9033
440.7262 412.7656
439.2819 412.6039
437.793 412.457
436.3392 412.3149
434.9713 412.1924
433.7467 412.0654
432.6357 411.994
431.415 411.9398
430.2467 411.9079
428.8714 411.7362
427.7207 411.4437
426.4284 411.1056
425.0944 410.8249
424.0062 410.6281
422.9821 410.4531
422.0338 410.2472
420.942 409.9839
419.8177 409.7495
418.7523 409.6289
417.9215 409.6201
417.4342 409.7222
417.1029 409.9738
416.7949 410.3957
416.4801 410.8628
416.2783 411.1819
416.1058 411.4354
415.9694 411.6092
415.7227 411.7754
415.2793 412.0095
414.723 412.277
414.0391 412.6624
413.1947 413.2785
412.2458 414.0122
411.2113 414.6013
410.0023 414.9907
408.807 415.1523
407.6169 415.2971
406.554 415.4756
405.7096 415.6756
405.0319 415.9294
404.388 416.3048
403.7591 416.707
403.2233 417.0739
402.7103 417.5636
402.3932 418.154
402.2155 418.8589
402.0951 419.6133
401.889 420.2813
401.5905 420.929
401.1276 421.5412
400.4411 421.9896
399.6579 422.2285
398.8291 422.2334
398.1208 422.0163
397.3636 421.7023
396.5778 421.4479
395.7852 421.2464
394.9427 421.0532
393.9789 420.8711
392.8929 420.791
391.9001 420.8293
391.2194 420.9486
390.9271 421.1025
390.8353 421.2949
390.8187 421.5132
390.8161 421.6414
390.9059 421.6455
391.0387 421.5495
391.2689 421.5081
391.5137 421.5509
391.7503 421.7021
391.971 421.9333
392.1615 422.2327
392.1374 422.4821
391.9066 422.5267
391.5765 422.3048
391.3421 421.9308
391.2389 421.5365
391.1794 421.1593
391.0833 420.7767
390.9567 420.5975
390.7848 420.5454
390.5482 420.4619
390.3119 420.2879
390.1725 420.1076
390.1335 420.0397
390.2621 420.124
390.4085 420.3576
390.5391 420.7896
390.5065 421.2645
390.359 421.5985
390.1719 421.6652
389.944 421.5098
389.7165 421.3047
389.6113 421.1888
389.6367 421.1396
389.5703 421.1492
389.349 421.2995
388.9701 421.5101
388.5179 421.6173
468.7764 416.7467
468.6133 416.9004
468.5169 417.0666
468.4749 417.1543
468.3838 417.1852
468.2054 417.2282
467.9456 417.285
467.7764 417.3154
467.7301 417.3304
467.6533 417.3996
467.5169 417.4294
467.3128 417.3693
467.0898 417.2261
466.8402 417.0539
466.5999 416.9017
466.4323 416.7793
466.332 416.6663
466.2855 416.6182
466.207 416.5962
466.0619 416.5675
465.875 416.4846
465.7705 416.3629
465.7129 416.2462
465.6644 416.1341
465.6989 416.0436
465.8376 416.035
465.9521 416.1022
466.0293 416.1577
466.1299 416.0969
466.2926 415.9531
466.4889 415.8438
466.7402 415.8418
467.0918 415.8987
467.4678 416.0384
467.8805 416.1979
468.1836 416.3444
468.3988 416.4023
468.5746 416.3512
468.7744 416.2544
468.9912 416.1177
469.193 416.0329
469.4245 416.0571
469.6794 416.1563
469.8971 416.2687
469.998 416.3169
470.0596 416.2944
469.9837 416.2283
469.8854 416.1284
469.8864 415.9948
470.0182 415.9489
470.1302 416.0576
470.2047 416.2562
470.2855 416.4261
470.2956 416.52
470.2393 416.5338
470.2249 416.4935
470.2363 416.3709
470.3428 416.2246
470.4512 416.0939
470.555 415.9456
470.6195 415.7512
470.6068 415.4264
470.5016 415.0124
470.3747 414.4761
470.306 413.8973
470.3379 413.442
470.4886 413.1489
470.7285 412.993
470.9437 412.8742
471.0677 412.7539
471.0338 412.6585
470.8795 412.5768
470.7448 412.4533
470.7441 412.3584
470.8336 412.304
470.8232 412.2358
470.8258 412.1121
470.7767 411.9564
470.6172 411.8188
470.4043 411.7739
470.2555 411.7855
470.0335 411.8389
469.7887 411.9818
469.5449 412.1735
469.2627 412.3105
468.8994 412.3239
468.4616 412.2388
468.0062 412.1313
467.5511 412.0257
467.1797 411.9377
466.8779 411.9121
466.6175 412.0343
466.3649 412.23
466.0892 412.4479
465.806 412.5918
465.6009 412.6857
465.4424 412.7287
465.2819 412.6976
465.222 412.6952
465.2171 412.8021
465.2298 412.9645
465.2285 413.0693
465.1621 413.1707
465.0153 413.1963
464.8424 413.1667
464.7783 413.1185
464.833 413.117
464.8981 413.2394
465.042 413.505
465.1742 413.847
465.2555 414.1652
465.2074 414.4595
465.1488 414.6152
465.1387 414.7327
465.3177 414.8815
465.6104 414.9572
465.9017 414.9621
466.1051 414.8867
466.2162 414.7627
466.333 414.5311
466.4759 414.2056
466.6305 413.8815
466.7874 413.6769
466.9775 413.5701
467.1924 413.5125
467.3656 413.4565
467.3903 413.3494
467.3034 413.1683
467.2679 412.9862
467.3366 412.9163
467.5797 412.9707
467.8568 413.0879
468.0697 413.2435
468.1237 413.3613
468.0495 413.3936
467.93 413.2856
467.8109 413.0744
467.6367 412.9199
467.5065 412.9536
467.4635 413.1252
467.4203 413.3081
467.2354 413.452
466.9111 413.4951
466.6006 413.4373
466.3314 413.2951
466.1234 413.2108
466.0661 413.2773
466.0573 413.4932
466.0599 413.749
466.0462 414.0322
465.9176 414.3008
465.6631 414.3936
465.3177 414.3574
465.0016 414.3089
464.859 414.3543
464.8539 414.4211
464.8896 414.48
464.817 414.5301
464.5492 414.5371
464.1833 414.5181
463.8372 414.4987
463.6061 414.5352
463.4434 414.6286
463.2988 414.748
463.1159 414.8896
462.8216 415.0334
462.5078 415.1522
462.2171 415.1882
461.9131 415.1599
461.6022 415.092
461.4476 414.9971
461.3828 414.9136
461.3747 414.9438
461.4697 415.0661
461.6048 415.2772
461.7168 415.5581
461.7816 415.8727
461.7972 416.2
461.792 416.4536
461.8112 416.6279
461.7598 416.7648
461.5352 416.8732
461.1719 416.874
460.6742 416.7296
460.0514 416.4958
459.4023 416.265
458.6628 415.9495
457.8128 415.639
456.9066 415.3475
455.7982 415.0278
454.5592 414.6569
453.1943 414.2842
451.7975 413.9613
450.3275 413.6743
448.9271 413.4377
447.3105 413.2455
445.8691 413.1048
444.446 413.0181
443.0518 412.9539
442.1019 412.9033
440.7262 412.7656
439.2819 412.6039
437.793 412.457
436.3392 412.3149
434.9713 412.1924
433.7467 412.0654
432.6357 411.994
431.415 411.9398
430.2467 411.9079
428.8714 411.7362
427.7207 411.4437
426.4284 411.1056
425.0944 410.8249
424.0062 410.6281
422.9821 410.4531
422.0338 410.2472
420.942 409.9839
419.8177 409.7495
418.7523 409.6289
417.9215 409.6201
417.4342 409.7222
417.1029 409.9738
416.7949 410.3957
416.4801 410.8628
416.2783 411.1819
416.1058 411.4354
415.9694 411.6092
415.7227 411.7754
415.2793 412.0095
414.723 412.277
414.0391 412.6624
413.1947 413.2785
412.2458 414.0122
411.2113 414.6013
410.0023 414.9907
408.807 415.1523
407.6169 415.2971
406.554 415.4756
405.7096 415.6756
405.0319 415.9294
404.388 416.3048
403.7591 416.707
403.2233 417.0739
402.7103 417.5636
402.3932 418.154
402.2155 418.8589
402.0951 419.6133
401.889 420.2813
401.5905 420.929
401.1276 421.5412
400.4411 421.9896
399.6579 422.2285
398.8291 422.2334
398.1208 422.0163
397.3636 421.7023
396.5778 421.4479
395.7852 421.2464
394.9427 421.0532
393.9789 420.8711
392.8929 420.791
391.9001 420.8293
391.2194 420.9486
390.9271 421.1025
390.8353 421.2949
390.8187 421.5132
390.8161 421.6414
390.9059 421.6455
391.0387 421.5495
391.2689 421.5081
391.5137 421.5509
391.7503 421.7021
391.971 421.9333
392.1615 422.2327
392.1374 422.4821
391.9066 422.5267
391.5765 422.3048
391.3421 421.9308
391.2389 421.5365
391.1794 421.1593
391.0833 420.7767
390.9567 420.5975
390.7848 420.5454
390.5482 420.4619
390.3119 420.2879
390.1725 420.1076
390.1335 420.0397
390.2621 420.124
390.4085 420.3576
390.5391 420.7896
390.5065 421.2645
390.359 421.5985
390.1719 421.6652
389.944 421.5098
389.7165 421.3047
389.6113 421.1888
389.6367 421.1396
389.5703 421.1492
389.349 421.2995
388.9701 421.5101
388.5179 421.6173
388.082 421.4944
387.7643 421.2591
387.5068 421.0423
387.3363 420.9149
387.2067 420.8213
387.0967 420.8324
386.9294 420.9779
386.6676 421.2155
386.3092 421.4543
386.0221 421.7163
385.8828 422.1553
385.8669 422.5356
385.8099 422.8761
385.6227 423.0786
385.2533 423.2103
384.8073 423.2422
384.4544 423.2106
384.3496 423.2155
384.3568 423.3444
384.3369 423.5404
384.2533 423.7702
384.1117 424.0614
383.9303 424.3729
383.7715 424.5648
383.6266 424.6519
383.5221 424.8073
383.5414 425.0801
383.5182 425.2337
383.2861 425.181
382.8542 424.9971
382.3203 424.6901
381.8027 424.2121
381.2503 423.6522
380.7773 423.1123
380.3828 422.8156
379.986 422.6882
379.654 422.5959
379.3412 422.5132
378.9642 422.4923
378.6696 422.4701
378.5785 422.468
378.6989 422.5659
378.8539 422.7339
378.8805 422.9406
378.8109 423.1528
378.6842 423.3315
378.5006 423.3166
378.2614 423.1929
378.0586 423.111
377.8678 423.0347
377.6478 422.9997
377.3011 422.9404
376.7995 422.8716
376.3639 422.8117
375.7168 422.6903
375.2191 422.5431
374.9847 422.4408
374.8418 422.4831
374.7565 422.7393
374.6279 423.055
374.4131 423.3158
374.1084 423.4645
373.5716 423.494
373.5576 423.5264
373.6738 423.5998
373.8861 423.7627
373.9762 423.9767
373.8698 424.221
373.5977 424.4251
373.3314 424.4829
373.1419 424.3864
373.1003 424.2438
373.2402 424.1346
373.4688 424.1087
373.7041 424.2441
373.7874 424.4097
373.6497 424.5298
373.4085 424.5391
373.2708 424.411
373.2432 424.2152
373.4225 424.068
373.7184 423.9577
374.0397 423.8693
374.3376 423.8394
374.6152 423.8771
374.8571 423.9564
375.2773 424.0711
375.8906 424.2289
376.6996 424.5775
377.6881 425.1532
378.862 425.8136
379.9775 426.4684
381.0163 427.1906
382.0785 427.9718
383.1592 428.7035
384.4502 429.3967
385.6999 429.9675
386.819 430.4656
387.8629 430.9211
388.9049 431.3384
389.9681 431.7399
390.9782 432.1958
391.9238 432.682
392.8275 433.1051
393.8678 433.5631
394.805 433.9879
395.6029 434.4406
397.0514 435.2142
397.6576 435.4637
398.2142 435.6703
398.7402 435.8493
399.3112 436.0708
399.9258 436.2983
400.3675 436.5404
400.5179 436.7274
400.5938 437.0036
400.5338 437.2379
400.2874 437.3231
399.9629 437.29
399.6354 437.1424
399.4447 436.8883
399.3444 436.5568
399.29 436.2241
399.2803 435.9378
399.1465 435.5846
398.944 435.2646
398.848 434.9245
398.6872 434.514
398.5775 434.0885
398.6715 433.7702
398.8763 433.4962
399.0316 433.1242
399.0368 432.6802
398.9248 432.1839
398.7887 431.6654
398.7962 431.1174
399.0638 430.5237
399.4834 430.0107
399.8971 429.6389
400.306 429.4255
400.7565 429.2479
401.2448 429.047
401.8145 428.8411
402.4082 428.6733
403.1371 428.5213
403.9746 428.4362
404.8753 428.4466
405.819 428.484
406.623 428.486
407.2787 428.3777
407.8795 428.1442
408.4795 427.8172
409.18 427.5586
409.9098 427.4655
410.5146 427.5421
411.3871 427.7471
412.2357 427.992
412.7005 428.165
412.9541 428.2311
413.1107 428.0755
413.3629 427.818
413.7018 427.5474
414.1582 427.3631
414.6543 427.2453
415.1295 427.2144
415.3431 427.271
415.4857 427.2681
415.5088 427.2855
415.596 427.4348
415.7884 427.6893
416.0006 427.9713
416.1641 428.2736
416.3916 428.848
416.3255 429.026
416.2751 429.2638
416.2887 429.5811
416.3705 430.0213
416.4001 430.5037
416.3871 430.6852
416.0234 431.417
415.3392 431.9618
415.002 432.2699
414.8161 432.3804
414.0361 432.2946
413.1045 432.4136
412.707 432.5164
412.4408 432.7401
412.3454 433.0269
412.2402 433.2609
412.0781 433.4338
411.9479 433.547
411.7914 433.6677
411.6371 433.7739
411.6328 433.8784
411.7012 434.1318
411.8369 434.5374
412.3119 435.196
412.5381 435.3965
412.8203 435.5864
413.2324 435.7824
413.7845 435.9963
414.3942 436.2871
415.002 436.6502
415.5124 437.0684
415.9277 437.4858
416.2272 437.9004
416.4678 438.2622
416.9619 438.7637
417.3516 439.1087
417.5872 439.4979
417.8021 439.9757
418.0296 440.6797
418.0495 441.4733
417.8779 442.0996
417.7086 442.6156
417.4544 443.0176
417.3776 443.3164
417.6032 443.5908
418.1445 443.8996
418.9688 444.4116
419.5963 444.8501
420.4505 445.5325
421.404 446.3257
422.4596 447.186
423.9203 448.2012
425.5313 449.1808
427.2122 450.1452
428.946 451.0783
430.7074 452.1237
432.4707 453.3089
434.8952 455.0153
436.6803 456.3945
438.3141 457.766
439.9401 459.1139
441.389 460.1789
442.5475 461.1071
444.6976 462.9777
445.2044 463.38
446.2627 464.2345
447.3906 465.1431
448.445 466.0257
449.3389 466.9894
450.0726 467.9272
450.8659 468.8537
451.5527 469.6624
452.3363 470.6722
453.2321 471.7308
454.8617 473.6094
456.1693 475.0646
457.5449 476.5815
458.6641 477.9652
459.4876 479.1942
460.1781 480.2543
460.806 481.1817
461.5495 482.2109
462.3695 483.1936
463.2686 484.3561
464.0033 485.5095
464.4619 486.6488
464.6338 487.4585
464.4544 488.0549
464.1566 488.4436
463.9381 488.694
463.9424 488.7976
464.0277 488.9757
464.1256 489.2147
464.0836 489.5308
463.9974 489.813
463.7295 490.0889
463.4033 490.2312
463.1341 490.3466
463.3457 490.867
463.5228 490.9974
463.8125 491.1381
463.9056 491.1898
463.8141 491.2111
463.7246 491.1469
463.7005 490.9348
463.7637 490.6304
463.8496 490.3154
463.8893 489.959
463.9434 489.4017
463.9388 488.3181
463.9499 487.6555
464.0397 486.9194
464.192 486.133
464.4108 485.4146
464.6416 484.7103
464.7386 484.1041
464.861 483.5661
464.945 483.2297
465.0407 482.8204
465.0172 482.3367
464.8857 481.6649
464.7513 480.8869
464.5924 480.0003
464.3711 478.9758
464.1771 478.0652
464.0889 477.2007
464.0179 476.4209
388.082 421.4944
387.7643 421.2591
387.5068 421.0423
387.3363 420.9149
387.2067 420.8213
387.0967 420.8324
386.9294 420.9779
386.6676 421.2155
386.3092 421.4543
386.0221 421.7163
385.8828 422.1553
385.8669 422.5356
385.8099 422.8761
385.6227 423.0786
385.2533 423.2103
384.8073 423.2422
384.4544 423.2106
384.3496 423.2155
384.3568 423.3444
384.3369 423.5404
384.2533 423.7702
384.1117 424.0614
383.9303 424.3729
383.7715 424.5648
383.6266 424.6519
383.5221 424.8073
383.5414 425.0801
383.5182 425.2337
383.2861 425.181
382.8542 424.9971
382.3203 424.6901
381.8027 424.2121
381.2503 423.6522
380.7773 423.1123
380.3828 422.8156
379.986 422.6882
379.654 422.5959
379.3412 422.5132
378.9642 422.4923
378.6696 422.4701
378.5785 422.468
378.6989 422.5659
378.8539 422.7339
378.8805 422.9406
378.8109 423.1528
378.6842 423.3315
378.5006 423.3166
378.2614 423.1929
378.0586 423.111
377.8678 423.0347
377.6478 422.9997
377.3011 422.9404
376.7995 422.8716
376.3639 422.8117
375.7168 422.6903
375.2191 422.5431
374.9847 422.4408
374.8418 422.4831
374.7565 422.7393
374.6279 423.055
374.4131 423.3158
374.1084 423.4645
373.5716 423.494
373.5576 423.5264
373.6738 423.5998
373.8861 423.7627
373.9762 423.9767
373.8698 424.221
373.5977 424.4251
373.3314 424.4829
373.1419 424.3864
373.1003 424.2438
373.2402 424.1346
373.4688 424.1087
373.7041 424.2441
373.7874 424.4097
373.6497 424.5298
373.4085 424.5391
373.2708 424.411
373.2432 424.2152
373.4225 424.068
373.7184 423.9577
374.0397 423.8693
374.3376 423.8394
374.6152 423.8771
374.8571 423.9564
375.2773 424.0711
375.8906 424.2289
376.6996 424.5775
377.6881 425.1532
378.862 425.8136
379.9775 426.4684
381.0163 427.1906
382.0785 427.9718
383.1592 428.7035
384.4502 429.3967
385.6999 429.9675
386.819 430.4656
387.8629 430.9211
388.9049 431.3384
389.9681 431.7399
390.9782 432.1958
391.9238 432.682
392.8275 433.1051
393.8678 433.5631
394.805 433.9879
395.6029 434.4406
397.0514 435.2142
397.6576 435.4637
398.2142 435.6703
398.7402 435.8493
399.3112 436.0708
399.9258 436.2983
400.3675 436.5404
400.5179 436.7274
400.5938 437.0036
400.5338 437.2379
400.2874 437.3231
399.9629 437.29
399.6354 437.1424
399.4447 436.8883
399.3444 436.5568
399.29 436.2241
399.2803 435.9378
399.1465 435.5846
398.944 435.2646
398.848 434.9245
398.6872 434.514
398.5775 434.0885
398.6715 433.7702
398.8763 433.4962
399.0316 433.1242
399.0368 432.6802
398.9248 432.1839
398.7887 431.6654
398.7962 431.1174
399.0638 430.5237
399.4834 430.0107
399.8971 429.6389
400.306 429.4255
400.7565 429.2479
401.2448 429.047
401.8145 428.8411
402.4082 428.6733
403.1371 428.5213
403.9746 428.4362
404.8753 428.4466
405.819 428.484
406.623 428.486
407.2787 428.3777
407.8795 428.1442
408.4795 427.8172
409.18 427.5586
409.9098 427.4655
410.5146 427.5421
411.3871 427.7471
412.2357 427.992
412.7005 428.165
412.9541 428.2311
413.1107 428.0755
413.3629 427.818
413.7018 427.5474
414.1582 427.3631
414.6543 427.2453
415.1295 427.2144
415.3431 427.271
415.4857 427.2681
415.5088 427.2855
415.596 427.4348
415.7884 427.6893
416.0006 427.9713
416.1641 428.2736
416.3916 428.848
416.3255 429.026
416.2751 429.2638
416.2887 429.5811
416.3705 430.0213
416.4001 430.5037
416.3871 430.6852
416.0234 431.417
415.3392 431.9618
415.002 432.2699
414.8161 432.3804
414.0361 432.2946
413.1045 432.4136
412.707 432.5164
412.4408 432.7401
412.3454 433.0269
412.2402 433.2609
412.0781 433.4338
411.9479 433.547
411.7914 433.6677
411.6371 433.7739
411.6328 433.8784
411.7012 434.1318
411.8369 434.5374
412.3119 435.196
412.5381 435.3965
412.8203 435.5864
413.2324 435.7824
413.7845 435.9963
414.3942 436.2871
415.002 436.6502
415.5124 437.0684
415.9277 437.4858
416.2272 437.9004
416.4678 438.2622
416.9619 438.7637
417.3516 439.1087
417.5872 439.4979
417.8021 439.9757
418.0296 440.6797
418.0495 441.4733
417.8779 442.0996
417.7086 442.6156
417.4544 443.0176
417.3776 443.3164
417.6032 443.5908
418.1445 443.8996
418.9688 444.4116
419.5963 444.8501
420.4505 445.5325
421.404 446.3257
422.4596 447.186
423.9203 448.2012
425.5313 449.1808
427.2122 450.1452
428.946 451.0783
430.7074 452.1237
432.4707 453.3089
434.8952 455.0153
436.6803 456.3945
438.3141 457.766
439.9401 459.1139
441.389 460.1789
442.5475 461.1071
444.6976 462.9777
445.2044 463.38
446.2627 464.2345
447.3906 465.1431
448.445 466.0257
449.3389 466.9894
450.0726 467.9272
450.8659 468.8537
451.5527 469.6624
452.3363 470.6722
453.2321 471.7308
454.8617 473.6094
456.1693 475.0646
457.5449 476.5815
458.6641 477.9652
459.4876 479.1942
460.1781 480.2543
460.806 481.1817
461.5495 482.2109
462.3695 483.1936
463.2686 484.3561
464.0033 485.5095
464.4619 486.6488
464.6338 487.4585
464.4544 488.0549
464.1566 488.4436
463.9381 488.694
463.9424 488.7976
464.0277 488.9757
464.1256 489.2147
464.0836 489.5308
463.9974 489.813
463.7295 490.0889
463.4033 490.2312
463.1341 490.3466
463.3457 490.867
463.5228 490.9974
463.8125 491.1381
463.9056 491.1898
463.8141 491.2111
463.7246 491.1469
463.7005 490.9348
463.7637 490.6304
463.8496 490.3154
463.8893 489.959
463.9434 489.4017
463.9388 488.3181
463.9499 487.6555
464.0397 486.9194
464.192 486.133
464.4108 485.4146
464.6416 484.7103
464.7386 484.1041
464.861 483.5661
464.945 483.2297
465.0407 482.8204
465.0172 482.3367
464.8857 481.6649
464.7513 480.8869
464.5924 480.0003
464.3711 478.9758
464.1771 478.0652
464.0889 477.2007
464.0179 476.4209
463.9697 475.5703
463.945 474.9899
463.7682 474.3955
463.4339 473.7762
463.0306 473.0643
462.6126 472.2723
462.1504 471.5659
461.6295 470.8916
461.1556 470.3187
460.4118 469.6374
459.3164 469.0029
458.0059 468.3387
456.6465 467.708
455.3128 467.2404
454.168 467.0197
453.0361 466.8578
451.7725 466.805
449.9245 466.8826
448.6191 466.9714
446.5072 467.1467
444.3167 467.2545
442.1881 467.1907
440.0107 466.9502
437.7601 466.5836
435.2751 466.0659
432.7432 465.5779
430.2415 465.2008
427.9235 464.8831
425.2646 464.4861
423.2021 464.2114
421.0537 464.0797
418.9811 463.9461
417.2129 463.7563
415.6309 463.5695
414.1758 463.4972
412.6654 463.4725
411.598 463.4722
410.4928 463.4827
409.4541 463.6187
408.4879 463.875
407.5335 464.1274
406.6165 464.2933
405.6419 464.3561
404.4762 464.4346
403.138 464.4305
401.8372 464.1812
400.75 463.366
400.2295 462.4476
399.8734 461.354
399.6992 460.1736
399.653 459.1468
399.0986 457.9912
398.9157 457.8569
398.7194 457.7445
398.7168 457.8011
399.0124 458.0779
399.638 458.5277
400.332 458.9844
401.0885 459.0861
401.9196 459.2581
403.0267 459.4679
404.4717 459.8094
406.7767 460.3511
408.6855 460.8167
410.3008 461.1522
411.8659 461.36
413.2949 461.3807
415.0078 461.2111
416.9694 460.9513
419.0365 460.8065
421.2575 460.8812
424.0553 461.0326
427.2982 461.1546
431.0059 461.3516
434.7858 461.6384
437.668 461.9915
440.2155 462.4132
442.7617 462.8044
446.1579 463.3174
449.6393 463.9108
452.8444 464.5771
456.0912 465.3377
459.0732 466.1024
461.8571 466.9741
464.6403 468
467.7871 468.9702
471.4199 469.7259
475.6429 470.3452
478.6022 470.7262
481.3346 471.1489
483.8587 471.6886
486.1312 472.1803
488.6869 472.707
493.8584 473.4304
495.6842 473.6048
498.388 473.9138
500.8027 474.3267
503.0221 474.8943
505.0475 475.596
507.0791 476.3805
509.0583 477.1771
510.9655 478.0547
512.5759 478.9409
514.012 479.8055
515.947 480.7352
517.7324 481.2281
519.6741 481.5381
521.7151 481.7234
523.8353 481.8844
525.9958 482.1996
528.5475 482.6795
530.8118 483.0645
533.0456 483.3846
535.0176 483.4556
537.0674 483.1974
539.1312 482.7278
540.8438 482.3528
542.4427 482.4846
544.3571 483.0362
546.4841 483.8107
548.4749 484.6191
550.3496 485.4678
551.8564 486.2111
553.3591 486.8842
555.0677 487.3721
556.8952 487.8545
558.6882 488.5791
560.5189 489.6172
562.6191 490.8968
564.7044 492.2329
566.6677 493.7148
568.1797 494.9232
569.0892 495.5049
570.0749 496.0779
570.7897 496.6012
571.4261 497.1481
572.165 497.6894
572.9505 498.1726
573.7249 498.5042
574.4092 498.6793
574.8464 498.7226
575.0485 498.8353
575.3226 499.4049
575.5905 500.2921
575.9092 501.4564
576.2637 502.7443
576.5918 503.9431
576.7903 504.9891
576.6478 505.9191
576.3347 506.8961
576.0198 507.8884
575.6452 509.079
575.4359 509.9587
575.2975 510.9906
575.5296 511.1732
576.5505 510.4848
576.9277 510.1041
575.97 509.4838
575.9476 508.9169
577.2666 508.1221
578.3499 507.4077
579.4238 506.507
580.7214 505.2729
582.168 503.8836
583.7761 502.4209
585.5605 500.9521
587.0898 499.5682
588.0257 498.4038
588.5498 497.6386
589.0495 497.0843
589.5609 496.6113
590.0189 496.0718
590.3112 495.2747
590.2278 494.3525
590.0759 493.711
589.9905 492.6178
590.3216 491.2613
591.2354 489.6566
592.6484 487.8507
594.2559 486.1027
595.6019 484.5092
596.2776 483.2134
596.306 481.9526
596.2243 480.6317
596.6384 478.7695
597.1536 477.3246
597.585 476.074
598.0267 474.6283
598.54 473.1956
599.1719 471.5444
599.6878 469.9238
599.9805 468.1895
600.2054 466.6305
600.4456 465.3664
600.7402 464.2121
600.9388 463.0829
601.2415 461.8657
601.6784 460.4842
602.4958 458.6862
603.614 456.7248
604.6843 455.9883
604.973 455.5521
605.4857 455.4766
605.9036 455.4318
606.6575 455.651
607.4391 455.7132
607.6133 455.8293
607.2253 455.8996
606.9463 455.9967
606.9424 456.0501
606.9873 456.0975
606.9925 456.0921
607.1126 456.1076
607.25 456.1071
607.2682 456.0991
607.2393 456.0933
607.2493 456.0527
607.2324 456.0288
607.2136 456.0306
607.2116 456.0363
607.1927 456.0033
607.2217 455.9793
607.2116 455.9553
607.1875 455.9383
607.1898 455.9341
607.167 455.9284
607.1487 455.9253
607.1725 455.9378
607.1504 455.9284
607.1536 455.8953
607.1403 455.8939
607.136 455.8875
607.1546 455.8804
607.1331 455.8774
607.126 455.8779
607.1172 455.87
607.1087 455.8696
607.0482 455.8734
607.0329 455.8792
607.0319 455.8818
607.0283 455.8874
607.0065 455.8906
606.9766 455.8901
606.9896 455.8892
606.9935 455.88
607.0075 455.8647
607.0071 455.8475
607.0179 455.8367
607.013 455.8421
607.0267 455.8341
607.011 455.8249
606.9935 455.8148
606.9909 455.8143
606.9997 455.8073
606.9778 455.8034
606.9681 455.7944
606.9665 455.7835
606.9528 455.7764
606.918 455.7708
606.9167 455.77
606.9287 455.7666
606.9304 455.7609
606.9336 455.7668
606.9404 455.7715
606.9359 455.7772
606.9362 455.7786
606.9385 455.779
606.9521 455.7671
606.9385 455.7604
606.8815 455.7661
606.8513 455.7723
606.8291 455.778
606.8317 455.7759
606.8337 455.7809
606.8457 455.7767
606.8561 455.7798
606.8672 455.7819
606.8516 455.7837
606.8235 455.7868
606.8249 455.7962
606.8268 455.7969
606.8259 455.8088
606.8291 455.8192
606.8555 455.8223
606.8662 455.825
606.8646 455.8257
606.876 455.8276
606.873 455.8298
606.863 455.8301
606.8701 455.8324
606.8636 455.8382
606.8815 455.8367
606.8665 455.8367
606.8555 455.8377
606.8268 455.8413
606.8184 455.8421
606.7949 455.8509
606.7809 455.8607
606.7832 455.8706
606.7643 455.8849
463.9697 475.5703
463.945 474.9899
463.7682 474.3955
463.4339 473.7762
463.0306 473.0643
462.6126 472.2723
462.1504 471.5659
461.6295 470.8916
461.1556 470.3187
460.4118 469.6374
459.3164 469.0029
458.0059 468.3387
456.6465 467.708
455.3128 467.2404
454.168 467.0197
453.0361 466.8578
451.7725 466.805
449.9245 466.8826
448.6191 466.9714
446.5072 467.1467
444.3167 467.2545
442.1881 467.1907
440.0107 466.9502
437.7601 466.5836
435.2751 466.0659
432.7432 465.5779
430.2415 465.2008
427.9235 464.8831
425.2646 464.4861
423.2021 464.2114
421.0537 464.0797
418.9811 463.9461
417.2129 463.7563
415.6309 463.5695
414.1758 463.4972
412.6654 463.4725
411.598 463.4722
410.4928 463.4827
409.4541 463.6187
408.4879 463.875
407.5335 464.1274
406.6165 464.2933
405.6419 464.3561
404.4762 464.4346
403.138 464.4305
401.8372 464.1812
400.75 463.366
400.2295 462.4476
399.8734 461.354
399.6992 460.1736
399.653 459.1468
399.0986 457.9912
398.9157 457.8569
398.7194 457.7445
398.7168 457.8011
399.0124 458.0779
399.638 458.5277
400.332 458.9844
401.0885 459.0861
401.9196 459.2581
403.0267 459.4679
404.4717 459.8094
406.7767 460.3511
408.6855 460.8167
410.3008 461.1522
411.8659 461.36
413.2949 461.3807
415.0078 461.2111
416.9694 460.9513
419.0365 460.8065
421.2575 460.8812
424.0553 461.0326
427.2982 461.1546
431.0059 461.3516
434.7858 461.6384
437.668 461.9915
440.2155 462.4132
442.7617 462.8044
446.1579 463.3174
449.6393 463.9108
452.8444 464.5771
456.0912 465.3377
459.0732 466.1024
461.8571 466.9741
464.6403 468
467.7871 468.9702
471.4199 469.7259
475.6429 470.3452
478.6022 470.7262
481.3346 471.1489
483.8587 471.6886
486.1312 472.1803
488.6869 472.707
493.8584 473.4304
495.6842 473.6048
498.388 473.9138
500.8027 474.3267
503.0221 474.8943
505.0475 475.596
507.0791 476.3805
509.0583 477.1771
510.9655 478.0547
512.5759 478.9409
514.012 479.8055
515.947 480.7352
517.7324 481.2281
519.6741 481.5381
521.7151 481.7234
523.8353 481.8844
525.9958 482.1996
528.5475 482.6795
530.8118 483.0645
533.0456 483.3846
535.0176 483.4556
537.0674 483.1974
539.1312 482.7278
540.8438 482.3528
542.4427 482.4846
544.3571 483.0362
546.4841 483.8107
548.4749 484.6191
550.3496 485.4678
551.8564 486.2111
553.3591 486.8842
555.0677 487.3721
556.8952 487.8545
558.6882 488.5791
560.5189 489.6172
562.6191 490.8968
564.7044 492.2329
566.6677 493.7148
568.1797 494.9232
569.0892 495.5049
570.0749 496.0779
570.7897 496.6012
571.4261 497.1481
572.165 497.6894
572.9505 498.1726
573.7249 498.5042
574.4092 498.6793
574.8464 498.7226
575.0485 498.8353
575.3226 499.4049
575.5905 500.2921
575.9092 501.4564
576.2637 502.7443
576.5918 503.9431
576.7903 504.9891
576.6478 505.9191
576.3347 506.8961
576.0198 507.8884
575.6452 509.079
575.4359 509.9587
575.2975 510.9906
575.5296 511.1732
576.5505 510.4848
576.9277 510.1041
575.97 509.4838
575.9476 508.9169
577.2666 508.1221
578.3499 507.4077
579.4238 506.507
580.7214 505.2729
582.168 503.8836
583.7761 502.4209
585.5605 500.9521
587.0898 499.5682
588.0257 498.4038
588.5498 497.6386
589.0495 497.0843
589.5609 496.6113
590.0189 496.0718
590.3112 495.2747
590.2278 494.3525
590.0759 493.711
589.9905 492.6178
590.3216 491.2613
591.2354 489.6566
592.6484 487.8507
594.2559 486.1027
595.6019 484.5092
596.2776 483.2134
596.306 481.9526
596.2243 480.6317
596.6384 478.7695
597.1536 477.3246
597.585 476.074
598.0267 474.6283
598.54 473.1956
599.1719 471.5444
599.6878 469.9238
599.9805 468.1895
600.2054 466.6305
600.4456 465.3664
600.7402 464.2121
600.9388 463.0829
601.2415 461.8657
601.6784 460.4842
602.4958 458.6862
603.614 456.7248
604.6843 455.9883
604.973 455.5521
605.4857 455.4766
605.9036 455.4318
606.6575 455.651
607.4391 455.7132
607.6133 455.8293
607.2253 455.8996
606.9463 455.9967
606.9424 456.0501
606.9873 456.0975
606.9925 456.0921
607.1126 456.1076
607.25 456.1071
607.2682 456.0991
607.2393 456.0933
607.2493 456.0527
607.2324 456.0288
607.2136 456.0306
607.2116 456.0363
607.1927 456.0033
607.2217 455.9793
607.2116 455.9553
607.1875 455.9383
607.1898 455.9341
607.167 455.9284
607.1487 455.9253
607.1725 455.9378
607.1504 455.9284
607.1536 455.8953
607.1403 455.8939
607.136 455.8875
607.1546 455.8804
607.1331 455.8774
607.126 455.8779
607.1172 455.87
607.1087 455.8696
607.0482 455.8734
607.0329 455.8792
607.0319 455.8818
607.0283 455.8874
607.0065 455.8906
606.9766 455.8901
606.9896 455.8892
606.9935 455.88
607.0075 455.8647
607.0071 455.8475
607.0179 455.8367
607.013 455.8421
607.0267 455.8341
607.011 455.8249
606.9935 455.8148
606.9909 455.8143
606.9997 455.8073
606.9778 455.8034
606.9681 455.7944
606.9665 455.7835
606.9528 455.7764
606.918 455.7708
606.9167 455.77
606.9287 455.7666
606.9304 455.7609
606.9336 455.7668
606.9404 455.7715
606.9359 455.7772
606.9362 455.7786
606.9385 455.779
606.9521 455.7671
606.9385 455.7604
606.8815 455.7661
606.8513 455.7723
606.8291 455.778
606.8317 455.7759
606.8337 455.7809
606.8457 455.7767
606.8561 455.7798
606.8672 455.7819
606.8516 455.7837
606.8235 455.7868
606.8249 455.7962
606.8268 455.7969
606.8259 455.8088
606.8291 455.8192
606.8555 455.8223
606.8662 455.825
606.8646 455.8257
606.876 455.8276
606.873 455.8298
606.863 455.8301
606.8701 455.8324
606.8636 455.8382
606.8815 455.8367
606.8665 455.8367
606.8555 455.8377
606.8268 455.8413
606.8184 455.8421
606.7949 455.8509
606.7809 455.8607
606.7832 455.8706
606.7643 455.8849
606.7523 455.8821
606.7634 455.8857
606.7776 455.894
606.7776 455.8962
606.7757 455.9028
606.7773 455.8918
606.7816 455.895
606.8054 455.8893
606.8054 455.8905
606.7969 455.8856
606.7868 455.8773
606.7998 455.8687
606.8187 455.8729
606.8148 455.8807
606.803 455.8851
606.8141 455.8836
606.8154 455.8874
606.833 455.8913
606.8734 455.8827
606.8994 455.8776
606.9089 455.8768
606.9069 455.8773
606.9114 455.8758
606.931 455.876
606.9349 455.8784
606.9326 455.8755
606.9238 455.8804
606.9297 455.8768
606.9502 455.8657
606.9727 455.8568
606.9691 455.8589
606.9866 455.8587
607.0166 455.8597
607.0159 455.8579
606.9759 455.8657
606.9573 455.8672
606.9597 455.8646
606.9583 455.8626
606.958 455.8625
606.9453 455.8534
606.9382 455.841
606.9287 455.8367
606.9206 455.8359
606.9124 455.8315
606.8773 455.8311
606.8701 455.8317
606.8786 455.8311
606.8857 455.825
606.8965 455.8273
606.9036 455.8394
606.8646 455.8496
606.8727 455.849
606.8821 455.8571
606.8626 455.8705
606.8552 455.8696
606.8457 455.8679
606.8474 455.8691
606.845 455.8722
606.8464 455.8743
606.8558 455.8712
606.8486 455.8667
606.8398 455.8643
606.8415 455.8597
606.8337 455.8665
606.8382 455.8612
606.8398 455.8548
606.8115 455.8527
606.8145 455.8584
606.8298 455.8581
606.848 455.84
606.8727 455.8296
606.8821 455.8372
606.8825 455.8359
606.8721 455.8324
606.8626 455.8332
606.8522 455.8223
606.8528 455.8157
606.8607 455.8094
606.8571 455.8016
606.8519 455.7943
606.8776 455.7979
606.8851 455.8006
606.8613 455.7946
606.8561 455.7876
606.8467 455.7842
606.8474 455.79
606.8604 455.7832
606.8594 455.7811
606.8545 455.7751
606.8464 455.7801
606.8513 455.7881
606.8359 455.7899
606.8281 455.7817
606.7888 455.7775
606.752 455.7785
606.7357 455.7878
606.7402 455.7928
606.7435 455.7907
606.7239 455.7882
606.7337 455.7856
606.7324 455.7848
606.7552 455.7778
606.761 455.7762
606.7773 455.7809
606.7868 455.7891
606.7962 455.7904
606.8125 455.7853
606.8096 455.7806
606.7998 455.7813
606.8066 455.7786
606.819 455.776
606.8252 455.7699
606.846 455.7617
606.8607 455.7563
606.8835 455.7412
606.9128 455.7396
606.9043 455.7404
606.916 455.7453
606.9235 455.748
606.9319 455.7523
606.945 455.7567
606.9597 455.7684
606.9349 455.7728
606.9209 455.7773
606.9102 455.778
606.9033 455.7821
606.9245 455.7781
606.9385 455.7783
606.9427 455.7886
606.9453 455.8013
606.9515 455.8037
606.9398 455.8119
606.9017 455.8157
606.9046 455.8195
606.8981 455.8214
606.9079 455.8151
606.9245 455.8083
606.9173 455.8141
606.9193 455.8192
606.9095 455.8221
606.928 455.812
606.9153 455.8058
606.8919 455.8053
606.8919 455.8034
606.9128 455.8034
606.9271 455.8001
606.9382 455.7992
606.9648 455.7917
606.9691 455.7998
606.9873 455.7936
607.0023 455.7785
607.0091 455.7624
606.9951 455.7573
606.987 455.7573
606.9866 455.7571
607.0081 455.7591
607.015 455.7591
607.0391 455.7609
607.041 455.7674
607.0394 455.7607
607.0427 455.7634
607.041 455.7712
607.0231 455.7655
607.0388 455.7607
607.0264 455.763
607.0208 455.7622
607.0169 455.758
606.9977 455.7583
607.0176 455.7502
607.0329 455.7568
607.0202 455.7653
607.0003 455.772
607.0029 455.7729
606.9909 455.7736
606.9772 455.765
606.946 455.7565
606.9434 455.7523
606.9382 455.7694
606.9079 455.7783
606.8887 455.7873
606.8665 455.7909
606.8242 455.7998
606.8477 455.7974
606.8516 455.8047
606.8542 455.8152
606.8727 455.8156
606.8799 455.8208
606.8669 455.8241
606.8581 455.8202
606.8513 455.8161
606.8347 455.8146
606.835 455.8161
606.8392 455.8203
606.8568 455.8239
606.8522 455.8301
606.8447 455.8193
606.8275 455.8239
606.8083 455.8332
606.8138 455.8286
606.7966 455.8234
606.7722 455.8151
606.7783 455.8131
606.791 455.7979
606.7949 455.8024
606.7998 455.8115
606.7917 455.8213
606.7952 455.8247
606.7868 455.8353
606.7776 455.8369
606.7643 455.8345
606.7809 455.8366
606.7903 455.8402
606.805 455.8362
606.7939 455.8382
606.8047 455.8312
606.7773 455.8278
606.7435 455.8288
606.7363 455.8413
606.7038 455.839
606.7031 455.8343
606.6979 455.84
606.6745 455.8496
606.6579 455.8525
606.6553 455.854
606.6478 455.8551
606.6396 455.8534
606.6419 455.8527
606.6377 455.855
606.6204 455.8594
606.6306 455.8524
606.6448 455.8454
606.6631 455.8367
606.6745 455.8333
606.6985 455.8252
606.7087 455.8151
606.707 455.8119
606.7044 455.8115
606.7148 455.8091
606.7175 455.8177
606.7048 455.8228
606.6849 455.8231
606.6895 455.8252
606.6911 455.8289
606.6836 455.8291
606.6638 455.8253
606.6572 455.826
606.655 455.8224
606.6787 455.8224
606.6595 455.8223
606.6328 455.814
606.6182 455.8101
606.6338 455.813
606.6413 455.8152
606.6348 455.8122
606.6188 455.8148
606.6321 455.8203
606.6224 455.8263
606.6266 455.8213
606.6569 455.8084
606.6846 455.8076
606.6836 455.8078
606.6999 455.8213
606.679 455.8275
606.6722 455.8247
606.6794 455.8242
606.6907 455.8281
606.6976 455.828
606.6966 455.8314
606.6865 455.8372
606.6868 455.8433
606.7044 455.834
606.7136 455.835
606.7194 455.8415
606.7591 455.8345
606.7549 455.8271
606.7637 455.8218
606.7715 455.8182
606.7881 455.8157
606.8109 455.8214
606.8102 455.822
606.779 455.8202
606.7718 455.8229
606.78 455.8169
606.7741 455.8242
606.7813 455.8205
606.7571 455.8276
606.7305 455.8341
606.7227 455.8267
606.7324 455.8255
606.7119 455.8263
606.7097 455.8296
606.7161 455.8232
606.7139 455.8312
606.681 455.8372
606.6852 455.8405
606.6677 455.8499
606.6523 455.8528
606.6569 455.856
606.6686 455.8503
606.6946 455.8528
606.7523 455.8821
606.7634 455.8857
606.7776 455.894
606.7776 455.8962
606.7757 455.9028
606.7773 455.8918
606.7816 455.895
606.8054 455.8893
606.8054 455.8905
606.7969 455.8856
606.7868 455.8773
606.7998 455.8687
606.8187 455.8729
606.8148 455.8807
606.803 455.8851
606.8141 455.8836
606.8154 455.8874
606.833 455.8913
606.8734 455.8827
606.8994 455.8776
606.9089 455.8768
606.9069 455.8773
606.9114 455.8758
606.931 455.876
606.9349 455.8784
606.9326 455.8755
606.9238 455.8804
606.9297 455.8768
606.9502 455.8657
606.9727 455.8568
606.9691 455.8589
606.9866 455.8587
607.0166 455.8597
607.0159 455.8579
606.9759 455.8657
606.9573 455.8672
606.9597 455.8646
606.9583 455.8626
606.958 455.8625
606.9453 455.8534
606.9382 455.841
606.9287 455.8367
606.9206 455.8359
606.9124 455.8315
606.8773 455.8311
606.8701 455.8317
606.8786 455.8311
606.8857 455.825
606.8965 455.8273
606.9036 455.8394
606.8646 455.8496
606.8727 455.849
606.8821 455.8571
606.8626 455.8705
606.8552 455.8696
606.8457 455.8679
606.8474 455.8691
606.845 455.8722
606.8464 455.8743
606.8558 455.8712
606.8486 455.8667
606.8398 455.8643
606.8415 455.8597
606.8337 455.8665
606.8382 455.8612
606.8398 455.8548
606.8115 455.8527
606.8145 455.8584
606.8298 455.8581
606.848 455.84
606.8727 455.8296
606.8821 455.8372
606.8825 455.8359
606.8721 455.8324
606.8626 455.8332
606.8522 455.8223
606.8528 455.8157
606.8607 455.8094
606.8571 455.8016
606.8519 455.7943
606.8776 455.7979
606.8851 455.8006
606.8613 455.7946
606.8561 455.7876
606.8467 455.7842
606.8474 455.79
606.8604 455.7832
606.8594 455.7811
606.8545 455.7751
606.8464 455.7801
606.8513 455.7881
606.8359 455.7899
606.8281 455.7817
606.7888 455.7775
606.752 455.7785
606.7357 455.7878
606.7402 455.7928
606.7435 455.7907
606.7239 455.7882
606.7337 455.7856
606.7324 455.7848
606.7552 455.7778
606.761 455.7762
606.7773 455.7809
606.7868 455.7891
606.7962 455.7904
606.8125 455.7853
606.8096 455.7806
606.7998 455.7813
606.8066 455.7786
606.819 455.776
606.8252 455.7699
606.846 455.7617
606.8607 455.7563
606.8835 455.7412
606.9128 455.7396
606.9043 455.7404
606.916 455.7453
606.9235 455.748
606.9319 455.7523
606.945 455.7567
606.9597 455.7684
606.9349 455.7728
606.9209 455.7773
606.9102 455.778
606.9033 455.7821
606.9245 455.7781
606.9385 455.7783
606.9427 455.7886
606.9453 455.8013
606.9515 455.8037
606.9398 455.8119
606.9017 455.8157
606.9046 455.8195
606.8981 455.8214
606.9079 455.8151
606.9245 455.8083
606.9173 455.8141
606.9193 455.8192
606.9095 455.8221
606.928 455.812
606.9153 455.8058
606.8919 455.8053
606.8919 455.8034
606.9128 455.8034
606.9271 455.8001
606.9382 455.7992
606.9648 455.7917
606.9691 455.7998
606.9873 455.7936
607.0023 455.7785
607.0091 455.7624
606.9951 455.7573
606.987 455.7573
606.9866 455.7571
607.0081 455.7591
607.015 455.7591
607.0391 455.7609
607.041 455.7674
607.0394 455.7607
607.0427 455.7634
607.041 455.7712
607.0231 455.7655
607.0388 455.7607
607.0264 455.763
607.0208 455.7622
607.0169 455.758
606.9977 455.7583
607.0176 455.7502
607.0329 455.7568
607.0202 455.7653
607.0003 455.772
607.0029 455.7729
606.9909 455.7736
606.9772 455.765
606.946 455.7565
606.9434 455.7523
606.9382 455.7694
606.9079 455.7783
606.8887 455.7873
606.8665 455.7909
606.8242 455.7998
606.8477 455.7974
606.8516 455.8047
606.8542 455.8152
606.8727 455.8156
606.8799 455.8208
606.8669 455.8241
606.8581 455.8202
606.8513 455.8161
606.8347 455.8146
606.835 455.8161
606.8392 455.8203
606.8568 455.8239
606.8522 455.8301
606.8447 455.8193
606.8275 455.8239
606.8083 455.8332
606.8138 455.8286
606.7966 455.8234
606.7722 455.8151
606.7783 455.8131
606.791 455.7979
606.7949 455.8024
606.7998 455.8115
606.7917 455.8213
606.7952 455.8247
606.7868 455.8353
606.7776 455.8369
606.7643 455.8345
606.7809 455.8366
606.7903 455.8402
606.805 455.8362
606.7939 455.8382
606.8047 455.8312
606.7773 455.8278
606.7435 455.8288
606.7363 455.8413
606.7038 455.839
606.7031 455.8343
606.6979 455.84
606.6745 455.8496
606.6579 455.8525
606.6553 455.854
606.6478 455.8551
606.6396 455.8534
606.6419 455.8527
606.6377 455.855
606.6204 455.8594
606.6306 455.8524
606.6448 455.8454
606.6631 455.8367
606.6745 455.8333
606.6985 455.8252
606.7087 455.8151
606.707 455.8119
606.7044 455.8115
606.7148 455.8091
606.7175 455.8177
606.7048 455.8228
606.6849 455.8231
606.6895 455.8252
606.6911 455.8289
606.6836 455.8291
606.6638 455.8253
606.6572 455.826
606.655 455.8224
606.6787 455.8224
606.6595 455.8223
606.6328 455.814
606.6182 455.8101
606.6338 455.813
606.6413 455.8152
606.6348 455.8122
606.6188 455.8148
606.6321 455.8203
606.6224 455.8263
606.6266 455.8213
606.6569 455.8084
606.6846 455.8076
606.6836 455.8078
606.6999 455.8213
606.679 455.8275
606.6722 455.8247
606.6794 455.8242
606.6907 455.8281
606.6976 455.828
606.6966 455.8314
606.6865 455.8372
606.6868 455.8433
606.7044 455.834
606.7136 455.835
606.7194 455.8415
606.7591 455.8345
606.7549 455.8271
606.7637 455.8218
606.7715 455.8182
606.7881 455.8157
606.8109 455.8214
606.8102 455.822
606.779 455.8202
606.7718 455.8229
606.78 455.8169
606.7741 455.8242
606.7813 455.8205
606.7571 455.8276
606.7305 455.8341
606.7227 455.8267
606.7324 455.8255
606.7119 455.8263
606.7097 455.8296
606.7161 455.8232
606.7139 455.8312
606.681 455.8372
606.6852 455.8405
606.6677 455.8499
606.6523 455.8528
606.6569 455.856
606.6686 455.8503
606.6946 455.8528
