1920 480
718.1348 435.1696
718.03 435.4121
718.042 435.3792
717.988 435.4015
717.9671 435.4072
717.9265 435.4194
717.9375 435.3994
717.9528 435.4286
717.9446 435.4448
717.9564 435.4233
717.9645 435.4461
717.9632 435.4316
717.9349 435.4334
717.972 435.4561
717.9593 435.4544
717.9251 435.438
718 435.4121
717.9485 435.4496
718.0146 435.4321
717.9847 435.4396
718.0661 435.4149
718.1321 435.3967
718.1022 435.3706
718.1595 435.3882
718.153 435.3828
718.0762 435.3898
718.0566 435.3882
718.0563 435.4139
718.0977 435.4236
718.1595 435.445
718.1872 435.4134
718.1266 435.4227
718.1559 435.4533
718.153 435.4352
718.1182 435.4686
718.1452 435.4827
718.2044 435.4707
718.1257 435.4701
718.1849 435.4617
718.2021 435.4402
718.2383 435.4365
718.2067 435.4355
718.1725 435.4453
718.1741 435.4372
718.1677 435.4443
718.1699 435.4359
718.1647 435.4269
718.1741 435.416
718.1901 435.4142
718.181 435.4102
718.1755 435.4046
718.1741 435.401
718.1771 435.3962
718.1787 435.3879
718.2097 435.3667
718.2246 435.3709
718.222 435.3576
718.2341 435.3438
718.2526 435.3376
718.262 435.3579
718.2549 435.3475
718.2776 435.3478
718.2702 435.3423
718.2249 435.3439
718.2064 435.335
718.196 435.3431
718.196 435.3431
718.1813 435.3445
718.1816 435.3478
718.1907 435.3457
718.1946 435.3381
718.1989 435.3488
718.1804 435.3504
718.1582 435.3629
718.1448 435.3574
718.1579 435.3576
718.1553 435.3447
718.1595 435.3389
718.1484 435.3206
718.1543 435.3255
718.1536 435.317
718.1771 435.3133
718.1816 435.3089
718.1614 435.312
718.1563 435.3094
718.1475 435.3226
718.1563 435.3246
718.1602 435.3258
718.1634 435.3224
718.139 435.3252
718.1517 435.3197
718.1813 435.313
718.2087 435.3
718.2112 435.3076
718.2191 435.3044
718.2256 435.3076
718.2194 435.2951
718.2151 435.2881
718.2109 435.2814
718.2139 435.2786
718.2057 435.2728
718.1729 435.2837
718.1755 435.2785
718.2018 435.2717
718.2165 435.2634
718.251 435.2643
718.2425 435.2583
718.2399 435.2622
718.2194 435.2617
718.2028 435.2698
718.2041 435.2676
718.2015 435.2674
718.2214 435.2529
718.2048 435.2591
718.1882 435.258
718.1533 435.2622
718.1618 435.2567
718.1641 435.2531
718.1589 435.2407
718.1755 435.2318
718.1862 435.2266
718.1878 435.2334
718.1641 435.2357
718.1162 435.2372
718.114 435.2459
718.1133 435.2567
718.0986 435.2621
718.1058 435.2686
718.1194 435.2752
718.1146 435.276
718.1315 435.2689
718.1507 435.2853
718.1572 435.2796
718.1504 435.2809
718.1836 435.2781
718.1709 435.2821
718.1641 435.2874
718.1628 435.2914
718.1686 435.2928
718.1468 435.2936
718.1579 435.2826
718.1556 435.2785
718.1465 435.2694
718.1553 435.2536
718.1614 435.2515
718.1589 435.2586
718.1494 435.2538
718.1452 435.2503
718.1194 435.2476
718.1227 435.2497
718.1058 435.2643
718.1048 435.2746
718.0765 435.2772
718.069 435.2713
718.0625 435.2598
718.0527 435.2612
718.0306 435.2729
718.0156 435.2918
718.0059 435.3006
718.0127 435.297
718.0244 435.2922
718.0143 435.2887
718.0062 435.2897
718.0179 435.2965
718.0254 435.3008
717.9974 435.301
717.9782 435.2897
717.9583 435.2866
717.947 435.2859
717.946 435.2959
717.9648 435.2988
717.9909 435.3019
718.0114 435.2938
718.0296 435.291
718.0583 435.2847
718.0508 435.2904
718.0469 435.2969
718.0482 435.3037
718.0479 435.2965
718.0524 435.2801
718.0573 435.2736
718.0566 435.2801
718.0579 435.2878
718.0703 435.2957
718.0781 435.2936
718.0847 435.2948
718.0925 435.3016
718.0921 435.3148
718.0755 435.321
718.0882 435.3101
718.0989 435.3079
718.1204 435.3157
1920 435.311
1920 435.32
1920 435.3249
1920 435.3309
1920 435.3293
1920 435.334
1920 435.3338
1920 435.3329
1920 435.3408
1920 435.3387
1920 435.3338
1920 435.3366
1920 435.3367
1919.983 435.339
1919.967 435.3338
1919.939 435.3429
1919.948 435.3392
1919.925 435.3477
1919.935 435.3539
1919.951 435.3629
1919.952 435.3677
1919.978 435.3714
1919.992 435.3657
1919.972 435.3714
1919.983 435.3802
1919.977 435.402
1919.974 435.4023
1919.964 435.404
1919.974 435.3927
1919.958 435.3864
1919.966 435.3788
1919.984 435.3965
1919.995 435.3968
1920.022 435.3906
1920.033 435.3857
1920.004 435.3971
1920.006 435.3963
1920.014 435.4079
1920.015 435.4076
1920.026 435.424
1920.042 435.4365
1920.069 435.4468
1920.058 435.4583
1920.068 435.4414
1920.053 435.4396
1920.072 435.4364
1920.077 435.4271
1920.09 435.4319
1920.081 435.4321
1920.076 435.4313
1920.1 435.4134
1920.09 435.4141
1920.088 435.4157
1920.085 435.4072
1920.091 435.4061
1920.096 435.3936
1920.071 435.3822
1920.063 435.3831
1920.059 435.3771
1920.041 435.3831
1920.024 435.3839
1920.022 435.39
1920.018 435.3911
1920.051 435.3926
1920.054 435.377
1920.053 435.374
1920.058 435.369
1920.066 435.3756
1920.063 435.3729
1920.07 435.3602
1920.068 435.3491
1920.089 435.3485
1920.099 435.341
1920.123 435.3333
1920.136 435.3273
1920.143 435.3284
1920.143 435.3135
1920.156 435.3136
1920.161 435.3011
1920.164 435.3011
1920.157 435.2917
1920.16 435.2907
1920.173 435.2849
1920.194 435.2813
1920.21 435.2717
1920.24 435.2651
1920.273 435.2607
1920.272 435.2589
1920.26 435.2492
1920.255 435.2363
1920.276 435.2352
1920.274 435.2342
1920.259 435.2381
1920.256 435.2271
1920.262 435.2303
1920.266 435.2306
1920.255 435.2686
1920.273 435.3589
1920.31 435.4647
1920.32 435.7455
1920.424 436.154
1920.672 436.6092
1920.883 437.0942
1921.004 437.5441
1921.189 437.8968
1921.35 438.2349
1921.436 438.4556
1920 480
718.1348 435.1696
718.03 435.4121
718.042 435.3792
717.988 435.4015
717.9671 435.4072
717.9265 435.4194
717.9375 435.3994
717.9528 435.4286
717.9446 435.4448
717.9564 435.4233
717.9645 435.4461
717.9632 435.4316
717.9349 435.4334
717.972 435.4561
717.9593 435.4544
717.9251 435.438
718 435.4121
717.9485 435.4496
718.0146 435.4321
717.9847 435.4396
718.0661 435.4149
718.1321 435.3967
718.1022 435.3706
718.1595 435.3882
718.153 435.3828
718.0762 435.3898
718.0566 435.3882
718.0563 435.4139
718.0977 435.4236
718.1595 435.445
718.1872 435.4134
718.1266 435.4227
718.1559 435.4533
718.153 435.4352
718.1182 435.4686
718.1452 435.4827
718.2044 435.4707
718.1257 435.4701
718.1849 435.4617
718.2021 435.4402
718.2383 435.4365
718.2067 435.4355
718.1725 435.4453
718.1741 435.4372
718.1677 435.4443
718.1699 435.4359
718.1647 435.4269
718.1741 435.416
718.1901 435.4142
718.181 435.4102
718.1755 435.4046
718.1741 435.401
718.1771 435.3962
718.1787 435.3879
718.2097 435.3667
718.2246 435.3709
718.222 435.3576
718.2341 435.3438
718.2526 435.3376
718.262 435.3579
718.2549 435.3475
718.2776 435.3478
718.2702 435.3423
718.2249 435.3439
718.2064 435.335
718.196 435.3431
718.196 435.3431
718.1813 435.3445
718.1816 435.3478
718.1907 435.3457
718.1946 435.3381
718.1989 435.3488
718.1804 435.3504
718.1582 435.3629
718.1448 435.3574
718.1579 435.3576
718.1553 435.3447
718.1595 435.3389
718.1484 435.3206
718.1543 435.3255
718.1536 435.317
718.1771 435.3133
718.1816 435.3089
718.1614 435.312
718.1563 435.3094
718.1475 435.3226
718.1563 435.3246
718.1602 435.3258
718.1634 435.3224
718.139 435.3252
718.1517 435.3197
718.1813 435.313
718.2087 435.3
718.2112 435.3076
718.2191 435.3044
718.2256 435.3076
718.2194 435.2951
718.2151 435.2881
718.2109 435.2814
718.2139 435.2786
718.2057 435.2728
718.1729 435.2837
718.1755 435.2785
718.2018 435.2717
718.2165 435.2634
718.251 435.2643
718.2425 435.2583
718.2399 435.2622
718.2194 435.2617
718.2028 435.2698
718.2041 435.2676
718.2015 435.2674
718.2214 435.2529
718.2048 435.2591
718.1882 435.258
718.1533 435.2622
718.1618 435.2567
718.1641 435.2531
718.1589 435.2407
718.1755 435.2318
718.1862 435.2266
718.1878 435.2334
718.1641 435.2357
718.1162 435.2372
718.114 435.2459
718.1133 435.2567
718.0986 435.2621
718.1058 435.2686
718.1194 435.2752
718.1146 435.276
718.1315 435.2689
718.1507 435.2853
718.1572 435.2796
718.1504 435.2809
718.1836 435.2781
718.1709 435.2821
718.1641 435.2874
718.1628 435.2914
718.1686 435.2928
718.1468 435.2936
718.1579 435.2826
718.1556 435.2785
718.1465 435.2694
718.1553 435.2536
718.1614 435.2515
718.1589 435.2586
718.1494 435.2538
718.1452 435.2503
718.1194 435.2476
718.1227 435.2497
718.1058 435.2643
718.1048 435.2746
718.0765 435.2772
718.069 435.2713
718.0625 435.2598
718.0527 435.2612
718.0306 435.2729
718.0156 435.2918
718.0059 435.3006
718.0127 435.297
718.0244 435.2922
718.0143 435.2887
718.0062 435.2897
718.0179 435.2965
718.0254 435.3008
717.9974 435.301
717.9782 435.2897
717.9583 435.2866
717.947 435.2859
717.946 435.2959
717.9648 435.2988
717.9909 435.3019
718.0114 435.2938
718.0296 435.291
718.0583 435.2847
718.0508 435.2904
718.0469 435.2969
718.0482 435.3037
718.0479 435.2965
718.0524 435.2801
718.0573 435.2736
718.0566 435.2801
718.0579 435.2878
718.0703 435.2957
718.0781 435.2936
718.0847 435.2948
718.0925 435.3016
718.0921 435.3148
718.0755 435.321
718.0882 435.3101
718.0989 435.3079
718.1204 435.3157
1920 435.311
1920 435.32
1920 435.3249
1920 435.3309
1920 435.3293
1920 435.334
1920 435.3338
1920 435.3329
1920 435.3408
1920 435.3387
1920 435.3338
1920 435.3366
1920 435.3367
1919.983 435.339
1919.967 435.3338
1919.939 435.3429
1919.948 435.3392
1919.925 435.3477
1919.935 435.3539
1919.951 435.3629
1919.952 435.3677
1919.978 435.3714
1919.992 435.3657
1919.972 435.3714
1919.983 435.3802
1919.977 435.402
1919.974 435.4023
1919.964 435.404
1919.974 435.3927
1919.958 435.3864
1919.966 435.3788
1919.984 435.3965
1919.995 435.3968
1920.022 435.3906
1920.033 435.3857
1920.004 435.3971
1920.006 435.3963
1920.014 435.4079
1920.015 435.4076
1920.026 435.424
1920.042 435.4365
1920.069 435.4468
1920.058 435.4583
1920.068 435.4414
1920.053 435.4396
1920.072 435.4364
1920.077 435.4271
1920.09 435.4319
1920.081 435.4321
1920.076 435.4313
1920.1 435.4134
1920.09 435.4141
1920.088 435.4157
1920.085 435.4072
1920.091 435.4061
1920.096 435.3936
1920.071 435.3822
1920.063 435.3831
1920.059 435.3771
1920.041 435.3831
1920.024 435.3839
1920.022 435.39
1920.018 435.3911
1920.051 435.3926
1920.054 435.377
1920.053 435.374
1920.058 435.369
1920.066 435.3756
1920.063 435.3729
1920.07 435.3602
1920.068 435.3491
1920.089 435.3485
1920.099 435.341
1920.123 435.3333
1920.136 435.3273
1920.143 435.3284
1920.143 435.3135
1920.156 435.3136
1920.161 435.3011
1920.164 435.3011
1920.157 435.2917
1920.16 435.2907
1920.173 435.2849
1920.194 435.2813
1920.21 435.2717
1920.24 435.2651
1920.273 435.2607
1920.272 435.2589
1920.26 435.2492
1920.255 435.2363
1920.276 435.2352
1920.274 435.2342
1920.259 435.2381
1920.256 435.2271
1920.262 435.2303
1920.266 435.2306
1920.255 435.2686
1920.273 435.3589
1920.31 435.4647
1920.32 435.7455
1920.424 436.154
1920.672 436.6092
1920.883 437.0942
1921.004 437.5441
1921.189 437.8968
1921.35 438.2349
1921.436 438.4556
1921.527 438.4803
1921.588 438.2347
1921.602 437.8315
1921.52 437.3195
1921.503 437.0176
1921.283 437.0876
1921.078 437.1852
1921.19 437.3843
1921.277 437.5877
1921.206 437.5895
1921.058 437.5885
1920.9 437.7744
1920.768 438.0511
1920.59 438.3954
1920.168 438.9644
1919.672 439.6951
1919.199 440.5392
1918.714 441.3112
1917.934 441.8906
1916.251 442.4412
1915.696 442.5386
1914.553 442.6664
1913.531 442.8649
1912.66 443.3929
1912.017 444.1712
1911.797 445.1034
1912.063 445.9168
1912.051 446.6839
1911.491 447.5951
1910.526 448.7738
1908.894 450.5117
1907.177 452.0432
1905.33 453.5247
1903.514 454.9933
1901.97 456.3723
1900.592 457.7917
1899.134 459.2448
1897.778 460.3628
1896.321 461.3639
1894.767 462.2428
1893.192 463.117
1891.791 464.1057
1890.602 465.2053
1889.715 466.0871
1888.417 467.2332
1886.977 468.3136
1885.46 469.481
1884.1 470.7179
1883.009 471.8677
1882.017 472.9905
1881.167 473.9915
1880.451 474.9468
1879.823 475.9289
1879.22 476.989
1878.809 477.8039
1878.41 478.5459
1877.999 479.2415
1877.605 479.9188
1877.356 480.5353
1877.255 481.1065
1877.239 481.6696
1877.222 482.2711
1877.129 482.9003
1877.056 483.5944
1877.157 484.3163
1877.392 484.986
1877.676 485.6637
1877.951 486.3164
1878.228 486.9523
1878.488 487.587
1878.735 488.2116
1878.997 488.7521
1879.354 489.2753
1879.829 489.7215
1880.419 490.1274
1881.021 490.4827
1881.551 490.7771
1882.044 490.9815
1882.535 491.104
1883.067 491.1476
1883.607 491.1147
1884.187 491.0676
1884.709 491.0138
1885.196 490.9595
1885.621 490.8944
1885.94 490.826
1886.208 490.7549
1886.464 490.7054
1886.674 490.694
1886.846 490.7206
1886.966 490.7639
1887.062 490.8062
1887.122 490.8372
1887.172 490.8472
1887.199 490.8492
1887.157 490.8437
1887.009 490.8179
1886.765 490.756
1886.438 490.7023
1885.982 490.6476
1885.462 490.6143
1884.936 490.5953
1884.422 490.5832
1883.902 490.5931
1883.389 490.6494
1882.804 490.7802
1882.214 490.9744
1881.7 491.2089
1881.191 491.4893
1880.725 491.7858
1880.276 492.1019
1879.867 492.4021
1879.619 492.5904
1879.303 492.8509
1879.111 493.0788
1879.015 493.3571
1878.975 493.6402
1878.989 493.8903
1879.062 494.1099
1879.151 494.3107
1879.283 494.4942
1879.505 494.6526
1879.961 494.861
1880.416 495.0212
1880.856 495.1584
1881.301 495.3061
1881.773 495.4543
1882.215 495.6234
1882.724 495.8002
1883.176 495.9591
1883.588 496.0835
1884.007 496.1937
1884.459 496.2919
1884.894 496.383
1885.244 496.4567
1885.441 496.499
1885.551 496.5074
1885.612 496.476
1885.671 496.424
1885.721 496.3756
1885.707 496.3394
1885.638 496.3042
1885.493 496.2606
1885.331 496.199
1885.102 496.119
1884.861 496.0487
1884.631 496.0155
1884.376 495.9893
1884.131 495.9565
1883.853 495.8937
1883.555 495.8007
1883.282 495.698
1883.029 495.5832
1882.739 495.4627
1882.489 495.3737
1882.325 495.3124
1882.209 495.2581
1882.092 495.1902
1881.922 495.1259
1881.71 495.0593
1881.562 495.0246
1881.454 494.9964
1881.31 494.9945
1881.167 495.0373
1881.054 495.1151
1880.88 495.23
1880.741 495.3599
1880.587 495.487
1880.382 495.645
1880.183 495.8063
1880.044 495.9883
1879.935 496.165
1879.814 496.3302
1879.702 496.4797
1879.661 496.6346
1879.68 496.776
1879.739 496.9396
1879.828 497.1303
1879.971 497.3257
1880.086 497.5074
1880.234 497.6927
1880.444 497.8683
1880.687 497.9912
1880.895 498.0197
1881.096 498.0084
1881.417 498.0009
1881.856 497.9818
1882.128 497.9177
1882.238 497.8714
1882.34 497.8315
1882.47 497.7684
1882.478 497.6966
1882.389 497.6356
1882.271 497.582
1882.136 497.5765
1881.945 497.5842
1881.778 497.6023
1881.566 497.605
1881.299 497.5863
1880.888 497.5128
1880.43 497.4188
1879.97 497.2853
1879.634 497.1777
1879.287 497.0854
1878.925 497.0378
1878.465 497.0178
1877.98 497.0374
1877.48 497.0556
1876.974 497.0918
1876.477 497.1314
1876.065 497.2127
1875.835 497.3001
1875.783 497.4236
1875.832 497.5896
1875.831 497.7637
1875.815 497.8916
1875.819 498.0054
1875.881 498.1079
1876.021 498.2323
1876.23 498.3916
1876.435 498.6093
1876.589 498.8286
1876.692 499.0729
1876.77 499.3265
1876.792 499.5717
1876.813 499.7921
1876.82 500.004
1876.844 500.2233
1876.893 500.4734
1876.959 500.7815
1877.006 501.098
1877.017 501.3983
1876.98 501.679
1876.964 501.9263
1876.999 502.1835
1877.092 502.432
1877.264 502.6561
1877.501 502.8969
1877.8 503.0986
1878.118 503.2556
1878.447 503.3468
1878.812 503.376
1879.155 503.3498
1879.629 503.2527
1880.081 503.156
1880.601 503.0716
1881.176 503.0134
1881.728 502.9646
1882.11 502.9091
1882.324 502.831
1882.433 502.7624
1882.585 502.7189
1882.753 502.6664
1882.897 502.5787
1882.959 502.4974
1882.921 502.4247
1882.818 502.4081
1882.607 502.4047
1882.242 502.3994
1881.735 502.3624
1881.206 502.3015
1880.643 502.2312
1880.107 502.1837
1879.488 502.1412
1878.808 502.1115
1878.145 502.0914
1877.595 502.1036
1877.042 502.1349
1876.532 502.2055
1876.049 502.2862
1875.57 502.3729
1875.196 502.4528
1874.901 502.5423
1874.637 502.6374
1874.422 502.7573
1874.311 502.891
1874.296 503.0696
1874.35 503.2511
1874.397 503.4307
1874.482 503.5834
1874.649 503.7415
1874.847 503.9001
1875.1 504.1118
1875.36 504.3051
1875.54 504.4457
1875.779 504.6436
1875.992 504.8765
1876.229 505.0977
1876.423 505.3551
1876.568 505.6328
1876.721 505.9254
1876.891 506.194
1877.038 506.4682
1877.179 506.7465
1877.368 507.1028
1877.534 507.3816
1877.696 507.6495
1877.841 507.9287
1877.985 508.2172
1878.111 508.5133
1921.527 438.4803
1921.588 438.2347
1921.602 437.8315
1921.52 437.3195
1921.503 437.0176
1921.283 437.0876
1921.078 437.1852
1921.19 437.3843
1921.277 437.5877
1921.206 437.5895
1921.058 437.5885
1920.9 437.7744
1920.768 438.0511
1920.59 438.3954
1920.168 438.9644
1919.672 439.6951
1919.199 440.5392
1918.714 441.3112
1917.934 441.8906
1916.251 442.4412
1915.696 442.5386
1914.553 442.6664
1913.531 442.8649
1912.66 443.3929
1912.017 444.1712
1911.797 445.1034
1912.063 445.9168
1912.051 446.6839
1911.491 447.5951
1910.526 448.7738
1908.894 450.5117
1907.177 452.0432
1905.33 453.5247
1903.514 454.9933
1901.97 456.3723
1900.592 457.7917
1899.134 459.2448
1897.778 460.3628
1896.321 461.3639
1894.767 462.2428
1893.192 463.117
1891.791 464.1057
1890.602 465.2053
1889.715 466.0871
1888.417 467.2332
1886.977 468.3136
1885.46 469.481
1884.1 470.7179
1883.009 471.8677
1882.017 472.9905
1881.167 473.9915
1880.451 474.9468
1879.823 475.9289
1879.22 476.989
1878.809 477.8039
1878.41 478.5459
1877.999 479.2415
1877.605 479.9188
1877.356 480.5353
1877.255 481.1065
1877.239 481.6696
1877.222 482.2711
1877.129 482.9003
1877.056 483.5944
1877.157 484.3163
1877.392 484.986
1877.676 485.6637
1877.951 486.3164
1878.228 486.9523
1878.488 487.587
1878.735 488.2116
1878.997 488.7521
1879.354 489.2753
1879.829 489.7215
1880.419 490.1274
1881.021 490.4827
1881.551 490.7771
1882.044 490.9815
1882.535 491.104
1883.067 491.1476
1883.607 491.1147
1884.187 491.0676
1884.709 491.0138
1885.196 490.9595
1885.621 490.8944
1885.94 490.826
1886.208 490.7549
1886.464 490.7054
1886.674 490.694
1886.846 490.7206
1886.966 490.7639
1887.062 490.8062
1887.122 490.8372
1887.172 490.8472
1887.199 490.8492
1887.157 490.8437
1887.009 490.8179
1886.765 490.756
1886.438 490.7023
1885.982 490.6476
1885.462 490.6143
1884.936 490.5953
1884.422 490.5832
1883.902 490.5931
1883.389 490.6494
1882.804 490.7802
1882.214 490.9744
1881.7 491.2089
1881.191 491.4893
1880.725 491.7858
1880.276 492.1019
1879.867 492.4021
1879.619 492.5904
1879.303 492.8509
1879.111 493.0788
1879.015 493.3571
1878.975 493.6402
1878.989 493.8903
1879.062 494.1099
1879.151 494.3107
1879.283 494.4942
1879.505 494.6526
1879.961 494.861
1880.416 495.0212
1880.856 495.1584
1881.301 495.3061
1881.773 495.4543
1882.215 495.6234
1882.724 495.8002
1883.176 495.9591
1883.588 496.0835
1884.007 496.1937
1884.459 496.2919
1884.894 496.383
1885.244 496.4567
1885.441 496.499
1885.551 496.5074
1885.612 496.476
1885.671 496.424
1885.721 496.3756
1885.707 496.3394
1885.638 496.3042
1885.493 496.2606
1885.331 496.199
1885.102 496.119
1884.861 496.0487
1884.631 496.0155
1884.376 495.9893
1884.131 495.9565
1883.853 495.8937
1883.555 495.8007
1883.282 495.698
1883.029 495.5832
1882.739 495.4627
1882.489 495.3737
1882.325 495.3124
1882.209 495.2581
1882.092 495.1902
1881.922 495.1259
1881.71 495.0593
1881.562 495.0246
1881.454 494.9964
1881.31 494.9945
1881.167 495.0373
1881.054 495.1151
1880.88 495.23
1880.741 495.3599
1880.587 495.487
1880.382 495.645
1880.183 495.8063
1880.044 495.9883
1879.935 496.165
1879.814 496.3302
1879.702 496.4797
1879.661 496.6346
1879.68 496.776
1879.739 496.9396
1879.828 497.1303
1879.971 497.3257
1880.086 497.5074
1880.234 497.6927
1880.444 497.8683
1880.687 497.9912
1880.895 498.0197
1881.096 498.0084
1881.417 498.0009
1881.856 497.9818
1882.128 497.9177
1882.238 497.8714
1882.34 497.8315
1882.47 497.7684
1882.478 497.6966
1882.389 497.6356
1882.271 497.582
1882.136 497.5765
1881.945 497.5842
1881.778 497.6023
1881.566 497.605
1881.299 497.5863
1880.888 497.5128
1880.43 497.4188
1879.97 497.2853
1879.634 497.1777
1879.287 497.0854
1878.925 497.0378
1878.465 497.0178
1877.98 497.0374
1877.48 497.0556
1876.974 497.0918
1876.477 497.1314
1876.065 497.2127
1875.835 497.3001
1875.783 497.4236
1875.832 497.5896
1875.831 497.7637
1875.815 497.8916
1875.819 498.0054
1875.881 498.1079
1876.021 498.2323
1876.23 498.3916
1876.435 498.6093
1876.589 498.8286
1876.692 499.0729
1876.77 499.3265
1876.792 499.5717
1876.813 499.7921
1876.82 500.004
1876.844 500.2233
1876.893 500.4734
1876.959 500.7815
1877.006 501.098
1877.017 501.3983
1876.98 501.679
1876.964 501.9263
1876.999 502.1835
1877.092 502.432
1877.264 502.6561
1877.501 502.8969
1877.8 503.0986
1878.118 503.2556
1878.447 503.3468
1878.812 503.376
1879.155 503.3498
1879.629 503.2527
1880.081 503.156
1880.601 503.0716
1881.176 503.0134
1881.728 502.9646
1882.11 502.9091
1882.324 502.831
1882.433 502.7624
1882.585 502.7189
1882.753 502.6664
1882.897 502.5787
1882.959 502.4974
1882.921 502.4247
1882.818 502.4081
1882.607 502.4047
1882.242 502.3994
1881.735 502.3624
1881.206 502.3015
1880.643 502.2312
1880.107 502.1837
1879.488 502.1412
1878.808 502.1115
1878.145 502.0914
1877.595 502.1036
1877.042 502.1349
1876.532 502.2055
1876.049 502.2862
1875.57 502.3729
1875.196 502.4528
1874.901 502.5423
1874.637 502.6374
1874.422 502.7573
1874.311 502.891
1874.296 503.0696
1874.35 503.2511
1874.397 503.4307
1874.482 503.5834
1874.649 503.7415
1874.847 503.9001
1875.1 504.1118
1875.36 504.3051
1875.54 504.4457
1875.779 504.6436
1875.992 504.8765
1876.229 505.0977
1876.423 505.3551
1876.568 505.6328
1876.721 505.9254
1876.891 506.194
1877.038 506.4682
1877.179 506.7465
1877.368 507.1028
1877.534 507.3816
1877.696 507.6495
1877.841 507.9287
1877.985 508.2172
1878.111 508.5133
1878.226 508.8354
1878.348 509.1134
1878.501 509.3995
1878.673 509.6585
1878.837 509.8867
1878.98 510.1032
1879.188 510.3317
1879.374 510.5312
1879.55 510.7412
1879.738 510.9501
1879.893 511.1653
1880.044 511.3625
1880.235 511.5636
1880.398 511.7293
1880.565 511.8709
1880.738 511.9929
1880.865 512.0947
1880.973 512.1949
1881.05 512.2499
1881.173 512.3319
1881.142 512.313
1881.005 512.252
1880.867 512.1618
1880.747 512.0591
1880.641 511.9565
1880.492 511.8139
1880.264 511.672
1880.038 511.5163
1879.804 511.3553
1879.565 511.222
1879.273 511.0688
1879.04 510.969
1878.868 510.8706
1878.669 510.7676
1878.453 510.6601
1878.258 510.5591
1878.095 510.4652
1877.953 510.3645
1877.841 510.2701
1877.716 510.1885
1877.626 510.1369
1877.579 510.1188
1877.562 510.1055
1877.53 510.0921
1877.496 510.0815
1877.451 510.0759
1877.47 510.0875
1877.603 510.1178
1877.746 510.1437
1877.83 510.1755
1877.948 510.204
1878.111 510.2055
1878.169 510.1858
1878.202 510.1449
1878.281 510.0739
1878.385 510.0126
1878.412 509.963
1878.374 509.9446
1878.345 509.9319
1878.317 509.9318
1878.314 509.9343
1878.307 509.9431
1878.312 509.9531
1878.276 509.964
1878.289 509.9568
1878.348 509.9532
1878.431 509.9545
1878.51 509.9518
1878.56 509.9376
1878.61 509.9071
1878.668 509.8624
1878.762 509.7875
1878.889 509.7007
1879.05 509.6248
1879.207 509.5615
1879.31 509.49
1879.347 509.4065
1879.397 509.2956
1879.437 509.1911
1879.472 509.0966
1879.477 509.0376
1879.469 509.0061
1879.43 508.9815
1879.366 508.9589
1879.245 508.9239
1879.11 508.8921
1878.963 508.8677
1878.844 508.87
1878.708 508.8905
1878.567 508.8943
1878.422 508.9117
1878.269 508.9244
1878.121 508.9281
1878.001 508.9198
1877.881 508.8965
1877.729 508.8618
1877.627 508.8248
1877.555 508.783
1877.472 508.7417
1877.39 508.7227
1877.337 508.706
1877.31 508.6967
1877.331 508.6805
1877.36 508.6627
1877.383 508.6506
1877.412 508.6371
1877.476 508.6345
1877.57 508.6392
1877.689 508.6537
1877.793 508.6484
1877.875 508.622
1877.952 508.5758
1878.037 508.5111
1878.107 508.4364
1878.139 508.3712
1878.124 508.3079
1878.074 508.2256
1877.999 508.1606
1877.969 508.0909
1877.921 508.0576
1877.844 508.0355
1877.762 508.0408
1877.654 508.044
1877.567 508.0336
1877.511 508.0258
1877.445 508.0286
1877.342 508.0369
1877.236 508.0643
1877.184 508.0818
1877.159 508.093
1877.096 508.0897
1876.998 508.08
1876.904 508.0595
1876.797 508.0247
1876.703 507.9913
1876.611 507.9621
1876.551 507.9455
1876.504 507.9226
1876.453 507.9099
1876.442 507.8894
1876.41 507.8839
1876.364 507.8824
1876.351 507.8784
1876.338 507.8823
1876.307 507.8867
1876.29 507.89
1876.297 507.907
1876.297 507.9182
1876.29 507.9341
1876.295 507.9614
1876.287 508.0001
1876.26 508.038
1876.272 508.0473
1876.272 508.0268
1876.247 508.0042
1876.173 507.9957
1876.089 508.0131
1876.033 508.026
1876.003 508.0439
1876.003 508.0542
1875.999 508.0375
1875.976 508.0075
1875.927 507.9611
1875.87 507.924
1875.813 507.8996
1875.793 507.8694
1875.79 507.8644
1875.785 507.8392
1875.75 507.8245
1875.717 507.8261
1875.682 507.8442
1875.649 507.8641
1875.566 507.8743
1875.448 507.8875
1875.303 507.9129
1875.184 507.9541
1875.079 507.993
1875.011 508.0482
1874.92 508.1145
1874.811 508.2048
1874.676 508.2818
1874.53 508.3407
1874.494 508.3958
1874.502 508.4588
1874.513 508.5235
1874.542 508.5981
1874.577 508.6627
1874.645 508.7175
1874.679 508.7471
1874.706 508.7698
1874.785 508.8034
1874.899 508.8562
1875.032 508.9296
1875.134 509.0119
1875.224 509.0917
1875.306 509.163
1875.375 509.2264
1875.407 509.2606
1875.461 509.2797
1875.53 509.2996
1875.625 509.3333
1875.745 509.3463
1875.806 509.3706
1875.837 509.4034
1875.798 509.4605
1875.774 509.5314
1875.695 509.635
1875.656 509.7502
1875.629 509.9027
1875.572 510.0619
1875.494 510.2195
1875.438 510.3333
1875.44 510.471
1875.477 510.6201
1875.515 510.7751
1875.574 510.918
1875.652 511.0316
1875.731 511.0948
1875.786 511.1451
1875.887 511.2041
1876.023 511.2819
1876.157 511.3673
1876.285 511.4641
1876.41 511.5551
1876.505 511.6629
1876.641 511.7914
1876.731 511.9562
1876.739 512.1707
1876.629 512.4285
1876.467 512.7291
1876.311 513.0881
1876.108 513.438
1875.849 513.7818
1875.531 514.168
1875.135 514.6135
1874.74 515.1045
1874.283 515.6817
1873.774 516.2838
1873.145 516.9225
1872.497 517.5401
1871.724 518.2185
1871.013 518.8743
1870.317 519.531
1869.661 520.1343
1869.006 520.659
1868.307 521.1495
1867.621 521.5763
1867.002 521.9119
1866.491 522.1752
1866.098 522.3572
1865.849 522.4656
1865.682 522.5446
1865.617 522.5958
1865.653 522.6393
1865.767 522.6529
1865.949 522.613
1866.166 522.545
1866.492 522.4312
1866.875 522.2809
1867.394 522.0709
1868.086 521.7805
1868.776 521.4769
1869.498 521.1442
1870.192 520.7755
1870.873 520.3834
1871.555 519.9993
1872.269 519.6321
1872.918 519.2988
1873.46 518.9775
1873.89 518.6669
1874.277 518.3832
1874.597 518.1263
1874.873 517.9066
1875.033 517.7343
1875.084 517.649
1875.071 517.6205
1874.659 517.8187
1874.329 517.9419
1873.889 518.1038
1873.43 518.2952
1872.935 518.5097
1872.407 518.7195
1871.892 518.9185
1871.377 519.093
1870.844 519.2753
1870.322 519.4287
1869.881 519.5668
1869.529 519.6937
1869.298 519.8011
1868.818 519.903
1868.449 519.7958
1868.323 519.5125
1868.499 519.2302
1868.602 519.0827
1868.704 518.9316
1868.851 518.7651
1868.997 518.6284
1869.13 518.4933
1869.251 518.4081
1869.367 518.3362
1878.226 508.8354
1878.348 509.1134
1878.501 509.3995
1878.673 509.6585
1878.837 509.8867
1878.98 510.1032
1879.188 510.3317
1879.374 510.5312
1879.55 510.7412
1879.738 510.9501
1879.893 511.1653
1880.044 511.3625
1880.235 511.5636
1880.398 511.7293
1880.565 511.8709
1880.738 511.9929
1880.865 512.0947
1880.973 512.1949
1881.05 512.2499
1881.173 512.3319
1881.142 512.313
1881.005 512.252
1880.867 512.1618
1880.747 512.0591
1880.641 511.9565
1880.492 511.8139
1880.264 511.672
1880.038 511.5163
1879.804 511.3553
1879.565 511.222
1879.273 511.0688
1879.04 510.969
1878.868 510.8706
1878.669 510.7676
1878.453 510.6601
1878.258 510.5591
1878.095 510.4652
1877.953 510.3645
1877.841 510.2701
1877.716 510.1885
1877.626 510.1369
1877.579 510.1188
1877.562 510.1055
1877.53 510.0921
1877.496 510.0815
1877.451 510.0759
1877.47 510.0875
1877.603 510.1178
1877.746 510.1437
1877.83 510.1755
1877.948 510.204
1878.111 510.2055
1878.169 510.1858
1878.202 510.1449
1878.281 510.0739
1878.385 510.0126
1878.412 509.963
1878.374 509.9446
1878.345 509.9319
1878.317 509.9318
1878.314 509.9343
1878.307 509.9431
1878.312 509.9531
1878.276 509.964
1878.289 509.9568
1878.348 509.9532
1878.431 509.9545
1878.51 509.9518
1878.56 509.9376
1878.61 509.9071
1878.668 509.8624
1878.762 509.7875
1878.889 509.7007
1879.05 509.6248
1879.207 509.5615
1879.31 509.49
1879.347 509.4065
1879.397 509.2956
1879.437 509.1911
1879.472 509.0966
1879.477 509.0376
1879.469 509.0061
1879.43 508.9815
1879.366 508.9589
1879.245 508.9239
1879.11 508.8921
1878.963 508.8677
1878.844 508.87
1878.708 508.8905
1878.567 508.8943
1878.422 508.9117
1878.269 508.9244
1878.121 508.9281
1878.001 508.9198
1877.881 508.8965
1877.729 508.8618
1877.627 508.8248
1877.555 508.783
1877.472 508.7417
1877.39 508.7227
1877.337 508.706
1877.31 508.6967
1877.331 508.6805
1877.36 508.6627
1877.383 508.6506
1877.412 508.6371
1877.476 508.6345
1877.57 508.6392
1877.689 508.6537
1877.793 508.6484
1877.875 508.622
1877.952 508.5758
1878.037 508.5111
1878.107 508.4364
1878.139 508.3712
1878.124 508.3079
1878.074 508.2256
1877.999 508.1606
1877.969 508.0909
1877.921 508.0576
1877.844 508.0355
1877.762 508.0408
1877.654 508.044
1877.567 508.0336
1877.511 508.0258
1877.445 508.0286
1877.342 508.0369
1877.236 508.0643
1877.184 508.0818
1877.159 508.093
1877.096 508.0897
1876.998 508.08
1876.904 508.0595
1876.797 508.0247
1876.703 507.9913
1876.611 507.9621
1876.551 507.9455
1876.504 507.9226
1876.453 507.9099
1876.442 507.8894
1876.41 507.8839
1876.364 507.8824
1876.351 507.8784
1876.338 507.8823
1876.307 507.8867
1876.29 507.89
1876.297 507.907
1876.297 507.9182
1876.29 507.9341
1876.295 507.9614
1876.287 508.0001
1876.26 508.038
1876.272 508.0473
1876.272 508.0268
1876.247 508.0042
1876.173 507.9957
1876.089 508.0131
1876.033 508.026
1876.003 508.0439
1876.003 508.0542
1875.999 508.0375
1875.976 508.0075
1875.927 507.9611
1875.87 507.924
1875.813 507.8996
1875.793 507.8694
1875.79 507.8644
1875.785 507.8392
1875.75 507.8245
1875.717 507.8261
1875.682 507.8442
1875.649 507.8641
1875.566 507.8743
1875.448 507.8875
1875.303 507.9129
1875.184 507.9541
1875.079 507.993
1875.011 508.0482
1874.92 508.1145
1874.811 508.2048
1874.676 508.2818
1874.53 508.3407
1874.494 508.3958
1874.502 508.4588
1874.513 508.5235
1874.542 508.5981
1874.577 508.6627
1874.645 508.7175
1874.679 508.7471
1874.706 508.7698
1874.785 508.8034
1874.899 508.8562
1875.032 508.9296
1875.134 509.0119
1875.224 509.0917
1875.306 509.163
1875.375 509.2264
1875.407 509.2606
1875.461 509.2797
1875.53 509.2996
1875.625 509.3333
1875.745 509.3463
1875.806 509.3706
1875.837 509.4034
1875.798 509.4605
1875.774 509.5314
1875.695 509.635
1875.656 509.7502
1875.629 509.9027
1875.572 510.0619
1875.494 510.2195
1875.438 510.3333
1875.44 510.471
1875.477 510.6201
1875.515 510.7751
1875.574 510.918
1875.652 511.0316
1875.731 511.0948
1875.786 511.1451
1875.887 511.2041
1876.023 511.2819
1876.157 511.3673
1876.285 511.4641
1876.41 511.5551
1876.505 511.6629
1876.641 511.7914
1876.731 511.9562
1876.739 512.1707
1876.629 512.4285
1876.467 512.7291
1876.311 513.0881
1876.108 513.438
1875.849 513.7818
1875.531 514.168
1875.135 514.6135
1874.74 515.1045
1874.283 515.6817
1873.774 516.2838
1873.145 516.9225
1872.497 517.5401
1871.724 518.2185
1871.013 518.8743
1870.317 519.531
1869.661 520.1343
1869.006 520.659
1868.307 521.1495
1867.621 521.5763
1867.002 521.9119
1866.491 522.1752
1866.098 522.3572
1865.849 522.4656
1865.682 522.5446
1865.617 522.5958
1865.653 522.6393
1865.767 522.6529
1865.949 522.613
1866.166 522.545
1866.492 522.4312
1866.875 522.2809
1867.394 522.0709
1868.086 521.7805
1868.776 521.4769
1869.498 521.1442
1870.192 520.7755
1870.873 520.3834
1871.555 519.9993
1872.269 519.6321
1872.918 519.2988
1873.46 518.9775
1873.89 518.6669
1874.277 518.3832
1874.597 518.1263
1874.873 517.9066
1875.033 517.7343
1875.084 517.649
1875.071 517.6205
1874.659 517.8187
1874.329 517.9419
1873.889 518.1038
1873.43 518.2952
1872.935 518.5097
1872.407 518.7195
1871.892 518.9185
1871.377 519.093
1870.844 519.2753
1870.322 519.4287
1869.881 519.5668
1869.529 519.6937
1869.298 519.8011
1868.818 519.903
1868.449 519.7958
1868.323 519.5125
1868.499 519.2302
1868.602 519.0827
1868.704 518.9316
1868.851 518.7651
1868.997 518.6284
1869.13 518.4933
1869.251 518.4081
1869.367 518.3362
1869.535 518.3066
1869.701 518.2791
1869.814 518.2395
1869.865 518.1765
1869.91 518.1125
1869.994 517.9948
1870.083 517.8846
1870.224 517.7685
1870.362 517.6849
1870.423 517.6218
1870.419 517.5741
1870.435 517.5067
1870.454 517.4442
1870.485 517.3906
1870.522 517.362
1870.582 517.3568
1870.655 517.4022
1870.805 517.455
1871.027 517.5334
1871.222 517.6167
1871.355 517.7101
1871.443 517.7545
1871.528 517.7841
1871.617 517.7988
1871.72 517.808
1871.851 517.7645
1872.01 517.7094
1872.214 517.6412
1872.432 517.5975
1872.619 517.5666
1872.754 517.5311
1872.863 517.4995
1872.951 517.4767
1872.972 517.4542
1872.975 517.4312
1873.013 517.3929
1873.071 517.3668
1873.169 517.3586
1873.261 517.3969
1873.306 517.4473
1873.247 517.4893
1873.155 517.502
1873.068 517.5193
1873.009 517.536
1872.886 517.5994
1872.839 517.6927
1872.779 517.8139
1872.677 517.9374
1872.517 518.076
1872.364 518.2225
1872.29 518.4236
1872.354 518.6715
1872.442 518.9525
1872.464 519.2923
1872.34 519.6592
1872.108 520.0089
1871.794 520.4248
1871.544 520.8474
1871.333 521.2894
1871.112 521.7915
1870.806 522.3068
1870.391 522.8265
1869.787 523.4113
1869.201 523.9308
1868.675 524.4659
1868.3 525.0811
1868.128 525.8008
1868.176 526.6266
1868.47 527.5757
1869.059 528.4904
1869.678 529.1378
1870.67 529.9181
1872.16 530.7197
1874.145 531.4955
1876.748 532.3306
1879.333 533.1467
1882.141 533.7731
1885.244 533.8083
1888.094 533.0953
1890.467 531.6921
1892.426 529.5092
1893.737 527.2508
1894.842 524.4341
1895.562 521.0154
1895.925 516.7626
1895.87 512.7606
1895.601 508.2855
1895.181 504.0002
1894.391 499.7354
1893.08 495.2451
1891.457 490.9377
1889.932 486.8364
1888.656 482.6222
1887.53 478.6022
1886.254 474.7129
1884.76 470.8234
1883.221 467.2634
1881.843 464.0037
1880.449 460.8579
1879.156 457.8433
1878.005 455.1331
1876.943 452.3993
1875.947 450.0924
1875.058 447.9097
1874.318 446.0371
1873.838 444.2433
1873.451 442.6945
1872.95 441.1606
1872.471 439.93
1872.184 439.0239
1872.088 437.9725
1872.267 437.1167
1872.502 436.6252
1872.528 436.4336
1872.343 436.3896
1872.032 436.2155
1871.566 435.8761
1870.777 435.3963
1869.635 435.005
1867.718 434.9171
1866.035 435.2799
1864.524 435.8241
1862.908 436.5002
1861.24 437.2461
1859.494 438.174
1857.542 439.3279
1855.571 440.6198
1853.765 442.0306
1852.002 443.8118
1850.44 445.8934
1849.189 448.0939
1847.962 450.7749
1846.501 454.0965
1844.754 457.6377
1842.722 461.6183
1841.118 465.439
1839.522 469.2868
1837.112 473.1911
1834.178 476.787
1831.297 480.3232
1828.714 483.9656
1826.277 487.6834
1823.537 491.4283
1820.128 495.424
1816.795 498.9106
1813.212 502.3917
1809.501 505.5345
1805.505 508.3764
1801.311 510.8787
1797.107 513.1003
1793.058 514.8841
1789.165 516.161
1784.749 517.0707
1780.606 517.2941
1776.45 516.9794
1772.064 516.0693
1768.305 514.9372
1764.696 513.5151
1761.095 511.7833
1757.147 509.7731
1752.512 507.5122
1747.585 505.1685
1742.842 502.7641
1738.521 500.322
1734.511 497.7387
1730.379 494.7181
1726.619 491.7502
1722.807 488.7061
1719.249 485.9797
1716.616 483.9988
1713.496 481.5296
1710.734 479.0696
1708.115 476.5664
1705.603 473.9984
1703.523 471.4634
1701.788 469.1736
1700.373 467.8929
1699.662 467.4883
1699.411 467.2082
1699.023 466.6156
1698.64 465.9743
1698.362 465.5483
1698.33 465.3244
1698.984 465.2248
1700.581 465.1872
1702.703 465.304
1704.762 465.5708
1706.256 465.9463
1707.767 466.5466
1709.436 467.4158
1711.013 468.5389
1712.44 469.9027
1713.885 471.4342
1715.345 473.11
1716.633 474.9958
1717.523 476.9995
1718.217 479.027
1719.064 481.1993
1719.989 483.2232
1720.953 485.0128
1722.045 486.6709
1723.084 488.119
1723.887 489.4492
1724.411 490.8027
1724.589 492.0089
1724.626 492.9836
1724.596 493.6646
1724.428 493.9668
1724.109 493.9968
1723.736 493.8334
1723.374 493.5627
1722.87 493.1732
1721.985 492.5744
1720.738 491.7617
1719.368 490.8277
1717.961 489.7504
1716.602 488.6747
1715.264 487.5984
1713.75 486.4062
1712.09 485.1524
1710.259 483.8768
1708.182 482.5616
1706.187 481.3221
1704.092 480.0895
1701.765 478.7757
1699.544 477.6556
1697.159 476.576
1694.605 475.3622
1692.109 473.9604
1689.811 472.4787
1687.64 470.9229
1685.693 469.4463
1683.84 468.1097
1681.897 466.9297
1680.02 465.907
1678.204 464.924
1676.647 464.0285
1675.295 463.3652
1673.894 462.9269
1672.191 462.6948
1670.523 462.6714
1668.962 462.9254
1667.619 463.514
1666.433 464.5002
1665.385 465.6468
1664.252 467.1146
1663.169 468.7896
1662.322 470.5955
1661.7 472.7088
1661.344 475.0724
1661.185 477.6025
1661.245 480.4236
1661.628 483.2774
1662.303 486.1615
1663.127 488.6823
1664.063 491.174
1665.048 493.3853
1666.129 495.5194
1667.187 497.4137
1668.104 499.0525
1668.909 500.7432
1669.497 502.4238
1669.922 504.0412
1670.28 505.3427
1670.856 506.631
1671.146 507.0831
1671.775 507.9515
1672.183 508.7111
1672.13 509.1868
1671.566 509.2484
1670.727 509.0239
1669.848 508.5871
1669.007 508.1088
1667.895 507.538
1666.203 506.8631
1662.856 505.6724
1659.878 504.6337
1656.603 503.4829
1653.183 502.2826
1649.154 500.8762
1645.075 499.4669
1640.471 497.9732
1635.027 496.4435
1629.76 495.1603
1624.634 493.9891
1618.917 492.7483
1612.91 491.6017
1607.261 490.7115
1594.379 488.9091
1585.173 487.6116
1578.827 486.3844
1573.993 485.0378
1571.385 483.8828
1569.946 482.7941
1568.529 481.8507
1566.351 480.7867
1563.679 479.6702
1560.519 478.5827
1557.02 477.7598
1553.4 477.0637
1869.535 518.3066
1869.701 518.2791
1869.814 518.2395
1869.865 518.1765
1869.91 518.1125
1869.994 517.9948
1870.083 517.8846
1870.224 517.7685
1870.362 517.6849
1870.423 517.6218
1870.419 517.5741
1870.435 517.5067
1870.454 517.4442
1870.485 517.3906
1870.522 517.362
1870.582 517.3568
1870.655 517.4022
1870.805 517.455
1871.027 517.5334
1871.222 517.6167
1871.355 517.7101
1871.443 517.7545
1871.528 517.7841
1871.617 517.7988
1871.72 517.808
1871.851 517.7645
1872.01 517.7094
1872.214 517.6412
1872.432 517.5975
1872.619 517.5666
1872.754 517.5311
1872.863 517.4995
1872.951 517.4767
1872.972 517.4542
1872.975 517.4312
1873.013 517.3929
1873.071 517.3668
1873.169 517.3586
1873.261 517.3969
1873.306 517.4473
1873.247 517.4893
1873.155 517.502
1873.068 517.5193
1873.009 517.536
1872.886 517.5994
1872.839 517.6927
1872.779 517.8139
1872.677 517.9374
1872.517 518.076
1872.364 518.2225
1872.29 518.4236
1872.354 518.6715
1872.442 518.9525
1872.464 519.2923
1872.34 519.6592
1872.108 520.0089
1871.794 520.4248
1871.544 520.8474
1871.333 521.2894
1871.112 521.7915
1870.806 522.3068
1870.391 522.8265
1869.787 523.4113
1869.201 523.9308
1868.675 524.4659
1868.3 525.0811
1868.128 525.8008
1868.176 526.6266
1868.47 527.5757
1869.059 528.4904
1869.678 529.1378
1870.67 529.9181
1872.16 530.7197
1874.145 531.4955
1876.748 532.3306
1879.333 533.1467
1882.141 533.7731
1885.244 533.8083
1888.094 533.0953
1890.467 531.6921
1892.426 529.5092
1893.737 527.2508
1894.842 524.4341
1895.562 521.0154
1895.925 516.7626
1895.87 512.7606
1895.601 508.2855
1895.181 504.0002
1894.391 499.7354
1893.08 495.2451
1891.457 490.9377
1889.932 486.8364
1888.656 482.6222
1887.53 478.6022
1886.254 474.7129
1884.76 470.8234
1883.221 467.2634
1881.843 464.0037
1880.449 460.8579
1879.156 457.8433
1878.005 455.1331
1876.943 452.3993
1875.947 450.0924
1875.058 447.9097
1874.318 446.0371
1873.838 444.2433
1873.451 442.6945
1872.95 441.1606
1872.471 439.93
1872.184 439.0239
1872.088 437.9725
1872.267 437.1167
1872.502 436.6252
1872.528 436.4336
1872.343 436.3896
1872.032 436.2155
1871.566 435.8761
1870.777 435.3963
1869.635 435.005
1867.718 434.9171
1866.035 435.2799
1864.524 435.8241
1862.908 436.5002
1861.24 437.2461
1859.494 438.174
1857.542 439.3279
1855.571 440.6198
1853.765 442.0306
1852.002 443.8118
1850.44 445.8934
1849.189 448.0939
1847.962 450.7749
1846.501 454.0965
1844.754 457.6377
1842.722 461.6183
1841.118 465.439
1839.522 469.2868
1837.112 473.1911
1834.178 476.787
1831.297 480.3232
1828.714 483.9656
1826.277 487.6834
1823.537 491.4283
1820.128 495.424
1816.795 498.9106
1813.212 502.3917
1809.501 505.5345
1805.505 508.3764
1801.311 510.8787
1797.107 513.1003
1793.058 514.8841
1789.165 516.161
1784.749 517.0707
1780.606 517.2941
1776.45 516.9794
1772.064 516.0693
1768.305 514.9372
1764.696 513.5151
1761.095 511.7833
1757.147 509.7731
1752.512 507.5122
1747.585 505.1685
1742.842 502.7641
1738.521 500.322
1734.511 497.7387
1730.379 494.7181
1726.619 491.7502
1722.807 488.7061
1719.249 485.9797
1716.616 483.9988
1713.496 481.5296
1710.734 479.0696
1708.115 476.5664
1705.603 473.9984
1703.523 471.4634
1701.788 469.1736
1700.373 467.8929
1699.662 467.4883
1699.411 467.2082
1699.023 466.6156
1698.64 465.9743
1698.362 465.5483
1698.33 465.3244
1698.984 465.2248
1700.581 465.1872
1702.703 465.304
1704.762 465.5708
1706.256 465.9463
1707.767 466.5466
1709.436 467.4158
1711.013 468.5389
1712.44 469.9027
1713.885 471.4342
1715.345 473.11
1716.633 474.9958
1717.523 476.9995
1718.217 479.027
1719.064 481.1993
1719.989 483.2232
1720.953 485.0128
1722.045 486.6709
1723.084 488.119
1723.887 489.4492
1724.411 490.8027
1724.589 492.0089
1724.626 492.9836
1724.596 493.6646
1724.428 493.9668
1724.109 493.9968
1723.736 493.8334
1723.374 493.5627
1722.87 493.1732
1721.985 492.5744
1720.738 491.7617
1719.368 490.8277
1717.961 489.7504
1716.602 488.6747
1715.264 487.5984
1713.75 486.4062
1712.09 485.1524
1710.259 483.8768
1708.182 482.5616
1706.187 481.3221
1704.092 480.0895
1701.765 478.7757
1699.544 477.6556
1697.159 476.576
1694.605 475.3622
1692.109 473.9604
1689.811 472.4787
1687.64 470.9229
1685.693 469.4463
1683.84 468.1097
1681.897 466.9297
1680.02 465.907
1678.204 464.924
1676.647 464.0285
1675.295 463.3652
1673.894 462.9269
1672.191 462.6948
1670.523 462.6714
1668.962 462.9254
1667.619 463.514
1666.433 464.5002
1665.385 465.6468
1664.252 467.1146
1663.169 468.7896
1662.322 470.5955
1661.7 472.7088
1661.344 475.0724
1661.185 477.6025
1661.245 480.4236
1661.628 483.2774
1662.303 486.1615
1663.127 488.6823
1664.063 491.174
1665.048 493.3853
1666.129 495.5194
1667.187 497.4137
1668.104 499.0525
1668.909 500.7432
1669.497 502.4238
1669.922 504.0412
1670.28 505.3427
1670.856 506.631
1671.146 507.0831
1671.775 507.9515
1672.183 508.7111
1672.13 509.1868
1671.566 509.2484
1670.727 509.0239
1669.848 508.5871
1669.007 508.1088
1667.895 507.538
1666.203 506.8631
1662.856 505.6724
1659.878 504.6337
1656.603 503.4829
1653.183 502.2826
1649.154 500.8762
1645.075 499.4669
1640.471 497.9732
1635.027 496.4435
1629.76 495.1603
1624.634 493.9891
1618.917 492.7483
1612.91 491.6017
1607.261 490.7115
1594.379 488.9091
1585.173 487.6116
1578.827 486.3844
1573.993 485.0378
1571.385 483.8828
1569.946 482.7941
1568.529 481.8507
1566.351 480.7867
1563.679 479.6702
1560.519 478.5827
1557.02 477.7598
1553.4 477.0637
1544.945 475.692
1536.678 474.8927
1526.811 474.5942
1516.276 474.306
1511.303 474.1281
1506.787 474.0415
1501.811 473.9884
1497.647 474.0159
1493.794 473.9624
1490.591 473.8418
1486.582 473.4961
1483.906 473.1982
1481.681 472.8657
1480.086 472.6976
1478.542 472.5562
1476.935 472.4023
1475.3 472.1527
1473.868 471.8317
1473.076 471.4966
1472.942 471.1445
1473.344 470.8093
1474.248 470.4403
1475.569 470.09
1477.142 469.7433
1479.072 469.3092
1480.901 468.9286
1483.235 468.4543
1485.042 468.0151
1486.51 467.4857
1487.731 467.0356
1488.918 466.6504
1489.662 466.4354
1490.049 466.3149
1490.098 466.1136
1489.835 465.7834
1489.283 465.3999
1488.281 464.9847
1487.627 464.7031
1486.677 464.2404
1485.696 463.7036
1484.402 463.0033
1482.982 462.0877
1481.68 461.0184
1480.006 459.8525
1477.895 458.7064
1475.699 457.6554
1473.583 456.7233
1471.081 455.7215
1469.177 455.0164
1467.2 454.3385
1465.434 453.5869
1463.828 452.7766
1462.483 451.9111
1461.262 451.0296
1460.192 449.8898
1459.284 448.5322
1458.469 447.0223
1457.822 445.4232
1457.652 443.7793
1457.869 442.8812
1458.398 441.723
1459.029 440.6004
1459.651 439.734
1460.319 438.9971
1460.836 438.6707
1461.388 438.7272
1461.787 439.3535
1462.104 440.2769
1462.249 441.3045
1462.2 442.687
1462.076 443.9393
1461.984 445.09
1462.081 446.3413
1462.246 447.4186
1462.405 448.3265
1462.62 449.7642
1462.741 449.9855
1463.245 450.4217
1464.11 450.6934
1465.186 450.87
1466.674 451.1173
1468.628 451.5674
1470.464 452.0536
1472.464 452.4391
1474.295 452.6016
1475.923 452.617
1476.598 452.6209
1481.103 452.8701
1486.859 453.4235
1492.311 454.5319
1497.849 455.8101
1500.87 456.502
1504.863 457.8348
1508.947 459.5329
1513.327 461.6087
1517.432 463.6776
1521.736 466.0228
1526.166 468.4961
1531.134 471.188
1537.14 474.161
1542.838 476.7245
1549.425 479.5417
1556.521 482.6145
1562.719 485.3333
1568.917 487.941
1575.741 490.4898
1582.46 492.7668
1589.959 495.0697
1597.144 497.1501
1601.897 498.3716
1607.654 499.7736
1613.059 501.0325
1618.28 502.2496
1623.488 503.3901
1628.447 504.3608
1632.883 505.2522
1636.907 506.1325
1640.573 506.9306
1644.012 507.7629
1647.825 508.6695
1650.309 509.2413
1652.797 509.653
1655.428 509.995
1657.997 510.2169
1662.882 510.2888
1663.952 510.1895
1666.231 509.9767
1668.524 509.6116
1670.891 509.1777
1673.482 508.7401
1676.647 508.3674
1680.305 508.136
1684.26 507.9702
1688.033 507.6964
1691.728 507.2596
1695.26 506.7695
1699.009 506.1785
1706.117 505.336
1712.722 505.3682
1717.83 506.0103
1722.089 507.2022
1726.092 509.1024
1729.993 511.7588
1733.378 514.4346
1735.104 515.7278
1737.053 516.9491
1739.313 518.1755
1741.331 519.1869
1743.345 520.2147
1745.455 521.2496
1747.373 522.2604
1749.075 523.217
1750.562 524.1848
1752.12 525.3297
1753.388 526.4141
1754.629 527.5266
1755.897 528.7697
1756.979 529.9745
1758.018 531.2902
1759.136 532.6777
1760.304 534.1642
1761.338 535.6775
1762.355 537.3545
1763.373 538.9816
1764.257 540.3797
1765.068 541.7278
1765.639 542.9305
1766.055 543.9337
1766.427 544.8635
1766.621 545.5442
1766.622 546.1339
1766.562 546.7243
1766.549 547.4015
1766.627 548.1667
1766.747 549.1063
1766.875 550.0391
1766.946 550.9673
1766.98 551.7367
1767.067 552.4736
1767.164 553.1083
1767.246 553.6803
1767.35 554.2236
1767.608 554.6548
1767.9 554.9654
1768.261 555.1915
1768.627 555.3616
1768.966 555.5397
1769.32 555.6639
1769.901 555.7283
1770.965 555.6124
1772.436 555.2529
1774.075 554.7028
1775.818 554.0198
1777.576 553.4534
1779.464 553.0637
1781.433 552.857
1783.322 552.7657
1784.957 552.7327
1786.404 552.7397
1787.515 552.7911
1788.341 552.9081
1788.801 553.0919
1788.83 553.3387
1788.608 553.6348
1788.275 553.968
1787.942 554.3134
1787.54 554.6606
1787.013 554.9939
1786.362 555.3478
1785.804 555.6793
1785.298 555.9952
1784.818 556.3097
1784.273 556.6674
1783.648 557.0537
1783.064 557.4459
1782.58 557.8565
1782.137 558.3289
1781.777 558.7823
1781.561 559.2509
1781.461 559.7579
1781.488 560.2528
1781.563 560.7253
1781.606 561.0911
1781.517 561.3553
1781.373 561.5485
1781.295 561.6727
1781.289 561.7688
1781.263 561.8591
1781.228 561.9524
1781.169 562.0541
1781.077 562.1381
1781.006 562.1945
1780.954 562.2185
1780.828 562.2326
1780.663 562.2255
1780.519 562.2039
1780.368 562.1934
1780.214 562.1782
1780.034 562.1665
1779.878 562.1444
1779.721 562.1526
1779.591 562.1876
1779.535 562.2424
1779.497 562.2939
1779.453 562.2894
1779.386 562.2716
1779.348 562.2634
1779.399 562.2594
1779.538 562.2828
1779.665 562.3082
1779.779 562.3378
1779.872 562.3787
1779.933 562.413
1779.949 562.4217
1779.892 562.374
1779.823 562.2979
1779.825 562.2549
1779.881 562.248
1779.968 562.2841
1780.006 562.3569
1780.007 562.4268
1780.055 562.4862
1780.157 562.5215
1780.226 562.5713
1780.276 562.6172
1780.334 562.6642
1780.391 562.7044
1780.483 562.7181
1780.557 562.7348
1780.547 562.7599
1780.532 562.7949
1780.574 562.8123
1780.65 562.8144
1780.727 562.8283
1780.83 562.8462
1780.926 562.8735
1781.073 562.9106
1781.328 562.9387
1781.623 562.9859
1781.917 563.0498
1782.178 563.1158
1782.388 563.1556
1782.608 563.2039
1782.848 563.221
1783.134 563.1963
1783.33 563.144
1783.455 563.0737
1783.499 562.9942
1783.514 562.9081
1783.5 562.8469
1783.461 562.8148
1783.377 562.793
1783.241 562.7733
1783.117 562.752
1783.035 562.7186
1783.013 562.6653
1783.028 562.6313
1783.042 562.608
1782.994 562.6095
1782.916 562.623
1544.945 475.692
1536.678 474.8927
1526.811 474.5942
1516.276 474.306
1511.303 474.1281
1506.787 474.0415
1501.811 473.9884
1497.647 474.0159
1493.794 473.9624
1490.591 473.8418
1486.582 473.4961
1483.906 473.1982
1481.681 472.8657
1480.086 472.6976
1478.542 472.5562
1476.935 472.4023
1475.3 472.1527
1473.868 471.8317
1473.076 471.4966
1472.942 471.1445
1473.344 470.8093
1474.248 470.4403
1475.569 470.09
1477.142 469.7433
1479.072 469.3092
1480.901 468.9286
1483.235 468.4543
1485.042 468.0151
1486.51 467.4857
1487.731 467.0356
1488.918 466.6504
1489.662 466.4354
1490.049 466.3149
1490.098 466.1136
1489.835 465.7834
1489.283 465.3999
1488.281 464.9847
1487.627 464.7031
1486.677 464.2404
1485.696 463.7036
1484.402 463.0033
1482.982 462.0877
1481.68 461.0184
1480.006 459.8525
1477.895 458.7064
1475.699 457.6554
1473.583 456.7233
1471.081 455.7215
1469.177 455.0164
1467.2 454.3385
1465.434 453.5869
1463.828 452.7766
1462.483 451.9111
1461.262 451.0296
1460.192 449.8898
1459.284 448.5322
1458.469 447.0223
1457.822 445.4232
1457.652 443.7793
1457.869 442.8812
1458.398 441.723
1459.029 440.6004
1459.651 439.734
1460.319 438.9971
1460.836 438.6707
1461.388 438.7272
1461.787 439.3535
1462.104 440.2769
1462.249 441.3045
1462.2 442.687
1462.076 443.9393
1461.984 445.09
1462.081 446.3413
1462.246 447.4186
1462.405 448.3265
1462.62 449.7642
1462.741 449.9855
1463.245 450.4217
1464.11 450.6934
1465.186 450.87
1466.674 451.1173
1468.628 451.5674
1470.464 452.0536
1472.464 452.4391
1474.295 452.6016
1475.923 452.617
1476.598 452.6209
1481.103 452.8701
1486.859 453.4235
1492.311 454.5319
1497.849 455.8101
1500.87 456.502
1504.863 457.8348
1508.947 459.5329
1513.327 461.6087
1517.432 463.6776
1521.736 466.0228
1526.166 468.4961
1531.134 471.188
1537.14 474.161
1542.838 476.7245
1549.425 479.5417
1556.521 482.6145
1562.719 485.3333
1568.917 487.941
1575.741 490.4898
1582.46 492.7668
1589.959 495.0697
1597.144 497.1501
1601.897 498.3716
1607.654 499.7736
1613.059 501.0325
1618.28 502.2496
1623.488 503.3901
1628.447 504.3608
1632.883 505.2522
1636.907 506.1325
1640.573 506.9306
1644.012 507.7629
1647.825 508.6695
1650.309 509.2413
1652.797 509.653
1655.428 509.995
1657.997 510.2169
1662.882 510.2888
1663.952 510.1895
1666.231 509.9767
1668.524 509.6116
1670.891 509.1777
1673.482 508.7401
1676.647 508.3674
1680.305 508.136
1684.26 507.9702
1688.033 507.6964
1691.728 507.2596
1695.26 506.7695
1699.009 506.1785
1706.117 505.336
1712.722 505.3682
1717.83 506.0103
1722.089 507.2022
1726.092 509.1024
1729.993 511.7588
1733.378 514.4346
1735.104 515.7278
1737.053 516.9491
1739.313 518.1755
1741.331 519.1869
1743.345 520.2147
1745.455 521.2496
1747.373 522.2604
1749.075 523.217
1750.562 524.1848
1752.12 525.3297
1753.388 526.4141
1754.629 527.5266
1755.897 528.7697
1756.979 529.9745
1758.018 531.2902
1759.136 532.6777
1760.304 534.1642
1761.338 535.6775
1762.355 537.3545
1763.373 538.9816
1764.257 540.3797
1765.068 541.7278
1765.639 542.9305
1766.055 543.9337
1766.427 544.8635
1766.621 545.5442
1766.622 546.1339
1766.562 546.7243
1766.549 547.4015
1766.627 548.1667
1766.747 549.1063
1766.875 550.0391
1766.946 550.9673
1766.98 551.7367
1767.067 552.4736
1767.164 553.1083
1767.246 553.6803
1767.35 554.2236
1767.608 554.6548
1767.9 554.9654
1768.261 555.1915
1768.627 555.3616
1768.966 555.5397
1769.32 555.6639
1769.901 555.7283
1770.965 555.6124
1772.436 555.2529
1774.075 554.7028
1775.818 554.0198
1777.576 553.4534
1779.464 553.0637
1781.433 552.857
1783.322 552.7657
1784.957 552.7327
1786.404 552.7397
1787.515 552.7911
1788.341 552.9081
1788.801 553.0919
1788.83 553.3387
1788.608 553.6348
1788.275 553.968
1787.942 554.3134
1787.54 554.6606
1787.013 554.9939
1786.362 555.3478
1785.804 555.6793
1785.298 555.9952
1784.818 556.3097
1784.273 556.6674
1783.648 557.0537
1783.064 557.4459
1782.58 557.8565
1782.137 558.3289
1781.777 558.7823
1781.561 559.2509
1781.461 559.7579
1781.488 560.2528
1781.563 560.7253
1781.606 561.0911
1781.517 561.3553
1781.373 561.5485
1781.295 561.6727
1781.289 561.7688
1781.263 561.8591
1781.228 561.9524
1781.169 562.0541
1781.077 562.1381
1781.006 562.1945
1780.954 562.2185
1780.828 562.2326
1780.663 562.2255
1780.519 562.2039
1780.368 562.1934
1780.214 562.1782
1780.034 562.1665
1779.878 562.1444
1779.721 562.1526
1779.591 562.1876
1779.535 562.2424
1779.497 562.2939
1779.453 562.2894
1779.386 562.2716
1779.348 562.2634
1779.399 562.2594
1779.538 562.2828
1779.665 562.3082
1779.779 562.3378
1779.872 562.3787
1779.933 562.413
1779.949 562.4217
1779.892 562.374
1779.823 562.2979
1779.825 562.2549
1779.881 562.248
1779.968 562.2841
1780.006 562.3569
1780.007 562.4268
1780.055 562.4862
1780.157 562.5215
1780.226 562.5713
1780.276 562.6172
1780.334 562.6642
1780.391 562.7044
1780.483 562.7181
1780.557 562.7348
1780.547 562.7599
1780.532 562.7949
1780.574 562.8123
1780.65 562.8144
1780.727 562.8283
1780.83 562.8462
1780.926 562.8735
1781.073 562.9106
1781.328 562.9387
1781.623 562.9859
1781.917 563.0498
1782.178 563.1158
1782.388 563.1556
1782.608 563.2039
1782.848 563.221
1783.134 563.1963
1783.33 563.144
1783.455 563.0737
1783.499 562.9942
1783.514 562.9081
1783.5 562.8469
1783.461 562.8148
1783.377 562.793
1783.241 562.7733
1783.117 562.752
1783.035 562.7186
1783.013 562.6653
1783.028 562.6313
1783.042 562.608
1782.994 562.6095
1782.916 562.623
1782.845 562.6439
1782.701 562.6804
1782.525 562.723
1782.327 562.7443
1782.105 562.7819
1781.921 562.8229
1781.738 562.8721
1781.58 562.9388
1781.362 563.036
1781.183 563.1518
1781.05 563.2596
1781.019 563.3616
1780.99 563.4752
1780.945 563.6096
1780.868 563.7792
1780.809 563.986
1780.778 564.1609
1780.723 564.3103
1780.67 564.4476
1780.63 564.5728
1780.629 564.6835
1780.68 564.7922
1780.742 564.882
1780.766 564.9611
1780.768 565.0389
1780.776 565.1359
1780.888 565.2223
1781.038 565.3102
1781.241 565.3793
1781.404 565.4399
1781.503 565.4839
1781.567 565.5161
1781.609 565.5438
1781.652 565.5699
1781.648 565.5916
1781.618 565.6149
1781.626 565.6422
1781.636 565.6508
1781.687 565.6544
1781.737 565.6573
1781.795 565.6572
1781.848 565.6664
1781.881 565.6851
1781.907 565.699
1781.94 565.741
1781.96 565.7931
1781.964 565.8495
1781.934 565.8907
1781.935 565.927
1781.937 565.9383
1781.946 565.9327
1781.899 565.9091
1781.847 565.8843
1781.771 565.8577
1781.693 565.8593
1781.609 565.8841
1781.579 565.9413
1781.529 565.9996
1781.491 566.0662
1781.465 566.1329
1781.444 566.2113
1781.409 566.2873
1781.335 566.39
1781.27 566.5122
1781.227 566.6226
1781.191 566.6998
1781.168 566.7541
1781.162 566.7702
1781.161 566.7562
1781.182 566.7133
1781.194 566.6967
1781.169 566.6942
1781.089 566.7372
1781.026 566.7587
1780.95 566.7643
1780.872 566.7432
1780.866 566.7269
1780.898 566.6934
1780.921 566.6614
1780.965 566.6229
1780.97 566.5853
1780.957 566.5347
1780.979 566.4716
1780.993 566.4152
1781.005 566.3701
1780.947 566.3331
1780.83 566.288
1780.723 566.2318
1780.639 566.1874
1780.589 566.1482
1780.595 566.1161
1780.657 566.0927
1780.683 566.1024
1780.711 566.1359
1780.7 566.1842
1780.667 566.263
1780.657 566.3479
1780.677 566.4249
1780.761 566.4835
1780.915 566.526
1781.046 566.5526
1781.128 566.5547
1781.138 566.5554
1781.133 566.5547
1781.082 566.569
1781.043 566.5781
1780.996 566.5851
1780.933 566.6039
1780.866 566.6456
1780.834 566.6602
1780.747 566.6689
1780.613 566.6805
1780.458 566.6829
1780.307 566.6885
1780.16 566.7061
1780.04 566.752
1779.996 566.8087
1780.034 566.8737
1780.099 566.9609
1780.203 567.0635
1780.294 567.1641
1780.351 567.2379
1780.399 567.2868
1780.42 567.2969
1780.394 567.2969
1780.317 567.2746
1780.153 567.2273
1779.939 567.1865
1779.757 567.1829
1779.643 567.1788
1779.554 567.2015
1779.492 567.2321
1779.475 567.2825
1779.529 567.3198
1779.633 567.3848
1779.793 567.4691
1779.941 567.5639
1780.06 567.6522
1780.083 567.7305
1780.026 567.769
1779.968 567.801
1779.855 567.8266
1779.716 567.8613
1779.597 567.8709
1779.496 567.8851
1779.418 567.9128
1779.334 567.9487
1779.289 567.9836
1779.295 568.016
1779.407 568.0244
1779.646 568.0932
1779.873 568.2134
1780.166 568.2866
1780.442 568.3327
1780.653 568.405
1780.899 568.4609
1781.131 568.4691
1781.4 568.4375
1781.64 568.3929
1781.841 568.346
1781.966 568.3204
1782.067 568.3113
1782.161 568.3267
1782.209 568.3257
1782.215 568.335
1782.185 568.3424
1782.062 568.3343
1781.828 568.3566
1781.509 568.447
1781.112 568.6223
1780.763 568.8124
1780.286 569.1276
1779.788 569.5089
1779.257 569.9567
1778.662 570.4806
1777.978 571.0875
1777.24 571.754
1776.366 572.5139
1775.318 573.3686
1774.143 574.2547
1772.792 575.3202
1771.652 576.2664
1770.498 577.2638
1769.45 578.2
1768.428 579.1805
1767.52 580.1482
1766.696 581.1165
1766.01 582.0131
1765.461 582.7986
1765.002 583.5392
1764.655 584.2435
1764.525 584.763
1764.493 585.4036
1764.573 586.0432
1764.689 586.6489
1764.769 587.2492
1764.842 587.8413
1764.87 588.3658
1764.765 588.8982
1764.584 589.4721
1764.324 590.0447
1763.864 590.7632
1763.417 591.3174
1763.02 591.8203
1762.606 592.3055
1762.202 592.834
1761.75 593.3864
1761.258 593.9857
1760.773 594.4759
1760.266 594.9048
1759.758 595.2659
1759.227 595.6276
1758.643 595.95
1757.956 596.2634
1757.31 596.5104
1756.695 596.7558
1756.076 597.0342
1755.484 597.3774
1754.848 597.7718
1754.207 598.1667
1753.626 598.4878
1753.197 598.7251
1752.671 599.065
1752.187 599.4833
1751.75 599.9816
1751.293 600.5322
1750.801 601.1036
1750.158 601.7714
1749.467 602.4454
1748.72 603.2692
1747.936 604.1591
1746.913 605.3508
1746.138 606.2426
1745.387 607.1099
1744.595 608.0294
1743.743 609.0074
1742.89 609.974
1742.152 610.7681
1741.434 611.5006
1740.781 612.152
1740.172 612.767
1739.651 613.2787
1739.206 613.7425
1738.243 614.6803
1737.966 614.9547
1737.608 615.3547
1737.336 615.6783
1737.098 615.9222
1736.857 616.0914
1736.542 616.2527
1736.248 616.3812
1735.994 616.4843
1735.748 616.519
1735.5 616.4966
1735.13 616.4361
1734.732 616.4428
1734.218 616.5044
1733.555 616.6174
1732.797 616.7679
1731.87 616.9423
1730.753 617.166
1729.674 617.3768
1728.482 617.5996
1727.149 617.877
1725.795 618.2239
1724.378 618.6185
1723.065 618.9804
1721.622 619.3373
1720.153 619.6673
1718.719 620.0134
1717.269 620.4327
1715.895 620.9124
1714.492 621.4851
1713.104 622.113
1711.685 622.8145
1710.263 623.6036
1708.946 624.4341
1707.787 625.2553
1706.744 626.1499
1705.958 627.0104
1705.577 627.7497
1705.556 628.4965
1705.867 629.0939
1706.322 629.5861
1706.898 630.0527
1707.448 630.5137
1708.1 630.9621
1708.701 631.3411
1709.111 631.6044
1709.352 631.7813
1709.496 631.9284
1709.519 632.0709
1709.399 632.2092
1709.106 632.3521
1708.76 632.4576
1708.331 632.5005
1707.871 632.4843
1707.331 632.4084
1706.756 632.2981
1706.088 632.1614
1782.845 562.6439
1782.701 562.6804
1782.525 562.723
1782.327 562.7443
1782.105 562.7819
1781.921 562.8229
1781.738 562.8721
1781.58 562.9388
1781.362 563.036
1781.183 563.1518
1781.05 563.2596
1781.019 563.3616
1780.99 563.4752
1780.945 563.6096
1780.868 563.7792
1780.809 563.986
1780.778 564.1609
1780.723 564.3103
1780.67 564.4476
1780.63 564.5728
1780.629 564.6835
1780.68 564.7922
1780.742 564.882
1780.766 564.9611
1780.768 565.0389
1780.776 565.1359
1780.888 565.2223
1781.038 565.3102
1781.241 565.3793
1781.404 565.4399
1781.503 565.4839
1781.567 565.5161
1781.609 565.5438
1781.652 565.5699
1781.648 565.5916
1781.618 565.6149
1781.626 565.6422
1781.636 565.6508
1781.687 565.6544
1781.737 565.6573
1781.795 565.6572
1781.848 565.6664
1781.881 565.6851
1781.907 565.699
1781.94 565.741
1781.96 565.7931
1781.964 565.8495
1781.934 565.8907
1781.935 565.927
1781.937 565.9383
1781.946 565.9327
1781.899 565.9091
1781.847 565.8843
1781.771 565.8577
1781.693 565.8593
1781.609 565.8841
1781.579 565.9413
1781.529 565.9996
1781.491 566.0662
1781.465 566.1329
1781.444 566.2113
1781.409 566.2873
1781.335 566.39
1781.27 566.5122
1781.227 566.6226
1781.191 566.6998
1781.168 566.7541
1781.162 566.7702
1781.161 566.7562
1781.182 566.7133
1781.194 566.6967
1781.169 566.6942
1781.089 566.7372
1781.026 566.7587
1780.95 566.7643
1780.872 566.7432
1780.866 566.7269
1780.898 566.6934
1780.921 566.6614
1780.965 566.6229
1780.97 566.5853
1780.957 566.5347
1780.979 566.4716
1780.993 566.4152
1781.005 566.3701
1780.947 566.3331
1780.83 566.288
1780.723 566.2318
1780.639 566.1874
1780.589 566.1482
1780.595 566.1161
1780.657 566.0927
1780.683 566.1024
1780.711 566.1359
1780.7 566.1842
1780.667 566.263
1780.657 566.3479
1780.677 566.4249
1780.761 566.4835
1780.915 566.526
1781.046 566.5526
1781.128 566.5547
1781.138 566.5554
1781.133 566.5547
1781.082 566.569
1781.043 566.5781
1780.996 566.5851
1780.933 566.6039
1780.866 566.6456
1780.834 566.6602
1780.747 566.6689
1780.613 566.6805
1780.458 566.6829
1780.307 566.6885
1780.16 566.7061
1780.04 566.752
1779.996 566.8087
1780.034 566.8737
1780.099 566.9609
1780.203 567.0635
1780.294 567.1641
1780.351 567.2379
1780.399 567.2868
1780.42 567.2969
1780.394 567.2969
1780.317 567.2746
1780.153 567.2273
1779.939 567.1865
1779.757 567.1829
1779.643 567.1788
1779.554 567.2015
1779.492 567.2321
1779.475 567.2825
1779.529 567.3198
1779.633 567.3848
1779.793 567.4691
1779.941 567.5639
1780.06 567.6522
1780.083 567.7305
1780.026 567.769
1779.968 567.801
1779.855 567.8266
1779.716 567.8613
1779.597 567.8709
1779.496 567.8851
1779.418 567.9128
1779.334 567.9487
1779.289 567.9836
1779.295 568.016
1779.407 568.0244
1779.646 568.0932
1779.873 568.2134
1780.166 568.2866
1780.442 568.3327
1780.653 568.405
1780.899 568.4609
1781.131 568.4691
1781.4 568.4375
1781.64 568.3929
1781.841 568.346
1781.966 568.3204
1782.067 568.3113
1782.161 568.3267
1782.209 568.3257
1782.215 568.335
1782.185 568.3424
1782.062 568.3343
1781.828 568.3566
1781.509 568.447
1781.112 568.6223
1780.763 568.8124
1780.286 569.1276
1779.788 569.5089
1779.257 569.9567
1778.662 570.4806
1777.978 571.0875
1777.24 571.754
1776.366 572.5139
1775.318 573.3686
1774.143 574.2547
1772.792 575.3202
1771.652 576.2664
1770.498 577.2638
1769.45 578.2
1768.428 579.1805
1767.52 580.1482
1766.696 581.1165
1766.01 582.0131
1765.461 582.7986
1765.002 583.5392
1764.655 584.2435
1764.525 584.763
1764.493 585.4036
1764.573 586.0432
1764.689 586.6489
1764.769 587.2492
1764.842 587.8413
1764.87 588.3658
1764.765 588.8982
1764.584 589.4721
1764.324 590.0447
1763.864 590.7632
1763.417 591.3174
1763.02 591.8203
1762.606 592.3055
1762.202 592.834
1761.75 593.3864
1761.258 593.9857
1760.773 594.4759
1760.266 594.9048
1759.758 595.2659
1759.227 595.6276
1758.643 595.95
1757.956 596.2634
1757.31 596.5104
1756.695 596.7558
1756.076 597.0342
1755.484 597.3774
1754.848 597.7718
1754.207 598.1667
1753.626 598.4878
1753.197 598.7251
1752.671 599.065
1752.187 599.4833
1751.75 599.9816
1751.293 600.5322
1750.801 601.1036
1750.158 601.7714
1749.467 602.4454
1748.72 603.2692
1747.936 604.1591
1746.913 605.3508
1746.138 606.2426
1745.387 607.1099
1744.595 608.0294
1743.743 609.0074
1742.89 609.974
1742.152 610.7681
1741.434 611.5006
1740.781 612.152
1740.172 612.767
1739.651 613.2787
1739.206 613.7425
1738.243 614.6803
1737.966 614.9547
1737.608 615.3547
1737.336 615.6783
1737.098 615.9222
1736.857 616.0914
1736.542 616.2527
1736.248 616.3812
1735.994 616.4843
1735.748 616.519
1735.5 616.4966
1735.13 616.4361
1734.732 616.4428
1734.218 616.5044
1733.555 616.6174
1732.797 616.7679
1731.87 616.9423
1730.753 617.166
1729.674 617.3768
1728.482 617.5996
1727.149 617.877
1725.795 618.2239
1724.378 618.6185
1723.065 618.9804
1721.622 619.3373
1720.153 619.6673
1718.719 620.0134
1717.269 620.4327
1715.895 620.9124
1714.492 621.4851
1713.104 622.113
1711.685 622.8145
1710.263 623.6036
1708.946 624.4341
1707.787 625.2553
1706.744 626.1499
1705.958 627.0104
1705.577 627.7497
1705.556 628.4965
1705.867 629.0939
1706.322 629.5861
1706.898 630.0527
1707.448 630.5137
1708.1 630.9621
1708.701 631.3411
1709.111 631.6044
1709.352 631.7813
1709.496 631.9284
1709.519 632.0709
1709.399 632.2092
1709.106 632.3521
1708.76 632.4576
1708.331 632.5005
1707.871 632.4843
1707.331 632.4084
1706.756 632.2981
1706.088 632.1614
1705.49 632.0338
1705.046 631.9197
1704.637 631.8276
1704.176 631.7399
1703.741 631.6746
1703.292 631.619
1702.843 631.5697
1702.429 631.5592
1701.949 631.5914
1701.446 631.689
1700.942 631.8794
1700.346 632.2055
1699.836 632.603
1699.404 633.0574
1699.055 633.524
1698.864 633.9634
1698.757 634.401
1698.737 634.8775
1698.771 635.2867
1698.815 635.6436
1698.918 636.0365
1698.98 636.4565
1698.945 636.8716
1698.796 637.2831
1698.577 637.6968
1698.244 638.1454
1697.948 638.4776
1697.485 638.9586
1696.968 639.4139
1696.378 639.8054
1695.796 640.0912
1695.272 640.3214
1694.806 640.5851
1694.448 640.8298
1694.127 641.0436
1693.835 641.2388
1693.557 641.4384
1693.418 641.5788
1693.325 641.7292
1693.285 641.8704
1693.301 641.9894
1693.248 642.08
1693.193 642.1296
1693.13 642.1402
1693.042 642.1135
1692.899 642.068
1692.715 642.0229
1692.565 641.9863
1692.439 642.0012
1692.322 642.0441
1692.213 642.0966
1692.151 642.1589
1692.105 642.2238
1692.071 642.2775
1691.995 642.3322
1691.901 642.388
1691.791 642.4446
1691.695 642.4874
1691.625 642.5509
1691.51 642.6219
1691.369 642.6985
1691.208 642.7462
1690.967 642.7535
1690.704 642.7193
1690.425 642.6855
1690.075 642.679
1689.799 642.7093
1689.583 642.7479
1689.352 642.7807
1689.08 642.8073
1688.751 642.8628
1688.393 642.9634
1688.121 643.0659
1687.917 643.127
1687.657 643.1835
1687.359 643.2097
1687.049 643.2026
1686.647 643.1946
1686.237 643.1707
1685.845 643.1226
1685.431 643.0794
1685.03 643.0306
1684.615 643.0153
1684.195 643.0336
1683.807 643.08
1683.53 643.1248
1683.144 643.1801
1682.839 643.2124
1682.605 643.2303
1682.426 643.2247
1682.32 643.2289
1682.323 643.2104
1682.379 643.1815
1682.468 643.1154
1682.599 643.0513
1682.842 643.0055
1683.105 642.9797
1683.359 642.9924
1683.639 643.0461
1683.918 643.0919
1684.124 643.1243
1684.243 643.1653
1684.295 643.1735
1684.337 643.1833
1684.356 643.1675
1684.307 643.1337
1684.194 643.1027
1684.088 643.0714
1683.957 643.0604
1683.821 643.0518
1683.666 643.0614
1683.524 643.0814
1683.38 643.1187
1683.243 643.1708
1683.092 643.2393
1682.969 643.3247
1682.875 643.4134
1682.789 643.5154
1682.733 643.6042
1682.695 643.696
1682.684 643.7603
1682.683 643.7994
1682.703 643.8265
1682.74 643.8309
1682.812 643.8111
1682.854 643.7699
1682.856 643.7208
1682.863 643.6725
1682.872 643.6295
1682.836 643.6031
1682.796 643.5778
1682.678 643.5519
1682.521 643.5396
1682.368 643.5319
1682.173 643.5483
1681.956 643.556
1681.729 643.5657
1681.512 643.5878
1681.343 643.619
1681.19 643.6464
1681.068 643.6673
1680.99 643.6821
1680.992 643.6884
1681.016 643.6633
1681.001 643.6215
1680.953 643.5558
1680.906 643.4661
1680.864 643.3858
1680.772 643.318
1680.618 643.2494
1680.449 643.2025
1680.265 643.1647
1680.115 643.1292
1680.015 643.0878
1679.918 643.0458
1679.847 642.9875
1679.803 642.9419
1679.823 642.8898
1679.888 642.8273
1679.973 642.7344
1680.078 642.6373
1680.245 642.5323
1680.451 642.4008
1680.584 642.2502
1680.703 642.0742
1680.827 641.8803
1680.913 641.6989
1680.972 641.4848
1680.99 641.2953
1681.041 641.0737
1681.152 640.8283
1681.253 640.545
1681.332 640.2296
1681.437 639.8408
1681.572 639.4973
1681.739 639.183
1681.927 638.9261
1682.095 638.7395
1682.327 638.6177
1682.58 638.4684
1682.777 638.3624
1682.978 638.2459
1683.191 638.1215
1683.426 637.9852
1683.687 637.812
1683.927 637.5844
1684.105 637.3994
1684.26 637.2541
1684.42 637.1819
1684.585 637.1489
1684.711 637.1636
1684.816 637.1858
1684.887 637.1789
1685.004 637.1128
1685.152 636.9866
1685.264 636.8129
1685.331 636.6475
1685.416 636.4631
1685.594 636.2708
1685.872 636.0213
1686.222 635.7606
1686.736 635.399
1687.396 634.9599
1688.318 634.3394
1689.457 633.6276
1690.747 632.8152
1692.165 631.9113
1693.829 630.8455
1695.575 629.7034
1697.433 628.4847
1699.268 627.2814
1701.094 626.0568
1702.731 624.9323
1704.25 623.8282
1705.187 623.1129
1706.415 622.1729
1707.574 621.3015
1708.644 620.4813
1709.632 619.6935
1710.604 618.9382
1711.595 618.2115
1712.56 617.528
1713.729 616.7527
1714.971 615.9187
1716.536 614.899
1718.002 613.9575
1719.457 613.0055
1720.98 611.9604
1722.422 610.9117
1723.981 609.7361
1725.566 608.573
1727.563 607.093
1729.308 605.7838
1730.782 604.654
1732.36 603.4716
1733.987 602.207
1735.656 600.9426
1737.466 599.5316
1739.13 598.246
1740.673 597.0245
1742.386 595.6392
1744.202 594.2256
1746.123 592.8265
1748.445 591.1019
1750.535 589.5954
1752.693 588.0515
1754.802 586.5604
1756.89 585.0013
1758.885 583.4635
1760.966 581.7415
1762.696 580.1981
1764.359 578.5869
1766.033 576.8885
1767.172 575.6237
1768.563 573.9666
1769.989 572.1575
1771.285 570.5898
1772.712 568.912
1774.143 567.2611
1775.518 565.6188
1776.809 564.0773
1778.121 562.5241
1779.409 561.0116
1781.027 559.1367
1782.321 557.6433
1783.572 556.2079
1784.756 554.8322
1785.785 553.5234
1786.754 552.3029
1787.706 551.1608
1788.637 550.0776
1789.446 549.0861
1790.209 548.1207
1791.021 547.0984
1791.742 546.179
1792.473 545.1815
1793.08 544.3071
1793.646 543.4155
1794.139 542.5471
1794.662 541.7459
1795.201 540.9868
1795.828 540.1306
1796.429 539.3084
1796.91 538.6552
1797.612 537.8046
1798.449 536.9345
1799.386 536.1122
1800.455 535.256
1801.562 534.3849
1802.841 533.4322
1804.084 532.5005
1805.446 531.5427
1806.899 530.5875
1808.755 529.4283
1810.183 528.5493
1811.407 527.7177
1812.379 527.0099
1813.203 526.3739
1813.741 525.8132
1813.92 525.2732
1705.49 632.0338
1705.046 631.9197
1704.637 631.8276
1704.176 631.7399
1703.741 631.6746
1703.292 631.619
1702.843 631.5697
1702.429 631.5592
1701.949 631.5914
1701.446 631.689
1700.942 631.8794
1700.346 632.2055
1699.836 632.603
1699.404 633.0574
1699.055 633.524
1698.864 633.9634
1698.757 634.401
1698.737 634.8775
1698.771 635.2867
1698.815 635.6436
1698.918 636.0365
1698.98 636.4565
1698.945 636.8716
1698.796 637.2831
1698.577 637.6968
1698.244 638.1454
1697.948 638.4776
1697.485 638.9586
1696.968 639.4139
1696.378 639.8054
1695.796 640.0912
1695.272 640.3214
1694.806 640.5851
1694.448 640.8298
1694.127 641.0436
1693.835 641.2388
1693.557 641.4384
1693.418 641.5788
1693.325 641.7292
1693.285 641.8704
1693.301 641.9894
1693.248 642.08
1693.193 642.1296
1693.13 642.1402
1693.042 642.1135
1692.899 642.068
1692.715 642.0229
1692.565 641.9863
1692.439 642.0012
1692.322 642.0441
1692.213 642.0966
1692.151 642.1589
1692.105 642.2238
1692.071 642.2775
1691.995 642.3322
1691.901 642.388
1691.791 642.4446
1691.695 642.4874
1691.625 642.5509
1691.51 642.6219
1691.369 642.6985
1691.208 642.7462
1690.967 642.7535
1690.704 642.7193
1690.425 642.6855
1690.075 642.679
1689.799 642.7093
1689.583 642.7479
1689.352 642.7807
1689.08 642.8073
1688.751 642.8628
1688.393 642.9634
1688.121 643.0659
1687.917 643.127
1687.657 643.1835
1687.359 643.2097
1687.049 643.2026
1686.647 643.1946
1686.237 643.1707
1685.845 643.1226
1685.431 643.0794
1685.03 643.0306
1684.615 643.0153
1684.195 643.0336
1683.807 643.08
1683.53 643.1248
1683.144 643.1801
1682.839 643.2124
1682.605 643.2303
1682.426 643.2247
1682.32 643.2289
1682.323 643.2104
1682.379 643.1815
1682.468 643.1154
1682.599 643.0513
1682.842 643.0055
1683.105 642.9797
1683.359 642.9924
1683.639 643.0461
1683.918 643.0919
1684.124 643.1243
1684.243 643.1653
1684.295 643.1735
1684.337 643.1833
1684.356 643.1675
1684.307 643.1337
1684.194 643.1027
1684.088 643.0714
1683.957 643.0604
1683.821 643.0518
1683.666 643.0614
1683.524 643.0814
1683.38 643.1187
1683.243 643.1708
1683.092 643.2393
1682.969 643.3247
1682.875 643.4134
1682.789 643.5154
1682.733 643.6042
1682.695 643.696
1682.684 643.7603
1682.683 643.7994
1682.703 643.8265
1682.74 643.8309
1682.812 643.8111
1682.854 643.7699
1682.856 643.7208
1682.863 643.6725
1682.872 643.6295
1682.836 643.6031
1682.796 643.5778
1682.678 643.5519
1682.521 643.5396
1682.368 643.5319
1682.173 643.5483
1681.956 643.556
1681.729 643.5657
1681.512 643.5878
1681.343 643.619
1681.19 643.6464
1681.068 643.6673
1680.99 643.6821
1680.992 643.6884
1681.016 643.6633
1681.001 643.6215
1680.953 643.5558
1680.906 643.4661
1680.864 643.3858
1680.772 643.318
1680.618 643.2494
1680.449 643.2025
1680.265 643.1647
1680.115 643.1292
1680.015 643.0878
1679.918 643.0458
1679.847 642.9875
1679.803 642.9419
1679.823 642.8898
1679.888 642.8273
1679.973 642.7344
1680.078 642.6373
1680.245 642.5323
1680.451 642.4008
1680.584 642.2502
1680.703 642.0742
1680.827 641.8803
1680.913 641.6989
1680.972 641.4848
1680.99 641.2953
1681.041 641.0737
1681.152 640.8283
1681.253 640.545
1681.332 640.2296
1681.437 639.8408
1681.572 639.4973
1681.739 639.183
1681.927 638.9261
1682.095 638.7395
1682.327 638.6177
1682.58 638.4684
1682.777 638.3624
1682.978 638.2459
1683.191 638.1215
1683.426 637.9852
1683.687 637.812
1683.927 637.5844
1684.105 637.3994
1684.26 637.2541
1684.42 637.1819
1684.585 637.1489
1684.711 637.1636
1684.816 637.1858
1684.887 637.1789
1685.004 637.1128
1685.152 636.9866
1685.264 636.8129
1685.331 636.6475
1685.416 636.4631
1685.594 636.2708
1685.872 636.0213
1686.222 635.7606
1686.736 635.399
1687.396 634.9599
1688.318 634.3394
1689.457 633.6276
1690.747 632.8152
1692.165 631.9113
1693.829 630.8455
1695.575 629.7034
1697.433 628.4847
1699.268 627.2814
1701.094 626.0568
1702.731 624.9323
1704.25 623.8282
1705.187 623.1129
1706.415 622.1729
1707.574 621.3015
1708.644 620.4813
1709.632 619.6935
1710.604 618.9382
1711.595 618.2115
1712.56 617.528
1713.729 616.7527
1714.971 615.9187
1716.536 614.899
1718.002 613.9575
1719.457 613.0055
1720.98 611.9604
1722.422 610.9117
1723.981 609.7361
1725.566 608.573
1727.563 607.093
1729.308 605.7838
1730.782 604.654
1732.36 603.4716
1733.987 602.207
1735.656 600.9426
1737.466 599.5316
1739.13 598.246
1740.673 597.0245
1742.386 595.6392
1744.202 594.2256
1746.123 592.8265
1748.445 591.1019
1750.535 589.5954
1752.693 588.0515
1754.802 586.5604
1756.89 585.0013
1758.885 583.4635
1760.966 581.7415
1762.696 580.1981
1764.359 578.5869
1766.033 576.8885
1767.172 575.6237
1768.563 573.9666
1769.989 572.1575
1771.285 570.5898
1772.712 568.912
1774.143 567.2611
1775.518 565.6188
1776.809 564.0773
1778.121 562.5241
1779.409 561.0116
1781.027 559.1367
1782.321 557.6433
1783.572 556.2079
1784.756 554.8322
1785.785 553.5234
1786.754 552.3029
1787.706 551.1608
1788.637 550.0776
1789.446 549.0861
1790.209 548.1207
1791.021 547.0984
1791.742 546.179
1792.473 545.1815
1793.08 544.3071
1793.646 543.4155
1794.139 542.5471
1794.662 541.7459
1795.201 540.9868
1795.828 540.1306
1796.429 539.3084
1796.91 538.6552
1797.612 537.8046
1798.449 536.9345
1799.386 536.1122
1800.455 535.256
1801.562 534.3849
1802.841 533.4322
1804.084 532.5005
1805.446 531.5427
1806.899 530.5875
1808.755 529.4283
1810.183 528.5493
1811.407 527.7177
1812.379 527.0099
1813.203 526.3739
1813.741 525.8132
1813.92 525.2732
1813.889 524.7643
1813.693 524.3915
1813.344 524.1125
1812.879 523.981
1812.334 524.0162
1811.693 524.1917
1810.912 524.5122
1810.051 524.8984
1808.837 525.4053
1807.263 525.9254
1805.492 526.3703
1803.439 526.8145
1801.65 527.2133
1800.258 527.465
1798.263 527.7518
1796.094 527.8063
1794.04 527.6004
1792.001 527.2288
1789.812 526.775
1788.283 526.4099
1786.345 525.9001
1783.695 525.1688
1780.58 524.4106
1777.043 523.6522
1773.722 522.8999
1770.629 522.1092
1767.875 521.2201
1765.223 520.2157
1762.461 519.0596
1758.723 517.4615
1755.711 516.1777
1752.567 514.8073
1749.843 513.61
1747.148 512.5776
1744.523 511.741
1742.262 511.1042
1739.824 510.5024
1737.264 510.0373
1734.647 509.7827
1731.706 509.6202
1728.77 509.4688
1726.576 509.3367
1724.69 509.2563
1723.306 509.3237
1722.293 509.5607
1720.95 509.8391
1719.401 509.9671
1717.952 509.9979
1717.003 510.0482
1716.744 510.1199
1717.137 510.228
1717.995 510.4312
1718.68 510.6733
1719.249 510.9472
1720.032 511.3893
1721.215 512.0557
1722.753 512.8117
1724.662 513.5096
1726.424 514.1231
1728.1 514.8828
1729.636 515.7844
1731.261 516.8023
1733.064 517.9604
1735.034 519.2778
1736.865 520.4966
1738.697 521.6874
1740.331 522.6973
1741.673 523.5729
1742.66 524.2983
1743.463 524.8595
1744.22 525.211
1744.999 525.3792
1745.968 525.4496
1746.924 525.4089
1747.639 525.2272
1748.093 524.6768
1748.593 523.4409
1749.456 521.5182
1751.285 519.1668
1754.17 516.49
1757.662 514.085
1761.001 511.9864
1763.099 510.3608
1764.041 508.7594
1763.495 507.3042
1761.563 506.2578
1759.021 505.6773
1756.353 505.4241
1753.982 505.3811
1751.797 505.3587
1749.462 505.1978
1746.947 504.8939
1744.265 504.4887
1742.107 504.0307
1740.151 503.7096
1738.817 503.3665
1737.358 502.4845
1735.917 501.5195
1734.368 500.4817
1732.462 499.598
1730.66 498.9959
1729.241 498.5568
1728.112 498.1434
1727.389 497.7113
1726.894 497.3965
1726.347 497.3624
1725.81 497.5563
1725.394 497.7655
1725.298 498.0048
1725.848 498.5807
1727.223 499.6101
1729.417 501.0422
1731.787 502.3859
1733.921 503.5162
1735.662 504.8748
1736.524 506.5635
1736.875 508.2438
1737.111 509.6194
1737.423 510.6887
1737.735 511.7364
1737.942 513.1065
1737.602 514.696
1736.395 516.1638
1734.329 517.4224
1731.886 518.5152
1729.3 519.4216
1726.424 519.9343
1723.222 520.1075
1719.954 519.8488
1716.712 519.4926
1713.735 519.0631
1711.285 518.647
1709.031 518.2049
1706.538 517.6945
1703.935 517.1527
1701.356 516.4155
1699.861 515.3228
1700.458 513.8925
1703.282 512.2357
1707.353 510.5702
1711.831 508.9525
1716.952 507.2926
1722.381 505.6535
1727.851 503.9879
1733.203 502.2429
1737.927 500.5685
1742.276 499.0789
1746.84 497.7701
1751.06 496.8257
1754.897 496.1063
1757.961 495.578
1760.823 495.1755
1763.372 494.9682
1765.781 495.057
1768.194 495.4514
1770.596 495.9996
1773.639 496.6721
1776.767 497.3082
1780.17 497.9341
1784.139 498.6352
1788.656 499.3956
1793.698 500.2828
1799.383 501.3174
1804.739 502.3794
1809.815 503.5516
1815.066 504.9409
1820.615 506.5478
1826.301 508.2183
1831.777 509.8255
1836.974 511.3121
1841.844 512.6729
1847.121 514.0206
1852.378 515.2017
1857.511 516.1711
1862.76 516.9988
1867.195 517.5286
1870.088 517.787
1873.519 517.9126
1877.038 517.8674
1880.075 517.6141
1882.599 517.2207
1884.393 516.5913
1885.701 515.8324
1886.844 514.8082
1887.774 513.5701
1888.455 512.0466
1888.789 509.8708
1888.731 507.9057
1888.394 505.8726
1887.695 503.6646
1886.65 501.3261
1885.305 498.9052
1883.491 496.2599
1881.649 493.8603
1879.522 491.6278
1876.893 489.3881
1873.74 487.0987
1870.495 484.952
1866.968 482.7784
1863.391 480.7477
1859.582 478.7721
1855.822 477.0477
1852.164 475.5309
1848.54 474.1292
1844.23 472.4826
1840.356 471.0739
1837.099 470.0663
1834.558 469.481
1832.508 469.2072
1830.839 469.1859
1829.592 469.4855
1829.011 470.2262
1829.114 471.4181
1829.967 473.0916
1831.218 474.7471
1832.575 476.3353
1834.143 477.9531
1835.765 479.5501
1837.366 481.2679
1838.816 483.1793
1839.792 485.075
1840.388 486.8885
1840.819 488.7436
1841.08 490.6557
1841.128 492.548
1840.968 494.4307
1840.632 496.1054
1840.063 497.6631
1839.764 499.0328
1839.815 499.4365
1840.182 497.5554
1840.279 496.1157
1839.853 495.2882
1838.27 494.3466
1835.815 493.403
1834.718 491.9577
1835.849 490.8073
1838.075 490.0037
1839.249 489.9728
1839.792 490.1796
1840.289 490.2524
1841.142 490.1905
1841.967 490.1329
1842.411 490.0198
1842.672 489.6741
1843.125 489.075
1843.63 488.4076
1844.146 487.6634
1844.651 486.8007
1845.341 485.6126
1846.187 484.5371
1847.097 483.5497
1848.062 482.3654
1848.866 480.8958
1849.244 479.3376
1849.361 477.7249
1849.452 476.2803
1849.573 474.9466
1849.641 473.7414
1849.607 472.5933
1849.478 471.4731
1848.688 469.8669
1847.774 466.6541
1846.763 463.8865
1845.942 462.341
1846.038 461.2933
1845.698 460.8018
1844.582 460.3755
1844.06 460.0895
1843.965 459.9347
1844.134 459.6965
1844.426 459.4144
1844.563 459.1577
1844.521 458.8835
1844.506 458.5013
1844.503 458.1981
1844.506 457.6295
1844.38 456.9035
1843.972 456.1951
1843.797 455.5552
1843.823 455.0974
1843.78 454.9253
1843.71 454.8905
1843.639 454.903
1843.561 454.8986
1843.53 454.8628
1843.603 454.8872
1843.784 454.9479
1843.952 454.9637
1844.013 454.9544
1844.031 454.9318
1844.005 454.9299
1843.958 454.912
1843.932 454.8659
1843.919 454.8454
1843.939 454.8426
1844.031 454.8499
1843.982 454.8444
1843.917 454.8032
1843.937 454.7762
1813.889 524.7643
1813.693 524.3915
1813.344 524.1125
1812.879 523.981
1812.334 524.0162
1811.693 524.1917
1810.912 524.5122
1810.051 524.8984
1808.837 525.4053
1807.263 525.9254
1805.492 526.3703
1803.439 526.8145
1801.65 527.2133
1800.258 527.465
1798.263 527.7518
1796.094 527.8063
1794.04 527.6004
1792.001 527.2288
1789.812 526.775
1788.283 526.4099
1786.345 525.9001
1783.695 525.1688
1780.58 524.4106
1777.043 523.6522
1773.722 522.8999
1770.629 522.1092
1767.875 521.2201
1765.223 520.2157
1762.461 519.0596
1758.723 517.4615
1755.711 516.1777
1752.567 514.8073
1749.843 513.61
1747.148 512.5776
1744.523 511.741
1742.262 511.1042
1739.824 510.5024
1737.264 510.0373
1734.647 509.7827
1731.706 509.6202
1728.77 509.4688
1726.576 509.3367
1724.69 509.2563
1723.306 509.3237
1722.293 509.5607
1720.95 509.8391
1719.401 509.9671
1717.952 509.9979
1717.003 510.0482
1716.744 510.1199
1717.137 510.228
1717.995 510.4312
1718.68 510.6733
1719.249 510.9472
1720.032 511.3893
1721.215 512.0557
1722.753 512.8117
1724.662 513.5096
1726.424 514.1231
1728.1 514.8828
1729.636 515.7844
1731.261 516.8023
1733.064 517.9604
1735.034 519.2778
1736.865 520.4966
1738.697 521.6874
1740.331 522.6973
1741.673 523.5729
1742.66 524.2983
1743.463 524.8595
1744.22 525.211
1744.999 525.3792
1745.968 525.4496
1746.924 525.4089
1747.639 525.2272
1748.093 524.6768
1748.593 523.4409
1749.456 521.5182
1751.285 519.1668
1754.17 516.49
1757.662 514.085
1761.001 511.9864
1763.099 510.3608
1764.041 508.7594
1763.495 507.3042
1761.563 506.2578
1759.021 505.6773
1756.353 505.4241
1753.982 505.3811
1751.797 505.3587
1749.462 505.1978
1746.947 504.8939
1744.265 504.4887
1742.107 504.0307
1740.151 503.7096
1738.817 503.3665
1737.358 502.4845
1735.917 501.5195
1734.368 500.4817
1732.462 499.598
1730.66 498.9959
1729.241 498.5568
1728.112 498.1434
1727.389 497.7113
1726.894 497.3965
1726.347 497.3624
1725.81 497.5563
1725.394 497.7655
1725.298 498.0048
1725.848 498.5807
1727.223 499.6101
1729.417 501.0422
1731.787 502.3859
1733.921 503.5162
1735.662 504.8748
1736.524 506.5635
1736.875 508.2438
1737.111 509.6194
1737.423 510.6887
1737.735 511.7364
1737.942 513.1065
1737.602 514.696
1736.395 516.1638
1734.329 517.4224
1731.886 518.5152
1729.3 519.4216
1726.424 519.9343
1723.222 520.1075
1719.954 519.8488
1716.712 519.4926
1713.735 519.0631
1711.285 518.647
1709.031 518.2049
1706.538 517.6945
1703.935 517.1527
1701.356 516.4155
1699.861 515.3228
1700.458 513.8925
1703.282 512.2357
1707.353 510.5702
1711.831 508.9525
1716.952 507.2926
1722.381 505.6535
1727.851 503.9879
1733.203 502.2429
1737.927 500.5685
1742.276 499.0789
1746.84 497.7701
1751.06 496.8257
1754.897 496.1063
1757.961 495.578
1760.823 495.1755
1763.372 494.9682
1765.781 495.057
1768.194 495.4514
1770.596 495.9996
1773.639 496.6721
1776.767 497.3082
1780.17 497.9341
1784.139 498.6352
1788.656 499.3956
1793.698 500.2828
1799.383 501.3174
1804.739 502.3794
1809.815 503.5516
1815.066 504.9409
1820.615 506.5478
1826.301 508.2183
1831.777 509.8255
1836.974 511.3121
1841.844 512.6729
1847.121 514.0206
1852.378 515.2017
1857.511 516.1711
1862.76 516.9988
1867.195 517.5286
1870.088 517.787
1873.519 517.9126
1877.038 517.8674
1880.075 517.6141
1882.599 517.2207
1884.393 516.5913
1885.701 515.8324
1886.844 514.8082
1887.774 513.5701
1888.455 512.0466
1888.789 509.8708
1888.731 507.9057
1888.394 505.8726
1887.695 503.6646
1886.65 501.3261
1885.305 498.9052
1883.491 496.2599
1881.649 493.8603
1879.522 491.6278
1876.893 489.3881
1873.74 487.0987
1870.495 484.952
1866.968 482.7784
1863.391 480.7477
1859.582 478.7721
1855.822 477.0477
1852.164 475.5309
1848.54 474.1292
1844.23 472.4826
1840.356 471.0739
1837.099 470.0663
1834.558 469.481
1832.508 469.2072
1830.839 469.1859
1829.592 469.4855
1829.011 470.2262
1829.114 471.4181
1829.967 473.0916
1831.218 474.7471
1832.575 476.3353
1834.143 477.9531
1835.765 479.5501
1837.366 481.2679
1838.816 483.1793
1839.792 485.075
1840.388 486.8885
1840.819 488.7436
1841.08 490.6557
1841.128 492.548
1840.968 494.4307
1840.632 496.1054
1840.063 497.6631
1839.764 499.0328
1839.815 499.4365
1840.182 497.5554
1840.279 496.1157
1839.853 495.2882
1838.27 494.3466
1835.815 493.403
1834.718 491.9577
1835.849 490.8073
1838.075 490.0037
1839.249 489.9728
1839.792 490.1796
1840.289 490.2524
1841.142 490.1905
1841.967 490.1329
1842.411 490.0198
1842.672 489.6741
1843.125 489.075
1843.63 488.4076
1844.146 487.6634
1844.651 486.8007
1845.341 485.6126
1846.187 484.5371
1847.097 483.5497
1848.062 482.3654
1848.866 480.8958
1849.244 479.3376
1849.361 477.7249
1849.452 476.2803
1849.573 474.9466
1849.641 473.7414
1849.607 472.5933
1849.478 471.4731
1848.688 469.8669
1847.774 466.6541
1846.763 463.8865
1845.942 462.341
1846.038 461.2933
1845.698 460.8018
1844.582 460.3755
1844.06 460.0895
1843.965 459.9347
1844.134 459.6965
1844.426 459.4144
1844.563 459.1577
1844.521 458.8835
1844.506 458.5013
1844.503 458.1981
1844.506 457.6295
1844.38 456.9035
1843.972 456.1951
1843.797 455.5552
1843.823 455.0974
1843.78 454.9253
1843.71 454.8905
1843.639 454.903
1843.561 454.8986
1843.53 454.8628
1843.603 454.8872
1843.784 454.9479
1843.952 454.9637
1844.013 454.9544
1844.031 454.9318
1844.005 454.9299
1843.958 454.912
1843.932 454.8659
1843.919 454.8454
1843.939 454.8426
1844.031 454.8499
1843.982 454.8444
1843.917 454.8032
1843.937 454.7762
