1920 480
788.8962 455.3968
789.181 455.5005
789.1667 455.5364
789.1064 455.5207
789.0192 455.5044
789.0319 455.5189
789.1155 455.5176
789.0654 455.4766
789.028 455.4961
789.0452 455.4878
789.0491 455.4691
789.0469 455.4632
789.0446 455.4575
788.8132 455.4372
788.9258 455.4577
788.9385 455.4359
788.9437 455.449
788.9678 455.4456
788.9033 455.46
788.9502 455.4429
788.8454 455.4385
788.8018 455.4445
788.8425 455.4248
788.7864 455.4341
788.7598 455.4429
788.7116 455.4297
788.764 455.4331
788.7425 455.4455
788.7659 455.4359
788.7314 455.4407
788.7617 455.4344
788.7207 455.416
788.7422 455.4222
788.7682 455.3976
788.7529 455.4141
788.7927 455.4152
788.8089 455.4313
788.8193 455.4328
788.752 455.4211
788.8021 455.4141
788.8232 455.4092
788.749 455.431
788.819 455.4247
788.7894 455.3993
788.8044 455.4093
788.8037 455.4119
788.8105 455.417
788.8125 455.4199
788.8132 455.424
788.7891 455.4259
788.7998 455.4175
788.803 455.4254
788.805 455.433
788.7927 455.4414
788.7979 455.4419
788.832 455.4369
788.8157 455.4331
788.821 455.4326
788.8122 455.4318
788.8174 455.4189
788.8122 455.4154
788.7783 455.4298
788.7741 455.3993
788.7529 455.3485
788.6758 455.3664
788.6771 455.3742
788.7002 455.3623
1920 455.4391
1920 455.5111
1920 455.5405
1920 455.5851
1920 455.5985
1920 455.5775
1920 455.5278
1920 455.457
1920 455.3997
1920 455.4142
1920 455.4645
1920.049 455.4349
1919.937 455.4071
1919.935 455.3939
1920.009 455.3963
1920.046 455.4048
1920.042 455.3874
1920.059 455.3739
1920.044 455.3853
1920.059 455.3856
1920.1 455.3786
1920.093 455.3739
1920.059 455.3719
1920.054 455.3714
1920.044 455.369
1920.011 455.3607
1920.017 455.3503
1920.027 455.3519
1920.029 455.3569
1920.029 455.3582
1920.02 455.3547
1919.993 455.3537
1919.966 455.3685
1919.984 455.3639
1920.008 455.3669
1920.02 455.3625
1920.021 455.3595
1920.02 455.3693
1920.001 455.3818
1919.987 455.3587
1920.012 455.2794
1919.971 455.353
1919.998 455.3249
1920.064 455.2248
1919.966 455.1932
1920.005 455.2044
1920.024 455.1846
1919.921 455.1563
1919.918 455.1006
1919.969 455.0428
1919.98 454.9131
1919.964 454.8831
1920.038 454.9116
1920.09 454.9105
1919.966 454.8939
1919.862 454.8535
1919.742 454.787
1919.463 454.7261
1919.143 454.6024
1918.927 454.4697
1918.807 454.3649
1918.563 454.2324
1918.129 454.0767
1917.416 453.9499
1916.527 453.7943
1915.767 453.7246
1915.388 453.8789
1915.288 454.2834
1915.258 454.8701
1915.172 455.5944
1915.057 456.1491
1915.146 456.3057
1915.296 456.5815
1915.401 457.1481
1915.469 458.2539
1915.443 460.2212
1915.295 462.5544
1915.887 464.6006
1916.979 466.1063
1918.794 466.7062
1921.084 467.1357
1922.891 467.7171
1925.377 468.7816
1927.869 469.9028
1930.269 470.5493
1933.204 470.8703
1936.792 470.9941
1940.482 471.256
1944.201 471.6776
1947.802 471.9854
1951.185 471.8999
1955.208 471.3532
1958.293 470.7046
1961.066 470.0168
1963.869 469.2912
1966.642 468.5252
1969.255 467.6532
1971.723 466.5723
1973.86 465.4212
1975.745 464.438
1977.404 463.6447
1978.801 463.0457
1979.985 462.6258
1981.131 462.187
1982.046 461.7882
1982.734 461.5291
1983.087 461.5075
1983.06 461.7038
1982.68 462.0584
1981.907 462.458
1980.927 462.8499
1979.708 463.3586
1978.346 464.0112
1976.959 464.7863
1975.413 465.7868
1973.722 467.0024
1971.876 468.3358
1970.355 469.3729
1968.363 470.5898
1966.313 471.5984
1964.255 472.3859
1962.33 472.929
1960.544 473.3004
1958.871 473.5339
1957.301 473.6626
1955.489 473.675
1953.406 473.6328
1949.946 473.6766
1946.848 473.8781
1943.583 474.2379
1940.236 474.7422
1936.796 475.5116
1933.568 476.5729
1930.195 477.998
1926.766 479.6815
1923.014 481.7628
1918.904 484.3279
1914.907 487.121
1911.231 490.0095
1907.645 493.2379
1904.229 496.6884
1900.942 500.2549
1897.401 504.0876
1893.769 508.0938
1890.421 511.8895
1886.896 516.0463
1883.67 520.1592
1880.43 524.5338
1876.918 529.1768
1873.511 533.5524
1870.011 537.7366
1866.465 541.6
1862.906 545.2183
1859.721 548.4077
1856.391 551.6876
1853.315 554.5397
1850.394 556.794
1847.238 558.6531
1844.198 560.0082
1841.432 561.1441
1839.014 561.9801
1836.694 562.5308
1835.013 562.6346
1832.661 562.6016
1830.439 562.385
1828.547 562.1951
1826.916 561.9866
1825.662 561.7894
1824.738 561.4671
1824.067 561.1407
1823.776 560.8193
1823.958 560.5651
1825.021 559.9719
1826.629 559.368
1828.516 558.7292
1831.147 558.0646
1834.371 557.2591
1838.065 556.3575
1842.184 555.2534
1846.434 554.216
1850.868 553.3846
1855.416 552.7058
1859.913 551.9734
1863.915 551.2429
1867.984 550.2784
1871.193 549.4722
1873.917 548.6971
1876.425 547.9299
1878.323 547.1388
1879.766 546.3942
1880.62 545.6337
1880.875 544.9644
1880.545 544.2586
1879.725 543.4822
1878.456 542.6572
1876.859 541.8367
1874.798 540.972
1872.496 540.227
1869.63 539.5415
1866.301 538.8853
1862.669 538.2636
1858.656 537.7479
1854.161 537.2903
1849.759 536.7994
1844.977 536.1647
1839.867 535.4538
1834.651 534.7067
1829.404 533.9232
1824.053 533.1497
1820.637 532.7159
1815.597 532.1548
1810.112 531.5525
1804.692 530.8551
1798.898 530.0023
1793.274 529.084
1787.697 528.0397
1782.165 526.8905
1776.686 525.6852
1771.265 524.4814
1764.448 522.9473
1759.471 521.8074
1754.765 520.6272
1749.268 519.1953
1743.727 517.7228
1738.403 516.3842
1733.527 515.1512
1729.063 514.0065
1725.032 512.8651
1721.922 511.8869
1719.145 510.9524
1716.797 510.1602
1714.699 509.4149
1920 480
788.8962 455.3968
789.181 455.5005
789.1667 455.5364
789.1064 455.5207
789.0192 455.5044
789.0319 455.5189
789.1155 455.5176
789.0654 455.4766
789.028 455.4961
789.0452 455.4878
789.0491 455.4691
789.0469 455.4632
789.0446 455.4575
788.8132 455.4372
788.9258 455.4577
788.9385 455.4359
788.9437 455.449
788.9678 455.4456
788.9033 455.46
788.9502 455.4429
788.8454 455.4385
788.8018 455.4445
788.8425 455.4248
788.7864 455.4341
788.7598 455.4429
788.7116 455.4297
788.764 455.4331
788.7425 455.4455
788.7659 455.4359
788.7314 455.4407
788.7617 455.4344
788.7207 455.416
788.7422 455.4222
788.7682 455.3976
788.7529 455.4141
788.7927 455.4152
788.8089 455.4313
788.8193 455.4328
788.752 455.4211
788.8021 455.4141
788.8232 455.4092
788.749 455.431
788.819 455.4247
788.7894 455.3993
788.8044 455.4093
788.8037 455.4119
788.8105 455.417
788.8125 455.4199
788.8132 455.424
788.7891 455.4259
788.7998 455.4175
788.803 455.4254
788.805 455.433
788.7927 455.4414
788.7979 455.4419
788.832 455.4369
788.8157 455.4331
788.821 455.4326
788.8122 455.4318
788.8174 455.4189
788.8122 455.4154
788.7783 455.4298
788.7741 455.3993
788.7529 455.3485
788.6758 455.3664
788.6771 455.3742
788.7002 455.3623
1920 455.4391
1920 455.5111
1920 455.5405
1920 455.5851
1920 455.5985
1920 455.5775
1920 455.5278
1920 455.457
1920 455.3997
1920 455.4142
1920 455.4645
1920.049 455.4349
1919.937 455.4071
1919.935 455.3939
1920.009 455.3963
1920.046 455.4048
1920.042 455.3874
1920.059 455.3739
1920.044 455.3853
1920.059 455.3856
1920.1 455.3786
1920.093 455.3739
1920.059 455.3719
1920.054 455.3714
1920.044 455.369
1920.011 455.3607
1920.017 455.3503
1920.027 455.3519
1920.029 455.3569
1920.029 455.3582
1920.02 455.3547
1919.993 455.3537
1919.966 455.3685
1919.984 455.3639
1920.008 455.3669
1920.02 455.3625
1920.021 455.3595
1920.02 455.3693
1920.001 455.3818
1919.987 455.3587
1920.012 455.2794
1919.971 455.353
1919.998 455.3249
1920.064 455.2248
1919.966 455.1932
1920.005 455.2044
1920.024 455.1846
1919.921 455.1563
1919.918 455.1006
1919.969 455.0428
1919.98 454.9131
1919.964 454.8831
1920.038 454.9116
1920.09 454.9105
1919.966 454.8939
1919.862 454.8535
1919.742 454.787
1919.463 454.7261
1919.143 454.6024
1918.927 454.4697
1918.807 454.3649
1918.563 454.2324
1918.129 454.0767
1917.416 453.9499
1916.527 453.7943
1915.767 453.7246
1915.388 453.8789
1915.288 454.2834
1915.258 454.8701
1915.172 455.5944
1915.057 456.1491
1915.146 456.3057
1915.296 456.5815
1915.401 457.1481
1915.469 458.2539
1915.443 460.2212
1915.295 462.5544
1915.887 464.6006
1916.979 466.1063
1918.794 466.7062
1921.084 467.1357
1922.891 467.7171
1925.377 468.7816
1927.869 469.9028
1930.269 470.5493
1933.204 470.8703
1936.792 470.9941
1940.482 471.256
1944.201 471.6776
1947.802 471.9854
1951.185 471.8999
1955.208 471.3532
1958.293 470.7046
1961.066 470.0168
1963.869 469.2912
1966.642 468.5252
1969.255 467.6532
1971.723 466.5723
1973.86 465.4212
1975.745 464.438
1977.404 463.6447
1978.801 463.0457
1979.985 462.6258
1981.131 462.187
1982.046 461.7882
1982.734 461.5291
1983.087 461.5075
1983.06 461.7038
1982.68 462.0584
1981.907 462.458
1980.927 462.8499
1979.708 463.3586
1978.346 464.0112
1976.959 464.7863
1975.413 465.7868
1973.722 467.0024
1971.876 468.3358
1970.355 469.3729
1968.363 470.5898
1966.313 471.5984
1964.255 472.3859
1962.33 472.929
1960.544 473.3004
1958.871 473.5339
1957.301 473.6626
1955.489 473.675
1953.406 473.6328
1949.946 473.6766
1946.848 473.8781
1943.583 474.2379
1940.236 474.7422
1936.796 475.5116
1933.568 476.5729
1930.195 477.998
1926.766 479.6815
1923.014 481.7628
1918.904 484.3279
1914.907 487.121
1911.231 490.0095
1907.645 493.2379
1904.229 496.6884
1900.942 500.2549
1897.401 504.0876
1893.769 508.0938
1890.421 511.8895
1886.896 516.0463
1883.67 520.1592
1880.43 524.5338
1876.918 529.1768
1873.511 533.5524
1870.011 537.7366
1866.465 541.6
1862.906 545.2183
1859.721 548.4077
1856.391 551.6876
1853.315 554.5397
1850.394 556.794
1847.238 558.6531
1844.198 560.0082
1841.432 561.1441
1839.014 561.9801
1836.694 562.5308
1835.013 562.6346
1832.661 562.6016
1830.439 562.385
1828.547 562.1951
1826.916 561.9866
1825.662 561.7894
1824.738 561.4671
1824.067 561.1407
1823.776 560.8193
1823.958 560.5651
1825.021 559.9719
1826.629 559.368
1828.516 558.7292
1831.147 558.0646
1834.371 557.2591
1838.065 556.3575
1842.184 555.2534
1846.434 554.216
1850.868 553.3846
1855.416 552.7058
1859.913 551.9734
1863.915 551.2429
1867.984 550.2784
1871.193 549.4722
1873.917 548.6971
1876.425 547.9299
1878.323 547.1388
1879.766 546.3942
1880.62 545.6337
1880.875 544.9644
1880.545 544.2586
1879.725 543.4822
1878.456 542.6572
1876.859 541.8367
1874.798 540.972
1872.496 540.227
1869.63 539.5415
1866.301 538.8853
1862.669 538.2636
1858.656 537.7479
1854.161 537.2903
1849.759 536.7994
1844.977 536.1647
1839.867 535.4538
1834.651 534.7067
1829.404 533.9232
1824.053 533.1497
1820.637 532.7159
1815.597 532.1548
1810.112 531.5525
1804.692 530.8551
1798.898 530.0023
1793.274 529.084
1787.697 528.0397
1782.165 526.8905
1776.686 525.6852
1771.265 524.4814
1764.448 522.9473
1759.471 521.8074
1754.765 520.6272
1749.268 519.1953
1743.727 517.7228
1738.403 516.3842
1733.527 515.1512
1729.063 514.0065
1725.032 512.8651
1721.922 511.8869
1719.145 510.9524
1716.797 510.1602
1714.699 509.4149
1713.058 508.8784
1712.068 508.4488
1711.647 508.074
1711.638 507.6633
1711.727 507.3771
1712.285 507.3622
1713.643 507.7852
1715.384 508.3206
1717.038 508.8319
1718.814 509.2577
1720.501 509.6111
1722.154 509.907
1723.268 510.1389
1723.921 510.3667
1724.299 510.5804
1724.565 510.8177
1724.841 511.0955
1725.492 511.527
1726.512 512.2097
1727.399 513.0062
1727.984 513.9525
1728.271 514.7722
1728.633 515.4871
1729.387 516.3762
1730.463 517.6412
1731.68 518.9348
1733.192 519.8364
1735.199 520.429
1737.209 520.7901
1739.167 521.0397
1741.094 521.4207
1743.092 522.0649
1744.783 522.6734
1746.141 523.2262
1746.921 523.691
1747.176 524.1893
1747.134 524.8347
1746.906 525.5633
1746.542 526.2955
1746.025 526.8988
1745.26 527.3801
1744.236 527.7902
1742.957 528.1257
1741.73 528.4333
1740.625 528.7617
1739.306 529.1908
1737.899 529.6349
1736.507 530.1338
1735.141 530.774
1733.879 531.5656
1732.801 532.4005
1731.91 533.3195
1731.388 534.2785
1731.23 535.279
1731.422 536.3591
1731.953 537.3669
1733.037 538.3253
1734.605 539.2964
1736.635 540.4414
1739.061 541.8254
1741.998 543.5624
1744.509 545.1555
1747.326 547.0599
1750.126 549.1194
1752.745 551.2342
1755.249 553.3438
1757.713 555.2554
1759.91 556.8103
1761.767 557.9865
1763.207 558.7865
1764.265 559.2225
1764.867 559.3871
1764.709 559.3286
1763.847 559.2253
1762.369 559.0991
1760.543 558.8815
1758.544 558.6846
1756.474 558.5777
1754.189 558.5858
1751.941 558.6694
1749.864 558.8609
1747.807 559.2876
1746.01 560.0131
1744.497 560.9125
1743.049 561.9951
1741.779 563.1
1740.763 564.1479
1740.045 565.2896
1739.709 566.5471
1739.75 567.9216
1740.141 569.4283
1740.804 570.8577
1741.765 572.3575
1743.171 573.9562
1744.815 575.4922
1746.673 576.9721
1748.849 578.4949
1751.417 580.0979
1754.284 581.6539
1757.745 583.1804
1760.924 584.3289
1764.402 585.4456
1768.253 586.6173
1772.252 587.8102
1776.215 589.0197
1780.24 590.2038
1784.097 591.2828
1787.336 592.1582
1790.437 592.9973
1793.251 593.8273
1795.796 594.7072
1798.04 595.627
1799.829 596.4615
1801.138 597.1286
1802.113 597.6945
1802.738 598.0853
1802.946 598.3437
1802.788 598.4101
1802.381 598.3508
1801.676 598.1762
1800.733 597.9746
1799.58 597.7798
1798.232 597.5963
1796.632 597.3667
1794.998 597.152
1793.345 596.9147
1791.768 596.6866
1790.336 596.4734
1789.09 596.267
1787.971 596.0375
1787.097 595.8126
1786.5 595.6171
1786.039 595.4832
1785.724 595.4363
1785.51 595.4475
1785.424 595.4545
1785.388 595.4636
1785.456 595.4669
1785.623 595.5029
1785.877 595.6246
1786.152 595.7824
1786.508 595.9649
1786.862 596.1119
1787.166 596.2143
1787.444 596.2908
1787.719 596.3751
1787.969 596.4699
1788.091 596.5944
1788.112 596.7319
1788.069 596.8509
1787.918 596.9171
1787.657 596.9133
1787.326 596.7993
1786.941 596.6571
1786.531 596.5207
1786.151 596.4083
1785.785 596.3307
1785.368 596.2936
1784.943 596.3186
1784.513 596.4415
1784.113 596.6454
1783.76 596.8708
1783.425 597.1134
1783.188 597.3636
1783.059 597.599
1783.027 597.8597
1783.102 598.1318
1783.261 598.3901
1783.46 598.6528
1783.685 598.9388
1783.801 599.1616
1784.019 599.4818
1784.183 599.79
1784.347 600.0968
1784.507 600.4407
1784.595 600.7889
1784.649 601.0814
1784.685 601.3207
1784.735 601.5137
1784.777 601.663
1784.762 601.8213
1784.686 601.9101
1784.591 601.9712
1784.363 602.0366
1784.069 602.088
1783.706 602.1249
1783.306 602.1628
1782.955 602.2234
1782.646 602.2827
1782.382 602.3492
1782.155 602.3915
1782.034 602.4052
1781.964 602.3808
1781.984 602.3552
1782.021 602.3199
1782.114 602.3253
1782.191 602.3568
1782.274 602.4097
1782.296 602.4349
1782.343 602.455
1782.38 602.4971
1782.503 602.5366
1782.634 602.5471
1782.871 602.553
1783.119 602.5511
1783.419 602.5484
1783.739 602.54
1784.062 602.5256
1784.349 602.4884
1784.604 602.4253
1784.805 602.3511
1785.037 602.2429
1785.252 602.1075
1785.473 601.9624
1785.675 601.7906
1785.867 601.6279
1786.05 601.4986
1786.234 601.422
1786.383 601.3578
1786.485 601.319
1786.557 601.2974
1786.567 601.3286
1786.55 601.4026
1786.521 601.5353
1786.466 601.6859
1786.384 601.8815
1786.279 602.0967
1786.155 602.3408
1786.044 602.5614
1785.955 602.7693
1785.857 602.9369
1785.765 603.124
1785.679 603.2961
1785.6 603.4873
1785.54 603.6509
1785.508 603.7867
1785.497 603.8948
1785.5 604.0026
1785.531 604.0834
1785.569 604.1731
1785.696 604.3913
1785.769 604.5004
1785.831 604.5597
1785.874 604.5928
1785.872 604.6277
1785.831 604.6824
1785.752 604.7286
1785.629 604.7606
1785.508 604.7709
1785.415 604.7469
1785.332 604.7018
1785.262 604.6669
1785.263 604.6687
1785.273 604.6888
1785.311 604.7339
1785.285 604.8344
1785.307 604.9501
1785.333 605.0824
1785.389 605.1885
1785.451 605.277
1785.587 605.3295
1785.761 605.3683
1785.89 605.3814
1786.103 605.3448
1786.333 605.2784
1786.554 605.2117
1786.74 605.1747
1786.891 605.1393
1787.042 605.0983
1787.169 605.0828
1787.279 605.0744
1787.388 605.0466
1787.465 604.9967
1787.531 604.9601
1787.671 604.9227
1787.853 604.9068
1788.059 604.8742
1788.276 604.8441
1788.464 604.7943
1788.613 604.7557
1788.747 604.7104
1788.837 604.659
1788.877 604.5971
1788.813 604.5222
1788.632 604.4769
1788.431 604.4844
1788.149 604.5604
1787.829 604.7122
1787.408 604.8954
1786.926 605.1122
1786.407 605.3235
1786.052 605.4755
1785.55 605.6816
1785.062 605.8745
1784.592 606.0439
1784.147 606.248
1783.718 606.4775
1782.995 607.0019
1782.742 607.2346
1782.453 607.524
1713.058 508.8784
1712.068 508.4488
1711.647 508.074
1711.638 507.6633
1711.727 507.3771
1712.285 507.3622
1713.643 507.7852
1715.384 508.3206
1717.038 508.8319
1718.814 509.2577
1720.501 509.6111
1722.154 509.907
1723.268 510.1389
1723.921 510.3667
1724.299 510.5804
1724.565 510.8177
1724.841 511.0955
1725.492 511.527
1726.512 512.2097
1727.399 513.0062
1727.984 513.9525
1728.271 514.7722
1728.633 515.4871
1729.387 516.3762
1730.463 517.6412
1731.68 518.9348
1733.192 519.8364
1735.199 520.429
1737.209 520.7901
1739.167 521.0397
1741.094 521.4207
1743.092 522.0649
1744.783 522.6734
1746.141 523.2262
1746.921 523.691
1747.176 524.1893
1747.134 524.8347
1746.906 525.5633
1746.542 526.2955
1746.025 526.8988
1745.26 527.3801
1744.236 527.7902
1742.957 528.1257
1741.73 528.4333
1740.625 528.7617
1739.306 529.1908
1737.899 529.6349
1736.507 530.1338
1735.141 530.774
1733.879 531.5656
1732.801 532.4005
1731.91 533.3195
1731.388 534.2785
1731.23 535.279
1731.422 536.3591
1731.953 537.3669
1733.037 538.3253
1734.605 539.2964
1736.635 540.4414
1739.061 541.8254
1741.998 543.5624
1744.509 545.1555
1747.326 547.0599
1750.126 549.1194
1752.745 551.2342
1755.249 553.3438
1757.713 555.2554
1759.91 556.8103
1761.767 557.9865
1763.207 558.7865
1764.265 559.2225
1764.867 559.3871
1764.709 559.3286
1763.847 559.2253
1762.369 559.0991
1760.543 558.8815
1758.544 558.6846
1756.474 558.5777
1754.189 558.5858
1751.941 558.6694
1749.864 558.8609
1747.807 559.2876
1746.01 560.0131
1744.497 560.9125
1743.049 561.9951
1741.779 563.1
1740.763 564.1479
1740.045 565.2896
1739.709 566.5471
1739.75 567.9216
1740.141 569.4283
1740.804 570.8577
1741.765 572.3575
1743.171 573.9562
1744.815 575.4922
1746.673 576.9721
1748.849 578.4949
1751.417 580.0979
1754.284 581.6539
1757.745 583.1804
1760.924 584.3289
1764.402 585.4456
1768.253 586.6173
1772.252 587.8102
1776.215 589.0197
1780.24 590.2038
1784.097 591.2828
1787.336 592.1582
1790.437 592.9973
1793.251 593.8273
1795.796 594.7072
1798.04 595.627
1799.829 596.4615
1801.138 597.1286
1802.113 597.6945
1802.738 598.0853
1802.946 598.3437
1802.788 598.4101
1802.381 598.3508
1801.676 598.1762
1800.733 597.9746
1799.58 597.7798
1798.232 597.5963
1796.632 597.3667
1794.998 597.152
1793.345 596.9147
1791.768 596.6866
1790.336 596.4734
1789.09 596.267
1787.971 596.0375
1787.097 595.8126
1786.5 595.6171
1786.039 595.4832
1785.724 595.4363
1785.51 595.4475
1785.424 595.4545
1785.388 595.4636
1785.456 595.4669
1785.623 595.5029
1785.877 595.6246
1786.152 595.7824
1786.508 595.9649
1786.862 596.1119
1787.166 596.2143
1787.444 596.2908
1787.719 596.3751
1787.969 596.4699
1788.091 596.5944
1788.112 596.7319
1788.069 596.8509
1787.918 596.9171
1787.657 596.9133
1787.326 596.7993
1786.941 596.6571
1786.531 596.5207
1786.151 596.4083
1785.785 596.3307
1785.368 596.2936
1784.943 596.3186
1784.513 596.4415
1784.113 596.6454
1783.76 596.8708
1783.425 597.1134
1783.188 597.3636
1783.059 597.599
1783.027 597.8597
1783.102 598.1318
1783.261 598.3901
1783.46 598.6528
1783.685 598.9388
1783.801 599.1616
1784.019 599.4818
1784.183 599.79
1784.347 600.0968
1784.507 600.4407
1784.595 600.7889
1784.649 601.0814
1784.685 601.3207
1784.735 601.5137
1784.777 601.663
1784.762 601.8213
1784.686 601.9101
1784.591 601.9712
1784.363 602.0366
1784.069 602.088
1783.706 602.1249
1783.306 602.1628
1782.955 602.2234
1782.646 602.2827
1782.382 602.3492
1782.155 602.3915
1782.034 602.4052
1781.964 602.3808
1781.984 602.3552
1782.021 602.3199
1782.114 602.3253
1782.191 602.3568
1782.274 602.4097
1782.296 602.4349
1782.343 602.455
1782.38 602.4971
1782.503 602.5366
1782.634 602.5471
1782.871 602.553
1783.119 602.5511
1783.419 602.5484
1783.739 602.54
1784.062 602.5256
1784.349 602.4884
1784.604 602.4253
1784.805 602.3511
1785.037 602.2429
1785.252 602.1075
1785.473 601.9624
1785.675 601.7906
1785.867 601.6279
1786.05 601.4986
1786.234 601.422
1786.383 601.3578
1786.485 601.319
1786.557 601.2974
1786.567 601.3286
1786.55 601.4026
1786.521 601.5353
1786.466 601.6859
1786.384 601.8815
1786.279 602.0967
1786.155 602.3408
1786.044 602.5614
1785.955 602.7693
1785.857 602.9369
1785.765 603.124
1785.679 603.2961
1785.6 603.4873
1785.54 603.6509
1785.508 603.7867
1785.497 603.8948
1785.5 604.0026
1785.531 604.0834
1785.569 604.1731
1785.696 604.3913
1785.769 604.5004
1785.831 604.5597
1785.874 604.5928
1785.872 604.6277
1785.831 604.6824
1785.752 604.7286
1785.629 604.7606
1785.508 604.7709
1785.415 604.7469
1785.332 604.7018
1785.262 604.6669
1785.263 604.6687
1785.273 604.6888
1785.311 604.7339
1785.285 604.8344
1785.307 604.9501
1785.333 605.0824
1785.389 605.1885
1785.451 605.277
1785.587 605.3295
1785.761 605.3683
1785.89 605.3814
1786.103 605.3448
1786.333 605.2784
1786.554 605.2117
1786.74 605.1747
1786.891 605.1393
1787.042 605.0983
1787.169 605.0828
1787.279 605.0744
1787.388 605.0466
1787.465 604.9967
1787.531 604.9601
1787.671 604.9227
1787.853 604.9068
1788.059 604.8742
1788.276 604.8441
1788.464 604.7943
1788.613 604.7557
1788.747 604.7104
1788.837 604.659
1788.877 604.5971
1788.813 604.5222
1788.632 604.4769
1788.431 604.4844
1788.149 604.5604
1787.829 604.7122
1787.408 604.8954
1786.926 605.1122
1786.407 605.3235
1786.052 605.4755
1785.55 605.6816
1785.062 605.8745
1784.592 606.0439
1784.147 606.248
1783.718 606.4775
1782.995 607.0019
1782.742 607.2346
1782.453 607.524
1782.2 607.8121
1781.912 608.1843
1781.695 608.5067
1781.569 608.8619
1781.547 609.1953
1781.734 609.4929
1782.118 609.7776
1782.726 610.0472
1783.671 610.3325
1784.738 610.5369
1786.048 610.7357
1787.502 610.9151
1789.326 611.0967
1791.168 611.26
1793.133 611.4171
1795.128 611.5504
1797.246 611.6977
1799.261 611.8632
1801.601 612.1091
1803.719 612.3902
1805.511 612.6935
1807.295 613.0652
1808.903 613.5399
1810.287 614.0888
1811.614 614.7061
1812.704 615.2774
1813.619 615.7886
1814.516 616.1985
1815.463 616.5206
1816.356 616.7538
1816.839 616.8336
1817.593 616.8804
1818.177 616.842
1818.736 616.7166
1819.152 616.4968
1819.326 616.181
1819.237 615.8159
1818.909 615.4019
1818.422 615.0439
1817.693 614.6843
1816.607 614.2217
1815.713 613.7842
1814.538 613.1896
1813.262 612.5519
1811.916 611.9149
1810.522 611.213
1809.122 610.4567
1807.829 609.7275
1806.565 609.0577
1805.365 608.5312
1804.184 608.1534
1803.033 607.8478
1802.21 607.6813
1801.78 607.6293
1801.212 607.6345
1800.777 607.6989
1800.468 607.8615
1800.256 608.0872
1800.16 608.3552
1800.084 608.6352
1799.964 608.9429
1799.823 609.2643
1799.588 609.5981
1799.211 610.0296
1798.779 610.4427
1798.377 610.821
1797.914 611.2516
1797.419 611.7032
1796.931 612.1476
1796.346 612.6469
1795.794 613.1164
1795.271 613.5426
1794.824 613.9708
1794.409 614.3751
1794.049 614.7813
1793.753 615.2215
1793.57 615.638
1793.441 616.0194
1793.373 616.2808
1793.282 616.533
1793.17 616.7983
1793.035 617.0819
1792.914 617.3497
1792.77 617.5496
1792.585 617.7172
1792.396 617.8232
1792.171 617.8833
1791.923 617.9121
1791.701 617.9423
1791.409 618.0071
1791.036 618.1356
1790.538 618.3506
1789.951 618.5963
1789.167 618.8929
1787.555 619.5151
1786.958 619.7537
1786.112 620.1163
1785.356 620.5061
1784.724 620.8822
1784.236 621.2276
1783.928 621.5005
1783.748 621.7103
1783.654 621.8495
1783.618 621.9624
1783.637 622.0616
1783.736 622.2057
1783.803 622.2917
1783.843 622.3839
1783.859 622.4737
1783.847 622.5662
1783.67 622.6083
1783.494 622.6275
1783.215 622.616
1782.919 622.6005
1782.627 622.5701
1782.288 622.5124
1781.886 622.4288
1781.571 622.317
1781.334 622.1881
1781.13 622.0399
1780.975 621.8793
1780.848 621.732
1780.714 621.5938
1780.65 621.4791
1780.609 621.3589
1780.542 621.2599
1780.514 621.2008
1780.476 621.1857
1780.418 621.2266
1780.355 621.3291
1780.287 621.4514
1780.187 621.595
1780.121 621.7462
1780.083 621.903
1780.069 622.0577
1780.096 622.2208
1780.145 622.3807
1780.151 622.5244
1780.131 622.6328
1780.123 622.7197
1780.117 622.8001
1780.05 622.866
1779.962 622.9141
1779.899 622.9749
1779.876 623.0331
1779.82 623.069
1779.759 623.0966
1779.719 623.1293
1779.676 623.165
1779.609 623.1927
1779.588 623.2179
1779.588 623.2581
1779.607 623.3154
1779.633 623.392
1779.637 623.4989
1779.597 623.6439
1779.587 623.7982
1779.612 623.943
1779.662 624.0797
1779.72 624.2189
1779.804 624.3629
1779.896 624.4933
1780.008 624.5897
1780.168 624.6309
1780.331 624.635
1780.532 624.6266
1780.669 624.6348
1780.746 624.6699
1780.796 624.6978
1780.784 624.7219
1780.777 624.7524
1780.74 624.8021
1780.66 624.8637
1780.539 624.9546
1780.404 625.0534
1780.271 625.1428
1780.168 625.2078
1780.081 625.2674
1780.034 625.3137
1780.04 625.3728
1780.127 625.4411
1780.266 625.503
1780.46 625.5364
1780.678 625.5675
1780.898 625.6035
1781.13 625.6549
1781.358 625.7332
1781.572 625.8425
1781.719 625.9736
1781.837 626.0897
1781.922 626.2072
1781.931 626.3587
1781.901 626.5205
1781.874 626.681
1781.827 626.8405
1781.819 626.9973
1781.841 627.1357
1781.842 627.2847
1781.831 627.4056
1781.874 627.4799
1781.915 627.5376
1781.947 627.5829
1781.976 627.6197
1781.996 627.6227
1782.007 627.6387
1782 627.6657
1782.045 627.7198
1782.087 627.7904
1782.135 627.8971
1782.212 628.0436
1782.286 628.1877
1782.357 628.3111
1782.428 628.4249
1782.481 628.5219
1782.518 628.6068
1782.555 628.6868
1782.597 628.7459
1782.635 628.772
1782.688 628.7677
1782.759 628.7499
1782.832 628.724
1782.878 628.6974
1782.914 628.65
1782.942 628.5699
1782.916 628.3952
1782.889 628.33
1782.871 628.2278
1782.867 628.1335
1782.87 628.0292
1782.843 627.9158
1782.828 627.8085
1782.805 627.7145
1782.761 627.6242
1782.738 627.5524
1782.687 627.4918
1782.606 627.4494
1782.555 627.4587
1782.49 627.5077
1782.434 627.5709
1782.41 627.6487
1782.383 627.7263
1782.395 627.8064
1782.379 627.9087
1782.366 628.0113
1782.389 628.0959
1782.4 628.1808
1782.424 628.2776
1782.464 628.3711
1782.495 628.4537
1782.531 628.5198
1782.566 628.5745
1782.589 628.6078
1782.657 628.6342
1782.677 628.6392
1782.644 628.6135
1782.547 628.5549
1782.442 628.5055
1782.271 628.4593
1782.117 628.4302
1781.975 628.3975
1781.87 628.3771
1781.784 628.3741
1781.728 628.3901
1781.687 628.4185
1781.712 628.4332
1781.771 628.4286
1781.833 628.4023
1781.904 628.3869
1781.985 628.3507
1782.059 628.3189
1782.147 628.2726
1782.185 628.2199
1782.184 628.1634
1782.164 628.1166
1782.139 628.0991
1782.08 628.1025
1781.996 628.1128
1781.883 628.1264
1781.805 628.1329
1781.757 628.1561
1781.759 628.1891
1781.759 628.2305
1781.772 628.2825
1781.846 628.3398
1782.031 628.4
1782.066 628.4068
1782.102 628.4017
1782.104 628.4139
1782.114 628.4199
1782.119 628.3868
1782.132 628.3434
1782.137 628.3213
1782.14 628.3068
1782.151 628.3159
1782.132 628.3475
1782.109 628.3809
1782.166 628.4057
1782.231 628.4458
1782.304 628.4329
1782.387 628.3553
1782.2 607.8121
1781.912 608.1843
1781.695 608.5067
1781.569 608.8619
1781.547 609.1953
1781.734 609.4929
1782.118 609.7776
1782.726 610.0472
1783.671 610.3325
1784.738 610.5369
1786.048 610.7357
1787.502 610.9151
1789.326 611.0967
1791.168 611.26
1793.133 611.4171
1795.128 611.5504
1797.246 611.6977
1799.261 611.8632
1801.601 612.1091
1803.719 612.3902
1805.511 612.6935
1807.295 613.0652
1808.903 613.5399
1810.287 614.0888
1811.614 614.7061
1812.704 615.2774
1813.619 615.7886
1814.516 616.1985
1815.463 616.5206
1816.356 616.7538
1816.839 616.8336
1817.593 616.8804
1818.177 616.842
1818.736 616.7166
1819.152 616.4968
1819.326 616.181
1819.237 615.8159
1818.909 615.4019
1818.422 615.0439
1817.693 614.6843
1816.607 614.2217
1815.713 613.7842
1814.538 613.1896
1813.262 612.5519
1811.916 611.9149
1810.522 611.213
1809.122 610.4567
1807.829 609.7275
1806.565 609.0577
1805.365 608.5312
1804.184 608.1534
1803.033 607.8478
1802.21 607.6813
1801.78 607.6293
1801.212 607.6345
1800.777 607.6989
1800.468 607.8615
1800.256 608.0872
1800.16 608.3552
1800.084 608.6352
1799.964 608.9429
1799.823 609.2643
1799.588 609.5981
1799.211 610.0296
1798.779 610.4427
1798.377 610.821
1797.914 611.2516
1797.419 611.7032
1796.931 612.1476
1796.346 612.6469
1795.794 613.1164
1795.271 613.5426
1794.824 613.9708
1794.409 614.3751
1794.049 614.7813
1793.753 615.2215
1793.57 615.638
1793.441 616.0194
1793.373 616.2808
1793.282 616.533
1793.17 616.7983
1793.035 617.0819
1792.914 617.3497
1792.77 617.5496
1792.585 617.7172
1792.396 617.8232
1792.171 617.8833
1791.923 617.9121
1791.701 617.9423
1791.409 618.0071
1791.036 618.1356
1790.538 618.3506
1789.951 618.5963
1789.167 618.8929
1787.555 619.5151
1786.958 619.7537
1786.112 620.1163
1785.356 620.5061
1784.724 620.8822
1784.236 621.2276
1783.928 621.5005
1783.748 621.7103
1783.654 621.8495
1783.618 621.9624
1783.637 622.0616
1783.736 622.2057
1783.803 622.2917
1783.843 622.3839
1783.859 622.4737
1783.847 622.5662
1783.67 622.6083
1783.494 622.6275
1783.215 622.616
1782.919 622.6005
1782.627 622.5701
1782.288 622.5124
1781.886 622.4288
1781.571 622.317
1781.334 622.1881
1781.13 622.0399
1780.975 621.8793
1780.848 621.732
1780.714 621.5938
1780.65 621.4791
1780.609 621.3589
1780.542 621.2599
1780.514 621.2008
1780.476 621.1857
1780.418 621.2266
1780.355 621.3291
1780.287 621.4514
1780.187 621.595
1780.121 621.7462
1780.083 621.903
1780.069 622.0577
1780.096 622.2208
1780.145 622.3807
1780.151 622.5244
1780.131 622.6328
1780.123 622.7197
1780.117 622.8001
1780.05 622.866
1779.962 622.9141
1779.899 622.9749
1779.876 623.0331
1779.82 623.069
1779.759 623.0966
1779.719 623.1293
1779.676 623.165
1779.609 623.1927
1779.588 623.2179
1779.588 623.2581
1779.607 623.3154
1779.633 623.392
1779.637 623.4989
1779.597 623.6439
1779.587 623.7982
1779.612 623.943
1779.662 624.0797
1779.72 624.2189
1779.804 624.3629
1779.896 624.4933
1780.008 624.5897
1780.168 624.6309
1780.331 624.635
1780.532 624.6266
1780.669 624.6348
1780.746 624.6699
1780.796 624.6978
1780.784 624.7219
1780.777 624.7524
1780.74 624.8021
1780.66 624.8637
1780.539 624.9546
1780.404 625.0534
1780.271 625.1428
1780.168 625.2078
1780.081 625.2674
1780.034 625.3137
1780.04 625.3728
1780.127 625.4411
1780.266 625.503
1780.46 625.5364
1780.678 625.5675
1780.898 625.6035
1781.13 625.6549
1781.358 625.7332
1781.572 625.8425
1781.719 625.9736
1781.837 626.0897
1781.922 626.2072
1781.931 626.3587
1781.901 626.5205
1781.874 626.681
1781.827 626.8405
1781.819 626.9973
1781.841 627.1357
1781.842 627.2847
1781.831 627.4056
1781.874 627.4799
1781.915 627.5376
1781.947 627.5829
1781.976 627.6197
1781.996 627.6227
1782.007 627.6387
1782 627.6657
1782.045 627.7198
1782.087 627.7904
1782.135 627.8971
1782.212 628.0436
1782.286 628.1877
1782.357 628.3111
1782.428 628.4249
1782.481 628.5219
1782.518 628.6068
1782.555 628.6868
1782.597 628.7459
1782.635 628.772
1782.688 628.7677
1782.759 628.7499
1782.832 628.724
1782.878 628.6974
1782.914 628.65
1782.942 628.5699
1782.916 628.3952
1782.889 628.33
1782.871 628.2278
1782.867 628.1335
1782.87 628.0292
1782.843 627.9158
1782.828 627.8085
1782.805 627.7145
1782.761 627.6242
1782.738 627.5524
1782.687 627.4918
1782.606 627.4494
1782.555 627.4587
1782.49 627.5077
1782.434 627.5709
1782.41 627.6487
1782.383 627.7263
1782.395 627.8064
1782.379 627.9087
1782.366 628.0113
1782.389 628.0959
1782.4 628.1808
1782.424 628.2776
1782.464 628.3711
1782.495 628.4537
1782.531 628.5198
1782.566 628.5745
1782.589 628.6078
1782.657 628.6342
1782.677 628.6392
1782.644 628.6135
1782.547 628.5549
1782.442 628.5055
1782.271 628.4593
1782.117 628.4302
1781.975 628.3975
1781.87 628.3771
1781.784 628.3741
1781.728 628.3901
1781.687 628.4185
1781.712 628.4332
1781.771 628.4286
1781.833 628.4023
1781.904 628.3869
1781.985 628.3507
1782.059 628.3189
1782.147 628.2726
1782.185 628.2199
1782.184 628.1634
1782.164 628.1166
1782.139 628.0991
1782.08 628.1025
1781.996 628.1128
1781.883 628.1264
1781.805 628.1329
1781.757 628.1561
1781.759 628.1891
1781.759 628.2305
1781.772 628.2825
1781.846 628.3398
1782.031 628.4
1782.066 628.4068
1782.102 628.4017
1782.104 628.4139
1782.114 628.4199
1782.119 628.3868
1782.132 628.3434
1782.137 628.3213
1782.14 628.3068
1782.151 628.3159
1782.132 628.3475
1782.109 628.3809
1782.166 628.4057
1782.231 628.4458
1782.304 628.4329
1782.387 628.3553
1782.365 628.2904
1782.269 628.2318
1782.18 628.2072
1782.045 628.1877
1781.922 628.1905
1781.822 628.1927
1781.758 628.2075
1781.736 628.2129
1781.752 628.2125
1781.775 628.2076
1781.774 628.2219
1781.764 628.2393
1781.743 628.2669
1781.73 628.2857
1781.713 628.2958
1781.703 628.3124
1781.706 628.3317
1781.763 628.3376
1781.875 628.3649
1782.03 628.3887
1782.164 628.4106
1782.3 628.4086
1782.406 628.4006
1782.45 628.3898
1782.451 628.384
1782.438 628.3678
1782.402 628.3602
1782.337 628.3378
1782.286 628.3303
1782.27 628.3186
1782.265 628.3143
1782.31 628.2921
1782.374 628.2834
1782.43 628.2656
1782.498 628.2576
1782.559 628.2305
1782.612 628.2067
1782.656 628.1816
1782.701 628.1555
1782.721 628.1288
1782.742 628.1121
1782.82 628.0967
1782.911 628.1066
1782.941 628.1197
1782.987 628.128
1783.027 628.1224
1783.039 628.1357
1783.042 628.1667
1783.04 628.2125
1783.009 628.2608
1782.954 628.3105
1782.884 628.353
1782.809 628.3787
1782.73 628.3929
1782.671 628.3951
1782.626 628.4139
1782.547 628.4421
1782.449 628.4709
1782.329 628.5064
1782.105 628.5517
1781.838 628.621
1781.568 628.7028
1781.321 628.8118
1781.143 628.9465
1781.052 629.0786
1781.056 629.2014
1781.11 629.3079
1781.216 629.377
1781.344 629.4258
1781.385 629.4474
1781.32 629.4677
1781.2 629.4892
1780.981 629.5036
1780.617 629.4987
1780.126 629.5116
1779.529 629.565
1778.825 629.6634
1778.068 629.8027
1777.155 630.0643
1776.212 630.429
1775.533 630.7365
1774.438 631.2861
1773.217 631.9521
1771.877 632.7049
1770.466 633.5222
1769.014 634.4249
1767.5 635.3572
1765.946 636.2543
1764.306 637.1463
1762.871 637.9406
1760.857 639.0422
1759.097 639.9329
1757.41 640.7303
1755.675 641.4995
1754.152 642.1597
1752.723 642.8192
1751.341 643.4841
1750.184 644.1119
1749.26 644.6597
1748.522 645.1198
1747.89 645.5488
1747.401 645.9158
1746.952 646.2218
1746.608 646.4711
1746.289 646.689
1745.966 646.8751
1745.615 647.0129
1745.211 647.1299
1744.721 647.2063
1744.036 647.276
1743.166 647.3827
1742.188 647.553
1741.114 647.7321
1739.99 647.9122
1738.847 648.0785
1737.589 648.2372
1736.404 648.388
1735.11 648.5552
1733.767 648.7206
1732.422 648.8621
1731.153 648.9802
1729.768 649.1108
1728.421 649.202
1726.983 649.2428
1725.738 649.2278
1724.561 649.1964
1723.426 649.179
1722.326 649.1661
1721.353 649.145
1720.617 649.0796
1720.062 648.9751
1719.657 648.8348
1719.29 648.6559
1718.977 648.4498
1718.725 648.2493
1718.423 648.0629
1718.082 647.9527
1717.613 647.8788
1717.052 647.8509
1716.421 647.8663
1715.728 647.9119
1714.938 647.9851
1714.134 648.0602
1713.366 648.0818
1712.558 648.0542
1711.759 647.9951
1710.933 647.9194
1710.259 647.823
1709.518 647.7246
1708.85 647.5917
1708.217 647.4609
1707.643 647.3384
1707.138 647.2502
1706.744 647.1599
1706.511 647.0541
1706.401 646.9465
1706.343 646.8395
1706.309 646.7131
1706.34 646.5789
1706.446 646.4204
1706.63 646.2559
1706.898 646.0662
1707.201 645.8794
1707.56 645.6835
1707.85 645.4957
1708.143 645.2978
1708.344 645.1485
1708.547 645.0168
1708.736 644.8974
1709.023 644.9067
1709.387 644.9218
1709.914 644.9394
1710.484 644.9572
1711.036 644.9456
1711.565 644.9092
1712.091 644.8565
1712.576 644.7906
1713.039 644.7133
1713.481 644.644
1713.966 644.5784
1714.502 644.5124
1715.12 644.4256
1715.717 644.3203
1716.324 644.1847
1716.922 644.0126
1717.478 643.8409
1717.938 643.6898
1718.322 643.5576
1718.527 643.4775
1718.722 643.3879
1718.834 643.3414
1718.887 643.3673
1718.881 643.4347
1718.802 643.5333
1718.688 643.6326
1718.485 643.7188
1718.148 643.8087
1717.692 643.8898
1716.939 644.0105
1716.235 644.1177
1715.597 644.2405
1714.894 644.3622
1714.18 644.4911
1713.448 644.6115
1712.727 644.7363
1712.025 644.8759
1711.423 645.0115
1710.806 645.1619
1710.332 645.3218
1709.935 645.4769
1709.653 645.6143
1709.429 645.7253
1709.272 645.8173
1709.105 645.8981
1708.975 645.9821
1708.836 646.0806
1708.745 646.1865
1708.669 646.2996
1708.587 646.3948
1708.48 646.4624
1708.369 646.4865
1708.201 646.4749
1707.974 646.4783
1707.722 646.5119
1707.495 646.551
1707.292 646.5841
1707.104 646.6161
1706.942 646.6413
1706.806 646.6699
1706.734 646.6863
1706.724 646.6867
1706.723 646.6713
1706.763 646.6359
1706.805 646.584
1706.892 646.417
1706.93 646.3774
1707.023 646.2801
1707.123 646.1548
1707.19 646.0025
1707.227 645.8307
1707.187 645.6559
1707.117 645.4928
1707.02 645.3336
1706.935 645.16
1706.791 645.0098
1706.588 644.7827
1706.47 644.6396
1706.36 644.4988
1706.271 644.3773
1706.179 644.2852
1706.117 644.226
1706.045 644.1858
1706 644.1541
1705.96 644.1478
1705.905 644.1465
1705.834 644.1372
1705.759 644.1089
1705.672 644.0868
1705.544 644.0717
1705.397 644.083
1705.224 644.1123
1705.044 644.1476
1704.923 644.181
1704.792 644.2244
1704.65 644.2849
1704.578 644.3529
1704.543 644.447
1704.505 644.5583
1704.52 644.6616
1704.537 644.7424
1704.546 644.799
1704.514 644.85
1704.499 644.8911
1704.461 644.9346
1704.413 644.9476
1704.37 644.9297
1704.36 644.884
1704.378 644.841
1704.391 644.7976
1704.416 644.7634
1704.437 644.7228
1704.414 644.7112
1704.431 644.7152
1704.492 644.7401
1704.581 644.7704
1704.64 644.8104
1704.732 644.859
1704.845 644.9055
1704.931 644.9536
1704.988 645.0221
1705.025 645.1106
1705.122 645.1905
1705.201 645.2355
1705.253 645.2666
1705.271 645.2932
1705.306 645.3032
1705.354 645.2739
1705.347 645.205
1705.282 645.1192
1705.163 645.0401
1782.365 628.2904
1782.269 628.2318
1782.18 628.2072
1782.045 628.1877
1781.922 628.1905
1781.822 628.1927
1781.758 628.2075
1781.736 628.2129
1781.752 628.2125
1781.775 628.2076
1781.774 628.2219
1781.764 628.2393
1781.743 628.2669
1781.73 628.2857
1781.713 628.2958
1781.703 628.3124
1781.706 628.3317
1781.763 628.3376
1781.875 628.3649
1782.03 628.3887
1782.164 628.4106
1782.3 628.4086
1782.406 628.4006
1782.45 628.3898
1782.451 628.384
1782.438 628.3678
1782.402 628.3602
1782.337 628.3378
1782.286 628.3303
1782.27 628.3186
1782.265 628.3143
1782.31 628.2921
1782.374 628.2834
1782.43 628.2656
1782.498 628.2576
1782.559 628.2305
1782.612 628.2067
1782.656 628.1816
1782.701 628.1555
1782.721 628.1288
1782.742 628.1121
1782.82 628.0967
1782.911 628.1066
1782.941 628.1197
1782.987 628.128
1783.027 628.1224
1783.039 628.1357
1783.042 628.1667
1783.04 628.2125
1783.009 628.2608
1782.954 628.3105
1782.884 628.353
1782.809 628.3787
1782.73 628.3929
1782.671 628.3951
1782.626 628.4139
1782.547 628.4421
1782.449 628.4709
1782.329 628.5064
1782.105 628.5517
1781.838 628.621
1781.568 628.7028
1781.321 628.8118
1781.143 628.9465
1781.052 629.0786
1781.056 629.2014
1781.11 629.3079
1781.216 629.377
1781.344 629.4258
1781.385 629.4474
1781.32 629.4677
1781.2 629.4892
1780.981 629.5036
1780.617 629.4987
1780.126 629.5116
1779.529 629.565
1778.825 629.6634
1778.068 629.8027
1777.155 630.0643
1776.212 630.429
1775.533 630.7365
1774.438 631.2861
1773.217 631.9521
1771.877 632.7049
1770.466 633.5222
1769.014 634.4249
1767.5 635.3572
1765.946 636.2543
1764.306 637.1463
1762.871 637.9406
1760.857 639.0422
1759.097 639.9329
1757.41 640.7303
1755.675 641.4995
1754.152 642.1597
1752.723 642.8192
1751.341 643.4841
1750.184 644.1119
1749.26 644.6597
1748.522 645.1198
1747.89 645.5488
1747.401 645.9158
1746.952 646.2218
1746.608 646.4711
1746.289 646.689
1745.966 646.8751
1745.615 647.0129
1745.211 647.1299
1744.721 647.2063
1744.036 647.276
1743.166 647.3827
1742.188 647.553
1741.114 647.7321
1739.99 647.9122
1738.847 648.0785
1737.589 648.2372
1736.404 648.388
1735.11 648.5552
1733.767 648.7206
1732.422 648.8621
1731.153 648.9802
1729.768 649.1108
1728.421 649.202
1726.983 649.2428
1725.738 649.2278
1724.561 649.1964
1723.426 649.179
1722.326 649.1661
1721.353 649.145
1720.617 649.0796
1720.062 648.9751
1719.657 648.8348
1719.29 648.6559
1718.977 648.4498
1718.725 648.2493
1718.423 648.0629
1718.082 647.9527
1717.613 647.8788
1717.052 647.8509
1716.421 647.8663
1715.728 647.9119
1714.938 647.9851
1714.134 648.0602
1713.366 648.0818
1712.558 648.0542
1711.759 647.9951
1710.933 647.9194
1710.259 647.823
1709.518 647.7246
1708.85 647.5917
1708.217 647.4609
1707.643 647.3384
1707.138 647.2502
1706.744 647.1599
1706.511 647.0541
1706.401 646.9465
1706.343 646.8395
1706.309 646.7131
1706.34 646.5789
1706.446 646.4204
1706.63 646.2559
1706.898 646.0662
1707.201 645.8794
1707.56 645.6835
1707.85 645.4957
1708.143 645.2978
1708.344 645.1485
1708.547 645.0168
1708.736 644.8974
1709.023 644.9067
1709.387 644.9218
1709.914 644.9394
1710.484 644.9572
1711.036 644.9456
1711.565 644.9092
1712.091 644.8565
1712.576 644.7906
1713.039 644.7133
1713.481 644.644
1713.966 644.5784
1714.502 644.5124
1715.12 644.4256
1715.717 644.3203
1716.324 644.1847
1716.922 644.0126
1717.478 643.8409
1717.938 643.6898
1718.322 643.5576
1718.527 643.4775
1718.722 643.3879
1718.834 643.3414
1718.887 643.3673
1718.881 643.4347
1718.802 643.5333
1718.688 643.6326
1718.485 643.7188
1718.148 643.8087
1717.692 643.8898
1716.939 644.0105
1716.235 644.1177
1715.597 644.2405
1714.894 644.3622
1714.18 644.4911
1713.448 644.6115
1712.727 644.7363
1712.025 644.8759
1711.423 645.0115
1710.806 645.1619
1710.332 645.3218
1709.935 645.4769
1709.653 645.6143
1709.429 645.7253
1709.272 645.8173
1709.105 645.8981
1708.975 645.9821
1708.836 646.0806
1708.745 646.1865
1708.669 646.2996
1708.587 646.3948
1708.48 646.4624
1708.369 646.4865
1708.201 646.4749
1707.974 646.4783
1707.722 646.5119
1707.495 646.551
1707.292 646.5841
1707.104 646.6161
1706.942 646.6413
1706.806 646.6699
1706.734 646.6863
1706.724 646.6867
1706.723 646.6713
1706.763 646.6359
1706.805 646.584
1706.892 646.417
1706.93 646.3774
1707.023 646.2801
1707.123 646.1548
1707.19 646.0025
1707.227 645.8307
1707.187 645.6559
1707.117 645.4928
1707.02 645.3336
1706.935 645.16
1706.791 645.0098
1706.588 644.7827
1706.47 644.6396
1706.36 644.4988
1706.271 644.3773
1706.179 644.2852
1706.117 644.226
1706.045 644.1858
1706 644.1541
1705.96 644.1478
1705.905 644.1465
1705.834 644.1372
1705.759 644.1089
1705.672 644.0868
1705.544 644.0717
1705.397 644.083
1705.224 644.1123
1705.044 644.1476
1704.923 644.181
1704.792 644.2244
1704.65 644.2849
1704.578 644.3529
1704.543 644.447
1704.505 644.5583
1704.52 644.6616
1704.537 644.7424
1704.546 644.799
1704.514 644.85
1704.499 644.8911
1704.461 644.9346
1704.413 644.9476
1704.37 644.9297
1704.36 644.884
1704.378 644.841
1704.391 644.7976
1704.416 644.7634
1704.437 644.7228
1704.414 644.7112
1704.431 644.7152
1704.492 644.7401
1704.581 644.7704
1704.64 644.8104
1704.732 644.859
1704.845 644.9055
1704.931 644.9536
1704.988 645.0221
1705.025 645.1106
1705.122 645.1905
1705.201 645.2355
1705.253 645.2666
1705.271 645.2932
1705.306 645.3032
1705.354 645.2739
1705.347 645.205
1705.282 645.1192
1705.163 645.0401
1705.057 644.9701
1704.952 644.9135
1704.865 644.8823
1704.797 644.8831
1704.761 644.8994
1704.731 644.9055
1704.682 644.9048
1704.618 644.8988
1704.545 644.8925
1704.528 644.8657
1704.524 644.8538
1704.557 644.874
1704.631 644.9176
1704.732 644.9474
1704.892 644.9509
1705.064 644.935
1705.212 644.9271
1705.304 644.9327
1705.393 644.9332
1705.47 644.9207
1705.496 644.918
1705.482 644.9295
1705.461 644.9463
1705.392 644.9727
1705.319 645.0159
1705.276 645.0514
1705.266 645.0834
1705.259 645.1093
1705.254 645.1412
1705.251 645.1953
1705.258 645.263
1705.214 645.3092
1705.186 645.3455
1705.172 645.361
1705.155 645.3611
1705.124 645.3513
1705.064 645.3533
1705.021 645.3622
1704.942 645.3973
1704.852 645.436
1704.746 645.4803
1704.625 645.4993
1704.491 645.5019
1704.361 645.4994
1704.235 645.49
1704.124 645.456
1704.009 645.4193
1703.895 645.3925
1703.766 645.3901
1703.673 645.3922
1703.629 645.3807
1703.614 645.3362
1703.62 645.2671
1703.643 645.1707
1703.656 645.0714
1703.658 644.9667
1703.635 644.9014
1703.577 644.8254
1703.442 644.763
1703.311 644.7029
1703.133 644.6659
1702.917 644.6409
1702.704 644.6539
1702.464 644.6885
1702.246 644.7466
1702.009 644.7991
1701.733 644.8701
1701.526 644.9353
1701.348 644.9857
1701.239 645.0178
1701.113 645.0531
1700.992 645.0783
1700.872 645.0867
1700.74 645.0841
1700.638 645.0612
1700.525 645.0314
1700.389 645.0251
1700.21 645.0315
1700.045 645.0464
1699.897 645.0714
1699.759 645.1052
1699.594 645.1351
1699.422 645.1863
1699.263 645.2493
1699.04 645.3234
1698.896 645.402
1698.806 645.457
1698.693 645.5104
1698.584 645.5577
1698.478 645.5883
1698.387 645.6151
1698.296 645.6211
1698.223 645.6086
1698.161 645.5676
1698.073 645.497
1697.951 645.4182
1697.824 645.3412
1697.746 645.2692
1697.671 645.2255
1697.589 645.1879
1697.509 645.1605
1697.395 645.1313
1697.259 645.1093
1697.124 645.0894
1696.982 645.0777
1696.851 645.0739
1696.734 645.0811
1696.615 645.1008
1696.451 645.1323
1696.323 645.157
1696.183 645.1847
1696.034 645.206
1695.863 645.2394
1695.69 645.2423
1695.572 645.2407
1695.456 645.222
1695.381 645.1878
1695.287 645.138
1695.204 645.0719
1695.142 645.0089
1695.066 644.9346
1694.989 644.84
1694.908 644.7487
1694.83 644.6622
1694.723 644.5735
1694.646 644.4932
1694.365 644.3679
1694.344 644.3651
1694.289 644.3602
1694.245 644.3691
1694.168 644.3591
1694.12 644.3257
1694.032 644.2958
1693.972 644.2726
1693.879 644.2625
1693.819 644.2641
1693.787 644.2876
1693.798 644.3132
1693.836 644.3862
1693.923 644.457
1693.986 644.5069
1694.023 644.5377
1694.029 644.4739
1693.99 644.4257
1693.932 644.349
1693.894 644.2706
1693.906 644.1877
1693.96 644.1127
1694.026 644.0456
1694.111 643.9999
1694.214 643.9667
1694.267 643.9453
1694.363 643.9316
1694.516 643.9461
1694.633 643.9778
1694.733 644.0185
1694.823 644.0554
1694.929 644.1124
1695.039 644.1717
1695.15 644.244
1695.236 644.3022
1695.313 644.3289
1695.357 644.3447
1695.355 644.3749
1695.303 644.418
1695.217 644.4856
1695.121 644.563
1695.046 644.6329
1694.978 644.7036
1694.925 644.7841
1694.887 644.8623
1694.825 644.9456
1694.811 645.0115
1694.829 645.075
1694.837 645.127
1694.852 645.1613
1694.861 645.1891
1694.884 645.2097
1694.903 645.2149
1694.938 645.2175
1694.961 645.2147
1694.996 645.2042
1695.004 645.1955
1695.033 645.196
1695.054 645.1534
1695.086 645.1075
1695.109 645.0602
1695.123 645.0264
1695.059 644.9968
1694.996 644.9884
1694.906 645.0028
1694.835 645.0233
1694.777 645.0452
1694.738 645.0931
1694.707 645.1476
1694.715 645.2174
1694.739 645.305
1694.787 645.379
1694.848 645.4438
1694.93 645.4946
1694.993 645.5201
1695.056 645.537
1695.129 645.5369
1695.135 645.5359
1695.155 645.515
1695.12 645.4902
1695.113 645.4545
1695.063 645.4233
1695.036 645.3898
1694.993 645.3751
1694.957 645.3724
1694.881 645.3784
1694.874 645.3937
1694.877 645.4124
1694.901 645.4446
1694.922 645.4811
1695.013 645.5295
1695.071 645.5692
1695.155 645.6038
1695.168 645.6173
1695.222 645.6192
1695.26 645.5947
1695.306 645.5615
1695.3 645.5606
1695.3 645.5671
1695.287 645.5755
1695.296 645.5847
1695.285 645.5968
1695.255 645.5912
1695.158 645.5992
1695.101 645.6052
1695.031 645.6032
1695 645.6065
1694.965 645.6083
1694.947 645.6086
1694.958 645.597
1694.985 645.5719
1695.013 645.569
1695.01 645.5539
1694.998 645.5394
1694.974 645.53
1694.981 645.5083
1695.009 645.4722
1694.997 645.4289
1695.015 645.3741
1695.029 645.3316
1695.123 645.2933
1695.185 645.2781
1695.237 645.2709
1695.27 645.268
1695.285 645.266
1695.282 645.2693
1695.308 645.3027
1695.351 645.3635
1695.402 645.4314
1695.473 645.4847
1695.543 645.5184
1695.59 645.554
1695.608 645.5884
1695.598 645.6353
1695.565 645.6924
1695.491 645.7437
1695.482 645.7476
1695.478 645.7261
1695.445 645.6849
1695.384 645.6296
1695.319 645.575
1695.25 645.5236
1695.202 645.4606
1695.21 645.4188
1695.226 645.3848
1695.253 645.3652
1695.247 645.3635
1695.238 645.3727
1695.218 645.3785
1695.169 645.3729
1695.108 645.3719
1695.031 645.3712
1694.928 645.3823
1694.794 645.4207
1694.678 645.4713
1694.626 645.5095
1694.589 645.5533
1694.529 645.5889
1694.513 645.6035
1694.492 645.6307
1694.443 645.639
1694.395 645.6462
1694.339 645.6416
1694.272 645.6322
1694.199 645.6368
1694.162 645.6364
1694.153 645.6306
1694.169 645.6306
1694.139 645.6306
1694.106 645.6186
1694.097 645.6069
1694.084 645.5886
1694.107 645.5718
1694.121 645.5639
1705.057 644.9701
1704.952 644.9135
1704.865 644.8823
1704.797 644.8831
1704.761 644.8994
1704.731 644.9055
1704.682 644.9048
1704.618 644.8988
1704.545 644.8925
1704.528 644.8657
1704.524 644.8538
1704.557 644.874
1704.631 644.9176
1704.732 644.9474
1704.892 644.9509
1705.064 644.935
1705.212 644.9271
1705.304 644.9327
1705.393 644.9332
1705.47 644.9207
1705.496 644.918
1705.482 644.9295
1705.461 644.9463
1705.392 644.9727
1705.319 645.0159
1705.276 645.0514
1705.266 645.0834
1705.259 645.1093
1705.254 645.1412
1705.251 645.1953
1705.258 645.263
1705.214 645.3092
1705.186 645.3455
1705.172 645.361
1705.155 645.3611
1705.124 645.3513
1705.064 645.3533
1705.021 645.3622
1704.942 645.3973
1704.852 645.436
1704.746 645.4803
1704.625 645.4993
1704.491 645.5019
1704.361 645.4994
1704.235 645.49
1704.124 645.456
1704.009 645.4193
1703.895 645.3925
1703.766 645.3901
1703.673 645.3922
1703.629 645.3807
1703.614 645.3362
1703.62 645.2671
1703.643 645.1707
1703.656 645.0714
1703.658 644.9667
1703.635 644.9014
1703.577 644.8254
1703.442 644.763
1703.311 644.7029
1703.133 644.6659
1702.917 644.6409
1702.704 644.6539
1702.464 644.6885
1702.246 644.7466
1702.009 644.7991
1701.733 644.8701
1701.526 644.9353
1701.348 644.9857
1701.239 645.0178
1701.113 645.0531
1700.992 645.0783
1700.872 645.0867
1700.74 645.0841
1700.638 645.0612
1700.525 645.0314
1700.389 645.0251
1700.21 645.0315
1700.045 645.0464
1699.897 645.0714
1699.759 645.1052
1699.594 645.1351
1699.422 645.1863
1699.263 645.2493
1699.04 645.3234
1698.896 645.402
1698.806 645.457
1698.693 645.5104
1698.584 645.5577
1698.478 645.5883
1698.387 645.6151
1698.296 645.6211
1698.223 645.6086
1698.161 645.5676
1698.073 645.497
1697.951 645.4182
1697.824 645.3412
1697.746 645.2692
1697.671 645.2255
1697.589 645.1879
1697.509 645.1605
1697.395 645.1313
1697.259 645.1093
1697.124 645.0894
1696.982 645.0777
1696.851 645.0739
1696.734 645.0811
1696.615 645.1008
1696.451 645.1323
1696.323 645.157
1696.183 645.1847
1696.034 645.206
1695.863 645.2394
1695.69 645.2423
1695.572 645.2407
1695.456 645.222
1695.381 645.1878
1695.287 645.138
1695.204 645.0719
1695.142 645.0089
1695.066 644.9346
1694.989 644.84
1694.908 644.7487
1694.83 644.6622
1694.723 644.5735
1694.646 644.4932
1694.365 644.3679
1694.344 644.3651
1694.289 644.3602
1694.245 644.3691
1694.168 644.3591
1694.12 644.3257
1694.032 644.2958
1693.972 644.2726
1693.879 644.2625
1693.819 644.2641
1693.787 644.2876
1693.798 644.3132
1693.836 644.3862
1693.923 644.457
1693.986 644.5069
1694.023 644.5377
1694.029 644.4739
1693.99 644.4257
1693.932 644.349
1693.894 644.2706
1693.906 644.1877
1693.96 644.1127
1694.026 644.0456
1694.111 643.9999
1694.214 643.9667
1694.267 643.9453
1694.363 643.9316
1694.516 643.9461
1694.633 643.9778
1694.733 644.0185
1694.823 644.0554
1694.929 644.1124
1695.039 644.1717
1695.15 644.244
1695.236 644.3022
1695.313 644.3289
1695.357 644.3447
1695.355 644.3749
1695.303 644.418
1695.217 644.4856
1695.121 644.563
1695.046 644.6329
1694.978 644.7036
1694.925 644.7841
1694.887 644.8623
1694.825 644.9456
1694.811 645.0115
1694.829 645.075
1694.837 645.127
1694.852 645.1613
1694.861 645.1891
1694.884 645.2097
1694.903 645.2149
1694.938 645.2175
1694.961 645.2147
1694.996 645.2042
1695.004 645.1955
1695.033 645.196
1695.054 645.1534
1695.086 645.1075
1695.109 645.0602
1695.123 645.0264
1695.059 644.9968
1694.996 644.9884
1694.906 645.0028
1694.835 645.0233
1694.777 645.0452
1694.738 645.0931
1694.707 645.1476
1694.715 645.2174
1694.739 645.305
1694.787 645.379
1694.848 645.4438
1694.93 645.4946
1694.993 645.5201
1695.056 645.537
1695.129 645.5369
1695.135 645.5359
1695.155 645.515
1695.12 645.4902
1695.113 645.4545
1695.063 645.4233
1695.036 645.3898
1694.993 645.3751
1694.957 645.3724
1694.881 645.3784
1694.874 645.3937
1694.877 645.4124
1694.901 645.4446
1694.922 645.4811
1695.013 645.5295
1695.071 645.5692
1695.155 645.6038
1695.168 645.6173
1695.222 645.6192
1695.26 645.5947
1695.306 645.5615
1695.3 645.5606
1695.3 645.5671
1695.287 645.5755
1695.296 645.5847
1695.285 645.5968
1695.255 645.5912
1695.158 645.5992
1695.101 645.6052
1695.031 645.6032
1695 645.6065
1694.965 645.6083
1694.947 645.6086
1694.958 645.597
1694.985 645.5719
1695.013 645.569
1695.01 645.5539
1694.998 645.5394
1694.974 645.53
1694.981 645.5083
1695.009 645.4722
1694.997 645.4289
1695.015 645.3741
1695.029 645.3316
1695.123 645.2933
1695.185 645.2781
1695.237 645.2709
1695.27 645.268
1695.285 645.266
1695.282 645.2693
1695.308 645.3027
1695.351 645.3635
1695.402 645.4314
1695.473 645.4847
1695.543 645.5184
1695.59 645.554
1695.608 645.5884
1695.598 645.6353
1695.565 645.6924
1695.491 645.7437
1695.482 645.7476
1695.478 645.7261
1695.445 645.6849
1695.384 645.6296
1695.319 645.575
1695.25 645.5236
1695.202 645.4606
1695.21 645.4188
1695.226 645.3848
1695.253 645.3652
1695.247 645.3635
1695.238 645.3727
1695.218 645.3785
1695.169 645.3729
1695.108 645.3719
1695.031 645.3712
1694.928 645.3823
1694.794 645.4207
1694.678 645.4713
1694.626 645.5095
1694.589 645.5533
1694.529 645.5889
1694.513 645.6035
1694.492 645.6307
1694.443 645.639
1694.395 645.6462
1694.339 645.6416
1694.272 645.6322
1694.199 645.6368
1694.162 645.6364
1694.153 645.6306
1694.169 645.6306
1694.139 645.6306
1694.106 645.6186
1694.097 645.6069
1694.084 645.5886
1694.107 645.5718
1694.121 645.5639
1694.141 645.5509
1694.18 645.5261
1694.221 645.4896
1694.256 645.4518
1694.299 645.4216
1694.358 645.3931
1694.429 645.3815
1694.51 645.3906
1694.544 645.4023
1694.524 645.4176
1694.412 645.4325
1694.317 645.4371
1694.188 645.4346
1694.051 645.4232
1693.942 645.4123
1693.858 645.4094
1693.777 645.4106
1693.735 645.4344
1693.716 645.4828
1693.709 645.5463
1693.719 645.6163
1693.803 645.6984
1693.862 645.7774
1693.903 645.8317
1693.933 645.8659
1693.893 645.8929
1693.838 645.9189
1693.787 645.9518
1693.703 645.9954
1693.608 646.0458
1693.504 646.0897
1693.393 646.1028
1693.244 646.0834
1693.09 646.049
1692.917 646.0219
1692.792 646.0043
1692.716 645.9922
1692.689 646.0013
1692.704 646.0245
1692.749 646.0751
1692.825 646.126
1692.916 646.1772
1692.997 646.2053
1693.062 646.2253
1693.113 646.2238
1693.15 646.2004
1693.146 646.1735
1693.175 646.1201
1693.173 646.0707
1693.131 646.0215
1693.082 645.9754
1693.017 645.9431
1692.942 645.9312
1692.872 645.936
1692.797 645.9478
1692.721 645.9689
1692.651 645.9915
1692.592 646.0052
1692.536 646.0094
1692.512 645.9966
1692.461 645.9894
1692.412 645.9932
1692.374 646.0115
1692.325 646.0215
1692.271 646.0236
1692.209 646.0084
1692.128 645.9996
1692.058 645.9867
1692.002 645.9862
1691.87 645.9924
1691.728 645.9955
1691.615 645.9964
1691.519 645.9948
1691.475 646.0072
1691.42 646.0316
1691.374 646.0724
1691.355 646.1268
1691.304 646.1988
1691.257 646.2877
1691.224 646.3554
1691.202 646.3923
1691.193 646.3913
1691.183 646.3536
1691.146 646.3097
1691.116 646.2554
1691.072 646.1743
1691.015 646.0989
1690.925 646.0104
1690.862 645.9372
1690.78 645.8746
1690.682 645.82
1690.595 645.7726
1690.473 645.7366
1690.349 645.7084
1690.29 645.6985
1690.26 645.7126
1690.256 645.7453
1690.255 645.7876
1690.282 645.8286
1690.343 645.879
1690.372 645.9284
1690.382 645.9683
1690.384 645.9957
1690.373 646.0123
1690.349 646.0225
1690.298 646.029
1690.264 646.0148
1690.229 645.994
1690.201 645.9738
1690.157 645.9699
1690.127 645.9513
1690.114 645.9249
1690.064 645.8997
1689.972 645.8769
1689.906 645.8444
1689.867 645.8057
1689.843 645.7795
1689.824 645.7557
1689.804 645.723
1689.822 645.6804
1689.831 645.6358
1689.82 645.5876
1689.83 645.5598
1689.839 645.5189
1689.823 645.4535
1689.777 645.406
1689.689 645.3606
1689.606 645.3271
1689.494 645.3136
1689.381 645.3438
1689.293 645.4006
1689.255 645.4736
1689.255 645.5444
1689.273 645.6078
1689.309 645.6532
1689.365 645.6965
1689.357 645.7384
1689.379 645.773
1689.378 645.7909
1689.406 645.7917
1689.415 645.8064
1689.472 645.8281
1689.558 645.8724
1689.633 645.9064
1689.728 645.9363
1689.793 645.9819
1689.842 646.024
1689.886 646.046
1689.88 646.0643
1689.861 646.0877
1689.849 646.1146
1689.863 646.1456
1689.861 646.183
1689.864 646.2372
1689.871 646.2967
1689.895 646.3676
1689.919 646.4291
1689.963 646.4786
1690.005 646.5109
1690.055 646.5297
1690.098 646.5428
1690.123 646.5468
1690.152 646.5555
1690.183 646.5516
1690.238 646.5594
1690.28 646.5574
1690.327 646.5632
1690.325 646.5652
1690.313 646.5735
1690.289 646.5939
1690.231 646.6163
1690.187 646.6412
1690.146 646.6663
1690.122 646.6829
1690.087 646.6982
1690.022 646.707
1689.964 646.7124
1689.942 646.7075
1689.941 646.7114
1689.926 646.709
1689.916 646.7104
1689.899 646.709
1689.879 646.7162
1689.833 646.7306
1689.779 646.7446
1689.715 646.7722
1689.643 646.8041
1689.564 646.8307
1689.505 646.8684
1689.451 646.9035
1689.421 646.9423
1689.434 647.0008
1689.409 647.0607
1689.406 647.1154
1689.477 647.1739
1689.551 647.2164
1689.651 647.254
1689.746 647.2858
1689.85 647.3035
1689.944 647.2958
1689.978 647.2796
1689.988 647.271
1689.955 647.2717
1689.912 647.2829
1689.838 647.2932
1689.79 647.3104
1689.717 647.3284
1689.661 647.3443
1689.607 647.3477
1689.548 647.3462
1689.467 647.3503
1689.412 647.3622
1689.356 647.3757
1689.344 647.3991
1689.303 647.4319
1689.274 647.4635
1689.212 647.4875
1689.178 647.5159
1689.123 647.5448
1689.018 647.5721
1688.947 647.5706
1688.904 647.558
1688.839 647.5392
1688.77 647.52
1688.689 647.5069
1688.639 647.4827
1688.623 647.4426
1688.625 647.4226
1688.605 647.4273
1688.611 647.4301
1688.636 647.4366
1688.641 647.4351
1688.629 647.4349
1688.634 647.4376
1688.633 647.4519
1688.625 647.4579
1688.656 647.4623
1688.713 647.4495
1688.75 647.4385
1688.76 647.4308
1688.773 647.4213
1688.81 647.4003
1688.822 647.3846
1688.831 647.3817
1688.807 647.3958
1688.758 647.4128
1688.728 647.4257
1688.71 647.4559
1688.703 647.4816
1688.717 647.5558
1688.737 647.5862
1688.797 647.6468
1688.857 647.7049
1688.921 647.7419
1689.03 647.7595
1689.109 647.7603
1689.173 647.7543
1689.192 647.7452
1689.193 647.7339
1689.209 647.7183
1689.209 647.6956
1689.199 647.6752
1689.161 647.6429
1689.028 647.6049
1688.942 647.5922
1688.792 647.5565
1688.76 647.5535
1688.725 647.5434
1688.717 647.5549
1688.695 647.5845
1688.682 647.6219
1688.675 647.6575
1688.681 647.694
1688.693 647.7313
1688.682 647.7359
1688.666 647.7237
1688.633 647.7126
1688.597 647.7203
1688.606 647.7262
1688.578 647.7057
1688.495 647.6607
1688.409 647.6205
1688.269 647.6284
1688.186 647.6637
1688.149 647.71
1688.114 647.7217
1688.087 647.7149
1688.049 647.7076
1687.953 647.7151
1687.859 647.7189
1687.766 647.7253
1687.676 647.7395
1687.569 647.7666
1687.472 647.7907
1687.372 647.8348
1687.274 647.8663
1687.154 647.9135
1687.033 647.9799
1686.935 648.0463
1686.858 648.1002
1694.141 645.5509
1694.18 645.5261
1694.221 645.4896
1694.256 645.4518
1694.299 645.4216
1694.358 645.3931
1694.429 645.3815
1694.51 645.3906
1694.544 645.4023
1694.524 645.4176
1694.412 645.4325
1694.317 645.4371
1694.188 645.4346
1694.051 645.4232
1693.942 645.4123
1693.858 645.4094
1693.777 645.4106
1693.735 645.4344
1693.716 645.4828
1693.709 645.5463
1693.719 645.6163
1693.803 645.6984
1693.862 645.7774
1693.903 645.8317
1693.933 645.8659
1693.893 645.8929
1693.838 645.9189
1693.787 645.9518
1693.703 645.9954
1693.608 646.0458
1693.504 646.0897
1693.393 646.1028
1693.244 646.0834
1693.09 646.049
1692.917 646.0219
1692.792 646.0043
1692.716 645.9922
1692.689 646.0013
1692.704 646.0245
1692.749 646.0751
1692.825 646.126
1692.916 646.1772
1692.997 646.2053
1693.062 646.2253
1693.113 646.2238
1693.15 646.2004
1693.146 646.1735
1693.175 646.1201
1693.173 646.0707
1693.131 646.0215
1693.082 645.9754
1693.017 645.9431
1692.942 645.9312
1692.872 645.936
1692.797 645.9478
1692.721 645.9689
1692.651 645.9915
1692.592 646.0052
1692.536 646.0094
1692.512 645.9966
1692.461 645.9894
1692.412 645.9932
1692.374 646.0115
1692.325 646.0215
1692.271 646.0236
1692.209 646.0084
1692.128 645.9996
1692.058 645.9867
1692.002 645.9862
1691.87 645.9924
1691.728 645.9955
1691.615 645.9964
1691.519 645.9948
1691.475 646.0072
1691.42 646.0316
1691.374 646.0724
1691.355 646.1268
1691.304 646.1988
1691.257 646.2877
1691.224 646.3554
1691.202 646.3923
1691.193 646.3913
1691.183 646.3536
1691.146 646.3097
1691.116 646.2554
1691.072 646.1743
1691.015 646.0989
1690.925 646.0104
1690.862 645.9372
1690.78 645.8746
1690.682 645.82
1690.595 645.7726
1690.473 645.7366
1690.349 645.7084
1690.29 645.6985
1690.26 645.7126
1690.256 645.7453
1690.255 645.7876
1690.282 645.8286
1690.343 645.879
1690.372 645.9284
1690.382 645.9683
1690.384 645.9957
1690.373 646.0123
1690.349 646.0225
1690.298 646.029
1690.264 646.0148
1690.229 645.994
1690.201 645.9738
1690.157 645.9699
1690.127 645.9513
1690.114 645.9249
1690.064 645.8997
1689.972 645.8769
1689.906 645.8444
1689.867 645.8057
1689.843 645.7795
1689.824 645.7557
1689.804 645.723
1689.822 645.6804
1689.831 645.6358
1689.82 645.5876
1689.83 645.5598
1689.839 645.5189
1689.823 645.4535
1689.777 645.406
1689.689 645.3606
1689.606 645.3271
1689.494 645.3136
1689.381 645.3438
1689.293 645.4006
1689.255 645.4736
1689.255 645.5444
1689.273 645.6078
1689.309 645.6532
1689.365 645.6965
1689.357 645.7384
1689.379 645.773
1689.378 645.7909
1689.406 645.7917
1689.415 645.8064
1689.472 645.8281
1689.558 645.8724
1689.633 645.9064
1689.728 645.9363
1689.793 645.9819
1689.842 646.024
1689.886 646.046
1689.88 646.0643
1689.861 646.0877
1689.849 646.1146
1689.863 646.1456
1689.861 646.183
1689.864 646.2372
1689.871 646.2967
1689.895 646.3676
1689.919 646.4291
1689.963 646.4786
1690.005 646.5109
1690.055 646.5297
1690.098 646.5428
1690.123 646.5468
1690.152 646.5555
1690.183 646.5516
1690.238 646.5594
1690.28 646.5574
1690.327 646.5632
1690.325 646.5652
1690.313 646.5735
1690.289 646.5939
1690.231 646.6163
1690.187 646.6412
1690.146 646.6663
1690.122 646.6829
1690.087 646.6982
1690.022 646.707
1689.964 646.7124
1689.942 646.7075
1689.941 646.7114
1689.926 646.709
1689.916 646.7104
1689.899 646.709
1689.879 646.7162
1689.833 646.7306
1689.779 646.7446
1689.715 646.7722
1689.643 646.8041
1689.564 646.8307
1689.505 646.8684
1689.451 646.9035
1689.421 646.9423
1689.434 647.0008
1689.409 647.0607
1689.406 647.1154
1689.477 647.1739
1689.551 647.2164
1689.651 647.254
1689.746 647.2858
1689.85 647.3035
1689.944 647.2958
1689.978 647.2796
1689.988 647.271
1689.955 647.2717
1689.912 647.2829
1689.838 647.2932
1689.79 647.3104
1689.717 647.3284
1689.661 647.3443
1689.607 647.3477
1689.548 647.3462
1689.467 647.3503
1689.412 647.3622
1689.356 647.3757
1689.344 647.3991
1689.303 647.4319
1689.274 647.4635
1689.212 647.4875
1689.178 647.5159
1689.123 647.5448
1689.018 647.5721
1688.947 647.5706
1688.904 647.558
1688.839 647.5392
1688.77 647.52
1688.689 647.5069
1688.639 647.4827
1688.623 647.4426
1688.625 647.4226
1688.605 647.4273
1688.611 647.4301
1688.636 647.4366
1688.641 647.4351
1688.629 647.4349
1688.634 647.4376
1688.633 647.4519
1688.625 647.4579
1688.656 647.4623
1688.713 647.4495
1688.75 647.4385
1688.76 647.4308
1688.773 647.4213
1688.81 647.4003
1688.822 647.3846
1688.831 647.3817
1688.807 647.3958
1688.758 647.4128
1688.728 647.4257
1688.71 647.4559
1688.703 647.4816
1688.717 647.5558
1688.737 647.5862
1688.797 647.6468
1688.857 647.7049
1688.921 647.7419
1689.03 647.7595
1689.109 647.7603
1689.173 647.7543
1689.192 647.7452
1689.193 647.7339
1689.209 647.7183
1689.209 647.6956
1689.199 647.6752
1689.161 647.6429
1689.028 647.6049
1688.942 647.5922
1688.792 647.5565
1688.76 647.5535
1688.725 647.5434
1688.717 647.5549
1688.695 647.5845
1688.682 647.6219
1688.675 647.6575
1688.681 647.694
1688.693 647.7313
1688.682 647.7359
1688.666 647.7237
1688.633 647.7126
1688.597 647.7203
1688.606 647.7262
1688.578 647.7057
1688.495 647.6607
1688.409 647.6205
1688.269 647.6284
1688.186 647.6637
1688.149 647.71
1688.114 647.7217
1688.087 647.7149
1688.049 647.7076
1687.953 647.7151
1687.859 647.7189
1687.766 647.7253
1687.676 647.7395
1687.569 647.7666
1687.472 647.7907
1687.372 647.8348
1687.274 647.8663
1687.154 647.9135
1687.033 647.9799
1686.935 648.0463
1686.858 648.1002
1686.761 648.1309
1686.674 648.1454
1686.58 648.1426
1686.51 648.1531
1686.452 648.1752
1686.419 648.1992
1686.419 648.1981
1686.404 648.1923
1686.338 648.1603
1686.249 648.0771
1686.143 647.9586
1685.998 647.8315
1685.822 647.7248
1685.668 647.6288
1685.476 647.5127
1685.283 647.3886
1685.097 647.2657
1684.918 647.1572
1684.76 647.0979
1684.646 647.0886
1684.578 647.1224
1684.505 647.1528
1684.43 647.169
1684.379 647.1364
1684.363 647.0633
1684.3 646.9878
1684.242 646.8853
1684.143 646.7682
1684.102 646.6521
1684.068 646.4966
1684.101 646.3384
1684.165 646.1558
1684.276 645.9717
1684.413 645.7923
1684.602 645.5941
1684.781 645.3784
1684.902 645.2305
1684.976 645.1208
1685.043 645.04
1685.163 644.935
1685.349 644.8325
1685.536 644.734
1685.759 644.6639
1685.984 644.6142
1686.24 644.5977
1686.571 644.55
1686.998 644.4955
1687.606 644.4313
1688.27 644.3946
1688.965 644.354
1689.667 644.3443
1690.355 644.3414
1691.023 644.3846
1691.698 644.4106
1692.479 644.4257
1693.297 644.4296
1694.137 644.4169
1695.044 644.3431
1695.85 644.2162
1696.595 644.0043
1697.087 643.809
1697.397 643.6311
1697.489 643.4874
1697.474 643.3746
1697.336 643.3195
1697.113 643.2944
1696.844 643.3445
1696.565 643.4304
1696.152 643.5552
1695.708 643.6579
1695.224 643.7584
1694.706 643.8582
1694.13 643.9919
1693.628 644.1193
1693.089 644.2647
1692.521 644.4131
1692.025 644.5508
1691.538 644.675
1691.082 644.773
1690.666 644.8457
1690.259 644.9097
1689.841 644.9701
1689.368 645.0485
1688.878 645.1472
1688.422 645.2613
1687.975 645.3711
1687.533 645.4911
1687.069 645.6194
1686.652 645.7419
1686.246 645.8541
1685.916 645.9501
1685.681 646.0192
1685.499 646.0563
1685.411 646.0562
1685.342 646.048
1685.337 646.0358
1685.388 646.034
1685.421 646.0725
1685.491 646.1234
1685.582 646.1638
1685.673 646.1869
1685.759 646.1993
1685.829 646.2043
1685.842 646.2056
1685.857 646.204
1685.855 646.1829
1685.873 646.1493
1685.905 646.1188
1685.949 646.0997
1686.019 646.0743
1686.138 646.0491
1686.239 646.0216
1686.271 646.0094
1686.276 646.024
1686.255 646.0623
1686.225 646.0927
1686.199 646.1188
1686.185 646.1303
1686.159 646.1458
1686.118 646.1785
1686.079 646.2153
1686.037 646.2584
1686.038 646.287
1686.042 646.3091
1686.055 646.3157
1686.066 646.2904
1686.09 646.2593
1686.051 646.2075
1685.986 646.1363
1685.906 646.0477
1685.832 645.9517
1685.787 645.8583
1685.767 645.7887
1685.735 645.742
1685.712 645.731
1685.694 645.733
1685.683 645.7422
1685.669 645.7758
1685.688 645.8348
1685.726 645.9003
1685.76 645.9658
1685.845 646.0279
1685.902 646.0936
1686.008 646.1647
1686.07 646.2283
1686.168 646.2867
1686.273 646.3378
1686.399 646.376
1686.484 646.4123
1686.571 646.4351
1686.627 646.4791
1686.629 646.5294
1686.667 646.5908
1686.717 646.6398
1686.748 646.6946
1686.838 646.7393
1686.877 646.7646
1686.906 646.7748
1686.928 646.7786
1686.98 646.7687
1687.03 646.7759
1687.123 646.7747
1687.202 646.7636
1687.302 646.7426
1687.382 646.7288
1687.466 646.7125
1687.526 646.6841
1687.566 646.6522
1687.604 646.6224
1687.619 646.5786
1687.61 646.5408
1687.603 646.5414
1687.571 646.5643
1687.54 646.6011
1687.458 646.6293
1687.363 646.6481
1687.264 646.6613
1687.172 646.692
1687.13 646.7387
1687.119 646.8013
1687.125 646.8662
1687.203 646.9261
1687.302 646.9673
1687.359 646.9822
1687.378 646.9792
1687.397 646.9615
1687.449 646.954
1687.478 646.9577
1687.536 646.9691
1687.625 646.9657
1687.716 646.9509
1687.817 646.9323
1687.948 646.9089
1688.064 646.8815
1688.246 646.8442
1688.453 646.7916
1688.644 646.755
1688.857 646.709
1689.05 646.6573
1689.23 646.619
1689.37 646.5776
1689.511 646.5514
1689.625 646.5308
1689.764 646.5176
1689.863 646.4853
1689.957 646.4435
1690.045 646.3948
1690.102 646.3582
1690.175 646.3333
1690.298 646.2934
1690.476 646.2468
1690.69 646.203
1690.907 646.1623
1691.067 646.1331
1691.226 646.0941
1691.364 646.0373
1691.518 645.9575
1691.622 645.8941
1691.648 645.844
1691.631 645.7997
1691.598 645.7617
1691.449 645.7381
1691.29 645.7268
1691.148 645.7355
1691.032 645.7327
1690.933 645.7374
1690.844 645.7358
1690.764 645.7505
1690.656 645.7961
1690.521 645.8794
1690.428 645.9842
1690.375 646.0872
1690.347 646.1954
1690.361 646.2883
1690.408 646.3701
1690.445 646.4282
1690.515 646.48
1690.588 646.5349
1690.679 646.5587
1690.798 646.5717
1690.872 646.5623
1690.876 646.5406
1690.832 646.5048
1690.739 646.4719
1690.611 646.4571
1690.481 646.4476
1690.405 646.4254
1690.346 646.4259
1690.335 646.4207
1690.331 646.4203
1690.308 646.421
1690.298 646.4234
1690.296 646.4219
1690.298 646.444
1690.314 646.4785
1690.367 646.5055
1690.407 646.5231
1690.447 646.5417
1690.468 646.5692
1690.463 646.6011
1690.482 646.6277
1690.538 646.6459
1690.602 646.649
1690.654 646.6408
1690.679 646.6152
1690.645 646.5877
1690.628 646.5591
1690.578 646.539
1690.562 646.51
1690.57 646.4683
1690.564 646.4153
1690.58 646.363
1690.605 646.3291
1690.59 646.3225
1690.565 646.3284
1690.517 646.3499
1690.487 646.3851
1690.489 646.4283
1690.474 646.4563
1690.451 646.4731
1690.443 646.4919
1690.404 646.5153
1690.364 646.5149
1690.311 646.5195
1690.303 646.5037
1690.303 646.5001
1690.301 646.4845
1690.273 646.4993
1690.195 646.5165
1690.151 646.5373
1690.157 646.5434
1690.158 646.5314
1690.204 646.5075
1690.228 646.4943
1690.227 646.4898
1690.222 646.498
1690.236 646.5153
1690.242 646.5403
1690.305 646.5403
1690.386 646.5262
1686.761 648.1309
1686.674 648.1454
1686.58 648.1426
1686.51 648.1531
1686.452 648.1752
1686.419 648.1992
1686.419 648.1981
1686.404 648.1923
1686.338 648.1603
1686.249 648.0771
1686.143 647.9586
1685.998 647.8315
1685.822 647.7248
1685.668 647.6288
1685.476 647.5127
1685.283 647.3886
1685.097 647.2657
1684.918 647.1572
1684.76 647.0979
1684.646 647.0886
1684.578 647.1224
1684.505 647.1528
1684.43 647.169
1684.379 647.1364
1684.363 647.0633
1684.3 646.9878
1684.242 646.8853
1684.143 646.7682
1684.102 646.6521
1684.068 646.4966
1684.101 646.3384
1684.165 646.1558
1684.276 645.9717
1684.413 645.7923
1684.602 645.5941
1684.781 645.3784
1684.902 645.2305
1684.976 645.1208
1685.043 645.04
1685.163 644.935
1685.349 644.8325
1685.536 644.734
1685.759 644.6639
1685.984 644.6142
1686.24 644.5977
1686.571 644.55
1686.998 644.4955
1687.606 644.4313
1688.27 644.3946
1688.965 644.354
1689.667 644.3443
1690.355 644.3414
1691.023 644.3846
1691.698 644.4106
1692.479 644.4257
1693.297 644.4296
1694.137 644.4169
1695.044 644.3431
1695.85 644.2162
1696.595 644.0043
1697.087 643.809
1697.397 643.6311
1697.489 643.4874
1697.474 643.3746
1697.336 643.3195
1697.113 643.2944
1696.844 643.3445
1696.565 643.4304
1696.152 643.5552
1695.708 643.6579
1695.224 643.7584
1694.706 643.8582
1694.13 643.9919
1693.628 644.1193
1693.089 644.2647
1692.521 644.4131
1692.025 644.5508
1691.538 644.675
1691.082 644.773
1690.666 644.8457
1690.259 644.9097
1689.841 644.9701
1689.368 645.0485
1688.878 645.1472
1688.422 645.2613
1687.975 645.3711
1687.533 645.4911
1687.069 645.6194
1686.652 645.7419
1686.246 645.8541
1685.916 645.9501
1685.681 646.0192
1685.499 646.0563
1685.411 646.0562
1685.342 646.048
1685.337 646.0358
1685.388 646.034
1685.421 646.0725
1685.491 646.1234
1685.582 646.1638
1685.673 646.1869
1685.759 646.1993
1685.829 646.2043
1685.842 646.2056
1685.857 646.204
1685.855 646.1829
1685.873 646.1493
1685.905 646.1188
1685.949 646.0997
1686.019 646.0743
1686.138 646.0491
1686.239 646.0216
1686.271 646.0094
1686.276 646.024
1686.255 646.0623
1686.225 646.0927
1686.199 646.1188
1686.185 646.1303
1686.159 646.1458
1686.118 646.1785
1686.079 646.2153
1686.037 646.2584
1686.038 646.287
1686.042 646.3091
1686.055 646.3157
1686.066 646.2904
1686.09 646.2593
1686.051 646.2075
1685.986 646.1363
1685.906 646.0477
1685.832 645.9517
1685.787 645.8583
1685.767 645.7887
1685.735 645.742
1685.712 645.731
1685.694 645.733
1685.683 645.7422
1685.669 645.7758
1685.688 645.8348
1685.726 645.9003
1685.76 645.9658
1685.845 646.0279
1685.902 646.0936
1686.008 646.1647
1686.07 646.2283
1686.168 646.2867
1686.273 646.3378
1686.399 646.376
1686.484 646.4123
1686.571 646.4351
1686.627 646.4791
1686.629 646.5294
1686.667 646.5908
1686.717 646.6398
1686.748 646.6946
1686.838 646.7393
1686.877 646.7646
1686.906 646.7748
1686.928 646.7786
1686.98 646.7687
1687.03 646.7759
1687.123 646.7747
1687.202 646.7636
1687.302 646.7426
1687.382 646.7288
1687.466 646.7125
1687.526 646.6841
1687.566 646.6522
1687.604 646.6224
1687.619 646.5786
1687.61 646.5408
1687.603 646.5414
1687.571 646.5643
1687.54 646.6011
1687.458 646.6293
1687.363 646.6481
1687.264 646.6613
1687.172 646.692
1687.13 646.7387
1687.119 646.8013
1687.125 646.8662
1687.203 646.9261
1687.302 646.9673
1687.359 646.9822
1687.378 646.9792
1687.397 646.9615
1687.449 646.954
1687.478 646.9577
1687.536 646.9691
1687.625 646.9657
1687.716 646.9509
1687.817 646.9323
1687.948 646.9089
1688.064 646.8815
1688.246 646.8442
1688.453 646.7916
1688.644 646.755
1688.857 646.709
1689.05 646.6573
1689.23 646.619
1689.37 646.5776
1689.511 646.5514
1689.625 646.5308
1689.764 646.5176
1689.863 646.4853
1689.957 646.4435
1690.045 646.3948
1690.102 646.3582
1690.175 646.3333
1690.298 646.2934
1690.476 646.2468
1690.69 646.203
1690.907 646.1623
1691.067 646.1331
1691.226 646.0941
1691.364 646.0373
1691.518 645.9575
1691.622 645.8941
1691.648 645.844
1691.631 645.7997
1691.598 645.7617
1691.449 645.7381
1691.29 645.7268
1691.148 645.7355
1691.032 645.7327
1690.933 645.7374
1690.844 645.7358
1690.764 645.7505
1690.656 645.7961
1690.521 645.8794
1690.428 645.9842
1690.375 646.0872
1690.347 646.1954
1690.361 646.2883
1690.408 646.3701
1690.445 646.4282
1690.515 646.48
1690.588 646.5349
1690.679 646.5587
1690.798 646.5717
1690.872 646.5623
1690.876 646.5406
1690.832 646.5048
1690.739 646.4719
1690.611 646.4571
1690.481 646.4476
1690.405 646.4254
1690.346 646.4259
1690.335 646.4207
1690.331 646.4203
1690.308 646.421
1690.298 646.4234
1690.296 646.4219
1690.298 646.444
1690.314 646.4785
1690.367 646.5055
1690.407 646.5231
1690.447 646.5417
1690.468 646.5692
1690.463 646.6011
1690.482 646.6277
1690.538 646.6459
1690.602 646.649
1690.654 646.6408
1690.679 646.6152
1690.645 646.5877
1690.628 646.5591
1690.578 646.539
1690.562 646.51
1690.57 646.4683
1690.564 646.4153
1690.58 646.363
1690.605 646.3291
1690.59 646.3225
1690.565 646.3284
1690.517 646.3499
1690.487 646.3851
1690.489 646.4283
1690.474 646.4563
1690.451 646.4731
1690.443 646.4919
1690.404 646.5153
1690.364 646.5149
1690.311 646.5195
1690.303 646.5037
1690.303 646.5001
1690.301 646.4845
1690.273 646.4993
1690.195 646.5165
1690.151 646.5373
1690.157 646.5434
1690.158 646.5314
1690.204 646.5075
1690.228 646.4943
1690.227 646.4898
1690.222 646.498
1690.236 646.5153
1690.242 646.5403
1690.305 646.5403
1690.386 646.5262
1690.474 646.4986
1690.514 646.473
1690.555 646.4339
1690.57 646.4093
1690.597 646.3825
1690.604 646.3607
1690.603 646.3451
1690.592 646.3322
1690.534 646.3091
1690.449 646.3046
1690.391 646.2963
1690.323 646.3096
1690.275 646.3192
1690.255 646.3486
1690.206 646.3937
1690.18 646.4443
1690.165 646.4892
1690.15 646.539
1690.169 646.5737
1690.205 646.6
1690.243 646.5984
1690.297 646.5876
1690.335 646.5636
1690.365 646.5385
1690.438 646.5025
1690.454 646.4612
1690.486 646.4319
1690.547 646.425
1690.561 646.416
1690.568 646.4097
1690.57 646.4039
1690.561 646.388
1690.52 646.3823
1690.472 646.3738
1690.381 646.3768
1690.313 646.386
1690.293 646.4039
1690.288 646.4178
1690.303 646.4306
1690.349 646.4283
1690.394 646.4126
1690.418 646.3911
1690.435 646.3681
1690.407 646.356
1690.391 646.3147
1690.381 646.271
1690.349 646.2402
1690.303 646.2216
1690.204 646.1982
1690.123 646.1809
1690.068 646.1641
1690.038 646.1563
1690.012 646.1407
1689.996 646.1339
1689.947 646.1333
1689.931 646.1323
1689.909 646.1442
1689.915 646.1708
1689.944 646.1782
1690.037 646.1859
1690.12 646.1779
1690.205 646.1595
1690.242 646.1309
1690.257 646.1069
1690.256 646.0652
1690.229 645.9949
1690.219 645.9249
1690.199 645.8682
1690.175 645.8086
1690.152 645.7595
1690.165 645.7111
1690.155 645.6783
1690.2 645.6469
1690.264 645.6129
1690.353 645.5925
1690.393 645.5842
1690.434 645.5818
1690.49 645.5781
1690.555 645.5778
1690.586 645.564
1690.617 645.5522
1690.623 645.5418
1690.638 645.543
1690.673 645.5262
1690.777 645.4861
1690.863 645.4388
1691.005 645.3893
1691.156 645.3149
1691.297 645.2347
1691.4 645.1369
1691.471 645.0414
1691.537 644.9412
1691.639 644.8082
1691.679 644.6895
1691.686 644.5911
1691.651 644.5072
1691.626 644.4407
1691.59 644.3887
1691.565 644.3535
1691.524 644.322
1691.516 644.3037
1691.488 644.279
1691.435 644.2699
1691.363 644.2737
1691.33 644.3104
1691.26 644.3527
1691.273 644.3961
1691.312 644.4189
1691.307 644.4362
1691.31 644.4302
1691.356 644.4394
1691.409 644.4539
1691.504 644.4683
1691.615 644.4534
1691.751 644.4268
1691.926 644.3998
1692.059 644.339
1692.249 644.2562
1692.447 644.1401
1692.642 644.0022
1692.851 643.869
1693.444 643.5274
1693.661 643.3921
1694.124 643.0873
1694.697 642.7193
1695.35 642.3143
1696.168 641.8572
1697.146 641.3829
1698.258 640.8642
1699.496 640.3066
1700.947 639.6769
1702.524 638.9687
1704.957 637.822
1706.78 636.9249
1708.754 635.9104
1710.403 635.0574
1712.633 633.954
1715.079 632.7898
1717.542 631.6113
1720.353 630.2401
1723.401 628.6998
1725.988 627.3887
1728.673 625.9199
1731.156 624.5048
1733.721 623.0731
1737.15 621.1655
1739.537 619.8111
1741.916 618.4547
1744.522 616.9455
1747.06 615.4236
1749.579 613.8762
1751.926 612.3469
1754.388 610.7573
1756.228 609.5625
1758.726 607.8864
1761.355 606.0961
1763.835 604.3942
1766.221 602.6597
1768.247 601.0221
1770.032 599.3464
1771.823 597.6096
1773.456 595.8629
1774.887 594.0059
1776.434 591.6003
1777.724 589.3107
1778.729 586.9556
1779.117 584.2858
1778.819 581.6457
1777.985 578.8607
1777.075 575.7723
1776.416 572.5268
1775.702 569.275
1774.666 565.6608
1773.363 561.9208
1771.896 557.9963
1770.355 554.0345
1768.855 550.1461
1767.504 546.5337
1766.035 542.8062
1764.378 539.1795
1762.668 535.6264
1760.754 531.8135
1758.778 528.0062
1756.71 524.3948
1754.635 520.9134
1752.529 517.5552
1750.711 514.5177
1748.985 511.5609
1747.504 508.87
1746.143 506.2805
1745.017 503.641
1744.205 501.2678
1743.718 499.2422
1743.638 497.597
1743.994 496.0787
1744.69 494.7124
1745.811 493.3565
1747.366 492.3144
1749.476 491.5377
1751.784 491.0755
1754.325 490.6514
1756.186 490.4356
1758.827 490.3115
1761.468 490.3775
1764.087 490.6302
1766.633 490.8903
1768.98 491.1772
1770.956 491.4943
1772.858 491.8981
1774.652 492.2751
1776.343 492.5644
1778.265 492.743
1779.67 492.9024
1780.659 493.012
1782.048 493.0117
1783.285 492.8792
1784.498 492.5882
1785.658 492.1777
1786.75 491.6927
1787.768 491.1791
1788.801 490.6694
1789.888 490.1303
1790.971 489.5066
1792.265 488.5196
1793.291 487.6412
1794.148 486.8884
1795.031 486.0605
1795.831 485.1768
1796.561 484.2847
1797.323 483.3075
1798.011 482.3525
1798.602 481.4143
1799.146 480.4211
1799.569 479.4084
1799.854 478.334
1800.048 477.342
1800.252 476.4237
1800.384 475.4974
1800.374 474.2695
1800.189 473.1375
1799.996 472.3395
1799.701 471.3327
1799.4 470.3345
1799.132 469.3758
1798.788 468.3361
1798.543 467.5632
1798.385 467.0322
1798.245 466.5282
1798.16 466.1277
1798.229 465.8659
1798.486 465.7109
1798.893 465.6774
1799.464 465.7702
1800.187 465.9503
1801.09 466.2272
1802.156 466.5788
1803.564 467.0781
1804.912 467.5643
1806.256 467.9446
1807.587 468.2654
1808.904 468.5329
1810.075 468.813
1811.307 469.1443
1812.334 469.4572
1813.272 469.688
1814.072 469.8415
1814.682 469.9367
1815.218 470.0441
1815.688 470.1108
1816.039 470.0757
1816.267 469.9608
1816.417 469.8368
1816.524 469.7056
1816.526 469.5685
1816.402 469.3953
1816.262 469.1582
1816.074 468.9548
1815.888 468.7144
1815.664 468.4471
1815.472 468.1567
1815.379 467.4256
1815.42 467.1992
1815.554 466.7472
1815.772 466.1984
1816.087 465.6382
1816.526 464.9798
1816.983 464.2204
1817.38 463.4863
1817.723 462.6652
1817.886 461.8188
1817.824 460.9823
1817.389 459.9401
1816.902 459.3145
1816.195 458.6711
1815.204 458.1299
1814.027 457.7575
1812.679 457.5479
1811.215 457.4725
1809.755 457.5319
1808.405 457.7446
1690.474 646.4986
1690.514 646.473
1690.555 646.4339
1690.57 646.4093
1690.597 646.3825
1690.604 646.3607
1690.603 646.3451
1690.592 646.3322
1690.534 646.3091
1690.449 646.3046
1690.391 646.2963
1690.323 646.3096
1690.275 646.3192
1690.255 646.3486
1690.206 646.3937
1690.18 646.4443
1690.165 646.4892
1690.15 646.539
1690.169 646.5737
1690.205 646.6
1690.243 646.5984
1690.297 646.5876
1690.335 646.5636
1690.365 646.5385
1690.438 646.5025
1690.454 646.4612
1690.486 646.4319
1690.547 646.425
1690.561 646.416
1690.568 646.4097
1690.57 646.4039
1690.561 646.388
1690.52 646.3823
1690.472 646.3738
1690.381 646.3768
1690.313 646.386
1690.293 646.4039
1690.288 646.4178
1690.303 646.4306
1690.349 646.4283
1690.394 646.4126
1690.418 646.3911
1690.435 646.3681
1690.407 646.356
1690.391 646.3147
1690.381 646.271
1690.349 646.2402
1690.303 646.2216
1690.204 646.1982
1690.123 646.1809
1690.068 646.1641
1690.038 646.1563
1690.012 646.1407
1689.996 646.1339
1689.947 646.1333
1689.931 646.1323
1689.909 646.1442
1689.915 646.1708
1689.944 646.1782
1690.037 646.1859
1690.12 646.1779
1690.205 646.1595
1690.242 646.1309
1690.257 646.1069
1690.256 646.0652
1690.229 645.9949
1690.219 645.9249
1690.199 645.8682
1690.175 645.8086
1690.152 645.7595
1690.165 645.7111
1690.155 645.6783
1690.2 645.6469
1690.264 645.6129
1690.353 645.5925
1690.393 645.5842
1690.434 645.5818
1690.49 645.5781
1690.555 645.5778
1690.586 645.564
1690.617 645.5522
1690.623 645.5418
1690.638 645.543
1690.673 645.5262
1690.777 645.4861
1690.863 645.4388
1691.005 645.3893
1691.156 645.3149
1691.297 645.2347
1691.4 645.1369
1691.471 645.0414
1691.537 644.9412
1691.639 644.8082
1691.679 644.6895
1691.686 644.5911
1691.651 644.5072
1691.626 644.4407
1691.59 644.3887
1691.565 644.3535
1691.524 644.322
1691.516 644.3037
1691.488 644.279
1691.435 644.2699
1691.363 644.2737
1691.33 644.3104
1691.26 644.3527
1691.273 644.3961
1691.312 644.4189
1691.307 644.4362
1691.31 644.4302
1691.356 644.4394
1691.409 644.4539
1691.504 644.4683
1691.615 644.4534
1691.751 644.4268
1691.926 644.3998
1692.059 644.339
1692.249 644.2562
1692.447 644.1401
1692.642 644.0022
1692.851 643.869
1693.444 643.5274
1693.661 643.3921
1694.124 643.0873
1694.697 642.7193
1695.35 642.3143
1696.168 641.8572
1697.146 641.3829
1698.258 640.8642
1699.496 640.3066
1700.947 639.6769
1702.524 638.9687
1704.957 637.822
1706.78 636.9249
1708.754 635.9104
1710.403 635.0574
1712.633 633.954
1715.079 632.7898
1717.542 631.6113
1720.353 630.2401
1723.401 628.6998
1725.988 627.3887
1728.673 625.9199
1731.156 624.5048
1733.721 623.0731
1737.15 621.1655
1739.537 619.8111
1741.916 618.4547
1744.522 616.9455
1747.06 615.4236
1749.579 613.8762
1751.926 612.3469
1754.388 610.7573
1756.228 609.5625
1758.726 607.8864
1761.355 606.0961
1763.835 604.3942
1766.221 602.6597
1768.247 601.0221
1770.032 599.3464
1771.823 597.6096
1773.456 595.8629
1774.887 594.0059
1776.434 591.6003
1777.724 589.3107
1778.729 586.9556
1779.117 584.2858
1778.819 581.6457
1777.985 578.8607
1777.075 575.7723
1776.416 572.5268
1775.702 569.275
1774.666 565.6608
1773.363 561.9208
1771.896 557.9963
1770.355 554.0345
1768.855 550.1461
1767.504 546.5337
1766.035 542.8062
1764.378 539.1795
1762.668 535.6264
1760.754 531.8135
1758.778 528.0062
1756.71 524.3948
1754.635 520.9134
1752.529 517.5552
1750.711 514.5177
1748.985 511.5609
1747.504 508.87
1746.143 506.2805
1745.017 503.641
1744.205 501.2678
1743.718 499.2422
1743.638 497.597
1743.994 496.0787
1744.69 494.7124
1745.811 493.3565
1747.366 492.3144
1749.476 491.5377
1751.784 491.0755
1754.325 490.6514
1756.186 490.4356
1758.827 490.3115
1761.468 490.3775
1764.087 490.6302
1766.633 490.8903
1768.98 491.1772
1770.956 491.4943
1772.858 491.8981
1774.652 492.2751
1776.343 492.5644
1778.265 492.743
1779.67 492.9024
1780.659 493.012
1782.048 493.0117
1783.285 492.8792
1784.498 492.5882
1785.658 492.1777
1786.75 491.6927
1787.768 491.1791
1788.801 490.6694
1789.888 490.1303
1790.971 489.5066
1792.265 488.5196
1793.291 487.6412
1794.148 486.8884
1795.031 486.0605
1795.831 485.1768
1796.561 484.2847
1797.323 483.3075
1798.011 482.3525
1798.602 481.4143
1799.146 480.4211
1799.569 479.4084
1799.854 478.334
1800.048 477.342
1800.252 476.4237
1800.384 475.4974
1800.374 474.2695
1800.189 473.1375
1799.996 472.3395
1799.701 471.3327
1799.4 470.3345
1799.132 469.3758
1798.788 468.3361
1798.543 467.5632
1798.385 467.0322
1798.245 466.5282
1798.16 466.1277
1798.229 465.8659
1798.486 465.7109
1798.893 465.6774
1799.464 465.7702
1800.187 465.9503
1801.09 466.2272
1802.156 466.5788
1803.564 467.0781
1804.912 467.5643
1806.256 467.9446
1807.587 468.2654
1808.904 468.5329
1810.075 468.813
1811.307 469.1443
1812.334 469.4572
1813.272 469.688
1814.072 469.8415
1814.682 469.9367
1815.218 470.0441
1815.688 470.1108
1816.039 470.0757
1816.267 469.9608
1816.417 469.8368
1816.524 469.7056
1816.526 469.5685
1816.402 469.3953
1816.262 469.1582
1816.074 468.9548
1815.888 468.7144
1815.664 468.4471
1815.472 468.1567
1815.379 467.4256
1815.42 467.1992
1815.554 466.7472
1815.772 466.1984
1816.087 465.6382
1816.526 464.9798
1816.983 464.2204
1817.38 463.4863
1817.723 462.6652
1817.886 461.8188
1817.824 460.9823
1817.389 459.9401
1816.902 459.3145
1816.195 458.6711
1815.204 458.1299
1814.027 457.7575
1812.679 457.5479
1811.215 457.4725
1809.755 457.5319
1808.405 457.7446
1807.057 458.0994
1805.664 458.5713
1804.26 459.2383
1802.921 460.1154
1801.673 461.2295
1800.698 462.3582
1799.798 463.5977
1798.931 464.8919
1798.095 466.1315
1797.347 467.3454
1796.745 468.5231
1796.238 469.6089
1795.684 470.7091
1795.057 471.9282
1794.517 473.2352
1793.913 474.5879
1793.124 475.7271
1792.301 476.6582
1791.398 477.6777
1790.513 478.9172
1789.716 480.3639
1788.931 481.9719
1788.29 483.4679
1787.87 484.889
1787.67 486.4002
1787.778 488.0045
1788.162 489.531
1788.764 491.1535
1789.602 492.8011
1790.659 494.3624
1791.986 495.9711
1793.353 497.3233
1794.819 498.6188
1796.329 499.8386
1797.633 500.9316
1798.391 501.6335
1799.238 502.6213
1799.855 503.5511
1800.312 504.3032
1800.613 504.8266
1800.662 505.1678
1800.492 505.4835
1800.19 505.8268
1799.772 506.1163
1799.26 506.2838
1798.519 506.2561
1797.959 506.1221
1797.369 505.9774
1796.897 505.8495
1796.51 505.6914
1796.235 505.4504
1796.056 505.2045
1795.943 504.9383
1795.972 504.7169
1796.089 504.4691
1796.275 504.0514
1796.483 503.4819
1796.838 502.8179
1797.304 502.2172
1797.958 501.7074
1798.803 501.094
1799.646 500.4505
1800.417 499.8163
1801.249 499.0981
1802.051 498.2216
1802.795 497.2918
1803.501 496.3659
1804.316 495.4756
1805.198 494.5485
1806.247 493.3972
1807.12 492.3804
1807.932 491.4189
1808.763 490.459
1809.591 489.5248
1810.39 488.5871
1811.205 487.5775
1812.09 486.5843
1813.126 485.6511
1814.313 484.632
1815.473 483.5928
1816.495 482.6825
1817.595 481.8055
1818.82 481.0639
1820.249 480.3501
1821.755 479.6175
1823.182 478.8163
1824.521 477.8353
1825.745 476.8029
1826.904 475.8908
1828.025 475.2874
1829.179 474.8997
1830.534 474.7523
1831.789 474.7707
1833.125 474.8024
1834.574 474.8175
1836.178 474.8765
1837.725 475.088
1839.175 475.5338
1840.462 476.2067
1841.87 477.1594
1843.234 478.1318
1844.823 479.2689
1846.391 480.4663
1848.055 481.8669
1849.543 483.3172
1851.003 484.9503
1852.338 486.4645
1853.571 487.7956
1854.801 489.1715
1855.825 490.623
1856.787 492.1636
1857.738 493.6928
1858.647 495.2225
1859.427 496.6429
1860.124 498.1342
1860.61 497.366
1860.301 495.6904
1859.279 494.3746
1859.725 494.2952
1860.727 494.375
1861.936 493.416
1861.34 491.7801
1860.492 490.0793
1860.675 488.8161
1861.914 487.786
1862.175 486.8572
1861.535 485.0447
1861.496 483.4249
1862.566 482.0164
1863.588 480.4808
1864.593 477.2189
1865.004 476.1473
1865.712 473.9722
1866.446 471.2977
1867.301 468.1052
1869.123 464.6768
1871.448 461.886
1873.51 458.9593
1875.664 455.6649
1877.707 452.5078
1878.653 450.3846
1879.523 448.0112
1880.154 446.9482
1880.692 446.1481
1880.991 445.8574
1881.081 445.9271
1881.143 446.1165
1881.159 446.1234
1881.204 445.9944
1881.187 445.5789
1881.162 444.8608
1880.99 443.827
1880.748 442.4538
1880.52 441.2059
1880.222 439.8369
1879.92 438.3608
1879.403 436.6533
1878.592 435.1051
1877.639 433.748
1876.884 432.6388
1876.011 431.6763
1874.761 430.8845
1873.392 430.3382
1871.824 430.0218
1869.852 429.9507
1867.499 430.058
1865.103 430.2296
1862.361 430.4175
1860.355 430.3231
1859.061 429.8991
1858.772 429.5352
1858.668 429.333
1858.56 429.382
1858.668 429.6021
1858.769 429.7513
1858.862 429.7437
1858.822 429.7233
1858.685 429.6798
1858.532 429.6875
1858.42 429.7428
1858.342 429.8158
1858.351 429.8768
1858.373 429.9175
1858.457 429.8966
1858.474 429.89
1858.467 429.8818
1858.442 429.8687
1858.453 429.8738
1858.418 429.8806
1858.416 429.8809
1858.429 429.9154
1858.43 429.9419
1858.48 429.9432
1858.525 429.9442
1858.566 429.9411
1858.591 429.9352
1858.552 429.9225
1858.574 429.9089
1858.474 429.9031
1858.435 429.9627
1858.562 429.9692
1858.604 429.9863
1858.563 430.007
1858.594 429.9973
1858.605 429.9941
1858.583 429.9932
1858.571 429.9872
1858.556 430.008
1858.579 430.0218
1858.597 430.0363
1858.603 430.0586
1858.599 430.0726
1858.578 430.0716
1858.566 430.0718
1858.566 430.0679
1858.564 430.0853
1858.578 430.1024
1858.573 430.1208
1858.537 430.1341
1858.524 430.1385
1858.507 430.1382
1858.46 430.14
1858.455 430.1395
1858.505 430.1553
1858.491 430.1782
1858.528 430.2044
1858.557 430.2175
1858.571 430.2227
1858.575 430.214
1858.601 430.2021
1858.595 430.2029
1858.608 430.2213
1858.617 430.2347
1858.632 430.2554
1858.644 430.2741
1858.666 430.2738
1858.634 430.2632
1858.62 430.2642
1858.601 430.265
1858.607 430.287
1858.606 430.312
1858.617 430.3384
1858.613 430.334
1858.628 430.3617
1858.624 430.3646
1858.613 430.3914
1858.615 430.4007
1858.619 430.4355
1858.623 430.4499
1858.661 430.4782
1858.696 430.4897
1858.71 430.5016
1858.704 430.4989
1858.718 430.5164
1858.693 430.528
1858.706 430.5483
1858.734 430.5544
1858.768 430.5791
1858.736 430.5835
1858.738 430.5957
1858.718 430.606
1858.719 430.6203
1858.71 430.6277
1858.71 430.6774
1858.719 430.6782
1858.696 430.6976
1858.685 430.7057
1858.685 430.7194
1858.661 430.7415
1858.648 430.7432
1858.604 430.7638
1858.581 430.7858
1858.555 430.7921
1858.549 430.8075
1858.508 430.8288
1858.48 430.8271
1858.435 430.8403
1858.382 430.8561
1858.35 430.882
1858.339 430.8835
1858.334 430.8799
1858.311 430.8921
1858.324 430.8924
1858.339 430.8979
1858.317 430.9149
1858.299 430.9237
1858.275 430.9196
1858.27 430.9225
1858.264 430.9194
1858.266 430.9219
1858.251 430.9312
1858.263 430.9388
1858.251 430.9431
1858.268 430.9544
1858.262 430.9526
1858.239 430.9515
1858.244 430.9448
1858.237 430.9526
1858.226 430.9565
1858.241 430.9639
1807.057 458.0994
1805.664 458.5713
1804.26 459.2383
1802.921 460.1154
1801.673 461.2295
1800.698 462.3582
1799.798 463.5977
1798.931 464.8919
1798.095 466.1315
1797.347 467.3454
1796.745 468.5231
1796.238 469.6089
1795.684 470.7091
1795.057 471.9282
1794.517 473.2352
1793.913 474.5879
1793.124 475.7271
1792.301 476.6582
1791.398 477.6777
1790.513 478.9172
1789.716 480.3639
1788.931 481.9719
1788.29 483.4679
1787.87 484.889
1787.67 486.4002
1787.778 488.0045
1788.162 489.531
1788.764 491.1535
1789.602 492.8011
1790.659 494.3624
1791.986 495.9711
1793.353 497.3233
1794.819 498.6188
1796.329 499.8386
1797.633 500.9316
1798.391 501.6335
1799.238 502.6213
1799.855 503.5511
1800.312 504.3032
1800.613 504.8266
1800.662 505.1678
1800.492 505.4835
1800.19 505.8268
1799.772 506.1163
1799.26 506.2838
1798.519 506.2561
1797.959 506.1221
1797.369 505.9774
1796.897 505.8495
1796.51 505.6914
1796.235 505.4504
1796.056 505.2045
1795.943 504.9383
1795.972 504.7169
1796.089 504.4691
1796.275 504.0514
1796.483 503.4819
1796.838 502.8179
1797.304 502.2172
1797.958 501.7074
1798.803 501.094
1799.646 500.4505
1800.417 499.8163
1801.249 499.0981
1802.051 498.2216
1802.795 497.2918
1803.501 496.3659
1804.316 495.4756
1805.198 494.5485
1806.247 493.3972
1807.12 492.3804
1807.932 491.4189
1808.763 490.459
1809.591 489.5248
1810.39 488.5871
1811.205 487.5775
1812.09 486.5843
1813.126 485.6511
1814.313 484.632
1815.473 483.5928
1816.495 482.6825
1817.595 481.8055
1818.82 481.0639
1820.249 480.3501
1821.755 479.6175
1823.182 478.8163
1824.521 477.8353
1825.745 476.8029
1826.904 475.8908
1828.025 475.2874
1829.179 474.8997
1830.534 474.7523
1831.789 474.7707
1833.125 474.8024
1834.574 474.8175
1836.178 474.8765
1837.725 475.088
1839.175 475.5338
1840.462 476.2067
1841.87 477.1594
1843.234 478.1318
1844.823 479.2689
1846.391 480.4663
1848.055 481.8669
1849.543 483.3172
1851.003 484.9503
1852.338 486.4645
1853.571 487.7956
1854.801 489.1715
1855.825 490.623
1856.787 492.1636
1857.738 493.6928
1858.647 495.2225
1859.427 496.6429
1860.124 498.1342
1860.61 497.366
1860.301 495.6904
1859.279 494.3746
1859.725 494.2952
1860.727 494.375
1861.936 493.416
1861.34 491.7801
1860.492 490.0793
1860.675 488.8161
1861.914 487.786
1862.175 486.8572
1861.535 485.0447
1861.496 483.4249
1862.566 482.0164
1863.588 480.4808
1864.593 477.2189
1865.004 476.1473
1865.712 473.9722
1866.446 471.2977
1867.301 468.1052
1869.123 464.6768
1871.448 461.886
1873.51 458.9593
1875.664 455.6649
1877.707 452.5078
1878.653 450.3846
1879.523 448.0112
1880.154 446.9482
1880.692 446.1481
1880.991 445.8574
1881.081 445.9271
1881.143 446.1165
1881.159 446.1234
1881.204 445.9944
1881.187 445.5789
1881.162 444.8608
1880.99 443.827
1880.748 442.4538
1880.52 441.2059
1880.222 439.8369
1879.92 438.3608
1879.403 436.6533
1878.592 435.1051
1877.639 433.748
1876.884 432.6388
1876.011 431.6763
1874.761 430.8845
1873.392 430.3382
1871.824 430.0218
1869.852 429.9507
1867.499 430.058
1865.103 430.2296
1862.361 430.4175
1860.355 430.3231
1859.061 429.8991
1858.772 429.5352
1858.668 429.333
1858.56 429.382
1858.668 429.6021
1858.769 429.7513
1858.862 429.7437
1858.822 429.7233
1858.685 429.6798
1858.532 429.6875
1858.42 429.7428
1858.342 429.8158
1858.351 429.8768
1858.373 429.9175
1858.457 429.8966
1858.474 429.89
1858.467 429.8818
1858.442 429.8687
1858.453 429.8738
1858.418 429.8806
1858.416 429.8809
1858.429 429.9154
1858.43 429.9419
1858.48 429.9432
1858.525 429.9442
1858.566 429.9411
1858.591 429.9352
1858.552 429.9225
1858.574 429.9089
1858.474 429.9031
1858.435 429.9627
1858.562 429.9692
1858.604 429.9863
1858.563 430.007
1858.594 429.9973
1858.605 429.9941
1858.583 429.9932
1858.571 429.9872
1858.556 430.008
1858.579 430.0218
1858.597 430.0363
1858.603 430.0586
1858.599 430.0726
1858.578 430.0716
1858.566 430.0718
1858.566 430.0679
1858.564 430.0853
1858.578 430.1024
1858.573 430.1208
1858.537 430.1341
1858.524 430.1385
1858.507 430.1382
1858.46 430.14
1858.455 430.1395
1858.505 430.1553
1858.491 430.1782
1858.528 430.2044
1858.557 430.2175
1858.571 430.2227
1858.575 430.214
1858.601 430.2021
1858.595 430.2029
1858.608 430.2213
1858.617 430.2347
1858.632 430.2554
1858.644 430.2741
1858.666 430.2738
1858.634 430.2632
1858.62 430.2642
1858.601 430.265
1858.607 430.287
1858.606 430.312
1858.617 430.3384
1858.613 430.334
1858.628 430.3617
1858.624 430.3646
1858.613 430.3914
1858.615 430.4007
1858.619 430.4355
1858.623 430.4499
1858.661 430.4782
1858.696 430.4897
1858.71 430.5016
1858.704 430.4989
1858.718 430.5164
1858.693 430.528
1858.706 430.5483
1858.734 430.5544
1858.768 430.5791
1858.736 430.5835
1858.738 430.5957
1858.718 430.606
1858.719 430.6203
1858.71 430.6277
1858.71 430.6774
1858.719 430.6782
1858.696 430.6976
1858.685 430.7057
1858.685 430.7194
1858.661 430.7415
1858.648 430.7432
1858.604 430.7638
1858.581 430.7858
1858.555 430.7921
1858.549 430.8075
1858.508 430.8288
1858.48 430.8271
1858.435 430.8403
1858.382 430.8561
1858.35 430.882
1858.339 430.8835
1858.334 430.8799
1858.311 430.8921
1858.324 430.8924
1858.339 430.8979
1858.317 430.9149
1858.299 430.9237
1858.275 430.9196
1858.27 430.9225
1858.264 430.9194
1858.266 430.9219
1858.251 430.9312
1858.263 430.9388
1858.251 430.9431
1858.268 430.9544
1858.262 430.9526
1858.239 430.9515
1858.244 430.9448
1858.237 430.9526
1858.226 430.9565
1858.241 430.9639
