1920 480
222.0544 478.0143
220.6904 477.999
220.707 477.9665
220.7578 477.985
220.765 477.981
220.7682 477.9766
220.7966 477.9696
220.8275 477.9666
220.8717 477.9432
220.9186 477.945
220.9274 477.9683
220.9147 477.9471
220.9564 477.96
221.029 477.9476
221.082 477.946
221.0553 477.9595
221.125 477.9673
221.1768 477.9777
221.2998 477.9753
221.3392 477.9766
221.3675 477.9793
221.4154 477.9806
221.4245 477.9966
221.4795 477.9684
221.5202 477.9907
221.5381 477.985
221.5264 477.9826
221.5745 477.9803
221.5635 477.9938
221.6113 477.9907
221.6777 477.986
221.7038 478.0033
221.7559 478.0121
221.7542 478.0109
221.7891 478.0199
221.8353 478.0412
221.7552 478.0645
221.7331 478.0641
221.7148 478.0638
221.7025 478.0635
221.9271 478.0745
221.9635 478.0891
222.0934 478.0952
222.0765 478.0664
222.0205 478.0593
221.974 478.1019
221.985 478.1108
222.11 478.097
222.0078 478.083
222.0778 478.1175
222.0827 478.111
222.1781 478.0886
222.1419 478.0576
222.1582 478.1037
221.9935 478.1833
222.1719 478.0962
222.1807 478.0942
222.1686 478.1216
222.124 478.1515
222.1299 478.0944
222.1504 478.1274
222.1432 478.1051
222.1575 478.1216
222.1361 478.1128
222.1602 478.1354
222.166 478.1367
222.1719 478.1378
222.0977 478.133
222.1439 478.1592
222.054 478.1714
222.0713 478.1561
222.0264 478.1647
221.9785 478.208
221.9922 478.2222
221.9388 478.2401
221.9427 478.2194
221.9714 478.1974
221.8958 478.2021
221.8909 478.2072
221.8997 478.1964
221.9072 478.2272
221.8698 478.2155
221.9378 478.1815
221.9154 478.1994
221.9779 478.1888
221.9089 478.2227
221.9635 478.1839
221.9814 478.2152
221.9167 478.2235
221.9287 478.1475
221.9622 478.2096
221.9336 478.2023
221.9147 478.1733
221.9967 478.1533
222.0094 478.1431
222.0433 478.1375
222.0423 478.1707
222.1104 478.1527
222.0671 478.1611
222.1058 478.1505
222.155 478.1556
222.1507 478.1587
222.095 478.1074
222.1712 478.1732
222.1543 478.1691
222.168 478.1982
222.126 478.1956
222.2376 478.16
222.1992 478.1611
222.1683 478.1841
222.1947 478.1582
222.2233 478.2144
222.2269 478.1772
222.2676 478.2012
222.1846 478.1824
222.2005 478.1581
222.2262 478.187
222.2546 478.1899
222.2194 478.1743
222.2083 478.1733
222.2546 478.1763
222.3053 478.2155
222.3659 478.2314
222.3359 478.1901
222.2415 478.2289
222.3405 478.221
222.2819 478.2108
222.3226 478.1867
222.2458 478.1947
222.2747 478.2114
222.2975 478.2296
222.3203 478.2401
222.2887 478.2251
222.2712 478.2227
222.2585 478.1921
222.2148 478.2275
222.279 478.1985
222.2533 478.2479
222.2051 478.1996
222.2207 478.2254
222.1732 478.2053
222.1934 478.2212
222.1491 478.249
222.1934 478.2278
222.1777 478.2091
222.071 478.2308
222.1143 478.2513
222.1384 478.2458
222.1058 478.202
222.1484 478.2295
222.1865 478.255
222.1995 478.1883
222.083 478.2542
222.1247 478.2171
222.1374 478.2344
222.0794 478.2117
222.1045 478.2256
222.0638 478.2422
222.0365 478.2313
222.1029 478.2041
222.0225 478.231
221.9958 478.2303
222.0163 478.2331
222.0195 478.2225
221.9876 478.2508
221.9801 478.2467
221.9658 478.2438
221.9128 478.2469
221.9626 478.2389
221.9411 478.2373
221.9258 478.2599
221.8525 478.2594
221.8724 478.2599
221.9053 478.258
221.9082 478.2529
221.8616 478.2367
221.8763 478.2305
221.8284 478.2289
221.6732 478.2697
221.7113 478.2565
221.6533 478.2957
221.6755 478.3089
221.6045 478.333
221.5788 478.341
221.5114 478.368
221.4352 478.3174
221.3988 478.3871
221.4303 478.3703
221.4111 478.3397
221.3496 478.4109
221.3522 478.4079
221.3167 478.4246
221.2777 478.4059
221.1839 478.4105
221.2116 478.4206
221.1995 478.4333
221.1224 478.4328
221.1409 478.4137
221.1289 478.4556
221.1305 478.4229
221.1133 478.4004
221.0814 478.4321
221.0934 478.4471
221.0036 478.4745
221.0296 478.4282
221.0879 478.4826
220.9743 478.4627
221.0225 478.4832
221.0257 478.439
220.9831 478.445
220.9844 478.4238
221.0371 478.4634
220.9997 478.4612
220.9945 478.4653
220.9958 478.4878
220.9118 478.4827
220.9954 478.4277
220.9886 478.4637
221.0433 478.4841
220.9912 478.4751
221.0329 478.4624
221.0104 478.4663
221.0228 478.4409
221.0589 478.4452
221.0042 478.4172
221.0563 478.4118
221.1029 478.4341
221.1367 478.4579
221.0856 478.4505
221.0872 478.4614
221.1585 478.4487
221.1595 478.4276
221.1849 478.4346
221.1559 478.4686
221.1829 478.4914
221.1784 478.4395
221.224 478.4689
221.2194 478.4559
221.2728 478.4393
221.2262 478.4728
221.1803 478.4063
221.2438 478.41
221.2295 478.4406
221.2871 478.4109
221.2624 478.3776
221.2552 478.4458
221.3034 478.4497
221.3444 478.4005
221.3145 478.3818
221.3281 478.3973
221.3861 478.3844
221.3542 478.3911
221.3457 478.3983
221.4137 478.4095
221.4108 478.3763
221.4238 478.3498
221.5137 478.3587
221.4349 478.3589
221.4124 478.3778
221.457 478.3714
221.4912 478.3582
221.5163 478.3568
221.5941 478.3654
221.6032 478.3652
221.6263 478.3841
221.638 478.3569
221.596 478.3578
221.7266 478.3939
221.7145 478.4198
221.6813 478.4203
221.6836 478.4603
221.6979 478.423
221.651 478.4375
221.7308 478.4245
221.7904 478.402
221.7419 478.4355
221.7682 478.4593
221.738 478.4943
221.7461 478.4557
221.7884 478.4622
221.8265 478.5156
221.7786 478.4841
221.7839 478.4902
221.8259 478.5233
221.818 478.5728
221.7835 478.5467
221.7188 478.5229
221.7777 478.5654
221.7471 478.5337
221.7624 478.5432
221.7614 478.5488
221.8174 478.547
221.7067 478.5915
221.6976 478.5977
221.6608 478.5539
221.7243 478.5951
221.6556 478.5664
221.6276 478.5659
221.6068 478.5854
1920 480
222.0544 478.0143
220.6904 477.999
220.707 477.9665
220.7578 477.985
220.765 477.981
220.7682 477.9766
220.7966 477.9696
220.8275 477.9666
220.8717 477.9432
220.9186 477.945
220.9274 477.9683
220.9147 477.9471
220.9564 477.96
221.029 477.9476
221.082 477.946
221.0553 477.9595
221.125 477.9673
221.1768 477.9777
221.2998 477.9753
221.3392 477.9766
221.3675 477.9793
221.4154 477.9806
221.4245 477.9966
221.4795 477.9684
221.5202 477.9907
221.5381 477.985
221.5264 477.9826
221.5745 477.9803
221.5635 477.9938
221.6113 477.9907
221.6777 477.986
221.7038 478.0033
221.7559 478.0121
221.7542 478.0109
221.7891 478.0199
221.8353 478.0412
221.7552 478.0645
221.7331 478.0641
221.7148 478.0638
221.7025 478.0635
221.9271 478.0745
221.9635 478.0891
222.0934 478.0952
222.0765 478.0664
222.0205 478.0593
221.974 478.1019
221.985 478.1108
222.11 478.097
222.0078 478.083
222.0778 478.1175
222.0827 478.111
222.1781 478.0886
222.1419 478.0576
222.1582 478.1037
221.9935 478.1833
222.1719 478.0962
222.1807 478.0942
222.1686 478.1216
222.124 478.1515
222.1299 478.0944
222.1504 478.1274
222.1432 478.1051
222.1575 478.1216
222.1361 478.1128
222.1602 478.1354
222.166 478.1367
222.1719 478.1378
222.0977 478.133
222.1439 478.1592
222.054 478.1714
222.0713 478.1561
222.0264 478.1647
221.9785 478.208
221.9922 478.2222
221.9388 478.2401
221.9427 478.2194
221.9714 478.1974
221.8958 478.2021
221.8909 478.2072
221.8997 478.1964
221.9072 478.2272
221.8698 478.2155
221.9378 478.1815
221.9154 478.1994
221.9779 478.1888
221.9089 478.2227
221.9635 478.1839
221.9814 478.2152
221.9167 478.2235
221.9287 478.1475
221.9622 478.2096
221.9336 478.2023
221.9147 478.1733
221.9967 478.1533
222.0094 478.1431
222.0433 478.1375
222.0423 478.1707
222.1104 478.1527
222.0671 478.1611
222.1058 478.1505
222.155 478.1556
222.1507 478.1587
222.095 478.1074
222.1712 478.1732
222.1543 478.1691
222.168 478.1982
222.126 478.1956
222.2376 478.16
222.1992 478.1611
222.1683 478.1841
222.1947 478.1582
222.2233 478.2144
222.2269 478.1772
222.2676 478.2012
222.1846 478.1824
222.2005 478.1581
222.2262 478.187
222.2546 478.1899
222.2194 478.1743
222.2083 478.1733
222.2546 478.1763
222.3053 478.2155
222.3659 478.2314
222.3359 478.1901
222.2415 478.2289
222.3405 478.221
222.2819 478.2108
222.3226 478.1867
222.2458 478.1947
222.2747 478.2114
222.2975 478.2296
222.3203 478.2401
222.2887 478.2251
222.2712 478.2227
222.2585 478.1921
222.2148 478.2275
222.279 478.1985
222.2533 478.2479
222.2051 478.1996
222.2207 478.2254
222.1732 478.2053
222.1934 478.2212
222.1491 478.249
222.1934 478.2278
222.1777 478.2091
222.071 478.2308
222.1143 478.2513
222.1384 478.2458
222.1058 478.202
222.1484 478.2295
222.1865 478.255
222.1995 478.1883
222.083 478.2542
222.1247 478.2171
222.1374 478.2344
222.0794 478.2117
222.1045 478.2256
222.0638 478.2422
222.0365 478.2313
222.1029 478.2041
222.0225 478.231
221.9958 478.2303
222.0163 478.2331
222.0195 478.2225
221.9876 478.2508
221.9801 478.2467
221.9658 478.2438
221.9128 478.2469
221.9626 478.2389
221.9411 478.2373
221.9258 478.2599
221.8525 478.2594
221.8724 478.2599
221.9053 478.258
221.9082 478.2529
221.8616 478.2367
221.8763 478.2305
221.8284 478.2289
221.6732 478.2697
221.7113 478.2565
221.6533 478.2957
221.6755 478.3089
221.6045 478.333
221.5788 478.341
221.5114 478.368
221.4352 478.3174
221.3988 478.3871
221.4303 478.3703
221.4111 478.3397
221.3496 478.4109
221.3522 478.4079
221.3167 478.4246
221.2777 478.4059
221.1839 478.4105
221.2116 478.4206
221.1995 478.4333
221.1224 478.4328
221.1409 478.4137
221.1289 478.4556
221.1305 478.4229
221.1133 478.4004
221.0814 478.4321
221.0934 478.4471
221.0036 478.4745
221.0296 478.4282
221.0879 478.4826
220.9743 478.4627
221.0225 478.4832
221.0257 478.439
220.9831 478.445
220.9844 478.4238
221.0371 478.4634
220.9997 478.4612
220.9945 478.4653
220.9958 478.4878
220.9118 478.4827
220.9954 478.4277
220.9886 478.4637
221.0433 478.4841
220.9912 478.4751
221.0329 478.4624
221.0104 478.4663
221.0228 478.4409
221.0589 478.4452
221.0042 478.4172
221.0563 478.4118
221.1029 478.4341
221.1367 478.4579
221.0856 478.4505
221.0872 478.4614
221.1585 478.4487
221.1595 478.4276
221.1849 478.4346
221.1559 478.4686
221.1829 478.4914
221.1784 478.4395
221.224 478.4689
221.2194 478.4559
221.2728 478.4393
221.2262 478.4728
221.1803 478.4063
221.2438 478.41
221.2295 478.4406
221.2871 478.4109
221.2624 478.3776
221.2552 478.4458
221.3034 478.4497
221.3444 478.4005
221.3145 478.3818
221.3281 478.3973
221.3861 478.3844
221.3542 478.3911
221.3457 478.3983
221.4137 478.4095
221.4108 478.3763
221.4238 478.3498
221.5137 478.3587
221.4349 478.3589
221.4124 478.3778
221.457 478.3714
221.4912 478.3582
221.5163 478.3568
221.5941 478.3654
221.6032 478.3652
221.6263 478.3841
221.638 478.3569
221.596 478.3578
221.7266 478.3939
221.7145 478.4198
221.6813 478.4203
221.6836 478.4603
221.6979 478.423
221.651 478.4375
221.7308 478.4245
221.7904 478.402
221.7419 478.4355
221.7682 478.4593
221.738 478.4943
221.7461 478.4557
221.7884 478.4622
221.8265 478.5156
221.7786 478.4841
221.7839 478.4902
221.8259 478.5233
221.818 478.5728
221.7835 478.5467
221.7188 478.5229
221.7777 478.5654
221.7471 478.5337
221.7624 478.5432
221.7614 478.5488
221.8174 478.547
221.7067 478.5915
221.6976 478.5977
221.6608 478.5539
221.7243 478.5951
221.6556 478.5664
221.6276 478.5659
221.6068 478.5854
221.6279 478.5439
221.625 478.6117
221.625 478.6203
221.5365 478.5711
221.5807 478.5322
221.5781 478.551
221.512 478.5869
221.5462 478.5859
221.5046 478.5934
221.5208 478.5804
221.5101 478.5991
221.5273 478.6004
221.5413 478.5773
221.4473 478.5871
221.4271 478.5956
221.4626 478.591
221.4609 478.6089
221.4906 478.5736
221.487 478.5898
221.4447 478.5803
221.4772 478.5869
221.4723 478.5713
221.4212 478.5732
221.4557 478.564
221.4866 478.5335
221.4854 478.6143
221.4486 478.5609
221.5439 478.5464
221.5215 478.556
221.5062 478.5862
221.5098 478.5514
221.4499 478.5791
221.526 478.5862
221.5251 478.5202
221.5026 478.55
221.502 478.5475
221.5391 478.5425
221.5491 478.5537
221.569 478.5586
221.5273 478.5693
221.4993 478.5811
221.526 478.5359
221.6048 478.5267
221.6589 478.5596
221.6465 478.5552
221.6406 478.5661
221.6283 478.5213
221.6615 478.4857
221.5983 478.4904
221.6198 478.4962
221.6621 478.5156
221.6702 478.4889
221.6494 478.4383
221.7311 478.446
221.681 478.4644
221.7438 478.4102
221.7188 478.4329
221.7725 478.4295
221.7526 478.4157
221.7503 478.402
221.7783 478.4328
221.7767 478.4339
221.8014 478.4269
221.8382 478.4131
221.79 478.4478
221.8659 478.4172
221.8268 478.4022
221.7751 478.4189
221.8945 478.4401
221.8802 478.3864
221.916 478.3926
221.8887 478.3634
221.8672 478.4175
221.9307 478.3862
221.9202 478.3664
221.9401 478.3795
221.9502 478.388
221.9753 478.4123
221.9831 478.4225
221.9704 478.418
221.9193 478.3947
221.8568 478.3537
221.8509 478.3309
221.8682 478.4026
221.8499 478.3402
221.862 478.3877
221.8076 478.3839
221.834 478.4002
221.7148 478.3439
221.7067 478.366
221.7366 478.4001
221.7191 478.3405
221.7598 478.3366
221.7077 478.3247
221.6348 478.3513
221.5771 478.3545
221.6074 478.349
221.4971 478.3607
221.5736 478.3877
221.5651 478.3607
221.5325 478.3468
221.5361 478.3418
221.5189 478.356
221.4655 478.3626
221.4414 478.4297
221.4248 478.3901
221.3646 478.3766
221.4046 478.4189
221.4206 478.4432
221.3978 478.3838
221.3327 478.3893
221.3288 478.3867
221.3379 478.3896
221.3275 478.4196
221.2956 478.39
221.2686 478.4139
221.1741 478.4474
221.2533 478.3543
221.2354 478.4051
221.2503 478.3843
221.1787 478.3887
221.2048 478.3885
221.1784 478.424
221.1908 478.3618
221.1575 478.3683
221.1143 478.374
221.0527 478.3867
221.0309 478.3862
221.0124 478.3859
221.1185 478.3726
221.1797 478.355
221.1738 478.3592
221.1738 478.3511
221.1751 478.36
221.1732 478.3226
221.236 478.3268
221.2077 478.3065
221.2246 478.319
221.2673 478.2811
221.2454 478.2886
221.3659 478.2829
221.3483 478.2879
221.347 478.2728
221.3096 478.2725
221.3301 478.244
221.3053 478.2437
221.3685 478.2694
221.3828 478.2422
221.4202 478.2484
221.3206 478.2708
221.3988 478.2002
221.4753 478.2786
221.4499 478.2036
221.4326 478.224
221.4362 478.2253
221.4271 478.236
221.4567 478.2106
221.5238 478.2074
221.5293 478.1671
221.5078 478.2174
221.4417 478.2155
221.4388 478.1979
221.5026 478.2136
221.4935 478.2311
221.4876 478.2183
221.4577 478.1927
221.5042 478.2192
221.4645 478.2152
221.5146 478.1787
221.4727 478.203
221.5026 478.2021
221.5033 478.2036
221.4909 478.2202
221.4984 478.2528
221.5247 478.2176
221.498 478.2253
221.5638 478.2567
221.4782 478.1907
221.5309 478.2289
221.5788 478.245
221.5325 478.2487
221.5859 478.2432
221.554 478.2568
221.5514 478.2319
221.4714 478.2394
221.5456 478.2109
221.5303 478.2266
221.5674 478.2155
221.5993 478.228
221.6045 478.2316
221.5859 478.215
221.5586 478.2314
221.5814 478.3003
221.6077 478.2018
221.5339 478.2747
221.4694 478.2041
221.4857 478.1883
221.5124 478.2354
221.5182 478.2158
221.6016 478.2472
221.5664 478.1925
221.5674 478.2357
221.5553 478.2251
221.541 478.2373
221.5771 478.251
221.5947 478.2585
221.6191 478.2311
221.679 478.2261
221.6582 478.249
221.6543 478.2645
221.667 478.2227
221.6833 478.2529
221.6836 478.2598
221.7617 478.2054
221.7917 478.2505
221.71 478.25
221.6107 478.1994
221.64 478.2043
221.7331 478.2205
221.6807 478.2308
221.6992 478.1963
221.6976 478.1904
221.7813 478.2568
221.7025 478.2319
221.7145 478.2406
221.7214 478.2492
221.8184 478.2642
221.737 478.2479
221.7197 478.2141
221.7168 478.2323
221.6709 478.2249
221.7461 478.2217
221.7259 478.2508
221.7448 478.2479
221.6406 478.2479
221.6771 478.2488
221.7096 478.2477
221.6807 478.249
221.6312 478.2347
221.6615 478.2536
221.6276 478.2375
221.627 478.2508
221.6211 478.2515
221.6667 478.2171
221.5804 478.2298
221.6497 478.2977
221.6335 478.2311
221.6328 478.2379
221.7038 478.278
221.6191 478.2708
221.6709 478.2583
221.7207 478.2155
221.6833 478.2728
221.78 478.2144
221.7734 478.2571
221.7253 478.2145
221.8044 478.2469
221.748 478.2306
221.7445 478.2306
221.7331 478.2445
221.8018 478.2616
221.7816 478.243
221.7572 478.1921
221.7865 478.22
221.7962 478.2179
221.6732 478.2199
221.6618 478.1966
221.8271 478.1963
221.7435 478.1755
221.7135 478.2257
221.6979 478.202
221.7083 478.1751
221.6859 478.201
221.749 478.1644
221.751 478.1812
221.7324 478.2003
221.7142 478.1833
221.7292 478.2425
221.7272 478.2495
221.6706 478.2471
221.7487 478.3091
221.7038 478.3083
221.7331 478.2878
221.7435 478.2612
221.75 478.256
221.7533 478.2536
221.7712 478.2734
221.8206 478.3214
221.7549 478.3066
221.888 478.2904
221.8535 478.3097
221.9147 478.3157
222.0205 478.3088
222.0771 478.3495
222.1107 478.3743
222.1683 478.3452
222.167 478.3665
222.1901 478.3452
222.2767 478.3434
222.3242 478.3625
221.6279 478.5439
221.625 478.6117
221.625 478.6203
221.5365 478.5711
221.5807 478.5322
221.5781 478.551
221.512 478.5869
221.5462 478.5859
221.5046 478.5934
221.5208 478.5804
221.5101 478.5991
221.5273 478.6004
221.5413 478.5773
221.4473 478.5871
221.4271 478.5956
221.4626 478.591
221.4609 478.6089
221.4906 478.5736
221.487 478.5898
221.4447 478.5803
221.4772 478.5869
221.4723 478.5713
221.4212 478.5732
221.4557 478.564
221.4866 478.5335
221.4854 478.6143
221.4486 478.5609
221.5439 478.5464
221.5215 478.556
221.5062 478.5862
221.5098 478.5514
221.4499 478.5791
221.526 478.5862
221.5251 478.5202
221.5026 478.55
221.502 478.5475
221.5391 478.5425
221.5491 478.5537
221.569 478.5586
221.5273 478.5693
221.4993 478.5811
221.526 478.5359
221.6048 478.5267
221.6589 478.5596
221.6465 478.5552
221.6406 478.5661
221.6283 478.5213
221.6615 478.4857
221.5983 478.4904
221.6198 478.4962
221.6621 478.5156
221.6702 478.4889
221.6494 478.4383
221.7311 478.446
221.681 478.4644
221.7438 478.4102
221.7188 478.4329
221.7725 478.4295
221.7526 478.4157
221.7503 478.402
221.7783 478.4328
221.7767 478.4339
221.8014 478.4269
221.8382 478.4131
221.79 478.4478
221.8659 478.4172
221.8268 478.4022
221.7751 478.4189
221.8945 478.4401
221.8802 478.3864
221.916 478.3926
221.8887 478.3634
221.8672 478.4175
221.9307 478.3862
221.9202 478.3664
221.9401 478.3795
221.9502 478.388
221.9753 478.4123
221.9831 478.4225
221.9704 478.418
221.9193 478.3947
221.8568 478.3537
221.8509 478.3309
221.8682 478.4026
221.8499 478.3402
221.862 478.3877
221.8076 478.3839
221.834 478.4002
221.7148 478.3439
221.7067 478.366
221.7366 478.4001
221.7191 478.3405
221.7598 478.3366
221.7077 478.3247
221.6348 478.3513
221.5771 478.3545
221.6074 478.349
221.4971 478.3607
221.5736 478.3877
221.5651 478.3607
221.5325 478.3468
221.5361 478.3418
221.5189 478.356
221.4655 478.3626
221.4414 478.4297
221.4248 478.3901
221.3646 478.3766
221.4046 478.4189
221.4206 478.4432
221.3978 478.3838
221.3327 478.3893
221.3288 478.3867
221.3379 478.3896
221.3275 478.4196
221.2956 478.39
221.2686 478.4139
221.1741 478.4474
221.2533 478.3543
221.2354 478.4051
221.2503 478.3843
221.1787 478.3887
221.2048 478.3885
221.1784 478.424
221.1908 478.3618
221.1575 478.3683
221.1143 478.374
221.0527 478.3867
221.0309 478.3862
221.0124 478.3859
221.1185 478.3726
221.1797 478.355
221.1738 478.3592
221.1738 478.3511
221.1751 478.36
221.1732 478.3226
221.236 478.3268
221.2077 478.3065
221.2246 478.319
221.2673 478.2811
221.2454 478.2886
221.3659 478.2829
221.3483 478.2879
221.347 478.2728
221.3096 478.2725
221.3301 478.244
221.3053 478.2437
221.3685 478.2694
221.3828 478.2422
221.4202 478.2484
221.3206 478.2708
221.3988 478.2002
221.4753 478.2786
221.4499 478.2036
221.4326 478.224
221.4362 478.2253
221.4271 478.236
221.4567 478.2106
221.5238 478.2074
221.5293 478.1671
221.5078 478.2174
221.4417 478.2155
221.4388 478.1979
221.5026 478.2136
221.4935 478.2311
221.4876 478.2183
221.4577 478.1927
221.5042 478.2192
221.4645 478.2152
221.5146 478.1787
221.4727 478.203
221.5026 478.2021
221.5033 478.2036
221.4909 478.2202
221.4984 478.2528
221.5247 478.2176
221.498 478.2253
221.5638 478.2567
221.4782 478.1907
221.5309 478.2289
221.5788 478.245
221.5325 478.2487
221.5859 478.2432
221.554 478.2568
221.5514 478.2319
221.4714 478.2394
221.5456 478.2109
221.5303 478.2266
221.5674 478.2155
221.5993 478.228
221.6045 478.2316
221.5859 478.215
221.5586 478.2314
221.5814 478.3003
221.6077 478.2018
221.5339 478.2747
221.4694 478.2041
221.4857 478.1883
221.5124 478.2354
221.5182 478.2158
221.6016 478.2472
221.5664 478.1925
221.5674 478.2357
221.5553 478.2251
221.541 478.2373
221.5771 478.251
221.5947 478.2585
221.6191 478.2311
221.679 478.2261
221.6582 478.249
221.6543 478.2645
221.667 478.2227
221.6833 478.2529
221.6836 478.2598
221.7617 478.2054
221.7917 478.2505
221.71 478.25
221.6107 478.1994
221.64 478.2043
221.7331 478.2205
221.6807 478.2308
221.6992 478.1963
221.6976 478.1904
221.7813 478.2568
221.7025 478.2319
221.7145 478.2406
221.7214 478.2492
221.8184 478.2642
221.737 478.2479
221.7197 478.2141
221.7168 478.2323
221.6709 478.2249
221.7461 478.2217
221.7259 478.2508
221.7448 478.2479
221.6406 478.2479
221.6771 478.2488
221.7096 478.2477
221.6807 478.249
221.6312 478.2347
221.6615 478.2536
221.6276 478.2375
221.627 478.2508
221.6211 478.2515
221.6667 478.2171
221.5804 478.2298
221.6497 478.2977
221.6335 478.2311
221.6328 478.2379
221.7038 478.278
221.6191 478.2708
221.6709 478.2583
221.7207 478.2155
221.6833 478.2728
221.78 478.2144
221.7734 478.2571
221.7253 478.2145
221.8044 478.2469
221.748 478.2306
221.7445 478.2306
221.7331 478.2445
221.8018 478.2616
221.7816 478.243
221.7572 478.1921
221.7865 478.22
221.7962 478.2179
221.6732 478.2199
221.6618 478.1966
221.8271 478.1963
221.7435 478.1755
221.7135 478.2257
221.6979 478.202
221.7083 478.1751
221.6859 478.201
221.749 478.1644
221.751 478.1812
221.7324 478.2003
221.7142 478.1833
221.7292 478.2425
221.7272 478.2495
221.6706 478.2471
221.7487 478.3091
221.7038 478.3083
221.7331 478.2878
221.7435 478.2612
221.75 478.256
221.7533 478.2536
221.7712 478.2734
221.8206 478.3214
221.7549 478.3066
221.888 478.2904
221.8535 478.3097
221.9147 478.3157
222.0205 478.3088
222.0771 478.3495
222.1107 478.3743
222.1683 478.3452
222.167 478.3665
222.1901 478.3452
222.2767 478.3434
222.3242 478.3625
222.3665 478.3978
222.3483 478.4155
222.4857 478.3849
222.4154 478.3813
222.4814 478.3783
222.4948 478.4099
222.4993 478.3854
222.4681 478.404
222.5234 478.3978
222.5107 478.4508
222.5599 478.4007
222.5358 478.4445
222.5918 478.4269
222.5592 478.443
222.527 478.4324
222.6022 478.4538
222.6009 478.4621
222.57 478.4452
222.597 478.4399
222.6003 478.4492
222.5612 478.4338
222.5736 478.4497
222.6006 478.4487
222.6009 478.4676
222.5811 478.4491
222.5361 478.4577
222.5046 478.4347
222.5553 478.4634
222.5475 478.4372
222.5677 478.5003
222.5423 478.4543
222.5801 478.4551
222.5778 478.4463
222.6185 478.4767
222.5501 478.4639
222.595 478.4577
222.5902 478.4723
222.6283 478.4435
222.5859 478.4612
222.5472 478.479
222.5843 478.4731
222.5417 478.4645
222.5713 478.4796
222.6309 478.4631
222.5967 478.4402
222.5452 478.4772
222.5443 478.4803
222.568 478.4834
222.5417 478.4577
222.5583 478.4471
222.5501 478.3898
222.4805 478.4137
222.5283 478.415
222.5153 478.4499
222.4622 478.4826
222.5049 478.4312
222.4977 478.4829
222.4723 478.4689
222.4355 478.4424
222.4818 478.4076
222.4818 478.4736
222.4616 478.491
222.3727 478.4801
222.4746 478.4904
222.4206 478.4695
222.4596 478.4593
222.4886 478.4559
222.3743 478.4774
222.418 478.4591
222.3411 478.5093
222.3939 478.4707
222.2887 478.4736
222.2549 478.5382
222.3366 478.5063
222.2894 478.5495
222.2966 478.5571
222.2825 478.5397
222.2533 478.5072
222.2634 478.5394
222.2458 478.5098
222.2207 478.5522
222.2021 478.5728
222.1719 478.593
222.1566 478.5508
222.1598 478.5853
222.1953 478.5794
222.1953 478.5573
222.1143 478.548
222.1133 478.5409
222.1559 478.5459
222.1377 478.527
222.127 478.5659
222.0866 478.5536
222.1159 478.5713
222.0605 478.5784
222.0371 478.5853
222.0742 478.5951
222.0762 478.5988
222.0078 478.6001
222.0205 478.6173
222.0342 478.5965
221.9258 478.6209
222.041 478.6271
222.0046 478.6238
221.9063 478.6165
222.0117 478.6217
222.0026 478.6365
221.9938 478.6382
221.9411 478.6296
221.9863 478.5999
221.9307 478.6268
221.9469 478.6256
221.9336 478.6279
222.0472 478.6138
221.9495 478.6084
221.9346 478.6362
221.9388 478.6781
222.0134 478.6058
221.9993 478.6463
221.9766 478.5827
221.9577 478.611
221.931 478.5784
221.9378 478.6364
221.9759 478.5177
222.0586 478.5389
222.0371 478.6013
222.0007 478.5579
222.0374 478.5483
222.1022 478.5858
222.0508 478.5552
222.1071 478.5537
222.0173 478.5596
222.0759 478.6113
222.1325 478.5469
222.0778 478.5649
222.057 478.5557
222.0146 478.6066
222.0117 478.5584
221.985 478.5589
222.0329 478.5734
221.9629 478.5798
221.9863 478.5687
221.9512 478.5661
221.9063 478.5867
221.9538 478.603
221.905 478.6507
221.9134 478.6211
221.931 478.619
221.9053 478.6818
221.9235 478.6789
221.8704 478.695
221.9264 478.6606
221.9284 478.6566
221.9154 478.6877
221.845 478.735
221.916 478.6831
221.9108 478.6551
221.8643 478.6526
221.8337 478.7069
221.832 478.7269
221.862 478.7243
221.8353 478.7259
221.8298 478.686
221.8314 478.6484
221.8854 478.6841
221.8672 478.6945
221.8669 478.6556
221.9095 478.693
221.8874 478.6948
221.918 478.6769
221.8822 478.7085
221.875 478.6864
221.8991 478.6992
221.8926 478.7126
221.8737 478.6571
221.862 478.7158
221.9079 478.7435
221.9395 478.7127
221.9303 478.6898
221.9408 478.6947
221.901 478.6824
221.9043 478.7098
221.902 478.708
221.9108 478.702
221.8685 478.7132
221.8812 478.7308
221.8418 478.6968
221.8271 478.6821
221.8792 478.7298
221.8659 478.7122
221.8721 478.7038
221.8714 478.7085
221.8685 478.7386
221.8268 478.7168
221.7659 478.6672
221.804 478.728
221.7477 478.7551
221.8158 478.7349
221.7708 478.7051
221.7979 478.723
221.8682 478.7129
221.8281 478.7401
221.8132 478.7192
221.8203 478.7192
221.765 478.7544
221.7119 478.6935
221.7516 478.7316
221.7288 478.7244
221.6868 478.7313
221.6442 478.7762
221.6667 478.7549
221.6725 478.7464
221.6426 478.763
221.6755 478.7746
221.6611 478.7935
221.6712 478.7794
221.6862 478.7778
221.6654 478.7738
221.6781 478.7788
221.6048 478.7794
221.5833 478.7772
221.6624 478.7826
221.6992 478.7384
221.6523 478.7931
221.5654 478.8027
221.5742 478.8175
221.7051 478.7998
221.5645 478.8132
221.5915 478.8234
221.5755 478.8481
221.6289 478.8057
221.6396 478.8027
221.6351 478.8044
221.6895 478.8289
221.7617 478.7961
221.7044 478.8413
221.7246 478.8843
221.72 478.8288
221.6712 478.862
221.7054 478.8418
221.6842 478.8945
221.6859 478.8986
221.7487 478.8577
221.7438 478.891
221.7474 478.9113
221.7422 478.9103
221.6585 478.9189
221.6637 478.9479
221.737 478.9046
221.6693 478.9476
221.6016 478.9094
221.6999 478.9292
221.7373 478.9613
221.6885 478.9183
221.6182 478.9713
221.6992 478.9782
221.7204 478.979
221.6335 478.9774
221.6423 478.9894
221.6738 478.9533
221.6589 478.9556
221.6335 479.0005
221.6641 478.9876
221.6654 478.9549
221.6406 478.945
221.6615 478.9502
221.5996 478.9473
221.6602 479.0049
221.6146 478.9606
221.5869 478.9849
221.6553 478.9976
221.6676 479.0059
221.5521 478.9678
221.5687 478.9938
221.6061 478.9325
221.584 478.9691
221.5648 478.9652
221.599 478.9157
221.541 478.936
221.5781 478.9053
221.5967 478.9507
221.6003 478.9282
221.6982 478.9354
221.6413 478.9264
221.7044 478.8595
221.6621 478.888
221.6393 478.8608
221.6637 478.8678
221.7487 478.8691
221.7005 478.8813
221.7311 478.8711
221.7572 478.8612
221.6693 478.8589
221.6989 478.8175
221.7428 478.821
221.7643 478.8374
221.8698 478.8576
221.8529 478.8615
221.8688 478.8568
221.7559 478.9102
222.3665 478.3978
222.3483 478.4155
222.4857 478.3849
222.4154 478.3813
222.4814 478.3783
222.4948 478.4099
222.4993 478.3854
222.4681 478.404
222.5234 478.3978
222.5107 478.4508
222.5599 478.4007
222.5358 478.4445
222.5918 478.4269
222.5592 478.443
222.527 478.4324
222.6022 478.4538
222.6009 478.4621
222.57 478.4452
222.597 478.4399
222.6003 478.4492
222.5612 478.4338
222.5736 478.4497
222.6006 478.4487
222.6009 478.4676
222.5811 478.4491
222.5361 478.4577
222.5046 478.4347
222.5553 478.4634
222.5475 478.4372
222.5677 478.5003
222.5423 478.4543
222.5801 478.4551
222.5778 478.4463
222.6185 478.4767
222.5501 478.4639
222.595 478.4577
222.5902 478.4723
222.6283 478.4435
222.5859 478.4612
222.5472 478.479
222.5843 478.4731
222.5417 478.4645
222.5713 478.4796
222.6309 478.4631
222.5967 478.4402
222.5452 478.4772
222.5443 478.4803
222.568 478.4834
222.5417 478.4577
222.5583 478.4471
222.5501 478.3898
222.4805 478.4137
222.5283 478.415
222.5153 478.4499
222.4622 478.4826
222.5049 478.4312
222.4977 478.4829
222.4723 478.4689
222.4355 478.4424
222.4818 478.4076
222.4818 478.4736
222.4616 478.491
222.3727 478.4801
222.4746 478.4904
222.4206 478.4695
222.4596 478.4593
222.4886 478.4559
222.3743 478.4774
222.418 478.4591
222.3411 478.5093
222.3939 478.4707
222.2887 478.4736
222.2549 478.5382
222.3366 478.5063
222.2894 478.5495
222.2966 478.5571
222.2825 478.5397
222.2533 478.5072
222.2634 478.5394
222.2458 478.5098
222.2207 478.5522
222.2021 478.5728
222.1719 478.593
222.1566 478.5508
222.1598 478.5853
222.1953 478.5794
222.1953 478.5573
222.1143 478.548
222.1133 478.5409
222.1559 478.5459
222.1377 478.527
222.127 478.5659
222.0866 478.5536
222.1159 478.5713
222.0605 478.5784
222.0371 478.5853
222.0742 478.5951
222.0762 478.5988
222.0078 478.6001
222.0205 478.6173
222.0342 478.5965
221.9258 478.6209
222.041 478.6271
222.0046 478.6238
221.9063 478.6165
222.0117 478.6217
222.0026 478.6365
221.9938 478.6382
221.9411 478.6296
221.9863 478.5999
221.9307 478.6268
221.9469 478.6256
221.9336 478.6279
222.0472 478.6138
221.9495 478.6084
221.9346 478.6362
221.9388 478.6781
222.0134 478.6058
221.9993 478.6463
221.9766 478.5827
221.9577 478.611
221.931 478.5784
221.9378 478.6364
221.9759 478.5177
222.0586 478.5389
222.0371 478.6013
222.0007 478.5579
222.0374 478.5483
222.1022 478.5858
222.0508 478.5552
222.1071 478.5537
222.0173 478.5596
222.0759 478.6113
222.1325 478.5469
222.0778 478.5649
222.057 478.5557
222.0146 478.6066
222.0117 478.5584
221.985 478.5589
222.0329 478.5734
221.9629 478.5798
221.9863 478.5687
221.9512 478.5661
221.9063 478.5867
221.9538 478.603
221.905 478.6507
221.9134 478.6211
221.931 478.619
221.9053 478.6818
221.9235 478.6789
221.8704 478.695
221.9264 478.6606
221.9284 478.6566
221.9154 478.6877
221.845 478.735
221.916 478.6831
221.9108 478.6551
221.8643 478.6526
221.8337 478.7069
221.832 478.7269
221.862 478.7243
221.8353 478.7259
221.8298 478.686
221.8314 478.6484
221.8854 478.6841
221.8672 478.6945
221.8669 478.6556
221.9095 478.693
221.8874 478.6948
221.918 478.6769
221.8822 478.7085
221.875 478.6864
221.8991 478.6992
221.8926 478.7126
221.8737 478.6571
221.862 478.7158
221.9079 478.7435
221.9395 478.7127
221.9303 478.6898
221.9408 478.6947
221.901 478.6824
221.9043 478.7098
221.902 478.708
221.9108 478.702
221.8685 478.7132
221.8812 478.7308
221.8418 478.6968
221.8271 478.6821
221.8792 478.7298
221.8659 478.7122
221.8721 478.7038
221.8714 478.7085
221.8685 478.7386
221.8268 478.7168
221.7659 478.6672
221.804 478.728
221.7477 478.7551
221.8158 478.7349
221.7708 478.7051
221.7979 478.723
221.8682 478.7129
221.8281 478.7401
221.8132 478.7192
221.8203 478.7192
221.765 478.7544
221.7119 478.6935
221.7516 478.7316
221.7288 478.7244
221.6868 478.7313
221.6442 478.7762
221.6667 478.7549
221.6725 478.7464
221.6426 478.763
221.6755 478.7746
221.6611 478.7935
221.6712 478.7794
221.6862 478.7778
221.6654 478.7738
221.6781 478.7788
221.6048 478.7794
221.5833 478.7772
221.6624 478.7826
221.6992 478.7384
221.6523 478.7931
221.5654 478.8027
221.5742 478.8175
221.7051 478.7998
221.5645 478.8132
221.5915 478.8234
221.5755 478.8481
221.6289 478.8057
221.6396 478.8027
221.6351 478.8044
221.6895 478.8289
221.7617 478.7961
221.7044 478.8413
221.7246 478.8843
221.72 478.8288
221.6712 478.862
221.7054 478.8418
221.6842 478.8945
221.6859 478.8986
221.7487 478.8577
221.7438 478.891
221.7474 478.9113
221.7422 478.9103
221.6585 478.9189
221.6637 478.9479
221.737 478.9046
221.6693 478.9476
221.6016 478.9094
221.6999 478.9292
221.7373 478.9613
221.6885 478.9183
221.6182 478.9713
221.6992 478.9782
221.7204 478.979
221.6335 478.9774
221.6423 478.9894
221.6738 478.9533
221.6589 478.9556
221.6335 479.0005
221.6641 478.9876
221.6654 478.9549
221.6406 478.945
221.6615 478.9502
221.5996 478.9473
221.6602 479.0049
221.6146 478.9606
221.5869 478.9849
221.6553 478.9976
221.6676 479.0059
221.5521 478.9678
221.5687 478.9938
221.6061 478.9325
221.584 478.9691
221.5648 478.9652
221.599 478.9157
221.541 478.936
221.5781 478.9053
221.5967 478.9507
221.6003 478.9282
221.6982 478.9354
221.6413 478.9264
221.7044 478.8595
221.6621 478.888
221.6393 478.8608
221.6637 478.8678
221.7487 478.8691
221.7005 478.8813
221.7311 478.8711
221.7572 478.8612
221.6693 478.8589
221.6989 478.8175
221.7428 478.821
221.7643 478.8374
221.8698 478.8576
221.8529 478.8615
221.8688 478.8568
221.7559 478.9102
