1920 480
1094.83 529.3351
2548.327 488.8119
2519.812 390.2346
2519.37 387.2832
2518.436 381.9126
2516.42 377.0394
2514.368 375.5337
2511.789 373.9572
2508.723 373.8444
2506.682 373.6379
2503.29 373.4025
2500.566 372.9798
2449.757 485.9896
2449.262 443.2028
2444.56 365.5965
2452.103 348.05
2463.048 349.7532
2492.531 357.5895
2524.917 364.5518
2538.788 365.8262
2544.353 365.7207
2530.598 364.0018
2539.874 366.1732
2543.889 367.626
2543.865 367.8815
2543.259 367.8825
2542.917 368.1533
2542.542 368.2097
2542.251 368.278
2540.309 367.4271
2472.414 354.5153
2407.787 347.1829
2394.049 347.7217
2385.428 350.5192
2384.565 351.6673
2383.597 353.1436
2383.618 353.3693
2383.99 353.3052
2384.841 353.4445
2385.609 353.7959
2386.083 354.0386
2386.711 354.1963
2387.415 354.4401
2387.483 354.1633
2386.503 354.1753
2385.993 354.4539
2386.008 354.3914
2385.306 354.5363
2384.488 354.3037
2383.597 354.3276
2383.001 354.4041
2382.391 354.5981
2381.694 354.8612
2380.922 355.2747
2379.991 355.7168
2379.021 356.2186
2378.419 356.1074
2377.935 356.002
2377.602 355.841
2361.873 358.859
2315.455 472.7048
2319.48 569.9078
2358.93 541.2925
2357.632 529.427
2365.563 578.1242
2372.126 536.9569
2376.206 530.4409
2378.1 529.5432
2379.499 495.692
2380.691 555.5876
2381.259 588.7285
2381.235 580.6251
2378.489 579.5861
2351.289 588.2131
2338.886 591.7379
2343.801 593.89
2351.653 589.9072
2364.758 591.912
2372.512 596.4903
2379.913 598.4734
2383.35 595.9615
2385.044 595.176
2386.419 587.9867
2372.434 591.3514
2375.235 592.5092
2350.5 596.7731
2351.313 581.6315
2374.782 570.3805
2399.35 561.3225
2397.163 563.9409
2389.132 567.5762
2384.528 564.1169
2375.78 584.2637
2402.426 601.8657
2402.705 594.3113
2395.496 589.0681
2404.211 541.1595
2409.948 553.9836
2406.182 572.5628
2397.736 578.8494
2403.678 599.4206
2429.474 599.7965
2440.379 596.8625
2449.618 591.5267
2434.241 591.744
2415.593 584.8521
2444.09 557.1309
2501.692 513.451
2513.051 506.1972
2516.298 503.2713
2517.938 500.8893
2518.807 499.2696
2512.531 505.7495
2515.408 500.5799
2517.412 498.8418
2518.809 497.6729
2473.433 505.2635
2435.648 515.8515
2337.324 541.4768
2269.431 578.6524
2177.272 613.8318
2039.374 636.9592
1929.537 666.1946
1922.123 665.3997
1913.182 663.6634
1907.242 668.7145
1906.288 664.959
1904.988 663.9037
1904.076 664.2288
1908.957 676.5458
1904.689 669.2602
1914.622 673.7716
1908.578 669.4042
1906.192 667.9717
1891.631 669.1896
1895.517 667.9034
1894.838 667.8161
1898.666 662.4768
1898.422 659.3906
1898.566 656.6149
1906.68 482.3966
1898.599 629.2791
1897.643 629.5546
1895.854 644.9202
1906.048 686.5187
1903.704 683.3563
1943.146 659.4447
1924.341 655.2013
1918.452 661.8768
1917.954 643.2336
1917.008 643.6842
1923.147 640.4952
1922.143 640.9453
1899.143 651.5474
1916.713 566.8061
1916.503 566.9709
1933.595 588.4086
1973.077 595.7002
2163.959 596.3647
2214.28 587.443
2264.512 559.7153
2227.873 557.5969
2242.958 547.6433
2243.162 547.4426
2224.787 551.1118
2218.51 550.6362
2215.763 552.406
2212.469 556.4716
2211.93 557.9728
2209.676 559.0287
2209.92 561.7725
2209.78 561.7982
2209.427 563.564
2210.234 563.2257
2209.824 562.3842
2209.481 562.1948
2211.52 561.9439
2212.219 561.72
2212.197 560.4825
2211.464 560.3273
2212.289 559.6297
2212.574 559.6105
2212.036 556.5211
2211.521 555.962
2188.008 556.3219
2232.336 455.0768
2320.491 452.8224
2327.498 378.7932
2348.198 404.8901
2392.389 481.4573
2372.923 455.7785
2370.585 447.6496
2372.99 433.7235
2375.095 428.0006
2375.95 426.3021
2379.251 423.8862
2381.177 422.9463
2384.712 447.7947
2389.278 434.4813
2395.038 424.3315
2405.112 418.7899
2409.671 418.0503
2414.912 417.6021
2419.36 417.0809
2432.482 415.8726
2438.549 419.745
2445.241 427.9266
2448.965 433.5981
2450.257 428.4385
2455.507 429.8773
2459.099 432.8626
2459.545 428.1422
2460.018 424.7357
2462.181 418.7928
2463.244 416.8815
2466.042 414.4114
2469.12 413.0794
2471.896 412.4266
2475.858 412.2101
2478.772 412.7741
2481.113 413.0457
2482.211 413.196
2484.245 412.1048
2485.526 411.9621
2486.86 411.479
2488.507 411.2577
2489.891 411.1759
2491.158 411.1595
2492.187 410.6117
2492.222 410.4608
2492.409 410.2162
2492.512 410.0095
2500.856 409.6003
2518.713 407.971
2526.89 404.8573
2531.503 405.2772
2533.23 404.765
2533.429 404.3317
2533.644 404.0479
2533.737 403.8354
2533.811 403.6107
2533.89 403.451
2534.006 403.3685
2534.147 403.3592
2534.324 403.3527
2534.46 403.3172
2534.586 403.2853
2534.706 403.2752
2534.901 403.3293
2535.112 403.4536
2535.317 403.5181
2535.472 403.5643
2535.609 403.5978
2535.752 403.6292
2535.913 403.6581
2536.023 403.6519
2536.173 403.674
2536.334 403.687
2536.424 403.6102
2536.557 403.4868
2536.7 403.3753
2536.789 403.1807
2536.89 403.0863
2537.041 403.0251
2537.127 402.8055
2537.202 402.6913
2537.302 402.7028
2537.341 402.6279
2415.116 384.2127
2368.329 420.3674
2359.762 411.8398
2358.035 407.6125
2354.73 405.7979
2353.403 402.8
2350.051 398.514
2343.107 394.1143
2341.787 392.5788
2338.588 391.5858
2340.329 391.3976
2339.213 390.7588
2340.014 389.7173
2337.352 388.9378
2336.902 388.2866
2334.014 387.8032
2333.335 387.4232
2330.95 387.1743
2329.781 386.2328
2328.595 385.6066
2327.679 384.9831
2327.736 384.4447
2324.324 383.0768
2490.693 396.2803
2531.537 395.5861
2534.025 392.7158
2534.14 391.4881
2534.378 390.9579
2534.401 389.881
2533.555 387.9033
2533.695 387.3625
1879.697 471.6685
781.2275 563.7803
1911.191 490.6253
2048.721 493.9439
2189.148 496.3928
1699.419 423.745
1478.607 390.4997
1771.442 375.0376
1685.635 372.8171
1931.73 392.9665
1929.658 392.8353
2098.813 440.5903
2195.568 486.6385
2206.133 493.5843
2215.237 497.5345
2219.567 500.6672
2224.516 500.6055
2226.128 500.5654
2231.702 500.2169
2236.023 499.5459
2240.07 499.045
2242.249 498.3405
2245.651 498.5033
2251.606 498.6702
2255.932 498.5988
2259.448 498.6166
2266.293 498.7216
2269.527 498.6264
2272.792 498.1706
2269.24 497.8098
2189.134 501.5414
2153.453 501.3064
2141.956 501.0841
2106.146 501.0648
2084.595 501.1684
2105.408 501.641
2101.065 501.5024
2101.286 501.4003
2082.911 501.6356
2067.401 505.4622
2096.975 502.8065
2104.364 497.9511
2124.802 493.6238
2126.84 494.347
2137.169 492.1595
2144.486 490.6118
2149.93 488.6656
2151.371 487.7288
2152.028 487.4936
2152.378 487.3422
2152.288 487.3314
2152.101 487.7293
2151.505 488.1851
2151.166 488.7245
2150.699 489.2941
2098.589 587.4869
2028.112 543.7733
2051.455 518.2838
2016.81 522.1166
2050.841 527.0575
1866.089 521.4733
2026.135 556.9615
2023.922 580.3535
2106.25 618.8961
2042.1 612.9428
2125.641 631.5029
2146.889 633.1942
2150.816 632.9259
2040.025 551.3765
2051.75 562.7672
2049.443 591.9051
2059.107 593.2164
2061.8 593.2725
2042.646 599.6204
2025.755 602.5826
2013.192 605.6167
2018.205 615.4415
2015.94 612.6116
2020.07 616.3979
2028.93 616.426
2026.987 613.2835
2024.564 612.3853
2048.014 602.5959
2047.997 604.8582
2048.102 606.113
2047.454 608.2943
2079.71 590.1473
2067.787 596.4517
2063.553 599.7517
2075.842 600.7176
2073.276 597.5093
2095.66 574.2875
2081.612 590.4221
2061.752 612.3717
2055.708 638.3577
2059.734 653.754
2059.667 642.6579
2055.833 632.1575
2053.115 628.0161
2052.574 611.2166
2032.639 618.1385
2022.759 619.2865
2016.883 618.9536
2015.735 615.2816
2021.727 597.249
2033.107 590.53
2029.424 597.7486
2044.063 596.303
2092.855 588.4033
2124.197 580.928
2122.141 582.7002
2103.483 587.8011
2061.044 569.2737
2037.372 573.9543
2052.673 585.4625
2053.749 589.8287
2075.221 575.634
2074.829 570.8272
2036.592 587.9025
1908.679 610.3688
1901.505 603.2938
1702.371 658.4349
1659.205 668.0866
1719.948 657.0286
1915.917 566.7099
2335.016 505.1208
2380.075 494.6637
2386.021 493.0121
2387.116 493.3243
2389.418 494.1277
2156.213 566.2352
1686.555 674.8661
1670.481 679.7219
1734.308 666.0175
1715.925 668.3304
1684.218 678.3171
1677.674 681.8808
1678.416 682.9333
1678.375 683.2589
1679.862 683.1884
1681.59 682.8533
1750.679 653.0428
1749.081 653.4095
1734.185 663.0583
1739.02 662.605
1732.282 665.2452
1725.235 670.8126
1709.465 679.4607
1702.617 682.1555
1699.318 683.5684
1697.883 683.9381
1696.335 684.4105
1695.113 684.6882
1694.144 684.7891
1695.038 683.8522
1696.178 683.4035
1743.638 687.9517
1793.907 691.1282
1934.929 682.3823
2004.574 663.1158
2017.182 658.4506
2021.148 654.8222
2022.009 652.604
2022.211 652.4329
2022.645 654.2607
2024.924 656.2858
2023.281 653.5539
2030.675 625.0834
2056.675 586.0601
2066.334 575.8386
2061.431 584.1188
2061.326 584.1039
2061.016 581.0681
2049.172 607.9059
2043.736 636.3177
2042.508 639.4933
2042.312 642.2073
2041.606 643.0789
2040.96 644.652
2040.16 645.8279
2039.696 645.6428
2038.255 648.1462
2037.493 648.3132
2036.509 648.5005
2038.176 645.6178
2050.447 603.4233
2068.802 546.5752
2071.683 542.9634
2067.351 537.4294
2055.833 556.0068
2050.486 549.3398
2077.643 538.1998
2089.541 542.1335
2098.084 530.8995
2100.475 521.5073
2097.673 522.5671
2096.196 523.4657
2079.048 528.9512
2080.248 527.7462
2080.938 526.9551
2081.104 526.9272
2081.295 526.7921
2081.468 526.658
2081.361 526.7006
2080.51 526.1595
2080.077 525.726
2079.43 525.3364
2079.026 525.0923
2077.342 524.7616
2076.394 524.5736
2075.642 524.4189
2074.894 524.332
2074.63 524.2319
2073.949 524.2714
2073.741 524.2194
2073.16 524.2487
2072.631 524.2256
2072.318 524.0752
2071.875 523.9692
2071.484 523.9319
2070.842 523.9009
2070.273 523.904
2069.397 523.9362
2068.99 523.969
2068.508 523.976
2068.051 523.9819
2067.577 523.9881
2067.296 524.0002
2066.873 524.0428
2066.978 523.9727
2066.909 523.8885
2066.819 523.8134
2067.893 523.6451
2078.156 522.8536
2072.25 529.1595
2094.317 526.2547
2124.469 519.991
2128.083 515.6567
2129.189 513.4332
2129.077 512.9433
2135.046 513.8641
2091.789 522.0068
2014.515 541.1534
2004.885 544.6582
1996.066 548.7231
1992.768 550.8082
1992.095 551.359
1991.785 551.6823
1991.166 552.1246
1991.249 552.1667
1991.691 552.0649
1992.124 552.029
1993.021 552.1188
1993.454 552.2435
1993.551 552.6609
1993.875 552.9968
1993.987 553.1496
1994.254 553.0895
2026.354 550.2787
2106.033 537.0624
2143.188 526.6558
2157.864 520.1779
2161.046 517.935
2147.348 523.0225
2148.252 517.5639
2147.588 512.1512
2147.619 508.7608
2147.73 507.1192
2147.874 506.6261
2149.632 507.8819
2149.837 507.6729
2149.86 507.3257
2149.945 506.989
2150.05 506.3058
2150.224 505.7901
2150.437 505.1387
2150.582 505.0856
2150.926 504.75
2151.164 504.6447
2151.667 504.1784
2152.231 503.8575
2152.902 503.5149
2153.306 503.3348
2153.736 502.923
2154.126 502.7427
2154.26 502.4439
2154.384 502.117
2154.502 501.7621
2154.6 501.3792
2154.784 500.8509
2154.818 499.4515
2154.914 498.6103
2155.142 497.4035
2155.315 495.6907
2155.482 494.5422
2155.715 494.1128
2156.028 492.0753
2156.193 490.4689
2156.423 489.9404
2092.974 493.1937
2533.853 386.7809
2534.062 386.3742
2533.867 385.4403
2533.517 384.2355
2533.603 383.8506
2533.644 383.4097
2533.787 383.2417
2533.861 382.922
2533.799 382.3288
2533.607 381.1564
2533.686 380.7992
2533.919 380.7323
2533.919 380.2871
2533.968 379.9725
2533.859 379.4272
2533.487 378.6758
2533.333 378.2355
2533.116 377.7121
2533.055 377.4567
2533.051 377.1945
2532.823 376.7183
2532.809 376.4922
2531.417 374.0854
2523.535 362.6732
2517.877 355.7622
2515.329 352.7328
2513.673 351.2236
2513.473 350.9106
2513.414 350.7106
2513.072 350.3869
2512.922 350.2039
2512.786 350.099
2512.585 349.9027
2512.436 349.8132
2512.354 349.7485
2512.191 349.6087
2512.09 349.5439
2511.847 349.3478
2511.711 349.2794
2511.605 349.2629
2511.54 349.2505
2511.504 349.2433
2511.571 349.3361
2511.61 349.4121
2511.705 349.5231
2511.975 349.8734
2512.198 350.113
2512.337 350.2233
2512.767 350.7266
2513.364 351.4961
2514.18 352.4538
2514.201 352.6108
2514.282 352.8765
2514.688 353.5085
2514.717 353.7345
2514.754 354.0242
2514.749 354.3013
2514.271 354.0063
2513.691 353.5618
2512.952 353.089
2511.739 352.4972
2508.478 351.4451
2506.353 350.8047
2504.401 350.1209
2502.977 349.2031
2501.982 348.0052
2502.449 347.4354
2502.981 346.9434
2503.716 346.2129
2503.875 345.9863
2504.252 345.5106
2504.452 345.3903
2504.609 345.3579
2504.793 345.5342
2504.916 345.5496
2505.266 345.8883
2505.462 346.0399
2505.593 346.3014
2505.637 346.6664
2505.659 347.0425
2505.802 347.912
2505.854 348.1538
2505.937 348.383
2506.036 348.5208
2506.019 348.5451
2506.037 348.6989
2506.127 348.8654
2506.201 348.8265
2506.233 348.6753
2506.277 348.6787
2506.416 348.6779
2506.594 348.6916
2506.801 348.7578
2507.111 348.7429
2508.466 349.3221
2509.615 349.9476
2510.938 350.7046
2514.249 353.0605
2516.043 354.458
2516.904 355.1042
2518.337 356.2817
2518.708 356.4875
2519.304 356.9266
2519.516 357.0146
2519.911 357.314
2520.327 357.599
2520.651 357.9561
2520.821 358.1715
2521.044 358.4482
2521.306 358.7526
2521.486 359.0018
2521.658 359.2671
2522.16 359.9512
2522.591 360.5326
2522.92 360.987
2523.358 361.5887
2523.656 361.9862
2523.714 362.1281
2523.863 362.3983
2524.295 363.0453
2524.757 363.7583
2524.896 364.026
2524.897 364.1222
2524.875 364.2046
2525.272 364.8532
2525.55 365.2585
2525.608 365.3978
2526.658 366.9349
2527.042 367.4378
2527.105 367.459
2428.901 457.0964
2414.747 464.3677
2402.432 468.8727
2400.783 469.7121
2399.668 470.2879
2399.376 470.0721
2399.112 470.153
2399.079 470.4271
2399.133 470.5506
2398.713 471.1471
2398.791 471.3955
2398.546 471.9844
2398.308 473.0534
2397.265 473.1115
2396.749 473.2097
2396.044 473.744
2395.948 473.9495
2396.363 495.1286
2396.738 507.8142
2397.564 530.2919
2397.332 518.8809
2397.308 513.6736
2399.833 581.7695
2402.178 633.6423
2401.019 592.8319
2259.719 538.153
2094.85 526.3738
2060.657 521.9972
2058.591 540.951
2090.691 524.4506
2364.386 480.9492
2387.524 474.1541
2391.546 468.8084
2390.42 468.1392
2435.756 422.0192
2452.1 376.0042
2433.476 412.6325
2371.504 551.0905
2388.034 536.933
2354.499 651.7566
2246.828 677.3976
2351.021 612.1116
2432.617 414.2017
2450.955 394.7796
2426.646 447.848
2428.798 452.0579
2434.1 422.7173
2441.025 403.2832
2443.105 401.2461
2442.912 401.5845
2442.191 402.8429
2441.722 403.3919
2441.193 404.2804
2440.715 405.0988
2439.719 406.0863
2438.718 407.1654
2437.313 407.896
2435.998 408.4455
2434.493 408.9461
2432.135 409.256
2430.966 409.9217
2429.903 410.3275
2427.289 410.3521
2425.646 410.4372
2423.892 410.0356
2420.852 409.1707
2417.44 408.4307
2397.827 477.1261
2406.871 442.8022
2407.19 420.625
2407.388 415.2354
2407.641 412.2207
2407.699 410.8685
2407.225 410.3371
2406.519 415.4019
2396.404 458.0947
2333.37 432.9881
2309.037 463.8462
2314.053 437.4108
2332.953 530.6292
2335.655 547.451
2346.528 454.014
2390.131 514.8484
2404.476 578.0092
2389.915 589.0858
2380.876 601.153
2354.026 617.1973
2345.64 620.1545
2338.525 621.2937
2337.259 618.7358
2350.752 614.1921
2391.544 625.6867
2395.414 620.982
2401.575 615.1882
2404.326 614.0595
2402.974 612.8189
2402.531 613.2386
2402.132 611.9527
2406.718 616.832
2388.992 610.4863
2321.708 609.6215
2321.112 605.7409
2360.299 606.8686
2387.897 608.1467
2380.146 602.5239
2364.755 550.8599
2371.883 564.9664
2382.537 589.5016
2371.014 455.7528
2362.921 485.8739
2337.231 531.4019
2334.158 570.1072
2342.273 599.0942
2346.872 604.6177
2346.115 605.5206
2344.52 604.874
2334.468 571.4182
2326.663 584.5752
2271.802 397.9207
2260.418 382.9023
2255.672 378.7493
2253.132 374.8276
2229.031 370.9373
2223.978 370.4149
2221.42 370.0587
2224.592 371.5148
2226.063 372.3166
2227.505 373.1462
2228.414 374.0613
2227.935 374.0114
2358.789 501.7081
2346.612 485.9583
2299.154 409.4598
2275.342 448.3078
2260.206 406.6885
2354.686 429.7495
2069.712 621.1312
1990.491 650.6539
2080.75 644.2303
2239.562 616.6871
2328.996 601.8184
2336.491 600.4251
2308.16 603.7317
2086.998 638.9201
1971.524 659.5538
1941.102 669.2236
1937.818 674.8273
2149.34 575.0568
2320.997 486.5453
2369.117 547.9045
2322.991 474.2194
2300.308 452.1169
2298.792 565.6259
2318.654 613.5536
2308.509 504.7361
2292.266 419.1628
2286.245 401.9761
2284.693 401.5672
2281.699 400.3294
2280.953 400.8628
2278.49 399.9419
2276.535 398.3695
2275.226 398.6624
2273.867 398.9666
2272.143 399.2389
2309.111 594.968
2319.188 647.3051
2303.892 589.2181
2266.621 414.7194
2261.164 398.8296
2052.558 500.8795
2036.673 507.3654
2028.977 512.4047
2027.508 513.6688
2026.596 514.3914
2026.113 514.4343
2025.58 514.2407
2025.084 514.238
2024.083 514.0499
2023.842 513.8446
2023.951 513.7462
2023.451 513.2603
2023.375 513.0024
2022.928 512.5685
2022.208 511.9758
2021.817 511.6553
2021.388 511.29
2021.122 510.9537
2020.994 510.6772
2020.696 510.1967
2020.52 509.9007
2019.504 509.2281
2016.266 505.0176
2024.584 483.7976
2037.894 471.1634
2052.91 464.5085
2055.656 463.519
2057.667 462.9074
2059.797 462.542
2059.976 462.561
2059.493 462.6854
2056.937 464.5456
2032.487 485.6776
2015.458 494.5946
1984.383 507.8381
1979.032 509.7212
1972.812 511.4566
1979.668 506.7881
1982.974 505.6497
1980.648 506.4002
1978.379 507.2745
1974.543 509.1259
1971.721 510.4406
1966.724 511.5495
1965.306 512.9292
1964.901 513.8722
1964.742 514.1501
1964.53 514.8541
1962.865 514.8174
1961.345 514.8365
1960.56 514.7975
1961.075 515.0623
1960.355 515.3473
1959.979 515.6616
1960.674 516.1411
1961.239 516.5858
1983.876 501.6238
1992.992 489.1873
1992.58 486.0968
1991.994 484.1097
1984.094 491.2965
1981.944 491.0205
1973.142 493.4239
1963.724 494.3989
1954.038 495.0793
1956.789 494.2252
1952.664 494.6639
1948.086 496.154
1947.074 496.4195
1945.792 497.3075
1933.78 506.1287
1927.882 599.1893
1913.076 566.295
1913.163 566.2994
1916.683 627.5286
1911.129 603.5175
1898.246 579.3653
1903.323 588.4981
1896.703 570.1923
1889.25 557.1946
1901.778 575.1937
1945.066 613.0209
2012.296 533.4413
2012.299 533.4692
1998.47 529.09
1995.882 586.9377
2033.896 529.1849
1996.653 558.7302
1964.937 578.681
1954.052 586.124
1969.224 551.7589
1981.474 492.6481
1983.64 486.9449
1985.446 490.5612
1898.934 502.4955
1927.688 492.6194
1933.749 506.643
1977.292 492.5075
1999.263 487.9102
2012.805 489.2365
2023.774 486.4715
2025.934 487.573
2012.247 490.6749
2016.641 488.9718
2026.009 487.6497
2033.426 485.9211
2035.929 485.2405
2039.263 484.2586
2041.948 483.4693
2043.028 483.3413
2043.776 483.3049
2024.257 492.0649
2026.616 491.2833
2030.721 490.4608
2036.541 489.383
2039.34 488.8653
2040.479 488.6764
2043.109 488.3543
2044.229 488.3731
2045.369 488.5232
2045.991 488.807
2046.749 489.1546
2047.24 489.4077
2047.956 489.9922
2044.51 492.829
2045.011 493.1557
2045.653 493.8217
2046.257 494.1556
2046.897 494.6036
2048.005 495.4633
2048.374 495.7936
2049.417 496.7066
2049.934 497.3265
2050.275 497.9445
2050.539 498.5184
2050.863 498.9648
2051.173 499.2354
2051.284 499.294
2051.707 499.9188
2051.687 500.1729
2051.756 500.6622
2051.883 501.4271
2051.931 502.7459
2051.924 503.5086
2052.3 504.538
2052.435 504.9338
2062.352 509.816
2044.986 524.1009
2017.453 539.9327
2020.292 534.1284
2040.628 529.5335
2043.043 603.2618
2044.645 660.5538
2039.647 610.4144
2020.708 536.2943
2010.78 524.1761
2004.273 520.6943
2013.525 517.3466
2022.677 514.4868
2048.387 513.9519
2060.525 514.0868
2073.437 514.5785
2075.712 514.8678
2077.522 515.3507
2078.875 515.7657
2073.292 517.0884
2059.675 580.9904
2050.937 574.5657
2051.818 661.3052
2061.717 683.5596
2078.837 692.3528
2086.225 693.1677
2078.807 680.8412
2072.505 591.3285
2044.239 534.4225
2033.048 528.6288
2025.426 526.9771
2022.682 527.071
2027.306 570.962
2026.188 556.7159
2026.152 550.1037
2026.328 540.5803
2016.554 545.9987
1989.821 553.5764
1977.248 565.7687
1974.655 575.4129
1974.636 578.9001
1982.383 574.4484
2001.84 574.5604
2023.005 570.4315
2064.956 554.0696
2068.139 548.741
2052.98 555.0294
2048.074 558.1243
2045.332 556.8192
2038.044 559.0533
2018.947 569.3248
2049.396 556.6758
2054.753 554.832
2066.885 549.7532
2077.539 545.4948
2086.047 542.1536
2078.605 546.7636
1854.443 485.1297
1926.701 524.1632
2061.56 582.5989
2059.437 621.0641
2080.325 622.4675
2088.826 624.2866
2091.52 627.1545
2092.53 628.2177
2070.872 641.855
2050.539 646.4885
2007.144 562.0271
2021.373 574.1523
2033.742 619.8235
2035.614 630.0033
2043.747 633.652
2042.135 630.4307
2040.818 626.559
2004.563 647.0535
2009.693 641.3337
2016.971 634.3258
2018.581 633.0644
2019.169 632.4601
2015.539 634.1469
2016.298 633.3204
2003.702 640.4708
2000.369 630.8475
1994.578 621.3738
1988.543 616.5211
1986.448 621.9453
1985.343 626.8544
1985.057 618.7935
1989.993 555.9218
1986.875 574.2888
1554.331 570.0582
1455.682 444.6667
1448.689 474.0846
2075.55 608.3355
2046.118 617.6733
2033.043 623.6624
2033.955 624.8753
2032.973 625.0483
2033.82 624.3864
2039.792 623.3915
2035.875 622.6992
2108.674 619.9109
2115.023 619.0574
2120.535 618.9846
2121.447 619.5612
2121.94 621.5117
2121.263 621.769
2121.235 623.7935
2121.84 625.0075
2122.859 625.598
2123.736 626.4235
2120.9 627.3372
2119.709 627.5319
2119.684 627.672
2119.779 628.0532
2121.042 628.5066
2104.03 632.5462
2106.188 632.3978
2110.729 632.2283
2112.454 631.2738
2088.049 633.4556
2080.806 633.7391
2061.722 632.5951
2045.203 628.8603
2040.766 627.152
2039.283 625.9447
2048.734 625.5839
2062.094 626.6092
2067.513 632.8032
2080.08 631.8284
2093.284 631.3707
2095.746 631.7755
2068.234 631.1482
2049.408 633.7598
2004.151 640.0726
1961.098 653.8821
1958.172 653.0279
1983.661 440.3618
2007.094 393.0894
1919.143 650.632
1863.34 686.3623
1837.99 690.3318
1885.588 661.0845
1945.578 419.7319
2010.36 382.5617
2020.636 382.0838
2023.246 382.2339
2023.09 382.4811
1986.197 575.4537
1925.758 671.0256
1948.665 598.4193
1971.034 399.841
1993.9 381.7469
2001.063 380.2326
2256.501 396.994
2255.299 396.5944
2251.938 396.2495
2249.183 396.2583
2241.141 393.7524
2256.628 532.7883
2231.01 435.8444
2232.425 430.8812
2229.826 409.7537
2227.853 398.2415
2227.741 394.3756
2228.115 393.5881
2227.991 393.529
2211.289 466.9076
2214.08 427.4383
2213.626 414.4324
2214.023 406.055
2228.422 451.8911
2229.288 435.6594
2218.694 419.3936
2217.161 404.0549
2202.167 408.8566
2185.432 410.9295
2221.576 585.1902
2231.712 561.317
2239.658 585.162
2220.403 448.3164
2216.555 417.2723
2221.151 426.5669
2219.357 414.3473
2218.281 406.9152
2218.633 400.4233
2218.384 397.7762
2217.969 396.7236
2217.373 396.8039
2217.343 396.5604
2217.205 394.8203
2241.18 543.9883
2246.47 575.5791
2249.632 596.6267
2250.025 598.3735
2250.052 599.7779
2250.625 600.7256
2250.8 599.9188
2250.583 599.0584
2250.751 599.8818
2250.48 600.3229
2249.792 600.4124
2249.301 600.4794
2236.862 532.0044
2243.3 570.8966
2237.234 528.3084
2162.091 582.2807
2158.395 583.6232
2157.722 583.9604
2157.614 584.2026
2157.615 584.5283
2156.509 584.5241
2154.401 584.8065
2153.094 585.288
2150.995 586.2238
2149.731 586.4629
2164.075 433.6517
2162.138 489.9768
2166.516 571.8668
2155.695 600.4634
2146.734 591.7985
2145.473 591.5876
2144.451 591.8865
2143.625 591.9146
2149.465 503.7294
2163.882 442.2251
2196.999 404.5404
2206.381 403.4123
2212.308 422.5266
2212.169 406.4819
2227.623 501.9169
2232.328 519.2755
2243.526 585.0546
2224.332 487.4487
2219.68 506.0636
2228.053 548.7808
2236.684 592.6709
2239.833 606.4944
2241.6 611.1291
2242.225 612.1644
2241.832 613.6766
2242.375 613.3617
2242.73 613.8524
2241.809 614.2692
2241.009 614.7224
2238.664 615.072
2250.468 548.4081
2257.434 599.2325
2258.4 611.1662
2257.342 614.541
2255.198 615.1296
2257.497 615.0911
2259.749 616.7548
2262.771 617.549
2270.691 617.2338
2273.971 617.755
2276.736 617.0327
2276.233 616.7187
2276.443 616.4471
2275.946 616.2348
2275.81 615.9437
2275.652 615.6632
2277.564 615.3194
2278.211 615.4186
2278.749 615.8015
2259.904 509.8337
2252.397 469.527
2249.652 458.3347
2242.783 420.6707
2240.79 411.403
2238.777 407.5176
2235.815 405.6448
2230.016 403.5726
2227.334 404.7313
2221.856 402.5981
2222.597 402.4316
2224.767 403.2668
2226.039 404.8335
2226.385 404.2371
2227.223 404.2147
2255.082 566.3569
2262.42 606.7834
2263.703 612.438
2250.373 611.1833
2253.884 612.5552
2255.581 613.7932
2245.854 612.6708
2236.188 611.374
2217.348 544.5152
2205.115 431.248
2211.646 405.713
2219.779 418.5721
2224.573 415.7938
2233.287 509.2955
2225.451 575.8295
2214.458 590.3223
2208.93 595.3851
2204.236 594.6831
2201.879 595.9355
2199.858 547.9279
2204.075 432.5998
2223.859 411.7899
2235.582 409.5913
2241.052 409.6882
2241.283 409.5063
2242.708 408.7246
2248.894 509.8319
2252.558 582.4117
2244.268 558.4672
2238.423 556.348
2233.824 581.1213
2229.776 591.8348
2227.818 596.1981
2225.632 594.0308
2228.564 602.7139
2230.498 609.3254
2231.533 599.3666
2249.508 592.3163
2272.766 530.0762
2299.502 559.3835
2319.561 596.5827
2309.847 555.6106
2292.477 483.8976
2293.002 529.6646
2317.163 596.4956
2301.768 595.963
2261.802 601.2643
2249.773 601.1843
2243.472 601.5217
2241.083 604.8934
2244.282 537.8444
2254.256 507.0292
2256.022 431.9564
2254.202 458.6671
2257.26 482.4903
2254.818 509.228
2254.283 499.5027
2243.76 419.5801
2246.984 448.918
2242.122 486.771
2262.783 605.4756
2249.069 580.5972
2245.542 549.1801
2265.369 589.0443
2258.112 547.3282
2235.063 440.6924
2230.514 417.319
2229.185 415.1126
2224.52 408.8468
2223.393 410.5099
2218.855 407.9242
2211.067 405.9263
2210.528 408.896
2212.835 410.4771
2221.482 465.2764
2212.601 444.3747
2205.581 414.9756
2211.8 444.5713
2209.694 429.4907
2204.872 417.0864
2163.53 537.5794
2110.887 585.4827
2091.398 583.5971
2069.621 593.1711
2059.695 597.6201
1993.748 587.9474
2009.817 581.8156
2019.887 585.4338
2020.594 585.7225
2020.007 591.447
2023.464 590.3525
2006.431 585.7604
1991.791 582.5629
2003.746 579.0237
2006.367 581.4709
2013.142 582.4234
2017.761 583.306
2022.336 583.4193
2015.182 578.429
2063.61 467.2091
2128 419.5158
2114.564 474.1214
2101.918 520.3167
2102.374 520.3351
2114.749 514.0178
2128.335 456.7155
2139.756 430.7396
2142.676 424.0465
2148.301 423.6997
2139.753 453.6174
2144.553 488.1258
2145.974 508.9419
2145.231 516.7083
2142.619 522.1931
2126.985 547.0119
2122.961 542.4326
2112.001 535.1194
2106.1 551.0375
2095.697 563.9145
2090.653 573.9965
2089.89 572.5503
2094.043 580.8834
2096.405 583.5578
2099.002 584.1289
2101.976 585.0113
2105.297 583.8282
2107.414 584.344
2112.504 583.1046
2117.726 585.8116
2192.586 510.6213
2201.148 435.0713
2198.248 414.4896
2196.708 399.5433
2196.616 483.4102
2194.717 539.483
2162.74 581.6163
2151.537 585.0485
2148.261 585.7653
2148.617 585.2103
2151.33 584.8913
2153.874 570.3868
2158.89 520.0239
2161.703 542.3558
2166.415 572.1578
2173.925 490.8761
2178.603 474.0999
2186.271 422.1175
2202.161 407.6003
2199.533 424.3927
2209.227 425.0143
2227.7 465.0359
2267.398 540.1915
2279.553 545.1803
2291.322 545.2475
2325.611 547.5576
2348.543 549.6511
2362.229 551.0332
2378.672 552.5992
2386.854 552.3391
2387.303 551.8582
2392.271 553.5957
2406.893 554.2168
2409.138 559.3367
2409.867 561.9672
2414.652 565.3358
2419.967 566.6071
2430.575 572.0756
2437.24 571.6631
2467.085 564.8089
2489.3 553.8099
2490.826 553.9109
2504.12 559.2634
2567.313 543.3859
2552.833 540.6054
2003.348 379.8618
2005.003 379.7729
2003.495 379.9183
1997.034 377.6745
1978.849 538.006
1732.651 667.37
1743.492 657.53
1706.884 664.8945
1748.955 622.5249
1716.516 643.2454
1695.734 659.333
1689.923 663.0392
1686.586 664.6919
1610.001 577.3246
1609.591 612.1447
1611.554 634.3417
1751.031 644.8407
1707.541 659.7421
1692.86 664.4511
1686.544 665.9203
1749.515 608.8896
1802.864 554.564
1879.104 580.754
1835.877 628.7426
1864.835 622.4072
1810.04 657.6768
1545.336 536.8549
1643.692 602.7767
1641.408 630.1313
1645.683 645.2169
1659.98 657.8695
1670.934 661.432
1594.15 550.3889
1637.193 636.9679
1606.132 552.2087
1637.228 587.9731
1847.905 606.1113
1892.125 607.9041
1924.765 609.5338
1926.393 610.253
1927.37 611.4043
1927.175 612.282
1925.93 612.2903
1925.5 611.722
1926.473 612.1199
1927.434 612.4609
1927.372 612.5911
1927.205 612.6699
1903.277 621.7853
1906.4 620.0441
1698.43 517.5049
1686.207 653.9955
1714.073 660.2151
1719.819 662.1848
1721.505 662.8743
1721.108 663.3365
1720.513 663.6401
1718.747 663.2246
1715.648 665.7604
1714.733 666.1053
1713.989 666.0204
1713.568 665.5782
1713.062 665.3272
1751.682 660.716
1905.548 613.0111
1756.15 646.2819
1704.967 662.3663
1400.649 568.6816
1498.066 597.0469
1699.818 480.6565
1688.614 527.3717
1588.249 554.2122
1627.02 641.8729
1591.861 520.3924
1565.771 552.3099
1744.169 576.1697
1746.714 631.3118
1868.356 627.4182
1759.255 664.3929
1855.053 638.8997
1886.996 635.0917
1896.499 630.5253
1899.664 627.7303
1900.497 626.6817
1900.323 626.5145
1899.755 626.5187
1899.619 626.0919
1898.872 626.1417
1898.705 626.3075
1898.32 626.5134
1897.733 626.6038
1858.038 633.6382
1892.386 632.3289
1898.702 631.4771
1904.587 630.3986
1910.452 628.5936
1912.526 627.6859
1913.369 627.7253
1913.53 628.0751
1913.593 628.3031
1913.171 628.5529
1912.734 628.5073
1912.208 628.3889
1911.723 628.2702
1911.184 628.0991
1910.597 627.8945
1910.202 627.6624
1909.861 627.4783
1909.459 627.4733
1909.026 627.7579
1837.156 642.329
1786.786 651.7379
1765.253 655.6276
1705.27 666.1201
1686.048 671.1846
1681.959 672.9349
1681.548 673.4148
1681.747 673.7547
1683.825 673.8469
1685.983 673.9237
1688.369 674.1476
1690.915 674.138
1694.521 673.0506
1697.255 672.9768
1699.443 673.2288
1838.953 659.6661
1906.531 641.1855
1930.417 632.4774
1938.769 625.7579
1942.891 625.7116
1945.578 626.6261
1946.613 624.8823
1948.728 623.1473
1891.003 639.5455
1885.964 530.3415
1903.469 426.903
1979.646 414.6913
2019.049 405.5451
2001.566 534.5759
2021.167 586.1047
2011.491 598.1581
1974.248 627.449
1992.055 609.4594
1971.297 647.317
1865.428 671.6347
1815.419 677.5403
1806.378 710.9138
1799.876 692.5116
1788.462 692.1738
1788.67 690.463
1799.62 688.7968
1871.83 666.7721
1908.266 635.7959
1891.298 649.1387
1859.819 670.2429
1841.536 664.6654
1835.822 676.4489
1832.681 683.2041
1905.308 689.1271
1998.311 655.7812
2009.652 637.705
2071.958 584.7781
2059.164 596.6461
2055.429 539.8414
2040.823 563.9283
2032.388 607.2488
2041.757 548.4435
2019.614 583.0376
2020.734 607.9083
2021.586 628.1401
1927.061 683.853
1898.395 683.3368
1872.756 688.991
1858.421 687.0856
1889.515 673.1776
1945.728 527.4681
2033.355 516.7651
2056.439 414.194
2061.962 457.9937
2030.021 437.6318
2041.293 484.2492
2040.291 474.106
2036.218 410.4055
2032.551 459.7541
1996.804 497.0947
1983.15 621.4882
1945.474 592.1641
1853.217 641.2692
1931.574 628.4957
1893.116 664.1917
1808.693 685.6332
1755.894 699.1392
1746.297 692.402
1735.871 687.0325
1729.122 683.9272
1722.028 683.5895
1715.86 685.179
1772.948 539.6853
1755.965 601.4574
1767.223 612.8513
1738.547 661.8387
1695.476 679.8147
1666.661 620.1517
1667.271 634.3924
1657.398 654.3027
1650.965 664.9286
1646.182 668.9655
1705.249 646.3008
1779.226 619.0185
1744.284 609.116
1669.951 629.7046
1696.525 588.1085
1669.182 600.0379
1622.038 618.1416
1586.323 641.5491
1577.325 645.3844
1570.997 646.0768
1588.318 628.8359
1612.015 588.1617
1599.787 606.0519
1583.282 625.3816
1575.168 634.6191
1569.625 639.1621
1568.96 639.3957
1569.095 639.0376
1570.03 638.6198
1570.702 638.2062
1571.701 637.5519
1572.033 637.4095
1574.248 637.181
1577.142 637.5016
1582.51 638.258
1584.918 638.5476
1589.191 639.0162
1594.069 639.558
1600.282 640.2479
1604.742 640.6261
1609.166 640.8591
1613.834 640.9681
1616.921 641.1263
1620.789 641.0933
1626.382 640.81
1628.91 640.7441
1667.61 620.6417
1660.04 626.5912
1753.468 594.5748
1702.806 613.4496
1549.207 596.347
1573.644 613.1108
1619.505 629.7009
1677.853 640.619
1678.766 642.7363
1713.993 629.7602
1763.201 628.8389
1799.422 563.5643
1773.587 577.6595
1762.335 591.7155
1745 631.8961
1732.537 646.9954
1729.829 648.8406
1724.75 650.5166
1723.087 651.0195
1722.307 651.1839
1675.605 628.7671
1667.034 601.264
1681.571 533.3325
1695.426 587.1683
1704.242 591.0048
1721.273 608.9003
1741.829 638.1011
1749.166 646.0042
1755.883 649.6464
1765.952 641.3392
1775.307 637.4174
1776.941 635.0649
1778.621 632.1671
1779.468 632.6812
1782.392 641.3898
1784.495 639.3708
1789.352 631.87
1813.791 629.8693
1819.494 630.8836
1822.828 631.9268
1830.513 631.841
1837.985 630.4166
1848.734 638.3721
1846.922 651.7508
1866.557 681.5081
1872.424 672.8974
1877.897 677.4752
1882.734 680.5718
1876.8 670.8909
1877.7 679.5674
1879.238 673.7244
1895.552 687.3741
1905.488 704.6616
1931.981 710.3566
1939.041 705.1432
1934.66 708.3041
1931.494 707.7253
2565.972 539.8686
2569.837 570.0015
2571.957 565.9401
2571.937 566.2106
2571.934 566.5444
2571.934 566.9741
2456.318 565.4951
2456.234 566.0588
2456.098 566.4969
2545.3 595.5676
2546.99 601.1252
2513.171 593.3403
2513.242 593.1608
2513.325 592.9016
2513.41 592.5964
2513.532 592.2363
2513.732 591.8726
2513.986 591.5793
2514.386 591.324
2514.779 591.1159
2515.159 590.889
2515.49 590.601
2515.752 590.2745
2515.964 589.8737
2516.104 589.4178
2516.157 589.0323
2516.103 588.7163
2515.946 588.4359
2515.677 588.2277
2515.319 588.0992
2514.834 588.0505
2514.258 588.1008
2513.657 588.2297
2512.931 588.4269
1562.437 362.7573
1557.771 399.8669
1543.41 373.9375
1546.67 368.8866
1548.171 368.1162
1543.327 369.6937
1553.625 365.5125
1549.148 366.8937
1521.02 377.8839
1524.762 377.1535
1531.371 374.452
1533.85 373.0306
1529.015 374.377
1520.423 377.2648
1521.787 376.6413
1514.49 378.7393
1468.73 411.7782
1468.169 411.9171
1467.686 412.097
1459.388 424.429
1482.657 399.7912
1489.697 391.4133
1500.336 383.6455
1510.249 378.7453
1508.092 381.7432
1507.664 381.5562
1507.842 381.2013
1507.346 380.9225
1508.612 379.5532
1512.185 376.6942
1514.125 374.8616
1519.619 371.2609
1528.036 366.4754
1527.732 366.0422
1527.481 365.4412
1526.641 365.123
1512.493 381.0885
1526.294 386.5524
1525.412 386.1717
1649.182 359.4206
1612.63 375.3709
2113.306 381.8246
2112.947 381.1247
2112.721 380.4992
2112.627 379.8888
2112.673 379.3281
2326.418 418.4829
2324.71 427.5622
2274.358 401.9256
2318.184 427.3688
2318.547 426.9289
2311.182 429.1048
2318.892 430.9669
2312.226 420.0991
2312.503 419.8748
2327.222 436.1849
2311.733 439.0103
2318.966 437.6452
2319.247 437.8289
2319.519 438.1304
2319.758 438.5045
2320.056 438.9419
2320.443 439.4598
2321.03 440.085
2321.745 440.6976
2322.719 441.3439
2323.737 441.8548
2324.813 442.2163
2325.949 442.4162
2327.214 442.4199
2328.589 442.2453
2330.184 441.9002
2331.729 441.478
2333.322 441.0262
2335.09 440.5338
2524.848 541.1591
2526.321 540.8924
2527.981 540.6442
2529.532 540.477
2531.098 540.3676
2532.88 540.3284
2534.549 540.3619
2534.96 545.1293
2541.979 553.1775
2526.709 528.9222
2533.773 539.4769
2534.78 550.2085
2544.497 550.9791
2525.94 544.8734
2540.149 547.7569
2542.436 545.0699
2546.278 552.6047
2544.78 542.6154
2540.761 538.5881
2546.549 539.1536
2539.699 536.506
2533.826 539.1957
2528.027 538.6506
2522.226 536.9128
2512.603 531.6708
2501.708 529.7764
2492.189 525.0911
2481.025 518.601
2473.638 517.4409
2465.526 517.7451
2458.08 515.8033
2451.323 517.4657
2441.672 517.7745
2426.61 520.6926
2416.414 522.1704
2407.8 522.4794
2399.138 523.5796
2390.954 524.9946
2381.492 525.1917
2372.051 526.3943
2362.183 525.8312
2353.047 525.9338
2342.8 526.0369
2333.848 526.7197
2325.086 526.7258
2316.578 523.5759
2306.652 523.351
2298.199 524.3855
2287.206 523.8801
2277.748 524.1857
2269.012 524.4054
2261.779 525.3804
2254.257 528.1666
2242.571 528.268
2234.545 530.8323
2229.92 532.3166
2228.948 533.0764
2233.582 596.7243
2234.76 612.4229
2227.423 676.7661
2192.307 561.374
2177.615 543.0966
2229.496 687.9826
2196.782 568.392
2213.696 571.3609
2221.517 552.029
2224.697 542.2082
2232.839 540.6164
2239.31 539.3819
2244.88 539.1225
2225.862 469.9305
2258.17 544.8987
2260.59 535.0141
2272.981 553.9554
2281.753 551.1012
2293.031 547.3779
2303.48 546.3363
2312.524 554.5208
2164.55 574.5408
1977.095 558.6822
1949.946 537.0186
2189.614 546.3613
2284.967 547.7696
2351.612 557.5421
2373.587 563.889
2382.439 566.6177
2390.768 567.0134
2375.594 570.455
2195.262 609.8494
2057.627 576.5554
2115.872 564.558
2260.741 569.4072
2368.223 513.1265
2431.432 526.2743
2473.439 583.2332
2491.848 598.4122
2422.101 576.7988
2431.054 526.7939
2455.073 468.7666
2468.463 461.1961
2488.614 470.4009
2495.025 466.5742
2501.196 465.8659
2507.413 466.4777
2514.845 465.001
2539.37 468.9258
2542.724 468.6634
2547.659 468.6113
2585.079 493.1461
2556.64 487.715
2549.606 486.6342
2539.891 479.2404
2544.322 477.9839
2599.691 497.2795
2604.142 517.5979
2603.05 522.5519
2613.714 534.879
2642.103 535.696
2651.676 531.2229
2672.512 539.9798
2646.065 539.3487
2651.654 547.9337
2641.212 547.6727
2623.217 544.9813
2605.532 546.1078
2599.038 535.8467
2596.702 536.4933
2591.148 526.3354
2620.713 535.7924
2612.591 535.4742
2603.9 535.1364
2595.593 534.8522
2587.213 534.6121
2578.141 534.4453
2569.58 534.3219
2561.283 534.2538
2552.537 534.2105
2543.695 534.1824
2534.569 534.1009
2526.264 533.9667
2518.02 533.7811
2510.089 533.6154
2502.414 533.4709
2494.335 533.3574
2486.384 533.2444
2477.87 533.1387
2471.635 533.0361
2466.36 532.9277
1261.28 478.1445
1257.906 478.1924
1255.867 478.2318
1259.416 471.4341
1235.43 515.673
1410.335 517.4518
1255.263 492.5926
1256.044 480.4867
1249.318 490.0654
1249.594 489.8122
1250.213 489.8174
1248.88 494.9882
1255.947 485.0033
1259.43 481.5852
1258.647 480.1512
1253.206 493.9428
1253.982 494.0427
1254.738 494.1174
1252.767 500.6652
1273.107 466.249
1240.993 528.1116
1241.832 528.1246
1247.424 516.6028
1259.994 497.2213
1261.225 497.1636
1263.235 497.0879
1266.484 496.9822
1272.477 496.842
1279.897 496.6902
1284.076 498.2074
1280.779 519.4262
1286.299 524.4147
1294.17 524.1893
1302.053 523.9219
1342.132 464.532
1325.764 504.6472
1525.752 329.0403
1532.994 328.9007
1540.671 328.7643
1549.187 328.6286
1530.674 341.0414
1541.291 339.2306
1471.767 370.8472
1943.297 707.769
1936.258 706.6646
1930.476 709.8793
1930.837 712.5398
1927.359 720.2446
1918.389 726.4123
1912.805 736.9887
1919.577 742.2253
1929.774 735.3414
1929.712 735.9583
1933.38 736.8388
1935.035 737.1846
1938.883 729.4205
1935.039 722.7255
1937.191 719.3889
1913.849 717.6477
1921.307 720.7629
1922.541 722.1851
1924.236 723.2053
1920.055 734.7493
1905.956 729.7704
1908.744 733.9141
1898.031 738.9093
1859.821 731.8265
1860.815 731.5737
1861.605 731.4111
1862.17 731.3247
1876.056 744.1819
1876.297 744.2541
1859.517 744.0569
1859.239 744.2783
1858.662 744.5382
1857.875 744.7841
1807.119 732.3652
1805.671 732.53
1804.002 732.6578
1802.099 732.7894
1800.248 732.9321
1798.573 733.1032
1796.931 733.3574
1795.479 733.6696
1794.213 734.0445
1793.163 734.4241
1792.435 734.7163
1791.931 734.9342
1791.663 735.0618
1791.603 735.0869
1791.708 735.0352
1791.848 734.9382
1791.952 734.8568
1792 734.82
1791.945 734.865
1791.819 734.9865
1791.65 735.1563
1791.491 735.3044
1791.434 735.3627
1791.473 735.3274
1791.624 735.1747
1791.828 734.9272
1792.055 734.6171
1792.177 734.262
1792.196 733.8781
1792.089 733.4434
1791.912 732.9919
1791.682 732.5076
1791.372 732.0439
1790.885 731.5542
1790.33 731.1484
1789.628 730.7717
1788.896 730.4229
1919.759 594.3892
1863.163 677.9888
1942.992 571.2872
1977.223 562.6287
1986.043 556.6361
1988.771 558.2991
1990.963 559.0118
1992.037 559.3457
1994.099 559.7545
1996.436 561.0694
1996.491 562.3387
1997.114 564.3973
1997.722 564.8598
1998.308 564.8717
1999.037 564.665
1999.713 564.5634
2000.14 564.5298
2000.519 565.1342
2001.007 566.7697
2001.183 568.5178
2001.141 570.0952
2001.583 571.864
2001.837 578.3836
2003.798 607.882
2001.381 641.5529
1991.991 650.4657
1992.632 651.1335
1970.955 663.583
1981.945 691.2924
1987.678 701.8832
1951.528 682.6121
1962.577 685.9747
1976.309 700.3167
2000.902 693.7
2016.253 695.9654
2031.947 689.0971
2033.182 694.7809
2036.518 691.367
2037.006 692.8525
2034.182 691.246
2034.407 688.6523
2036.82 694.6636
2039.592 697.436
2043.448 694.9627
2046.366 695.0464
2046.904 693.225
2048.664 690.9473
2040.233 687.264
2031.527 679.6257
2010.469 662.761
1972.295 663.8745
1976.159 658.0422
1972.682 660.0345
1972.575 659.0865
1974.669 657.6287
1974.541 657.0513
1969.535 658.5855
1967.489 658.66
1968.616 658.1778
1960.695 658.0743
1951.471 659.9902
1945.088 660.5095
1940.614 660.5771
1931.661 660.5711
1938.919 659.5687
1971.171 656.3664
1976.32 654.1395
1972.948 653.1906
1964.784 653.228
1953.882 653.3842
1942.926 654.0239
1933.111 655.5811
1818.972 616.0146
1793.83 586.136
1804.375 612.62
1824.655 642.9199
1841.729 655.0255
1840.958 663.0801
1928.949 648.7272
1939.176 645.0378
1938.334 643.5569
1878.745 654.5184
1796.437 661.4151
1760.887 662.8443
1726.579 662.6921
1705.264 661.0968
1692.378 660.3521
1681.682 660.3325
1697.223 661.1351
1691.687 661.116
1693.425 661.5181
1695.598 661.6977
1698.337 661.871
1696.483 662.5986
1693.19 663.2149
1692.26 663.237
1691.562 663.3448
1690.588 664.1414
1689.446 664.4823
1689.202 664.4359
1688.882 664.2188
1734.485 654.9555
1818.412 628.8665
1852.373 614.4829
1865.828 607.9608
1843.904 616.0593
1777.137 634.8779
1735.219 649.382
1720.857 657.3626
1742.381 655.5508
1755.532 652.6769
1828.945 637.8133
1897.11 615.2945
1918.038 609.562
1886.37 551.5148
1920.399 583.2023
1923.773 569.5901
1921.547 567.2913
1908.042 589.8215
1925.665 593.361
1941.602 595.1753
1969.171 597.9945
1989.123 599.7278
2004.455 600.2926
2017.039 600.0155
2027.832 599.9122
1957.833 646.6859
1919.275 606.8083
1903.578 580.146
1910.615 579.5452
1907.142 617.8221
1921.126 647.8557
1933.178 655.2357
1942.99 657.551
1954.307 648.2485
1963.172 650.7397
1971.26 661.0973
1980.625 660.054
1996.257 657.6284
2017.766 656.6418
2027.053 657.2993
2041.147 658.2526
2046.92 660.1241
2053.741 662.0768
2071.869 659.789
2079.382 661.0452
2087.673 665.4227
2094.956 667.0074
2107.17 664.6309
2112.953 664.2238
2119.777 663.9316
2120.01 664.6748
2115.883 664.4991
2107.81 664.3939
2094.708 664.5726
2085.465 669.528
2077.49 668.196
2078.924 667.1885
2078.706 666.5084
2077.927 665.66
2078.494 660.8027
2071.693 662.2244
2063.531 662.1371
2045.88 652.0709
2018.485 653.2537
2001.442 653.2176
1986.703 652.2264
1972.526 652.8344
1936.406 652.6725
1950.057 656.8528
1936.646 655.1159
1938.361 655.0843
1928.127 656.2584
1915.866 659.3371
1897.8 660.7588
1910.796 659.3967
1945.114 655.1544
1929.716 653.2007
1919.613 652.9834
1517.896 532.0386
1699.715 583.7769
1878.209 628.3414
1908.447 630.8696
1895.844 630.5974
1918.447 634.7064
1914.236 644.8191
1914.386 651.2435
1922.087 648.1414
1920.138 641.7869
1889.637 641.6996
1906.44 646.3229
1889.448 642.3163
1886.9 641.2775
1885.524 640.2075
1882.633 641.3818
1867.287 643.3038
1855.015 647.6642
1862.793 645.1421
1866.393 642.269
1866.839 642.8821
1868.445 642.6862
1868.149 641.4985
1868.741 643.6024
1882.646 647.072
1892.174 647.834
1889.15 654.7623
1904.648 651.6222
1901.571 650.1671
1908.718 641.924
1903.116 647.3517
1897.348 649.4335
1872.213 608.0273
1975.99 629.6378
1979.092 629.7269
1892.596 622.1642
1904.189 627.5907
1899.5 635.7752
1911.162 642.3056
1920.224 643.8069
1918.452 654.7194
1914.077 652.6889
1919.49 650.2767
1931.293 647.9183
1914 652.1419
1911.757 651.0238
1896.47 651.351
1926.317 649.4681
1913.623 648.712
1918.916 649.1245
1928.264 649.5359
1524.35 359.3784
1546.261 348.2925
1527.294 370.8699
1583.328 360.5374
1590.692 360.6205
1597.68 360.6976
1605.133 360.745
1612.686 360.7419
1621.249 360.6922
1628.074 360.6406
1634.782 360.6105
1642.154 360.59
1461.911 526.6602
1567.954 448.8745
1503.2 483.5146
1506.971 484.3205
1513.765 484.4836
1520.243 484.5349
1527.895 484.5604
1535.334 484.6139
1542.94 484.7321
1550.579 484.9085
1557.656 485.1209
1565.925 485.3492
1572.43 485.5584
1578.323 485.705
1585.228 485.8672
1592.606 485.983
1600.264 486.0624
1607.988 486.1011
1614.637 486.1026
1619.065 486.0737
1619.254 486.0434
1619.204 486.0331
1619.099 486.0717
1618.908 486.1789
1616.871 486.3491
1612.526 486.6102
1605.072 486.9948
1597.288 487.4261
1589.768 487.8393
1581.469 488.2332
1573.926 488.534
1566.473 488.7815
1559.646 489.0183
1552.223 489.2714
1544.706 489.5423
1536.701 489.8258
1529.142 490.0625
1522.424 490.2348
1514.949 490.4007
1507.906 490.5393
1500.73 490.6656
1492.92 490.7728
2700.584 553.4708
2693.594 553.2631
2686.548 552.4419
2679.172 552.2375
2671.94 552.0746
2672.257 578.7491
2665.212 578.6279
2658.523 578.5054
2635.789 532.3419
2628.455 532.1786
2620.951 532.0368
2626.76 572.3902
2597.067 599.2816
2590.843 599.2663
2583.47 599.2791
2584.517 580.8171
2576.922 580.7892
2568.888 580.7344
2568.573 547.2357
2576.267 604.793
2569.347 604.8843
2562.232 605.0387
2544.414 559.3419
2536.676 559.5162
2530.087 559.6471
2523.215 559.7471
2517.833 562.8236
2510.762 562.8969
2504.529 563.7616
2497.356 563.8329
2490.979 563.8713
2484.808 563.8893
2454.754 600.6841
2452.976 564.4042
2441.219 558.1017
2434.485 558.1528
2439.262 566.1547
2432.927 556.3581
2414.736 566.9196
2367.464 592.8037
2403.283 575.5056
2377.286 586.5862
2361.524 592.4117
2345.827 593.173
2370.454 584.4512
2393.831 575.6058
2372.726 580.2514
2379.767 568.5332
2391.652 572.8024
2381.116 577.0745
2383.929 568.7919
2360.467 575.1571
2366.984 567.4221
2378.69 563.7676
2368.029 563.3044
2343.29 574.3413
2360.477 587.3837
2361.268 584.7155
2364.197 579.9649
2355.141 579.8817
2352.016 580.7101
2355.475 580.4843
2362.294 573.3914
2349.097 574.9376
2354.978 561.8376
2362.573 564.8222
2357.496 577.6203
2367.618 576.1756
2366.861 579.4377
2392.244 591.9179
2380.277 592.6464
2369.357 582.7575
2323.335 593.4774
2362.124 576.1041
2368.107 568.318
2353.259 572.5717
2334.816 568.7572
2314.352 573.2341
2302.814 581.1378
2300.862 589.6166
2291.764 579.4225
2282.722 577.1781
2279.782 563.0244
2242.945 516.6747
2241.573 546.7563
2250.37 559.7703
2199.17 544.0942
2172.767 523.4186
2176.787 513.5231
2147.651 500.3285
2094.01 476.5578
2083.678 486.4048
2053.839 468.6439
2040.236 461.0723
2093.98 552.5473
2062.837 508.4352
2139.13 515.1834
2005.588 519.4243
2061.148 533.9265
2135.5 547.1511
2122.108 555.7941
2107.705 543.7966
2106.121 544.4846
2094.735 548.1575
2086.794 546.8479
2078.696 544.6786
2067.538 544.0527
2055.491 540.0408
2047.297 539.4254
2039.003 538.8042
2031.997 538.4738
1855.733 540.7272
1924.955 540.3242
1950.297 548.7471
1942.189 551.9839
1939.803 570.5547
1966.482 560.1152
1953.44 562.6604
1959.105 560.4783
1961.263 555.1359
1957.769 550.7808
1946.07 537.028
1941.528 544.0028
1934.906 543.8291
1924.169 529.7778
1916.734 529.7372
1909.641 525.4839
1902.119 532.0986
1864.842 507.5137
1863.035 509.7206
1831.159 492.6075
1784.575 496.8055
1802.15 514.0754
1759.342 513.7775
1734.51 513.6431
1720.496 513.6425
1723.303 512.1849
1782.019 510.8537
1750.344 512.4103
1741.446 512.6716
1721.19 512.9396
1779.867 526.9843
1796.436 540.7486
1806.911 536.6539
1813.329 547.983
1815.38 551.0518
1814.475 546.8007
1811.521 547.5069
1815.114 546.7645
1818.563 545.7563
1816.187 546.7083
1784.454 536.9536
1784.53 537.0093
1633.578 670.1345
1674.672 604.3157
1739.467 586.2229
1716.381 482.0887
1712.028 461.5166
1783.257 492.0895
1744.857 456.4489
1782.285 467.1442
1785.672 473.117
1808.883 473.25
1752.109 475.9603
1755.23 492.8685
1762.091 513.9698
1764.421 515.0989
1778.765 492.6566
1807.313 466.8105
1860.069 477.8571
1908.234 493.7704
1929.887 512.6372
1910.877 502.9026
1915.851 500.9448
1937.732 503.4912
1949.286 503.9731
1959.71 507.0195
1880.258 525.1498
1830.567 536.1754
1831.138 555.6151
1959.711 527.1766
1994.614 515.2805
2005.186 505.4052
1905.197 512.244
1789.009 535.0407
1756.829 570.2931
1858.95 577.7909
2028.362 513.483
2048.553 487.7899
2057.992 482.2381
2061.897 475.3208
2069.082 473.7879
2076.482 469.8075
2085.847 466.3516
2094.366 463.6882
2101.916 457.8953
2109.59 456.014
2117.652 451.3519
2125.334 445.7119
2133.658 442.597
2141.374 439.2769
2148.327 435.7887
2154.314 434.3113
2158.464 429.8193
2160.547 426.8701
2161.681 425.6191
2162.249 423.3495
2162.678 421.7795
2163.063 420.3882
2163.569 419.2083
2163.418 415.6517
2163.814 413.8452
2161.922 408.812
2159.782 405.0382
2158.886 402.7214
2158.415 400.9391
2158.039 399.4676
2158.733 398.9823
2159.474 398.7503
2160.444 398.8242
2161.444 398.8267
2162.33 398.5968
2163.157 398.3685
2164.146 398.1798
2164.924 397.8485
2165.782 397.4699
2166.679 397.1234
2167.63 396.8887
2168.857 397.3285
2170.476 398.1312
2172.28 399.1475
2173.979 399.8096
2175.303 399.7516
2176.871 399.7248
2178.395 399.551
2179.501 398.5469
2179.327 394.3402
2179.269 391.235
2179.686 389.2873
2180.535 388.1404
2181.645 387.6768
2183.477 387.5418
2185.379 387.9298
2187.177 388.1125
2188.863 388.0513
2190.87 388.1221
1968.795 653.1342
1975.562 653.2241
1983.797 653.3373
2005.092 653.6873
2010.937 654.0731
2010.546 655.0706
1976.073 657.4958
1977.92 655.9927
1986.207 656.7817
1964.862 657.381
1979.137 658.798
1964.869 657.9355
1967.732 662.8691
1925.63 660.6822
1926.215 660.385
1930.625 660.3196
1936.527 660.3927
1942.732 660.5278
1950.072 660.7104
1957.014 660.9764
1964.291 661.3285
1971.634 661.7481
1983.167 679.5448
2041.22 680.2303
2047.419 680.7299
2053.097 681.0812
2095.179 680.0313
2117.024 680.4369
2126.218 671.7476
2140.661 658.1558
2137.841 653.5815
2139.167 656.3325
2141.26 660.861
2145.535 661.0914
2146.301 659.0201
2146.206 662.6986
2150.817 662.8876
2146.591 663.196
2180.746 669.8947
2139.448 670.9999
2138.396 672.8398
2174.404 673.9795
2169.469 674.6687
2170.323 678.7002
2163.657 678.9814
2144.343 685.7894
2137.055 686.0677
2129.266 686.3838
2130.821 695.7634
2133.572 692.7386
2131.573 693.9006
2112.245 696.5197
2110.816 692.5204
2103.239 692.4946
2143.134 658.9781
2093.319 692.5704
2082.229 689.3841
2075.069 689.1476
2067.982 688.9033
2060.091 688.6452
2059.223 683.8964
2053.083 683.8258
2045.448 683.6087
2037.81 680.8523
1993.219 679.96
1959.618 673.6079
1987.494 682.4354
1978.88 689.8707
1974.189 687.3818
1962.667 689.1577
1953.794 689.1998
1947.624 688.9984
1949.578 689.3618
1941.092 689.4351
1928.206 688.6931
1922.423 688.9623
1930.916 686.2866
1924.932 686.3322
1916.606 686.6716
1908.555 686.3024
1902.988 689.1745
1900.063 700.5654
1893.31 695.2655
1884.022 694.0688
1868.943 691.1542
1872.497 688.3491
1862.737 690.3424
1846.045 687.2236
1835.564 687.5573
1831.648 686.2007
1825.635 686.7793
1816.675 687.1753
2130.012 658.1789
2005.697 671.2208
1885.014 678.7739
1787.487 681.2
1746.664 685.0056
1835.445 670.1634
2093.055 585.067
2027.879 528.6763
2134.511 548.1041
2130.166 560.0283
2132.072 566.6414
2155.028 559.2919
2149.867 561.7338
2137.962 561.1045
2063.879 526.9454
2080.073 545.798
2032.795 542.5996
1912.045 635.6553
1879.757 655.904
1810.245 680.2614
1819.248 670.465
1834.547 675.3708
1810.681 680.7495
1791.463 677.1939
1783.594 677.6161
1789.476 676.724
1800.227 686.7386
1791.986 682.377
1791.124 679.4139
1796.012 677.1085
1791.479 680.4647
1787.013 679.7986
1789.047 676.4354
1785.89 676.7728
1779.841 677.0865
1771.854 677.0942
1763.868 674.5927
1758.099 674.5032
1751.211 674.7767
1744.75 676.3079
1741.501 677.0408
1731.267 676.8322
1723.723 678.6241
1730.462 679.7515
1722.485 679.4165
1713.44 679.6444
1707.137 677.69
1697.426 676.2758
1689.129 676.791
1681.489 676.8866
1673.578 677.205
1670.228 676.5764
1662.219 677.2487
1653.748 678.4351
1646.408 679.7549
1639.115 679.2301
1629.667 676.035
1621.925 668.427
1613.644 657.3922
1606.253 653.809
1596.681 649.6638
1590.526 647.4455
1582.687 646.7513
1575.889 645.7277
1567.606 646.0167
1559.685 644.6501
1551.872 644.2029
1544.469 644.5717
1536.884 644.4238
1530.104 643.9383
1523.26 644.6116
1517.579 641.9567
1510.474 642.4059
1505.922 641.9312
1499.047 642.3774
1506.035 599.8669
1493.48 613.6714
1485.196 626.4265
1474.932 639.3926
1467.015 643.0001
1458.828 645.144
1451.441 641.6758
1444.079 640.7689
1433.309 644.0862
1423.271 645.1895
1415.526 645.9698
1408.635 645.8118
1401.773 647.4252
1392.003 647.4064
1381.25 646.8576
1382.251 604.145
1387.357 574.0228
1406.015 530.9101
1394.701 557.2062
1406.046 525.1797
1404.93 517.934
1402.87 515.5222
1398.622 514.5104
1391.48 513.0007
1384.256 515.3714
1378.519 514.9479
1372.613 514.3436
1368.879 514.6644
1368.178 514.7731
1368.244 514.9486
1368.528 514.3926
1368.562 514.3619
1368.634 514.5754
1368.453 514.4784
1368.562 514.3071
1368.612 514.4154
1369.109 514.5863
1369.272 514.0325
1342.812 622.0137
1349.489 634.0263
1350.49 651.072
1353.728 656.0298
1356.055 655.3486
1355.842 651.051
1359.894 655.1068
1365.246 653.3428
1363.799 650.789
1363.366 651.6601
1364.92 651.1058
1390.684 574.2471
1417.693 528.3729
1426.131 525.3325
1435.418 520.826
1432.709 566.6405
1431.648 632.7055
1436.891 637.314
1440.681 630.4651
1439.137 635.0106
1444.095 634.9615
1449.116 634.6698
1454.778 636.3163
1462.219 634.7388
1470.689 634.2614
1479.949 610.6572
1492.428 586.4593
1498.942 593.277
1525.993 525.8995
1526.952 552.9452
1532.896 579.9056
1538.345 597.8193
1543.324 604.9652
1547.226 606.0096
1549.386 603.5863
1553.245 601.5954
1558.353 600.2921
1528.072 572.9023
1476.018 489.5777
1476.087 480.0865
1498.935 499.1707
1546.565 500.4623
1606.314 486.3868
1607.801 530.2023
1221.11 500.8939
1052.809 420.7629
1052.232 410.0607
1373.082 452.7311
1608.969 522.481
1643.389 540.6609
1652.616 542.29
1658.739 541.1725
1661.686 536.7015
1657.735 537.4743
1656.76 536.8012
1658.154 535.3074
1660.007 533.4591
1662.919 531.5762
1666.506 528.7458
1667.632 528.1444
1669.016 524.0981
1671.012 518.1587
1672.728 513.7532
1674.271 510.8216
1675.81 509.0097
1676.868 508.2194
1678.77 506.5905
1679.955 505.4611
1681.137 504.8328
1682.033 504.0092
1682.89 503.3446
1684.323 502.9988
1685.909 502.2682
1687.058 501.5791
1688.459 500.6793
1689.769 499.9634
1501.971 442.3281
1593.986 468.2472
1667.988 482.1311
1692.547 493.0751
1696.062 494.5498
1700.903 497.1595
1702.53 497.1149
1695.603 493.2105
1686.175 489.0942
1685.144 487.7088
1684.096 486.3979
1682.58 485.0417
1680.656 483.6731
1681.062 482.8324
1680.795 481.8201
1682.651 480.7927
1684.47 480.2718
1687.218 479.0674
1689.667 478.4074
2192.838 388.1851
2194.931 388.3152
2196.872 388.6389
2198.9 389.1317
2200.882 389.3376
2202.828 389.5301
2204.815 389.5739
2206.8 389.6694
2208.697 389.8055
2209.877 389.0972
2211.274 388.918
2212.085 388.3021
2212.528 387.4907
2212.912 386.6022
2213.015 385.5034
2213.246 384.7993
2213.877 384.7305
2214.402 384.762
2214.863 384.9569
2215.43 385.4642
2215.757 385.7026
2215.891 385.7464
2215.929 385.7007
2215.808 385.5732
2215.804 386.0474
2215.923 387.1273
2215.887 387.8211
2216.169 389.2036
2215.905 389.7173
2215.81 390.5749
2216.312 392.3818
2216.256 393.1108
2216.061 393.5231
2216.424 394.6839
2216.249 394.8939
2216.6 396.0124
2216.579 396.2171
2216.623 396.4014
2216.843 396.8885
2217.01 397.0653
2217.153 397.3532
2217.517 397.9025
2218.006 398.6227
2218.446 399.2772
2219.018 400.2791
2219.46 401.082
2219.833 402.058
2220.195 403.0978
2220.35 403.5815
2220.346 403.7676
2220.42 404.0246
2220.486 404.2163
2220.671 404.7118
2221.126 405.6209
2221.466 406.1086
2222.001 406.9324
2222.461 407.5215
2222.803 407.8954
2223.062 407.9383
2223.525 408.2938
2223.988 408.5916
2224.585 408.9753
2225.139 409.3747
2225.583 409.5293
2225.976 409.5189
2226.384 409.3592
2226.928 409.2591
2227.622 409.2961
2228.34 409.3449
2228.923 409.1606
2229.444 408.484
2229.393 406.8763
2229.54 405.9639
2229.687 405.2601
2230.097 405.3429
2230.429 404.9559
2230.782 404.8496
2231.279 404.9586
2231.712 405.1048
2232.045 405.3159
2232.431 405.6447
2232.705 405.8101
2233.035 405.9653
2233.404 406.1374
2233.807 406.3361
2234.4 406.7287
2234.895 406.9349
2235.394 406.9901
2235.922 406.7967
2236.539 406.5838
2237.239 406.3727
2238.11 406.363
2239.033 406.7301
2239.784 407.0246
2240.702 407.9253
2241.668 409.1325
2242.639 410.5267
2243.66 412.1458
2244.754 413.8961
2245.463 415.1992
2246.707 417.6305
2247.289 419.04
2248.263 421.4893
2248.757 422.9492
2248.84 423.6864
2249.344 424.9207
2249.343 425.3014
2249.462 425.6027
2249.467 425.5996
2249.185 424.8771
2249.283 424.8893
2249.51 425.104
2250.054 425.9577
2250.351 426.0439
2250.779 426.3488
2251.083 426.2368
2252.395 428.8337
2253.081 429.6761
2253.761 430.5794
2254.417 431.3625
2254.803 431.7367
2255.577 433.2581
2256.725 435.8449
1994.137 516.202
1917.452 546.1262
1904.923 551.1031
1875.67 517.2383
1858.668 492.8931
2232.731 453.1792
2239.851 453.7722
2219.95 463.8091
2201.787 464.7078
2134.802 426.57
2112.924 433.4593
2124.48 458.0275
2127.524 503.8075
2139.541 512.1526
2173.912 514.9035
2145.208 473.9911
2148.672 486.4444
2135.091 445.2119
2074.039 449.0975
2099.72 488.0026
2132.779 512.8203
2146.65 517.5406
2149.561 523.1529
2153.312 520.6074
2136.212 509.7002
1997.829 432.5023
1880.412 457.4743
1843.032 467.2012
1836.316 484.1407
1831.789 497.2128
1853.795 499.3091
2045.698 499.9129
2081.499 500.0662
2088.039 501.739
2079.223 476.0591
2065.454 420.6548
2052.616 398.5257
2052.228 457.5303
2097.85 502.4022
2136.532 516.8857
2153.961 546.5304
2143.201 528.1132
2157.806 534.955
2160.966 547.1801
2163.286 546.0681
2171.7 546.751
2167.789 545.05
2086.593 501.8259
1906.156 400.2992
1958.477 430.9175
1905.43 407.86
1965.419 504.2853
1995.185 559.8568
2115.045 529.7535
2076.953 549.3251
2067.096 547.0873
2078.887 462.9613
2049.876 408.3322
2034.022 404.5388
2028.951 449.1917
2029.997 502.5285
2032.623 525.7018
2032.449 530.989
2050.111 531.3109
2122.655 526.9124
2163.155 544.9916
2161.744 522.9107
2158.971 490.1522
2151.373 467.3553
2151.309 467.9048
2157.918 500.8301
2155.289 480.1088
2155.257 487.0532
2152.877 487.4736
2164.074 523.0163
2155.645 499.6818
2149.823 481.3146
2175.3 556.7338
2183.583 576.3292
2184.205 569.7228
2151.585 568.9743
2065.213 578.1323
2054.648 579.0685
2050.209 587.1118
2053.003 595.323
2054.431 593.8016
2050.884 590.6123
2049.722 586.6019
2039.489 577.9513
2045.383 584.6517
2047.616 576.0118
2078.234 573.7858
2121.071 446.5181
2125.908 429.9136
2129.856 434.0563
2130.923 437.0371
2130.979 468.5361
2101.541 565.9806
2089.453 546.5938
2064.531 597.4957
2054.269 584.7702
2058.054 600.2206
2028.107 588.9359
2043.154 593.3326
2046.01 589.1313
2045.872 590.0599
2050.404 600.5781
2051.338 602.0298
2051.271 600.0664
2051.518 600.5314
2051.655 595.5669
2046.011 584.2523
2149.68 575.8832
2154.411 580.0068
2115.198 596.6226
2089.622 613.288
2080.448 621.5059
2135.856 574.0356
2143.516 573.9072
2186.526 572.02
2193.95 585.7602
2188.759 579.0131
2189.587 577.5646
2189.998 573.2554
2188.587 575.5769
2190.933 575.011
2189.923 571.7486
2194.875 546.4542
2166.059 489.3813
2106.824 438.5506
2043.515 428.2487
2012.406 410.9879
2085.938 522.8029
2154.119 548.4389
2191.117 595.847
2160.635 562.2482
2125.125 485.7126
2125.574 479.0438
2143.944 495.7217
2125.467 472.9398
2127.959 477.6396
2167.19 487.4012
2162.928 483.47
2158.042 475.7324
2041.363 570.3616
2049.617 585.8863
1784.807 568.1128
1739.463 652.8516
1875.755 627.5391
1828.343 652.1678
1891.165 641.1498
1820.137 670.6171
1767.607 668.4077
1749.109 666.1023
1749.151 665.8683
1753.118 642.3535
1764.548 574.4619
2046.271 531.4343
2193.758 466.0347
2168.451 475.8602
2165.655 491.1524
2176.745 499.6147
2157.951 486.4556
2169.687 486.0229
2170.867 467.0649
2177.267 477.723
2172.828 479.2345
2200.739 465.5034
2180.765 455.2127
1895.442 462.4557
2025.138 533.1354
2058.425 555.0291
2057.874 553.2458
2064.205 540.1368
2068.966 560.0957
1883.471 648.5544
1926.099 619.1877
1692.014 477.9906
1694.838 477.8799
1698.742 477.8628
1701.51 478.1237
1706.258 477.7838
1710.131 477.0299
1713.598 476.1896
1716.279 476.1572
1719.423 474.916
1721.173 474.9136
1722.908 474.5085
1724.022 473.0926
1724.748 471.6883
1725.204 470.3179
1725.38 469.5627
1725.724 469.1771
1725.593 469.2086
1725.111 469.4933
1724.184 469.8724
1723.579 470.0571
1723.31 470.3151
1722.984 470.8864
1722.757 471.7259
1722.533 473.2532
1722.327 474.7648
1721.971 476.237
1253.324 435.5228
1382.682 440.2318
1587.379 448.6869
1721.336 472.3467
1735.3 483.1986
1737.174 484.4223
1740.72 484.3185
1741.985 485.9012
1744.193 486.4417
1745.242 487.6949
1746.052 489.1925
1748.371 489.9367
1749.17 489.8381
1750.075 489.7691
1751.683 489.5756
1753.131 489.9661
1754.063 490.9552
1755.88 491.6706
1757.292 492.2933
1757.993 492.8853
1758.465 493.7302
1758.684 495.0118
1758.552 496.5503
1759.171 498.3644
1759.948 499.174
1760.996 499.6864
1763.065 500.8577
1764.439 501.463
1765.916 503.5186
1767.572 504.1913
1768.619 504.5632
1769.335 504.6541
1770.513 504.9634
1771.571 505.4764
1772.473 505.9133
1773.513 506.3434
1774.103 506.677
1774.618 507.0799
1775.113 507.3834
1775.999 507.4166
1776.764 507.5363
1777.816 507.5348
1782.629 508.064
1802.178 505.2171
1820.499 497.9908
1826.535 495.2707
1832.513 492.3884
1832.179 493.706
1832.361 493.9108
1830.477 495.4875
1827.55 496.4441
1826.542 497.5465
1826.771 499.0882
1826.005 502.094
1823.932 505.1445
1820.223 507.9995
1815.871 509.6877
1811.733 510.9886
1807.314 511.7313
1801.752 512.3483
1797.942 512.5375
1789.773 513.3788
1785.863 514.2864
1783.039 514.6799
1779.428 518.2306
1771.229 524.9698
1769.949 525.3121
1766.951 525.7047
1764.273 525.9976
1759.794 527.2586
1756.369 528.2259
1752.458 529.1116
1749.521 531.0661
1745.048 533.9866
1742.598 535.3437
1739.715 536.3925
1737.347 537.7629
1736.191 538.8784
1732.216 542.3233
1731.367 542.6473
1432.58 484.2285
1543.294 471.0664
1596.269 473.981
1646.569 474.5075
1671.908 494.3704
1403.221 458.9146
1542.101 462.0467
1596.944 453.1585
1615.129 445.0804
1652.762 450.8669
1635.158 447.1689
1669.586 469.7148
1712.989 539.641
1696.99 526.8996
1714.16 545.7053
1703.365 538.6852
1706.169 527.608
1716.75 540.2082
1725.716 551.6721
1717.734 538.8297
1689.057 513.9076
1673.027 488.3215
1707.151 507.9048
1728.672 496.8248
1715.002 486.5228
1669.49 538.9175
1648.195 524.3286
1619.651 461.2357
1625.117 499.6732
1624.597 548.8611
1621.935 577.1892
1696.417 540.2061
1734.375 543.8817
1706.398 555.5267
1693.488 538.5494
1699.315 504.6799
1701.072 490.8303
1701.236 486.3972
1702.246 488.0178
1704.379 489.7552
1706.66 491.2371
1684.713 532.4182
1663.411 515.4089
1672.425 509.5331
1690.148 506.1261
1708.358 504.11
1711.618 503.9947
1715.728 503.7879
1715.422 503.2703
1716.05 504.2755
1792.496 446.4879
1866.681 397.1476
1889.55 383.5166
1818.82 448.9146
1795.578 473.1063
1757.937 499.9425
1796.369 447.4352
1843.766 441.1885
1721.978 583.5607
1657.213 616.2499
1644.94 620.6618
1635.383 624.0352
1695.687 565.1711
1689.186 578.2875
1654.019 617.8317
1642.874 627.0504
1638.473 633.1553
1646.83 637.207
1645.485 639.9826
1660.609 623.496
1659.46 627.0609
1785.702 538.733
1793.419 504.9464
1863.754 400.8481
1882.703 395.1852
1839.839 443.4943
1806.09 504.466
1768.86 532.7536
1749.32 539.4917
1743.218 541.156
1742.05 541.2509
1754.955 570.0892
1811.281 538.6252
1784.432 615.6169
1727.532 646.1153
1701.701 653.2522
1689.941 654.2374
1682.925 657.5381
1681.391 658.0858
1675.024 651.9667
1673.464 650.1696
1677.527 650.4194
1678.531 650.6055
1680.118 651.1691
1680.735 651.6769
1680.628 652.2893
1680.859 652.9319
1680.87 653.2501
1681.241 653.6631
1682.008 653.4301
1683.348 653.9045
1685.33 653.8484
1689.484 655.0998
1691.144 655.8398
1692.207 655.8735
1695.97 656.2305
1698.356 656.6324
1696.99 657.1046
1696.647 657.7986
1696.572 658.3621
1696.995 658.8287
1699.122 658.5587
1700.901 658.4926
1702.38 658.5034
1703.925 659.3899
1705.275 660.0502
1706 660.4058
1711.063 658.8302
1711.021 659.0243
1711.058 659.2122
1716.031 658.2148
1716.33 658.638
1717.506 659.2318
1717.636 659.5179
1719.003 659.3484
1719.984 659.3032
1726.427 628.3914
1731.878 608.8386
1734.64 613.2125
1731.992 640.8278
1731.498 657.9144
1731.329 662.3263
1731.33 664.5645
1731.392 665.559
1731.391 666.4044
1731.321 666.824
1731.261 666.3584
1731.063 665.9075
1731.549 664.7629
1732.003 664.4846
1732.889 664.2162
1734.411 664.1218
1735.855 663.9496
1736.701 662.1978
1799.207 520.5548
1874.1 428.6818
1900.309 421.1405
1942.679 405.8568
1911.131 438.7197
1925.243 494.2812
1941.056 595.8481
1880.649 638.7083
1772.099 644.7612
1770.466 633.0756
1746.777 638.5717
1746.605 630.8219
1750.622 628.6891
1751.966 629.4491
1753.065 624.1686
1750.77 625.8776
1755.52 620.9637
1757.49 621.7841
1584.46 547.8395
1662.238 579.8558
1718.046 600.0944
1735.233 611.4349
1739.955 616.6639
1737.537 616.1767
1744.164 615.7181
1742.42 619.0739
1751.848 613.5574
1751.373 599.2501
1776.116 563.4747
1771.818 544.0164
1764.566 569.9561
1761.472 575.5049
1773.901 580.2033
1772.234 585.1457
1771.785 587.5917
1762.014 593.2301
1756.029 592.957
1752.589 592.3229
1747.707 588.8778
1742.847 590.0113
1740.507 590.9695
1744.12 588.4855
1744.208 590.3873
1744.046 589.108
1743.756 588.6097
1745.994 587.1343
1744.129 586.4855
1745.235 587.6315
1744.353 587.261
1792.371 591.6114
2009.505 607.5007
2050.513 597.9415
2071.896 597.3556
2096.247 585.5931
2077.078 592.3525
2086.494 589.9731
2093.777 589.1281
1918.75 624.4181
1938.541 639.8855
2060.336 614.9712
2091.885 530.6221
2117.306 560.111
2150.921 560.682
2142.353 567.8678
2109.771 519.9752
2189.886 510.9994
2265.222 473.598
2259.329 477.4949
2267.821 468.8784
2277.806 464.1226
2264.944 456.811
2205.58 446.5071
2126.846 430.1418
2128.227 433.0024
2219.539 450.3055
2306.85 454.9709
2294.172 468.5044
2264.055 466.1009
2225.554 462.9673
2330.777 475.4828
2370.38 477.3446
2391.888 483.919
2407.342 476.9487
2387.76 478.854
2409.823 477.6204
2422.171 475.6932
2417.665 470.9543
2428.341 476.8857
2431.22 477.0861
2432.828 485.3908
2411.321 486.1313
2416.836 488.3605
2434.901 481.4266
2448.349 474.9645
2420.915 465.9367
2390.111 458.6523
2403.814 459.1281
2280.56 539.6655
2202.939 597.5421
2321.255 593.1888
2273.846 617.1965
2272.15 612.3861
2310.361 603.0117
2348.921 590.563
2389.236 587.2549
2450.287 540.5048
2544.413 462.707
2557.356 470.2404
2583.351 465.5711
2584.108 455.742
2573.514 430.3949
2575.252 433.7887
2578.179 424.6616
2581.863 421.4196
2590.447 429.7707
2594.072 426.299
2607.752 463.1383
2604.959 449.4064
2606.447 440.8679
2607.106 432.6042
2610.479 434.1418
2612.635 436.0613
2615.285 439.7646
2624.028 441.6401
2628.742 442.3019
2631.051 442.7005
2642.172 438.2871
2651.64 436.5298
2661.027 437.1063
2673.946 430.3105
2686.804 430.4876
2685.295 450.3849
2534.472 464.8081
2519.306 448.4429
2430.546 432.2692
2380.294 433.6637
2359.242 433.5578
2361.536 433.2816
2362.021 433.2767
2367.042 432.8391
2406.13 409.416
2422.346 389.9759
2429.564 378.3771
2455.148 368.3572
2474.171 369.395
2485.275 369.6141
2492.33 369.55
2498.529 369.5337
2503.787 368.8781
2505.805 368.3548
2504.936 373.0483
2505.246 370.6548
2394.463 377.1102
2354.401 391.2664
2569.318 515.2244
2509.88 426.1942
2493.222 361.458
2437.344 362.0194
2451.387 347.7537
2460.369 342.5008
2465.753 339.6408
2468.389 338.5
2469.182 338.4256
2477.573 388.7913
2484.527 412.735
2489.454 432.0695
2457.021 399.7907
2432.729 453.5596
2437.126 368.8444
2436.865 368.7726
2441.605 337.6362
2451.923 335.3164
2456.2 336.0373
2458.031 336.3864
2459.89 336.6982
2463.485 358.2795
2471.522 448.1789
2473.772 479.5908
2475.729 502.1249
2474.125 490.6378
2474.161 457.2056
2473.655 419.9227
2474.245 440.7796
2487.918 464.6564
2516.433 412.0643
2713.411 401.9354
2808.651 415.3353
2831.109 403.8314
2830.822 400.6995
2824.994 398.882
2820.331 400.1953
2814.413 401.1999
2808.75 401.6514
2800.472 401.0013
2793.977 401.041
2786.616 401.2104
2780.435 401.8545
2773.424 402.1496
2766.632 402.0858
2758.71 401.422
2750.947 400.9437
2742.735 400.4416
2735.01 400.3045
2728.177 400.0965
2721.683 400.2017
2714.557 400.3931
2707.032 400.3311
2699.151 399.4844
2646.75 405.4001
2601.204 418.3099
2561.113 439.3421
2558.093 498.4758
2554.371 518.5663
2545.837 515.3112
2543.787 525.4968
2536.491 502.4286
2527.796 508.8253
2528.956 517.8312
2510.381 556.9008
2477.631 592.2485
2461.583 603.9933
2454.77 606.7971
2465.811 590.7629
2464.263 573.606
2459.121 585.2865
2459.496 574.4641
2498.819 571.8053
2505.928 547.821
2514.203 533.9735
2517.361 528.0518
2519.061 525.8491
2519.67 524.5578
2514.107 529.2402
2566.082 546.6327
2544.324 546.1749
2525.194 547.6106
2502.079 549.0069
2484.334 549.6206
2475.164 549.7945
2466.942 549.8918
2458.682 549.8858
2457.193 546.0615
2453.36 538.4128
2450.184 529.8651
2447.946 527.1436
2447.474 528.115
2440.196 529.2706
2427.877 527.7733
2419.909 527.024
2307.555 552.9635
2325.899 547.8549
2333.284 544.0551
2358.294 532.7421
2359.352 523.9211
2353.317 520.2458
2344.863 510.8998
2342.392 517.2775
2284.933 533.6376
2242.581 551.1683
2174.125 580.2175
2176.941 569.5573
2293.836 550.8482
2308.36 538.0159
2301.985 535.5832
2211.413 555.967
2189.774 572.6835
2153.233 521.2526
2165.658 495.1872
2189.038 484.9476
2217.484 498.715
2231.632 536.1463
2232.017 553.623
2232.746 550.9761
2227.628 564.3607
2223.045 570.9893
2216.92 571.9854
2206.512 569.4176
2236.401 496.4591
2213.866 495.1756
2199.827 494.9871
2283.233 491.7236
2287.143 491.2798
2253.911 490.8439
2241.879 490.9573
2195.474 491.273
2181.129 491.7169
2183.767 475.5096
2185.75 458.2433
2193.444 435.1068
2173.82 446.5539
2180.411 439.8045
2170.406 452.5726
2183.286 481.8257
2172.577 489.1173
2182.727 475.0649
2185.512 468.7741
2191.611 460.1421
2172.263 482.2414
2194.954 467.7104
2217.116 466.9619
2230.14 472.2243
2240.452 480.5854
2241.031 478.3359
2242.022 477.3169
2232.377 457.4456
2230.395 457.0983
2202.119 463.0687
2215.16 479.3016
2238.12 483.6
2215.86 526.5752
2104.841 576.2947
2268.366 525.4341
2287.263 515.4907
2294.597 505.6697
2293.224 494.0353
2294.356 490.8006
2274.809 490.0578
2252.778 489.4323
2213.975 487.9748
2140.74 487.1346
2166.418 485.92
2144.614 486.0295
2134.551 486.1879
2170.759 488.4737
2210.563 506.0309
2176.867 525.3059
2153.846 529.5302
2156.41 596.9929
2168.461 521.0284
2159.277 541.7881
2141.714 546.7043
2134.927 551.8557
2130.826 560.3678
2130.998 568.3953
2130.935 566.9799
2130.803 571.3237
2130.495 574.4496
2130.8 573.7252
2133.319 573.5983
2137.281 571.9807
2142.235 570.1061
2148.913 570.6138
2155.879 569.3303
2161.756 557.5456
2168.611 557.0356
2176.357 556.9307
2184.187 558.4633
2034.421 547.0727
2096.566 552.4565
2115.749 538.6733
1878.285 599.0876
1831.954 594.1514
1803.974 593.8973
1792.49 588.5718
1783.41 581.9878
1780.547 579.1176
1777.515 580.4919
1767.296 583.5732
1774.284 583.7516
1623.15 533.1871
1709.953 554.7734
1729.853 559.0522
1773.731 570.4923
1801.203 573.973
1814.415 563.1227
1819.505 531.5716
1836.383 539.1808
1831.487 549.342
1847.938 575.5738
1848.425 576.5739
1853.042 578.3308
1866.061 581.5992
1877.114 582.4189
1888.287 583.6543
1881.641 584.9653
1883.488 592.9635
1891.619 590.3035
1898.83 587.3231
1892.007 585.8122
1898.617 576.7865
1902.009 574.1636
1901.811 576.8394
1899.959 577.8215
1911.556 579.7759
1916.749 580.4536
1933.842 578.6489
1952.007 579.7911
1955.75 585.2263
1956.698 583.4499
1960.648 584.3712
1964.522 583.5896
1966.785 583.1147
1976.984 584.2416
1985.032 583.8523
1996.038 582.321
2001.332 583.2587
2017.685 584.3519
2022.521 584.3642
2030.543 581.0496
2039.801 580.6539
2047.387 580.2158
2051.139 580.4942
2055.532 580.724
2060.553 580.3024
2066.366 580.9051
2072.664 581.4003
2078.607 581.623
2087.565 580.3019
2096.666 579.2471
2110.152 560.5506
2114.801 545.3932
2121.836 543.1601
2135.982 536.8898
2153.302 543.643
2152.865 540.0175
1945.901 531.3292
2052.518 529.5609
2117.228 530.9447
2163.324 531.506
2164.14 534.6408
2186.71 532.2603
2204.602 524.3999
2203.036 526.2264
2209.416 527.5995
2214.593 527.6178
2234.729 525.7366
2235.978 526.5163
2238.76 523.7096
2243.452 524.756
2251.948 524.7159
2247.016 502.6605
2153.767 480.4011
2086.986 473.6572
2051.349 471.2793
2016.979 472.5005
1984.94 477.6279
1991.08 480.4998
1996.93 480.8423
2003.131 481.551
2010.64 482.3613
2017.354 482.728
2024.141 483.1716
2031.772 485.0695
2038.369 487.049
2045.063 488.0082
2052.063 487.946
2059.165 488.0774
2066.713 488.0997
2073.54 488.6549
2079.005 488.941
2080.169 487.7107
2039.174 485.4398
2017.767 482.897
2005.172 481.7679
2007.827 480.698
2011.839 479.9999
2016.137 478.7977
2021.869 478.2035
2027.925 477.4849
2035.474 476.3996
2040.79 474.4688
2040.978 473.9176
2041.988 473.1185
2042.333 472.5664
2042.981 472.2275
2092.062 493.7561
2108.49 510.7444
2086.429 501.2478
2086.191 501.18
2038.006 488.9845
2023.674 480.8165
2022.442 479.5317
2022.512 480.3771
2022.919 480.3931
2024.401 479.3958
2025.605 478.2119
2026.631 477.2542
2027.437 476.5555
2028.055 476.4026
2028.475 476.3911
2028.994 476.5068
2030.157 477.271
2059.011 477.6921
2161.414 480.1772
2306.769 479.2261
2242.153 480.1707
2365.92 483.6397
2404.788 486.9626
2241.702 488.3509
1784.881 440.5868
1778.36 425.6217
1772.629 423.7622
1765.93 423.0589
1760.775 422.6003
1752.53 422.5275
1740.947 424.2928
1734.1 424.3463
1726.98 424.0176
1720.917 424.3634
2211.339 448.7249
2324.923 487.4411
2322.046 492.8568
2100.441 479.3792
1700.409 461.7533
1668.169 449.1199
1653.04 440.7671
1644.574 431.1995
1636.332 436.679
1628.484 440.4133
1621.058 443.731
2030.682 459.7744
2214.355 484.3053
2124.587 487.2485
2220.676 496.1881
2225.969 497.9078
2221.922 498.3702
2215.29 498.6411
2208.561 499.0198
2201.606 499.2083
2195.532 498.7263
2191.123 497.953
2188.642 497.7772
2188.296 497.7791
2188.362 497.7614
2188.281 497.8203
2187.888 498.2574
2187.555 498.1263
2187.724 498.3098
2187.727 498.4269
2187.668 498.6225
2187.594 498.7915
2187.569 498.8926
2187.687 499.0202
2187.825 499.1059
2187.462 498.9797
2184.519 498.8514
2179.074 498.6029
2171.42 498.5174
2164.581 498.4094
2157.733 498.1472
2150.844 497.8996
2143.338 497.7562
2136.357 497.4893
2128.219 497.4612
2121.338 497.5472
2114.922 497.369
2107.97 497.223
2100.713 497.2209
2093.454 497.3864
2085.745 497.5834
2078.844 497.6491
2071.916 497.7737
2064.11 498.2754
2057.066 498.8727
2049.667 499.5239
2041.772 500.1576
2034.755 500.9339
2027.751 501.5375
2020.484 502.2119
2013.235 502.4759
2006.03 503.0133
1997.812 503.6629
1991.063 503.5326
1985.224 507.358
1978.99 507.6729
1972.286 504.2046
1964.663 497.8604
1957.819 489.257
1952.911 493.6717
1947.645 502.0278
1941.744 515.7152
1935.428 526.6017
1929.248 530.2044
1922.202 532.6779
1915.245 533.8913
1908.022 530.295
1900.25 523.7225
1891.83 512.2247
1883.128 504.1786
1873.659 495.4804
1865.862 493.9246
1856.718 491.4954
1849.668 491.1306
1841.628 490.9737
1833.379 491.3326
1825.941 488.4001
1819.491 487.0325
1815.271 492.6712
1813.948 502.6056
1814.907 499.1769
1815.2 498.3392
1814.413 498.1953
1814.161 497.6854
1813.849 496.6643
1813.74 495.8324
1813.301 498.997
1812.776 504.6186
1811.818 513.5501
1811.41 515.0838
1812.252 511.4808
1812.902 504.997
1813.01 503.0381
1812.452 502.9635
1812.562 501.0097
1812.296 499.1016
1812.312 496.7022
1811.427 496.0581
1812.436 500.0709
1810.297 545.5193
1822.301 556.4917
1828.848 593.5046
1825.595 623.9738
1833.186 594.1785
1844.055 582.4483
1844.07 582.4328
1737.443 479.6125
1820.626 527.5865
1775.212 496.09
1744.55 484.7668
1738.37 483.4372
1736.498 482.2832
1735.807 482.1209
1735.372 482.1002
1784.267 491.1682
1850.84 522.4198
1869.862 531.5931
1864.41 610.4689
1847.475 561.4163
1827.537 552.8976
1819.878 535.9594
1814.783 523.2523
1813.315 515.7463
1817.506 500.1752
1819.852 498.3817
1818.175 503.457
1816.091 508.3543
1816.318 508.5255
1816.197 508.2019
1817.395 506.4475
1821.186 508.8318
1827.184 509.5489
1834.231 509.7315
1841.342 510.3092
1848.287 510.1689
1855.581 509.9833
1863.874 510.4348
1870.984 510.9329
1878.938 510.4064
1886.556 510.0712
1895.367 510.0558
2026.02 503.0597
2014.082 496.0135
2000.957 485.7535
2100.262 496.8669
2224.391 526.1061
2244.766 525.9768
2225.344 553.2547
2116.643 591.4076
2049.744 604.0703
2095.728 583.3997
2213.359 566.0582
2268.989 547.6993
2283.662 531.7856
2285.383 527.0037
2287.148 526.8676
2287.936 526.8687
2289.917 528.4473
2287.691 526.0237
2284.883 530.1
2287.346 529.6723
2288.673 529.348
2286.445 533.8691
2286.445 548.3869
2286.799 563.1121
2284.32 565.1067
2280.67 565.4218
2278.722 565.2516
2277.918 565.4135
2276.817 565.6533
2275.831 565.3768
2275.834 564.8941
2275.679 564.5759
2275.435 564.4854
2123.187 588.9874
2050.589 602.8274
2036.709 604.1146
2035.297 610.8616
2032.625 615.0583
2028.312 615.8647
2028.189 615.9105
2027.53 615.774
2028.478 618.4804
2032.395 618.4362
2031.788 618.4247
2133.632 599.8628
2232.268 529.7607
2254.494 529.8801
2246.852 509.1321
2246.875 505.164
2205.874 507.3363
2154.371 504.4138
2128.239 506.4519
2085.331 507.575
2093.081 508.8765
2085.93 508.6887
2110.018 508.5921
2192.141 504.9912
2119.478 534.7893
2072.296 526.8261
2007.922 551.1815
1956.701 536.7239
1946.545 526.3139
2171.768 510.3733
2099.752 515.1394
2008.561 516.4516
1995.419 514.6417
1994.375 512.0055
1961.254 513.3333
2050.452 510.7786
2025.047 512.6057
2079.353 498.6919
2046.654 501.172
2081.845 532.6077
2150.252 528.5655
2195.035 521.5484
2280.574 508.6257
2248.925 401.9969
2247.306 380.8846
2265.189 382.8353
2285.749 380.8151
2285.161 380.3835
2300.597 378.4521
2304.311 378.7248
2319.036 404.9884
2326.431 423.6569
2333.09 413.3387
2336.753 382.2573
2343.682 384.2427
2362.714 429.7611
2394.931 543.8046
2403.693 579.9108
2394.054 544.9058
2396.193 501.7643
2412.805 542.3425
2421.346 544.5854
2429.994 531.9349
2455.183 522.3177
2449.856 518.023
2447.637 512.4874
2445.425 508.8927
2443.611 505.0486
2441.343 496.6067
2437.118 500.0155
2438.338 502.4081
2439.373 503.3067
2440.094 503.8472
2440.132 503.72
2440.271 502.9975
2439.411 506.2565
2438.203 518.4459
2429.057 513.5158
2285.397 516.0176
2337.423 514.5964
2367.915 511.9272
2378.71 510.5185
2393.519 509.5266
2411.676 517.115
2405.628 537.4246
2268.296 543.3831
2325.213 536.6977
2424.682 568.8455
2429.346 578.3619
2429.267 585.9319
2427.789 588.3333
2424.774 590.7
2403.487 584.8625
2226.059 603.2142
2225.162 609.4692
2168.869 608.7794
2262.444 609.5006
2286.87 595.988
2433.295 524.7484
2443.407 524.6133
2450.342 531.3844
2444.932 541.7421
2445.293 537.9219
2447.033 540.235
2447.777 542.1343
2449.149 543.0031
2448.798 543.9995
2449.968 549.491
2451.296 553.0783
2451.218 553.1998
2451.92 554.2572
2447.267 534.0121
2443.105 515.1687
2443.795 514.9777
2310.734 563.438
2252.909 549.1563
2254.295 571.8666
2337.839 540.1916
2402.37 504.8535
2426.111 506.2197
2427.134 484.8579
2425.41 478.021
2345.061 445.0912
2184.687 521.9539
2138.099 558.1028
2126.365 572.5541
2197.926 570.0104
2210.844 552.8239
2329.406 483.1075
2264.45 447.0405
2306.265 462.7098
2183.223 548.5922
2305.267 538.1284
2352.937 526.4667
2336.402 471.6182
2411.378 501.0291
2428.421 523.6768
2431.63 520.3118
2434.38 533.9062
2435.193 537.3381
2435.2 538.6154
2428.54 544.5949
2429.805 542.9486
2209.921 610.2037
2180.488 612.5337
2110.121 628.4427
2090.612 639.7002
2082.987 643.0645
2081.454 643.3423
2166.547 630.7838
2313.156 599.3691
2351.079 588.1595
2352.153 524.9355
2269.591 556.1989
2296.722 566.0095
2422.13 529.9464
2488.165 484.0679
2462.361 426.3418
2494.477 565.1567
2517.835 602.6351
2520.758 604.7234
2492.541 612.3303
2488.04 611.4629
2489.358 600.0898
2516.262 539.839
2524.409 526.7541
2536.419 528.0897
2532.017 516.3533
2531.134 557.8092
2529.039 557.5868
2525.798 560.3115
2513.457 524.4309
2519.329 570.3215
2516.715 582.4843
2510.976 589.5992
2503.235 581.7185
2465.003 558.8318
2452.662 521.4545
2421.757 492.5862
2410.816 560.9221
2341.104 529.0773
2319.688 530.5353
2316.069 592.0175
2311.46 612.5838
2302.043 604.967
2292.47 597.2127
2269.62 510.9156
2262.727 504.8468
2259.613 518.3987
2247.207 512.0875
2237.245 498.188
2235.789 503.6874
2230.558 489.9786
2227.315 496.6107
2219.51 498.95
2212.212 519.6304
2210.199 561.8229
2197.379 555.5604
2188.787 558.2726
2179.503 552.3726
2156.223 514.0814
2150.68 528.4897
2144.63 517.472
2137.025 499.5164
2136.825 495.3025
2135.767 495.6641
2128.341 495.6745
2128.897 493.646
2127.96 489.7071
2165.841 484.5113
2178.516 480.8453
2165.67 479.7358
2156.659 497.5744
2155.513 519.1044
2154.983 515.3228
2198.751 484.0332
2213.115 463.6027
2200.742 468.7171
2193.618 465.8514
2160.643 476.4733
2138.578 509.1887
2128.193 550.2691
2132.504 570.4656
2140.722 576.0837
2125.357 551.7062
2116.825 545.9717
2116.324 546.7444
2116.14 545.5313
2115.305 543.1606
2109.579 504.449
2113.371 501.5307
2115.987 510.8828
2119.118 514.1098
2120.336 514.428
2114.45 569.5842
2115.208 576.385
2148.916 544.5917
2171.99 465.8039
2175.509 433.3156
2151.124 447.1465
2169.87 404.5179
2178.825 399.9507
2225.9 482.3349
2216.546 476.9653
2193.572 397.6611
2191.303 386.8739
2188.626 370.7404
2189.161 366.3257
2190.675 356.8385
2192.559 352.7556
2193.595 345.1536
2194.116 336.5627
2195.235 333.7485
2195.871 331.5316
2195.982 329.2635
2195.634 326.4162
2195.266 324.6763
2195.39 323.466
2194.216 321.5604
2193.015 319.7132
2189.352 316.2614
2188.114 314.4105
2187.328 312.7954
2187.23 311.439
2187.091 310.2199
2187.751 309.4204
2189.022 308.9688
1828.631 506.5615
1776.903 496.0767
1782.969 492.1092
1837.731 494.0853
1865.4 493.8895
1907.721 492.9291
1922.09 492.231
1932.238 491.5302
1941.96 491.0278
1949.196 491.158
1953.266 491.5468
1955.647 491.941
1957.204 492.0675
1958.739 492.0816
1959.28 491.8644
1959.439 491.7003
1959.411 491.4899
1959.859 490.991
1960.313 491.0864
1960.806 491.1921
1960.688 491.3286
1960.989 491.0797
1961.228 491.102
1961.593 491.1721
1962.042 490.7621
1962.279 490.7343
1962.401 490.8077
1962.475 490.8991
1962.367 491.2242
1962.407 491.466
1963.286 491.3671
1964.549 491.11
1965.422 491.0386
1966.121 491.7102
1965.979 492.6057
1965.822 493.6907
1965.854 494.0115
1965.109 495.7001
1964.554 497.5247
1964.23 497.9767
1964.305 497.4882
1964.444 497.479
1964.548 497.4337
1965.289 497.3547
1964.407 497.2997
1962.327 500.2771
1960.1 500.3962
1958.628 500.5264
1952.943 502.7664
1949.68 503.8016
1947.156 505.04
1945.93 506.4792
1944.585 507.9266
1945.043 508.5753
1944.944 509.1804
1944.257 509.7395
1944.897 512.824
1945.077 511.8033
1944.677 515.9388
1943.807 515.7614
1943.248 515.7
1944.085 514.5394
1943.391 515.0832
1942.87 515.3501
1942.86 515.0826
1942.592 514.2192
1941.695 514.4012
1941.712 513.1591
1940.944 513.6819
1943.323 501.615
1944.341 502.6538
1945.9 537.0347
1949.124 533.9571
1953.153 526.4059
1958.875 516.1812
2072.627 389.626
2117.449 369.5109
2135.294 371.2391
2138.51 367.0977
2150.275 367.8768
2167.221 365.4634
2172.557 366.099
2169.339 383.7145
2144.667 415.3535
2160.35 403.416
2179.281 370.162
2195.696 371.2256
2192.196 396.2038
2134.05 495.438
2100.832 526.3276
2128.066 497.6152
2132.14 502.6746
2116.003 520.4183
2117.315 524.8888
2115.07 518.3934
2116.771 515.8454
2122.843 518.4091
2125.155 516.9482
2124.768 516.0983
2126.688 512.9114
2127.169 502.6517
2127.192 504.3284
2126.945 506.152
2126.978 506.8493
2127.116 507.2864
2122.246 507.8006
2123.06 506.9056
2113.413 511.1839
2145.078 526.1051
2141.162 519.4871
2138.605 518.2001
2137.824 517.8654
2137.424 515.3129
2136.109 513.9048
2134.384 513.1837
2159.58 522.5089
2206.063 545.8047
2205.687 545.274
2194.582 540.6265
2228.987 559.3124
2224.646 560.8287
2214.134 558.0864
2204.594 555.3812
2201.977 552.59
2201.039 549.5931
2187.888 543.6102
2163.17 535.2856
2146.213 529.9557
2138.071 527.3704
2133.329 521.6069
2130.114 512.9515
2130.26 514.5551
2130.332 517.5209
2148.413 523.2543
2172.112 530.6827
2219.975 548.8279
2217.38 549.6031
2233.261 554.881
2249.521 556.4595
2256.335 564.9894
2258.689 567.8179
2258.563 567.8806
2260.603 568.2055
2263.506 545.4454
2258.607 521.2448
2152.778 529.4188
2230.315 514.0292
2182.505 503.7141
2152.144 516.3878
2176.005 505.1248
2172.978 492.5751
2156.225 498.3549
2155.029 483.2932
2167.987 477.0597
2174.813 442.7039
2169.871 530.6638
2158.955 562.0233
2147.645 572.8708
2200.37 570.2442
2222.465 558.8381
2223.013 483.5655
2205.603 445.0721
2202.034 457.0132
2162.474 479.7633
2165.242 480.7788
2162.325 477.192
2169.633 456.4878
2154.429 495.3029
2148.39 517.351
2146.363 517.7736
2143.767 515.3466
2145.228 515.2775
2143.063 522.9491
2141.671 525.2534
2140.057 525.381
2139.098 527.4171
2137.101 528.6124
2136.589 532.5975
2136.356 533.9192
2135.899 531.7054
2135.832 531.6301
2131.622 529.5826
2136.553 528.1764
2136.606 527.9233
2161.707 516.9851
2154.383 519.5635
2151.449 521.3839
2166.982 510.5887
2170.096 507.8884
2174.583 502.6436
2119.231 615.1193
2069.342 644.2684
2061.99 647.0346
2054.928 650.1915
2048.445 648.8974
2046.468 650.6039
2061.031 632.8821
2056.883 636.2576
2057.86 598.64
2082.908 524.9932
2072.608 566.8589
2070.293 587.8032
2068.596 579.4276
2077.479 534.076
2053.19 612.7166
2032.774 631.4406
2013.306 641.2743
2008.127 625.9543
1975.66 587.6431
1976.631 564.3679
2024.32 527.3492
1999.34 602.163
2041.046 521.781
2010.131 517.1951
1969.088 604.6769
1939.124 637.9485
1940.783 622.5532
1728.439 617.7373
1878.218 508.247
1819.774 501.964
1643.464 515.1817
1613.937 506.8304
1805.035 494.5981
1804.793 501.9417
1840.703 485.0669
1726.851 491.7818
1656.457 493.4004
1724.58 520.7823
1809.65 552.5953
1730.061 552.5743
1828.932 534.4618
1842.29 536.5064
1877.91 510.8957
1831.299 547.2639
1556.754 527.024
1772.978 502.5204
1844.471 494.9702
1662.569 491.5789
1655.365 491.5827
1774.875 490.2977
1615.647 482.3156
1495.525 479.6212
1714.816 484.0154
1822.191 488.304
1851.71 491.0671
1857.174 492.0365
1860.006 492.2475
1862.295 491.1484
1861.897 489.8025
1859.961 488.4503
1860.164 486.9578
1862.41 484.5431
1864.532 482.0866
1636.158 508.8884
1404.961 552.8589
1360.33 568.7365
1603.799 550.5334
1838.891 489.1638
1850.949 479.8615
1857.885 471.8511
1858.733 467.9175
1408.22 460.1823
1435.145 457.2444
1742.164 453.9808
1848.721 453.3626
1854.206 452.0871
1857.86 450.1073
1858.659 447.7158
1619.249 442.6014
1440.846 451.2344
1249.726 443.7498
1190.693 443.3488
1754.34 427.7446
1767.906 409.2461
1826.829 407.3221
1839.709 405.3929
1854.915 403.3789
1856.941 399.4531
1858.64 390.9274
1858.569 384.5682
1859.098 378.0576
1858.582 369.7594
1857.186 356.4733
1856.7 349.4095
1856.61 344.7012
1856.523 338.8892
1856.383 333.8286
1855.141 329.6224
1853.686 326.5124
1853.182 324.4233
1851.379 321.5051
1850.282 318.0228
1848.871 315.0638
1848.057 312.7759
1847.453 310.911
1847.004 309.0466
1846.438 307.195
1845.931 305.7776
1845.398 304.473
1844.896 303.3581
2190.243 308.5771
2191.159 308.0619
2192.116 307.5687
2192.766 306.964
2193.532 306.5638
2194.393 306.2568
2195.162 305.9014
2195.953 305.6094
2195.14 304.5656
2173.049 298.6387
2155.534 294.4673
2150.978 293.4002
2150.146 292.9255
2148.937 292.7892
2148.686 293.1395
2149.105 293.8087
2149.575 294.2329
2150.235 294.8395
2151.085 295.9724
2151.882 297.5789
2152.447 298.0492
2152.853 299.2028
2153.192 299.8128
2153.587 300.0669
2154.064 300.5349
2154.352 300.6022
2154.637 300.8123
2154.864 300.9066
2039.241 635.5336
2015.04 645.4678
2005.758 649.8215
2003.441 652.7911
2003.23 652.8021
2001.891 653.0462
2001.979 653.176
2027.77 452.1369
2140.545 303.8034
2159.179 301.9002
2192.828 316.0099
2209.567 529.9713
2216.279 560.5446
2218.428 565.3201
2218.603 538.6266
2218.651 560.6653
2219.282 565.9396
2210.291 455.8332
2204.523 340.8309
2190.451 315.5781
2180.971 310.2147
2174.236 308.3109
2172.298 308.2026
2171.766 308.2733
2171.771 308.4709
2171.103 308.4027
2170.211 308.7871
2170.261 411.6574
2106.622 616.0785
2094.431 552.1002
2119.049 343.5378
2134.763 315.5601
2149.315 315.7614
2156.726 317.7928
2160.284 321.1759
2160.427 322.3083
2159.524 324.2876
2159.004 323.5135
2158.909 322.8558
2158.764 322.7503
2158.488 323.442
2157.871 323.9826
2157.28 324.138
2156.546 324.5954
2156.037 326.6069
2155.821 327.8239
2156.889 328.0755
2159.801 328.5674
2161.144 329.2334
2162.302 330.2642
2162.38 330.6432
2163.829 332.5856
2167.507 335.772
2168.759 339.7556
2170.017 343.4767
2231.665 356.0348
2253.806 360.0695
2257.177 360.7284
2259.094 361.1675
2260.517 361.6377
2260.205 361.6294
2259.466 361.479
2259 361.5451
2258.3 361.6323
2257.406 361.7243
2256.097 361.6346
2254.695 361.498
2252.712 360.3392
2250.795 359.1019
2248.811 359.0285
2246.485 359.3198
2243.689 359.145
2238.455 358.7065
2231.275 359.5288
2225.129 360.6395
2218.826 361.8336
2216.799 361.175
2211.631 361.5023
2209.526 360.9839
2204.93 361.9391
2204.496 362.0045
2199.972 361.0358
2195.818 362.5527
2195.879 362.2689
2194.102 362.5861
2191.778 363.8564
2191.253 364.0127
2191.632 365.5417
2191.624 366.4867
2191.621 366.4647
2191.735 365.9553
2193.323 368.07
2193.951 369.1136
2195.292 368.1991
2195.759 368.0392
2195.58 368.058
2196.199 368.0299
2199.881 366.7842
2201.529 366.3893
2204.719 367.103
2204.634 367.126
2204.046 366.625
2203.983 366.2583
2204.836 365.8945
2206.376 365.5827
2209.142 365.5197
2209.849 365.4907
2213.068 367.1064
2215.1 367.5015
2215.549 367.591
2216.672 367.4945
2217.362 367.0859
2218.22 367.0858
2219.061 366.7801
2219.703 366.0552
2219.831 365.8317
2220.314 366.09
2221.239 366.2464
2222.003 366.4959
2223.188 366.9098
2223.729 367.0837
2225.403 367.5983
2226.379 368.0687
2227.074 368.4129
2227.133 368.4995
2227.311 368.6331
2227.3 368.6911
2227.188 368.7186
2226.518 368.5894
2203.233 366.1468
2186.053 366.5645
2180.109 365.0474
2177.747 364.2603
2176.997 364.2435
2178.03 363.8511
2179.252 363.8506
2179.764 363.9334
2180.152 363.9759
2182.244 361.5135
2182.723 361.6523
2183.067 362.1803
2184.004 361.9935
2184.805 362.0622
2186.156 362.2451
2186.81 362.3543
2188.267 362.8848
2190.625 362.9237
2191.505 362.8302
2192.558 362.355
2192.193 362.1295
2192.728 361.6349
2194.777 360.6351
2195.313 360.2456
2195.773 360.9673
2196.932 358.4329
2197.072 358.9811
2196.049 359.4216
2195.376 359.7695
2195.032 360.2536
2194.84 360.501
2193.599 363.652
2192.409 366.333
2191.384 366.4937
2189.504 364.7612
2190.957 364.2399
2190.802 364.257
2190.346 364.2658
2188.175 365.0103
2183.531 367.3164
2027.497 381.0861
1860.168 420.8496
2041.75 390.2809
2165.563 381.6035
2176.645 374.0186
2178.719 371.5223
2189.669 373.1646
2196.924 374.8711
2205.965 378.1029
2207.643 379.7941
2207.875 380.3887
2207.682 380.7961
2206.722 381.5832
2205.851 381.9873
2206.235 382.432
2206.507 382.8434
2206.68 383.1968
2207.627 383.5734
2208.677 384.4502
2208.901 384.723
2209.726 385.1639
2209.673 385.7432
2209.616 385.759
2209.264 385.7547
2209.415 385.6538
2209.56 385.5939
2209.946 385.567
2210.446 385.5304
2210.975 385.543
2211.542 385.5984
2212.33 385.721
2212.629 385.8029
2213.004 382.5026
2211.084 360.5208
2206.409 342.6486
2197.578 331.6129
2188.239 324.9834
2188 326.6128
2187.149 326.3768
2186.751 326.104
2185.911 325.3216
2186.174 325.7224
2185.114 324.4912
2186.198 325.9586
2186.846 326.7523
2186.993 327.0701
2187.184 327.3351
2187.396 327.6463
2187.806 328.1278
2187.99 328.4294
2188.13 328.6437
2188.338 328.9017
2188.136 328.6968
2188.156 328.7028
2188.181 328.7158
2188.195 328.7263
2188.303 328.8174
2188.432 329.0649
2188.532 329.881
2178.854 328.2116
2172.918 326.8875
2159.923 324.1317
2155.944 323.8975
2153.962 323.8454
2152.422 323.7158
2150.513 324.0012
2150.527 327.3377
2150.964 328.285
2150.554 329.2526
2149.457 330.6729
2148.956 331.1919
2147.564 332.1359
2146.865 333.0392
2147.472 336.0555
2147.64 336.9432
2147.748 337.3192
2148.167 337.8006
2148.457 338.2207
2148.757 338.5423
2149.047 339.036
2147.466 340.7518
2151.616 338.1818
2151.819 338.1177
2151.942 338.0135
2151.943 337.8973
2151.845 337.8237
2151.637 337.8174
2151.375 337.8379
2151.134 337.8727
2150.84 337.8919
2150.597 337.8831
2150.427 337.8827
2150.26 337.9059
2150.101 337.9517
2149.941 338.0192
2149.764 338.0846
2149.569 338.1312
2118.503 379.4574
2137.249 376.011
2039.521 423.9862
2092.597 454.3961
2143.366 468.6693
2148.858 458.6012
1844.749 302.396
1807.825 371.8224
1807.83 370.9199
1746.847 460.0923
1767.305 407.4303
1767.565 416.235
1786.864 327.3516
1784.847 320.9927
1705.179 449.645
1726.876 384.9893
1740.157 328.9557
1721.563 333.9894
1685.827 441.5524
1716.233 351.7668
1736.743 312.9341
1712.188 403.5177
1721.134 369.1895
1742.149 322.8927
1755.191 312.4935
1759.547 310.8981
1762.824 311.0882
1763.943 311.1808
1764.68 311.1869
1766.282 311.5203
1766.559 311.3735
1767.174 311.6139
1767.643 311.6571
1768.255 311.8076
1768.595 311.904
1768.903 311.8664
1769.336 312.1673
1769.878 312.8809
1770.613 313.963
1770.932 314.5535
1770.928 314.7183
1771.379 315.2479
1771.632 315.543
1771.978 315.6509
1772.604 315.8542
1772.841 316.0399
1773.529 316.3271
1765.488 408.8208
1768.717 367.1579
1771.775 338.3031
1772.627 331.1064
1774.57 321.9906
1775.57 320.3532
1776.499 319.9694
1777.545 319.5132
1778.108 319.3249
1778.598 319.4525
1779.052 319.8799
1779.608 320.3483
1780.045 320.5204
1780.273 320.7373
1780.354 321.0947
1780.555 321.2414
1773.454 380.3475
1774.677 367.7778
1776.282 350.4891
1777.432 339.1147
1778.073 333.5305
1778.187 333.1792
1777.99 333.6239
1778.278 332.4932
1778.152 330.9328
1777.912 330.438
1777.532 330.3152
1777.215 330.3643
1776.741 330.5002
1776.648 331.0648
1777.089 334.0817
1777.66 336.3405
1778.859 337.6462
1781.4 338.3353
1782.646 338.6608
1783.598 338.944
1785.025 339.6646
1787.877 342.4235
1791.235 347.8014
1792.677 350.5684
1794.212 355.5016
1844.554 357.0091
1882.022 357.4614
1888.789 357.5889
1891.167 357.4779
1892.058 357.3859
1891.081 357.4813
1889.198 357.5104
1888.071 357.5854
1886.907 357.8281
1884.749 358.2697
1882.94 358.4907
1881.156 358.7907
1878.883 359.2097
1877.368 359.2217
1873.928 359.3704
1870.505 359.5604
1866.46 360.1771
1861.772 360.9432
1857.287 361.7664
1852.848 362.7601
1847.647 363.7723
1843.793 364.3734
1840.321 364.8004
1836.721 365.6517
1832.635 366.7946
1829.627 367.2754
1826.67 367.5601
1823.596 368.4121
1821.838 368.6418
1819.793 369.13
1818.547 369.1317
1817.462 369.2773
1816.504 369.5666
1815.852 370.5461
1815.462 371.1572
1815.129 371.6841
1814.996 371.9157
1815.015 372.1108
1815.734 372.1978
1816.652 372.318
1816.515 372.3633
1817.099 372.548
1819.404 373.2378
1821.799 373.2106
1231.374 383.1846
1138.707 388.1214
1127.515 384.7275
1134.347 381.7987
1137.485 379.7313
1138.956 378.8889
1125.457 382.0264
1123.51 382.6628
1120.449 383.7811
1456.683 347.2541
1805.213 354.2676
1842.694 366.3201
1845.236 369.6385
1847.652 373.1761
1849.497 373.7139
1851.258 373.5428
1852.283 373.5264
1855.052 373.123
1855.512 373.8304
1855.941 374.5575
1857.813 374.8569
1859.16 374.7518
1861.257 374.5864
1862.255 374.473
1863.016 374.9341
1865.121 374.8164
1866.988 374.8058
1868.406 375.0378
1868.759 375.2083
1867.767 374.8927
1854.843 373.0776
1825.52 371.9158
1818.641 371.8797
1809.008 371.7556
1806.705 371.7743
1805.582 371.7642
1806.565 371.891
1806.801 371.9236
1807.055 371.9227
1807.974 371.6805
1808.545 371.3636
1809.259 370.6351
1809.759 370.5319
1810.119 370.3586
1810.406 370.1667
1810.47 370.118
1810.81 370.0646
1811.584 369.9108
1812.443 369.771
1813.905 369.2194
1815.6 368.3849
1816.879 368.3794
1818.076 369.0158
1818.653 369.1431
1819.207 369.0791
1819.933 369.2801
1819.828 369.6733
1819.594 371.1217
1819.797 372.2798
1819.85 371.9618
1819.854 371.8073
1819.885 372.1769
1819.851 372.4196
1819.755 372.6009
1819.567 373.3351
1819.515 373.5405
1819.573 373.6908
1819.548 374.308
1819.453 375.1463
1819.181 377.4718
1430.864 408.9909
1352.048 424.5908
1345.782 438.4863
1344.129 443.2769
1343.739 445.0169
1335.263 479.2328
1648.916 451.6035
1763.474 438.1964
1831.856 413.8102
1846.053 399.9899
1849.03 398.049
1849.524 398.1693
1851.994 398.2891
1852.191 398.8009
1851.16 400.0186
1851.585 400.1304
1853.258 398.5211
1853.919 397.3464
1854.4 397.7137
1854.419 398.2664
1854.827 398.8965
1855.87 399.5702
1855.811 399.6356
1856.855 400.1802
1857.303 400.4476
1857.483 400.4367
1857.899 400.3698
1858.098 400.6143
1858.207 400.7966
1858.381 400.8302
1858.421 401.9696
1858.501 401.9955
1858.76 397.9005
1858.775 365.6242
1859.711 323.7596
1860.238 316.6722
1861.059 317.5912
1861.545 322.0127
1862.143 324.2734
1862.6 324.2912
1863.719 323.6429
1864.39 323.557
1865.021 323.283
1865.828 323.0915
1867.026 322.8971
1868.358 323.6021
1868.821 324.1576
1869.79 324.5451
1870.837 325.9538
1871.428 327.2575
1872.165 328.3462
1872.601 328.9675
1872.912 329.3491
1873.144 329.2708
1873.254 329.1592
1873.397 329.0208
1873.502 328.7821
1873.534 328.5571
1873.511 328.4388
1868.365 327.9935
1863.531 327.6848
1849.872 326.6328
1844.339 326.2292
1840.836 325.978
1838.959 325.7009
1837.727 325.314
1837.222 325.2498
1836.798 325.3049
1835.447 325.9655
1834.662 327.2627
1834.336 328.237
1833.308 331.4505
1832.201 334.2469
1831.077 337.1011
1829.554 339.1768
1828.655 339.9497
1827.632 340.3154
1827.1 340.7197
1826.845 341.0462
1826.809 341.8125
1550.252 389.548
1765.458 422.265
1765.582 422.1834
1765.676 422.0511
1765.693 421.8968
1765.617 421.7596
1765.503 421.7007
1765.327 421.7241
1765.107 421.7733
1764.916 421.8366
1809.054 519.3203
1808.828 519.3197
1808.657 519.3195
1808.49 519.3399
1808.34 519.3855
1808.226 519.4668
1808.143 519.5669
1721.271 435.4168
1805.897 427.4852
1813.557 429.6699
1813.07 436.7169
1814.919 456.8616
1813.064 461.5552
1815.289 463.6599
