2400 480
2400 480
2400 480
2400 480
2400 480
2400 480
2400 480
2400 480
2400 480
2400 480
2400 480
2400 480
2400 480
2400 480
2400 480
2400 480
2400 480
2400 480
2400 480
2400 480
2400 480
2400 480
2400 480
2400 480
2400 480
2400 480
2400 480
2400 480
2400 480
2400 480
2400 480
2400 480
2400 480
2400 480
2400 480
2400 480
2400 480
2400 480
2400 480
2400 480
2400 480
2400 480
2400 480
2400 480
2400 480
2400 480
2400 480
2400 480
2400 480
2400 480
2400 480
2400 480
2400 480
2400 480
2400 480
2400 480
2400 480
2400 480
2400 480
2400 480
2400 480
2400 480
2400 480
2400 480
2400 480
2400 480
2400 480
2400 480
2400 480
2400 480
2400 480
2400 480
2400 480
2400 480
2400 480
2400 480
2400 480
2400 480
2400 480
2400 480
2400 480
2400 480
2400 480
2400 480
2400 480
2400 480
2400 480
2400 480
2400 480
2400 480
2400 480
2400 480
2400 480
2400 480
2400 480
2400 480
2400 480
2400 480
2400 480
2400 480
2400 480
2400 480
2400 480
2400 480
2400 480
2400 480
2400 480
2400 480
2400 480
2400 480
2400 480
2400 480
2400 480
2400 480
2400 480
2400 480
2400 480
2400 480
2400 480
2400 480
2400 480
2400 480
2400 480
2400 480
2400 480
2400 480
2400 480
2400 480
2400 480
2400 480
2400 480
2400 480
2400 480
2400 480
2400 480
2400 480
2400 480
2400 480
2400 480
2400 480
2400 480
2400 480
2400 480
2400 480
2400 480
2400 480
2400 480
2400 480
2400 480
2400 480
2400 480
2400 480
2400 480
2400 480
2400 480
2400 480
2400 480
2400 480
2400 480
2400 480
2400 480
2400 480
2400 480
2400 480
2400 480
2400 480
2400 480
2400 480
2400 480
2400 480
2400 480
2400 480
2400 480
2400 480
2400 480
2400 480
2400 480
2400 480
2400 480
2400 480
2400 480
2400 480
2400 480
2400 480
2400 480
2400 480
2400 480
2400 480
2400 480
2400 480
2400 480
2400 480
2400 480
2400 480
2400 480
2400 480
2400 480
2400 480
2400 480
2400 480
2400 480
2400 480
2400 480
2400 480
2400 480
2400 480
2400 480
2400 480
2400 480
2400 480
2400 480
2400 480
2400 480
2400 480
2400 480
2400 480
2400 480
2400 480
2400 480
2400 480
2400 480
2400 480
2400 480
2400 480
2400 480
2400 480
2400 480
2400 480
2400 480
2400 480
2400 480
2400 480
2400 480
2400 480
2400 480
2400 480
2400 480
2400 480
2400 480
2400 480
2400 480
2400 480
2400 480
2400 480
2400 480
2400 480
2400 480
2400 480
2400 480
2400 480
2400 480
2400 480
2400 480
2400 480
2400 480
2400 480
2400 480
2400 480
2400 480
2400 480
2400 480
2400 480
2400 480
2396.155 480
2394.889 480
2387.176 480
2387.176 480
2378.164 480
2373.013 480
2365.3 480
2356.288 480
2347.276 480
2339.563 480
2330.552 480
2322.838 480
2318.994 480
2311.281 480
2307.436 480
2299.723 480
2299.723 480
2299.723 480
2299.723 480
2299.723 480
2295.878 480
2292.034 480
2284.321 480
2267.588 480
2243.14 480
2218.691 480
2195.545 480
2171.096 480
2147.95 480
2119.642 480
2095.194 480
2074.605 480
2051.458 480
2043.746 480
2032.173 480
2023.161 480
2015.448 480
2011.603 480
2007.758 480
2003.913 480
1996.201 480
1988.488 480
1980.775 480
1976.93 480
1969.218 480
1960.206 480
1952.493 480
1948.648 480
1937.075 480
1929.362 480
1913.931 480
1902.357 480
1890.784 480
1877.907 480
1862.476 480
1854.763 480
1847.05 480
1835.477 480
1823.904 480
1812.331 480
1793.042 480
1785.329 480
1772.452 480
1760.879 480
1753.166 480
1741.593 480
1733.88 480
1722.307 480
1714.595 480
1703.021 480
1695.309 480
1683.736 480
1676.023 480
1664.45 480
1650.326 480
1642.613 480
1631.048 480
1623.347 480
1615.645 480
1613.113 480
1605.401 480
1597.688 480
1591.274 480
1579.7 480
1568.127 480
1557.859 480
1547.591 480
1536.018 480
1521.894 480
1514.181 480
1502.608 480
1492.34 480
1482.072 480
1474.359 480
1467.945 480
1460.232 480
1449.972 480
1446.127 480
1438.415 480
1435.883 480
1432.038 480
1424.325 480
1421.793 480
1417.948 480
1410.235 480
1406.391 480
1406.391 480
1406.391 480
1402.546 480
1400.014 480
1397.481 480
1397.481 480
1393.636 480
1389.792 480
1387.26 480
1379.547 480
1377.015 480
1373.17 480
1373.17 480
1365.457 480
1368.058 480
1360.346 480
1360.346 480
1353.932 480
1350.087 480
1347.555 480
1339.842 480
1341.108 480
1338.576 480
1334.731 480
1334.731 480
1334.731 480
1334.731 480
1334.731 480
1334.731 480
1334.731 480
1334.731 480
1334.731 480
1334.731 480
1334.731 480
1334.731 480
1334.731 480
1334.731 480
1330.886 480
1330.886 480
1330.886 480
1330.886 480
1330.886 480
1330.886 480
1330.886 480
1330.886 480
1330.886 480
1330.886 480
1330.886 480
1330.886 480
1330.886 480
1330.886 480
1330.886 480
1330.886 480
1330.886 480
1330.886 480
1330.886 480
1330.886 480
1330.886 480
1330.886 480
1330.886 480
1330.886 480
1330.886 480
1330.886 480
1330.886 480
1330.886 480
1330.886 480
1330.886 480
1330.886 480
1330.886 480
1330.886 480
1330.886 480
1330.886 480
1330.886 480
1330.886 480
1330.886 480
1330.886 480
1330.886 480
1330.886 480
1330.886 480
1330.886 480
1330.886 480
1330.886 480
1330.886 480
1330.886 480
1330.886 480
1330.886 480
1330.886 480
1330.886 480
1330.886 480
1330.886 480
1330.886 480
1330.886 480
1330.886 480
1330.886 480
1330.886 480
1330.886 480
1330.886 480
1330.886 480
1330.886 480
1330.886 480
1330.886 480
1330.886 480
1330.886 480
1330.886 480
1330.886 480
1330.886 480
1330.886 480
1330.886 480
1330.886 480
1330.886 480
1330.886 480
1330.886 480
1330.886 480
1330.886 480
1330.886 480
1330.886 480
1330.886 480
1330.886 480
1330.886 480
1330.886 480
1330.886 480
1330.886 480
1330.886 480
1330.886 480
1330.886 480
1330.886 480
1330.886 480
1330.886 480
1330.886 480
1330.886 480
1330.886 480
1330.886 480
1330.886 480
1330.886 480
1330.886 480
1330.886 480
1330.886 480
1330.886 480
1330.886 480
1330.886 480
1330.886 480
1330.886 480
1330.886 480
1330.886 480
1330.886 480
1330.886 480
1330.886 480
1330.886 480
1330.886 480
1330.886 480
1330.886 480
1330.886 480
1330.89 481.3426
1330.923 484.0335
1331 487.0703
1331.118 490.1068
1331.259 492.7968
1331.457 495.8322
1331.667 498.5154
1331.91 501.198
1332.54 506.9199
1333.374 512.9872
1334.563 520.0375
1335.987 527.0772
1336.755 530.4482
1337.741 534.4542
1338.177 536.1299
1338.901 538.7973
1338.901 538.7973
1339.275 540.1273
1339.275 540.1273
1339.275 540.1273
1339.275 540.1273
1339.275 540.1273
1339.275 540.1273
1339.275 540.1273
1339.275 540.1273
1339.659 541.4567
1339.659 541.4567
1339.659 541.4567
1339.746 541.7539
1340.545 544.4162
1340.545 544.4162
1340.958 545.7436
1340.958 545.7436
1341.379 547.0704
1341.379 547.0704
1341.81 548.3965
1342.25 549.7219
1342.25 549.7219
1342.816 551.3887
1343.277 552.7125
1343.277 552.7125
1343.277 552.7125
1344.228 555.3635
1344.228 555.3635
1344.228 555.3635
1344.717 556.6851
1344.717 556.6851
1344.717 556.6851
1345.345 558.347
1345.345 558.347
1345.345 558.347
1345.345 558.347
1345.345 558.347
1345.345 558.347
1345.345 558.347
1345.345 558.347
1345.345 558.347
1345.345 558.347
1345.345 558.347
1345.345 558.347
1345.345 558.347
1345.345 558.347
1345.345 558.347
1345.345 558.347
1345.345 558.347
1345.345 558.347
1345.345 558.347
1345.345 558.347
1345.345 558.347
1345.345 558.347
1345.345 558.347
1345.345 558.347
1345.345 558.347
1345.345 558.347
1345.345 558.347
1345.345 558.347
1345.345 558.347
1345.345 558.347
1345.345 558.347
1345.345 558.347
1345.345 558.347
1345.345 558.347
1345.345 558.347
1345.345 558.347
1345.345 558.347
1345.345 558.347
1345.345 558.347
1345.345 558.347
1345.345 558.347
1345.345 558.347
1345.345 558.347
1345.345 558.347
1345.345 558.347
1345.345 558.347
1345.345 558.347
1345.345 558.347
1345.345 558.347
1345.345 558.347
1345.345 558.347
1345.345 558.347
1345.345 558.347
1345.345 558.347
1345.345 558.347
1345.345 558.347
1345.345 558.347
1345.345 558.347
1345.345 558.347
1345.345 558.347
1345.345 558.347
1345.345 558.347
1345.345 558.347
1345.345 558.347
1345.345 558.347
1345.345 558.347
1345.345 558.347
1345.345 558.347
1345.345 558.347
1345.345 558.347
1345.345 558.347
1345.345 558.347
1345.345 558.347
1345.345 558.347
1345.345 558.347
1345.345 558.347
1345.345 558.347
1345.345 558.347
1345.345 558.347
1345.345 558.347
1345.345 558.347
1345.345 558.347
1345.345 558.347
1345.345 558.347
1345.345 558.347
1345.345 558.347
1345.345 558.347
1345.345 558.347
1345.345 558.347
1345.345 558.347
1345.345 558.347
1345.345 558.347
1345.345 558.347
1345.345 558.347
1345.345 558.347
1345.345 558.347
1345.345 558.347
1345.345 558.347
1345.345 558.347
1345.345 558.347
1345.345 558.347
1345.345 558.347
1345.345 558.347
1345.345 558.347
1345.345 558.347
1345.345 558.347
1345.345 558.347
1345.345 558.347
1345.345 558.347
1345.345 558.347
1345.345 558.347
1345.345 558.347
1345.345 558.347
1345.345 558.347
1345.345 558.347
1345.345 558.347
1345.345 558.347
1345.345 558.347
1345.345 558.347
1345.345 558.347
1345.345 558.347
1345.345 558.347
1345.345 558.347
1345.345 558.347
1345.345 558.347
1345.345 558.347
1345.345 558.347
1345.345 558.347
1345.345 558.347
1345.345 558.347
1345.345 558.347
1345.345 558.347
1345.345 558.347
1345.345 558.347
1345.345 558.347
1345.345 558.347
1345.345 558.347
1345.345 558.347
1345.345 558.347
1345.345 558.347
1345.345 558.347
1345.345 558.347
1345.345 558.347
1345.345 558.347
1345.345 558.347
1345.345 558.347
1345.345 558.347
1345.345 558.347
1345.345 558.347
1345.345 558.347
1345.345 558.347
1345.345 558.347
1345.345 558.347
1345.345 558.347
1345.345 558.347
1345.345 558.347
1345.345 558.347
1345.345 558.347
1345.345 558.347
1345.345 558.347
1345.345 558.347
1345.345 558.347
1345.345 558.347
1345.345 558.347
1345.345 558.347
1345.345 558.347
1345.345 558.347
1345.345 558.347
1345.345 558.347
1345.345 558.347
1345.345 558.347
1345.345 558.347
1345.345 558.347
1345.345 558.347
1345.345 558.347
1345.345 558.347
1345.345 558.347
1345.345 558.347
1345.345 558.347
1345.345 558.347
1345.345 558.347
1345.345 558.347
1345.345 558.347
1345.345 558.347
1345.345 558.347
1345.345 558.347
1345.345 558.347
1345.345 558.347
1345.345 558.347
1345.345 558.347
1345.345 558.347
1345.345 558.347
1345.345 558.347
1345.345 558.347
1345.345 558.347
1345.345 558.347
1345.345 558.347
1345.345 558.347
1345.345 558.347
1345.345 558.347
1345.345 558.347
1345.345 558.347
1345.345 558.347
1345.345 558.347
1345.345 558.347
1345.345 558.347
1345.345 558.347
1345.345 558.347
1345.345 558.347
1345.345 558.347
1345.345 558.347
1345.345 558.347
1345.345 558.347
1345.345 558.347
1345.345 558.347
1345.345 558.347
1345.345 558.347
1345.345 558.347
1345.345 558.347
1345.345 558.347
1345.345 558.347
1345.345 558.347
1345.345 558.347
1345.345 558.347
1345.345 558.347
1345.345 558.347
1345.345 558.347
1345.345 558.347
1345.345 558.347
1345.345 558.347
1345.345 558.347
1345.345 558.347
1345.345 558.347
1345.345 558.347
1345.345 558.347
1345.345 558.347
1345.345 558.347
1345.345 558.347
1345.345 558.347
1345.345 558.347
1345.345 558.347
1345.345 558.347
1345.345 558.347
1345.345 558.347
1345.345 558.347
1345.345 558.347
1345.345 558.347
1345.345 558.347
1345.345 558.347
1345.345 558.347
1345.345 558.347
1345.345 558.347
1345.345 558.347
1345.345 558.347
1345.345 558.347
1345.345 558.347
1345.345 558.347
1345.345 558.347
1345.345 558.347
1345.345 558.347
1345.345 558.347
1345.345 558.347
1345.345 558.347
1345.345 558.347
1345.345 558.347
1345.345 558.347
1345.345 558.347
1345.345 558.347
1345.345 558.347
1345.345 558.347
1345.345 558.347
1345.345 558.347
1345.345 558.347
1345.345 558.347
1345.345 558.347
1345.345 558.347
1345.345 558.347
1345.345 558.347
1345.345 558.347
1345.345 558.347
1345.345 558.347
1345.345 558.347
1345.345 558.347
1345.345 558.347
1345.345 558.347
1345.345 558.347
1345.345 558.347
1345.345 558.347
1345.345 558.347
1345.345 558.347
1345.345 558.347
1345.345 558.347
1345.345 558.347
1345.345 558.347
1345.345 558.347
1345.345 558.347
1345.345 558.347
1345.345 558.347
1345.345 558.347
1345.345 558.347
1345.345 558.347
1345.345 558.347
1345.345 558.347
1345.345 558.347
1345.345 558.347
1345.345 558.347
1345.345 558.347
1345.345 558.347
1345.345 558.347
1345.345 558.347
1345.345 558.347
1345.345 558.347
1345.345 558.347
1345.345 558.347
1345.345 558.347
1345.345 558.347
1345.345 558.347
1345.345 558.347
1345.345 558.347
1345.345 558.347
1345.345 558.347
1345.345 558.347
1345.345 558.347
1345.345 558.347
1345.345 558.347
1345.345 558.347
1345.345 558.347
1345.345 558.347
1345.345 558.347
1345.345 558.347
1345.345 558.347
1345.345 558.347
1345.345 558.347
1345.345 558.347
1345.345 558.347
1345.345 558.347
1345.345 558.347
1345.345 558.347
1345.345 558.347
1345.345 558.347
1345.345 558.347
1345.345 558.347
1345.345 558.347
1345.345 558.347
1345.345 558.347
1345.345 558.347
1345.345 558.347
1345.345 558.347
1345.345 558.347
1345.345 558.347
1345.345 558.347
1345.345 558.347
1345.345 558.347
1345.345 558.347
1345.345 558.347
1345.345 558.347
1345.345 558.347
1345.345 558.347
1345.345 558.347
1345.345 558.347
1345.345 558.347
1345.345 558.347
1345.345 558.347
1345.345 558.347
1345.345 558.347
1345.345 558.347
1345.345 558.347
1345.345 558.347
1345.345 558.347
1345.345 558.347
1345.345 558.347
1345.345 558.347
1345.345 558.347
1345.345 558.347
1345.345 558.347
1345.345 558.347
1345.345 558.347
1345.345 558.347
1345.345 558.347
1345.345 558.347
1345.345 558.347
1345.345 558.347
1345.345 558.347
1345.345 558.347
1345.345 558.347
1345.345 558.347
1345.345 558.347
1345.345 558.347
1345.345 558.347
1345.345 558.347
1345.345 558.347
1345.345 558.347
1345.345 558.347
1345.345 558.347
1345.345 558.347
1345.345 558.347
1345.345 558.347
1345.345 558.347
1345.345 558.347
1345.345 558.347
1345.345 558.347
1345.345 558.347
1345.345 558.347
1345.345 558.347
1345.345 558.347
1345.345 558.347
1345.345 558.347
1345.345 558.347
1345.345 558.347
1345.345 558.347
1345.345 558.347
1345.345 558.347
1345.345 558.347
1345.345 558.347
1345.345 558.347
1345.345 558.347
1345.345 558.347
1345.345 558.347
1345.345 558.347
1345.345 558.347
1345.345 558.347
1345.345 558.347
1345.345 558.347
1345.345 558.347
1345.345 558.347
1345.345 558.347
1345.345 558.347
1345.345 558.347
1345.345 558.347
1345.345 558.347
1345.345 558.347
1345.345 558.347
1345.345 558.347
1345.345 558.347
1345.345 558.347
1345.345 558.347
1345.345 558.347
1345.345 558.347
1345.345 558.347
1345.345 558.347
1345.345 558.347
1345.345 558.347
1345.345 558.347
1345.345 558.347
1345.345 558.347
1345.345 558.347
1345.345 558.347
1345.345 558.347
1345.345 558.347
1345.345 558.347
1345.345 558.347
1345.345 558.347
1345.345 558.347
1345.345 558.347
1345.345 558.347
1345.345 558.347
1337.118 558.347
1328.892 558.347
1317.166 558.347
1300.712 558.347
1284.876 558.347
1268.422 558.347
1248.471 558.347
1227.904 558.347
1215.564 558.347
1199.11 558.347
1186.77 558.347
1170.316 558.347
1166.203 558.347
1153.863 558.347
1149.749 558.347
1141.523 558.347
1137.409 558.347
1133.296 558.347
1129.182 558.347
1125.069 558.347
1125.069 558.347
1120.956 558.347
1120.956 558.347
1116.864 558.347
1108.637 558.347
1108.637 558.347
1104.524 558.347
1104.524 558.347
1104.524 558.347
1100.411 558.347
1099.814 558.347
1091.587 558.347
1091.587 558.347
1087.474 558.347
1082.755 558.347
1082.755 558.347
1078.642 558.347
1074.528 558.347
1069.81 558.347
1065.092 558.347
1065.092 558.347
1056.865 558.347
1052.752 558.347
1048.638 558.347
1043.92 558.347
1035.693 558.347
1027.477 558.347
1019.25 558.347
1014.532 558.347
1010.419 558.347
1001.576 558.347
997.4627 558.347
992.7443 558.347
984.5175 558.347
975.675 558.347
967.4482 558.347
958.6058 558.347
954.4925 558.347
950.3792 558.347
949.7822 558.347
945.6689 558.347
945.6689 558.347
945.6689 558.347
945.6689 558.347
945.6689 558.347
945.6689 558.347
945.6689 558.347
945.6689 558.347
945.6689 558.347
945.6689 558.347
945.6689 558.347
945.6689 558.347
945.6689 558.347
945.6689 558.347
945.6689 558.347
945.6689 558.347
945.6689 558.347
945.6689 558.347
945.6689 558.347
945.6689 558.347
945.6689 558.347
945.6689 558.347
945.6689 558.347
945.6689 558.347
945.6689 558.347
945.6689 558.347
945.6689 558.347
945.6689 558.347
945.6689 558.347
945.6689 558.347
945.6689 558.347
945.6689 558.347
945.6689 558.347
945.6689 558.347
945.6689 558.347
945.6689 558.347
945.6689 558.347
945.6689 558.347
945.6689 558.347
945.6689 558.347
945.6689 558.347
945.6689 558.347
945.6689 558.347
945.6689 558.347
945.6689 558.347
945.6689 558.347
945.6689 558.347
945.6689 558.347
945.6689 558.347
945.6689 558.347
945.6689 558.347
945.6689 558.347
945.6689 558.347
945.6689 558.347
945.6689 558.347
945.6689 558.347
945.6689 558.347
945.6689 558.347
945.6689 558.347
945.6689 558.347
945.6689 558.347
945.6689 558.347
945.6689 558.347
945.6689 558.347
945.6689 558.347
945.6689 558.347
945.6689 558.347
945.6689 558.347
945.6689 558.347
945.6689 558.347
945.6689 558.347
945.6689 558.347
945.6689 558.347
945.6689 558.347
945.6689 558.347
945.6689 558.347
945.6689 558.347
945.6689 558.347
945.6689 558.347
945.6689 558.347
945.6689 558.347
945.6689 558.347
945.6689 558.347
945.6689 558.347
945.6689 558.347
945.6689 558.347
945.6689 558.347
945.6689 558.347
945.6689 558.347
945.6689 558.347
945.6689 558.347
945.6689 558.347
945.6689 558.347
945.6689 558.347
945.6689 558.347
945.6689 558.347
945.6689 558.347
945.6689 558.347
945.6689 558.347
945.6689 558.347
945.6689 558.347
945.6689 558.347
945.6689 558.347
945.6689 558.347
945.6689 558.347
945.6689 558.347
945.6689 558.347
945.6689 558.347
945.6689 558.347
945.6689 558.347
945.6689 558.347
945.6689 558.347
945.6689 558.347
945.6689 558.347
945.6689 558.347
